Name: 100-30-50
Time: 8.130197286605835 
Result: 9
Solution:  0 3 3 2 1 1 4 3 4 4 5 3 2 9 2 4 2 5 4 8 3 3 0 1 5 10 0 0 5 11 7 11 0 3 8 11 2 5 8 1 6 15 6 9 10 13 0 4 6 11 9 11 7 8 8 6 13 13 14 10 8 8 7 10 9 15 13 17 16 12 18 14 15 15 12 17 9 17 15 10 17 14 12 16 10 18 16 15 17 14 16 12 8 16 16 17 18 17 18 15
0: 0 22 26 27 32 46 (43.0)
1: 4 5 23 39 (35.0)
2: 3 12 14 16 36 (41.0)
3: 1 2 7 11 20 21 33 (34.0)
4: 6 8 9 15 18 47 (37.0)
5: 10 17 24 28 37 (36.0)
6: 40 42 48 55 (41.0)
7: 30 52 62 (41.0)
8: 19 34 38 53 54 60 61 92 (39.0)
9: 13 43 50 64 76 (39.0)
10: 25 44 59 63 79 84 (35.0)
11: 29 31 35 49 51 (35.0)
12: 69 74 82 91 (41.0)
13: 45 56 57 66 (41.0)
14: 58 71 81 89 (42.0)
15: 41 65 72 73 78 87 99 (42.0)
16: 68 83 86 90 93 94 (43.0)
17: 67 75 77 80 88 95 97 (43.0)
18: 70 85 96 98 (36.0)
