Name: 1000-30-50
Time: 31.904497385025024 
Result: 21033
Solution:  0 1 1 3 1 3 1 5 2 2 2 5 6 4 1 0 5 6 5 2 4 4 8 6 3 13 5 8 4 7 3 9 9 8 14 4 3 18 10 17 11 11 8 7 8 18 10 16 12 13 11 17 12 11 5 12 15 14 12 15 16 8 21 14 15 11 11 22 21 19 16 13 18 16 17 17 19 18 20 18 12 14 19 26 16 18 24 19 20 26 27 16 23 20 29 21 15 19 23 24 25 22 19 30 31 27 33 32 27 25 19 23 28 27 24 25 29 32 33 22 37 33 30 29 34 33 36 30 30 36 27 23 28 35 42 32 33 40 33 30 34 37 41 31 30 33 37 36 40 37 37 35 33 38 39 45 32 38 39 38 41 45 42 40 39 47 39 35 46 47 45 41 41 47 43 39 44 39 49 47 44 44 47 42 43 43 46 46 48 47 46 50 53 39 51 52 53 47 49 45 52 44 51 45 54 48 49 56 57 54 49 56 45 50 50 48 55 46 53 53 56 60 50 55 51 61 57 51 57 51 55 54 62 56 57 55 60 57 64 51 64 57 58 51 57 56 60 58 58 59 63 63 57 62 58 63 57 56 59 61 69 56 57 65 62 64 67 64 54 67 65 71 64 64 69 70 61 65 65 65 59 70 71 73 65 68 67 67 65 63 69 70 69 69 75 68 71 71 69 68 66 72 71 66 70 71 69 66 69 72 71 70 71 76 72 76 68 73 71 74 71 75 76 77 74 78 77 75 73 71 76 75 73 80 75 79 76 70 77 81 75 73 75 82 80 73 78 81 81 78 80 79 76 83 79 73 73 81 83 83 82 79 86 83 89 88 85 83 82 85 83 84 82 82 86 81 79 86 82 84 89 86 84 86 89 87 82 88 87 87 93 89 95 88 91 87 94 91 86 85 84 84 85 89 95 85 91 92 89 93 87 93 99 94 95 97 92 91 91 92 96 91 97 93 90 93 92 99 92 94 90 96 93 90 102 102 98 97 95 92 101 97 97 98 100 94 93 96 100 98 98 102 96 102 103 101 105 106 101 104 101 96 102 103 106 97 103 110 103 109 99 106 104 109 98 114 106 97 111 108 106 107 110 104 105 108 105 104 107 105 104 106 108 104 111 109 113 110 112 112 111 109 109 111 114 108 111 112 110 109 117 118 106 116 119 113 107 114 108 112 123 114 107 112 113 116 119 116 107 115 120 116 117 117 117 110 116 116 119 121 118 113 117 120 120 116 112 117 120 118 129 125 128 115 122 117 115 122 115 121 122 121 118 129 127 126 118 126 121 124 119 123 125 123 123 126 127 127 129 123 128 122 127 128 117 125 122 122 127 131 127 129 136 135 124 129 134 133 136 128 136 135 131 128 126 125 131 127 129 130 140 131 130 133 132 137 135 132 134 141 133 135 134 130 130 134 136 135 135 131 133 139 133 134 136 134 137 137 135 132 139 132 138 131 143 138 139 138 145 134 137 141 138 140 142 140 143 139 137 139 145 146 139 145 145 142 143 144 140 136 144 142 149 141 146 144 152 150 145 151 144 145 147 141 148 155 148 147 148 143 153 146 152 150 147 151 152 140 152 141 151 155 153 152 147 158 154 151 150 153 149 143 152 147 150 156 155 151 153 149 150 153 154 157 152 154 160 154 155 150 148 157 159 161 157 156 153 163 157 157 160 155 163 158 158 159 151 160 160 156 162 159 164 161 160 164 168 167 166 162 168 161 167 157 164 166 163 168 162 161 169 161 165 169 166 169 169 163 161 165 167 161 167 160 163 170 163 170 160 167 165 163 162 168 165 170 173 169 170 169 171 162 172 162 167 173 172 170 172 167 178 166 177 177 172 174 176 166 178 174 173 174 169 179 177 174 176 172 178 180 177 179 179 180 175 178 175 176 171 178 185 183 175 182 173 181 175 176 179 175 181 179 181 177 180 176 186 184 179 176 178 184 182 180 179 177 184 187 187 182 191 186 186 189 178 193 179 185 179 185 186 186 182 190 189 190 184 188 189 182 193 188 183 195 192 195 189 191 190 189 198 183 193 190 188 187 200 188 187 196 189 188 191 185 194 187 200 188 192 187 200 193 194 190 196 196 197 201 196 194 191 196 197 195 196 198 193 199 198 192 202 195 195 206 197 198 196 200 201 202 205 191 207 197 199 204 205 205 195 200 195 201 203 202 199 203 195 203 201 204 208 207 205 202 201 207 207 207 203 206 202 200 206 204 207 206 209 205 204 206 208 205 204 207 209 209 203 208 208 209
0: 0 15 (30.0)
1: 1 2 4 6 14 (30.0)
2: 8 9 10 19 (34.0)
3: 3 5 24 30 36 (31.0)
4: 13 20 21 28 35 (26.0)
5: 7 11 16 18 26 54 (28.0)
6: 12 17 23 (31.0)
7: 29 43 (33.0)
8: 22 27 33 42 44 61 (20.0)
9: 31 32 (31.0)
10: 38 46 (38.0)
11: 40 41 50 53 65 66 (29.0)
12: 48 52 55 58 80 (37.0)
13: 25 49 71 (31.0)
14: 34 57 63 81 (30.0)
15: 56 59 64 96 (33.0)
16: 47 60 70 73 84 91 (31.0)
17: 39 51 74 75 (32.0)
18: 37 45 72 77 79 85 (32.0)
19: 69 76 82 87 97 102 110 (32.0)
20: 78 88 93 (34.0)
21: 62 68 95 (33.0)
22: 67 101 119 (38.0)
23: 92 98 111 131 (33.0)
24: 86 99 114 (37.0)
25: 100 109 115 (32.0)
26: 83 89 (32.0)
27: 90 105 108 113 130 (33.0)
28: 112 132 (30.0)
29: 94 116 123 (30.0)
30: 103 122 127 128 139 144 (31.0)
31: 104 143 (31.0)
32: 107 117 135 156 (31.0)
33: 106 118 121 125 136 138 145 152 (30.0)
34: 124 140 (34.0)
35: 133 151 167 (31.0)
36: 126 129 147 (35.0)
37: 120 141 146 149 150 (40.0)
38: 153 157 159 (33.0)
39: 154 158 164 166 175 177 193 (34.0)
40: 137 148 163 (30.0)
41: 142 160 171 172 (36.0)
42: 134 162 183 (38.0)
43: 174 184 185 (31.0)
44: 176 180 181 201 (32.0)
45: 155 161 170 199 203 212 (33.0)
46: 168 186 187 190 217 (32.0)
47: 165 169 173 179 182 189 197 (32.0)
48: 188 205 215 (32.0)
49: 178 198 206 210 (34.0)
50: 191 213 214 222 (33.0)
51: 194 202 224 227 229 239 243 (32.0)
52: 195 200 (35.0)
53: 192 196 218 219 (38.0)
54: 204 209 231 268 (31.0)
55: 216 223 230 235 (31.0)
56: 207 211 220 233 245 257 261 (37.0)
57: 208 226 228 234 237 241 244 252 256 262 (35.0)
58: 242 247 248 254 (30.0)
59: 249 258 280 (37.0)
60: 221 236 246 (30.0)
61: 225 259 276 (31.0)
62: 232 253 264 (31.0)
63: 250 251 255 289 (40.0)
64: 238 240 265 267 272 273 (37.0)
65: 263 270 277 278 279 284 288 (36.0)
66: 300 303 307 (36.0)
67: 266 269 286 287 (34.0)
68: 285 295 299 316 (43.0)
69: 260 274 290 292 293 298 306 308 (49.0)
70: 275 281 291 304 311 337 (40.0)
71: 271 282 296 297 302 305 310 312 318 320 329 (50.0)
72: 301 309 314 (42.0)
73: 283 317 328 332 341 345 355 356 (36.0)
74: 319 324 (33.0)
75: 294 321 327 331 334 340 342 (41.0)
76: 313 315 322 330 336 352 (42.0)
77: 323 326 338 (30.0)
78: 325 346 349 (40.0)
79: 335 351 354 361 376 (39.0)
80: 333 344 350 (37.0)
81: 339 347 348 357 375 (36.0)
82: 343 360 368 372 373 378 386 (41.0)
83: 353 358 359 363 367 370 (48.0)
84: 371 379 382 400 401 (37.0)
85: 366 369 399 402 405 (34.0)
86: 362 374 377 381 383 398 (45.0)
87: 385 388 389 395 410 (41.0)
88: 365 387 393 (47.0)
89: 364 380 384 391 403 408 (38.0)
90: 424 430 433 (49.0)
91: 394 397 406 417 418 421 (41.0)
92: 407 416 419 426 428 439 (46.0)
93: 390 409 411 423 425 432 446 (42.0)
94: 396 413 429 445 (33.0)
95: 392 404 414 438 (31.0)
96: 420 431 447 452 461 (33.0)
97: 415 422 437 441 442 465 477 (42.0)
98: 436 443 449 450 474 (39.0)
99: 412 427 470 (39.0)
100: 444 448 (41.0)
101: 440 455 458 460 (38.0)
102: 434 435 451 453 462 (41.0)
103: 454 463 466 468 (32.0)
104: 459 472 483 487 490 493 (41.0)
105: 456 484 486 489 (50.0)
106: 457 464 471 476 480 491 512 (47.0)
107: 481 488 516 522 528 (39.0)
108: 479 485 492 505 518 (35.0)
109: 469 473 495 501 502 509 (50.0)
110: 467 482 497 508 535 (33.0)
111: 478 494 500 503 506 (38.0)
112: 498 499 507 519 523 546 (35.0)
113: 496 515 524 541 (41.0)
114: 475 504 517 521 (46.0)
115: 529 553 556 558 (32.0)
116: 513 525 527 531 536 537 545 (47.0)
117: 510 532 533 534 542 547 555 584 (47.0)
118: 511 540 549 562 566 (42.0)
119: 514 526 538 570 (50.0)
120: 530 543 544 548 (43.0)
121: 539 559 561 568 (50.0)
122: 554 557 560 581 586 587 (50.0)
123: 520 571 573 574 579 (41.0)
124: 569 594 (48.0)
125: 551 572 585 605 (49.0)
126: 565 567 575 604 (36.0)
127: 564 576 577 582 588 590 607 (45.0)
128: 552 580 583 599 603 (43.0)
129: 550 563 578 591 595 608 (50.0)
130: 609 612 623 624 (39.0)
131: 589 602 606 611 629 643 (46.0)
132: 614 617 639 641 (40.0)
133: 597 613 620 630 632 (49.0)
134: 596 618 622 625 633 635 649 (41.0)
135: 593 601 616 621 627 628 638 (45.0)
136: 592 598 600 626 634 669 (50.0)
137: 615 636 637 650 658 (44.0)
138: 642 645 647 652 (34.0)
139: 631 640 646 657 659 662 (40.0)
140: 610 653 655 668 697 (39.0)
141: 619 651 673 683 699 (42.0)
142: 654 665 671 (37.0)
143: 644 656 666 689 711 (45.0)
144: 667 670 675 680 (50.0)
145: 648 660 663 664 678 681 (47.0)
146: 661 674 691 (49.0)
147: 682 687 694 704 713 (39.0)
148: 684 686 688 730 (31.0)
149: 672 710 719 (43.0)
150: 677 693 708 714 720 729 (48.0)
151: 679 695 700 707 717 746 (50.0)
152: 676 692 696 698 703 712 724 (46.0)
153: 690 702 709 718 721 736 (47.0)
154: 706 722 725 727 (49.0)
155: 685 701 716 728 741 (47.0)
156: 715 735 749 (43.0)
157: 723 731 734 738 739 763 (49.0)
158: 705 743 744 (47.0)
159: 732 745 751 (34.0)
160: 726 740 747 748 754 783 788 (50.0)
161: 733 753 761 769 771 778 781 (50.0)
162: 750 759 768 792 801 803 (39.0)
163: 737 742 766 777 784 786 791 (49.0)
164: 752 755 764 (48.0)
165: 772 779 790 794 (50.0)
166: 758 765 774 811 817 (48.0)
167: 757 762 780 782 789 804 809 (47.0)
168: 756 760 767 793 (43.0)
169: 770 773 775 776 797 799 822 (49.0)
170: 785 787 795 798 807 (50.0)
171: 800 838 (48.0)
172: 802 806 808 814 827 (50.0)
173: 796 805 820 844 (49.0)
174: 815 819 821 825 (50.0)
175: 834 836 842 846 849 (48.0)
176: 816 826 837 847 855 859 (43.0)
177: 812 813 824 830 853 865 (44.0)
178: 810 818 828 835 839 860 874 (50.0)
179: 823 831 832 848 851 858 864 876 878 (50.0)
180: 829 833 854 863 (33.0)
181: 845 850 852 (50.0)
182: 843 862 869 882 889 (50.0)
183: 841 892 901 (50.0)
184: 857 861 866 886 (50.0)
185: 840 877 879 913 (38.0)
186: 856 871 872 880 881 (48.0)
187: 867 868 905 908 915 919 (50.0)
188: 887 891 904 907 911 917 (50.0)
189: 873 884 888 896 899 910 (50.0)
190: 883 885 898 903 923 (51.0)
191: 870 897 912 930 951 (50.0)
192: 894 918 939 (50.0)
193: 875 890 902 921 936 (50.0)
194: 914 922 929 (50.0)
195: 893 895 933 941 942 958 960 966 (50.0)
196: 909 924 925 928 931 934 946 (53.0)
197: 926 932 944 953 (50.0)
198: 900 935 938 945 (49.0)
199: 937 954 964 (50.0)
200: 906 916 920 947 959 981 (50.0)
201: 927 948 961 968 974 (50.0)
202: 940 949 963 973 980 (50.0)
203: 962 965 967 978 996 (50.0)
204: 955 969 983 988 992 (50.0)
205: 950 956 957 972 987 991 (49.0)
206: 943 979 982 985 989 (50.0)
207: 952 971 975 976 977 984 993 (49.0)
208: 970 990 997 998 (49.0)
209: 986 994 995 999 (50.0)
