Name: 1000-40-75
Time: 61.28746700286865 
Result: 70
Solution:  5 8 7 1 0 8 1 7 0 1 3 2 2 3 2 4 11 2 7 1 9 3 7 6 4 7 7 10 3 3 8 5 3 5 6 8 8 7 15 12 8 13 7 11 7 12 4 11 9 11 16 9 6 20 13 15 17 17 16 13 15 22 19 13 21 23 21 14 14 21 21 10 20 14 16 17 21 24 15 26 24 20 23 18 21 21 16 22 24 19 21 28 17 23 23 18 25 24 24 26 25 28 23 25 25 23 20 22 31 21 34 30 33 30 24 27 27 28 28 32 32 25 33 28 33 32 26 28 36 34 34 29 30 40 34 34 33 28 34 35 30 39 37 35 41 29 40 42 41 31 33 46 44 44 36 44 34 41 37 39 45 37 40 42 38 40 42 41 51 38 37 41 51 42 37 36 45 51 43 48 52 38 46 49 50 48 50 44 46 47 48 49 43 47 51 53 47 48 45 53 45 50 48 48 49 56 42 51 52 56 53 57 48 51 54 51 53 56 54 58 51 52 52 55 59 56 51 57 64 61 58 65 50 55 52 56 58 65 60 62 62 53 67 60 66 56 66 60 64 68 63 57 65 58 63 58 63 65 66 63 57 56 63 69 61 68 68 61 59 65 67 60 70 68 66 68 71 71 68 67 75 73 72 77 69 67 68 72 75 70 73 79 73 68 68 69 83 81 73 74 77 75 76 74 78 74 79 80 76 79 78 79 78 81 72 71 84 83 78 75 84 74 84 79 80 80 85 73 78 78 81 85 74 80 81 80 76 81 79 82 82 88 85 86 88 87 81 83 87 89 95 85 87 86 82 82 91 91 88 82 90 94 92 94 92 99 97 95 87 100 92 89 86 102 90 97 100 93 92 94 93 95 96 94 104 100 98 92 100 99 94 96 101 91 94 101 99 95 93 102 98 102 99 95 97 102 102 101 94 93 98 95 103 96 105 105 109 108 103 106 103 111 105 99 105 104 109 106 109 105 100 107 110 106 108 108 107 105 109 111 104 104 110 112 112 110 107 105 112 111 113 111 115 114 113 108 114 116 115 113 117 116 118 114 119 119 116 116 124 111 117 109 119 119 122 114 118 121 125 126 120 120 113 124 113 120 127 124 117 118 121 122 116 120 119 123 122 125 128 123 126 114 122 124 123 124 121 118 127 125 130 127 118 131 122 133 125 124 128 119 128 125 126 122 118 127 125 128 130 121 129 136 129 134 123 131 128 133 129 130 131 137 130 127 132 128 128 125 133 138 131 127 134 130 139 129 136 130 140 132 134 126 131 136 139 136 138 134 137 137 138 136 138 138 137 135 136 136 134 142 133 140 135 140 135 140 147 139 139 140 146 142 144 139 142 146 144 142 139 135 137 143 142 143 142 140 146 145 139 141 143 138 141 142 145 152 149 146 145 141 141 147 148 143 140 146 149 149 151 148 144 145 151 149 150 149 150 146 148 150 149 151 155 151 153 147 150 149 148 157 154 156 153 155 153 155 148 158 152 155 154 157 160 153 155 156 155 158 160 161 156 156 151 150 162 159 156 160 158 154 159 156 157 159 163 160 167 158 161 156 161 168 166 163 159 164 160 159 156 160 165 165 168 162 158 162 164 161 164 162 171 170 164 171 162 170 169 163 166 166 165 167 163 169 163 169 160 165 167 172 168 176 174 174 170 168 164 168 175 166 176 172 171 163 174 171 173 166 167 167 182 173 165 173 174 176 177 173 165 169 172 169 172 180 175 178 179 172 172 178 170 170 173 177 183 179 175 178 171 180 185 176 176 182 176 186 180 177 179 188 175 187 178 180 182 181 175 185 180 183 181 190 190 187 183 185 182 187 183 187 179 185 192 187 189 188 184 181 190 184 180 186 196 189 189 186 189 194 187 191 192 188 182 182 188 191 182 185 190 184 193 191 191 195 193 190 190 192 197 192 187 188 195 186 194 193 189 198 198 190 194 192 197 189 194 200 199 191 197 196 195 195 198 199 201 198 197 199 193 194 206 201 201 201 206 195 199 203 199 202 202 194 197 198 198 201 203 203 207 194 209 200 201 200 197 209 212 201 203 210 205 200 203 199 200 198 205 206 207 204 213 205 204 212 205 204 217 209 202 206 205 211 213 208 213 210 211 219 217 210 211 204 212 211 203 208 208 211 217 215 214 214 219 209 211 217 213 214 207 212 215 211 216 215 208 210 211 222 218 216 222 216 212 219 218 215 212 217 221 218 213 222 220 218 221 214 218 219 221 218 220 221 220 222 220 221 216 222 218 219
0: 4 8 (47.0)
1: 3 6 9 19 (44.0)
2: 11 12 14 17 (42.0)
3: 10 13 21 28 29 32 (38.0)
4: 15 24 46 (12.0)
5: 0 31 33 (48.0)
6: 23 34 52 (45.0)
7: 2 7 18 22 25 26 37 42 44 (38.0)
8: 1 5 30 35 36 40 (40.0)
9: 20 48 51 (43.0)
10: 27 71 (60.0)
11: 16 43 47 49 (47.0)
12: 39 45 (40.0)
13: 41 54 59 63 (47.0)
14: 67 68 73 (42.0)
15: 38 55 60 78 (41.0)
16: 50 58 74 86 (51.0)
17: 56 57 75 92 (42.0)
18: 83 95 (44.0)
19: 62 89 (43.0)
20: 53 72 81 106 (45.0)
21: 64 66 69 70 76 84 85 90 109 (41.0)
22: 61 87 107 (42.0)
23: 65 82 93 94 102 105 (40.0)
24: 77 80 88 97 98 114 (39.0)
25: 96 100 103 104 121 (41.0)
26: 79 99 126 (55.0)
27: 115 116 (42.0)
28: 91 101 117 118 123 127 137 (42.0)
29: 131 145 (49.0)
30: 111 113 132 140 (47.0)
31: 108 149 (41.0)
32: 119 120 125 (42.0)
33: 112 122 124 136 150 (42.0)
34: 110 129 130 134 135 138 156 (50.0)
35: 139 143 (43.0)
36: 128 154 175 (41.0)
37: 142 158 161 170 174 (45.0)
38: 164 169 181 (42.0)
39: 141 159 (50.0)
40: 133 146 162 165 (49.0)
41: 144 148 157 167 171 (54.0)
42: 147 163 166 173 206 (48.0)
43: 178 192 (48.0)
44: 152 153 155 187 (54.0)
45: 160 176 198 200 (62.0)
46: 151 182 188 (43.0)
47: 189 193 196 (51.0)
48: 179 185 190 197 202 203 212 (45.0)
49: 183 191 204 (42.0)
50: 184 186 201 232 (44.0)
51: 168 172 177 194 207 213 215 220 226 (42.0)
52: 180 208 221 222 234 (48.0)
53: 195 199 210 216 241 (43.0)
54: 214 218 (48.0)
55: 223 233 (41.0)
56: 205 209 217 225 235 245 261 (40.0)
57: 211 227 251 260 (56.0)
58: 219 230 236 253 255 (51.0)
59: 224 268 (46.0)
60: 238 243 247 271 (45.0)
61: 229 264 267 (44.0)
62: 239 240 (48.0)
63: 250 254 256 259 262 (60.0)
64: 228 248 (54.0)
65: 231 237 252 257 269 (49.0)
66: 244 246 258 274 (47.0)
67: 242 270 279 285 (47.0)
68: 249 265 266 273 275 278 286 293 294 (59.0)
69: 263 284 295 (45.0)
70: 272 289 (41.0)
71: 276 277 315 (56.0)
72: 282 287 314 (42.0)
73: 281 290 292 298 327 (57.0)
74: 299 303 305 321 332 (61.0)
75: 280 288 301 319 (51.0)
76: 302 308 336 (63.0)
77: 283 300 (51.0)
78: 304 310 312 318 328 329 (75.0)
79: 291 306 309 311 323 338 (57.0)
80: 307 324 325 333 335 (71.0)
81: 297 313 330 334 337 346 (56.0)
82: 339 340 354 355 359 (51.0)
83: 296 317 347 (50.0)
84: 316 320 322 (42.0)
85: 326 331 342 351 (43.0)
86: 343 353 372 (57.0)
87: 345 348 352 368 (51.0)
88: 341 344 358 (51.0)
89: 349 371 (48.0)
90: 360 374 (43.0)
91: 356 357 393 (52.0)
92: 362 364 370 378 387 (68.0)
93: 377 380 398 409 (52.0)
94: 361 363 379 383 390 394 408 (74.0)
95: 350 367 381 397 403 411 (68.0)
96: 382 391 413 (53.0)
97: 366 375 404 (60.0)
98: 386 400 410 (51.0)
99: 365 389 396 402 423 (69.0)
100: 369 376 385 388 430 (60.0)
101: 392 395 407 (44.0)
102: 373 399 401 405 406 (47.0)
103: 412 418 420 (48.0)
104: 384 425 440 441 (57.0)
105: 414 415 422 424 429 437 447 (60.0)
106: 419 427 433 (58.0)
107: 431 436 446 (52.0)
108: 417 434 435 455 (57.0)
109: 416 426 428 438 471 (47.0)
110: 432 442 445 (64.0)
111: 421 439 449 451 469 (46.0)
112: 443 444 448 (72.0)
113: 450 454 459 482 484 (59.0)
114: 453 456 463 475 501 (53.0)
115: 452 458 (40.0)
116: 457 461 466 467 492 (52.0)
117: 460 470 488 (46.0)
118: 462 476 489 507 512 524 (52.0)
119: 464 465 472 473 494 519 (67.0)
120: 480 481 485 493 (64.0)
121: 477 490 506 529 (54.0)
122: 474 491 496 502 514 523 (61.0)
123: 495 499 504 534 (51.0)
124: 468 483 487 503 505 517 (71.0)
125: 478 497 509 516 521 526 547 (75.0)
126: 479 500 522 561 (74.0)
127: 486 508 511 525 543 551 (75.0)
128: 498 518 520 527 536 545 546 (75.0)
129: 530 532 538 555 (56.0)
130: 510 528 539 542 553 557 (54.0)
131: 513 535 540 550 562 (58.0)
132: 544 559 (49.0)
133: 515 537 548 580 (52.0)
134: 533 552 560 567 578 (71.0)
135: 575 582 584 599 (53.0)
136: 531 556 563 565 571 576 577 (71.0)
137: 541 568 569 574 600 (66.0)
138: 549 566 570 572 573 611 (54.0)
139: 554 564 587 588 593 598 608 (66.0)
140: 558 581 583 585 589 605 624 (74.0)
141: 609 612 619 620 (57.0)
142: 579 591 594 597 602 604 613 (71.0)
143: 601 603 610 623 (66.0)
144: 592 596 630 (72.0)
145: 607 614 618 631 (59.0)
146: 590 595 606 617 625 637 (74.0)
147: 586 621 645 (43.0)
148: 622 629 638 648 656 (53.0)
149: 616 626 627 633 635 640 647 (71.0)
150: 634 636 639 646 673 (55.0)
151: 628 632 641 643 672 (73.0)
152: 615 658 (49.0)
153: 644 652 654 663 (55.0)
154: 650 660 679 (75.0)
155: 642 653 655 659 664 666 (75.0)
156: 651 665 670 671 676 681 689 698 (75.0)
157: 649 661 682 (71.0)
158: 657 667 678 687 704 (74.0)
159: 675 680 683 694 697 (75.0)
160: 662 668 677 685 696 699 726 (75.0)
161: 669 688 690 707 (63.0)
162: 674 703 705 709 714 (57.0)
163: 684 693 717 722 724 743 (65.0)
164: 695 706 708 712 736 (55.0)
165: 700 701 720 727 752 758 (74.0)
166: 692 718 719 739 747 (74.0)
167: 686 721 728 748 749 (57.0)
168: 691 702 730 735 737 (75.0)
169: 716 723 725 759 761 (74.0)
170: 711 715 734 770 771 (63.0)
171: 710 713 742 745 778 (75.0)
172: 729 741 760 762 767 768 (74.0)
173: 746 751 753 757 772 (75.0)
174: 732 733 744 754 (51.0)
175: 738 764 776 790 796 (75.0)
176: 731 740 755 781 782 784 (57.0)
177: 756 773 787 (60.0)
178: 765 769 777 792 (74.0)
179: 766 775 788 810 (75.0)
180: 763 779 786 793 798 820 (74.0)
181: 795 800 817 (60.0)
182: 750 783 794 806 832 833 836 (75.0)
183: 774 799 804 808 (75.0)
184: 816 819 839 (67.0)
185: 780 797 805 811 837 (73.0)
186: 785 821 825 853 (51.0)
187: 791 803 807 809 813 828 850 (75.0)
188: 789 815 831 834 851 (70.0)
189: 814 823 824 826 856 863 (65.0)
190: 801 802 818 838 845 846 859 (75.0)
191: 829 835 841 842 867 (65.0)
192: 812 830 847 849 861 (74.0)
193: 840 844 855 878 (73.0)
194: 827 854 860 864 879 891 899 (75.0)
195: 843 852 870 871 885 (75.0)
196: 822 869 (67.0)
197: 848 862 868 876 892 904 (74.0)
198: 857 858 872 875 893 894 915 (75.0)
199: 866 873 877 886 888 913 (68.0)
200: 865 901 903 911 914 (75.0)
201: 874 881 882 883 895 902 907 (73.0)
202: 889 890 928 (75.0)
203: 887 896 897 908 912 944 (75.0)
204: 919 922 925 941 (75.0)
205: 910 916 921 924 930 (60.0)
206: 880 884 917 929 (75.0)
207: 898 918 958 (73.0)
208: 933 945 946 964 (75.0)
209: 900 905 927 953 (73.0)
210: 909 935 939 965 (71.0)
211: 931 936 940 943 947 954 961 966 (68.0)
212: 906 923 942 959 972 976 (75.0)
213: 920 932 934 956 980 (75.0)
214: 950 951 957 985 (82.0)
215: 949 960 963 975 (74.0)
216: 962 969 971 996 (75.0)
217: 926 938 948 955 977 (75.0)
218: 968 974 979 983 986 989 998 (75.0)
219: 937 952 973 987 999 (75.0)
220: 982 990 992 994 (75.0)
221: 978 984 988 991 995 (75.0)
222: 967 970 981 993 997 (47.0)
