Name: 100-50-100
Time: 8.199928045272827 
Result: 30
Solution:  2 5 6 2 3 5 4 7 3 3 1 3 5 10 1 1 5 1 3 6 9 6 8 6 0 0 4 6 10 16 7 9 4 6 4 0 7 9 12 7 12 4 10 7 2 15 5 10 8 12 11 12 5 17 12 13 20 10 14 11 19 11 15 15 8 14 15 8 11 14 24 13 10 18 21 11 24 24 19 14 20 21 22 24 22 20 23 16 19 23 19 16 23 22 24 18 23 24 24 17
0: 24 25 35 (60.0)
1: 10 14 15 17 (58.0)
2: 0 3 44 (74.0)
3: 4 8 9 11 18 (71.0)
4: 6 26 32 34 41 (60.0)
5: 1 5 12 16 46 52 (72.0)
6: 2 19 21 23 27 33 (80.0)
7: 7 30 36 39 43 (67.0)
8: 22 48 64 67 (72.0)
9: 20 31 37 (61.0)
10: 13 28 42 47 57 72 (74.0)
11: 50 59 61 68 75 (68.0)
12: 38 40 49 51 54 (77.0)
13: 55 71 (88.0)
14: 58 65 69 79 (80.0)
15: 45 62 63 66 (62.0)
16: 29 87 91 (63.0)
17: 53 99 (70.0)
18: 73 95 (74.0)
19: 60 78 88 90 (86.0)
20: 56 80 85 (72.0)
21: 74 81 (67.0)
22: 82 84 93 (76.0)
23: 86 89 92 96 (75.0)
24: 70 76 77 83 94 97 98 (86.0)
