Name: 100-60-125
Time: 3.8956098556518555 
Result: 34
Solution:  1 2 2 3 2 4 2 1 0 6 0 7 3 0 3 4 9 1 0 2 8 6 2 1 0 5 6 3 4 4 9 7 9 10 8 4 2 13 6 4 10 10 5 9 7 11 19 10 5 13 14 15 6 13 7 14 5 13 7 11 10 14 19 15 9 15 11 11 12 14 6 18 16 14 20 18 12 20 16 13 20 12 20 19 15 11 17 11 17 17 16 19 20 18 18 16 18 19 12 19
0: 8 10 13 18 24 (81.0)
1: 0 7 17 23 (87.0)
2: 1 2 4 6 19 22 36 (93.0)
3: 3 12 14 27 (84.0)
4: 5 15 28 29 35 39 (87.0)
5: 25 42 48 56 (86.0)
6: 9 21 26 38 52 70 (99.0)
7: 11 31 44 54 58 (93.0)
8: 20 34 (94.0)
9: 16 30 32 43 64 (97.0)
10: 33 40 41 47 60 (98.0)
11: 45 59 66 67 85 87 (115.0)
12: 68 76 81 98 (85.0)
13: 37 49 53 57 79 (108.0)
14: 50 55 61 69 73 (114.0)
15: 51 63 65 84 (110.0)
16: 72 78 90 95 (88.0)
17: 86 88 89 (95.0)
18: 71 75 93 94 96 (104.0)
19: 46 62 83 91 97 99 (113.0)
20: 74 77 80 82 92 (85.0)
