Name: 1000-60-125
Time: 64.12928938865662 
Result: 86
Solution:  0 0 1 6 4 3 3 2 1 1 0 1 1 6 6 4 7 1 6 3 2 14 6 5 5 12 6 7 3 2 8 8 2 8 3 17 3 6 11 15 6 5 13 13 11 12 6 14 12 11 20 9 20 13 18 14 11 17 11 19 16 14 13 9 10 20 19 11 18 19 17 9 13 18 11 10 15 19 20 17 17 23 20 21 27 20 20 28 23 23 18 16 22 20 17 25 26 23 24 25 21 28 25 29 27 23 25 28 29 30 25 29 24 29 32 25 27 32 23 26 29 32 32 22 40 32 28 35 35 36 29 34 31 32 28 37 33 36 36 31 32 28 30 39 35 41 36 39 31 39 34 42 41 38 38 34 40 39 38 40 33 41 37 40 40 46 40 40 36 44 43 39 36 36 36 42 36 42 43 45 44 52 47 40 41 46 36 44 48 41 52 38 54 43 41 47 41 39 41 45 47 44 46 43 45 44 51 45 51 41 48 48 48 47 46 53 51 56 42 48 49 50 50 52 55 55 53 55 47 55 50 49 55 53 60 60 49 55 58 56 54 51 56 54 60 61 62 53 57 59 57 56 64 55 59 53 56 55 57 58 55 56 63 57 58 61 60 58 59 59 62 56 69 58 62 67 67 64 69 66 62 62 72 61 63 57 70 65 60 64 63 67 65 64 66 65 66 64 63 65 72 70 64 66 67 68 63 70 68 71 67 68 63 69 73 69 69 70 70 74 71 75 74 65 68 75 73 68 65 78 76 71 68 72 69 72 71 69 75 80 78 70 72 74 71 77 69 77 81 74 74 75 71 75 84 76 81 74 86 76 74 73 79 81 81 82 74 75 79 81 79 76 80 80 77 81 83 79 85 88 80 76 82 80 79 82 87 88 84 82 85 89 85 87 92 85 84 86 93 85 89 88 78 91 83 81 86 89 90 89 89 85 90 85 96 91 93 84 94 89 89 92 87 88 92 93 89 92 96 87 99 87 98 93 100 91 94 92 93 96 95 99 95 96 101 90 92 91 90 97 90 94 97 94 92 96 98 95 93 102 100 101 98 97 95 101 103 98 99 93 104 98 94 98 99 100 99 102 103 98 101 108 100 100 108 104 110 96 105 107 103 109 107 107 104 106 106 112 102 109 107 114 111 104 105 103 115 106 112 103 111 106 105 109 112 108 114 113 107 112 109 114 103 108 118 110 116 117 111 108 104 114 111 112 110 111 118 112 121 109 120 114 112 117 116 117 122 114 121 116 115 113 118 114 118 116 112 116 113 126 119 124 114 122 118 123 115 117 121 115 127 119 121 116 123 130 122 123 123 120 122 120 119 122 123 131 125 121 121 116 125 126 120 123 124 128 128 121 131 119 121 125 134 125 129 132 131 127 130 129 132 129 125 129 134 129 138 131 134 127 129 130 130 130 123 131 136 129 124 138 137 136 134 134 134 130 134 139 136 128 135 132 132 135 141 141 138 135 138 132 137 137 136 142 133 139 137 133 144 141 140 145 139 142 139 140 141 133 133 146 141 142 143 138 139 144 135 141 143 136 144 148 145 137 143 153 150 146 145 139 141 139 143 142 143 147 144 141 149 153 142 146 145 144 155 143 151 152 146 154 151 149 145 145 147 152 150 141 150 149 151 150 149 148 151 148 150 149 148 147 155 144 149 155 152 154 151 153 154 147 155 150 153 161 159 157 155 164 154 158 156 158 151 162 158 162 160 154 154 159 152 157 156 156 160 161 161 161 162 158 156 164 163 161 160 166 164 159 158 163 160 163 160 162 165 161 163 165 165 156 172 159 163 165 166 169 168 167 163 164 171 172 167 162 165 169 167 171 166 170 170 173 168 168 167 166 176 172 172 168 177 170 166 171 168 172 170 170 167 169 179 173 171 177 171 173 175 174 177 170 173 172 175 173 174 176 173 176 177 175 172 175 181 182 180 170 177 178 174 178 179 176 181 178 180 184 176 182 173 182 182 184 177 177 179 179 183 175 183 179 180 187 191 180 183 187 186 181 182 182 181 184 189 180 191 186 186 178 181 185 186 183 195 185 191 189 189 188 188 193 189 184 187 191 194 190 187 190 185 187 190 198 193 189 188 185 191 195 191 188 192 190 192 192 196 194 191 189 195 199 195 196 197 196 198 193 189 193 197 197 204 199 195 193 200 203 198 196 194 192 201 197 203 198 205 196 197 195 202 203 199 200 199 203 200 202 200 205 201 201 204 203 206 199 204 204 200 203 205 205 206 202 205 206 202 206 198 201 206 206
0: 0 1 10 (66.0)
1: 2 8 9 11 12 17 (45.0)
2: 7 20 29 32 (67.0)
3: 5 6 19 28 34 36 (63.0)
4: 4 15 (63.0)
5: 23 24 41 (65.0)
6: 3 13 14 18 22 26 37 40 46 (55.0)
7: 16 27 (65.0)
8: 30 31 33 (61.0)
9: 51 63 71 (73.0)
10: 64 75 (60.0)
11: 38 44 49 56 58 67 74 (64.0)
12: 25 45 48 (62.0)
13: 42 43 53 62 72 (63.0)
14: 21 47 55 61 (64.0)
15: 39 76 (63.0)
16: 60 91 (65.0)
17: 35 57 70 79 80 94 (66.0)
18: 54 68 73 90 (65.0)
19: 59 66 69 77 (70.0)
20: 50 52 65 78 82 85 86 93 (46.0)
21: 83 100 (83.0)
22: 92 123 (82.0)
23: 81 88 89 97 105 118 (61.0)
24: 98 112 (67.0)
25: 95 99 102 106 110 115 (60.0)
26: 96 119 (71.0)
27: 84 104 116 (75.0)
28: 87 101 107 126 134 141 (62.0)
29: 103 108 111 113 120 130 (67.0)
30: 109 142 (62.0)
31: 132 139 148 (64.0)
32: 114 117 121 122 125 133 140 (42.0)
33: 136 160 (78.0)
34: 131 150 155 (60.0)
35: 127 128 144 (79.0)
36: 129 137 138 146 168 172 173 174 176 186 (58.0)
37: 135 162 (60.0)
38: 153 154 158 191 (62.0)
39: 143 147 149 157 171 197 (68.0)
40: 124 156 159 163 164 166 167 183 (61.0)
41: 145 152 161 184 189 194 196 198 209 (62.0)
42: 151 175 177 218 (69.0)
43: 170 178 193 203 (66.0)
44: 169 180 187 201 205 (87.0)
45: 179 199 204 207 (70.0)
46: 165 185 202 214 (80.0)
47: 182 195 200 213 228 (103.0)
48: 188 210 211 212 219 (76.0)
49: 220 231 236 (95.0)
50: 221 222 230 (72.0)
51: 206 208 216 241 (68.0)
52: 181 190 223 (68.0)
53: 215 226 233 247 255 (71.0)
54: 192 240 243 (63.0)
55: 224 225 227 229 232 237 253 257 260 (77.0)
56: 217 239 242 251 256 261 271 (70.0)
57: 248 250 258 263 285 (75.0)
58: 238 259 264 267 273 (76.0)
59: 249 254 268 269 (67.0)
60: 234 235 244 266 288 (67.0)
61: 245 265 283 (73.0)
62: 246 270 274 280 281 (84.0)
63: 262 284 290 298 306 312 (71.0)
64: 252 277 289 293 297 302 (75.0)
65: 287 292 295 299 323 328 (70.0)
66: 279 294 296 303 (88.0)
67: 275 276 291 304 310 (82.0)
68: 305 308 311 324 327 332 (75.0)
69: 272 278 313 315 316 334 337 346 (92.0)
70: 286 301 307 317 318 341 (107.0)
71: 309 320 331 336 344 352 (86.0)
72: 282 300 333 335 342 (83.0)
73: 314 326 361 (69.0)
74: 319 322 343 349 350 357 360 366 (81.0)
75: 321 325 338 351 353 367 (90.0)
76: 330 355 359 371 381 (79.0)
77: 345 347 374 (64.0)
78: 329 340 402 (86.0)
79: 362 368 370 377 384 (96.0)
80: 339 372 373 380 383 (96.0)
81: 348 356 363 364 369 375 405 (105.0)
82: 365 382 385 389 (69.0)
83: 376 404 (72.0)
84: 354 388 396 417 (96.0)
85: 378 390 392 395 399 411 413 (103.0)
86: 358 397 406 (77.0)
87: 386 393 422 429 431 (85.0)
88: 379 387 401 423 (88.0)
89: 391 400 407 409 410 419 420 426 (113.0)
90: 408 412 445 448 450 (94.0)
91: 403 415 435 447 (94.0)
92: 394 421 424 427 437 446 454 (125.0)
93: 398 416 425 433 438 458 469 (92.0)
94: 418 436 451 453 472 (64.0)
95: 440 442 457 464 (89.0)
96: 414 428 439 443 455 487 (97.0)
97: 449 452 463 (77.0)
98: 432 456 462 467 471 473 479 (105.0)
99: 430 441 468 474 476 (74.0)
100: 434 460 475 482 483 (99.0)
101: 444 461 465 480 (77.0)
102: 459 477 498 (90.0)
103: 466 478 490 505 509 522 (114.0)
104: 470 485 494 503 530 (109.0)
105: 488 504 512 (86.0)
106: 495 496 507 511 (73.0)
107: 489 492 493 500 518 (76.0)
108: 481 484 515 523 529 (78.0)
109: 491 499 513 520 539 (95.0)
110: 486 525 534 (103.0)
111: 502 510 528 532 535 (81.0)
112: 497 508 514 519 533 537 542 556 (104.0)
113: 517 551 558 (85.0)
114: 501 516 521 531 541 547 553 562 (118.0)
115: 506 550 566 569 (63.0)
116: 526 544 549 555 557 573 589 (89.0)
117: 527 543 545 567 (95.0)
118: 524 536 552 554 564 (120.0)
119: 560 571 582 599 (119.0)
120: 540 579 581 592 (96.0)
121: 538 548 568 572 587 588 597 600 (114.0)
122: 546 563 576 580 583 (100.0)
123: 565 574 577 578 584 593 624 (117.0)
124: 561 594 628 (80.0)
125: 586 590 601 603 612 (98.0)
126: 559 591 (62.0)
127: 570 607 619 (79.0)
128: 595 596 639 (84.0)
129: 604 609 611 613 615 620 627 (116.0)
130: 575 608 621 622 623 635 (123.0)
131: 585 598 606 617 625 (123.0)
132: 605 610 641 642 649 (115.0)
133: 654 657 667 668 (105.0)
134: 602 614 618 632 633 634 636 (119.0)
135: 640 643 647 676 (115.0)
136: 626 631 638 652 679 (99.0)
137: 630 650 651 656 683 (98.0)
138: 616 629 646 648 673 (111.0)
139: 637 655 662 664 674 689 691 (104.0)
140: 660 665 (60.0)
141: 644 645 659 666 670 677 690 697 717 (124.0)
142: 653 663 671 693 700 (117.0)
143: 672 678 684 692 694 705 (105.0)
144: 658 675 680 696 703 731 (120.0)
145: 661 682 688 702 712 713 (82.0)
146: 669 687 701 708 (81.0)
147: 695 714 729 739 (113.0)
148: 681 723 725 728 (92.0)
149: 698 711 719 722 727 732 (112.0)
150: 686 716 718 721 726 741 (123.0)
151: 706 710 720 724 736 752 (119.0)
152: 707 715 734 760 (124.0)
153: 685 699 737 742 (81.0)
154: 709 735 738 748 757 758 (120.0)
155: 704 730 733 740 746 (103.0)
156: 750 762 763 770 789 (106.0)
157: 745 761 (82.0)
158: 749 751 754 769 778 (117.0)
159: 744 759 777 791 (125.0)
160: 756 764 774 780 782 (125.0)
161: 743 765 766 767 773 785 (127.0)
162: 753 755 768 783 803 (121.0)
163: 772 779 781 786 792 798 (118.0)
164: 747 771 776 799 (116.0)
165: 784 787 788 793 804 (96.0)
166: 775 794 808 815 822 (124.0)
167: 797 802 806 814 828 (124.0)
168: 796 812 813 819 824 (125.0)
169: 795 805 829 (92.0)
170: 809 810 821 826 827 839 855 (119.0)
171: 800 807 823 832 834 (125.0)
172: 790 801 817 818 825 841 850 (103.0)
173: 811 831 835 840 843 846 868 (125.0)
174: 837 844 858 (125.0)
175: 836 842 849 851 877 (93.0)
176: 816 845 847 861 866 (124.0)
177: 820 833 838 848 856 872 873 (124.0)
178: 857 859 863 897 (77.0)
179: 830 860 874 875 879 (125.0)
180: 854 864 880 883 893 (124.0)
181: 852 862 887 890 898 (125.0)
182: 853 867 869 870 888 889 (124.0)
183: 876 878 884 901 (123.0)
184: 865 871 891 911 (125.0)
185: 899 903 918 925 (125.0)
186: 886 895 896 900 (124.0)
187: 881 885 912 916 919 (124.0)
188: 907 908 924 929 (124.0)
189: 892 905 906 910 923 937 946 (122.0)
190: 915 917 920 931 (123.0)
191: 882 894 904 913 926 928 936 (112.0)
192: 930 932 933 959 (124.0)
193: 909 922 945 947 953 (119.0)
194: 914 935 958 (124.0)
195: 902 927 938 940 952 967 (120.0)
196: 934 941 943 957 965 (119.0)
197: 942 948 949 961 966 (124.0)
198: 921 944 956 963 996 (120.0)
199: 939 951 970 972 983 (122.0)
200: 954 971 974 976 986 (124.0)
201: 960 978 979 997 (101.0)
202: 968 975 991 994 (116.0)
203: 955 962 969 973 981 987 (121.0)
204: 950 980 984 985 (123.0)
205: 964 977 988 989 992 (117.0)
206: 982 990 993 995 998 999 (128.0)
