Name: 100-30-50
Time: 3.7599475383758545 
Result: 10
Solution:  1 1 4 1 0 4 0 5 5 5 2 2 5 6 3 3 0 0 2 8 4 6 0 1 3 5 6 11 5 9 2 14 1 6 8 15 0 3 5 6 13 16 9 12 5 9 0 3 12 7 12 9 6 8 8 7 16 7 14 14 8 8 11 9 6 11 13 11 9 10 13 14 17 15 17 17 7 18 14 8 18 10 16 15 15 17 14 15 18 16 11 11 15 14 15 17 18 17 18 12
0: 4 6 16 17 22 36 46 (39.0)
1: 0 1 3 23 32 (37.0)
2: 10 11 18 30 (42.0)
3: 14 15 24 37 47 (36.0)
4: 2 5 20 (38.0)
5: 7 8 9 12 25 28 38 44 (37.0)
6: 13 21 26 33 39 52 64 (44.0)
7: 49 55 57 76 (38.0)
8: 19 34 53 54 60 61 79 (35.0)
9: 29 42 45 51 63 68 (44.0)
10: 69 81 (45.0)
11: 27 62 65 67 90 91 (41.0)
12: 43 48 50 99 (37.0)
13: 40 66 70 (39.0)
14: 31 58 59 71 78 86 93 (38.0)
15: 35 73 83 84 87 92 94 (41.0)
16: 41 56 82 89 (36.0)
17: 72 74 75 85 95 97 (42.0)
18: 77 80 88 96 98 (35.0)
