Name: 100-30-50
Time: 3.6694982051849365 
Result: 13
Solution:  0 2 3 3 2 7 0 4 0 2 1 2 2 2 4 3 8 6 2 2 4 3 0 5 3 6 7 0 5 6 5 1 3 6 8 6 2 5 10 1 11 6 3 9 12 13 0 11 10 8 9 7 7 8 5 17 10 10 11 10 12 8 9 12 7 14 13 15 13 15 16 14 16 11 16 16 8 17 14 10 17 12 11 13 16 16 15 14 17 14 15 14 18 10 17 18 18 18 18 11
0: 0 6 8 22 27 46 (36.0)
1: 10 31 39 (32.0)
2: 1 4 9 11 12 13 18 19 36 (36.0)
3: 2 3 15 21 24 32 42 (44.0)
4: 7 14 20 (33.0)
5: 23 28 30 37 54 (37.0)
6: 17 25 29 33 35 41 (35.0)
7: 5 26 51 52 64 (43.0)
8: 16 34 49 53 61 76 (33.0)
9: 43 50 62 (42.0)
10: 38 48 56 57 59 79 93 (39.0)
11: 40 47 58 73 82 99 (44.0)
12: 44 60 63 81 (39.0)
13: 45 66 68 83 (42.0)
14: 65 71 78 87 89 91 (40.0)
15: 67 69 86 90 (45.0)
16: 70 72 74 75 84 85 (44.0)
17: 55 77 80 88 94 (39.0)
18: 92 95 96 97 98 (41.0)
