Name: 100-30-50
Time: 3.901751756668091 
Result: 10
Solution:  0 0 3 2 1 1 4 7 1 4 6 2 0 9 5 2 2 4 5 7 0 3 1 2 3 7 11 8 8 13 3 0 4 7 4 10 10 4 7 11 6 13 6 1 3 5 1 10 2 8 9 6 12 11 7 18 10 17 10 15 8 7 13 18 7 11 13 17 16 12 17 14 14 18 12 8 15 16 9 9 14 16 14 10 11 15 16 16 15 15 12 13 8 12 18 17 18 17 16 14
0: 0 1 12 20 31 (40.0)
1: 4 5 8 22 43 46 (34.0)
2: 3 11 15 16 23 48 (40.0)
3: 2 21 24 30 44 (39.0)
4: 6 9 17 32 34 37 (38.0)
5: 14 18 45 (34.0)
6: 10 40 42 51 (42.0)
7: 7 19 25 33 38 54 61 64 (38.0)
8: 27 28 49 60 75 92 (39.0)
9: 13 50 78 79 (37.0)
10: 35 36 47 56 58 83 (42.0)
11: 26 39 53 65 84 (37.0)
12: 52 69 74 90 93 (44.0)
13: 29 41 62 66 91 (40.0)
14: 71 72 80 82 99 (37.0)
15: 59 76 85 88 89 (38.0)
16: 68 77 81 86 87 98 (42.0)
17: 57 67 70 95 97 (41.0)
18: 55 63 73 94 96 (42.0)
