Name: 1000-20-30
Time: 32.21556496620178 
Result: 40021
Solution:  0 0 5 5 0 8 1 2 2 2 8 9 0 4 6 4 0 8 5 1 10 6 6 0 3 3 12 8 8 2 8 9 4 2 8 7 7 6 2 2 11 19 19 12 12 2 3 17 13 11 12 11 10 17 14 19 13 13 13 23 14 8 19 14 15 13 17 12 19 22 16 17 23 19 21 16 20 20 14 18 20 26 21 15 26 22 23 25 24 17 20 22 21 15 19 20 25 30 19 16 28 22 26 18 28 27 26 22 25 29 20 21 27 27 34 27 29 34 31 27 28 32 31 37 33 27 26 27 24 26 30 30 33 38 30 31 32 26 40 28 35 38 40 31 34 41 40 36 37 36 36 35 31 36 36 37 39 46 45 36 42 40 39 38 38 38 42 41 43 44 43 41 44 40 45 42 44 40 44 37 42 45 45 46 39 45 48 48 43 53 46 50 45 43 51 45 47 48 55 53 54 53 45 50 51 49 48 55 55 47 52 54 56 52 59 53 52 54 52 55 60 58 47 53 49 57 54 59 51 57 54 54 56 55 57 57 61 58 57 59 61 61 58 62 60 58 66 66 63 59 60 65 67 55 69 68 67 65 63 64 65 73 70 62 75 70 58 57 72 67 58 66 73 69 68 67 71 65 77 70 72 69 71 64 71 70 71 74 65 68 69 71 65 72 72 77 70 72 81 79 74 73 78 78 72 76 75 78 76 75 76 79 79 81 75 74 85 72 78 79 82 82 81 83 86 78 84 78 84 80 86 86 87 88 83 83 77 82 81 84 83 85 86 80 84 90 95 90 86 87 92 83 94 92 91 90 92 96 91 89 92 95 89 92 93 98 92 88 93 96 85 100 91 94 94 96 88 96 95 99 101 89 91 97 91 98 94 97 99 98 92 95 98 93 97 96 104 101 97 102 98 97 103 93 105 102 103 109 104 103 100 103 102 105 110 99 103 107 105 112 106 103 101 101 100 106 109 111 110 103 99 107 109 108 107 102 108 106 108 102 107 112 106 110 105 103 112 108 114 109 120 112 114 112 121 113 116 106 114 111 115 111 113 116 117 117 116 118 114 117 119 119 124 119 109 113 122 117 118 113 120 116 116 119 114 118 115 121 124 115 121 118 121 122 126 122 124 123 124 121 127 124 131 128 122 125 123 134 125 125 124 127 132 126 130 128 130 131 129 125 130 127 126 126 126 123 132 127 128 129 128 136 128 124 137 129 131 137 132 134 130 136 126 131 134 133 131 132 127 135 131 132 133 139 133 129 135 134 141 136 139 138 135 128 137 137 140 132 136 136 141 134 136 139 137 141 137 137 146 144 142 133 144 144 138 140 147 138 142 135 139 135 140 142 139 143 150 140 136 138 144 144 146 144 138 145 141 146 152 143 140 148 143 151 146 144 145 139 150 147 147 146 152 155 151 154 147 153 149 150 146 146 148 155 156 152 157 149 152 148 149 150 147 153 157 159 152 146 150 154 158 150 155 153 149 157 154 162 153 148 157 156 155 160 158 152 149 158 155 159 155 165 152 154 153 158 158 164 164 151 161 165 164 157 160 160 160 161 162 165 160 156 164 162 166 161 167 159 165 158 164 171 165 167 172 163 164 170 169 165 163 170 169 166 172 167 167 168 168 168 170 166 169 169 170 169 173 161 162 171 169 170 166 168 168 172 167 173 170 165 166 175 170 176 172 173 172 171 172 174 170 175 179 177 174 171 179 170 172 176 173 177 185 177 176 177 176 174 181 171 179 173 177 178 183 180 177 178 182 182 180 177 178 178 178 188 184 180 180 182 183 186 183 179 181 188 186 181 190 181 184 189 192 186 184 190 183 178 179 189 182 192 189 185 186 183 193 181 185 187 189 186 188 196 187 191 192 194 190 194 185 194 186 191 194 199 190 188 194 189 196 193 192 187 185 197 194 187 194 193 195 193 203 197 191 195 194 196 187 195 198 198 190 190 198 191 199 204 198 197 197 199 198 200 198 203 198 196 200 199 200 203 201 199 202 206 197 196 206 201 199 205 206 204 198 200 208 196 202 208 209 207 212 202 205 201 204 209 201 206 209 205 207 207 203 207 208 201 215 202 208 212 210 201 211 209 207 212 208 205 212 209 203 209 214 210 210 206 212 211 204 212 213 214 210 215 212 210 213 208 213 211 215 213 207 222 206 216 215 217 216 222 215 215 220 220 223 211 221 217 222 223 212 210 218 220 213 220 219 219 217 222 222 222 221 218 221 217 222 221 219 217 218 220 221 223 222 223 220 223
0: 0 1 4 12 16 23 (20.0)
1: 6 19 (20.0)
2: 7 8 9 29 33 38 39 45 (20.0)
3: 24 25 46 (21.0)
4: 13 15 32 (15.0)
5: 2 3 18 (20.0)
6: 14 21 22 37 (22.0)
7: 35 36 (23.0)
8: 5 10 17 27 28 30 34 61 (18.0)
9: 11 31 (22.0)
10: 20 52 (22.0)
11: 40 49 51 (22.0)
12: 26 43 44 50 67 (22.0)
13: 48 56 57 58 65 (21.0)
14: 54 60 63 78 (20.0)
15: 64 83 93 (22.0)
16: 70 75 99 (21.0)
17: 47 53 66 71 89 (20.0)
18: 79 103 (22.0)
19: 41 42 55 62 68 73 94 98 (18.0)
20: 76 77 80 90 95 110 (20.0)
21: 74 82 92 111 (20.0)
22: 69 85 91 101 107 (12.0)
23: 59 72 86 (27.0)
24: 88 128 (22.0)
25: 87 96 108 (23.0)
26: 81 84 102 106 126 129 137 (20.0)
27: 105 112 113 115 119 125 127 (19.0)
28: 100 104 120 139 (22.0)
29: 109 116 (21.0)
30: 97 130 131 134 (24.0)
31: 118 122 135 143 152 (20.0)
32: 121 136 (22.0)
33: 124 132 (25.0)
34: 114 117 144 (22.0)
35: 140 151 (20.0)
36: 147 149 150 153 154 159 (22.0)
37: 123 148 155 179 (21.0)
38: 133 141 163 164 165 (20.0)
39: 156 162 184 (20.0)
40: 138 142 146 161 173 177 (18.0)
41: 145 167 171 (20.0)
42: 160 166 175 180 (22.0)
43: 168 170 188 193 (20.0)
44: 169 172 176 178 (27.0)
45: 158 174 181 182 185 192 195 202 (17.0)
46: 157 183 190 (23.0)
47: 196 209 222 (20.0)
48: 186 187 197 206 (27.0)
49: 205 224 (20.0)
50: 191 203 (22.0)
51: 194 204 228 (30.0)
52: 210 213 216 218 (28.0)
53: 189 199 201 215 223 (20.0)
54: 200 211 217 226 230 231 (22.0)
55: 198 207 208 219 233 253 (16.0)
56: 212 232 (25.0)
57: 225 229 234 235 238 267 (18.0)
58: 221 237 242 245 266 270 (11.0)
59: 214 227 239 249 (25.0)
60: 220 244 250 (23.0)
61: 236 240 241 (20.0)
62: 243 263 (21.0)
63: 248 258 (20.0)
64: 259 283 (23.0)
65: 251 257 260 277 288 292 (21.0)
66: 246 247 271 (22.0)
67: 252 256 269 275 (24.0)
68: 255 274 289 (20.0)
69: 254 273 281 290 (21.0)
70: 262 265 279 285 296 (25.0)
71: 276 282 284 286 291 (26.0)
72: 268 280 293 294 297 304 317 (22.0)
73: 261 272 301 (21.0)
74: 287 300 315 (20.0)
75: 264 306 309 314 (22.0)
76: 305 308 310 (22.0)
77: 278 295 336 (26.0)
78: 302 303 307 318 325 327 (25.0)
79: 299 311 312 319 (28.0)
80: 329 343 (22.0)
81: 298 313 322 338 (28.0)
82: 320 321 337 (22.0)
83: 323 334 335 340 351 (25.0)
84: 326 328 339 344 (21.0)
85: 316 341 370 (22.0)
86: 324 330 331 342 348 (21.0)
87: 332 349 (25.0)
88: 333 367 376 (22.0)
89: 359 362 381 (27.0)
90: 345 347 355 (24.0)
91: 354 358 372 382 384 (28.0)
92: 350 353 356 360 363 366 390 (24.0)
93: 364 368 393 403 (24.0)
94: 352 373 374 386 (23.0)
95: 346 361 378 391 (26.0)
96: 357 369 375 377 395 (24.0)
97: 383 387 394 398 401 (30.0)
98: 365 385 389 392 400 (26.0)
99: 379 388 415 430 (23.0)
100: 371 410 424 (25.0)
101: 380 397 422 423 (25.0)
102: 399 405 412 435 439 (29.0)
103: 402 406 409 411 416 421 429 445 (26.0)
104: 396 408 (26.0)
105: 404 413 418 444 (28.0)
106: 420 425 437 442 457 (24.0)
107: 417 431 434 440 (21.0)
108: 433 436 438 447 (30.0)
109: 407 426 432 449 474 (23.0)
110: 414 428 443 (26.0)
111: 427 459 461 (21.0)
112: 419 441 446 451 453 (30.0)
113: 455 462 475 479 (27.0)
114: 448 452 458 468 484 (23.0)
115: 460 486 489 (22.0)
116: 456 463 466 481 482 (28.0)
117: 464 465 469 477 (24.0)
118: 467 478 485 491 (25.0)
119: 470 471 473 483 (27.0)
120: 450 480 (20.0)
121: 454 487 490 492 499 (26.0)
122: 476 493 495 504 (26.0)
123: 497 506 525 (23.0)
124: 472 488 496 498 501 510 533 (27.0)
125: 505 508 509 519 (25.0)
126: 494 513 522 523 524 542 (22.0)
127: 500 511 521 527 548 (23.0)
128: 503 515 528 530 532 563 (27.0)
129: 518 529 535 555 (30.0)
130: 514 516 520 540 (30.0)
131: 502 517 536 543 546 550 (30.0)
132: 512 526 538 547 551 567 (30.0)
133: 545 552 554 581 (26.0)
134: 507 539 544 557 571 (23.0)
135: 549 556 562 589 591 (22.0)
136: 531 541 559 568 569 572 598 (27.0)
137: 534 537 564 565 574 576 577 (24.0)
138: 561 584 587 599 604 (26.0)
139: 553 560 573 590 594 617 (27.0)
140: 566 585 592 597 610 (25.0)
141: 558 570 575 606 (29.0)
142: 580 588 593 (28.0)
143: 595 609 612 (21.0)
144: 579 582 583 600 601 603 615 (27.0)
145: 605 616 (23.0)
146: 578 602 607 614 621 630 631 647 (30.0)
147: 586 619 620 626 642 (22.0)
148: 611 632 639 659 (23.0)
149: 628 637 640 654 666 (27.0)
150: 596 618 629 641 648 651 (26.0)
151: 613 624 679 (30.0)
152: 608 622 635 638 646 665 672 (30.0)
153: 627 643 653 658 674 (30.0)
154: 625 649 656 673 (26.0)
155: 623 633 652 662 668 670 (23.0)
156: 634 661 691 (29.0)
157: 636 644 655 660 683 (27.0)
158: 650 664 667 675 676 699 (29.0)
159: 645 669 697 (23.0)
160: 663 684 685 686 690 (27.0)
161: 680 687 695 727 (26.0)
162: 657 688 693 728 (22.0)
163: 705 710 (30.0)
164: 677 678 682 692 700 706 (27.0)
165: 671 681 689 698 702 709 739 (29.0)
166: 694 713 721 732 740 (29.0)
167: 696 703 715 716 736 (23.0)
168: 717 718 719 733 734 (30.0)
169: 708 712 722 723 725 730 (30.0)
170: 707 711 720 724 731 738 742 750 757 (29.0)
171: 701 729 747 755 769 (29.0)
172: 704 714 735 744 746 748 758 (29.0)
173: 726 737 745 760 771 (27.0)
174: 749 754 767 (27.0)
175: 741 751 (23.0)
176: 743 759 764 766 (29.0)
177: 753 761 763 765 772 776 781 (30.0)
178: 773 777 782 783 784 807 (27.0)
179: 752 756 770 793 808 (26.0)
180: 775 780 787 788 (29.0)
181: 768 794 797 799 817 (27.0)
182: 778 779 789 810 (26.0)
183: 774 790 792 806 815 (28.0)
184: 786 800 804 (24.0)
185: 762 813 818 830 844 (27.0)
186: 791 796 803 814 821 832 (30.0)
187: 819 824 843 847 858 (26.0)
188: 785 795 822 837 (30.0)
189: 801 809 812 820 839 (30.0)
190: 798 805 828 836 862 863 (30.0)
191: 825 833 854 865 (30.0)
192: 802 811 826 842 (29.0)
193: 816 841 849 851 (29.0)
194: 827 829 831 834 838 846 848 856 (30.0)
195: 850 855 859 (30.0)
196: 823 840 857 877 887 897 (30.0)
197: 845 853 869 870 886 (30.0)
198: 860 861 864 868 872 874 876 894 (32.0)
199: 835 866 871 879 883 890 (30.0)
200: 873 878 880 895 (30.0)
201: 882 889 905 908 917 923 (30.0)
202: 884 898 903 919 (30.0)
203: 852 875 881 914 932 (30.0)
204: 867 893 906 940 (30.0)
205: 891 904 911 929 (30.0)
206: 885 888 892 909 937 956 (30.0)
207: 901 912 913 915 926 954 (29.0)
208: 896 899 916 920 928 949 (30.0)
209: 900 907 910 925 931 933 (30.0)
210: 922 935 936 944 947 973 (30.0)
211: 924 939 951 967 (24.0)
212: 902 921 927 930 938 941 946 972 (28.0)
213: 942 948 950 953 976 (30.0)
214: 934 943 (30.0)
215: 918 945 952 958 962 963 (28.0)
216: 957 960 (30.0)
217: 959 969 980 987 991 (27.0)
218: 974 985 992 (30.0)
219: 978 979 990 (30.0)
220: 964 965 975 977 993 998 (30.0)
221: 968 984 986 989 994 (29.0)
222: 955 961 970 981 982 983 988 996 (30.0)
223: 966 971 995 997 999 (30.0)
