Name: 1000-40-75
Time: 31.423739910125732 
Result: 36054
Solution:  3 8 8 2 5 7 2 3 0 0 2 0 1 8 3 0 4 3 3 1 7 8 3 6 2 8 8 11 4 7 8 4 9 10 10 15 5 12 7 18 16 15 13 9 8 14 3 9 10 12 16 6 9 14 13 5 19 12 15 6 15 15 13 11 15 8 15 18 15 21 12 17 19 14 26 14 12 27 19 23 15 12 21 16 22 21 17 21 22 29 21 24 23 21 24 20 18 25 24 23 25 25 24 25 25 34 21 20 26 21 34 33 32 27 21 22 30 29 30 22 31 23 32 28 32 30 27 32 34 31 30 28 39 29 33 27 33 30 34 36 33 37 36 41 37 35 37 40 39 31 32 41 39 47 44 36 34 43 42 35 39 39 44 39 40 42 41 38 43 38 38 42 47 43 41 45 45 47 37 43 52 40 46 43 51 47 52 42 47 48 43 50 48 46 49 50 49 47 47 44 46 50 54 50 51 47 52 57 53 53 61 56 54 50 55 60 50 53 49 60 60 52 52 56 59 59 47 55 54 56 57 52 53 64 51 60 62 61 62 58 63 60 68 60 57 67 66 66 66 69 54 61 65 60 65 64 61 72 68 67 61 67 62 59 69 74 61 58 63 67 67 64 70 70 67 72 69 67 65 62 77 65 70 79 70 73 67 68 75 76 73 81 72 71 74 75 80 77 73 80 74 75 69 79 77 74 78 79 78 71 83 72 78 82 73 71 81 74 75 76 83 76 84 79 77 75 87 76 89 82 81 85 80 80 85 87 89 86 82 82 88 86 79 79 86 83 94 84 88 91 84 89 86 82 89 83 89 88 88 81 87 93 92 93 85 85 91 84 93 101 92 93 90 97 90 91 94 92 94 96 87 95 96 96 92 98 97 88 97 91 94 91 98 104 91 96 99 96 90 92 101 108 107 100 95 105 100 100 102 95 101 102 103 98 101 104 104 105 107 103 102 104 106 99 106 105 113 101 108 106 107 109 106 108 110 107 100 105 109 116 113 107 110 113 111 107 109 106 111 114 113 112 112 110 117 108 114 114 114 110 117 118 116 115 119 115 109 115 117 118 112 109 113 116 119 118 116 123 123 122 115 121 120 120 121 126 118 124 120 117 123 114 121 121 121 120 115 114 125 123 127 115 129 124 125 122 118 125 126 123 128 122 116 129 133 125 133 120 129 120 127 120 124 120 123 122 128 128 130 119 128 129 129 137 121 135 130 128 130 131 124 128 131 126 131 131 130 133 136 129 131 133 135 131 136 131 135 130 139 132 134 136 132 134 138 139 133 129 128 140 139 140 136 137 144 134 137 141 132 137 135 135 131 142 136 144 149 136 141 146 149 142 144 139 140 142 147 142 138 142 138 143 149 137 138 140 150 145 140 145 145 139 148 141 143 148 150 146 144 137 141 147 150 145 140 144 154 145 154 150 146 144 153 142 148 149 145 144 152 152 156 153 154 148 152 153 151 151 151 147 161 156 152 154 158 151 157 154 149 149 155 156 162 159 157 157 157 152 150 159 154 156 156 157 155 154 161 158 158 155 159 156 158 152 161 159 165 160 167 157 163 165 167 163 153 164 162 160 164 160 163 167 164 169 156 164 162 163 169 164 169 164 168 167 161 168 172 166 167 165 169 161 166 169 170 161 165 166 167 162 170 175 176 169 166 175 164 168 173 177 168 168 170 165 173 172 168 165 170 171 172 172 165 172 173 178 176 176 167 167 174 171 174 177 174 175 178 180 181 173 186 175 174 172 179 179 174 179 173 187 180 176 176 181 176 180 185 182 176 181 177 182 183 181 183 175 181 186 188 186 178 186 180 183 175 184 184 187 184 185 184 185 188 181 189 191 184 182 186 183 180 186 192 181 191 185 188 190 189 187 192 188 186 188 190 193 185 183 184 189 194 190 191 196 191 196 192 189 199 187 191 198 189 186 193 196 192 186 194 193 193 193 190 190 194 197 196 189 197 199 195 195 193 193 190 195 194 197 198 198 202 205 198 204 205 200 199 195 201 199 203 203 200 198 198 203 201 202 207 201 203 199 196 202 200 210 197 202 202 208 207 209 204 201 200 201 205 206 211 206 211 206 203 204 212 207 216 202 208 200 208 213 204 205 206 213 208 213 214 210 211 209 204 216 208 212 213 215 217 211 218 210 213 209 212 221 213 216 209 212 215 215 217 215 214 219 209 221 215 220 216 218 209 215 214 219 221 216 222 222 218 222 219 222 221 212 218 219 218 219 216 221 217 221 220 221 217 222 217 216
0: 8 9 11 15 (43.0)
1: 12 19 (41.0)
2: 3 6 10 24 (28.0)
3: 0 7 14 17 18 22 46 (33.0)
4: 16 28 31 (45.0)
5: 4 36 55 (40.0)
6: 23 51 59 (40.0)
7: 5 20 29 38 (44.0)
8: 1 2 13 21 25 26 30 44 65 (32.0)
9: 32 43 47 52 (44.0)
10: 33 34 48 (48.0)
11: 27 63 (46.0)
12: 37 49 57 70 76 81 (41.0)
13: 42 54 62 (43.0)
14: 45 53 73 75 (43.0)
15: 35 41 58 60 61 64 66 68 80 (41.0)
16: 40 50 83 (50.0)
17: 71 86 (43.0)
18: 39 67 96 (55.0)
19: 56 72 78 (46.0)
20: 95 107 (40.0)
21: 69 82 85 87 90 93 106 109 114 (44.0)
22: 84 88 115 119 (44.0)
23: 79 92 99 121 (57.0)
24: 91 94 98 102 (44.0)
25: 97 100 101 103 104 (47.0)
26: 74 108 (40.0)
27: 77 113 126 135 (44.0)
28: 123 131 (44.0)
29: 89 117 133 (44.0)
30: 116 118 125 130 137 (50.0)
31: 120 129 149 (42.0)
32: 112 122 124 127 150 (40.0)
33: 111 134 136 140 (41.0)
34: 105 110 128 138 156 (43.0)
35: 145 159 (54.0)
36: 139 142 155 (55.0)
37: 141 144 146 178 (44.0)
38: 167 169 170 (45.0)
39: 132 148 152 160 161 163 (43.0)
40: 147 164 181 (42.0)
41: 143 151 166 174 (47.0)
42: 158 165 171 187 (51.0)
43: 157 168 173 179 183 190 (45.0)
44: 154 162 199 (42.0)
45: 175 176 (41.0)
46: 182 193 200 (51.0)
47: 153 172 177 185 188 197 198 205 226 (43.0)
48: 189 192 (52.0)
49: 194 196 218 (54.0)
50: 191 195 201 203 213 216 (44.0)
51: 184 204 234 (52.0)
52: 180 186 206 221 222 231 (52.0)
53: 208 209 217 232 (44.0)
54: 202 212 228 250 (52.0)
55: 214 227 (43.0)
56: 211 223 229 (48.0)
57: 207 230 244 (44.0)
58: 239 267 (48.0)
59: 224 225 263 (47.0)
60: 215 219 220 235 241 243 253 (45.0)
61: 210 237 251 256 260 266 (48.0)
62: 236 238 262 279 (41.0)
63: 240 268 (43.0)
64: 233 255 271 (45.0)
65: 252 254 278 281 (47.0)
66: 246 247 248 (49.0)
67: 245 259 261 269 270 274 277 286 (45.0)
68: 242 258 287 (52.0)
69: 249 264 276 302 (59.0)
70: 272 273 282 284 (58.0)
71: 293 309 315 (45.0)
72: 257 275 292 311 (45.0)
73: 285 290 298 314 (46.0)
74: 265 294 300 305 317 (52.0)
75: 288 295 301 318 325 (63.0)
76: 289 319 321 327 (47.0)
77: 280 297 304 324 (70.0)
78: 306 308 312 (56.0)
79: 283 303 307 323 342 343 (74.0)
80: 296 299 332 333 (54.0)
81: 291 316 330 359 (55.0)
82: 313 329 338 339 353 (67.0)
83: 310 320 345 355 (42.0)
84: 322 347 350 367 (48.0)
85: 331 334 364 365 (50.0)
86: 337 341 344 352 (54.0)
87: 326 335 360 380 (67.0)
88: 340 348 357 358 387 (66.0)
89: 328 336 351 354 356 (70.0)
90: 372 374 398 (42.0)
91: 349 366 375 389 391 394 (68.0)
92: 362 370 377 384 399 (74.0)
93: 361 363 368 371 (57.0)
94: 346 376 378 390 (61.0)
95: 381 404 409 (58.0)
96: 379 382 383 395 397 (55.0)
97: 373 386 388 (52.0)
98: 385 392 413 (55.0)
99: 396 423 (52.0)
100: 403 406 407 436 (55.0)
101: 369 400 410 414 427 (53.0)
102: 408 411 420 (51.0)
103: 412 419 (56.0)
104: 393 415 416 421 (46.0)
105: 405 417 425 437 (48.0)
106: 422 424 429 432 447 (57.0)
107: 402 418 430 435 441 445 (50.0)
108: 401 428 433 455 (47.0)
109: 431 438 446 466 471 (64.0)
110: 434 442 453 459 (56.0)
111: 444 448 (69.0)
112: 451 452 470 (52.0)
113: 426 440 443 450 472 (55.0)
114: 449 456 457 458 491 497 (65.0)
115: 463 465 467 480 496 501 (67.0)
116: 439 462 473 476 512 (46.0)
117: 454 460 468 489 (54.0)
118: 461 469 475 486 506 (51.0)
119: 464 474 529 (52.0)
120: 482 483 488 495 517 519 521 523 (63.0)
121: 481 484 492 493 494 534 (61.0)
122: 479 505 511 525 (65.0)
123: 477 478 490 499 509 524 (75.0)
124: 487 503 522 540 (52.0)
125: 498 504 507 515 (61.0)
126: 485 508 543 (56.0)
127: 500 520 (49.0)
128: 510 526 527 530 537 541 568 (66.0)
129: 502 513 518 531 532 549 567 (58.0)
130: 528 536 538 546 557 (62.0)
131: 539 542 544 545 550 553 555 582 (70.0)
132: 559 562 578 (44.0)
133: 514 516 547 551 566 (62.0)
134: 560 563 575 (68.0)
135: 535 552 556 580 581 (49.0)
136: 548 554 561 572 584 587 (53.0)
137: 533 573 576 579 603 619 (55.0)
138: 564 598 600 604 (45.0)
139: 558 565 570 593 611 (50.0)
140: 569 571 594 605 608 624 (67.0)
141: 577 588 613 620 (52.0)
142: 583 591 595 597 599 633 (75.0)
143: 601 614 (74.0)
144: 574 585 592 618 625 631 637 (75.0)
145: 607 609 610 623 627 636 (75.0)
146: 589 617 630 (56.0)
147: 596 621 649 (73.0)
148: 612 615 634 643 (71.0)
149: 586 590 602 635 658 659 (66.0)
150: 606 616 622 629 668 (47.0)
151: 646 647 648 655 (62.0)
152: 638 639 644 652 667 683 (75.0)
153: 632 641 645 694 (74.0)
154: 626 628 642 653 657 670 675 (75.0)
155: 660 674 679 (74.0)
156: 640 651 661 671 672 681 704 (69.0)
157: 656 664 665 666 673 689 (74.0)
158: 654 677 678 682 (75.0)
159: 663 669 680 685 (69.0)
160: 687 697 699 (47.0)
161: 650 676 684 714 721 725 (72.0)
162: 662 696 706 729 (75.0)
163: 690 693 700 707 (62.0)
164: 695 698 702 705 709 711 736 (73.0)
165: 686 691 719 726 743 747 752 (70.0)
166: 717 722 727 734 (52.0)
167: 688 692 701 713 718 728 758 759 (73.0)
168: 712 715 737 740 741 746 (67.0)
169: 703 708 710 720 723 733 (68.0)
170: 724 730 742 748 (75.0)
171: 749 761 (50.0)
172: 716 745 750 751 753 773 (75.0)
173: 738 744 754 769 778 (74.0)
174: 760 762 764 772 776 (74.0)
175: 731 735 765 771 795 804 (73.0)
176: 732 756 757 781 782 784 788 (75.0)
177: 739 763 790 (74.0)
178: 755 766 800 (61.0)
179: 774 775 777 (75.0)
180: 767 780 785 802 820 (51.0)
181: 768 783 789 793 796 813 823 (67.0)
182: 787 791 817 (50.0)
183: 792 794 803 819 837 (68.0)
184: 805 806 808 810 816 838 (75.0)
185: 786 809 811 825 836 (73.0)
186: 770 797 799 801 818 821 832 853 857 (75.0)
187: 779 807 829 849 (68.0)
188: 798 812 826 831 833 (58.0)
189: 814 828 839 847 852 867 (74.0)
190: 827 834 841 862 863 874 (64.0)
191: 815 824 842 844 850 (65.0)
192: 822 830 846 856 (75.0)
193: 835 854 859 860 861 872 873 (73.0)
194: 840 858 864 876 (74.0)
195: 870 871 875 887 (68.0)
196: 843 845 855 866 902 (75.0)
197: 865 868 877 906 (75.0)
198: 851 878 879 882 893 894 (75.0)
199: 848 869 886 889 901 (73.0)
200: 885 892 904 914 929 (75.0)
201: 888 896 899 913 915 (74.0)
202: 880 897 903 907 908 927 (75.0)
203: 890 891 895 900 922 (73.0)
204: 883 912 923 932 942 (69.0)
205: 881 884 916 933 (59.0)
206: 917 919 921 934 (75.0)
207: 898 910 925 (75.0)
208: 909 928 930 936 944 (73.0)
209: 911 941 953 958 966 972 (74.0)
210: 905 939 951 (82.0)
211: 918 920 940 949 (75.0)
212: 924 945 954 959 985 (75.0)
213: 931 935 937 946 952 956 (73.0)
214: 938 964 974 (74.0)
215: 947 960 961 963 968 973 (75.0)
216: 926 943 957 970 977 990 999 (75.0)
217: 948 962 992 996 998 (74.0)
218: 950 971 980 986 988 (76.0)
219: 965 975 982 987 989 (75.0)
220: 969 994 (76.0)
221: 955 967 976 984 991 993 995 (70.0)
222: 978 979 981 983 997 (54.0)
