Name: 100-40-75
Time: 6.457624435424805 
Result: 19
Solution:  2 4 5 2 6 0 0 2 1 4 0 7 0 0 4 6 5 0 8 1 4 11 1 9 3 3 8 3 12 6 2 6 11 5 3 7 9 1 11 1 4 4 12 9 7 9 7 17 3 6 9 6 2 11 14 5 13 14 9 13 13 15 14 11 12 15 13 18 8 16 5 12 16 18 16 10 12 10 16 14 10 12 13 11 10 16 16 17 16 15 17 15 17 14 15 18 18 15 18 15
0: 5 6 10 12 13 17 (50.0)
1: 8 19 22 37 39 (68.0)
2: 0 3 7 30 52 (53.0)
3: 24 25 27 34 48 (67.0)
4: 1 9 14 20 40 41 (65.0)
5: 2 16 33 55 70 (64.0)
6: 4 15 29 31 49 51 (66.0)
7: 11 35 44 46 (69.0)
8: 18 26 68 (55.0)
9: 23 36 43 45 50 58 (50.0)
10: 75 77 80 84 (54.0)
11: 21 32 38 53 63 83 (62.0)
12: 28 42 64 71 76 81 (66.0)
13: 56 59 60 66 82 (62.0)
14: 54 57 62 79 93 (57.0)
15: 61 65 89 91 94 97 99 (64.0)
16: 69 72 74 78 85 86 88 (65.0)
17: 47 87 90 92 (56.0)
18: 67 73 95 96 98 (57.0)
