Name: 1000-40-75
Time: 61.13151001930237 
Result: 55
Solution:  4 1 1 5 5 6 1 1 0 0 1 4 3 0 0 2 8 10 1 2 10 0 9 7 1 9 8 7 6 6 9 4 2 15 8 9 2 10 12 13 6 9 9 8 6 11 9 12 3 11 17 17 20 16 12 11 15 10 13 14 15 17 16 17 20 9 20 13 10 23 17 14 21 18 16 11 12 23 22 21 18 18 23 19 18 18 18 24 22 19 23 28 15 23 25 21 23 28 23 27 25 25 20 25 26 23 20 26 24 25 24 31 32 29 26 22 30 33 36 31 38 26 32 28 32 27 30 32 29 30 30 33 28 27 33 36 36 36 32 35 35 37 37 31 37 29 36 38 36 43 39 41 36 35 41 34 36 38 37 34 35 37 42 39 39 46 41 42 49 39 33 40 48 38 46 40 44 51 41 42 54 40 45 50 55 49 50 43 45 47 49 50 44 54 52 51 48 51 52 45 47 50 52 49 48 51 49 54 55 51 51 60 46 49 57 54 50 53 58 52 51 52 54 62 56 54 54 56 52 57 61 59 53 67 55 54 61 67 53 65 60 53 67 60 63 54 61 67 64 67 59 65 69 59 66 57 61 61 64 62 69 57 66 70 65 74 67 58 68 62 71 59 63 68 60 66 70 68 68 72 74 74 74 77 66 71 77 68 71 75 74 69 73 72 70 76 81 80 73 79 79 73 71 74 77 74 77 76 79 72 82 69 78 82 72 71 75 78 81 80 82 76 75 79 84 74 89 74 84 80 81 89 83 85 85 78 78 86 80 85 88 89 82 82 91 87 87 88 85 83 88 87 87 82 82 81 87 90 91 85 90 89 94 87 94 90 94 96 88 98 93 92 86 98 86 94 93 91 93 95 97 99 95 96 91 98 97 89 95 98 96 91 100 95 90 101 99 98 91 92 101 106 98 102 105 96 99 101 104 105 100 93 103 102 107 106 108 109 105 109 104 98 103 99 104 103 104 107 107 112 106 108 110 102 110 106 100 106 110 110 108 103 109 114 111 108 107 107 116 117 113 112 112 110 113 112 115 117 116 115 115 111 120 116 119 117 111 113 115 118 117 118 116 123 120 120 118 119 113 116 114 120 112 123 113 114 126 128 112 123 123 123 122 121 124 119 119 129 129 123 125 121 122 121 123 121 117 119 131 124 129 120 118 128 122 133 131 122 129 128 127 118 125 131 118 126 128 128 129 128 127 124 129 129 129 132 132 137 127 132 131 136 131 126 126 136 124 127 134 134 133 133 132 133 131 132 134 134 129 130 135 134 139 133 140 136 142 134 133 135 136 143 133 137 137 139 134 135 138 140 141 131 136 138 139 144 148 139 148 140 143 143 141 141 140 142 145 141 142 138 140 143 146 137 139 141 144 144 139 137 141 151 140 145 142 147 146 146 146 146 146 147 144 153 141 144 147 148 156 146 145 144 150 141 148 150 143 153 149 153 154 151 152 146 150 155 152 154 155 150 159 155 148 156 154 149 153 157 152 155 151 152 163 156 160 156 164 152 151 158 157 158 155 158 156 160 158 158 160 152 159 156 157 160 165 153 164 159 165 159 159 168 166 163 167 164 163 163 156 161 165 168 166 161 163 167 165 167 170 160 165 164 166 163 164 164 170 166 170 162 172 164 168 170 169 161 160 163 167 168 169 175 167 171 162 176 162 163 174 176 173 165 169 168 166 173 173 173 169 170 181 172 171 173 174 167 173 175 174 176 174 171 172 177 175 171 171 172 177 180 173 171 172 172 179 179 177 175 173 170 183 183 177 178 180 182 185 177 186 187 178 181 174 185 186 175 173 184 184 186 182 179 179 183 181 178 180 192 183 184 193 187 186 181 185 185 186 184 178 183 181 190 192 184 190 189 188 196 188 187 193 181 187 186 192 191 182 187 189 190 189 194 193 191 190 190 191 185 200 191 188 187 189 188 194 192 187 198 194 194 197 199 196 188 196 195 199 191 196 195 197 197 197 198 200 197 198 199 195 198 203 200 203 202 205 195 200 203 201 204 199 201 198 207 194 205 199 202 207 201 203 203 200 205 196 198 196 200 206 200 204 204 208 206 205 201 206 206 207 209 212 208 206 202 203 214 209 208 202 201 209 210 211 208 206 212 209 214 212 210 211 210 211 215 214 210 208 213 212 210 218 216 211 209 211 221 218 213 207 216 215 216 221 215 213 208 211 221 211 220 219 217 214 210 213 217 219 219 222 222 217 222 218 212 219 216 218 216 218 218 219 222 219 221 220 221 222 221 217 215
0: 8 9 13 14 21 (42.0)
1: 1 2 6 7 10 18 24 (21.0)
2: 15 19 32 36 (41.0)
3: 12 48 (42.0)
4: 0 11 31 (47.0)
5: 3 4 (44.0)
6: 5 28 29 40 44 (44.0)
7: 23 27 (48.0)
8: 16 26 34 43 (50.0)
9: 22 25 30 35 41 42 46 65 (28.0)
10: 17 20 37 57 68 (43.0)
11: 45 49 55 75 (40.0)
12: 38 47 54 76 (41.0)
13: 39 58 67 (56.0)
14: 59 71 (46.0)
15: 33 56 60 92 (43.0)
16: 53 62 74 (51.0)
17: 50 51 61 63 70 (43.0)
18: 73 80 81 84 85 86 (45.0)
19: 83 89 (51.0)
20: 52 64 66 102 106 (43.0)
21: 72 79 95 (49.0)
22: 78 88 115 (42.0)
23: 69 77 82 90 93 96 98 105 (28.0)
24: 87 108 110 (45.0)
25: 94 100 101 103 109 (41.0)
26: 104 107 114 121 (41.0)
27: 99 125 133 (50.0)
28: 91 97 123 132 (41.0)
29: 113 128 145 (44.0)
30: 116 126 129 130 (47.0)
31: 111 119 143 (42.0)
32: 112 122 124 127 138 (41.0)
33: 117 131 134 170 (54.0)
34: 155 159 (63.0)
35: 139 140 153 160 (44.0)
36: 118 135 136 137 146 148 152 156 (45.0)
37: 141 142 144 158 161 (47.0)
38: 120 147 157 173 (43.0)
39: 150 163 164 169 (40.0)
40: 171 175 181 (51.0)
41: 151 154 166 178 (41.0)
42: 162 167 179 (46.0)
43: 149 187 (42.0)
44: 176 192 (57.0)
45: 182 188 199 (40.0)
46: 165 174 212 (41.0)
47: 189 200 (50.0)
48: 172 196 204 (56.0)
49: 168 185 190 203 206 213 (44.0)
50: 183 186 191 201 216 (43.0)
51: 177 195 197 205 209 210 220 (42.0)
52: 194 198 202 219 221 228 (55.0)
53: 217 232 238 241 (40.0)
54: 180 193 207 215 222 225 226 235 245 (40.0)
55: 184 208 234 (43.0)
56: 224 227 (42.0)
57: 214 229 255 261 (49.0)
58: 218 267 (44.0)
59: 231 250 253 271 (46.0)
60: 211 240 243 274 (45.0)
61: 230 236 246 256 257 (44.0)
62: 223 259 269 (45.0)
63: 244 272 (53.0)
64: 248 258 (46.0)
65: 239 251 264 (51.0)
66: 254 262 275 284 (48.0)
67: 233 237 242 247 249 266 (55.0)
68: 268 273 277 278 287 (56.0)
69: 252 260 291 311 (48.0)
70: 263 276 294 (57.0)
71: 270 285 288 302 315 (59.0)
72: 279 293 309 314 (48.0)
73: 292 298 301 (50.0)
74: 265 280 281 282 290 303 305 325 327 (56.0)
75: 289 316 322 (40.0)
76: 295 307 321 (53.0)
77: 283 286 304 306 (59.0)
78: 312 317 335 336 (68.0)
79: 299 300 308 323 (75.0)
80: 297 319 329 338 (48.0)
81: 296 318 330 355 (49.0)
82: 310 313 320 342 343 353 354 (69.0)
83: 332 349 (52.0)
84: 324 328 (55.0)
85: 333 334 339 348 359 (51.0)
86: 337 372 374 (44.0)
87: 345 346 351 352 356 363 (64.0)
88: 340 347 350 368 (51.0)
89: 326 331 341 361 387 (61.0)
90: 357 360 365 394 (54.0)
91: 344 358 377 384 391 398 (67.0)
92: 371 399 (48.0)
93: 370 376 378 411 (66.0)
94: 362 364 366 375 (56.0)
95: 379 382 388 393 (64.0)
96: 367 383 390 405 (48.0)
97: 380 386 (48.0)
98: 369 373 385 389 397 402 421 (47.0)
99: 381 396 406 423 (57.0)
100: 392 410 436 (50.0)
101: 395 400 407 (45.0)
102: 403 413 433 (46.0)
103: 412 422 425 441 (51.0)
104: 408 420 424 426 (51.0)
105: 404 409 418 (62.0)
106: 401 415 430 435 437 (62.0)
107: 414 427 428 446 447 (47.0)
108: 416 431 440 445 (62.0)
109: 417 419 442 (74.0)
110: 432 434 438 439 453 (56.0)
111: 444 461 466 (66.0)
112: 429 451 452 455 482 488 (75.0)
113: 450 454 467 478 484 (54.0)
114: 443 480 485 (59.0)
115: 456 459 460 468 (61.0)
116: 448 458 463 472 479 (71.0)
117: 449 457 465 470 506 (51.0)
118: 469 471 476 512 521 524 (48.0)
119: 464 477 495 496 507 (55.0)
120: 462 474 475 481 511 (55.0)
121: 493 501 503 505 (60.0)
122: 492 502 514 517 (56.0)
123: 473 483 489 490 491 499 504 (58.0)
124: 494 509 531 546 (50.0)
125: 500 522 (62.0)
126: 486 525 543 544 (66.0)
127: 520 530 538 547 (71.0)
128: 487 513 519 526 527 529 (68.0)
129: 497 498 510 518 528 532 533 534 558 (70.0)
130: 559 (42.0)
131: 508 516 523 540 542 554 581 (64.0)
132: 535 536 539 552 555 (56.0)
133: 515 550 551 553 563 568 572 (65.0)
134: 548 549 556 557 561 567 576 (64.0)
135: 560 569 577 (75.0)
136: 541 545 565 570 582 (55.0)
137: 537 573 574 603 609 (67.0)
138: 578 583 599 (59.0)
139: 562 575 584 587 604 608 (60.0)
140: 564 579 589 594 600 612 (75.0)
141: 580 592 593 597 605 610 624 633 (59.0)
142: 566 595 598 614 (60.0)
143: 571 590 591 601 636 (60.0)
144: 585 606 607 622 625 631 (65.0)
145: 596 613 630 (65.0)
146: 602 616 617 618 619 620 629 643 (72.0)
147: 615 621 626 (66.0)
148: 586 588 627 634 652 (72.0)
149: 638 655 (54.0)
150: 632 635 644 649 (75.0)
151: 611 641 660 668 (61.0)
152: 642 646 658 661 667 679 (67.0)
153: 623 637 639 656 685 (73.0)
154: 640 647 654 (50.0)
155: 645 648 651 659 672 (54.0)
156: 628 653 663 665 674 681 698 (66.0)
157: 657 670 682 (57.0)
158: 669 671 673 676 677 (53.0)
159: 650 680 687 689 690 (74.0)
160: 664 675 678 683 709 726 (70.0)
161: 699 703 725 (43.0)
162: 719 734 736 (58.0)
163: 662 693 696 697 704 713 727 737 (75.0)
164: 666 686 695 711 714 715 721 (66.0)
165: 684 688 700 706 710 741 (75.0)
166: 692 702 712 717 744 (53.0)
167: 694 705 707 728 732 755 (73.0)
168: 691 701 722 729 743 (75.0)
169: 724 730 742 748 (75.0)
170: 708 716 718 723 749 779 (74.0)
171: 733 752 761 765 766 771 (73.0)
172: 720 751 762 767 772 773 (74.0)
173: 740 745 746 747 753 756 770 778 796 (75.0)
174: 738 754 758 760 792 (60.0)
175: 731 757 764 777 795 (75.0)
176: 735 739 759 (75.0)
177: 763 768 776 782 787 (67.0)
178: 783 790 805 818 (75.0)
179: 774 775 801 802 (75.0)
180: 769 784 806 (74.0)
181: 750 791 804 813 820 831 (74.0)
182: 785 800 836 (56.0)
183: 780 781 803 808 819 (75.0)
184: 797 798 809 817 823 (60.0)
185: 786 793 814 815 847 (74.0)
186: 788 794 799 812 816 833 (61.0)
187: 789 811 829 832 837 851 856 (75.0)
188: 826 828 850 853 863 (66.0)
189: 825 838 840 852 (66.0)
190: 821 824 839 844 845 (67.0)
191: 835 843 846 849 867 (75.0)
192: 807 822 834 855 (75.0)
193: 810 830 842 (75.0)
194: 841 854 858 859 894 (75.0)
195: 865 869 878 885 (74.0)
196: 827 862 864 868 904 906 (75.0)
197: 860 870 871 872 875 (75.0)
198: 857 873 876 879 892 905 (75.0)
199: 861 866 877 890 896 (75.0)
200: 848 874 881 886 902 907 909 (68.0)
201: 888 891 899 915 929 (74.0)
202: 883 897 923 928 (75.0)
203: 880 882 887 900 901 924 (60.0)
204: 889 910 911 (73.0)
205: 884 895 903 914 (75.0)
206: 908 913 916 917 922 934 (71.0)
207: 893 898 918 958 (75.0)
208: 912 921 927 933 946 965 (75.0)
209: 919 926 930 936 953 (73.0)
210: 931 939 941 945 949 973 (74.0)
211: 932 940 942 952 954 966 968 (73.0)
212: 920 935 938 948 983 (75.0)
213: 947 957 964 974 (64.0)
214: 925 937 944 972 (75.0)
215: 943 960 963 999 (75.0)
216: 951 959 961 985 987 (75.0)
217: 971 975 980 998 (59.0)
218: 950 956 982 986 988 989 (74.0)
219: 970 976 977 984 990 992 (73.0)
220: 969 994 (76.0)
221: 955 962 967 993 995 997 (58.0)
222: 978 979 981 991 996 (75.0)
