Name: 1000-30-50
Time: 31.126481294631958 
Result: 29031
Solution:  0 1 1 2 0 5 1 1 7 1 2 7 3 3 2 4 5 7 12 3 4 2 2 5 5 10 2 7 13 8 13 9 6 2 15 8 2 17 10 3 11 17 10 8 7 13 9 13 12 11 11 15 10 14 11 12 16 15 19 6 16 17 24 13 16 13 19 14 17 22 16 14 18 17 19 12 19 17 20 19 13 26 17 25 18 19 27 21 16 25 17 19 23 15 28 22 18 19 22 24 21 25 24 22 20 22 22 26 30 26 26 33 28 30 23 27 27 26 28 23 34 25 28 33 34 30 39 38 28 31 33 26 32 32 34 35 27 36 37 29 31 37 42 35 30 36 34 29 38 31 40 36 32 40 38 42 39 39 42 38 42 42 43 37 36 37 40 39 35 42 38 41 48 43 43 49 48 44 46 37 42 44 46 46 45 44 45 47 49 45 51 44 45 53 51 47 49 48 46 51 41 48 55 48 50 58 50 55 50 45 58 58 49 57 59 56 51 51 53 52 58 49 55 52 50 54 55 48 58 47 53 51 52 55 55 53 57 53 56 58 63 55 54 53 61 57 62 56 64 60 58 68 57 63 64 57 59 65 66 63 56 60 65 64 55 64 69 62 62 66 67 65 64 66 66 59 65 67 62 65 69 69 69 65 68 62 70 68 71 65 61 70 68 64 64 66 64 70 69 61 71 74 69 67 65 72 65 78 70 71 68 67 72 74 73 75 70 70 72 73 67 74 83 79 75 76 74 72 72 68 78 80 72 81 72 74 69 70 82 83 77 80 75 83 77 72 78 73 82 79 80 80 77 86 78 78 82 78 85 76 86 89 81 81 82 91 85 80 90 85 86 80 75 85 82 84 79 85 87 87 88 87 85 88 91 83 83 80 82 88 97 82 93 83 89 89 88 93 85 85 88 83 84 93 83 85 90 94 94 92 92 92 98 92 84 94 86 92 91 89 96 90 94 92 95 94 97 97 93 96 95 96 99 99 94 99 96 99 93 93 90 97 99 97 102 96 96 97 102 101 107 101 104 96 104 99 108 98 108 101 104 97 99 105 106 96 103 110 104 104 100 107 106 107 98 107 104 97 103 109 102 104 103 105 98 108 113 107 107 100 101 103 108 105 105 105 113 115 110 109 110 108 115 110 112 106 114 109 114 110 109 112 111 111 112 116 108 111 109 113 119 115 111 117 119 116 120 115 123 113 114 117 117 115 112 108 120 120 116 118 118 116 120 121 116 126 119 120 126 119 124 123 129 116 126 115 124 122 114 117 123 121 115 121 122 126 123 128 125 125 122 122 130 127 127 127 127 124 119 119 127 121 128 132 120 125 130 121 133 128 132 128 135 135 123 129 130 133 135 126 132 135 130 128 130 129 134 124 131 133 141 130 128 133 131 127 137 132 134 136 136 132 134 133 134 131 137 135 131 135 139 134 135 138 136 138 137 134 140 133 145 142 145 138 147 144 142 133 136 141 134 143 137 140 147 141 143 140 139 140 143 147 145 135 142 140 144 144 140 141 146 143 145 140 151 139 139 144 144 146 145 146 144 138 146 151 150 147 147 142 152 148 146 150 142 156 152 141 153 146 152 155 155 145 144 149 157 157 151 147 150 153 146 159 150 150 155 154 152 149 153 156 153 159 154 148 158 157 154 155 153 153 161 156 155 157 149 152 153 157 162 152 163 159 158 160 161 160 160 154 159 154 161 163 159 165 164 159 159 160 167 161 168 168 162 164 163 163 166 161 160 162 165 164 158 163 166 164 166 167 168 164 171 161 166 162 162 172 162 160 163 165 173 170 168 170 171 167 166 169 171 163 170 168 168 177 166 173 169 169 177 167 181 177 172 176 180 167 179 173 173 170 169 175 177 180 174 172 170 180 178 176 181 180 182 177 176 184 175 178 185 171 178 180 177 174 181 174 178 179 175 178 178 176 179 176 187 183 185 176 174 187 180 178 179 184 188 191 191 181 188 184 178 186 186 179 178 183 181 183 187 186 182 190 188 189 185 183 188 186 189 192 185 191 189 196 187 191 188 192 188 182 186 190 197 191 193 192 183 191 189 186 193 195 190 190 197 188 195 192 185 193 199 193 196 199 193 196 189 198 194 201 197 191 200 202 195 199 197 195 197 192 200 200 194 198 200 205 200 201 196 199 205 200 199 201 203 204 196 199 200 209 194 201 202 203 197 203 197 205 205 207 203 204 206 203 200 207 204 202 208 206 205 206 207 209 209 204 208 201 208 204 206 205 209 207 206 207 208 207
0: 0 4 (32.0)
1: 1 2 6 7 9 (23.0)
2: 3 10 14 21 22 26 33 36 (29.0)
3: 12 13 19 39 (31.0)
4: 15 20 (31.0)
5: 5 16 23 24 (33.0)
6: 32 59 (33.0)
7: 8 11 17 27 44 (32.0)
8: 29 35 43 (37.0)
9: 31 46 (35.0)
10: 25 38 42 52 (38.0)
11: 40 49 50 54 (30.0)
12: 18 48 55 75 (42.0)
13: 28 30 45 47 63 65 80 (31.0)
14: 53 67 71 (42.0)
15: 34 51 57 93 (31.0)
16: 56 60 64 70 88 (32.0)
17: 37 41 61 68 73 77 82 90 (28.0)
18: 72 84 96 (30.0)
19: 58 66 74 76 79 85 91 97 (22.0)
20: 78 104 (33.0)
21: 87 100 (30.0)
22: 69 95 98 103 105 106 (31.0)
23: 92 114 119 (30.0)
24: 62 99 102 (39.0)
25: 83 89 101 121 (34.0)
26: 81 107 109 110 117 131 (31.0)
27: 86 115 116 136 (34.0)
28: 94 112 118 122 128 (30.0)
29: 139 147 (30.0)
30: 108 113 125 144 (32.0)
31: 129 140 149 (36.0)
32: 132 133 152 (30.0)
33: 111 123 130 (34.0)
34: 120 124 134 146 (37.0)
35: 135 143 168 (31.0)
36: 137 145 151 164 (37.0)
37: 138 141 163 165 179 (31.0)
38: 127 148 154 159 170 (30.0)
39: 126 156 157 167 (36.0)
40: 150 153 166 (30.0)
41: 171 200 (35.0)
42: 142 155 158 160 161 169 180 (31.0)
43: 162 173 174 (32.0)
44: 177 181 185 191 (34.0)
45: 184 186 189 192 209 (35.0)
46: 178 182 183 198 (34.0)
47: 187 195 229 (40.0)
48: 172 176 197 201 203 227 (39.0)
49: 175 188 196 212 221 (38.0)
50: 204 206 208 224 (30.0)
51: 190 194 199 216 217 231 (33.0)
52: 219 223 232 (31.0)
53: 193 218 230 235 237 243 (33.0)
54: 225 242 (32.0)
55: 202 207 222 226 233 234 241 264 (33.0)
56: 215 238 247 260 (32.0)
57: 213 236 245 252 255 (43.0)
58: 205 210 211 220 228 239 250 (42.0)
59: 214 256 275 (47.0)
60: 249 261 (36.0)
61: 244 290 299 (36.0)
62: 246 267 268 278 285 (35.0)
63: 240 253 259 (33.0)
64: 248 254 263 265 272 293 294 296 (37.0)
65: 257 262 271 276 279 283 289 304 306 (33.0)
66: 258 269 273 274 295 (40.0)
67: 270 277 303 311 320 (39.0)
68: 251 284 287 292 310 329 (36.0)
69: 266 280 281 282 298 302 336 (38.0)
70: 286 291 297 308 316 317 337 (31.0)
71: 288 300 309 (44.0)
72: 305 312 318 327 328 332 334 345 (33.0)
73: 314 319 347 (38.0)
74: 301 313 321 326 335 (36.0)
75: 315 324 342 372 (31.0)
76: 325 359 (38.0)
77: 340 344 352 (38.0)
78: 307 330 346 354 355 357 (34.0)
79: 323 349 376 (37.0)
80: 331 341 350 351 367 371 387 (45.0)
81: 333 362 363 (38.0)
82: 338 348 356 364 374 388 391 (45.0)
83: 322 339 343 385 386 393 401 404 (37.0)
84: 375 402 414 (35.0)
85: 358 366 369 373 377 382 398 399 405 (35.0)
86: 353 360 370 416 (39.0)
87: 378 379 381 (36.0)
88: 380 383 389 396 400 (36.0)
89: 361 394 395 419 (42.0)
90: 368 406 421 440 (34.0)
91: 365 384 418 (39.0)
92: 409 410 411 413 417 423 (38.0)
93: 392 397 403 428 438 439 (43.0)
94: 407 408 415 422 425 434 (47.0)
95: 424 430 (48.0)
96: 420 429 431 436 445 446 453 465 (40.0)
97: 390 426 427 441 443 447 461 477 (48.0)
98: 412 457 474 484 (44.0)
99: 432 433 435 437 442 455 462 (42.0)
100: 470 489 (51.0)
101: 449 451 459 490 (44.0)
102: 444 448 480 (46.0)
103: 466 478 482 491 (35.0)
104: 452 454 460 468 469 476 481 (50.0)
105: 463 483 493 494 495 (36.0)
106: 464 472 505 (30.0)
107: 450 471 473 475 487 488 (42.0)
108: 456 458 485 492 501 516 535 (39.0)
109: 479 499 507 510 518 (35.0)
110: 467 498 500 503 509 (35.0)
111: 512 513 517 522 (37.0)
112: 504 511 514 534 (46.0)
113: 486 496 519 529 (41.0)
114: 506 508 530 558 (36.0)
115: 497 502 521 527 533 555 562 (37.0)
116: 515 525 538 541 544 553 (43.0)
117: 523 531 532 559 (34.0)
118: 539 540 (39.0)
119: 520 524 546 549 578 579 (44.0)
120: 526 536 537 542 547 584 (33.0)
121: 543 561 563 581 587 (47.0)
122: 557 564 570 571 (47.0)
123: 528 551 560 566 594 (48.0)
124: 550 556 577 607 (38.0)
125: 568 569 585 (39.0)
126: 545 548 554 565 599 (45.0)
127: 573 574 575 576 580 615 (43.0)
128: 567 582 589 591 603 612 (41.0)
129: 552 595 605 (50.0)
130: 572 586 596 602 604 611 (40.0)
131: 608 614 625 628 (50.0)
132: 583 590 600 617 621 (39.0)
133: 588 597 609 613 623 639 647 (50.0)
134: 606 618 622 624 631 637 650 (47.0)
135: 592 593 598 601 627 629 632 663 (45.0)
136: 619 620 634 648 (46.0)
137: 616 626 636 652 (44.0)
138: 633 635 643 683 (33.0)
139: 630 658 675 676 (49.0)
140: 638 653 657 659 665 668 673 (48.0)
141: 610 649 655 669 697 (37.0)
142: 641 646 664 689 694 (39.0)
143: 651 656 660 671 (49.0)
144: 645 666 667 677 678 682 704 (46.0)
145: 640 642 662 672 680 703 (49.0)
146: 670 679 681 684 692 699 712 (50.0)
147: 644 654 661 687 688 709 (52.0)
148: 691 725 (51.0)
149: 705 719 736 (50.0)
150: 686 693 710 714 715 (47.0)
151: 674 685 708 (49.0)
152: 690 696 700 718 737 741 (48.0)
153: 698 711 720 722 730 731 738 (47.0)
154: 717 724 728 749 751 (43.0)
155: 701 702 716 729 734 (37.0)
156: 695 721 733 (38.0)
157: 706 707 727 735 739 (50.0)
158: 726 744 774 (33.0)
159: 713 723 743 750 754 757 758 (50.0)
160: 745 747 748 759 770 789 (41.0)
161: 732 746 752 761 769 783 (50.0)
162: 740 764 771 785 786 788 (47.0)
163: 742 753 766 767 775 790 801 (49.0)
164: 756 765 773 777 781 (38.0)
165: 755 772 791 (49.0)
166: 768 776 778 784 798 806 (50.0)
167: 760 779 797 811 817 (44.0)
168: 762 763 780 794 803 804 (42.0)
169: 799 808 809 822 (42.0)
170: 793 795 802 821 828 (50.0)
171: 782 796 800 841 (50.0)
172: 787 814 827 (48.0)
173: 792 807 819 820 (50.0)
174: 826 845 847 860 (43.0)
175: 823 838 850 (50.0)
176: 815 831 836 853 855 859 (44.0)
177: 805 810 813 824 835 844 (50.0)
178: 830 839 842 848 851 852 863 872 876 (50.0)
179: 818 849 854 864 875 (50.0)
180: 816 825 829 833 843 862 (50.0)
181: 812 832 846 869 878 (43.0)
182: 834 882 901 (50.0)
183: 857 877 879 887 908 (50.0)
184: 837 865 871 (31.0)
185: 840 858 886 892 920 (50.0)
186: 873 874 881 889 902 911 (49.0)
187: 856 861 880 896 (50.0)
188: 866 870 884 888 898 900 917 (50.0)
189: 885 890 894 910 928 (53.0)
190: 883 903 914 915 (49.0)
191: 867 868 893 897 905 909 933 (50.0)
192: 891 899 907 919 941 (53.0)
193: 906 912 921 923 926 (48.0)
194: 930 944 962 (50.0)
195: 913 918 936 939 (50.0)
196: 895 924 927 950 958 (49.0)
197: 904 916 932 938 940 966 968 (50.0)
198: 929 945 (50.0)
199: 922 925 937 951 954 959 (50.0)
200: 934 942 943 946 948 953 960 976 (50.0)
201: 931 949 955 963 989 (50.0)
202: 935 964 979 (51.0)
203: 956 965 967 972 975 (50.0)
204: 957 973 978 987 991 (49.0)
205: 947 952 969 970 982 993 (48.0)
206: 974 981 983 992 996 (50.0)
207: 971 977 984 995 997 999 (50.0)
208: 980 988 990 998 (50.0)
209: 961 985 986 994 (40.0)
