Name: 1000-50-100
Time: 30.334943532943726 
Result: 26074
Solution:  2 0 3 0 0 1 0 4 0 1 0 3 6 2 3 1 1 0 8 1 6 8 4 3 4 7 4 2 3 9 6 10 7 8 7 0 9 15 0 5 5 8 16 7 15 3 8 8 10 7 13 6 8 7 7 11 8 14 8 13 11 16 8 14 10 14 12 15 8 15 11 15 7 14 9 14 8 15 19 20 21 14 16 12 11 17 14 22 13 15 21 14 14 15 23 13 23 19 16 21 18 14 28 16 17 17 24 24 20 21 18 22 16 24 24 22 25 28 19 23 25 15 16 25 30 33 24 29 24 24 22 19 27 24 31 20 35 25 25 23 30 32 29 27 30 30 34 26 27 26 33 34 39 29 29 31 32 31 26 31 34 25 28 28 27 33 28 28 34 36 33 34 33 27 31 36 41 34 27 29 34 35 36 39 35 37 30 34 38 41 45 47 42 32 41 45 37 40 45 42 42 32 39 45 39 38 39 35 42 47 40 43 42 45 36 40 38 46 45 37 46 43 42 48 46 45 46 47 44 40 39 46 51 38 49 42 48 48 46 47 43 50 47 48 45 54 52 46 46 49 49 48 50 52 51 44 50 54 50 49 50 48 57 48 55 56 51 52 51 50 56 52 47 55 52 53 53 51 55 54 57 51 52 55 59 55 52 60 58 58 57 59 50 59 55 59 62 51 58 61 58 52 66 60 53 63 67 57 52 58 57 64 58 61 59 65 67 56 61 65 63 62 66 63 63 65 60 62 63 62 60 66 71 60 61 70 61 69 62 63 64 67 61 68 69 72 65 70 64 69 69 72 70 71 68 71 62 72 66 75 68 65 70 72 76 69 76 70 71 74 73 75 75 76 73 75 74 76 81 69 78 78 80 82 71 78 74 76 73 75 74 75 78 77 79 79 74 78 83 84 80 79 83 79 77 80 81 86 84 76 84 76 81 81 79 82 89 84 80 78 83 84 87 82 83 89 85 85 87 87 89 87 93 88 91 81 87 91 80 90 93 92 82 95 84 94 96 84 90 86 93 91 92 92 93 97 91 83 94 87 88 88 91 96 92 102 96 92 93 85 93 89 91 94 94 98 99 98 99 95 94 94 97 95 90 96 98 102 95 92 102 101 91 96 94 98 103 94 102 100 94 103 102 103 97 104 108 101 105 96 99 97 108 106 100 105 103 102 98 107 104 101 108 106 95 106 103 106 103 105 107 107 106 102 108 104 108 101 107 107 108 102 108 109 112 109 110 113 102 103 113 112 110 111 108 114 109 110 113 102 114 106 108 113 111 111 115 116 110 112 108 109 112 111 117 115 111 114 110 121 111 115 117 114 120 115 118 121 113 118 117 116 120 116 120 111 116 117 117 121 120 112 126 123 117 119 119 127 118 124 120 115 119 118 127 120 120 116 117 126 120 118 124 123 131 117 122 119 123 123 127 124 126 122 119 122 128 124 124 125 129 128 118 124 125 125 131 127 127 129 128 127 124 132 123 128 126 122 134 135 121 122 126 129 131 127 131 126 132 126 130 133 130 131 133 130 136 129 128 127 130 129 129 132 134 130 139 133 131 137 124 128 134 141 132 134 140 130 142 137 134 138 133 130 136 134 139 137 137 138 137 136 135 135 137 134 137 140 133 142 139 140 134 135 146 135 138 138 143 137 138 144 144 141 145 142 134 132 142 143 141 142 141 142 148 143 134 136 143 141 144 146 141 144 142 139 143 142 141 143 147 144 146 138 146 139 149 139 148 146 142 145 149 153 149 148 148 145 153 145 150 148 153 150 148 153 152 153 149 142 156 152 155 152 150 156 149 145 147 148 146 152 147 149 159 158 151 154 150 147 151 152 155 155 151 154 154 157 156 162 155 155 154 151 154 146 153 157 152 161 157 157 159 157 154 150 160 159 152 153 158 160 158 155 160 162 159 159 159 160 158 167 160 157 166 163 153 164 161 155 162 152 162 164 158 164 163 165 156 160 159 163 154 155 168 165 160 161 166 166 162 165 159 164 164 168 165 170 161 163 166 163 162 165 168 165 167 173 164 169 163 161 167 166 167 169 162 171 164 173 168 173 172 172 170 167 176 174 169 171 163 176 170 175 174 171 170 173 166 171 174 175 172 172 171 177 169 179 178 170 179 178 175 178 173 173 174 174 180 175 172 171 175 178 175 176 177 180 181 179 176 174 175 180 175 182 179 180 177 183 183 180 179 175 180 178 183 183 179 180 180 182 182 177 177 176 181 181 182 182 182 183 181 184 184 184 182 184 181 184
0: 1 3 4 6 8 10 17 35 38 (50.0)
1: 5 9 15 16 19 (63.0)
2: 0 13 27 (66.0)
3: 2 11 14 23 28 45 (59.0)
4: 7 22 24 26 (53.0)
5: 39 40 (60.0)
6: 12 20 30 51 (50.0)
7: 25 32 34 43 49 53 54 72 (54.0)
8: 18 21 33 41 46 47 52 56 58 62 68 76 (49.0)
9: 29 36 74 (54.0)
10: 31 48 64 (50.0)
11: 55 60 70 84 (56.0)
12: 66 83 (53.0)
13: 50 59 88 95 (50.0)
14: 57 63 65 73 75 81 86 91 92 101 (51.0)
15: 37 44 67 69 71 77 89 93 121 (50.0)
16: 42 61 82 98 103 112 122 (52.0)
17: 85 104 105 (62.0)
18: 100 110 (60.0)
19: 78 97 118 131 (52.0)
20: 79 108 135 (58.0)
21: 80 90 99 109 (53.0)
22: 87 111 115 130 (55.0)
23: 94 96 119 139 (50.0)
24: 106 107 113 114 126 128 129 133 (50.0)
25: 116 120 123 137 138 161 (54.0)
26: 147 149 158 (53.0)
27: 132 143 148 164 173 178 (59.0)
28: 102 117 162 163 166 167 (54.0)
29: 127 142 153 154 179 (61.0)
30: 124 140 144 145 186 (57.0)
31: 134 155 157 159 174 (67.0)
32: 141 156 193 201 (53.0)
33: 125 150 165 170 172 (59.0)
34: 146 151 160 168 171 177 180 187 (59.0)
35: 136 181 184 207 (62.0)
36: 169 175 182 214 (67.0)
37: 185 196 219 (51.0)
38: 188 205 216 233 (67.0)
39: 152 183 202 204 206 230 (84.0)
40: 197 210 215 229 (56.0)
41: 176 189 194 (58.0)
42: 192 199 200 208 212 222 235 (77.0)
43: 211 221 240 (60.0)
44: 228 255 (50.0)
45: 190 195 198 203 213 218 225 244 (70.0)
46: 217 220 224 226 231 238 247 248 (64.0)
47: 191 209 227 239 242 272 (54.0)
48: 223 236 237 243 251 261 263 (55.0)
49: 234 249 250 259 (60.0)
50: 241 252 256 258 260 269 292 (50.0)
51: 232 254 266 268 277 281 297 (52.0)
52: 246 253 267 271 274 282 286 301 308 (58.0)
53: 275 276 304 (63.0)
54: 245 257 279 (54.0)
55: 264 273 278 283 285 294 (71.0)
56: 265 270 317 (63.0)
57: 262 280 290 307 310 (72.0)
58: 288 289 298 300 309 312 (70.0)
59: 284 291 293 295 314 (68.0)
60: 287 303 326 330 333 (63.0)
61: 299 313 318 334 336 342 (69.0)
62: 296 321 327 329 338 356 (73.0)
63: 305 320 323 324 328 339 (63.0)
64: 311 340 348 (51.0)
65: 315 319 325 346 361 (64.0)
66: 302 322 331 358 (61.0)
67: 306 316 341 (57.0)
68: 343 354 360 (62.0)
69: 337 344 349 350 365 379 (76.0)
70: 335 347 352 362 367 (62.0)
71: 332 353 355 368 384 (80.0)
72: 345 351 357 363 (69.0)
73: 370 374 388 (61.0)
74: 369 376 386 390 396 (67.0)
75: 359 371 372 375 389 391 (74.0)
76: 364 366 373 377 387 409 411 (80.0)
77: 393 404 (54.0)
78: 380 381 385 392 397 419 (88.0)
79: 394 395 401 403 414 (83.0)
80: 382 400 405 418 438 (70.0)
81: 378 406 412 413 435 (73.0)
82: 383 415 423 442 (55.0)
83: 398 402 420 424 457 (79.0)
84: 399 408 410 417 421 444 447 (72.0)
85: 426 427 469 (69.0)
86: 407 449 (54.0)
87: 422 428 429 431 436 459 (63.0)
88: 433 460 461 (52.0)
89: 416 425 430 471 (79.0)
90: 439 448 484 (76.0)
91: 434 437 451 456 462 472 492 (71.0)
92: 441 452 453 464 467 489 (78.0)
93: 432 440 450 454 468 470 (86.0)
94: 445 458 473 474 480 481 494 497 500 (80.0)
95: 443 479 483 488 524 (92.0)
96: 446 463 466 485 493 509 (93.0)
97: 455 482 504 511 (69.0)
98: 475 477 486 495 518 (56.0)
99: 476 478 510 (61.0)
100: 499 514 (70.0)
101: 491 507 521 537 (61.0)
102: 465 487 490 498 502 517 533 541 548 559 (74.0)
103: 496 501 503 516 526 528 549 (74.0)
104: 505 520 535 (76.0)
105: 508 515 529 (52.0)
106: 513 523 525 527 532 561 (80.0)
107: 519 530 531 538 539 (89.0)
108: 506 512 522 534 536 540 542 554 562 570 (95.0)
109: 543 545 556 571 (64.0)
110: 546 552 557 568 578 (76.0)
111: 553 564 565 573 576 580 595 (86.0)
112: 544 551 569 572 601 (85.0)
113: 547 550 558 563 588 (100.0)
114: 555 560 577 583 (56.0)
115: 566 575 581 585 611 (99.0)
116: 567 591 593 596 617 (98.0)
117: 574 582 590 597 598 604 618 625 (93.0)
118: 586 589 608 613 621 642 (97.0)
119: 605 606 612 627 634 (77.0)
120: 584 592 594 600 610 615 616 620 (99.0)
121: 579 587 599 660 (74.0)
122: 626 633 635 657 661 (58.0)
123: 603 623 628 629 654 (77.0)
124: 609 622 631 637 638 643 652 690 (77.0)
125: 639 644 645 (62.0)
126: 602 619 632 656 662 667 669 (86.0)
127: 607 614 630 647 648 651 665 679 (100.0)
128: 636 641 650 655 678 691 (63.0)
129: 640 649 663 677 681 682 (70.0)
130: 670 672 675 680 685 697 703 (87.0)
131: 624 646 664 666 673 688 (82.0)
132: 653 668 683 694 737 (78.0)
133: 671 674 687 702 718 (80.0)
134: 658 684 692 695 700 705 715 722 736 746 (96.0)
135: 659 712 713 723 725 (88.0)
136: 676 704 711 747 (98.0)
137: 689 699 707 708 710 714 716 729 (100.0)
138: 701 709 726 727 730 763 (78.0)
139: 686 706 720 755 765 767 (97.0)
140: 696 717 721 (71.0)
141: 693 733 740 742 749 752 758 (100.0)
142: 698 719 735 738 741 743 754 757 770 789 (99.0)
143: 728 739 745 748 756 759 (94.0)
144: 731 732 750 753 761 (78.0)
145: 734 771 777 779 797 (95.0)
146: 724 751 762 764 769 800 825 (94.0)
147: 760 798 802 809 (67.0)
148: 744 768 775 776 781 784 799 (97.0)
149: 766 772 774 788 796 803 (74.0)
150: 780 783 794 808 835 (68.0)
151: 806 810 814 823 (94.0)
152: 786 791 793 801 811 828 838 861 (99.0)
153: 773 778 782 785 787 826 839 856 (86.0)
154: 807 815 816 822 824 834 872 (100.0)
155: 792 812 813 820 821 843 859 873 (100.0)
156: 790 795 818 868 (89.0)
157: 817 827 830 831 833 853 (97.0)
158: 805 840 842 850 864 (95.0)
159: 804 832 837 846 847 848 870 882 (85.0)
160: 836 841 844 849 852 869 876 (102.0)
161: 829 858 877 888 901 (73.0)
162: 819 845 860 862 880 892 906 (100.0)
163: 855 866 871 889 891 900 920 (100.0)
164: 857 863 865 883 884 898 908 (98.0)
165: 867 875 881 886 893 895 (100.0)
166: 854 878 879 890 903 928 (87.0)
167: 851 896 902 904 915 (99.0)
168: 874 885 894 910 (100.0)
169: 899 905 918 936 (56.0)
170: 887 914 922 926 939 (86.0)
171: 907 919 925 929 934 951 (100.0)
172: 912 913 932 933 950 (68.0)
173: 897 909 911 927 944 945 (96.0)
174: 917 924 930 946 947 961 (98.0)
175: 923 931 942 949 952 954 962 964 973 (92.0)
176: 916 921 955 960 985 (86.0)
177: 935 956 968 983 984 (100.0)
178: 938 941 943 953 975 (96.0)
179: 937 940 959 966 972 978 (90.0)
180: 948 957 963 967 971 974 979 980 (98.0)
181: 958 986 987 992 998 (89.0)
182: 965 981 982 988 989 990 996 (99.0)
183: 969 970 976 977 991 (100.0)
184: 993 994 995 997 999 (123.0)
