Name: 100-20-30
Time: 3.9689271450042725 
Result: 8
Solution:  1 0 3 0 4 4 1 5 2 0 0 3 4 3 0 1 2 4 9 2 6 3 10 1 4 6 7 7 6 6 9 7 0 7 12 6 10 10 0 8 3 11 9 5 6 13 11 10 12 12 5 20 16 14 7 19 18 9 11 16 11 14 15 15 16 19 8 18 14 13 13 19 18 12 20 23 22 22 16 13 19 17 24 17 20 19 17 15 24 23 22 21 21 22 23 23 24 19 23 22
0: 1 3 9 10 14 32 38 (24.0)
1: 0 6 15 23 (24.0)
2: 8 16 19 (23.0)
3: 2 11 13 21 40 (24.0)
4: 4 5 12 17 24 (27.0)
5: 7 43 50 (21.0)
6: 20 25 28 29 35 44 (25.0)
7: 26 27 31 33 54 (22.0)
8: 39 66 (24.0)
9: 18 30 42 57 (23.0)
10: 22 36 37 47 (26.0)
11: 41 46 58 60 (29.0)
12: 34 48 49 73 (23.0)
13: 45 69 70 79 (26.0)
14: 53 61 68 (29.0)
15: 62 63 87 (23.0)
16: 52 59 64 78 (23.0)
17: 81 83 86 (24.0)
18: 56 67 72 (29.0)
19: 55 65 71 80 85 97 (21.0)
20: 51 74 84 (24.0)
21: 91 92 (24.0)
22: 76 77 90 93 99 (29.0)
23: 75 89 94 95 98 (26.0)
24: 82 88 96 (28.0)
