Name: 1000-50-100
Time: 58.29976201057434 
Result: 61
Solution:  0 2 5 0 1 0 1 1 2 2 2 0 2 8 3 5 1 2 0 2 5 9 3 5 4 9 5 4 12 11 6 7 12 9 5 0 6 9 9 7 10 9 16 9 9 8 6 9 6 7 17 4 13 3 9 10 9 13 5 11 13 14 13 16 12 16 8 9 9 11 11 14 16 19 15 14 13 16 16 17 23 16 12 14 12 15 9 18 13 9 14 12 17 16 18 20 19 21 15 19 22 11 29 16 19 21 23 23 23 21 22 21 27 23 24 18 19 25 20 24 27 23 17 27 28 31 27 25 27 24 26 19 27 25 26 28 27 28 25 32 24 29 30 25 26 25 29 34 25 20 37 32 25 32 30 31 31 32 32 38 34 25 23 36 27 33 27 29 33 35 38 34 32 30 33 35 32 34 43 29 29 40 36 38 38 38 36 32 37 42 33 46 38 35 41 44 37 39 44 36 47 32 39 45 36 40 40 34 39 40 41 44 43 42 40 39 48 44 49 43 37 52 42 44 44 42 49 47 46 43 39 48 46 41 48 50 48 50 48 45 47 49 46 49 41 48 49 46 51 47 54 51 52 49 57 56 49 53 44 47 49 44 50 57 59 45 61 49 54 49 55 51 50 57 49 55 55 51 57 52 58 51 55 54 56 57 64 59 57 58 53 54 53 54 55 59 56 51 57 51 64 63 65 60 61 60 66 61 63 57 64 62 58 64 64 67 65 63 59 61 57 60 68 63 60 69 60 63 72 58 65 70 68 64 64 64 65 70 62 64 72 65 68 67 63 71 75 71 67 66 70 72 70 69 70 73 67 67 74 74 78 68 67 69 70 67 74 73 76 76 68 73 76 83 71 75 74 77 81 73 70 76 75 76 67 75 78 80 79 77 74 75 79 80 77 82 77 77 76 79 77 77 85 81 85 80 81 80 79 83 87 81 83 74 79 84 85 74 78 78 86 83 86 81 82 90 79 84 86 85 84 84 93 91 92 82 80 88 79 86 91 85 88 96 84 92 95 87 85 83 92 97 94 91 88 99 91 86 93 95 88 88 89 89 98 97 94 88 94 87 92 91 98 93 96 100 90 97 95 91 100 92 101 96 94 96 98 98 101 89 98 93 96 99 98 100 97 95 106 96 94 103 103 109 105 109 108 100 100 102 101 98 106 102 95 102 102 101 101 108 108 100 106 101 99 105 97 98 100 105 112 107 105 97 107 109 105 101 110 103 108 100 106 109 108 107 110 113 107 113 113 111 109 111 109 104 106 114 111 113 104 108 104 112 111 110 114 106 115 110 106 119 111 119 112 114 112 118 114 114 110 113 116 114 121 117 117 115 115 118 115 116 120 116 118 115 117 117 119 112 117 123 115 125 116 122 123 127 119 120 122 118 117 122 121 120 123 116 117 127 121 125 126 125 125 117 127 121 125 121 129 119 118 122 124 121 128 124 124 127 129 125 120 123 131 130 127 126 130 131 123 133 127 130 130 124 122 124 129 134 120 119 129 128 131 133 130 128 137 128 134 121 124 126 134 131 134 128 130 135 126 126 126 133 129 139 131 133 135 130 129 129 136 135 132 133 134 140 133 136 135 141 136 138 132 134 136 138 140 137 143 136 141 132 135 140 137 140 138 144 142 139 135 139 145 137 147 140 134 144 139 140 134 144 137 133 136 141 141 138 141 143 142 139 143 142 141 143 143 145 144 142 148 138 136 142 150 147 144 144 145 145 144 139 147 137 150 149 148 145 148 146 146 149 152 152 145 142 147 154 146 151 147 148 152 152 151 147 147 147 154 151 155 153 149 150 153 146 155 152 145 149 159 149 149 160 153 153 151 158 150 152 154 149 156 157 153 159 157 159 148 155 156 155 153 148 157 161 156 156 150 154 155 164 154 152 160 165 158 157 161 158 162 157 158 161 159 159 160 154 165 167 160 157 160 158 165 165 160 157 164 152 164 164 163 159 158 162 156 164 155 162 157 155 163 166 170 161 167 161 162 165 164 163 162 166 159 167 174 163 163 171 163 167 172 167 169 162 166 177 166 163 163 167 169 170 168 162 166 165 176 173 171 173 173 168 170 177 179 174 172 168 174 170 172 170 180 177 171 169 176 166 169 168 178 180 174 169 167 169 173 181 174 174 170 173 172 179 171 175 172 172 180 180 182 175 177 179 174 177 178 175 172 171 182 180 176 181 177 184 182 177 178 184 174 175 182 178 183 183 177 180 181 181 175 181 182 183 181 182 183 179 179 183 184 184 183 184 181 184
0: 0 3 5 11 18 35 (50.0)
1: 4 6 7 16 (50.0)
2: 1 8 9 10 12 17 19 (44.0)
3: 14 22 53 (50.0)
4: 24 27 51 (55.0)
5: 2 15 20 23 26 34 58 (51.0)
6: 30 36 46 48 (54.0)
7: 31 39 49 (57.0)
8: 13 45 66 (66.0)
9: 21 25 33 37 38 41 43 44 47 54 56 67 68 86 89 (49.0)
10: 40 55 (51.0)
11: 29 59 69 70 101 (53.0)
12: 28 32 64 82 84 91 (56.0)
13: 52 57 60 62 76 88 (50.0)
14: 61 71 75 83 90 (57.0)
15: 74 85 98 (53.0)
16: 42 63 65 72 77 78 81 93 103 (58.0)
17: 50 79 92 122 (59.0)
18: 87 94 115 (52.0)
19: 73 96 99 104 116 131 (54.0)
20: 95 118 149 (57.0)
21: 97 105 109 111 (70.0)
22: 100 110 (60.0)
23: 80 106 107 108 113 121 162 (51.0)
24: 114 119 129 140 (51.0)
25: 117 127 133 138 143 145 148 152 161 (55.0)
26: 130 134 144 (54.0)
27: 112 120 123 126 128 132 136 164 166 (58.0)
28: 124 135 137 (57.0)
29: 102 141 146 167 179 180 (56.0)
30: 142 154 173 (53.0)
31: 125 155 156 (58.0)
32: 139 151 153 157 158 172 176 187 201 (73.0)
33: 165 168 174 190 (53.0)
34: 147 160 171 177 207 (58.0)
35: 169 175 193 (54.0)
36: 163 182 186 199 204 (66.0)
37: 150 188 196 220 (64.0)
38: 159 170 183 184 185 192 (70.0)
39: 197 202 208 215 230 (68.0)
40: 181 205 206 209 214 (59.0)
41: 194 210 233 244 (54.0)
42: 189 213 222 225 (53.0)
43: 178 212 219 229 (51.0)
44: 195 198 211 217 223 224 258 261 (54.0)
45: 203 239 265 (57.0)
46: 191 228 232 242 247 (53.0)
47: 200 227 240 249 259 (71.0)
48: 216 231 234 236 238 245 (56.0)
49: 218 226 241 243 246 253 256 260 267 269 274 (65.0)
50: 235 237 262 272 (54.0)
51: 248 251 271 277 281 297 299 (58.0)
52: 221 252 279 (61.0)
53: 257 290 292 (56.0)
54: 250 268 283 291 293 (72.0)
55: 270 275 276 282 294 (76.0)
56: 255 284 296 (68.0)
57: 254 263 273 278 285 288 298 309 320 (80.0)
58: 280 289 312 329 (64.0)
59: 264 287 295 318 (63.0)
60: 303 305 321 324 326 (53.0)
61: 266 304 307 319 (64.0)
62: 311 338 (66.0)
63: 301 308 317 323 327 344 (63.0)
64: 286 300 310 313 314 333 334 335 339 (86.0)
65: 302 316 330 336 341 (66.0)
66: 306 349 (51.0)
67: 315 343 348 356 357 362 365 384 (69.0)
68: 322 332 342 361 370 (60.0)
69: 325 353 363 (51.0)
70: 331 337 350 352 354 364 380 (63.0)
71: 345 347 374 (70.0)
72: 328 340 351 (63.0)
73: 355 367 371 379 (57.0)
74: 358 359 366 376 390 413 417 (83.0)
75: 346 375 382 385 391 (76.0)
76: 368 369 372 381 383 398 (85.0)
77: 377 389 394 396 397 400 401 (96.0)
78: 360 386 418 419 (66.0)
79: 388 392 399 408 414 426 438 (79.0)
80: 387 393 405 407 436 (67.0)
81: 378 403 406 411 423 (81.0)
82: 395 424 435 (59.0)
83: 373 409 412 421 449 (71.0)
84: 415 427 430 431 444 (72.0)
85: 402 404 416 429 441 448 (96.0)
86: 420 422 428 439 457 (75.0)
87: 410 447 469 (68.0)
88: 437 442 454 460 461 467 (81.0)
89: 462 463 489 (58.0)
90: 425 476 (51.0)
91: 433 440 453 456 471 479 (83.0)
92: 434 445 450 470 481 (74.0)
93: 432 458 473 491 (68.0)
94: 452 466 468 484 500 (76.0)
95: 446 459 478 497 514 (72.0)
96: 443 474 483 485 492 499 (90.0)
97: 451 465 477 496 526 533 (63.0)
98: 464 472 486 487 490 494 511 527 (53.0)
99: 455 493 524 (83.0)
100: 475 480 495 507 508 521 528 541 (81.0)
101: 482 488 510 517 518 523 537 (85.0)
102: 509 513 515 516 (85.0)
103: 501 502 539 (53.0)
104: 555 560 562 (58.0)
105: 504 525 529 532 536 (81.0)
106: 498 512 522 542 556 567 570 (75.0)
107: 531 534 545 548 (68.0)
108: 506 519 520 540 544 561 (83.0)
109: 503 505 535 543 552 554 (93.0)
110: 538 546 565 569 580 (62.0)
111: 551 553 558 564 572 (77.0)
112: 530 563 574 576 599 (61.0)
113: 547 549 550 559 581 (74.0)
114: 557 566 575 578 579 583 (70.0)
115: 568 587 588 590 595 602 (70.0)
116: 582 591 593 604 617 (98.0)
117: 585 586 596 597 600 612 618 625 (99.0)
118: 577 589 594 611 632 (71.0)
119: 571 573 598 608 631 661 (95.0)
120: 592 609 615 642 660 (85.0)
121: 584 614 620 627 629 635 671 (77.0)
122: 605 610 613 633 656 (93.0)
123: 601 606 616 643 650 (75.0)
124: 634 637 638 655 657 672 (74.0)
125: 603 621 623 624 628 641 (94.0)
126: 622 647 673 680 681 682 (66.0)
127: 607 619 626 639 646 652 (65.0)
128: 636 663 667 669 677 (73.0)
129: 630 640 658 662 684 690 691 (71.0)
130: 645 648 653 654 666 678 689 (90.0)
131: 644 649 664 675 686 (64.0)
132: 694 704 713 (74.0)
133: 651 665 683 687 695 698 735 (92.0)
134: 659 670 674 676 696 705 728 732 (87.0)
135: 679 688 693 700 714 722 (100.0)
136: 692 699 702 706 711 736 754 (100.0)
137: 668 709 716 725 734 765 (81.0)
138: 703 707 718 739 753 (98.0)
139: 685 721 723 730 743 763 (87.0)
140: 697 708 715 717 727 731 (97.0)
141: 701 712 737 738 740 746 (75.0)
142: 720 742 745 751 755 777 (95.0)
143: 710 741 744 747 748 (100.0)
144: 719 729 733 750 758 759 762 (96.0)
145: 724 749 760 761 769 776 800 (84.0)
146: 771 772 780 797 (67.0)
147: 726 757 764 778 782 787 788 789 (93.0)
148: 752 768 770 783 820 825 (92.0)
149: 767 773 794 801 803 804 813 (99.0)
150: 756 766 795 810 830 (95.0)
151: 781 786 791 808 (75.0)
152: 774 775 784 785 799 811 835 861 (88.0)
153: 793 796 806 807 816 824 (100.0)
154: 779 790 812 831 834 849 (88.0)
155: 792 798 821 823 832 870 873 (100.0)
156: 814 822 828 829 868 (99.0)
157: 815 818 826 839 843 853 859 872 (97.0)
158: 809 838 841 844 855 866 (100.0)
159: 802 817 819 846 847 865 886 (63.0)
160: 805 836 848 852 854 858 (105.0)
161: 827 840 845 877 879 (98.0)
162: 842 867 871 880 884 897 907 (89.0)
163: 864 874 883 889 890 892 901 902 (93.0)
164: 833 860 862 863 869 882 (96.0)
165: 837 850 856 857 881 909 (99.0)
166: 875 885 898 900 908 931 (92.0)
167: 851 878 887 893 895 903 938 (92.0)
168: 906 915 921 933 (84.0)
169: 896 904 929 932 937 939 (100.0)
170: 876 905 916 923 925 944 (85.0)
171: 891 912 928 948 963 (100.0)
172: 894 920 924 946 950 951 962 (98.0)
173: 911 913 914 940 945 (82.0)
174: 888 919 922 936 942 943 958 974 (91.0)
175: 949 955 961 975 984 (100.0)
176: 910 930 966 (99.0)
177: 899 917 927 956 959 968 971 980 (93.0)
178: 934 960 972 977 (98.0)
179: 918 947 957 991 992 (93.0)
180: 926 935 952 953 965 981 (100.0)
181: 941 967 982 983 985 988 998 (85.0)
182: 954 964 970 976 986 989 (99.0)
183: 978 979 987 990 993 996 (100.0)
184: 969 973 994 995 997 999 (100.0)
