Name: 1000-20-30
Time: 30.59299325942993 
Result: 40023
Solution:  2 0 8 0 4 2 1 1 3 5 2 8 3 2 6 0 6 7 6 8 4 9 4 7 10 11 10 5 16 0 1 9 2 4 2 12 7 5 1 3 12 12 3 13 16 4 10 13 3 17 13 13 14 18 7 5 13 17 9 19 16 10 18 15 15 16 16 21 23 24 17 11 25 23 11 14 19 19 11 20 21 24 19 17 24 23 22 21 22 23 23 23 18 18 23 24 26 21 23 15 27 23 24 20 28 23 27 26 31 27 24 30 29 30 35 27 25 31 30 27 31 28 30 33 32 30 24 30 29 30 26 38 29 24 33 32 35 30 34 34 36 32 34 32 33 43 37 39 37 37 39 40 38 33 34 31 38 41 45 37 42 40 41 37 36 37 45 41 40 42 45 34 46 39 43 39 43 37 44 44 42 45 47 44 49 45 43 42 45 45 46 48 45 46 49 50 50 47 58 47 44 47 47 53 51 50 52 54 55 48 51 55 52 52 55 53 59 58 53 55 50 60 54 63 52 57 59 57 51 55 48 66 56 60 58 57 59 60 57 54 58 62 58 64 61 67 67 56 65 60 60 67 69 57 57 61 63 67 62 62 68 73 67 64 63 73 72 59 60 71 60 66 72 69 67 68 71 72 71 68 68 72 73 65 66 72 70 79 67 69 70 73 78 73 75 77 74 76 69 74 75 76 72 74 70 77 75 75 79 72 69 78 79 80 72 76 88 72 72 82 83 83 80 83 86 84 84 85 82 82 76 78 81 90 85 87 78 90 91 84 85 85 85 80 78 79 90 88 92 81 96 87 90 92 94 89 94 96 87 86 94 85 87 84 91 98 95 92 96 92 88 89 93 94 93 97 102 96 96 101 99 96 94 95 90 96 97 91 94 98 95 100 100 101 98 95 106 97 98 99 98 99 103 93 102 101 98 105 103 108 101 104 111 96 106 104 104 107 113 101 104 104 112 111 105 107 98 107 113 98 104 107 108 108 108 110 114 111 109 103 112 110 101 110 115 107 109 110 117 108 112 109 109 118 116 117 114 109 115 109 112 108 120 119 118 118 119 116 120 120 119 115 119 121 119 118 124 118 119 113 121 125 120 120 122 128 118 121 128 125 116 119 122 117 123 124 119 129 123 120 124 122 129 126 132 127 122 129 126 127 130 127 119 130 128 126 131 123 134 125 133 126 126 130 122 123 132 126 126 128 130 136 127 126 134 131 132 130 137 133 135 135 128 128 129 135 130 133 133 134 127 134 132 139 132 131 134 134 132 140 138 129 143 140 134 140 136 136 138 139 136 131 142 137 139 141 140 134 137 145 141 135 141 137 137 145 143 136 141 140 139 143 140 142 139 143 140 142 149 137 144 142 147 144 138 148 147 144 147 149 144 144 146 147 143 144 146 154 146 145 150 146 149 145 152 151 157 156 142 150 147 147 143 150 148 149 158 152 150 151 149 152 149 157 155 153 156 153 155 154 152 147 156 152 153 164 155 163 147 150 159 156 149 153 158 153 153 164 158 160 152 164 164 164 154 157 163 163 166 155 157 157 160 161 163 158 159 159 163 164 160 156 157 165 159 162 167 165 166 164 161 167 163 167 171 162 164 171 170 169 161 166 172 166 172 168 166 170 167 169 173 166 169 165 165 166 167 164 163 174 173 167 167 168 169 176 170 170 170 171 170 173 173 174 172 173 173 172 172 177 171 179 169 175 175 172 171 170 175 174 176 176 167 178 181 169 175 177 181 172 176 174 182 181 178 183 176 179 180 180 177 176 178 181 179 185 184 179 183 184 182 184 183 180 182 188 186 178 185 180 184 183 190 186 185 187 187 178 181 191 183 178 185 186 185 188 193 181 186 180 187 186 189 194 187 193 191 189 187 189 192 195 194 195 186 193 190 190 191 196 185 192 194 190 192 191 191 189 195 196 188 193 199 194 197 194 193 192 202 198 189 196 190 190 199 195 196 201 193 193 195 203 198 203 200 197 202 199 197 199 203 200 198 199 200 199 197 208 206 204 194 199 208 200 201 198 207 198 200 204 206 209 203 201 202 206 201 205 206 201 212 207 204 206 207 202 208 205 215 210 210 208 207 201 209 205 209 212 213 205 211 214 205 209 213 207 211 208 209 210 204 212 216 209 211 214 218 211 214 211 212 219 215 214 210 219 208 219 214 216 216 218 218 218 208 223 216 215 220 212 220 222 216 213 217 220 222 220 220 221 217 217 223 222 211 221 222 222 220 218 215 221 219 220 218 223 223 223 222 222
0: 1 3 15 29 (20.0)
1: 6 7 30 38 (18.0)
2: 0 5 10 13 32 34 (18.0)
3: 8 12 39 42 48 (18.0)
4: 4 20 22 33 45 (21.0)
5: 9 27 37 55 (9.0)
6: 14 16 18 (20.0)
7: 17 23 36 54 (18.0)
8: 2 11 19 (22.0)
9: 21 31 58 (21.0)
10: 24 26 46 61 (21.0)
11: 25 71 74 78 (20.0)
12: 35 40 41 (21.0)
13: 43 47 50 51 56 (26.0)
14: 52 75 (21.0)
15: 63 64 99 (24.0)
16: 28 44 60 65 66 (22.0)
17: 49 57 70 83 (24.0)
18: 53 62 92 93 (20.0)
19: 59 76 77 82 (22.0)
20: 79 103 (22.0)
21: 67 80 87 97 (23.0)
22: 86 88 (26.0)
23: 68 73 85 89 90 91 94 98 101 105 (16.0)
24: 69 81 84 95 102 110 126 133 (20.0)
25: 72 116 (23.0)
26: 96 107 130 (23.0)
27: 100 106 109 115 119 (22.0)
28: 104 121 (20.0)
29: 112 128 132 (21.0)
30: 111 113 118 122 125 127 129 137 (20.0)
31: 108 117 120 155 (20.0)
32: 124 135 141 143 (23.0)
33: 123 134 144 153 (23.0)
34: 138 139 142 154 171 (20.0)
35: 114 136 (20.0)
36: 140 164 (20.0)
37: 146 148 149 159 163 165 177 (19.0)
38: 131 152 156 (22.0)
39: 147 150 173 175 (20.0)
40: 151 161 168 (20.0)
41: 157 162 167 (21.0)
42: 160 169 180 187 (24.0)
43: 145 174 176 186 (25.0)
44: 178 179 183 200 (26.0)
45: 158 166 170 181 185 188 189 192 (24.0)
46: 172 190 193 (20.0)
47: 182 197 199 201 202 (21.0)
48: 191 209 230 (20.0)
49: 184 194 (20.0)
50: 195 196 205 220 (29.0)
51: 204 210 228 (27.0)
52: 206 212 213 224 (23.0)
53: 203 215 218 (26.0)
54: 207 222 239 (23.0)
55: 208 211 214 219 229 (20.0)
56: 232 247 (26.0)
57: 225 227 235 238 253 254 (18.0)
58: 198 217 234 240 242 (12.0)
59: 216 226 236 267 (21.0)
60: 221 233 237 249 250 268 270 (20.0)
61: 244 255 (24.0)
62: 241 258 259 (23.0)
63: 223 256 264 (23.0)
64: 243 263 (21.0)
65: 248 283 (28.0)
66: 231 271 284 (20.0)
67: 245 246 251 257 262 274 288 (19.0)
68: 260 275 279 280 (20.0)
69: 252 273 289 298 310 (23.0)
70: 286 290 304 (20.0)
71: 269 276 278 (21.0)
72: 266 272 277 281 285 302 309 314 317 318 (20.0)
73: 261 265 282 291 293 (21.0)
74: 296 299 303 (25.0)
75: 294 300 306 307 (22.0)
76: 297 301 315 330 (23.0)
77: 295 305 (22.0)
78: 292 311 331 336 344 (21.0)
79: 287 308 312 345 (25.0)
80: 313 322 343 (28.0)
81: 332 349 (25.0)
82: 319 328 329 (27.0)
83: 320 321 323 (22.0)
84: 325 326 339 363 (22.0)
85: 327 334 340 341 342 361 (26.0)
86: 324 359 (24.0)
87: 335 351 358 362 (26.0)
88: 316 347 370 (22.0)
89: 355 371 (20.0)
90: 333 337 346 352 384 (24.0)
91: 338 364 387 (25.0)
92: 348 353 367 369 (22.0)
93: 372 374 403 (21.0)
94: 354 356 360 373 382 388 (21.0)
95: 366 383 390 395 (22.0)
96: 350 357 368 377 378 381 385 413 (21.0)
97: 375 386 397 (21.0)
98: 365 389 394 398 400 406 426 429 (21.0)
99: 380 399 401 (21.0)
100: 391 392 (29.0)
101: 379 393 405 410 419 442 (23.0)
102: 376 404 (20.0)
103: 402 408 439 (21.0)
104: 411 415 416 420 421 430 (26.0)
105: 407 424 (21.0)
106: 396 414 (20.0)
107: 417 425 427 431 445 (29.0)
108: 409 432 433 434 449 461 (30.0)
109: 438 446 451 452 457 459 (30.0)
110: 435 441 443 447 (31.0)
111: 412 423 437 (25.0)
112: 422 440 450 460 (30.0)
113: 418 428 479 (22.0)
114: 436 456 (32.0)
115: 444 458 471 (24.0)
116: 454 467 490 (23.0)
117: 448 455 493 (25.0)
118: 453 464 465 475 477 486 (28.0)
119: 463 466 470 472 474 478 491 496 512 (30.0)
120: 462 468 469 482 483 499 (27.0)
121: 473 480 487 (26.0)
122: 484 492 501 506 524 (23.0)
123: 494 498 517 525 (24.0)
124: 476 495 500 (29.0)
125: 481 489 519 (24.0)
126: 503 508 515 521 522 527 528 533 (30.0)
127: 505 509 511 532 550 (24.0)
128: 485 488 514 529 542 543 (30.0)
129: 497 502 507 544 561 (24.0)
130: 510 513 523 530 537 546 (30.0)
131: 516 535 555 571 (30.0)
132: 504 526 536 552 554 558 (27.0)
133: 520 539 547 548 (22.0)
134: 518 534 549 551 556 557 564 577 (29.0)
135: 540 541 545 581 (26.0)
136: 531 566 567 570 587 (29.0)
137: 538 573 578 583 584 599 (24.0)
138: 560 568 604 (26.0)
139: 553 569 574 590 594 (23.0)
140: 559 563 565 576 589 592 596 (25.0)
141: 575 580 582 588 (28.0)
142: 572 593 597 601 628 (30.0)
143: 562 586 591 595 614 632 (30.0)
144: 600 603 607 610 611 615 (27.0)
145: 579 585 619 623 (24.0)
146: 612 616 618 621 (22.0)
147: 602 606 608 613 630 631 651 658 (30.0)
148: 605 634 (30.0)
149: 598 609 622 635 640 642 662 (27.0)
150: 620 629 633 638 659 (27.0)
151: 625 639 (21.0)
152: 624 637 641 650 653 670 (28.0)
153: 645 647 654 663 665 666 (27.0)
154: 617 649 674 (30.0)
155: 644 648 656 679 (30.0)
156: 627 646 652 661 691 (21.0)
157: 626 643 675 680 681 692 (26.0)
158: 636 664 668 685 (23.0)
159: 660 686 687 694 (24.0)
160: 669 682 690 (27.0)
161: 683 700 710 (30.0)
162: 695 705 (27.0)
163: 657 676 677 684 688 702 728 (27.0)
164: 655 667 671 672 673 689 699 706 727 (28.0)
165: 693 697 723 724 (23.0)
166: 678 698 711 713 716 721 725 (28.0)
167: 696 701 703 718 726 731 732 762 (25.0)
168: 715 733 (21.0)
169: 709 719 722 734 752 765 (30.0)
170: 708 717 736 737 738 740 757 (28.0)
171: 704 707 739 750 756 (29.0)
172: 712 714 744 747 748 755 769 (30.0)
173: 720 730 741 742 745 746 (28.0)
174: 729 743 759 771 (26.0)
175: 753 754 758 766 (26.0)
176: 735 760 761 770 776 781 (29.0)
177: 749 767 780 (30.0)
178: 763 774 782 797 807 811 (30.0)
179: 751 777 784 787 (30.0)
180: 778 779 793 799 819 (27.0)
181: 764 768 773 783 808 817 (30.0)
182: 772 790 794 (22.0)
183: 775 788 792 801 810 (30.0)
184: 786 789 791 800 (30.0)
185: 785 798 804 812 814 840 (30.0)
186: 796 803 813 818 821 834 (30.0)
187: 805 806 820 824 828 (30.0)
188: 795 815 850 (26.0)
189: 822 827 829 847 860 (30.0)
190: 802 836 837 843 862 863 (30.0)
191: 809 826 838 845 846 (30.0)
192: 830 841 844 857 (29.0)
193: 816 825 835 851 856 868 869 (29.0)
194: 823 832 842 853 855 890 (30.0)
195: 831 833 848 865 870 (30.0)
196: 839 849 861 866 (30.0)
197: 854 875 878 886 (30.0)
198: 859 872 882 895 897 (31.0)
199: 852 864 877 879 883 885 891 (26.0)
200: 874 881 884 893 898 (30.0)
201: 867 894 903 906 909 923 (30.0)
202: 858 876 904 915 (30.0)
203: 871 873 880 902 (30.0)
204: 889 899 912 940 (30.0)
205: 907 917 925 929 932 (30.0)
206: 888 900 905 908 913 (30.0)
207: 896 911 914 922 935 (30.0)
208: 887 892 916 921 937 956 964 (31.0)
209: 901 924 926 933 938 943 (30.0)
210: 919 920 939 954 (30.0)
211: 930 936 944 947 949 984 (30.0)
212: 910 927 941 950 969 (30.0)
213: 928 934 973 (30.0)
214: 931 945 948 953 958 (30.0)
215: 918 952 967 990 (30.0)
216: 942 959 960 966 972 (24.0)
217: 974 980 981 (22.0)
218: 946 961 962 963 989 994 (30.0)
219: 951 955 957 992 (24.0)
220: 968 970 975 977 978 988 993 (30.0)
221: 979 985 991 (30.0)
222: 971 976 983 986 987 998 999 (30.0)
223: 965 982 995 996 997 (30.0)
