Name: 1000-60-125
Time: 30.681753158569336 
Result: 56088
Solution:  0 8 1 5 1 0 2 2 2 0 1 2 3 8 0 9 6 3 0 0 3 1 0 5 5 12 9 4 3 16 7 4 7 4 3 9 3 9 15 7 3 6 13 8 13 11 15 17 12 10 16 12 19 16 15 10 17 16 12 14 13 15 15 10 17 15 19 15 20 18 15 22 19 19 21 11 14 17 26 16 16 20 26 18 21 20 13 27 26 23 21 18 27 20 26 21 24 20 25 23 33 20 25 26 30 23 25 29 28 25 26 28 24 26 28 23 30 26 28 33 29 30 28 22 38 34 30 31 35 28 31 36 31 28 30 32 29 28 26 37 36 28 35 40 34 44 38 39 32 38 37 34 42 37 38 40 34 36 45 34 41 41 39 34 39 41 40 39 37 45 49 47 36 38 42 38 40 43 43 40 46 49 44 47 44 36 45 45 48 43 42 39 53 44 42 46 42 46 48 50 47 46 48 44 48 44 46 53 52 44 56 50 48 45 47 52 53 58 44 48 43 50 52 55 54 55 51 51 51 54 57 48 54 53 52 57 50 59 53 49 61 54 57 54 54 59 60 57 53 52 55 54 51 54 55 56 55 55 58 62 65 58 57 58 59 55 64 58 63 61 60 55 64 58 54 60 65 61 63 64 63 64 69 63 67 62 59 65 64 62 60 66 65 63 66 65 58 69 74 69 68 71 73 68 69 63 61 70 70 74 68 67 65 71 72 66 73 68 67 76 76 72 67 69 73 74 71 67 70 70 72 75 81 73 73 79 70 75 73 83 80 68 81 69 71 71 78 80 77 76 74 82 75 72 78 74 79 77 76 79 75 82 79 80 87 79 78 77 79 77 78 74 80 83 75 80 81 80 83 88 83 77 87 83 81 87 84 87 78 85 86 76 85 86 82 86 85 84 88 80 88 89 84 91 91 84 95 90 93 89 90 84 95 90 86 92 93 84 94 87 90 92 89 87 88 96 93 92 97 89 97 95 93 89 86 91 98 92 92 98 98 97 95 97 96 94 94 93 90 101 93 96 99 98 94 92 103 100 101 101 102 105 93 104 96 98 107 97 105 92 103 104 104 103 99 102 100 98 102 99 108 111 96 103 101 100 107 97 97 105 108 102 101 105 104 106 109 106 107 108 102 116 109 107 107 109 103 104 105 103 110 100 114 107 112 106 109 109 110 107 111 112 118 104 114 115 112 113 112 114 106 116 113 113 110 112 111 114 116 113 115 116 114 116 114 117 122 118 116 121 117 111 117 112 117 115 112 122 113 120 119 121 117 123 116 123 121 118 115 124 126 119 121 122 118 126 124 123 124 122 123 120 124 125 120 130 130 124 127 121 133 125 131 126 126 125 127 122 127 120 127 122 130 130 128 129 132 133 131 128 135 129 131 132 134 138 128 125 129 127 128 131 130 131 124 133 137 134 131 138 132 137 128 134 141 129 133 126 134 132 134 135 129 135 140 129 138 135 141 130 138 129 139 136 133 135 139 140 138 142 137 144 139 137 146 140 139 147 134 148 142 142 137 139 143 145 136 140 142 136 147 148 144 140 148 144 152 142 144 143 145 138 142 142 143 149 147 138 143 146 153 141 146 150 144 142 147 149 148 151 153 147 146 152 151 156 150 155 150 150 151 151 150 143 151 160 148 145 146 145 157 146 151 160 162 155 155 153 149 152 156 157 156 154 154 165 155 161 154 161 164 159 162 153 151 163 157 150 162 161 158 158 156 156 154 161 162 157 163 161 155 158 164 160 156 156 167 159 157 160 167 163 161 157 165 162 166 165 165 158 171 166 158 168 160 166 163 174 164 167 172 168 168 159 163 165 168 172 167 175 170 169 172 169 169 171 173 170 166 165 174 170 170 174 164 167 170 177 170 170 179 172 164 173 180 171 175 173 173 170 171 174 174 176 176 178 168 176 183 173 175 169 185 180 169 178 175 177 178 176 186 179 179 178 180 180 177 181 175 182 188 181 177 180 184 183 187 177 186 186 178 187 188 186 185 187 183 184 179 182 186 181 190 179 184 183 189 181 188 184 192 182 195 183 189 191 195 186 196 182 184 185 189 184 193 190 192 195 186 189 191 188 191 187 190 185 185 193 194 190 192 189 189 193 192 194 191 187 196 198 193 196 195 196 201 204 189 189 200 198 198 197 200 188 199 204 198 196 197 194 197 201 205 199 199 194 198 205 203 203 202 201 202 205 202 202 203 203 200 200 204 205 201 200 203 205 201 203 206 199 200 205 198 201 197 206 204 205 206 206
0: 0 5 9 14 18 19 22 (46.0)
1: 2 4 10 21 (50.0)
2: 6 7 8 11 (69.0)
3: 12 17 20 28 34 36 40 (60.0)
4: 27 31 33 (61.0)
5: 3 23 24 (64.0)
6: 16 41 (67.0)
7: 30 32 39 (64.0)
8: 1 13 43 (64.0)
9: 15 26 35 37 (77.0)
10: 49 55 63 (63.0)
11: 45 75 (63.0)
12: 25 48 51 58 (68.0)
13: 42 44 60 86 (45.0)
14: 59 76 (64.0)
15: 38 46 54 61 62 65 67 70 (52.0)
16: 29 50 53 57 79 80 (60.0)
17: 47 56 64 77 (65.0)
18: 69 83 91 (85.0)
19: 52 66 72 73 (64.0)
20: 68 81 85 93 97 101 (60.0)
21: 74 84 90 95 (61.0)
22: 71 123 (71.0)
23: 89 99 105 115 (62.0)
24: 96 112 (84.0)
25: 98 102 106 109 (67.0)
26: 78 82 88 94 103 110 113 117 138 (63.0)
27: 87 92 (61.0)
28: 108 111 114 118 122 129 133 137 141 (59.0)
29: 107 120 136 (68.0)
30: 104 116 121 126 134 (63.0)
31: 127 130 132 (70.0)
32: 135 148 (70.0)
33: 100 119 (75.0)
34: 125 144 151 156 159 163 (60.0)
35: 128 142 (60.0)
36: 131 140 157 172 185 (64.0)
37: 139 150 153 168 (61.0)
38: 124 146 149 154 173 175 (68.0)
39: 147 162 164 167 191 (65.0)
40: 143 155 166 176 179 (68.0)
41: 160 161 165 (65.0)
42: 152 174 190 194 196 (62.0)
43: 177 178 189 220 (69.0)
44: 145 182 184 193 203 205 209 218 (75.0)
45: 158 169 186 187 213 (81.0)
46: 180 195 197 201 206 (73.0)
47: 171 183 200 214 (63.0)
48: 188 198 202 204 212 219 231 (79.0)
49: 170 181 239 (81.0)
50: 199 211 221 236 (80.0)
51: 226 227 228 252 (68.0)
52: 208 215 222 234 249 (73.0)
53: 192 207 216 233 238 248 (80.0)
54: 224 229 232 241 243 244 251 253 274 (86.0)
55: 223 225 250 254 256 257 265 271 (68.0)
56: 210 255 (76.0)
57: 230 235 242 247 262 (74.0)
58: 217 258 261 263 267 273 296 (63.0)
59: 237 245 264 286 (68.0)
60: 246 270 275 290 (96.0)
61: 240 269 277 306 (91.0)
62: 259 285 289 (75.0)
63: 268 278 280 283 293 305 (80.0)
64: 266 272 279 281 288 (67.0)
65: 260 276 287 292 295 312 (71.0)
66: 291 294 315 (81.0)
67: 284 311 318 322 327 (89.0)
68: 300 303 310 317 341 (85.0)
69: 282 297 299 304 323 343 (74.0)
70: 307 308 328 329 336 (107.0)
71: 301 313 326 344 345 (77.0)
72: 314 321 330 353 (85.0)
73: 302 316 324 333 334 338 (81.0)
74: 298 309 325 350 355 371 (85.0)
75: 331 337 352 360 374 (83.0)
76: 319 320 349 358 391 (96.0)
77: 348 357 367 369 381 (83.0)
78: 346 354 366 370 388 (97.0)
79: 335 356 359 362 365 368 (92.0)
80: 340 347 363 372 375 377 399 (93.0)
81: 332 342 376 384 (65.0)
82: 351 361 394 (77.0)
83: 339 373 378 380 383 (94.0)
84: 386 397 402 405 411 417 (85.0)
85: 389 392 396 (74.0)
86: 390 393 395 414 434 (75.0)
87: 364 382 385 387 419 423 (71.0)
88: 379 398 400 424 (96.0)
89: 401 409 422 429 433 (94.0)
90: 407 410 413 420 448 (79.0)
91: 403 404 435 (100.0)
92: 415 421 427 437 438 455 469 (103.0)
93: 408 416 426 432 447 450 462 (80.0)
94: 418 445 446 454 (82.0)
95: 406 412 431 442 (78.0)
96: 425 444 451 464 482 (79.0)
97: 428 430 441 443 467 487 488 (94.0)
98: 436 439 440 453 465 477 (82.0)
99: 452 474 479 (80.0)
100: 457 476 485 511 (81.0)
101: 449 458 459 484 492 (107.0)
102: 460 475 478 491 500 (122.0)
103: 456 470 473 483 506 509 (111.0)
104: 463 471 472 494 507 523 (88.0)
105: 461 468 489 493 508 (78.0)
106: 495 497 515 530 (86.0)
107: 466 486 498 503 504 513 519 (125.0)
108: 480 490 499 (98.0)
109: 496 502 505 516 517 (84.0)
110: 510 518 534 (97.0)
111: 481 520 536 551 (87.0)
112: 514 521 526 528 535 553 556 (101.0)
113: 527 532 533 539 558 (80.0)
114: 512 524 529 537 542 544 (125.0)
115: 525 540 555 568 (97.0)
116: 501 531 538 541 543 548 564 (105.0)
117: 545 550 552 554 562 (116.0)
118: 522 547 567 574 (89.0)
119: 560 571 (64.0)
120: 559 581 584 599 (110.0)
121: 549 561 566 572 589 (94.0)
122: 546 557 573 579 597 601 (108.0)
123: 563 565 577 580 (97.0)
124: 569 576 578 582 587 624 (75.0)
125: 583 591 595 617 (97.0)
126: 570 575 593 594 637 (73.0)
127: 588 596 598 600 619 (98.0)
128: 604 609 616 620 632 (101.0)
129: 605 611 618 635 642 645 651 (122.0)
130: 585 586 602 603 622 649 (120.0)
131: 592 608 612 621 623 628 (122.0)
132: 606 613 630 639 (125.0)
133: 590 607 625 636 654 (121.0)
134: 614 627 633 638 640 668 (125.0)
135: 610 641 643 647 655 (91.0)
136: 653 676 679 (76.0)
137: 626 631 660 663 672 (122.0)
138: 615 629 646 650 658 691 697 (106.0)
139: 652 656 662 666 673 (92.0)
140: 644 657 665 677 683 (76.0)
141: 634 648 701 (64.0)
142: 659 670 671 678 687 692 693 705 (125.0)
143: 674 689 694 698 723 (83.0)
144: 661 682 685 688 704 (80.0)
145: 675 690 727 729 (94.0)
146: 664 699 702 712 728 731 (123.0)
147: 667 680 696 706 711 (98.0)
148: 669 681 684 708 726 (99.0)
149: 695 707 738 (125.0)
150: 703 716 718 719 722 757 (123.0)
151: 709 714 720 721 724 732 754 (119.0)
152: 686 713 739 (92.0)
153: 700 710 737 753 (99.0)
154: 743 744 748 764 (123.0)
155: 717 735 736 746 770 (115.0)
156: 715 740 742 762 763 774 775 (120.0)
157: 730 741 756 767 778 783 (113.0)
158: 760 761 771 789 792 (125.0)
159: 751 777 803 (75.0)
160: 725 733 773 779 794 (93.0)
161: 747 749 759 765 769 782 (123.0)
162: 734 752 758 766 785 (124.0)
163: 755 768 781 796 804 (123.0)
164: 750 772 798 824 832 (108.0)
165: 745 784 787 788 805 819 (120.0)
166: 786 791 795 818 (122.0)
167: 776 780 799 808 825 (125.0)
168: 793 801 802 806 846 (124.0)
169: 811 813 814 851 854 (125.0)
170: 810 817 821 822 826 828 829 839 (125.0)
171: 790 815 835 840 (121.0)
172: 800 807 812 831 (123.0)
173: 816 833 837 838 849 (122.0)
174: 797 820 823 841 842 (100.0)
175: 809 836 850 856 868 (88.0)
176: 843 844 847 859 (110.0)
177: 827 857 866 872 877 (96.0)
178: 845 855 858 863 880 (112.0)
179: 830 861 862 888 893 (125.0)
180: 834 853 864 865 873 (120.0)
181: 867 871 891 897 (124.0)
182: 869 889 901 909 (100.0)
183: 848 875 886 895 903 (125.0)
184: 874 887 894 899 910 913 (118.0)
185: 852 884 911 925 926 (125.0)
186: 860 878 879 883 890 907 918 (122.0)
187: 876 881 885 923 937 (123.0)
188: 870 882 898 921 953 (123.0)
189: 896 904 912 919 931 932 946 947 (123.0)
190: 892 915 924 929 (124.0)
191: 905 920 922 936 (117.0)
192: 900 916 930 934 (125.0)
193: 914 927 933 940 (125.0)
194: 928 935 959 965 (124.0)
195: 902 906 917 942 (124.0)
196: 908 938 941 943 957 (124.0)
197: 951 958 960 994 (125.0)
198: 939 949 950 956 966 992 (125.0)
199: 954 963 964 989 (124.0)
200: 948 952 978 979 983 990 (125.0)
201: 944 961 971 982 986 993 (124.0)
202: 970 972 974 975 (125.0)
203: 968 969 976 977 984 987 (125.0)
204: 945 955 980 996 (123.0)
205: 962 967 973 981 985 991 997 (122.0)
206: 988 995 998 999 (133.0)
