Name: 1000-30-50
Time: 31.699114084243774 
Result: 30036
Solution:  1 0 3 3 2 3 0 3 7 2 2 6 9 3 3 0 3 0 10 4 7 3 3 5 4 8 3 6 7 8 13 6 5 13 12 7 3 13 1 4 11 13 10 9 6 20 10 13 12 13 12 16 8 13 5 17 14 13 13 11 12 18 14 17 16 21 19 15 17 24 23 11 15 22 18 24 19 25 14 19 18 16 20 18 23 25 21 24 16 26 23 21 22 20 30 20 19 21 21 25 31 21 20 24 27 19 23 23 29 29 18 22 28 29 22 29 27 25 30 26 33 24 24 26 34 28 29 32 30 34 29 27 32 36 36 28 30 41 37 30 33 37 37 35 35 30 39 31 40 37 32 37 43 40 37 44 36 38 37 38 42 42 39 45 36 43 40 39 42 49 44 38 47 45 44 40 47 40 37 35 49 44 48 41 43 43 42 46 49 45 53 45 48 45 55 46 51 49 50 52 42 41 52 43 46 51 48 49 55 49 55 48 51 55 50 54 52 51 53 48 57 56 50 56 51 63 53 53 60 56 54 52 57 55 55 52 58 54 57 51 61 55 60 53 54 53 66 55 55 62 59 63 54 60 65 59 62 64 65 65 69 58 53 57 65 64 69 66 54 63 68 66 65 69 69 61 57 72 63 66 75 66 68 66 68 64 67 67 64 66 62 72 71 68 74 72 74 64 69 65 67 77 72 64 64 71 74 69 74 73 69 73 73 70 72 71 71 76 71 73 69 74 82 75 76 77 81 69 76 71 76 71 70 70 74 79 69 71 75 74 76 78 76 81 80 81 79 75 80 79 79 81 77 85 80 82 74 81 83 78 80 80 83 78 89 87 86 86 87 85 84 86 85 82 85 79 83 86 85 88 92 86 89 84 82 83 89 78 86 89 93 85 92 82 93 89 93 85 95 94 82 84 83 91 84 85 88 93 94 92 91 98 98 96 95 98 87 94 93 100 94 94 99 97 87 96 95 101 91 96 90 94 93 95 99 97 96 98 95 92 90 102 99 98 101 94 98 97 99 97 104 95 96 97 103 100 108 109 103 103 102 99 102 102 100 100 103 107 102 106 109 100 98 106 98 108 106 100 106 112 104 104 106 107 111 110 106 106 107 105 111 104 113 105 105 106 107 110 111 112 110 108 111 110 113 107 114 110 114 104 112 117 107 111 119 115 113 112 107 115 116 114 108 120 111 110 115 122 112 114 113 116 116 119 112 110 116 110 109 117 118 114 121 118 112 116 114 121 122 122 120 118 120 115 120 121 121 120 114 121 120 122 115 122 126 126 118 123 128 124 117 122 131 133 125 125 124 132 117 119 129 124 130 125 133 124 123 127 126 130 128 127 131 131 123 126 133 129 128 128 130 138 132 128 121 127 133 124 130 130 138 131 136 133 132 141 137 132 133 138 136 139 135 128 137 131 130 134 134 135 134 136 131 133 135 141 135 129 129 135 140 142 139 129 140 133 144 134 136 142 138 142 142 140 145 136 143 145 139 134 145 148 139 144 146 141 144 150 141 146 140 145 152 141 148 147 154 149 148 153 142 147 147 139 148 146 146 147 154 142 153 143 149 148 142 150 149 153 155 145 152 151 156 154 144 150 149 155 151 144 151 154 150 155 158 159 154 157 151 149 145 151 151 155 147 152 157 160 157 154 153 155 162 162 154 157 156 162 162 157 159 153 160 162 158 159 162 159 156 155 159 156 156 160 167 161 165 158 155 159 169 163 161 163 163 165 160 169 168 160 167 166 165 172 161 168 164 163 158 165 168 161 169 163 164 168 160 173 176 160 167 164 173 170 171 171 170 164 168 171 167 171 169 164 171 176 164 169 169 166 175 176 178 179 172 170 179 170 178 166 172 170 171 176 176 169 175 174 172 177 178 174 183 179 175 175 181 170 173 177 185 174 176 182 179 178 180 174 182 178 183 177 172 178 179 177 188 182 186 173 179 184 180 180 180 177 188 187 192 185 184 183 184 185 181 191 180 187 181 185 186 186 180 191 181 190 184 180 185 182 190 188 183 187 188 195 186 181 187 193 191 189 192 190 195 191 188 192 183 193 191 188 192 186 194 192 200 187 198 192 186 191 200 193 193 196 197 197 190 196 197 202 197 195 195 193 194 196 198 189 201 194 198 195 199 200 197 200 202 196 196 206 203 200 198 201 195 201 204 202 201 203 203 202 194 203 206 203 207 204 207 206 206 209 199 202 206 208 205 205 204 207 205 205 206 208 207 204 203 204 208 207 209 206 208 208 208 207 209 201
0: 1 6 15 17 (33.0)
1: 0 38 (32.0)
2: 4 9 10 (35.0)
3: 2 3 5 7 13 14 16 21 22 26 36 (32.0)
4: 19 24 39 (30.0)
5: 23 32 54 (33.0)
6: 11 27 31 44 (31.0)
7: 8 20 28 35 (31.0)
8: 25 29 52 (31.0)
9: 12 43 (34.0)
10: 18 42 46 (33.0)
11: 40 59 71 (39.0)
12: 34 48 50 60 (33.0)
13: 30 33 37 41 47 49 53 57 58 (26.0)
14: 56 62 78 (34.0)
15: 67 72 (37.0)
16: 51 64 81 88 (30.0)
17: 55 63 68 (34.0)
18: 61 74 80 83 110 (29.0)
19: 66 76 79 96 105 (31.0)
20: 45 82 93 95 102 (31.0)
21: 65 86 91 97 98 101 (26.0)
22: 73 92 111 114 (34.0)
23: 70 84 90 106 107 (18.0)
24: 69 75 87 103 121 122 (30.0)
25: 77 85 99 117 (30.0)
26: 89 119 123 (41.0)
27: 104 116 131 (35.0)
28: 112 125 135 (31.0)
29: 108 109 113 115 126 130 (36.0)
30: 94 118 128 136 139 145 (30.0)
31: 100 147 (41.0)
32: 127 132 150 (33.0)
33: 120 140 (33.0)
34: 124 129 (31.0)
35: 143 144 179 (34.0)
36: 133 134 156 164 (32.0)
37: 138 141 142 149 151 154 158 178 (31.0)
38: 157 159 171 (34.0)
39: 146 162 167 (34.0)
40: 148 153 166 175 177 (35.0)
41: 137 183 201 (35.0)
42: 160 161 168 186 200 (37.0)
43: 152 165 184 185 203 (36.0)
44: 155 170 174 181 (34.0)
45: 163 173 189 191 193 (30.0)
46: 187 195 204 (36.0)
47: 172 176 (31.0)
48: 182 192 206 211 219 (34.0)
49: 169 180 188 197 207 209 (34.0)
50: 198 214 222 (34.0)
51: 196 205 212 217 224 239 (31.0)
52: 199 202 216 231 235 (31.0)
53: 190 218 226 227 243 245 262 (30.0)
54: 215 230 237 244 252 268 (38.0)
55: 194 208 210 213 233 234 241 247 248 (39.0)
56: 221 223 229 (33.0)
57: 220 232 238 263 276 (32.0)
58: 236 261 (33.0)
59: 250 255 (34.0)
60: 228 242 253 (31.0)
61: 240 275 (34.0)
62: 249 256 290 (42.0)
63: 225 251 269 278 (35.0)
64: 257 265 285 288 297 303 304 (43.0)
65: 254 258 259 264 272 299 (41.0)
66: 246 267 271 279 281 283 289 (32.0)
67: 286 287 300 (35.0)
68: 270 282 284 293 (36.0)
69: 260 266 273 274 298 307 310 320 327 336 (41.0)
70: 313 332 333 (35.0)
71: 292 305 315 316 318 329 331 337 (39.0)
72: 277 291 295 302 314 (35.0)
73: 309 311 312 319 (47.0)
74: 294 296 306 308 321 334 339 356 (39.0)
75: 280 323 338 347 (40.0)
76: 317 324 328 330 340 342 (46.0)
77: 301 325 352 (32.0)
78: 341 359 363 387 (42.0)
79: 335 346 349 350 375 (50.0)
80: 344 348 354 360 361 (50.0)
81: 326 343 345 351 357 (32.0)
82: 322 355 373 384 393 400 (33.0)
83: 358 362 376 385 402 (41.0)
84: 370 383 401 404 (36.0)
85: 353 369 372 374 378 391 397 405 (34.0)
86: 366 367 371 377 381 388 (38.0)
87: 365 368 416 424 (48.0)
88: 379 406 (32.0)
89: 364 382 386 389 395 (34.0)
90: 430 440 (40.0)
91: 403 410 428 (30.0)
92: 380 392 409 439 (34.0)
93: 390 394 396 407 418 432 (50.0)
94: 399 408 417 420 421 431 445 (32.0)
95: 398 414 426 433 438 451 (33.0)
96: 413 425 429 436 452 (32.0)
97: 423 435 447 449 453 (39.0)
98: 411 412 415 437 443 446 472 474 (41.0)
99: 422 434 442 448 461 (43.0)
100: 419 455 464 465 471 477 (45.0)
101: 427 444 (35.0)
102: 441 460 462 463 468 (34.0)
103: 454 458 459 466 (37.0)
104: 450 480 481 491 509 (50.0)
105: 489 493 494 (47.0)
106: 469 473 476 478 482 486 487 495 (50.0)
107: 467 483 488 496 505 512 518 (47.0)
108: 456 475 501 522 (43.0)
109: 457 470 538 (41.0)
110: 485 497 500 503 507 525 535 537 (48.0)
111: 484 490 498 502 513 524 (46.0)
112: 479 499 510 517 528 534 544 (43.0)
113: 492 504 516 530 (50.0)
114: 506 508 521 529 541 546 558 (41.0)
115: 515 519 526 553 562 (50.0)
116: 520 531 532 536 545 (50.0)
117: 511 539 570 578 (48.0)
118: 540 543 551 566 (40.0)
119: 514 533 579 (37.0)
120: 523 550 552 554 557 560 (49.0)
121: 542 547 555 556 559 604 (43.0)
122: 527 548 549 561 563 571 (41.0)
123: 567 586 594 (44.0)
124: 569 576 581 585 607 (45.0)
125: 574 575 583 (37.0)
126: 564 565 588 595 (43.0)
127: 587 591 605 (40.0)
128: 568 590 598 599 603 623 (38.0)
129: 580 597 637 638 643 (39.0)
130: 582 589 600 608 609 626 (46.0)
131: 572 592 593 611 625 632 (41.0)
132: 577 602 614 617 (49.0)
133: 573 584 596 606 613 618 633 645 (46.0)
134: 627 628 630 647 659 (50.0)
135: 622 629 634 636 639 (49.0)
136: 612 620 631 648 655 (34.0)
137: 616 624 (31.0)
138: 601 610 619 650 (36.0)
139: 621 642 658 662 683 (36.0)
140: 640 644 653 670 (39.0)
141: 615 635 665 668 673 (42.0)
142: 641 649 651 652 680 689 694 (46.0)
143: 656 691 (48.0)
144: 646 663 666 704 709 (33.0)
145: 654 657 660 671 699 720 (46.0)
146: 664 669 685 686 (45.0)
147: 675 681 682 687 724 (53.0)
148: 661 674 678 684 693 (45.0)
149: 677 692 696 706 719 (49.0)
150: 667 695 705 712 (47.0)
151: 701 708 710 718 721 722 (45.0)
152: 672 700 725 (46.0)
153: 679 690 697 730 741 (45.0)
154: 676 688 703 711 716 729 734 (45.0)
155: 698 707 713 723 731 749 758 (49.0)
156: 702 736 748 751 752 (43.0)
157: 717 726 728 735 739 (41.0)
158: 714 744 757 778 (39.0)
159: 715 740 745 747 750 759 (43.0)
160: 727 742 753 766 769 786 789 (49.0)
161: 755 762 774 781 (50.0)
162: 732 733 737 738 743 746 (50.0)
163: 761 763 764 777 783 (50.0)
164: 776 784 791 797 803 806 (49.0)
165: 756 765 772 779 (50.0)
166: 771 809 819 (48.0)
167: 754 770 790 800 (50.0)
168: 768 775 780 785 798 (47.0)
169: 760 767 782 802 807 808 825 (49.0)
170: 793 796 815 817 821 837 (50.0)
171: 794 795 799 801 804 822 (50.0)
172: 773 814 820 828 852 (48.0)
173: 787 792 838 859 (50.0)
174: 827 831 841 847 (43.0)
175: 810 826 834 835 (39.0)
176: 788 805 811 823 824 842 (50.0)
177: 829 839 851 855 865 (47.0)
178: 812 818 830 845 849 853 (48.0)
179: 813 816 833 844 854 860 (49.0)
180: 846 862 863 864 876 882 887 (45.0)
181: 836 874 878 884 897 (40.0)
182: 843 848 857 889 (43.0)
183: 832 850 871 892 908 (50.0)
184: 861 870 872 886 (48.0)
185: 840 869 873 879 888 (50.0)
186: 858 880 881 896 913 920 (49.0)
187: 867 877 893 898 917 (43.0)
188: 856 866 891 894 906 911 (43.0)
189: 901 939 (54.0)
190: 885 890 903 928 (50.0)
191: 875 883 900 905 910 921 (50.0)
192: 868 902 907 912 915 919 (50.0)
193: 899 909 923 924 935 (50.0)
194: 914 936 941 964 (52.0)
195: 895 904 933 934 943 956 (50.0)
196: 925 929 937 949 950 (50.0)
197: 926 927 930 932 946 (50.0)
198: 918 938 942 954 (50.0)
199: 944 974 (50.0)
200: 916 922 945 947 953 (50.0)
201: 940 955 957 960 999 (50.0)
202: 931 948 959 963 975 (50.0)
203: 952 961 962 965 967 988 (50.0)
204: 958 969 980 987 989 (50.0)
205: 978 979 982 983 (49.0)
206: 951 966 971 972 976 984 993 (43.0)
207: 968 970 981 986 991 997 (50.0)
208: 977 985 990 994 995 996 (50.0)
209: 973 992 998 (43.0)
