Name: 100-20-30
Time: 3.857409715652466 
Result: 9
Solution:  3 1 0 0 0 1 0 4 4 0 1 10 7 6 0 3 5 3 5 5 1 3 2 11 2 6 3 6 1 1 8 3 6 12 11 7 10 8 1 8 4 9 9 13 5 13 11 7 11 14 6 10 9 14 13 18 15 7 15 16 10 19 16 15 13 11 18 14 19 19 18 18 16 19 15 21 23 17 17 14 21 16 21 12 22 23 14 22 24 17 23 23 20 23 20 24 24 21 23 21
0: 2 3 4 6 9 14 (22.0)
1: 1 5 10 20 28 29 38 (24.0)
2: 22 24 (23.0)
3: 0 15 17 21 26 31 (28.0)
4: 7 8 40 (20.0)
5: 16 18 19 44 (24.0)
6: 13 25 27 32 50 (27.0)
7: 12 35 47 57 (27.0)
8: 30 37 39 (23.0)
9: 41 42 52 (20.0)
10: 11 36 51 60 (28.0)
11: 23 34 46 48 65 (29.0)
12: 33 83 (24.0)
13: 43 45 54 64 (28.0)
14: 49 53 67 79 86 (28.0)
15: 56 58 63 74 (25.0)
16: 59 62 72 81 (27.0)
17: 77 78 89 (22.0)
18: 55 66 70 71 (21.0)
19: 61 68 69 73 (26.0)
20: 92 94 (26.0)
21: 75 80 82 97 99 (22.0)
22: 84 87 (25.0)
23: 76 85 90 91 93 98 (23.0)
24: 88 95 96 (29.0)
