Name: 1000-50-100
Time: 29.3218412399292 
Result: 23069
Solution:  2 0 3 0 2 2 1 0 1 1 0 7 5 9 8 0 0 0 0 4 10 7 3 1 4 5 5 3 1 7 6 9 4 10 5 0 4 0 0 6 7 8 16 10 10 7 2 10 13 5 13 8 12 1 10 12 10 10 8 14 14 12 18 15 9 18 11 12 10 5 10 18 5 8 11 18 12 16 18 19 15 16 20 15 13 14 10 13 15 18 17 18 18 22 26 17 21 19 19 18 17 20 24 20 18 23 23 28 19 21 16 18 22 23 22 29 20 26 25 24 28 22 16 22 25 27 20 29 28 22 26 24 30 28 31 23 36 25 28 24 20 29 30 27 26 26 29 32 28 21 30 34 28 30 31 31 32 31 30 32 35 24 30 35 27 27 28 28 40 39 37 32 35 33 34 34 30 34 27 34 41 40 36 36 44 37 36 40 42 37 41 42 34 36 38 40 39 40 40 32 45 43 39 42 36 43 41 33 39 42 41 43 40 44 37 35 44 47 47 39 47 50 42 41 40 43 38 47 48 42 38 37 51 48 46 46 44 42 50 45 50 53 47 44 41 45 51 51 48 49 55 54 47 51 54 53 46 48 45 47 52 47 52 57 56 49 57 51 52 51 55 51 46 59 53 59 50 51 55 52 49 51 54 54 52 56 61 55 60 56 60 58 58 57 55 60 63 52 62 64 58 60 53 54 61 57 58 57 61 54 57 71 57 66 64 67 68 58 63 64 64 60 66 65 61 62 65 62 64 64 59 70 70 67 63 70 63 71 62 61 65 67 70 66 72 71 74 69 68 67 72 68 67 69 70 72 68 69 74 74 71 73 73 73 77 70 73 75 76 75 67 73 78 68 74 75 72 79 79 67 73 79 78 82 67 76 73 80 81 76 74 75 81 80 77 85 77 77 86 80 76 75 85 80 81 87 78 87 83 76 85 75 77 80 79 83 90 80 80 79 90 81 84 86 82 90 82 85 87 88 84 81 93 87 83 82 86 84 84 83 90 96 86 88 80 94 88 87 89 89 84 88 90 94 92 97 88 88 97 88 91 92 92 88 94 101 95 91 90 84 91 94 87 93 94 100 98 100 94 96 98 95 95 94 95 97 91 101 99 92 99 93 101 104 98 101 102 99 106 99 101 100 102 99 102 105 103 101 103 103 102 102 102 105 96 104 108 101 102 103 111 102 108 98 95 108 100 98 108 104 109 106 106 106 105 107 112 99 110 104 109 109 106 110 107 108 116 109 106 112 119 103 108 110 109 110 112 106 112 115 106 110 110 113 111 112 111 105 111 110 109 117 114 117 113 115 110 119 107 119 110 115 120 116 115 117 109 119 113 117 114 114 118 114 120 115 113 118 115 119 119 122 115 125 116 120 121 112 118 119 121 114 121 119 121 121 120 121 117 121 122 118 126 124 125 116 126 121 127 120 125 124 129 127 122 115 128 125 124 129 128 124 118 125 131 130 127 127 129 127 125 129 131 127 131 126 120 123 128 137 123 132 132 130 128 122 133 131 132 137 139 126 125 125 133 131 132 126 124 126 128 130 138 137 128 127 131 133 132 136 129 128 133 135 132 135 141 126 130 135 134 136 134 140 137 135 140 138 138 138 142 137 143 140 136 139 137 133 136 138 142 143 136 141 137 138 146 139 135 145 146 141 135 146 138 138 136 143 141 147 144 142 141 141 148 143 140 134 139 140 144 141 139 142 141 144 139 139 140 145 144 144 144 141 139 151 145 146 146 150 143 147 144 147 146 151 143 147 153 149 151 150 150 149 152 151 143 148 154 151 154 148 157 148 148 155 148 153 154 143 145 150 158 152 148 160 155 153 151 153 150 152 154 154 152 158 153 156 156 155 149 155 155 148 162 149 157 156 152 159 156 153 160 160 156 159 157 155 156 149 162 159 162 154 163 155 159 159 157 158 159 161 160 158 166 161 156 161 159 156 163 162 161 166 161 168 157 159 164 159 164 161 163 167 162 163 167 158 169 161 160 165 165 156 167 173 160 170 172 171 163 164 164 166 170 168 168 165 163 174 165 165 167 165 170 166 171 172 170 165 175 169 171 171 172 165 168 172 179 173 166 170 171 171 172 166 178 172 171 168 172 178 170 169 171 176 175 171 176 173 167 181 174 176 169 167 183 176 169 176 174 174 182 179 182 179 177 179 175 183 178 175 176 177 176 180 180 179 178 182 181 181 177 183 175 177 184 180 182 181 181 182 182 181 173 175 182 179 178 183 178 181 184 183 184 184 182 184 181 184
0: 1 3 7 10 15 16 17 18 35 37 38 (55.0)
1: 6 8 9 23 28 53 (50.0)
2: 0 4 5 46 (51.0)
3: 2 22 27 (50.0)
4: 19 24 32 36 (56.0)
5: 12 25 26 34 49 69 72 (52.0)
6: 30 39 (51.0)
7: 11 21 29 40 45 (61.0)
8: 14 41 51 58 73 (60.0)
9: 13 31 64 (51.0)
10: 20 33 43 44 47 54 56 57 68 70 86 (43.0)
11: 66 74 (58.0)
12: 52 55 61 67 76 (52.0)
13: 48 50 84 87 (56.0)
14: 59 60 85 (52.0)
15: 63 80 83 88 (58.0)
16: 42 77 81 110 122 (61.0)
17: 90 95 100 (58.0)
18: 62 65 71 75 78 89 91 92 99 104 111 (51.0)
19: 79 97 98 108 (60.0)
20: 82 101 103 116 126 140 (52.0)
21: 96 109 149 (52.0)
22: 93 112 114 121 123 129 (50.0)
23: 105 106 113 135 (62.0)
24: 102 119 131 139 161 (50.0)
25: 118 124 137 (50.0)
26: 94 117 130 144 145 (56.0)
27: 125 143 164 165 178 (57.0)
28: 107 120 128 133 138 148 152 166 167 (55.0)
29: 115 127 141 146 (56.0)
30: 132 142 150 153 158 162 176 (62.0)
31: 134 154 155 157 (68.0)
32: 147 156 159 171 199 (62.0)
33: 173 207 (52.0)
34: 151 174 175 177 179 192 (65.0)
35: 160 163 172 215 (52.0)
36: 136 182 183 186 193 204 (61.0)
37: 170 185 189 214 231 (64.0)
38: 194 226 230 (65.0)
39: 169 196 202 208 219 (57.0)
40: 168 181 187 195 197 198 212 224 (53.0)
41: 180 190 206 210 223 244 (52.0)
42: 188 191 203 209 222 229 237 (57.0)
43: 201 205 211 225 (56.0)
44: 184 213 216 236 243 (73.0)
45: 200 239 245 258 (71.0)
46: 234 235 256 272 (55.0)
47: 217 218 220 227 242 252 259 261 (68.0)
48: 228 233 248 257 (57.0)
49: 249 265 280 (59.0)
50: 221 238 240 276 (62.0)
51: 232 246 247 253 267 269 271 277 281 (58.0)
52: 260 262 268 279 284 297 (69.0)
53: 241 255 274 302 (60.0)
54: 251 254 282 283 303 309 (57.0)
55: 250 270 278 287 294 (69.0)
56: 264 285 289 (67.0)
57: 263 266 293 305 307 310 312 (67.0)
58: 291 292 300 306 317 (69.0)
59: 273 275 330 (61.0)
60: 288 290 295 301 321 (68.0)
61: 286 304 308 324 339 (64.0)
62: 298 325 327 338 (75.0)
63: 296 318 334 336 (60.0)
64: 299 314 319 320 328 329 (58.0)
65: 323 326 340 (52.0)
66: 313 322 343 (61.0)
67: 315 333 341 349 352 370 379 384 (76.0)
68: 316 348 351 356 373 (71.0)
69: 347 353 357 (64.0)
70: 331 332 335 342 354 365 (61.0)
71: 311 337 345 360 (73.0)
72: 344 350 355 376 (73.0)
73: 361 362 363 366 371 380 386 (61.0)
74: 346 358 359 374 390 (61.0)
75: 367 369 375 391 401 411 (69.0)
76: 368 385 389 400 409 (70.0)
77: 364 394 396 397 412 (71.0)
78: 372 382 406 (62.0)
79: 377 378 381 414 419 (93.0)
80: 387 393 399 403 413 417 418 444 (85.0)
81: 388 392 404 421 431 (75.0)
82: 383 424 426 435 (58.0)
83: 408 415 434 439 (76.0)
84: 422 430 437 438 450 469 (100.0)
85: 395 402 410 427 (62.0)
86: 398 423 436 442 (52.0)
87: 405 407 428 433 447 472 (61.0)
88: 429 443 446 451 456 457 459 463 (91.0)
89: 448 449 (60.0)
90: 416 420 425 440 452 468 (74.0)
91: 460 467 470 486 (68.0)
92: 454 461 462 489 (64.0)
93: 432 473 491 (64.0)
94: 445 453 464 471 474 478 483 (96.0)
95: 466 481 482 484 524 (96.0)
96: 441 479 514 (63.0)
97: 455 458 485 (54.0)
98: 476 480 494 523 527 (72.0)
99: 488 490 497 499 503 537 (80.0)
100: 475 477 501 526 (60.0)
101: 465 487 492 495 500 507 517 (64.0)
102: 496 502 504 510 511 512 518 521 (84.0)
103: 506 508 509 519 551 (81.0)
104: 493 515 529 539 (82.0)
105: 505 513 534 567 (65.0)
106: 498 531 532 533 542 548 557 560 (87.0)
107: 535 544 578 (78.0)
108: 516 522 525 528 545 552 (87.0)
109: 530 540 541 547 554 570 586 (76.0)
110: 538 543 553 555 561 562 569 576 580 (90.0)
111: 520 564 566 568 (73.0)
112: 536 549 556 558 565 607 (65.0)
113: 563 574 588 596 (62.0)
114: 572 590 591 593 611 (100.0)
115: 559 575 581 584 595 598 602 635 (76.0)
116: 546 583 604 625 (63.0)
117: 571 573 585 589 618 (71.0)
118: 592 597 608 621 642 (98.0)
119: 550 577 579 587 599 600 609 613 (99.0)
120: 582 594 605 616 629 656 (98.0)
121: 606 610 612 614 615 617 619 627 (95.0)
122: 601 620 634 665 (80.0)
123: 657 660 (52.0)
124: 623 631 638 641 678 (54.0)
125: 603 624 630 637 643 650 672 673 (84.0)
126: 622 626 655 671 677 679 697 (98.0)
127: 628 633 646 647 649 653 685 (84.0)
128: 636 640 658 664 680 684 691 (78.0)
129: 632 639 648 651 690 (75.0)
130: 645 663 681 698 (62.0)
131: 644 652 654 667 675 686 (77.0)
132: 661 662 668 676 688 694 (91.0)
133: 666 674 687 692 717 (100.0)
134: 700 702 747 (64.0)
135: 693 695 699 705 728 732 (65.0)
136: 689 701 714 718 722 736 (100.0)
137: 659 669 683 704 711 716 724 (88.0)
138: 682 707 708 709 719 725 734 735 (92.0)
139: 670 715 727 748 752 756 757 764 (100.0)
140: 703 706 713 746 749 758 (91.0)
141: 696 723 731 738 742 743 751 754 763 (77.0)
142: 710 720 741 753 (79.0)
143: 712 721 737 745 770 776 786 799 (100.0)
144: 740 750 755 760 761 762 772 (79.0)
145: 729 759 766 800 (77.0)
146: 726 730 733 767 768 774 (73.0)
147: 739 771 773 777 (100.0)
148: 744 787 791 793 794 796 804 823 (98.0)
149: 779 783 820 825 839 (74.0)
150: 769 781 782 801 810 (99.0)
151: 765 775 780 785 789 808 (82.0)
152: 784 803 811 814 828 (96.0)
153: 778 797 807 809 816 831 (97.0)
154: 788 790 798 812 813 843 (98.0)
155: 795 806 819 821 822 837 845 (100.0)
156: 817 818 827 830 834 838 856 859 883 (94.0)
157: 792 826 836 848 866 (96.0)
158: 802 815 849 853 877 (94.0)
159: 829 835 841 846 847 850 858 867 869 (102.0)
160: 805 832 833 852 880 886 (102.0)
161: 851 855 857 862 864 871 879 (100.0)
162: 824 840 842 861 874 (100.0)
163: 844 860 872 875 890 898 (99.0)
164: 868 870 891 892 (100.0)
165: 881 882 897 900 901 903 909 915 (99.0)
166: 854 863 893 905 920 925 (100.0)
167: 873 876 884 902 940 945 (97.0)
168: 865 895 896 916 929 (92.0)
169: 878 911 933 944 948 (97.0)
170: 887 894 904 908 921 932 (70.0)
171: 889 906 912 913 922 923 928 934 937 (91.0)
172: 888 907 914 917 924 927 930 (99.0)
173: 885 919 939 984 (97.0)
174: 899 942 950 951 (72.0)
175: 910 936 958 961 974 985 (99.0)
176: 935 938 943 947 949 962 964 (99.0)
177: 956 963 972 975 (99.0)
178: 926 931 960 968 988 990 (69.0)
179: 918 953 955 957 967 987 (100.0)
180: 965 966 977 (100.0)
181: 941 970 971 979 980 983 991 998 (90.0)
182: 952 954 969 978 981 982 986 996 (100.0)
183: 946 959 973 989 993 (92.0)
184: 976 992 994 995 997 999 (112.0)
