Name: 100-60-125
Time: 3.9450337886810303 
Result: 46
Solution:  9 1 1 1 4 1 4 0 2 5 2 0 9 1 1 1 4 0 2 2 3 5 8 3 4 8 6 3 6 1 2 7 9 8 7 8 3 7 1 5 10 14 5 10 6 11 9 12 2 14 11 12 5 16 10 7 12 16 6 6 15 15 11 12 15 14 17 13 10 13 13 18 15 20 18 15 12 18 16 17 19 20 18 13 10 16 11 11 13 17 19 19 20 18 18 16 19 20 20 19
0: 7 11 17 (75.0)
1: 1 2 3 5 13 14 15 29 38 (90.0)
2: 8 10 18 19 30 48 (79.0)
3: 20 23 27 36 (85.0)
4: 4 6 16 24 (82.0)
5: 9 21 39 42 52 (90.0)
6: 26 28 44 58 59 (91.0)
7: 31 34 37 55 (101.0)
8: 22 25 33 35 (81.0)
9: 0 12 32 46 (100.0)
10: 40 43 54 68 84 (92.0)
11: 45 50 62 86 87 (121.0)
12: 47 51 56 63 76 (95.0)
13: 67 69 70 83 88 (105.0)
14: 41 49 65 (94.0)
15: 60 61 64 72 75 (106.0)
16: 53 57 78 85 95 (96.0)
17: 66 79 89 (109.0)
18: 71 74 77 82 93 94 (121.0)
19: 80 90 91 96 99 (113.0)
20: 73 81 92 97 98 (90.0)
