Name: 1000-30-50
Time: 31.224079608917236 
Result: 33034
Solution:  0 1 1 2 0 5 1 3 3 2 1 3 7 3 3 4 3 6 4 4 2 3 1 5 6 8 3 9 8 7 9 11 7 3 15 5 8 3 6 15 9 5 11 12 8 19 10 9 12 13 10 12 8 13 9 16 13 13 15 17 9 14 13 18 16 19 18 14 21 20 16 15 16 11 17 11 19 19 24 19 22 20 20 29 14 20 18 18 17 23 26 20 21 21 19 20 21 26 25 24 23 26 25 26 27 17 20 26 30 26 20 27 29 26 22 25 26 26 37 31 28 35 37 22 33 32 35 35 28 32 32 28 34 36 35 25 28 38 37 30 34 35 37 31 31 35 37 45 37 35 30 33 43 40 37 43 41 39 35 36 40 37 42 33 36 37 42 38 41 49 44 39 40 44 41 43 45 47 47 39 36 44 41 42 46 46 44 48 43 44 54 46 52 49 56 51 52 47 48 44 50 54 50 47 49 49 51 47 52 47 58 52 50 58 60 48 47 46 53 54 55 49 55 54 50 53 52 47 56 51 54 53 55 56 56 55 57 56 57 62 58 55 61 53 54 57 58 55 66 60 59 59 64 62 57 59 57 61 60 65 55 64 59 64 67 65 66 63 58 62 70 66 64 62 67 56 57 69 62 63 68 70 61 66 69 64 67 69 68 66 63 66 69 70 67 73 69 71 69 61 68 76 70 65 71 74 66 66 71 77 67 71 66 72 72 81 66 71 73 75 71 75 83 76 74 79 75 76 75 69 78 80 73 70 71 76 71 73 72 84 77 75 74 86 76 74 78 72 80 78 79 81 80 87 78 74 78 80 80 81 87 85 82 82 79 83 82 85 80 86 83 82 78 82 81 84 84 83 85 85 90 87 89 91 92 85 84 89 82 90 92 90 90 89 91 86 91 90 90 86 84 90 88 93 94 91 88 97 86 93 85 91 99 90 92 99 90 92 92 99 96 92 91 90 89 96 98 93 96 93 94 97 94 100 98 100 98 98 96 97 95 99 98 98 98 106 99 99 102 100 101 108 106 97 97 99 97 95 107 103 104 104 98 102 101 101 103 109 103 107 105 103 107 111 104 110 109 103 112 97 103 106 107 107 114 112 99 104 107 102 111 107 106 105 108 105 110 106 111 111 112 108 113 110 113 110 111 107 114 108 112 116 104 109 118 119 109 113 117 115 122 115 109 116 111 109 115 117 111 116 113 120 117 116 114 115 115 115 120 116 118 119 116 121 115 127 114 120 119 121 119 123 119 119 118 122 115 122 114 120 120 122 116 123 124 124 124 123 127 124 117 128 126 128 127 127 124 131 125 123 129 127 124 126 122 123 129 128 135 126 130 128 131 131 125 125 128 133 126 133 136 138 129 129 131 130 131 129 132 133 128 128 132 133 132 136 135 133 134 139 136 136 135 134 137 135 132 135 130 143 134 135 133 137 135 138 132 135 141 133 138 134 137 141 143 144 138 139 142 137 136 139 140 140 138 134 140 142 137 140 147 149 142 138 147 139 143 148 141 141 150 142 147 144 146 145 146 152 146 143 142 144 147 142 148 146 150 147 155 142 150 145 142 149 144 153 149 141 154 150 152 152 151 141 144 155 158 157 151 152 148 152 148 148 151 158 155 153 153 150 151 156 153 157 154 149 151 151 154 153 148 159 163 157 154 156 153 160 162 155 158 152 163 162 158 159 162 159 160 154 159 161 153 163 157 164 162 162 165 159 168 160 159 160 169 167 161 166 171 165 165 161 165 160 157 170 172 160 162 167 166 161 169 171 161 160 158 167 169 165 163 169 161 164 168 171 173 165 171 170 168 165 166 162 171 174 172 175 169 174 177 176 176 174 172 173 178 178 175 166 175 170 173 179 176 170 173 172 176 178 173 169 175 175 182 174 182 173 177 178 179 176 179 181 181 179 178 184 177 180 185 180 172 174 184 176 187 180 178 177 175 181 181 178 181 184 184 183 191 185 183 186 183 181 187 180 186 184 184 183 186 186 184 190 191 191 186 181 189 188 193 188 187 195 191 192 190 192 188 188 187 182 187 192 197 192 195 189 191 185 189 183 190 194 193 187 195 188 196 190 199 190 192 190 197 195 192 200 190 196 194 200 197 192 195 195 195 198 197 189 205 193 200 199 194 199 196 200 197 195 197 205 200 201 198 200 202 201 204 201 202 193 201 202 198 203 204 203 207 202 204 203 206 209 204 201 209 208 205 206 203 205 204 205 207 205 206 209 209 201 208 209 202 208 209 207 202 207 208 206
0: 0 4 (32.0)
1: 1 2 6 10 22 (23.0)
2: 3 9 20 (31.0)
3: 7 8 11 13 14 16 21 26 33 37 (28.0)
4: 15 18 19 (35.0)
5: 5 23 35 41 (25.0)
6: 17 24 38 (37.0)
7: 12 29 32 (40.0)
8: 25 28 36 44 52 (32.0)
9: 27 30 40 47 54 60 (31.0)
10: 46 50 (36.0)
11: 31 42 73 75 (33.0)
12: 43 48 51 (34.0)
13: 49 53 56 57 62 (32.0)
14: 61 67 84 (34.0)
15: 34 39 58 71 (34.0)
16: 55 64 70 72 (34.0)
17: 59 74 88 105 (38.0)
18: 63 66 86 87 (32.0)
19: 45 65 76 77 79 94 (30.0)
20: 69 81 82 85 91 95 106 110 (30.0)
21: 68 92 93 96 (32.0)
22: 80 114 123 (30.0)
23: 89 100 (36.0)
24: 78 99 (31.0)
25: 98 102 115 135 (32.0)
26: 90 97 101 103 107 109 113 116 117 (30.0)
27: 104 111 (30.0)
28: 120 128 131 136 (33.0)
29: 83 112 (30.0)
30: 108 139 150 (33.0)
31: 119 143 144 (36.0)
32: 125 129 130 (32.0)
33: 124 151 163 (35.0)
34: 132 140 (32.0)
35: 121 126 127 134 141 145 149 158 (23.0)
36: 133 159 164 180 (35.0)
37: 118 122 138 142 146 148 154 161 165 (30.0)
38: 137 167 (30.0)
39: 157 171 179 (35.0)
40: 153 160 172 (33.0)
41: 156 168 174 182 (34.0)
42: 162 166 183 (40.0)
43: 152 155 175 188 (33.0)
44: 170 173 181 186 189 199 (31.0)
45: 147 176 (37.0)
46: 184 185 191 217 (32.0)
47: 177 178 197 203 207 209 216 227 (30.0)
48: 187 198 215 (38.0)
49: 169 193 204 205 221 (30.0)
50: 200 202 212 224 (32.0)
51: 195 206 229 (39.0)
52: 192 196 208 211 226 (33.0)
53: 218 225 231 243 (36.0)
54: 190 201 219 223 230 244 (41.0)
55: 220 222 232 235 241 247 260 (39.0)
56: 194 228 233 234 237 275 (41.0)
57: 236 238 245 254 256 276 (39.0)
58: 210 213 240 246 268 (33.0)
59: 250 251 255 262 (39.0)
60: 214 249 258 (41.0)
61: 242 257 282 299 (39.0)
62: 239 253 269 273 278 (36.0)
63: 267 279 290 (32.0)
64: 252 261 263 272 285 (40.0)
65: 259 265 303 (30.0)
66: 248 266 271 283 289 291 306 307 312 316 (33.0)
67: 264 274 286 294 310 (36.0)
68: 280 288 300 (36.0)
69: 277 284 287 292 296 298 329 (35.0)
70: 270 281 293 302 333 (43.0)
71: 297 304 308 311 317 320 334 336 (30.0)
72: 313 314 338 347 (37.0)
73: 295 318 332 337 (33.0)
74: 305 324 342 345 355 (31.0)
75: 319 321 326 328 341 (38.0)
76: 301 323 327 335 344 (37.0)
77: 309 340 (40.0)
78: 330 346 349 354 356 372 (47.0)
79: 325 350 364 (32.0)
80: 331 348 352 357 358 368 (36.0)
81: 315 351 359 374 (36.0)
82: 362 363 366 371 373 388 (39.0)
83: 322 365 370 377 (46.0)
84: 339 375 376 386 400 (34.0)
85: 361 367 378 379 385 410 (41.0)
86: 343 369 395 399 408 (32.0)
87: 353 360 381 (36.0)
88: 402 406 (31.0)
89: 382 387 393 424 (47.0)
90: 380 389 391 392 397 398 401 413 416 423 (50.0)
91: 383 394 396 405 411 422 (47.0)
92: 384 390 414 417 418 421 (41.0)
93: 403 409 427 429 (33.0)
94: 404 430 432 (36.0)
95: 440 457 (30.0)
96: 420 425 428 438 (31.0)
97: 407 431 439 453 454 456 479 (42.0)
98: 426 434 436 437 442 443 444 462 (47.0)
99: 412 415 419 441 446 447 455 486 (49.0)
100: 433 435 449 (35.0)
101: 450 464 465 (34.0)
102: 448 463 489 (48.0)
103: 459 466 468 471 477 480 (41.0)
104: 460 461 474 487 512 (42.0)
105: 470 493 495 (36.0)
106: 445 452 481 492 497 (32.0)
107: 458 469 472 482 483 488 491 507 (45.0)
108: 451 494 501 509 (49.0)
109: 467 476 513 516 522 525 (42.0)
110: 475 496 503 505 (41.0)
111: 473 490 498 499 506 524 528 (44.0)
112: 478 485 500 510 (31.0)
113: 502 504 517 530 (48.0)
114: 484 508 534 546 558 (38.0)
115: 519 521 526 535 536 537 544 556 (49.0)
116: 511 523 529 533 539 542 562 (50.0)
117: 518 527 532 570 (38.0)
118: 514 540 554 (57.0)
119: 515 541 548 550 552 553 (50.0)
120: 531 538 547 559 560 (41.0)
121: 543 549 (30.0)
122: 520 555 557 561 584 (40.0)
123: 551 563 567 579 585 (50.0)
124: 564 565 566 569 576 582 (49.0)
125: 578 594 595 (50.0)
126: 572 583 589 598 (38.0)
127: 545 568 574 575 581 (41.0)
128: 571 573 587 591 596 610 611 (41.0)
129: 580 586 602 603 607 (40.0)
130: 590 605 628 (50.0)
131: 577 592 593 604 606 (38.0)
132: 608 612 614 626 636 (46.0)
133: 597 599 609 613 617 632 639 (50.0)
134: 618 623 630 641 655 (41.0)
135: 588 616 622 625 627 631 634 637 (48.0)
136: 600 615 620 621 650 (43.0)
137: 624 633 642 649 658 (44.0)
138: 601 635 640 646 654 663 (43.0)
139: 619 647 651 665 (48.0)
140: 652 653 656 659 (41.0)
141: 638 643 668 669 697 703 (48.0)
142: 648 657 662 671 680 683 689 692 (50.0)
143: 629 644 666 679 (33.0)
144: 645 673 681 694 704 (36.0)
145: 675 691 (51.0)
146: 674 676 678 685 (50.0)
147: 660 664 672 682 687 (51.0)
148: 667 684 710 712 713 730 (50.0)
149: 661 693 696 725 (50.0)
150: 670 686 690 699 719 (45.0)
151: 702 708 714 720 726 727 (47.0)
152: 677 700 701 709 711 741 (43.0)
153: 695 717 718 722 729 736 752 (50.0)
154: 698 724 728 734 749 (45.0)
155: 688 705 716 739 (48.0)
156: 721 735 (33.0)
157: 707 723 733 754 774 (47.0)
158: 706 715 740 744 786 (39.0)
159: 731 745 747 750 759 762 (36.0)
160: 737 748 761 763 773 777 785 (40.0)
161: 751 766 771 781 784 792 (44.0)
162: 738 743 746 756 757 778 803 (44.0)
163: 732 742 753 790 (42.0)
164: 755 793 (47.0)
165: 758 769 770 772 789 797 801 (50.0)
166: 767 780 802 819 (49.0)
167: 765 779 787 (50.0)
168: 760 794 800 (50.0)
169: 764 782 788 791 808 831 (49.0)
170: 775 799 821 825 (37.0)
171: 768 783 795 798 804 (50.0)
172: 776 806 814 827 852 (50.0)
173: 796 815 822 826 830 837 (50.0)
174: 805 809 813 835 853 (43.0)
175: 807 818 820 832 833 860 (41.0)
176: 811 812 824 828 841 855 (50.0)
177: 810 838 848 859 (45.0)
178: 816 817 829 839 846 858 863 (49.0)
179: 823 840 842 845 (49.0)
180: 849 851 857 875 (50.0)
181: 843 844 861 862 864 873 887 (50.0)
182: 834 836 901 (50.0)
183: 867 870 872 879 911 (48.0)
184: 847 854 865 866 877 878 882 (50.0)
185: 850 869 909 (50.0)
186: 871 876 880 881 886 (50.0)
187: 856 874 892 900 902 915 (50.0)
188: 889 891 898 899 917 (50.0)
189: 888 907 910 939 (50.0)
190: 883 896 912 919 921 923 928 (48.0)
191: 868 884 885 894 908 (50.0)
192: 895 897 903 905 922 926 933 (50.0)
193: 890 914 941 961 (53.0)
194: 913 930 944 (50.0)
195: 893 906 916 925 934 935 936 949 (49.0)
196: 918 929 946 (49.0)
197: 904 924 932 938 948 950 (50.0)
198: 937 954 964 (50.0)
199: 920 943 945 (50.0)
200: 927 931 942 947 952 955 (49.0)
201: 953 957 959 962 975 989 (50.0)
202: 956 960 963 969 992 996 (50.0)
203: 965 967 971 980 (49.0)
204: 958 966 970 974 982 (50.0)
205: 940 951 978 981 983 985 (50.0)
206: 972 979 986 999 (49.0)
207: 968 984 995 997 (46.0)
208: 977 990 993 998 (44.0)
209: 973 976 987 988 991 994 (40.0)
