Name: 100-40-75
Time: 3.852365255355835 
Result: 22
Solution:  1 2 9 0 4 0 1 7 2 7 2 2 1 1 0 4 0 1 2 4 4 3 6 4 1 7 10 6 7 5 3 9 9 0 3 8 4 9 13 0 2 4 4 4 13 7 9 8 13 7 18 12 1 9 8 5 12 18 12 14 12 15 10 10 11 10 14 8 14 16 15 15 16 10 15 16 12 12 18 18 6 14 15 12 18 17 16 17 17 16 11 13 18 12 17 17 18 18 16 17
0: 3 5 14 16 33 39 (58.0)
1: 0 6 12 13 17 24 52 (56.0)
2: 1 8 10 11 18 40 (61.0)
3: 21 30 34 (51.0)
4: 4 15 19 20 23 36 41 42 43 (63.0)
5: 29 55 (51.0)
6: 22 27 80 (57.0)
7: 7 9 25 28 45 49 (55.0)
8: 35 47 54 67 (54.0)
9: 2 31 32 37 46 53 (65.0)
10: 26 62 63 65 73 (67.0)
11: 64 90 (63.0)
12: 51 56 58 60 76 77 83 93 (73.0)
13: 38 44 48 91 (60.0)
14: 59 66 68 81 (63.0)
15: 61 70 71 74 82 (73.0)
16: 69 72 75 86 89 98 (65.0)
17: 85 87 88 94 95 99 (57.0)
18: 50 57 78 79 84 92 96 97 (58.0)
