Name: 100-50-100
Time: 4.0511415004730225 
Result: 32
Solution:  3 1 7 4 0 2 0 0 1 2 2 0 1 1 1 2 5 3 3 3 4 7 14 6 6 7 2 9 9 7 8 6 9 10 11 12 2 4 13 3 7 10 10 14 5 14 9 10 13 9 7 12 4 4 11 13 11 13 13 10 21 11 21 14 8 16 17 8 13 15 20 16 11 18 17 12 21 17 19 15 21 20 21 20 18 20 18 17 19 19 22 22 23 20 16 24 24 24 22 23
0: 4 6 7 11 (58.0)
1: 1 8 12 13 14 (62.0)
2: 5 9 10 15 26 36 (77.0)
3: 0 17 18 19 39 (75.0)
4: 3 20 37 52 53 (71.0)
5: 16 44 (64.0)
6: 23 24 31 (81.0)
7: 2 21 25 29 40 50 (63.0)
8: 30 64 67 (69.0)
9: 27 28 32 46 49 (66.0)
10: 33 41 42 47 59 (66.0)
11: 34 54 56 61 72 (71.0)
12: 35 51 75 (74.0)
13: 38 48 55 57 58 68 (68.0)
14: 22 43 45 63 (65.0)
15: 69 79 (71.0)
16: 65 71 94 (74.0)
17: 66 74 77 87 (76.0)
18: 73 84 86 (87.0)
19: 78 88 89 (72.0)
20: 70 81 83 85 93 (72.0)
21: 60 62 76 80 82 (90.0)
22: 90 91 98 (61.0)
23: 92 99 (75.0)
24: 95 96 97 (85.0)
