Name: 100-60-125
Time: 6.534306526184082 
Result: 41
Solution:  1 0 5 0 3 6 2 1 4 5 0 7 3 5 1 0 4 4 4 0 9 8 12 0 8 8 14 0 3 2 8 8 7 11 6 2 3 8 2 4 10 6 6 11 8 9 14 10 8 12 13 12 11 16 15 5 17 10 14 3 7 13 10 14 15 13 13 16 10 14 15 20 7 18 12 17 16 19 16 11 19 12 17 18 10 11 20 17 14 19 17 19 19 18 15 20 16 18 11 17
0: 1 3 10 15 19 23 27 (88.0)
1: 0 7 14 (77.0)
2: 6 29 35 38 (80.0)
3: 4 12 28 36 59 (97.0)
4: 8 16 17 18 39 (86.0)
5: 2 9 13 55 (78.0)
6: 5 34 41 42 (89.0)
7: 11 32 60 72 (97.0)
8: 21 24 25 30 31 37 44 48 (114.0)
9: 20 45 (86.0)
10: 40 47 57 62 68 84 (107.0)
11: 33 43 52 79 85 98 (98.0)
12: 22 49 51 74 81 (87.0)
13: 50 61 65 66 (115.0)
14: 26 46 58 63 69 88 (98.0)
15: 54 64 70 94 (87.0)
16: 53 67 76 78 96 (116.0)
17: 56 75 82 87 90 99 (110.0)
18: 73 83 93 97 (103.0)
19: 77 80 89 91 92 (118.0)
20: 71 86 95 (85.0)
