Name: 100-40-75
Time: 8.360362768173218 
Result: 22
Solution:  0 7 8 0 0 1 4 4 2 4 1 9 0 4 2 7 6 0 3 3 4 3 5 1 0 6 7 1 7 5 2 1 4 10 6 6 10 8 1 1 4 8 3 4 8 3 10 7 10 12 3 14 7 15 13 16 12 15 12 13 12 7 10 14 9 14 14 15 9 13 11 15 18 17 13 15 10 18 18 15 10 12 17 13 16 13 14 17 17 11 11 14 18 16 12 18 17 15 18 15
0: 0 3 4 12 17 24 (52.0)
1: 5 10 23 27 31 38 39 (53.0)
2: 8 14 30 (54.0)
3: 18 19 21 42 45 50 (60.0)
4: 6 7 9 13 20 32 40 43 (52.0)
5: 22 29 (55.0)
6: 16 25 34 35 (55.0)
7: 1 15 26 28 47 52 61 (67.0)
8: 2 37 41 44 (53.0)
9: 11 64 68 (74.0)
10: 33 36 46 48 62 76 80 (67.0)
11: 70 89 90 (58.0)
12: 49 56 58 60 81 94 (53.0)
13: 54 59 69 74 83 85 (70.0)
14: 51 63 65 66 86 91 (64.0)
15: 53 57 67 71 75 79 97 99 (64.0)
16: 55 84 93 (59.0)
17: 73 82 87 88 96 (70.0)
18: 72 77 78 92 95 98 (70.0)
