Name: 1000-30-50
Time: 62.067445516586304 
Result: 34
Solution:  0 1 1 1 3 0 1 1 4 2 2 0 2 3 1 5 3 3 5 4 4 8 0 5 3 12 1 6 13 9 13 7 7 13 12 6 1 13 10 11 9 13 9 8 9 13 6 16 12 13 10 17 9 13 14 15 21 18 13 8 11 21 12 16 16 16 13 15 18 23 16 14 18 23 19 11 23 22 20 19 16 21 21 17 14 21 26 22 19 24 21 16 23 25 22 22 21 25 26 24 20 23 19 25 27 17 28 23 33 25 23 30 28 28 29 32 26 25 35 31 27 28 26 31 34 32 28 37 28 34 33 28 30 32 28 32 37 36 35 30 35 35 39 33 42 37 37 29 37 41 38 31 40 37 39 41 36 40 35 38 42 35 41 43 38 44 42 39 47 49 42 39 45 49 42 45 46 46 50 43 36 45 45 40 44 44 42 48 43 45 46 51 55 50 54 48 47 49 49 44 59 42 56 49 51 51 52 50 51 49 55 50 46 50 53 48 50 51 53 47 55 47 53 53 52 58 56 54 56 50 55 52 60 56 56 54 57 52 62 54 59 54 60 54 54 56 62 56 54 61 62 66 54 65 59 57 58 58 57 65 56 68 54 62 69 65 60 63 63 61 67 68 63 61 71 58 66 69 65 68 72 64 60 66 62 70 70 66 68 66 67 71 70 69 64 69 65 64 69 64 63 74 67 64 71 71 66 66 76 75 69 75 69 71 72 81 69 68 73 75 73 78 81 71 77 82 73 70 77 70 78 77 71 74 78 73 69 74 73 74 76 72 76 85 78 72 78 77 80 82 80 80 81 80 79 80 74 80 84 77 76 79 81 78 85 79 84 83 90 85 87 78 85 83 81 84 85 83 81 84 86 86 86 91 86 87 85 87 88 89 94 91 94 89 93 88 90 87 83 83 83 89 83 89 95 87 88 89 86 92 91 93 93 89 98 91 85 93 94 90 96 91 93 92 92 93 100 94 89 96 95 98 98 92 98 105 98 97 97 96 101 101 97 98 97 96 97 100 102 106 103 96 98 98 100 100 96 107 100 100 100 103 106 100 104 98 102 107 101 108 99 102 103 106 103 110 104 105 101 104 101 104 113 110 111 113 102 106 107 99 108 104 113 107 110 109 112 116 112 112 113 110 114 111 109 106 113 104 113 105 115 114 104 108 119 117 110 112 106 107 122 114 111 113 118 108 115 117 112 116 117 114 114 121 119 108 116 109 115 115 118 115 126 120 121 118 123 119 114 128 127 124 121 116 129 116 118 118 120 123 120 119 113 121 127 121 127 126 126 125 123 121 127 132 122 124 123 130 123 124 128 127 128 126 121 130 127 124 125 128 128 128 135 135 125 129 129 131 133 134 133 127 130 122 121 131 132 124 128 126 141 130 136 133 132 139 136 133 133 132 136 138 136 139 134 132 134 134 131 138 137 134 134 138 135 135 135 133 141 135 145 140 141 140 143 136 137 139 141 139 134 146 147 140 138 137 144 143 143 133 145 144 140 141 145 142 144 144 140 139 146 143 145 142 148 142 149 152 149 149 147 144 146 149 149 143 150 147 154 148 151 150 142 148 147 147 148 140 157 148 150 146 153 141 144 151 156 153 150 155 146 154 146 147 156 149 153 154 152 151 147 152 155 153 150 152 157 163 156 154 155 153 158 158 157 156 153 149 157 153 160 157 157 159 158 160 158 159 161 154 161 160 165 161 159 164 166 157 159 161 163 162 158 162 168 165 161 168 162 163 164 168 164 172 166 163 171 160 159 167 166 167 166 162 167 170 159 170 160 173 172 162 168 167 171 171 173 170 169 173 168 166 175 162 166 171 169 174 171 174 175 178 179 180 172 177 179 180 181 165 170 173 173 172 179 180 176 173 172 169 177 169 181 176 176 178 169 181 174 177 178 175 177 180 178 182 183 181 179 174 176 177 177 173 185 179 185 182 183 181 181 183 180 180 179 180 177 178 189 185 186 186 182 180 175 184 178 186 179 185 187 186 180 192 181 188 184 186 190 191 188 196 189 193 190 189 186 190 187 184 191 193 188 191 197 190 190 190 183 185 191 183 193 184 187 192 202 198 189 188 191 192 193 192 197 202 192 197 189 196 196 199 197 191 195 200 195 195 198 194 202 198 197 206 195 199 197 200 198 200 198 202 208 201 200 200 197 201 196 202 205 204 195 198 194 203 200 203 201 203 201 204 206 202 205 209 201 206 205 204 204 205 203 203 208 206 209 206 206 202 208 204 209 208 206 207 206 209 207 201
0: 0 5 11 22 (31.0)
1: 1 2 3 6 7 14 26 36 (27.0)
2: 9 10 12 (30.0)
3: 4 13 16 17 24 (40.0)
4: 8 19 20 (32.0)
5: 15 18 23 (37.0)
6: 27 35 46 (32.0)
7: 31 32 (31.0)
8: 21 43 59 (39.0)
9: 29 40 42 44 52 (33.0)
10: 38 50 (32.0)
11: 39 60 75 (30.0)
12: 25 34 48 62 (33.0)
13: 28 30 33 37 41 45 49 53 58 66 (23.0)
14: 54 71 84 (31.0)
15: 55 67 (39.0)
16: 47 63 64 65 70 80 91 (32.0)
17: 51 83 105 (34.0)
18: 57 68 72 (31.0)
19: 74 79 88 102 (31.0)
20: 78 100 (35.0)
21: 56 61 81 82 85 90 96 (26.0)
22: 77 87 94 95 (33.0)
23: 69 73 76 92 101 107 110 (25.0)
24: 89 99 (32.0)
25: 93 97 103 109 117 (21.0)
26: 86 98 116 122 (31.0)
27: 104 120 (35.0)
28: 106 112 113 121 126 128 131 134 (30.0)
29: 114 147 (31.0)
30: 111 132 139 (37.0)
31: 119 123 151 (34.0)
32: 115 125 133 135 (32.0)
33: 108 130 143 (35.0)
34: 124 129 (31.0)
35: 118 138 140 141 158 161 (30.0)
36: 137 156 180 (36.0)
37: 127 136 145 146 148 153 (35.0)
38: 150 159 164 (32.0)
39: 142 154 167 171 (35.0)
40: 152 157 183 (32.0)
41: 149 155 162 (36.0)
42: 144 160 166 170 174 186 201 (34.0)
43: 163 179 188 (30.0)
44: 165 184 185 199 (36.0)
45: 172 175 181 182 189 (35.0)
46: 176 177 190 212 (32.0)
47: 168 196 219 221 (36.0)
48: 187 195 215 (41.0)
49: 169 173 197 198 203 209 (30.0)
50: 178 193 207 211 213 216 229 (31.0)
51: 191 204 205 208 217 (32.0)
52: 206 224 231 237 (31.0)
53: 214 218 222 223 (42.0)
54: 194 227 235 239 241 243 244 248 252 262 (31.0)
55: 192 210 220 230 (35.0)
56: 202 226 228 233 234 245 247 260 (32.0)
57: 236 255 258 (39.0)
58: 225 256 257 275 (44.0)
59: 200 240 254 (34.0)
60: 232 242 266 282 (36.0)
61: 249 269 273 (37.0)
62: 238 246 250 263 284 (34.0)
63: 267 268 272 300 (37.0)
64: 281 294 297 299 303 (39.0)
65: 253 259 265 278 296 (36.0)
66: 251 276 283 287 289 306 307 (33.0)
67: 270 290 302 (40.0)
68: 261 271 279 288 317 (32.0)
69: 264 277 293 295 298 310 312 316 336 (47.0)
70: 285 286 292 327 329 (32.0)
71: 274 291 304 305 313 323 332 (43.0)
72: 280 314 341 345 (39.0)
73: 318 320 326 335 338 (37.0)
74: 301 333 337 339 356 (37.0)
75: 309 311 319 (44.0)
76: 308 340 342 360 (37.0)
77: 324 328 331 347 359 (40.0)
78: 321 330 334 344 346 363 371 (39.0)
79: 354 361 365 (36.0)
80: 348 350 351 353 355 357 (40.0)
81: 315 322 352 362 374 378 (46.0)
82: 325 349 (37.0)
83: 367 373 377 398 399 400 402 (37.0)
84: 358 366 375 379 (34.0)
85: 343 364 369 372 376 386 416 (37.0)
86: 380 381 382 384 408 (42.0)
87: 370 385 387 397 405 (50.0)
88: 388 395 406 (33.0)
89: 389 393 401 403 407 413 428 (41.0)
90: 368 396 419 (34.0)
91: 383 391 410 415 421 (39.0)
92: 409 423 424 433 (33.0)
93: 394 411 412 417 422 425 (41.0)
94: 390 392 418 427 (37.0)
95: 404 430 (34.0)
96: 420 429 439 445 451 456 (37.0)
97: 437 438 442 444 446 (35.0)
98: 414 431 432 434 436 443 452 453 465 (45.0)
99: 470 489 (51.0)
100: 426 447 454 455 458 459 460 463 (50.0)
101: 440 441 468 478 480 (40.0)
102: 448 466 471 486 (34.0)
103: 450 461 472 474 (41.0)
104: 464 476 479 481 491 507 512 (45.0)
105: 435 477 509 (44.0)
106: 449 462 473 487 505 518 (46.0)
107: 457 467 488 493 519 (37.0)
108: 469 490 513 525 535 (43.0)
109: 495 504 537 (37.0)
110: 475 483 494 501 516 (44.0)
111: 484 503 522 (40.0)
112: 496 498 499 517 528 (34.0)
113: 482 485 492 500 506 508 523 562 (38.0)
114: 502 511 521 531 532 548 (32.0)
115: 510 526 538 539 541 (39.0)
116: 497 529 536 553 555 (34.0)
117: 515 527 530 (46.0)
118: 524 540 545 556 557 (39.0)
119: 514 534 547 561 (41.0)
120: 543 558 560 (37.0)
121: 533 544 552 563 565 571 584 604 (41.0)
122: 520 574 603 (34.0)
123: 546 559 570 576 578 (43.0)
124: 551 575 579 587 607 (41.0)
125: 569 588 594 (49.0)
126: 542 567 568 583 609 (42.0)
127: 550 564 566 572 581 586 601 (50.0)
128: 549 580 582 589 590 591 608 (47.0)
129: 554 595 596 (50.0)
130: 577 585 602 611 (49.0)
131: 597 605 628 (50.0)
132: 573 606 614 619 625 (51.0)
133: 598 600 613 617 618 637 659 (50.0)
134: 599 624 626 627 631 632 650 (50.0)
135: 592 593 634 635 636 639 (49.0)
136: 612 616 620 622 645 (43.0)
137: 630 646 655 (35.0)
138: 621 629 633 654 (34.0)
139: 615 623 647 649 669 (35.0)
140: 641 643 653 662 668 697 (45.0)
141: 610 638 642 648 663 703 (39.0)
142: 665 673 675 692 (47.0)
143: 644 657 658 671 685 (46.0)
144: 656 661 666 667 681 704 (49.0)
145: 640 660 664 672 (48.0)
146: 651 670 682 701 710 712 (50.0)
147: 652 680 687 694 695 713 720 (49.0)
148: 674 689 693 696 699 (50.0)
149: 676 678 679 683 684 715 737 (49.0)
150: 686 691 700 708 724 (50.0)
151: 690 705 719 (49.0)
152: 677 718 721 725 (48.0)
153: 702 707 716 723 731 736 739 (49.0)
154: 688 711 717 729 749 (38.0)
155: 709 722 730 (31.0)
156: 706 714 728 735 (50.0)
157: 698 726 734 738 741 742 757 (48.0)
158: 732 733 744 746 762 (41.0)
159: 743 747 754 758 778 786 (43.0)
160: 740 745 751 777 788 (49.0)
161: 748 750 753 759 766 (39.0)
162: 761 763 768 783 791 803 (44.0)
163: 727 760 769 775 (49.0)
164: 755 770 772 (50.0)
165: 752 765 819 (50.0)
166: 756 774 780 782 801 804 (43.0)
167: 779 781 784 793 (49.0)
168: 764 767 771 792 800 (49.0)
169: 798 806 829 831 836 (50.0)
170: 785 787 797 820 (50.0)
171: 776 794 795 805 808 (50.0)
172: 773 790 814 823 828 (41.0)
173: 789 796 799 821 822 827 853 (50.0)
174: 807 809 838 849 (49.0)
175: 802 810 841 874 (47.0)
176: 826 833 834 850 (50.0)
177: 815 830 839 842 851 852 866 (39.0)
178: 811 835 840 844 867 876 (50.0)
179: 812 816 824 848 855 864 878 (50.0)
180: 813 817 825 843 862 863 865 873 882 (50.0)
181: 818 832 837 847 859 860 884 (50.0)
182: 845 857 872 (50.0)
183: 846 858 861 908 911 (50.0)
184: 875 886 899 913 (50.0)
185: 854 856 869 879 909 (55.0)
186: 870 871 877 881 887 896 (50.0)
187: 880 898 914 (49.0)
188: 885 890 902 919 (50.0)
189: 868 892 895 918 928 (44.0)
190: 888 894 897 905 906 907 (49.0)
191: 889 900 903 910 920 933 (50.0)
192: 883 915 921 923 926 (50.0)
193: 893 901 912 922 (50.0)
194: 939 964 (51.0)
195: 934 936 937 944 962 (49.0)
196: 891 929 930 958 (50.0)
197: 904 924 927 932 942 946 956 (50.0)
198: 917 938 941 948 950 963 (46.0)
199: 931 945 (43.0)
200: 935 947 949 954 955 966 (47.0)
201: 953 957 968 970 976 999 (50.0)
202: 916 925 940 951 959 973 989 (50.0)
203: 965 967 969 982 983 (49.0)
204: 961 971 979 980 991 (49.0)
205: 960 974 978 981 (50.0)
206: 943 972 977 985 987 988 994 996 (50.0)
207: 995 998 (37.0)
208: 952 984 990 993 (46.0)
209: 975 986 992 997 (43.0)
