Name: 100-50-100
Time: 8.424538135528564 
Result: 34
Solution:  5 1 4 3 2 0 6 3 0 2 1 1 0 10 5 3 4 0 3 3 7 0 10 6 13 1 3 4 1 4 6 6 10 6 4 11 11 7 11 12 7 12 12 11 2 10 8 13 19 8 12 9 5 5 20 13 14 8 19 14 17 10 11 19 8 16 17 9 11 14 20 15 14 18 18 21 22 24 19 17 21 21 16 13 16 16 20 19 23 15 22 24 23 23 23 20 24 24 24 22
0: 5 8 12 17 21 (54.0)
1: 1 10 11 25 28 (66.0)
2: 4 9 44 (80.0)
3: 3 7 15 18 19 26 (64.0)
4: 2 16 27 29 34 (61.0)
5: 0 14 52 53 (59.0)
6: 6 23 30 31 33 (70.0)
7: 20 37 40 (55.0)
8: 46 49 57 64 (60.0)
9: 51 67 (80.0)
10: 13 22 32 45 61 (71.0)
11: 35 36 38 43 62 68 (78.0)
12: 39 41 42 50 (63.0)
13: 24 47 55 83 (81.0)
14: 56 59 69 72 (71.0)
15: 71 89 (76.0)
16: 65 82 84 85 (78.0)
17: 60 66 79 (79.0)
18: 73 74 (60.0)
19: 48 58 63 78 87 (72.0)
20: 54 70 86 95 (88.0)
21: 75 80 81 (84.0)
22: 76 90 99 (83.0)
23: 88 92 93 94 (85.0)
24: 77 91 96 97 98 (75.0)
