Name: 100-50-100
Time: 3.8897523880004883 
Result: 33
Solution:  4 0 2 5 2 1 4 4 0 3 1 0 0 9 7 1 6 4 3 8 6 7 11 5 4 1 11 3 10 12 7 7 8 10 11 5 9 5 14 2 6 8 8 1 3 11 12 10 8 11 10 15 6 7 15 13 11 13 11 9 18 12 11 19 9 13 17 16 12 23 19 21 10 18 18 13 17 21 19 14 20 21 24 12 23 19 18 16 20 15 17 24 23 22 18 22 24 24 24 17
0: 1 8 11 12 (61.0)
1: 5 10 15 25 43 (68.0)
2: 2 4 39 (58.0)
3: 9 18 27 44 (61.0)
4: 0 6 7 17 24 (73.0)
5: 3 23 35 37 (77.0)
6: 16 20 40 52 (63.0)
7: 14 21 30 31 53 (68.0)
8: 19 32 41 42 48 (77.0)
9: 13 36 59 64 (67.0)
10: 28 33 47 50 72 (62.0)
11: 22 26 34 45 49 56 58 62 (77.0)
12: 29 46 61 68 83 (58.0)
13: 55 57 65 75 (77.0)
14: 38 79 (66.0)
15: 51 54 89 (67.0)
16: 67 87 (67.0)
17: 66 76 90 99 (88.0)
18: 60 73 74 86 94 (90.0)
19: 63 70 78 85 (61.0)
20: 80 88 (84.0)
21: 71 77 81 (89.0)
22: 93 95 (65.0)
23: 69 84 92 (91.0)
24: 82 91 96 97 98 (78.0)
