Name: 100-20-30
Time: 8.778442144393921 
Result: 8
Solution:  5 0 5 0 1 2 3 0 0 2 4 1 3 11 2 2 3 2 9 0 4 2 8 7 5 6 6 9 1 9 6 4 1 12 11 6 9 7 1 10 2 11 5 4 12 7 11 3 13 12 6 17 10 8 9 21 19 7 13 14 14 16 15 15 18 17 20 17 14 15 21 17 16 18 23 17 21 13 15 16 20 18 22 12 19 23 17 18 23 20 24 21 24 23 22 24 22 24 24 23
0: 1 3 7 8 19 (26.0)
1: 4 11 28 32 38 (24.0)
2: 5 9 14 15 17 21 40 (23.0)
3: 6 12 16 47 (28.0)
4: 10 20 31 43 (22.0)
5: 0 2 24 42 (26.0)
6: 25 26 30 35 50 (26.0)
7: 23 37 45 57 (24.0)
8: 22 53 (21.0)
9: 18 27 29 36 54 (23.0)
10: 39 52 (23.0)
11: 13 34 41 46 (26.0)
12: 33 44 49 83 (29.0)
13: 48 58 77 (26.0)
14: 59 60 68 (28.0)
15: 62 63 69 78 (21.0)
16: 61 72 79 (29.0)
17: 51 65 67 71 75 86 (24.0)
18: 64 73 81 87 (24.0)
19: 56 84 (25.0)
20: 66 80 89 (23.0)
21: 55 70 76 91 (22.0)
22: 82 94 96 (28.0)
23: 74 85 88 93 99 (24.0)
24: 90 92 95 97 98 (26.0)
