Name: 1000-50-100
Time: 59.438697814941406 
Result: 64
Solution:  1 0 3 0 2 1 0 2 3 2 3 3 6 4 8 3 0 3 2 2 7 5 6 2 4 7 3 6 14 11 7 0 12 7 7 3 1 2 3 5 5 7 8 12 15 4 12 3 9 8 11 9 14 11 11 10 11 14 6 12 11 13 12 15 9 14 13 7 10 19 12 16 14 14 10 14 17 16 15 20 15 18 21 15 15 18 22 13 8 12 23 14 19 17 20 17 19 16 19 21 23 18 19 17 17 18 22 21 21 21 16 19 19 22 22 28 27 20 25 26 28 17 26 22 29 25 27 21 26 19 30 22 26 28 27 24 27 31 30 22 29 33 30 26 27 22 28 31 22 24 26 34 39 30 30 31 32 26 33 39 25 32 25 23 28 32 28 35 34 40 39 29 33 29 34 33 41 33 35 32 30 37 36 36 37 40 39 42 37 38 35 39 38 37 35 39 34 40 38 43 36 39 40 39 36 42 41 42 36 45 40 42 39 44 41 38 48 47 40 44 38 46 43 39 39 41 50 39 45 44 43 50 44 42 49 55 48 38 47 45 52 53 47 47 41 47 50 49 51 51 46 50 48 54 47 56 50 48 47 48 52 49 51 51 53 52 60 50 54 47 54 49 50 59 50 55 55 49 54 53 62 49 54 53 57 56 55 52 57 57 59 54 53 52 64 60 56 51 61 58 56 55 64 58 58 68 68 61 63 59 66 59 65 66 65 68 67 56 62 61 57 60 67 63 65 72 60 62 66 66 64 71 70 62 66 62 64 59 61 63 73 62 64 63 64 65 74 69 61 70 71 69 77 73 70 72 65 65 76 73 78 71 73 71 73 65 73 77 74 75 80 74 71 80 74 75 74 80 70 68 71 76 76 83 71 77 78 75 76 80 86 82 75 79 77 84 75 79 77 84 80 82 82 88 84 83 82 81 88 82 85 74 81 80 81 80 82 75 80 78 81 85 82 83 85 87 81 85 92 88 89 86 89 91 90 79 86 88 79 94 94 95 89 95 81 92 96 83 87 96 95 88 90 94 91 94 86 89 91 88 92 95 90 95 93 86 89 88 95 87 91 92 93 94 93 98 89 98 103 95 93 95 93 93 99 96 98 94 100 90 98 97 94 103 94 98 101 97 101 99 100 100 100 94 106 107 99 101 101 108 103 101 102 105 105 104 109 103 98 102 108 101 106 109 102 104 107 99 104 105 109 106 105 103 107 108 107 110 107 101 109 101 103 105 110 106 110 109 109 103 119 112 112 110 110 105 116 114 111 109 106 111 113 111 112 114 109 108 115 117 117 118 113 117 116 115 114 117 111 114 112 113 112 115 121 117 110 118 111 117 118 114 117 116 119 109 116 118 116 125 118 113 117 123 117 117 119 120 118 120 122 120 122 127 124 123 122 120 117 123 122 113 126 123 130 127 125 122 122 120 116 120 124 121 121 116 123 124 124 128 126 125 127 116 128 127 124 126 129 122 128 129 126 128 132 125 125 124 129 126 122 122 132 131 129 130 126 126 133 137 131 124 127 134 134 131 134 126 125 130 131 126 137 139 132 138 133 132 132 134 126 127 135 139 133 131 140 137 132 135 134 141 143 130 134 133 136 136 140 137 138 137 139 132 140 129 137 135 139 141 136 140 135 140 138 135 145 140 136 148 145 148 136 146 134 143 141 136 145 145 141 142 141 142 140 143 140 151 143 139 143 135 146 138 144 140 141 146 142 142 143 144 145 142 145 146 150 138 153 145 145 147 143 143 155 152 150 147 156 157 143 151 153 150 155 156 150 152 148 142 157 148 150 153 150 144 148 148 155 147 144 149 160 150 146 152 153 156 153 144 154 151 152 147 154 159 152 157 153 161 150 156 152 155 155 149 156 163 153 156 153 158 152 164 154 163 159 154 156 157 162 158 162 157 155 162 162 159 159 158 161 152 160 161 162 158 152 164 159 168 160 163 167 160 159 168 157 154 163 164 161 166 168 164 166 163 164 165 172 166 158 165 161 162 161 160 162 171 169 159 165 171 165 167 168 164 169 165 161 174 164 167 165 167 169 171 175 168 168 167 166 164 168 174 168 167 170 169 168 172 163 168 172 171 174 173 180 166 179 173 169 169 169 173 172 178 176 175 182 170 182 178 176 175 170 176 173 178 174 175 176 171 179 178 182 176 177 176 177 181 176 178 171 180 176 179 177 181 179 181 180 179 180 179 179 175 183 181 183 181 183 184 183 174 175 176 179 181 182 183 179 179 182 183 184 184 182 184 182 184
0: 1 3 6 16 31 (57.0)
1: 0 5 36 (50.0)
2: 4 7 9 18 19 23 37 (50.0)
3: 2 8 10 11 15 17 26 35 38 47 (42.0)
4: 13 24 45 (53.0)
5: 21 39 40 (62.0)
6: 12 22 27 58 (52.0)
7: 20 25 30 33 34 41 67 (53.0)
8: 14 42 49 88 (52.0)
9: 48 51 64 (57.0)
10: 55 68 74 (55.0)
11: 29 50 53 54 56 60 (52.0)
12: 32 43 46 59 62 70 89 (52.0)
13: 61 66 87 (50.0)
14: 28 52 57 65 72 73 75 91 (52.0)
15: 44 63 78 80 83 84 (63.0)
16: 71 77 97 110 (63.0)
17: 76 93 95 103 104 121 (55.0)
18: 81 85 101 105 (59.0)
19: 69 92 96 98 102 111 112 129 (53.0)
20: 79 94 117 (54.0)
21: 82 99 107 108 109 127 (52.0)
22: 86 106 113 114 123 131 139 145 148 (50.0)
23: 90 100 163 (60.0)
24: 135 149 (52.0)
25: 118 125 160 162 (59.0)
26: 119 122 128 132 143 150 157 (58.0)
27: 116 126 134 136 144 (54.0)
28: 115 120 133 146 164 166 (60.0)
29: 124 140 171 173 (64.0)
30: 130 138 142 153 154 180 (63.0)
31: 137 147 155 (55.0)
32: 156 161 165 179 (50.0)
33: 141 158 172 175 177 (58.0)
34: 151 168 174 196 (52.0)
35: 167 178 190 194 (53.0)
36: 182 183 200 204 208 (64.0)
37: 181 184 188 193 (63.0)
38: 189 192 198 215 220 237 (63.0)
39: 152 159 170 186 191 195 201 203 212 223 224 227 (63.0)
40: 169 185 197 202 210 218 (62.0)
41: 176 206 214 225 244 (64.0)
42: 187 205 207 211 233 (64.0)
43: 199 222 230 (62.0)
44: 213 219 229 232 (62.0)
45: 209 228 239 (52.0)
46: 221 250 (55.0)
47: 217 238 242 243 245 254 258 269 (68.0)
48: 216 236 252 257 259 (54.0)
49: 234 247 261 271 277 281 (51.0)
50: 226 231 246 251 256 267 272 274 (55.0)
51: 248 249 262 263 297 (63.0)
52: 240 260 265 287 293 (68.0)
53: 241 264 279 283 292 (64.0)
54: 253 268 270 278 282 291 (68.0)
55: 235 275 276 286 301 (68.0)
56: 255 285 296 300 317 (77.0)
57: 284 288 289 320 (64.0)
58: 299 303 304 (51.0)
59: 273 290 309 311 337 (81.0)
60: 266 295 321 326 (57.0)
61: 298 307 319 338 348 (63.0)
62: 280 318 327 333 335 341 (67.0)
63: 308 323 339 343 (54.0)
64: 294 302 330 336 342 344 (77.0)
65: 312 314 324 345 356 357 365 (67.0)
66: 310 313 328 329 334 (50.0)
67: 316 322 (50.0)
68: 305 306 315 379 (63.0)
69: 347 351 (75.0)
70: 332 349 354 378 (60.0)
71: 331 350 361 363 372 380 384 (63.0)
72: 325 355 (61.0)
73: 340 353 359 362 364 366 (80.0)
74: 346 368 371 374 376 411 (86.0)
75: 369 375 387 392 396 417 (80.0)
76: 358 381 382 388 (61.0)
77: 352 367 385 394 398 (62.0)
78: 360 386 419 (65.0)
79: 393 397 435 438 (58.0)
80: 370 373 377 389 400 413 415 418 (83.0)
81: 407 412 414 420 426 444 (76.0)
82: 391 401 402 406 409 416 422 (76.0)
83: 383 405 423 447 (56.0)
84: 395 399 404 (55.0)
85: 410 421 424 427 (58.0)
86: 390 431 436 456 465 (59.0)
87: 425 448 469 (88.0)
88: 403 408 429 437 451 459 467 (72.0)
89: 430 432 442 457 466 476 (62.0)
90: 434 452 462 489 (63.0)
91: 433 454 458 470 (76.0)
92: 428 445 460 471 (66.0)
93: 464 472 474 480 482 483 (55.0)
94: 439 440 453 455 473 487 492 494 503 (91.0)
95: 441 443 450 461 463 468 479 481 (89.0)
96: 446 449 485 (74.0)
97: 491 497 (55.0)
98: 475 477 486 490 495 518 (63.0)
99: 484 499 506 527 (91.0)
100: 488 500 501 502 (74.0)
101: 496 498 507 508 511 521 539 541 (76.0)
102: 512 519 524 (83.0)
103: 478 493 510 517 533 542 549 (93.0)
104: 515 525 528 (76.0)
105: 513 514 529 532 543 555 (90.0)
106: 504 522 531 545 560 (88.0)
107: 505 526 534 536 538 (64.0)
108: 509 520 535 567 (100.0)
109: 516 523 530 540 547 548 559 566 595 (100.0)
110: 537 544 546 553 554 586 (76.0)
111: 558 561 563 578 588 (74.0)
112: 551 552 564 580 582 (73.0)
113: 562 572 581 601 621 (99.0)
114: 557 565 576 579 591 (97.0)
115: 568 575 583 (55.0)
116: 556 574 593 596 598 630 635 643 (76.0)
117: 569 570 573 577 585 589 592 602 604 605 618 (99.0)
118: 571 587 590 597 600 608 (84.0)
119: 550 594 606 (57.0)
120: 607 609 611 617 629 631 (98.0)
121: 584 633 634 (75.0)
122: 610 612 616 620 627 628 649 660 661 (97.0)
123: 603 615 619 623 636 (62.0)
124: 614 632 637 638 646 657 671 (86.0)
125: 599 626 641 655 656 678 (61.0)
126: 622 640 647 652 659 666 667 677 681 690 (98.0)
127: 613 625 642 645 672 691 (79.0)
128: 639 644 650 653 (69.0)
129: 648 651 658 664 715 (67.0)
130: 624 665 679 703 (85.0)
131: 663 670 675 680 695 (63.0)
132: 654 662 684 687 688 698 713 (98.0)
133: 668 686 694 705 (77.0)
134: 673 674 676 689 700 704 734 (90.0)
135: 692 699 717 722 725 751 (98.0)
136: 706 707 720 728 732 737 (81.0)
137: 669 682 697 709 711 716 (87.0)
138: 685 710 724 753 767 (66.0)
139: 683 693 712 718 749 (77.0)
140: 696 708 714 721 723 727 744 746 755 (100.0)
141: 701 719 736 740 742 756 (89.0)
142: 741 743 758 759 763 789 (84.0)
143: 702 735 745 748 750 760 772 773 780 (81.0)
144: 754 761 795 800 809 (71.0)
145: 726 730 738 739 762 764 769 770 (99.0)
146: 733 752 757 765 804 (92.0)
147: 771 777 799 813 (96.0)
148: 729 731 788 791 796 797 (93.0)
149: 801 825 (52.0)
150: 766 776 783 786 792 794 803 820 (97.0)
151: 747 781 811 (85.0)
152: 775 787 805 812 816 822 832 851 856 (100.0)
153: 768 782 793 806 808 818 828 830 (100.0)
154: 810 814 834 837 867 (100.0)
155: 774 784 798 823 824 844 (100.0)
156: 778 785 807 821 826 829 838 (100.0)
157: 779 790 817 839 843 866 (78.0)
158: 831 841 849 855 880 (100.0)
159: 815 836 847 848 858 864 889 (100.0)
160: 802 852 860 863 885 (106.0)
161: 819 850 853 870 882 884 898 (100.0)
162: 840 842 845 846 854 883 886 (100.0)
163: 827 835 861 868 875 920 (99.0)
164: 833 857 869 873 876 895 900 911 (100.0)
165: 877 881 890 892 897 902 (104.0)
166: 871 874 879 910 927 (100.0)
167: 862 893 901 903 909 915 (100.0)
168: 859 865 872 894 907 908 912 914 918 921 (100.0)
169: 888 896 904 917 930 931 932 (100.0)
170: 916 939 944 (81.0)
171: 887 891 905 923 951 962 (91.0)
172: 878 919 922 934 (74.0)
173: 925 929 933 946 (89.0)
174: 899 913 924 948 983 (71.0)
175: 906 937 943 949 975 984 (100.0)
176: 936 942 945 950 955 957 960 964 985 (100.0)
177: 956 958 966 (96.0)
178: 935 941 947 953 961 (99.0)
179: 928 952 965 968 971 973 974 986 990 991 (100.0)
180: 926 963 970 972 (99.0)
181: 959 967 969 977 979 987 (83.0)
182: 938 940 954 988 992 996 998 (100.0)
183: 976 978 980 982 989 993 (100.0)
184: 981 994 995 997 999 (101.0)
