Name: 1000-60-125
Time: 60.28311777114868 
Result: 89
Solution:  0 3 9 0 0 2 1 0 1 0 1 4 2 6 6 3 7 7 7 9 1 13 5 4 6 10 7 2 10 11 6 2 5 15 6 9 2 9 9 4 9 10 10 5 14 15 9 14 12 12 7 14 22 16 18 13 9 22 14 18 13 9 21 12 16 19 22 16 20 19 16 11 23 18 21 11 15 23 28 19 16 19 18 20 25 21 19 21 21 19 21 17 24 25 25 22 26 19 27 23 17 28 25 28 23 31 28 28 27 26 23 27 24 28 31 28 29 27 21 30 27 32 33 29 32 34 28 31 35 40 32 38 33 29 40 37 33 36 25 32 36 35 32 39 34 41 36 36 34 39 36 41 39 37 39 38 39 43 37 40 30 40 38 41 40 45 39 40 34 43 35 41 36 37 36 45 46 42 43 49 45 42 46 46 41 42 36 44 46 39 47 40 54 44 41 52 40 46 46 52 47 41 48 47 46 43 51 46 51 44 48 46 43 46 44 54 49 54 43 51 50 51 48 55 60 56 52 52 53 49 55 51 49 53 46 56 53 56 56 55 61 47 55 52 50 58 60 57 57 54 59 58 54 54 59 60 56 62 62 63 56 57 64 64 57 54 61 62 58 60 55 56 60 62 56 57 69 62 67 63 59 58 64 68 59 66 57 63 61 66 64 62 65 64 67 64 64 70 63 66 65 69 65 69 62 67 62 69 72 73 73 70 64 70 75 69 68 72 65 68 75 71 70 72 68 74 73 67 73 77 74 71 80 80 70 77 76 74 78 82 73 73 79 70 72 71 75 67 81 72 72 76 70 72 72 80 84 75 79 74 76 76 78 79 82 80 72 73 77 79 81 85 81 89 75 84 81 74 85 86 79 88 82 78 76 76 84 88 86 83 84 88 84 86 83 84 85 82 94 84 90 92 78 94 82 88 97 91 95 88 91 95 94 82 92 92 96 91 86 88 85 92 89 85 89 90 95 91 96 89 96 90 96 90 94 93 97 96 89 95 97 98 95 100 96 92 91 91 94 97 91 93 98 105 98 96 99 92 106 101 93 102 93 99 100 99 100 99 104 100 108 105 108 99 96 102 94 98 102 98 107 111 100 100 105 103 100 104 99 104 101 104 105 110 105 111 109 106 112 112 101 109 102 106 108 107 111 103 111 102 115 106 114 107 103 112 107 110 105 107 109 114 115 106 114 109 113 110 110 106 116 116 112 110 110 115 115 112 121 117 121 122 113 114 115 114 116 111 117 117 120 112 116 117 119 115 113 118 113 116 118 120 117 121 119 120 125 119 119 116 122 120 124 125 126 127 124 122 123 118 122 120 120 126 122 123 126 121 124 120 124 118 119 129 121 130 126 128 121 128 126 126 131 133 125 133 130 132 127 131 125 130 121 132 134 136 138 123 134 132 138 128 132 131 127 135 136 131 124 137 130 132 128 133 129 127 134 138 141 131 134 135 134 137 138 140 135 136 135 133 136 141 137 139 139 135 135 133 141 139 140 138 139 131 140 138 142 135 136 146 147 140 140 139 142 146 143 141 141 142 137 141 145 152 147 145 152 145 150 141 143 144 141 137 140 148 154 147 144 153 143 142 147 144 144 146 148 151 148 152 148 154 147 150 150 150 150 147 144 153 147 151 149 145 151 150 152 149 150 152 157 147 148 161 159 155 157 153 153 149 155 150 153 155 156 164 159 162 153 157 162 158 153 161 156 163 160 158 161 163 156 160 154 158 154 159 165 161 157 159 155 158 153 160 164 156 169 156 162 165 160 165 167 162 162 161 165 165 163 160 166 168 158 171 162 173 159 166 167 164 166 168 163 172 168 168 170 172 167 176 171 169 166 169 170 167 174 168 167 172 174 171 167 172 164 169 171 174 166 166 177 174 166 175 176 171 175 170 173 175 177 176 175 175 173 181 170 176 180 182 171 168 176 181 178 175 175 186 169 179 183 178 179 179 178 181 176 183 175 182 180 180 185 177 180 184 190 178 177 177 181 181 182 183 185 185 183 182 188 184 179 186 186 182 188 184 185 179 179 188 192 183 189 184 185 189 187 185 196 191 186 183 187 191 190 190 186 192 192 184 191 199 193 182 188 201 189 192 191 189 187 188 185 193 195 194 191 191 195 197 195 195 194 195 201 193 191 198 197 199 203 200 193 201 194 191 196 203 196 196 197 199 206 203 203 197 197 193 200 200 202 198 202 195 202 202 199 196 201 205 204 204 198 205 200 200 200 205 204 203 199 205 199 201 198 206 200 204 206 206
0: 0 3 4 7 9 (66.0)
1: 6 8 10 20 (68.0)
2: 5 12 27 31 36 (70.0)
3: 1 15 (87.0)
4: 11 23 39 (67.0)
5: 22 32 43 (58.0)
6: 13 14 24 30 34 (53.0)
7: 16 17 18 26 50 (65.0)
8: (0.0)
9: 2 19 35 37 38 40 46 56 61 (63.0)
10: 25 28 41 42 (51.0)
11: 29 71 75 (67.0)
12: 48 49 63 (50.0)
13: 21 55 60 (68.0)
14: 44 47 51 58 (61.0)
15: 33 45 76 (86.0)
16: 53 64 67 70 80 (60.0)
17: 91 100 (77.0)
18: 54 59 73 82 (64.0)
19: 65 69 79 81 86 89 97 (40.0)
20: 68 83 (77.0)
21: 62 74 85 87 88 90 118 (62.0)
22: 52 57 66 95 (63.0)
23: 72 77 99 104 110 (60.0)
24: 92 112 (86.0)
25: 84 93 94 102 138 (69.0)
26: 96 109 (65.0)
27: 98 108 111 117 120 (65.0)
28: 78 101 103 106 107 113 115 126 (66.0)
29: 116 123 133 (69.0)
30: 119 160 (69.0)
31: 105 114 127 (67.0)
32: 121 124 130 139 142 (76.0)
33: 122 132 136 (71.0)
34: 125 144 148 168 (61.0)
35: 128 141 170 (77.0)
36: 137 140 146 147 150 172 174 186 (61.0)
37: 135 153 158 173 (81.0)
38: 131 155 162 (62.0)
39: 143 149 152 154 156 166 189 (61.0)
40: 129 134 159 161 164 167 191 196 (62.0)
41: 145 151 163 171 184 194 201 (66.0)
42: 177 181 185 (72.0)
43: 157 169 178 205 212 218 (62.0)
44: 187 193 209 214 (74.0)
45: 165 175 180 (70.0)
46: 176 182 183 188 197 198 204 207 211 213 234 (64.0)
47: 190 200 203 241 (79.0)
48: 202 210 222 (68.0)
49: 179 216 229 232 (68.0)
50: 220 244 (60.0)
51: 206 208 219 221 231 (75.0)
52: 195 199 226 227 243 (83.0)
53: 228 233 236 (76.0)
54: 192 215 217 249 252 253 265 (74.0)
55: 223 230 239 242 270 (118.0)
56: 225 235 237 238 256 260 271 274 (74.0)
57: 247 248 261 264 275 286 (90.0)
58: 245 251 268 281 (68.0)
59: 250 254 280 284 (67.0)
60: 224 246 255 269 272 (74.0)
61: 240 266 288 (85.0)
62: 257 258 267 273 277 291 304 306 (74.0)
63: 259 279 287 298 (72.0)
64: 262 263 282 290 293 295 296 312 (68.0)
65: 292 300 302 318 (92.0)
66: 285 289 299 (82.0)
67: 278 294 305 327 347 (84.0)
68: 283 316 319 324 (74.0)
69: 276 301 303 307 315 (99.0)
70: 297 311 313 322 334 343 352 (83.0)
71: 321 331 345 (75.0)
72: 308 317 323 344 349 350 353 354 366 (115.0)
73: 309 310 326 328 340 341 367 (98.0)
74: 325 330 337 359 377 (77.0)
75: 314 320 346 357 374 (97.0)
76: 336 351 360 361 384 385 (90.0)
77: 329 335 368 (72.0)
78: 338 362 383 402 (66.0)
79: 342 358 363 369 380 (92.0)
80: 332 333 355 365 (69.0)
81: 348 370 372 376 (88.0)
82: 339 364 382 397 404 413 (110.0)
83: 389 394 (72.0)
84: 356 375 386 390 392 395 399 (103.0)
85: 371 378 396 420 423 (84.0)
86: 379 388 393 418 (84.0)
87: (0.0)
88: 381 387 391 405 409 419 (88.0)
89: 373 422 424 429 438 (86.0)
90: 400 425 431 433 (72.0)
91: 407 410 417 427 446 447 450 (89.0)
92: 401 414 415 421 445 457 (120.0)
93: 435 451 460 462 (99.0)
94: 398 403 412 434 448 476 (85.0)
95: 408 411 426 439 442 (77.0)
96: 416 428 430 432 437 444 455 474 (97.0)
97: 406 436 440 449 (94.0)
98: 441 452 454 477 479 (96.0)
99: 456 463 465 467 473 488 (89.0)
100: 443 464 466 469 482 483 486 (98.0)
101: 459 490 500 (111.0)
102: 461 475 478 502 509 (101.0)
103: 485 507 514 (72.0)
104: 468 487 489 491 (71.0)
105: 453 471 484 492 494 518 (74.0)
106: 458 497 503 511 523 529 (84.0)
107: 480 505 513 516 519 (111.0)
108: 470 472 504 (100.0)
109: 496 501 520 525 (84.0)
110: 493 517 527 528 533 534 (106.0)
111: 481 495 506 508 547 (77.0)
112: 498 499 515 532 537 551 (101.0)
113: 526 542 556 558 (72.0)
114: 512 521 524 543 545 (114.0)
115: 510 522 535 536 544 555 (107.0)
116: 530 531 546 552 559 569 (93.0)
117: 539 548 549 553 562 (98.0)
118: 557 560 579 591 (123.0)
119: 554 564 567 568 592 (115.0)
120: 550 561 565 571 581 582 589 (119.0)
121: 538 540 563 587 594 598 612 (110.0)
122: 541 570 577 580 584 (124.0)
123: 578 585 617 (77.0)
124: 572 576 588 590 628 (94.0)
125: 566 573 604 610 (103.0)
126: 574 583 586 596 600 601 (112.0)
127: 575 608 624 635 (84.0)
128: 597 599 621 632 (108.0)
129: 593 634 (64.0)
130: 595 606 611 630 (104.0)
131: 602 609 623 627 639 663 (124.0)
132: 607 613 619 622 631 (110.0)
133: 603 605 633 649 657 (120.0)
134: 614 618 636 640 642 (125.0)
135: 625 641 646 648 655 656 667 (83.0)
136: 615 626 647 650 668 (76.0)
137: 629 643 652 680 693 (124.0)
138: 616 620 637 644 661 665 (83.0)
139: 653 654 659 662 673 (123.0)
140: 645 660 664 671 672 694 (125.0)
141: 638 651 658 677 678 681 689 692 (102.0)
142: 666 674 679 701 (89.0)
143: 676 690 700 (81.0)
144: 691 698 703 704 718 (97.0)
145: 682 685 687 723 (90.0)
146: 669 675 705 (86.0)
147: 670 684 697 702 712 717 720 731 (123.0)
148: 695 706 708 710 732 (111.0)
149: 722 727 739 (84.0)
150: 688 713 714 715 716 725 728 741 (124.0)
151: 707 721 724 (108.0)
152: 683 686 709 726 729 (101.0)
153: 699 719 737 738 742 748 752 772 (125.0)
154: 696 711 762 764 (83.0)
155: 735 740 743 770 (125.0)
156: 744 754 760 775 777 (112.0)
157: 730 736 749 768 (100.0)
158: 751 757 763 771 792 (92.0)
159: 734 746 765 769 796 (92.0)
160: 756 761 773 780 789 (116.0)
161: 733 753 758 767 785 (125.0)
162: 747 750 778 783 784 794 (125.0)
163: 755 759 788 802 (123.0)
164: 745 774 799 824 (117.0)
165: 766 779 781 786 787 (122.0)
166: 790 797 800 812 828 829 832 (125.0)
167: 782 798 808 815 818 822 (121.0)
168: 791 801 804 805 817 851 (125.0)
169: 776 811 813 825 858 (119.0)
170: 806 814 837 846 (112.0)
171: 793 810 821 826 835 850 (119.0)
172: 803 807 819 823 (113.0)
173: 795 838 844 (115.0)
174: 816 820 827 831 (108.0)
175: 833 836 839 842 843 855 856 868 (124.0)
176: 809 834 841 847 852 866 (125.0)
177: 830 840 873 878 879 (117.0)
178: 854 861 864 877 (110.0)
179: 859 862 863 890 897 898 (101.0)
180: 848 870 871 874 (109.0)
181: 845 853 865 880 881 (123.0)
182: 849 869 882 887 893 923 (119.0)
183: 860 867 883 886 901 911 (111.0)
184: 875 889 895 903 919 (125.0)
185: 872 884 885 896 904 907 932 (116.0)
186: 857 891 892 910 916 (124.0)
187: 906 912 930 (120.0)
188: 888 894 899 924 931 (125.0)
189: 902 905 926 929 (120.0)
190: 876 914 915 (124.0)
191: 909 913 920 928 936 937 946 955 (114.0)
192: 900 917 918 927 (123.0)
193: 922 933 945 952 967 (123.0)
194: 935 942 954 (124.0)
195: 934 938 940 941 943 973 (125.0)
196: 908 956 958 959 977 (125.0)
197: 939 948 960 965 966 (125.0)
198: 947 971 982 994 (121.0)
199: 921 949 961 976 990 992 (122.0)
200: 951 968 969 984 985 986 996 (125.0)
201: 925 944 953 978 993 (116.0)
202: 970 972 974 975 (125.0)
203: 950 957 963 964 989 (122.0)
204: 980 981 988 997 (129.0)
205: 979 983 987 991 (124.0)
206: 962 995 998 999 (124.0)
