Name: 100-20-30
Time: 3.967254638671875 
Result: 8
Solution:  2 1 1 0 6 4 1 2 0 1 0 3 7 7 1 3 5 4 7 6 2 4 9 7 6 6 10 6 1 4 1 5 4 8 5 10 13 12 0 8 13 9 5 4 12 10 11 15 14 15 3 13 11 11 7 20 13 8 17 14 15 18 14 15 10 17 19 17 16 10 20 19 18 14 19 11 24 23 18 16 24 20 22 12 21 24 16 19 24 17 23 21 22 23 23 24 20 18 24 22
0: 3 8 10 38 (21.0)
1: 1 2 6 9 14 28 30 (21.0)
2: 0 7 20 (21.0)
3: 11 15 50 (21.0)
4: 5 17 21 29 32 43 (25.0)
5: 16 31 34 42 (28.0)
6: 4 19 24 25 27 (25.0)
7: 12 13 18 23 54 (27.0)
8: 33 39 57 (27.0)
9: 22 41 (21.0)
10: 26 35 45 64 69 (28.0)
11: 46 52 53 75 (25.0)
12: 37 44 83 (24.0)
13: 36 40 51 56 (23.0)
14: 48 59 62 73 (24.0)
15: 47 49 60 63 (29.0)
16: 68 79 86 (29.0)
17: 58 65 67 89 (24.0)
18: 61 72 78 97 (26.0)
19: 66 71 74 87 (21.0)
20: 55 70 81 96 (28.0)
21: 84 91 (25.0)
22: 82 92 99 (26.0)
23: 77 90 93 94 (25.0)
24: 76 80 85 88 95 98 (27.0)
