Name: 100-60-125
Time: 6.672071933746338 
Result: 41
Solution:  8 0 2 0 6 5 0 1 3 6 0 3 7 0 7 2 1 2 4 0 3 4 6 3 8 6 6 14 5 1 8 10 8 9 7 2 2 12 4 4 11 2 5 9 9 10 16 11 4 9 12 10 5 18 8 5 9 13 14 4 11 11 13 18 15 12 19 12 6 14 17 19 15 14 13 15 13 20 16 15 16 17 17 17 10 17 11 17 14 20 16 19 20 20 19 18 17 20 16 16
0: 1 3 6 10 13 19 (101.0)
1: 7 16 29 (94.0)
2: 2 15 17 35 36 41 (88.0)
3: 8 11 20 23 (82.0)
4: 18 21 38 39 48 59 (78.0)
5: 5 28 42 52 55 (77.0)
6: 4 9 22 25 26 68 (98.0)
7: 12 14 34 (107.0)
8: 0 24 30 32 54 (86.0)
9: 33 43 44 49 56 (83.0)
10: 31 45 51 84 (101.0)
11: 40 47 60 61 86 (101.0)
12: 37 50 65 67 (118.0)
13: 57 62 74 76 (109.0)
14: 27 58 69 73 88 (107.0)
15: 64 72 75 79 (96.0)
16: 46 78 80 90 98 99 (88.0)
17: 70 81 82 83 85 87 96 (113.0)
18: 53 63 95 (80.0)
19: 66 71 91 94 (95.0)
20: 77 89 92 93 97 (114.0)
