Name: 1000-20-30
Time: 33.723812103271484 
Result: 44021
Solution:  1 0 1 0 4 6 0 1 6 1 3 4 6 6 4 2 7 8 7 5 12 13 5 3 11 7 6 1 7 2 8 3 9 8 14 5 9 2 8 6 8 8 10 9 14 11 2 13 11 18 14 10 12 19 14 17 13 13 13 21 10 10 17 16 15 14 17 16 21 22 15 16 27 19 10 11 17 19 22 20 20 22 21 15 28 19 25 25 23 17 22 22 18 24 22 21 26 24 17 18 20 27 22 19 31 25 29 29 33 28 22 28 25 29 24 23 26 33 30 28 28 27 34 22 31 34 30 34 36 29 32 36 32 30 29 34 33 30 30 38 35 37 34 38 41 38 34 34 39 34 42 30 40 40 37 37 39 40 44 37 36 40 41 37 35 37 43 41 45 44 43 36 42 38 50 42 45 37 44 48 45 48 49 39 51 48 43 44 43 49 44 46 42 43 47 50 50 46 56 48 49 48 44 52 51 50 51 55 51 49 52 56 50 51 58 49 53 60 53 55 47 56 53 62 61 60 56 58 55 51 48 56 54 60 56 56 59 59 56 54 65 68 64 57 58 66 60 59 62 60 63 60 66 63 64 57 67 63 61 62 67 66 64 69 70 69 64 64 67 72 60 65 64 69 67 72 70 77 68 63 64 63 66 71 68 66 72 73 75 67 79 76 66 75 77 79 71 70 73 65 80 74 75 77 75 76 73 76 81 73 73 77 75 82 75 72 84 75 75 81 81 78 80 80 85 83 78 78 83 74 89 76 82 88 83 89 78 83 86 75 90 87 88 80 83 86 95 91 85 91 94 85 90 85 90 88 94 95 92 84 90 86 95 93 94 96 95 88 94 88 93 87 92 94 94 97 100 93 93 92 92 89 93 96 89 96 99 96 99 98 100 102 98 105 95 93 107 101 94 100 97 103 103 96 104 105 101 104 106 109 99 102 97 103 101 101 110 98 104 110 105 106 103 108 102 114 110 105 111 100 99 107 109 109 111 108 112 103 106 101 114 110 101 110 111 105 111 109 119 109 113 106 113 114 114 116 116 113 115 115 115 107 114 121 117 118 117 113 121 118 118 122 127 112 118 117 123 114 117 117 120 115 119 119 124 124 119 121 129 124 119 120 121 120 114 125 118 126 123 121 125 125 122 127 127 126 118 122 125 127 130 132 120 130 129 128 129 130 128 128 135 121 122 123 126 128 132 126 131 132 131 135 127 138 137 133 130 137 131 134 127 131 133 130 133 132 133 125 135 131 131 134 128 141 136 129 137 133 132 135 140 132 141 132 137 137 137 139 136 136 143 138 142 138 139 140 135 138 146 138 134 136 145 149 139 142 147 142 141 137 140 138 140 144 142 143 139 141 135 142 144 146 146 144 141 148 142 144 141 149 148 147 145 145 145 144 145 142 145 144 150 147 152 154 151 146 146 152 147 149 155 149 143 151 154 153 155 154 152 149 150 148 150 152 155 155 162 150 150 151 152 153 162 153 147 156 148 153 151 150 160 156 154 164 158 156 152 162 155 159 157 166 156 154 157 157 158 157 159 161 153 163 158 160 156 158 160 159 159 160 161 162 156 164 167 160 161 165 164 162 163 166 163 163 173 165 163 170 166 167 168 170 166 167 170 170 167 170 168 170 172 166 168 169 173 166 174 171 165 175 177 171 178 164 169 178 171 164 166 168 172 172 175 171 173 171 175 169 172 179 173 178 176 172 173 174 171 167 169 172 174 176 167 180 180 181 177 177 182 169 176 176 179 177 175 186 175 179 180 182 174 176 181 180 180 187 182 181 181 185 182 189 179 184 181 187 187 178 190 183 189 187 184 188 183 184 182 176 181 178 184 186 186 184 186 185 188 188 185 183 184 188 185 197 189 197 192 193 194 190 191 197 190 195 190 189 192 198 187 193 194 192 194 188 188 193 194 190 194 200 195 190 201 188 198 195 198 198 193 196 199 196 194 197 195 191 188 197 194 195 195 198 198 202 198 199 196 197 205 199 205 195 202 200 202 204 200 201 207 201 197 207 208 204 202 202 212 196 200 205 210 203 198 201 204 201 205 197 206 204 212 203 206 208 203 203 207 206 210 210 211 211 207 209 208 209 208 210 217 208 216 213 211 214 209 206 214 207 219 213 214 211 216 213 213 216 217 216 214 207 210 211 214 216 212 219 207 220 216 213 215 217 217 217 222 218 216 218 218 212 222 221 218 210 219 222 218 221 218 211 222 217 217 219 212 215 222 219 217 220 221 220 222 223 222 223 220 223 220 223
0: 1 3 6 (25.0)
1: 0 2 7 9 27 (13.0)
2: 15 29 37 46 (20.0)
3: 10 23 31 (20.0)
4: 4 11 14 (20.0)
5: 19 22 35 (24.0)
6: 5 8 12 13 26 39 (20.0)
7: 16 18 25 28 (23.0)
8: 17 30 33 38 40 41 (15.0)
9: 32 36 43 (23.0)
10: 42 51 60 61 74 (20.0)
11: 24 45 48 75 (21.0)
12: 20 52 (22.0)
13: 21 47 56 57 58 (21.0)
14: 34 44 50 54 65 (16.0)
15: 64 70 83 (21.0)
16: 63 67 71 (21.0)
17: 55 62 66 76 89 98 (16.0)
18: 49 92 99 (22.0)
19: 53 73 77 85 103 (20.0)
20: 79 80 100 (20.0)
21: 59 68 82 95 (22.0)
22: 69 78 81 90 91 94 102 110 123 (20.0)
23: 88 115 (22.0)
24: 93 97 114 (22.0)
25: 86 87 105 112 (23.0)
26: 96 116 (20.0)
27: 72 101 121 (22.0)
28: 84 109 111 119 120 (21.0)
29: 106 107 113 129 134 (20.0)
30: 118 126 133 137 138 151 (21.0)
31: 104 124 (23.0)
32: 130 132 (20.0)
33: 108 117 136 (23.0)
34: 122 125 127 135 142 146 147 149 (18.0)
35: 140 164 (20.0)
36: 128 131 160 171 (23.0)
37: 141 154 155 159 163 165 177 (20.0)
38: 139 143 145 173 (20.0)
39: 148 156 183 (23.0)
40: 152 153 157 161 (27.0)
41: 144 162 167 (22.0)
42: 150 172 175 192 (23.0)
43: 166 170 186 188 193 (23.0)
44: 158 169 178 187 190 202 (23.0)
45: 168 176 180 (26.0)
46: 191 197 (22.0)
47: 194 220 (24.0)
48: 179 181 185 199 201 230 (20.0)
49: 182 189 200 209 215 (24.0)
50: 174 195 196 205 212 (29.0)
51: 184 204 206 208 213 229 (21.0)
52: 203 210 (22.0)
53: 216 218 222 (22.0)
54: 232 239 (27.0)
55: 207 219 228 (21.0)
56: 198 211 221 226 231 234 235 238 (18.0)
57: 243 255 (22.0)
58: 214 227 244 (22.0)
59: 236 237 247 (21.0)
60: 217 225 233 246 249 251 270 (21.0)
61: 224 258 (20.0)
62: 223 248 259 (23.0)
63: 250 253 257 279 281 (13.0)
64: 242 254 262 266 267 272 280 (20.0)
65: 240 271 299 (23.0)
66: 245 252 261 282 285 292 (17.0)
67: 256 260 268 274 289 (20.0)
68: 241 278 284 (22.0)
69: 263 265 273 (24.0)
70: 264 276 297 (23.0)
71: 283 296 (28.0)
72: 269 275 286 315 (24.0)
73: 287 298 306 309 310 (29.0)
74: 301 329 (21.0)
75: 288 293 302 304 312 314 317 318 339 (20.0)
76: 291 305 307 331 (21.0)
77: 277 294 303 311 (22.0)
78: 321 326 327 336 (22.0)
79: 290 295 (27.0)
80: 300 322 323 343 (23.0)
81: 308 319 320 (25.0)
82: 313 332 (29.0)
83: 325 328 334 337 344 (21.0)
84: 316 359 (27.0)
85: 324 348 351 353 (22.0)
86: 338 345 361 (22.0)
87: 341 371 (23.0)
88: 333 342 355 367 369 (23.0)
89: 330 335 381 384 (21.0)
90: 340 352 354 360 (20.0)
91: 347 349 (22.0)
92: 358 372 379 380 (26.0)
93: 363 370 377 378 382 395 (23.0)
94: 350 356 364 368 373 374 398 (25.0)
95: 346 357 362 366 394 (20.0)
96: 365 383 385 387 403 (28.0)
97: 375 400 412 (22.0)
98: 389 392 417 (24.0)
99: 386 388 410 430 (22.0)
100: 376 390 399 429 (23.0)
101: 397 406 414 415 439 442 (28.0)
102: 391 411 424 (28.0)
103: 401 402 413 422 437 (25.0)
104: 404 407 418 (28.0)
105: 393 405 420 427 445 (20.0)
106: 408 421 438 451 (29.0)
107: 396 431 461 (25.0)
108: 423 435 (21.0)
109: 409 432 433 447 449 (29.0)
110: 416 419 426 441 443 (24.0)
111: 428 434 444 446 (27.0)
112: 436 473 (29.0)
113: 450 452 457 467 (23.0)
114: 425 440 453 454 462 477 494 (22.0)
115: 458 459 460 481 (22.0)
116: 455 456 (30.0)
117: 464 466 475 478 479 (26.0)
118: 465 469 470 474 496 506 (22.0)
119: 448 482 483 486 490 (23.0)
120: 480 491 493 512 (26.0)
121: 463 468 487 492 499 521 (25.0)
122: 471 502 507 522 (22.0)
123: 476 498 523 (22.0)
124: 484 485 489 (24.0)
125: 495 500 501 508 547 (29.0)
126: 497 505 524 527 (23.0)
127: 472 503 504 509 532 540 (28.0)
128: 515 518 519 525 552 (27.0)
129: 488 514 516 555 (29.0)
130: 510 513 517 536 543 (24.0)
131: 528 530 538 541 549 550 (27.0)
132: 511 526 529 545 558 561 563 (30.0)
133: 535 542 544 546 557 (26.0)
134: 539 551 580 (27.0)
135: 520 531 548 559 576 598 (24.0)
136: 554 568 569 581 (28.0)
137: 534 537 556 564 565 566 589 (26.0)
138: 533 571 573 577 579 591 (20.0)
139: 567 574 584 596 (21.0)
140: 560 575 590 592 (26.0)
141: 553 562 588 597 604 608 (29.0)
142: 572 585 587 594 599 606 617 (29.0)
143: 570 595 632 (30.0)
144: 593 600 603 607 615 619 (31.0)
145: 582 612 613 614 616 618 (26.0)
146: 578 601 602 625 626 (29.0)
147: 586 611 621 628 654 (27.0)
148: 605 610 641 656 (30.0)
149: 583 609 629 631 639 (26.0)
150: 620 640 642 647 648 659 (28.0)
151: 624 633 649 658 (29.0)
152: 622 627 638 643 650 666 (25.0)
153: 635 651 653 657 680 (26.0)
154: 623 634 637 662 673 (27.0)
155: 630 636 644 645 668 (28.0)
156: 655 661 665 672 684 692 (23.0)
157: 670 674 675 677 (29.0)
158: 664 676 682 685 (21.0)
159: 669 678 687 688 (26.0)
160: 660 683 686 689 695 (28.0)
161: 679 690 696 (25.0)
162: 646 652 667 691 699 (23.0)
163: 681 700 702 703 706 (25.0)
164: 663 693 698 733 737 (30.0)
165: 697 705 728 (24.0)
166: 671 701 708 712 721 725 738 (30.0)
167: 694 709 713 716 757 762 (23.0)
168: 710 718 722 739 (30.0)
169: 723 734 747 758 769 (29.0)
170: 707 711 714 715 717 719 (27.0)
171: 727 731 736 743 745 756 (30.0)
172: 720 740 741 748 753 759 (30.0)
173: 704 724 744 750 754 (25.0)
174: 726 755 760 780 (26.0)
175: 729 742 746 774 776 (26.0)
176: 752 761 770 771 781 807 (25.0)
177: 730 766 767 773 (22.0)
178: 732 735 751 797 809 (28.0)
179: 749 772 777 792 (30.0)
180: 763 764 778 783 784 (30.0)
181: 765 782 787 788 794 808 (27.0)
182: 768 779 786 790 806 (26.0)
183: 799 804 819 (26.0)
184: 793 802 805 810 813 820 (30.0)
185: 789 815 818 822 (30.0)
186: 775 811 812 814 (30.0)
187: 785 795 796 801 838 (30.0)
188: 803 816 817 821 843 844 853 866 (30.0)
189: 791 800 824 835 (27.0)
190: 798 829 832 834 847 851 (27.0)
191: 830 865 (28.0)
192: 826 836 841 (30.0)
193: 827 839 845 858 (30.0)
194: 828 840 842 846 848 862 868 (30.0)
195: 833 850 855 864 869 870 881 (30.0)
196: 859 861 876 897 (28.0)
197: 823 825 831 863 867 877 890 907 (30.0)
198: 837 854 856 857 871 872 874 902 (31.0)
199: 860 875 879 (34.0)
200: 849 883 886 898 (29.0)
201: 852 887 889 903 905 (29.0)
202: 873 882 884 894 895 (30.0)
203: 901 911 914 915 (30.0)
204: 885 893 904 909 (30.0)
205: 878 880 899 906 (30.0)
206: 908 912 917 935 (29.0)
207: 888 891 916 922 937 949 956 (30.0)
208: 892 913 924 926 929 (30.0)
209: 923 925 934 (30.0)
210: 900 918 919 927 950 973 (31.0)
211: 920 921 932 941 951 979 (30.0)
212: 896 910 954 969 984 (30.0)
213: 931 939 943 944 959 (30.0)
214: 933 936 940 948 952 (30.0)
215: 960 985 (32.0)
216: 930 942 945 947 953 958 966 (28.0)
217: 928 946 961 962 963 981 982 988 (30.0)
218: 965 967 968 972 976 978 (27.0)
219: 938 955 974 983 987 (30.0)
220: 957 989 991 996 998 (31.0)
221: 971 977 990 (30.0)
222: 964 970 975 980 986 992 994 (30.0)
223: 993 995 997 999 (30.0)
