Name: 1000-40-75
Time: 61.98958230018616 
Result: 49
Solution:  0 8 8 5 1 3 3 3 2 7 3 4 12 9 3 0 6 10 3 0 13 3 10 7 3 10 8 4 8 5 14 1 9 14 2 9 6 8 16 10 6 17 8 9 16 11 3 9 5 10 17 6 18 19 11 8 16 15 14 7 16 19 15 15 22 8 14 13 15 10 16 12 19 17 14 19 11 17 23 26 17 18 22 20 18 19 18 21 21 20 22 22 29 22 26 17 22 27 22 23 25 25 21 25 25 31 22 27 24 31 27 33 31 29 25 26 24 35 31 35 38 25 32 29 31 30 30 31 36 32 35 28 32 30 33 28 32 32 32 37 41 37 35 34 39 42 37 40 41 34 36 35 32 46 40 33 39 45 35 45 41 38 43 39 39 42 41 38 46 40 36 42 46 40 41 43 46 46 36 47 52 43 45 47 50 47 47 44 47 48 41 50 44 50 47 53 49 52 52 50 48 50 51 48 51 52 49 56 51 54 54 57 53 54 58 53 54 53 60 55 56 55 52 61 58 54 52 56 60 54 57 57 52 55 51 54 55 61 52 62 66 53 64 60 62 54 63 59 65 65 56 60 68 66 63 64 59 61 69 63 59 71 64 72 69 69 70 66 59 67 68 63 65 68 62 70 67 65 70 74 69 72 79 75 68 76 69 67 71 71 72 70 73 70 73 74 82 79 73 72 78 73 68 78 78 74 76 72 77 71 77 68 78 80 74 79 80 80 82 80 82 75 74 79 77 79 86 81 85 82 81 76 83 85 91 87 88 87 81 84 81 76 90 79 92 86 86 82 87 85 83 90 94 89 82 87 87 84 87 83 84 92 89 90 88 86 94 86 90 93 91 93 96 102 95 90 98 90 92 95 93 101 97 97 91 99 100 93 95 91 97 91 98 92 91 103 100 95 99 99 104 107 98 97 101 100 102 100 105 104 97 96 102 94 105 105 103 105 108 102 106 97 107 99 105 106 110 103 109 107 114 109 108 110 105 107 101 106 109 115 104 102 108 112 110 104 110 105 112 104 115 112 114 107 111 112 116 113 116 109 114 113 114 115 115 119 113 114 116 118 111 117 114 121 113 118 117 120 117 124 119 122 117 119 115 124 124 128 116 127 120 116 120 121 123 120 115 120 122 123 126 115 121 121 125 121 117 123 128 125 131 125 118 127 122 131 129 126 129 122 127 128 126 132 118 129 125 127 129 123 123 134 128 130 129 135 125 132 127 135 133 126 132 125 132 132 130 130 137 130 132 140 131 135 130 131 135 134 135 128 139 130 133 133 134 137 143 130 137 138 136 141 135 137 139 133 144 135 131 142 140 132 139 136 135 140 140 138 147 145 148 144 140 143 138 145 148 141 139 142 140 143 144 141 146 144 149 145 142 144 142 142 151 141 141 153 145 145 145 139 145 147 142 143 141 146 147 147 156 146 152 151 153 140 149 151 145 150 148 154 148 151 157 150 157 147 151 156 144 152 160 159 154 156 160 150 152 157 161 155 149 157 164 153 158 159 162 155 160 157 159 158 161 156 162 154 155 158 160 157 159 159 155 156 155 158 167 154 167 156 161 163 160 163 158 161 160 168 164 169 168 164 166 160 164 166 166 163 165 162 169 166 162 166 167 172 172 174 165 168 173 168 165 166 167 161 164 166 167 171 171 167 165 171 170 170 167 162 172 175 168 165 169 163 173 173 169 174 169 165 176 170 171 171 170 181 173 175 174 172 172 172 174 176 174 173 179 180 181 180 181 178 174 173 180 179 177 175 176 176 179 177 178 174 178 181 185 183 185 183 176 185 186 181 185 177 184 182 189 177 184 187 181 185 178 177 185 176 182 182 187 184 188 181 186 189 183 192 178 182 185 185 190 181 191 188 191 193 191 186 188 185 182 186 193 193 188 184 184 192 192 189 191 192 189 191 190 186 200 187 199 193 190 187 193 194 188 191 199 195 189 195 201 189 195 197 204 194 196 202 198 197 194 200 190 195 199 197 194 198 203 199 194 202 200 200 199 192 206 194 206 201 196 204 196 195 198 198 204 201 202 199 204 202 196 205 196 203 203 197 207 204 205 204 200 201 204 206 208 209 206 209 203 215 204 209 210 203 201 199 205 211 203 207 207 214 217 217 208 210 211 205 213 210 218 213 212 220 208 208 208 217 216 213 211 211 211 213 210 217 213 214 220 215 212 216 211 207 214 218 221 221 219 220 214 217 219 215 220 216 212 222 222 221 221 216 218 219 221 218 221 220 220 221 219 222 222 222 217 219
0: 0 15 19 (41.0)
1: 4 31 (48.0)
2: 8 34 (40.0)
3: 5 6 7 10 14 18 21 24 46 (34.0)
4: 11 27 (41.0)
5: 3 29 48 (46.0)
6: 16 36 40 51 (43.0)
7: 9 23 59 (40.0)
8: 1 2 26 28 37 42 55 65 (40.0)
9: 13 32 35 43 47 (43.0)
10: 17 22 25 39 49 69 (35.0)
11: 45 54 76 (40.0)
12: 12 71 (51.0)
13: 20 67 (52.0)
14: 30 33 58 66 74 (41.0)
15: 57 62 63 68 (46.0)
16: 38 44 56 60 70 (43.0)
17: 41 50 73 77 80 95 (40.0)
18: 52 81 84 86 (46.0)
19: 53 61 72 75 85 (42.0)
20: 83 89 (51.0)
21: 87 88 102 (41.0)
22: 64 82 90 91 93 96 98 106 (37.0)
23: 78 99 (41.0)
24: 108 116 (46.0)
25: 100 101 103 104 114 121 (47.0)
26: 79 94 115 (43.0)
27: 97 107 110 (42.0)
28: 131 135 (43.0)
29: 92 113 123 (40.0)
30: 125 126 133 (44.0)
31: 105 109 112 118 124 127 (41.0)
32: 122 129 132 136 137 138 152 (40.0)
33: 111 134 155 (49.0)
34: 143 149 (40.0)
35: 117 119 130 142 151 158 (34.0)
36: 128 150 170 178 (44.0)
37: 139 141 146 (41.0)
38: 120 161 167 (52.0)
39: 144 156 163 164 (44.0)
40: 147 154 169 173 (48.0)
41: 140 148 160 166 174 190 (42.0)
42: 145 165 171 (48.0)
43: 162 175 181 (55.0)
44: 187 192 (54.0)
45: 157 159 182 (52.0)
46: 153 168 172 176 177 (40.0)
47: 179 183 185 186 188 194 (46.0)
48: 189 200 203 (55.0)
49: 196 206 (43.0)
50: 184 191 193 199 201 (45.0)
51: 202 204 208 234 (55.0)
52: 180 197 198 205 222 226 232 238 (44.0)
53: 195 212 215 217 241 (43.0)
54: 209 210 213 216 225 229 235 245 (45.0)
55: 219 221 233 236 (46.0)
56: 207 220 227 250 (44.0)
57: 211 230 231 (41.0)
58: 214 224 (51.0)
59: 247 256 260 268 (61.0)
60: 218 228 243 251 (55.0)
61: 223 237 257 (44.0)
62: 239 244 274 (53.0)
63: 246 254 259 271 (47.0)
64: 242 255 262 (42.0)
65: 248 249 272 277 (60.0)
66: 240 253 267 (48.0)
67: 269 276 287 (61.0)
68: 252 270 273 284 302 311 (50.0)
69: 258 264 265 280 286 (48.0)
70: 266 275 278 291 293 (48.0)
71: 261 288 289 309 (49.0)
72: 263 281 290 299 307 (63.0)
73: 292 294 298 301 (53.0)
74: 279 295 305 314 322 (53.0)
75: 283 321 (40.0)
76: 285 306 331 341 (55.0)
77: 308 310 324 (69.0)
78: 300 303 304 312 (75.0)
79: 282 297 315 323 325 343 (60.0)
80: 313 316 317 319 (52.0)
81: 327 330 338 340 (46.0)
82: 296 318 320 329 347 354 (61.0)
83: 332 350 359 (53.0)
84: 339 357 360 (51.0)
85: 328 333 349 (46.0)
86: 326 345 346 365 367 (55.0)
87: 335 337 348 355 356 358 (56.0)
88: 336 364 (44.0)
89: 353 362 (48.0)
90: 342 351 363 368 375 377 (61.0)
91: 334 370 384 389 391 394 (64.0)
92: 344 361 378 393 (59.0)
93: 369 371 380 387 (61.0)
94: 352 366 413 (51.0)
95: 374 379 388 397 (59.0)
96: 372 411 (40.0)
97: 382 383 390 403 410 421 (72.0)
98: 376 392 402 (47.0)
99: 385 398 399 423 (59.0)
100: 386 396 405 407 (65.0)
101: 381 404 436 (64.0)
102: 373 406 412 419 441 (71.0)
103: 395 416 427 (40.0)
104: 400 409 440 445 449 (68.0)
105: 408 414 415 417 424 434 447 (60.0)
106: 420 425 437 (55.0)
107: 401 422 429 435 453 (48.0)
108: 418 432 442 (64.0)
109: 428 431 438 459 (51.0)
110: 426 433 444 446 (58.0)
111: 454 470 (42.0)
112: 443 448 451 455 (63.0)
113: 457 461 466 474 (48.0)
114: 430 452 460 462 467 472 (67.0)
115: 439 450 463 464 484 496 501 (60.0)
116: 456 458 468 488 491 (60.0)
117: 471 476 478 482 506 (47.0)
118: 469 475 512 524 (40.0)
119: 465 480 483 (54.0)
120: 477 490 492 495 497 (75.0)
121: 473 493 502 503 505 (62.0)
122: 481 498 514 519 (60.0)
123: 494 499 507 529 530 (74.0)
124: 479 485 486 (52.0)
125: 504 509 511 526 536 543 (73.0)
126: 500 517 522 541 (74.0)
127: 489 513 520 527 538 (65.0)
128: 487 508 521 532 559 (56.0)
129: 516 518 525 528 534 (50.0)
130: 533 546 547 549 554 561 567 (59.0)
131: 510 515 552 555 578 (57.0)
132: 523 537 542 544 545 550 581 (63.0)
133: 540 562 563 575 (48.0)
134: 531 557 564 (40.0)
135: 535 539 553 556 558 572 577 584 (56.0)
136: 570 583 (54.0)
137: 548 565 568 573 (45.0)
138: 569 587 594 (61.0)
139: 560 574 582 598 619 (72.0)
140: 551 580 585 586 592 600 633 (61.0)
141: 571 597 603 613 614 624 (58.0)
142: 579 599 608 610 611 622 (54.0)
143: 566 593 601 623 (67.0)
144: 576 591 602 605 609 648 (71.0)
145: 589 595 607 616 617 618 620 636 (73.0)
146: 604 625 629 (55.0)
147: 588 621 626 627 645 (55.0)
148: 590 596 638 640 (71.0)
149: 606 634 660 (73.0)
150: 637 643 655 (58.0)
151: 612 631 635 641 646 (63.0)
152: 630 649 656 (73.0)
153: 615 632 663 (62.0)
154: 639 652 675 687 (74.0)
155: 659 667 676 682 684 (75.0)
156: 628 647 653 673 683 689 (64.0)
157: 642 644 657 661 669 679 (74.0)
158: 664 671 677 685 694 (71.0)
159: 651 665 670 680 681 (54.0)
160: 650 654 668 678 692 696 703 (63.0)
161: 658 672 690 695 725 (71.0)
162: 666 674 709 712 737 (58.0)
163: 691 693 707 743 (55.0)
164: 662 698 701 704 726 (54.0)
165: 708 718 722 732 741 749 (62.0)
166: 702 705 706 711 713 723 727 (71.0)
167: 686 688 714 724 728 731 736 (72.0)
168: 697 700 719 721 740 (75.0)
169: 699 710 742 746 748 (75.0)
170: 734 735 751 754 (75.0)
171: 729 730 733 752 753 (74.0)
172: 715 716 738 759 760 761 (75.0)
173: 720 744 745 756 765 773 (74.0)
174: 717 747 758 762 764 772 783 (75.0)
175: 739 757 777 (75.0)
176: 750 763 778 779 790 807 (81.0)
177: 776 781 795 799 805 (74.0)
178: 771 782 784 804 818 (74.0)
179: 766 775 780 (71.0)
180: 767 769 774 (74.0)
181: 755 768 770 785 793 802 813 823 (62.0)
182: 797 808 809 819 832 (74.0)
183: 787 789 816 (56.0)
184: 796 800 811 837 838 (75.0)
185: 786 788 791 794 803 806 820 821 831 (68.0)
186: 792 814 829 833 847 (74.0)
187: 801 810 849 853 (74.0)
188: 812 825 830 836 856 (70.0)
189: 798 815 841 844 860 863 (73.0)
190: 822 846 852 874 (63.0)
191: 824 826 828 842 845 857 (65.0)
192: 817 839 840 843 887 (75.0)
193: 827 834 835 851 854 (71.0)
194: 855 867 872 878 882 889 (74.0)
195: 859 861 864 875 895 (75.0)
196: 868 892 894 904 906 (75.0)
197: 865 871 877 909 (75.0)
198: 870 879 896 897 (74.0)
199: 850 858 876 881 886 901 929 (75.0)
200: 848 873 884 885 914 (58.0)
201: 862 891 899 915 928 (73.0)
202: 869 883 900 903 (75.0)
203: 880 907 908 922 927 932 (56.0)
204: 866 893 898 902 911 913 916 924 (64.0)
205: 905 912 930 941 (75.0)
206: 888 890 917 920 (73.0)
207: 910 933 934 967 (75.0)
208: 918 938 948 949 950 (75.0)
209: 919 921 925 (75.0)
210: 926 939 943 958 (73.0)
211: 931 940 954 955 956 966 (67.0)
212: 946 964 980 (66.0)
213: 942 945 953 957 960 (72.0)
214: 935 961 968 974 (74.0)
215: 923 963 977 (83.0)
216: 952 965 979 985 (75.0)
217: 936 937 951 959 975 998 (75.0)
218: 944 969 986 989 (75.0)
219: 972 976 987 994 999 (75.0)
220: 947 962 973 978 991 992 (75.0)
221: 970 971 983 984 988 990 993 (60.0)
222: 981 982 995 996 997 (73.0)
