Name: 1000-50-100
Time: 58.36958932876587 
Result: 62
Solution:  0 2 3 0 2 1 0 1 2 2 2 2 4 6 10 3 3 2 9 4 8 9 1 2 3 2 3 7 6 7 5 5 8 9 7 2 1 9 9 8 5 9 12 7 9 4 2 9 14 4 18 6 8 12 9 10 9 10 7 12 11 14 14 15 11 14 11 6 9 21 13 18 9 12 17 14 9 15 19 13 16 14 24 15 18 20 9 16 23 9 24 12 14 15 20 13 22 16 24 19 18 14 14 18 19 17 24 24 21 21 19 22 26 22 23 25 24 21 22 23 26 15 27 22 23 29 26 25 30 20 25 26 29 24 31 33 33 29 30 22 28 26 29 34 28 22 30 27 22 21 34 30 35 36 29 31 31 26 36 36 36 26 33 27 30 27 30 30 38 33 33 30 32 28 38 34 41 35 36 32 41 39 36 37 42 40 40 33 37 39 34 40 30 39 37 41 32 40 38 39 46 32 40 41 35 47 39 38 45 43 41 43 43 43 35 36 48 44 46 35 40 42 44 43 43 41 42 45 49 44 45 47 43 39 52 46 43 41 45 45 54 56 43 43 52 49 50 50 52 49 55 50 46 51 50 47 44 48 44 51 50 44 56 53 57 48 53 50 57 50 56 53 60 59 54 58 54 54 56 52 53 50 56 54 59 57 63 56 60 57 51 51 59 61 63 63 63 60 62 56 57 63 66 53 61 67 55 68 67 60 53 62 65 67 64 64 70 62 61 61 63 59 64 65 60 66 59 62 69 60 59 70 70 60 65 58 65 71 64 68 65 67 65 63 62 72 74 71 63 69 69 72 67 68 69 73 72 70 70 75 71 69 68 68 74 67 75 75 77 73 81 76 74 69 72 75 75 78 74 67 68 75 76 78 68 77 73 77 74 81 81 77 75 80 79 85 77 78 76 84 81 77 81 83 80 86 82 82 78 85 84 78 87 75 82 84 84 75 78 79 87 82 83 88 85 87 82 84 84 88 81 84 92 91 92 89 81 87 82 88 85 86 79 91 85 94 91 85 86 83 94 94 90 90 92 95 91 86 86 91 90 94 89 92 99 91 93 90 91 93 94 93 86 93 96 103 89 99 90 94 97 95 102 93 98 96 90 95 99 100 97 102 101 97 96 98 105 99 106 96 98 100 100 109 99 105 106 99 97 104 101 102 106 106 95 104 107 103 100 105 108 99 102 103 97 109 98 98 101 104 107 106 105 101 101 108 99 111 110 109 111 100 106 104 112 107 114 110 107 103 118 106 110 111 110 108 111 117 112 111 110 112 105 110 113 110 115 118 116 112 117 121 111 119 111 115 111 121 113 117 107 113 115 114 121 115 116 118 113 116 115 114 118 118 120 116 116 119 120 117 120 116 126 125 118 115 121 112 117 119 114 123 119 123 123 121 119 119 119 122 123 115 122 122 124 122 127 125 126 121 129 118 119 126 127 116 119 124 124 128 120 125 120 124 125 124 126 126 130 125 130 129 128 132 124 129 123 124 131 121 133 128 128 128 131 129 126 130 138 130 132 127 133 131 133 130 131 126 128 129 135 131 125 136 138 128 136 132 130 134 128 132 135 140 135 134 135 133 133 134 135 140 129 138 134 127 136 138 139 138 138 136 141 132 138 132 137 134 137 146 134 136 139 135 145 138 146 140 139 137 144 142 142 143 144 140 133 143 145 149 147 140 142 141 144 143 146 137 142 143 144 145 137 139 143 145 141 139 140 146 145 145 144 147 142 141 151 142 143 149 148 147 143 143 152 148 150 147 150 156 147 151 149 148 146 150 143 154 152 143 148 156 149 149 148 144 153 150 157 148 145 150 161 150 155 152 151 154 149 145 156 151 153 149 152 158 153 158 157 157 159 155 153 159 150 152 159 162 160 157 151 156 157 160 161 163 156 161 159 160 167 158 165 153 155 154 162 159 156 164 162 151 160 161 159 153 157 166 163 168 164 158 168 160 157 160 155 156 154 169 163 166 162 155 167 168 168 155 166 167 161 165 161 160 163 164 167 172 161 161 167 158 168 165 165 166 165 166 159 172 163 162 165 163 171 171 170 176 170 166 178 164 177 171 168 171 169 172 179 172 168 175 172 174 173 174 168 176 167 172 170 166 168 170 173 180 171 166 173 172 181 174 173 174 169 166 182 179 178 175 179 177 180 173 179 174 177 180 175 182 178 176 172 178 176 181 176 179 179 180 181 179 179 182 180 174 183 177 181 180 184 183 184 180 175 175 181 182 182 182 182 183 180 183 184 184 183 184 182 184
0: 0 3 6 (55.0)
1: 5 7 22 36 (53.0)
2: 1 4 8 9 10 11 17 23 25 35 46 (42.0)
3: 2 15 16 24 26 (55.0)
4: 12 19 45 49 (54.0)
5: 30 31 40 (59.0)
6: 13 28 51 67 (55.0)
7: 27 29 34 43 58 (53.0)
8: 20 32 39 52 (54.0)
9: 18 21 33 37 38 41 44 47 54 56 68 72 76 86 89 (48.0)
10: 14 55 57 (50.0)
11: 60 64 66 (59.0)
12: 42 53 59 73 91 (50.0)
13: 70 79 95 (56.0)
14: 48 61 62 65 75 81 92 101 102 (55.0)
15: 63 77 83 93 121 (58.0)
16: 80 87 97 (50.0)
17: 74 105 (61.0)
18: 50 71 84 100 103 (60.0)
19: 78 99 104 110 (52.0)
20: 85 94 129 (52.0)
21: 69 108 109 117 149 (55.0)
22: 96 111 113 118 123 139 145 148 (50.0)
23: 88 114 119 124 (50.0)
24: 82 90 98 106 107 116 133 (51.0)
25: 115 127 130 (55.0)
26: 112 120 126 131 141 157 161 (53.0)
27: 122 147 163 165 (52.0)
28: 140 144 173 (62.0)
29: 125 132 137 142 154 (62.0)
30: 128 138 146 151 164 166 167 171 192 (56.0)
31: 134 155 156 (61.0)
32: 172 179 196 201 (50.0)
33: 135 136 162 169 170 187 (63.0)
34: 143 150 175 190 (59.0)
35: 152 177 204 214 219 (73.0)
36: 153 158 159 160 178 182 215 (59.0)
37: 183 188 194 (55.0)
38: 168 174 198 207 (57.0)
39: 181 189 193 199 206 233 (65.0)
40: 185 186 191 197 202 220 (59.0)
41: 176 180 195 203 210 225 237 (62.0)
42: 184 221 226 (60.0)
43: 209 211 212 213 223 224 232 236 242 243 (61.0)
44: 217 222 229 256 258 261 (60.0)
45: 208 227 230 238 239 (73.0)
46: 200 218 235 252 (58.0)
47: 205 231 255 (58.0)
48: 216 257 265 (63.0)
49: 228 245 249 (59.0)
50: 246 247 251 254 260 267 269 281 (56.0)
51: 253 259 290 291 (62.0)
52: 234 244 248 279 (58.0)
53: 263 266 271 280 303 310 (70.0)
54: 240 274 276 277 283 (64.0)
55: 250 306 (61.0)
56: 241 262 270 278 282 287 299 (76.0)
57: 264 268 285 289 300 (79.0)
58: 275 335 (51.0)
59: 273 284 292 321 326 330 (70.0)
60: 272 288 297 309 324 329 333 (62.0)
61: 293 304 318 319 (69.0)
62: 298 311 317 327 344 (70.0)
63: 286 294 295 296 301 320 343 348 (77.0)
64: 314 315 322 338 (72.0)
65: 312 323 334 336 340 342 (71.0)
66: 302 325 (51.0)
67: 305 308 313 341 352 365 379 (66.0)
68: 307 339 353 362 363 380 384 (55.0)
69: 328 349 350 354 361 373 (55.0)
70: 316 331 332 357 358 (58.0)
71: 337 347 360 (74.0)
72: 345 351 356 374 (73.0)
73: 355 369 386 (56.0)
74: 346 364 372 378 388 (79.0)
75: 359 366 367 375 376 381 392 413 417 (95.0)
76: 371 382 398 (57.0)
77: 368 385 387 391 396 401 (78.0)
78: 377 383 397 408 411 418 (65.0)
79: 394 419 442 (58.0)
80: 393 404 (54.0)
81: 370 389 390 400 402 430 436 (79.0)
82: 406 407 414 421 426 438 (61.0)
83: 403 422 449 (72.0)
84: 399 410 415 416 427 428 431 (77.0)
85: 395 409 424 440 444 447 (76.0)
86: 405 441 448 457 458 472 (78.0)
87: 412 420 425 437 (65.0)
88: 423 429 439 (54.0)
89: 435 462 476 (50.0)
90: 452 453 460 467 478 486 (75.0)
91: 433 443 446 456 459 465 468 (72.0)
92: 432 434 454 463 (74.0)
93: 466 469 471 473 483 (100.0)
94: 445 450 451 461 470 479 (70.0)
95: 455 481 487 514 (71.0)
96: 474 485 494 499 (78.0)
97: 480 490 493 508 524 (74.0)
98: 484 495 500 526 527 (95.0)
99: 464 477 488 497 504 507 521 536 (81.0)
100: 489 501 502 518 541 (66.0)
101: 492 510 528 533 534 (73.0)
102: 482 491 511 522 (66.0)
103: 475 517 523 549 (62.0)
104: 509 515 529 543 (97.0)
105: 496 505 519 532 562 (70.0)
106: 498 506 512 513 531 542 551 (68.0)
107: 516 530 545 548 580 (77.0)
108: 520 535 555 (79.0)
109: 503 525 539 (63.0)
110: 538 547 552 554 560 563 565 (79.0)
111: 537 540 553 556 559 572 574 576 (72.0)
112: 544 558 561 569 607 (63.0)
113: 564 578 581 588 (69.0)
114: 546 583 591 610 (82.0)
115: 566 575 582 585 590 605 621 (96.0)
116: 568 586 589 595 596 601 635 (93.0)
117: 557 570 579 599 608 (89.0)
118: 550 567 587 592 593 604 631 (91.0)
119: 573 597 609 612 616 617 618 632 636 (92.0)
120: 594 598 600 640 642 (76.0)
121: 571 577 584 606 615 629 659 (79.0)
122: 619 622 623 625 (51.0)
123: 611 613 614 620 656 (79.0)
124: 624 637 638 643 645 654 657 (77.0)
125: 603 627 641 644 649 682 (90.0)
126: 602 628 633 646 647 666 677 (89.0)
127: 626 634 671 705 (61.0)
128: 639 652 661 662 663 678 685 690 (82.0)
129: 630 651 655 665 679 702 (77.0)
130: 648 650 667 669 675 688 (94.0)
131: 658 664 673 676 681 (78.0)
132: 653 670 687 691 713 715 (94.0)
133: 660 672 674 697 698 736 (85.0)
134: 689 695 699 704 717 720 (93.0)
135: 680 692 694 696 700 723 (97.0)
136: 683 686 706 711 721 (97.0)
137: 716 718 729 747 752 (104.0)
138: 668 684 703 707 709 710 714 725 (100.0)
139: 708 722 728 753 757 (100.0)
140: 693 701 727 735 741 758 (98.0)
141: 712 743 756 765 (65.0)
142: 731 732 742 748 764 767 (99.0)
143: 733 737 745 749 754 768 772 773 786 789 (99.0)
144: 730 734 744 750 762 795 (66.0)
145: 724 738 751 755 760 761 800 809 (79.0)
146: 719 726 746 759 784 (75.0)
147: 740 763 771 777 780 (100.0)
148: 770 775 783 790 794 799 (89.0)
149: 739 769 782 792 793 808 813 (93.0)
150: 776 778 785 797 801 803 824 (100.0)
151: 766 781 806 811 830 851 (100.0)
152: 774 788 805 814 825 (100.0)
153: 796 812 816 822 843 855 (100.0)
154: 787 807 845 868 (96.0)
155: 804 821 844 866 873 877 (102.0)
156: 779 791 810 831 836 848 867 (100.0)
157: 798 818 819 829 832 856 864 (84.0)
158: 815 817 841 861 891 (86.0)
159: 820 823 826 838 847 854 898 (102.0)
160: 828 833 839 852 863 865 883 (96.0)
161: 802 834 837 853 880 882 888 889 (78.0)
162: 827 846 850 872 901 (68.0)
163: 835 858 870 884 900 903 (73.0)
164: 849 860 885 911 (99.0)
165: 842 881 893 894 896 902 (100.0)
166: 857 871 878 895 897 909 931 937 945 (100.0)
167: 840 874 879 886 890 928 (98.0)
168: 859 862 875 876 892 914 920 926 932 (100.0)
169: 869 916 944 (72.0)
170: 906 908 930 933 (86.0)
171: 904 905 913 915 936 (73.0)
172: 887 899 917 919 922 929 939 962 (96.0)
173: 924 934 938 942 953 (100.0)
174: 923 925 941 943 955 975 (89.0)
175: 921 949 958 984 985 (90.0)
176: 907 927 961 964 966 (97.0)
177: 912 951 956 977 (100.0)
178: 910 948 960 963 (98.0)
179: 918 947 950 954 967 968 971 972 (100.0)
180: 935 952 957 969 974 979 983 992 (92.0)
181: 940 965 970 978 986 (86.0)
182: 946 959 973 987 988 989 990 998 (100.0)
183: 976 981 991 993 996 (100.0)
184: 980 982 994 995 997 999 (97.0)
