Name: 1000-20-30
Time: 59.32500672340393 
Result: 21
Solution:  3 0 3 8 2 9 0 1 0 4 10 7 1 6 4 1 3 4 5 7 3 6 2 12 5 13 6 1 6 1 12 4 1 4 13 2 8 9 1 9 9 12 18 11 16 10 7 14 6 5 13 10 11 13 9 21 16 13 16 20 19 12 12 15 17 13 18 16 21 18 15 10 24 23 19 15 19 18 16 20 20 21 21 14 21 23 24 27 22 19 21 21 17 14 21 23 24 19 19 18 27 23 25 17 29 23 25 22 26 27 23 30 25 30 25 28 26 28 28 29 31 30 32 28 33 32 32 32 37 23 31 28 29 30 41 31 35 37 43 39 34 36 39 36 34 38 32 35 38 30 35 32 40 36 37 31 38 39 43 37 36 40 42 37 41 41 43 41 45 44 45 33 40 42 41 43 46 37 44 52 45 47 44 46 48 45 51 42 52 53 47 50 49 39 44 51 51 47 55 49 43 48 47 48 50 49 49 54 53 49 51 52 50 53 59 52 56 60 54 53 60 55 56 55 57 62 57 58 54 55 57 55 61 59 55 57 62 59 55 53 66 69 67 66 56 58 59 65 68 59 63 63 63 55 60 58 66 63 65 62 69 64 71 72 68 70 59 60 62 70 59 64 67 69 68 65 61 76 67 66 67 66 69 73 64 64 71 71 63 67 78 76 72 76 69 75 70 80 81 67 74 71 77 77 76 80 74 83 76 74 72 79 78 75 72 73 79 78 84 86 81 78 81 81 81 88 74 80 83 84 88 74 85 80 84 82 76 77 85 79 84 87 88 84 87 86 85 77 80 82 92 87 88 83 88 90 83 95 91 89 86 91 89 83 92 95 90 94 94 96 95 95 93 91 92 97 103 95 95 101 92 89 90 93 90 97 99 92 96 97 96 91 96 98 98 97 99 102 102 102 101 97 101 94 100 104 100 98 103 107 99 104 102 99 110 106 104 100 112 104 104 103 101 105 98 109 108 110 109 105 102 106 100 106 110 105 107 106 113 109 116 113 111 110 118 104 113 111 104 110 121 108 113 116 116 108 117 114 111 109 111 116 110 119 113 114 120 116 121 119 114 115 122 112 111 114 118 117 114 115 120 128 122 118 126 122 119 121 128 115 117 118 125 123 123 120 119 132 124 123 129 124 121 126 119 121 122 130 124 127 128 121 120 128 119 130 131 131 132 125 126 120 133 124 123 125 130 127 129 132 129 129 131 134 134 135 132 137 134 133 127 135 129 130 134 132 134 127 126 137 128 133 132 131 136 127 139 129 136 140 139 129 141 139 135 140 139 142 131 137 145 137 138 142 142 138 137 137 142 142 136 142 140 149 138 143 142 137 141 133 139 137 143 144 140 143 140 139 148 135 144 144 146 144 138 146 141 141 146 145 149 146 145 140 151 147 144 138 146 148 147 143 141 154 151 150 147 148 150 149 147 146 149 150 156 150 152 150 152 148 153 149 150 152 155 154 152 152 152 151 160 154 153 152 147 160 151 157 147 155 154 156 155 160 149 160 154 153 165 158 153 158 153 154 157 158 160 167 163 159 153 159 161 160 154 165 161 161 156 163 159 163 158 160 158 164 161 166 166 168 162 167 162 168 169 162 163 165 166 168 164 171 172 167 174 163 169 167 166 168 175 166 169 165 172 169 163 163 165 177 167 161 170 167 170 170 168 169 173 165 166 175 170 172 174 172 175 169 173 171 177 173 180 176 175 175 173 170 174 179 174 176 176 181 180 172 177 176 178 171 174 176 179 178 178 187 174 181 177 179 179 175 183 176 178 188 184 179 180 180 182 178 181 180 182 185 181 183 188 181 187 190 184 185 186 186 184 184 176 176 183 191 193 190 185 188 184 185 188 183 184 188 183 194 188 196 189 192 187 190 182 189 190 197 186 196 192 194 195 191 187 194 196 193 196 192 191 193 197 200 189 194 197 195 196 193 193 198 197 195 193 193 198 190 195 192 188 199 197 195 197 196 198 199 202 198 194 193 197 199 203 195 201 200 201 204 197 207 203 201 194 200 202 200 199 198 201 201 203 209 211 204 202 204 202 207 202 213 205 206 207 203 205 205 206 209 208 207 214 211 209 208 205 208 208 206 209 209 204 208 208 206 204 214 210 205 213 218 212 207 204 212 217 210 220 213 218 211 213 213 217 219 214 212 211 220 219 223 213 219 216 218 221 217 219 218 220 216 218 212 219 221 221 211 216 219 220 221 218 215 214 219 217 220 221 215 221 215 223 214 222 220 216 218 219 223 220 223 221 222
0: 1 6 8 (22.0)
1: 7 12 15 27 29 32 38 (21.0)
2: 4 22 35 (20.0)
3: 0 2 16 20 (23.0)
4: 9 14 17 31 33 (25.0)
5: 18 24 49 (20.0)
6: 13 21 26 28 48 (20.0)
7: 11 19 46 (23.0)
8: 3 36 (20.0)
9: 5 37 39 40 54 (20.0)
10: 10 45 51 71 (20.0)
11: 43 52 (21.0)
12: 23 30 41 61 62 (11.0)
13: 25 34 50 53 57 65 (19.0)
14: 47 83 93 (20.0)
15: 63 70 75 (24.0)
16: 44 56 58 67 78 (22.0)
17: 64 92 103 (26.0)
18: 42 66 69 77 99 (21.0)
19: 60 74 76 89 97 98 (20.0)
20: 59 79 80 (24.0)
21: 55 68 81 82 84 90 91 94 (20.0)
22: 88 107 (24.0)
23: 73 85 95 101 105 110 129 (11.0)
24: 72 86 96 (26.0)
25: 102 106 112 114 (22.0)
26: 108 116 (21.0)
27: 87 100 109 (20.0)
28: 115 117 118 123 131 (21.0)
29: 104 119 132 (21.0)
30: 111 113 121 133 149 (20.0)
31: 120 130 135 155 (20.0)
32: 122 125 126 127 146 151 (17.0)
33: 124 171 (21.0)
34: 140 144 (21.0)
35: 136 147 150 (21.0)
36: 141 143 153 160 (17.0)
37: 128 137 154 159 163 177 (19.0)
38: 145 148 156 (20.0)
39: 139 142 157 193 (19.0)
40: 152 161 172 (25.0)
41: 134 164 165 167 174 (23.0)
42: 162 173 187 (21.0)
43: 138 158 166 175 200 (21.0)
44: 169 178 182 194 (22.0)
45: 168 170 180 185 (21.0)
46: 176 183 (21.0)
47: 181 190 197 202 (20.0)
48: 184 201 203 (20.0)
49: 192 199 205 206 209 (21.0)
50: 191 204 212 (25.0)
51: 186 195 196 210 (27.0)
52: 179 188 211 215 (22.0)
53: 189 208 213 219 239 (20.0)
54: 207 218 228 (25.0)
55: 198 221 223 229 231 234 238 253 (20.0)
56: 216 222 244 (24.0)
57: 224 226 230 235 (21.0)
58: 227 245 255 (21.0)
59: 214 233 237 246 249 266 270 (20.0)
60: 217 220 254 267 (20.0)
61: 232 276 (23.0)
62: 225 236 259 268 (20.0)
63: 250 251 252 257 288 (20.0)
64: 261 271 284 285 (23.0)
65: 247 258 275 (27.0)
66: 240 243 256 279 281 (25.0)
67: 242 272 278 280 289 299 (29.0)
68: 248 264 274 (26.0)
69: 241 260 273 282 294 (23.0)
70: 265 269 296 (23.0)
71: 262 286 287 301 (25.0)
72: 263 292 310 314 (25.0)
73: 283 315 (22.0)
74: 300 306 309 326 331 (23.0)
75: 295 313 (31.0)
76: 277 291 293 304 308 336 (23.0)
77: 302 303 337 347 (25.0)
78: 290 312 317 321 (23.0)
79: 311 316 339 (25.0)
80: 297 305 327 333 348 (21.0)
81: 298 320 322 323 324 (25.0)
82: 335 349 (21.0)
83: 307 328 353 356 363 (22.0)
84: 318 329 334 340 343 (27.0)
85: 332 338 346 (24.0)
86: 319 345 360 (22.0)
87: 341 344 351 (21.0)
88: 325 330 342 352 354 (24.0)
89: 359 362 381 (27.0)
90: 355 366 382 384 (21.0)
91: 358 361 373 391 (24.0)
92: 350 364 374 380 387 (24.0)
93: 372 383 (25.0)
94: 367 368 403 (23.0)
95: 357 365 370 371 377 378 (24.0)
96: 369 388 390 392 (23.0)
97: 375 385 389 395 401 (25.0)
98: 393 394 407 424 (26.0)
99: 386 396 410 413 (24.0)
100: 404 406 417 432 (28.0)
101: 379 400 402 422 (24.0)
102: 397 398 399 412 430 (26.0)
103: 376 408 421 (27.0)
104: 405 411 416 419 420 445 448 (26.0)
105: 423 429 435 (22.0)
106: 415 431 433 437 (23.0)
107: 409 436 (23.0)
108: 426 451 455 (28.0)
109: 425 428 439 459 (23.0)
110: 414 427 434 443 449 462 (30.0)
111: 442 447 458 460 474 (30.0)
112: 418 473 (21.0)
113: 438 441 446 452 464 (27.0)
114: 457 465 470 475 478 (24.0)
115: 471 479 489 (25.0)
116: 440 453 454 461 467 (24.0)
117: 456 477 490 (30.0)
118: 444 476 483 491 (26.0)
119: 463 469 486 496 504 514 (25.0)
120: 466 480 495 512 521 (27.0)
121: 450 468 487 502 505 511 (24.0)
122: 472 482 485 506 (22.0)
123: 493 494 499 524 (23.0)
124: 498 501 508 523 (20.0)
125: 492 519 525 (21.0)
126: 484 503 520 548 (23.0)
127: 509 527 540 547 555 (28.0)
128: 481 488 510 513 550 (23.0)
129: 500 528 530 531 542 557 561 (29.0)
130: 507 515 526 543 (24.0)
131: 516 517 532 553 568 (24.0)
132: 497 518 529 536 545 552 (30.0)
133: 522 539 551 589 (20.0)
134: 533 534 538 544 546 (22.0)
135: 535 541 564 599 (26.0)
136: 554 558 580 (26.0)
137: 537 549 569 571 576 577 587 591 (26.0)
138: 572 575 584 604 617 (26.0)
139: 556 560 563 566 590 597 (25.0)
140: 559 565 582 594 596 613 (24.0)
141: 562 588 606 607 622 (24.0)
142: 567 573 574 578 579 581 586 (30.0)
143: 585 592 595 621 (23.0)
144: 593 600 601 603 616 (32.0)
145: 570 609 612 (30.0)
146: 602 605 608 611 618 631 (30.0)
147: 615 620 626 630 654 658 (30.0)
148: 598 619 627 639 (22.0)
149: 583 610 629 632 641 664 (30.0)
150: 625 628 633 635 637 642 (26.0)
151: 614 624 649 656 (30.0)
152: 636 638 643 646 647 648 653 (28.0)
153: 640 652 667 670 672 680 (25.0)
154: 623 645 651 660 666 673 684 (25.0)
155: 644 659 662 (21.0)
156: 634 661 688 (30.0)
157: 657 674 (24.0)
158: 669 671 675 692 694 (28.0)
159: 679 681 690 (29.0)
160: 650 655 663 665 676 683 693 (30.0)
161: 682 686 687 696 731 (25.0)
162: 700 702 705 (30.0)
163: 678 689 691 706 715 726 727 (30.0)
164: 695 710 (25.0)
165: 668 685 707 723 728 739 (28.0)
166: 697 698 708 718 721 740 (29.0)
167: 677 701 713 717 730 733 (30.0)
168: 699 703 709 719 736 (30.0)
169: 704 716 722 725 737 747 (30.0)
170: 732 734 735 742 757 (21.0)
171: 711 749 769 (29.0)
172: 712 724 743 745 765 (22.0)
173: 738 748 751 756 (30.0)
174: 714 744 758 760 770 776 (30.0)
175: 720 741 746 754 755 781 (29.0)
176: 753 761 762 767 771 783 808 809 (26.0)
177: 729 750 766 778 (23.0)
178: 768 773 774 784 791 (26.0)
179: 759 772 779 780 787 (29.0)
180: 752 764 788 789 793 (27.0)
181: 763 777 792 796 799 (30.0)
182: 790 794 830 (29.0)
183: 782 797 810 819 822 (27.0)
184: 786 802 806 807 816 820 (27.0)
185: 795 803 814 817 (24.0)
186: 804 805 834 (24.0)
187: 775 800 828 840 (30.0)
188: 785 798 815 818 821 824 866 (30.0)
189: 826 831 850 (28.0)
190: 801 813 829 832 863 (28.0)
191: 811 839 846 (29.0)
192: 827 836 845 865 (30.0)
193: 812 843 847 855 856 860 861 877 (30.0)
194: 823 837 841 851 876 890 (27.0)
195: 838 853 859 864 869 881 (27.0)
196: 825 835 842 844 854 871 (30.0)
197: 833 848 852 858 868 870 878 886 (30.0)
198: 857 862 872 875 895 (31.0)
199: 867 873 879 894 (30.0)
200: 849 883 891 893 (30.0)
201: 882 884 889 896 897 (30.0)
202: 874 892 902 904 906 (30.0)
203: 880 888 898 911 (30.0)
204: 885 901 903 928 932 940 (30.0)
205: 908 912 913 922 935 (30.0)
206: 909 914 925 931 (30.0)
207: 887 905 910 917 939 (30.0)
208: 916 921 923 924 929 930 (31.0)
209: 899 915 920 926 927 (30.0)
210: 934 943 (30.0)
211: 900 919 947 954 973 (29.0)
212: 938 941 953 969 (30.0)
213: 907 936 945 948 949 958 (29.0)
214: 918 933 952 980 989 (30.0)
215: 979 985 987 (29.0)
216: 960 967 974 992 (30.0)
217: 942 950 963 982 (21.0)
218: 937 946 961 965 968 978 993 (30.0)
219: 951 956 959 964 970 975 981 994 (29.0)
220: 944 955 966 976 983 991 996 (29.0)
221: 962 971 972 977 984 986 998 (30.0)
222: 990 999 (30.0)
223: 957 988 995 997 (30.0)
