Name: 1000-60-125
Time: 29.970268964767456 
Result: 64095
Solution:  0 1 9 2 4 0 5 0 3 0 1 4 3 9 0 7 2 0 0 10 10 10 6 6 4 9 9 3 10 4 5 3 5 5 3 9 7 9 14 8 9 11 11 6 14 11 14 20 12 10 9 13 14 14 19 8 14 13 13 15 16 9 18 15 17 18 15 18 16 19 18 16 18 12 14 12 17 20 18 13 18 18 23 21 22 23 28 21 27 25 18 20 29 23 23 23 24 18 19 25 19 25 25 27 30 26 28 25 29 26 27 26 24 28 27 23 30 28 29 31 31 32 28 22 37 32 28 35 32 27 29 36 32 28 28 33 34 27 25 31 37 28 30 40 33 41 38 36 33 39 36 34 37 38 37 35 37 36 40 39 42 42 41 40 41 48 40 40 37 44 38 39 36 48 40 43 46 43 41 44 46 39 49 47 40 45 44 48 50 49 47 41 44 45 41 51 49 39 50 46 47 44 49 41 53 42 44 49 43 49 55 45 42 42 42 53 52 56 46 50 57 50 50 51 54 58 53 60 51 53 54 49 55 53 50 56 45 58 58 52 47 58 57 50 53 64 64 52 54 50 58 57 55 52 56 52 56 58 56 65 63 56 60 59 59 66 62 60 62 61 61 58 66 60 60 64 60 64 69 59 58 65 65 69 62 72 58 63 64 63 60 71 65 65 67 60 60 71 65 67 66 71 62 69 62 66 61 68 73 68 66 70 75 71 75 70 67 70 65 71 73 72 64 71 69 72 72 70 69 80 73 70 71 74 70 79 71 71 73 81 75 70 84 79 77 68 68 73 79 75 79 76 74 76 82 78 85 86 76 84 83 74 78 76 81 78 80 80 77 81 76 84 82 79 82 83 85 79 77 87 79 88 83 77 81 83 83 86 81 79 83 88 83 88 80 85 84 81 86 78 89 86 90 94 92 84 96 89 86 89 89 85 94 93 96 90 94 91 88 89 88 89 88 86 95 93 93 91 92 91 94 99 93 92 91 87 99 94 101 98 97 92 95 100 100 91 94 104 96 97 89 97 102 100 89 93 103 106 98 98 100 98 95 98 90 100 98 95 103 95 104 102 101 94 95 99 97 105 102 105 101 110 103 110 110 100 100 100 103 106 97 103 105 108 108 105 107 105 111 112 104 106 104 107 107 106 112 107 106 104 113 103 108 105 112 108 106 109 110 112 108 112 117 109 113 112 117 119 110 110 108 116 111 113 109 115 114 114 113 114 115 114 114 114 113 116 119 111 111 114 118 117 119 109 121 118 122 116 119 119 119 123 119 116 119 120 123 118 117 123 126 117 125 128 124 127 124 121 120 118 122 116 120 128 122 120 127 123 127 123 131 121 120 126 125 124 128 128 127 129 127 122 129 126 126 132 129 123 125 124 126 129 130 130 128 136 137 128 131 128 138 131 127 131 127 135 137 137 131 133 138 132 133 131 130 134 132 127 130 132 139 133 134 138 137 135 137 137 138 133 138 134 137 143 136 134 142 135 135 139 132 138 138 144 147 138 137 137 141 140 144 140 136 136 138 147 143 140 144 141 137 142 143 140 146 144 146 143 143 143 142 139 140 147 140 147 152 141 150 152 145 146 145 151 153 148 150 149 148 150 151 143 145 149 147 155 150 146 146 148 143 150 153 149 150 148 151 151 147 144 153 151 149 159 158 156 154 153 154 154 155 161 157 162 155 152 153 157 156 157 159 157 160 150 155 154 159 151 156 160 159 156 152 158 161 164 164 159 158 161 160 158 152 160 159 155 167 163 157 164 165 165 167 161 162 166 167 167 162 171 168 160 160 169 158 173 162 173 164 165 168 168 170 162 162 168 172 166 168 171 171 172 175 167 168 163 174 173 166 161 174 170 171 167 168 169 169 174 166 164 178 172 171 175 172 170 175 170 169 175 184 176 175 172 176 178 171 176 178 183 175 173 180 177 182 172 184 182 179 178 187 177 179 179 179 183 176 180 173 176 189 181 181 189 186 181 177 181 181 186 179 186 177 179 187 193 184 181 182 184 178 186 186 185 190 185 190 186 180 185 185 182 190 183 186 189 192 186 192 183 184 188 188 186 191 190 187 194 187 183 189 187 188 187 191 200 190 195 192 188 194 187 186 194 195 193 190 191 196 196 195 197 193 195 197 200 190 192 200 192 203 201 193 197 197 195 198 196 191 196 203 195 195 199 201 201 197 201 200 204 202 204 198 199 201 203 199 200 203 202 205 204 199 202 204 200 202 205 205 199 198 203 199 203 206 204 202 206 206 206
0: 0 5 7 9 14 17 18 (54.0)
1: 1 10 (60.0)
2: 3 16 (66.0)
3: 8 12 27 31 34 (62.0)
4: 4 11 24 29 (67.0)
5: 6 30 32 33 (71.0)
6: 22 23 43 (61.0)
7: 15 36 (69.0)
8: 39 55 (60.0)
9: 2 13 25 26 35 37 40 50 61 (58.0)
10: 19 20 21 28 49 (56.0)
11: 41 42 45 (62.0)
12: 48 73 75 (64.0)
13: 51 57 58 79 (62.0)
14: 38 44 46 52 53 56 74 (63.0)
15: 59 63 66 (76.0)
16: 60 68 71 (83.0)
17: 64 76 (62.0)
18: 62 65 67 70 72 78 80 81 90 97 (60.0)
19: 54 69 98 100 (64.0)
20: 47 77 91 (67.0)
21: 83 87 (70.0)
22: 84 123 (79.0)
23: 82 85 93 94 95 115 (53.0)
24: 96 112 (84.0)
25: 89 99 101 102 107 138 (62.0)
26: 105 109 111 (80.0)
27: 88 103 110 114 129 137 (33.0)
28: 86 106 113 117 122 126 133 134 141 (45.0)
29: 92 108 118 130 (61.0)
30: 104 116 142 (73.0)
31: 119 120 139 (63.0)
32: 121 125 128 132 (64.0)
33: 135 144 148 (83.0)
34: 136 151 (64.0)
35: 127 155 (61.0)
36: 131 147 150 157 172 (63.0)
37: 124 140 152 154 156 168 (61.0)
38: 146 153 170 (69.0)
39: 149 159 171 181 197 (72.0)
40: 143 158 163 166 167 174 184 (67.0)
41: 145 162 164 178 191 194 203 (73.0)
42: 160 161 205 212 213 214 (82.0)
43: 175 177 208 (64.0)
44: 169 179 186 192 201 206 (70.0)
45: 185 193 211 236 (69.0)
46: 176 180 199 218 (69.0)
47: 183 190 200 240 (111.0)
48: 165 173 187 (69.0)
49: 182 189 196 202 207 209 231 (62.0)
50: 188 198 219 221 222 234 243 249 (75.0)
51: 195 223 228 (66.0)
52: 216 239 247 253 255 (71.0)
53: 204 215 226 229 233 244 (71.0)
54: 224 230 248 (73.0)
55: 210 232 252 (66.0)
56: 217 235 254 256 258 261 (64.0)
57: 220 242 251 (77.0)
58: 225 237 238 241 250 257 271 280 286 (75.0)
59: 263 264 279 (67.0)
60: 227 262 267 273 274 276 290 295 296 (67.0)
61: 269 270 306 (96.0)
62: 266 268 284 302 304 (76.0)
63: 260 287 289 (64.0)
64: 245 246 275 277 288 322 (79.0)
65: 259 281 282 292 293 298 318 (87.0)
66: 265 272 300 305 310 (82.0)
67: 294 299 316 (75.0)
68: 307 309 345 346 (107.0)
69: 278 283 303 324 328 (80.0)
70: 311 315 317 327 331 334 341 (89.0)
71: 291 297 301 313 319 323 332 336 337 (90.0)
72: 285 321 325 326 (86.0)
73: 308 320 330 338 347 (73.0)
74: 333 352 361 (74.0)
75: 312 314 340 349 (94.0)
76: 351 353 358 363 370 (79.0)
77: 344 368 378 383 (83.0)
78: 355 362 365 399 (70.0)
79: 335 343 348 350 373 377 380 389 (109.0)
80: 329 366 367 394 (94.0)
81: 339 364 369 384 388 397 (101.0)
82: 354 372 374 (79.0)
83: 360 375 382 385 386 390 392 (88.0)
84: 342 359 371 396 405 (84.0)
85: 356 376 395 411 (77.0)
86: 357 387 398 401 408 423 (74.0)
87: 379 435 (90.0)
88: 381 391 393 418 420 422 (91.0)
89: 400 407 409 410 419 421 450 454 (101.0)
90: 402 415 464 (66.0)
91: 417 427 429 434 445 (93.0)
92: 404 428 433 441 (81.0)
93: 413 425 426 432 455 (80.0)
94: 403 412 416 430 437 446 473 (97.0)
95: 424 442 462 467 469 474 (101.0)
96: 406 414 448 (82.0)
97: 440 449 451 476 490 (117.0)
98: 439 458 459 461 463 466 (108.0)
99: 431 436 475 (65.0)
100: 443 444 453 460 465 485 486 487 (118.0)
101: 438 472 480 (78.0)
102: 452 471 478 (82.0)
103: 456 468 482 488 491 511 (85.0)
104: 447 470 500 502 509 (86.0)
105: 477 479 492 495 497 513 (85.0)
106: 457 489 501 505 508 516 (112.0)
107: 496 503 504 507 (90.0)
108: 493 494 512 515 520 530 (111.0)
109: 517 523 534 553 (93.0)
110: 481 483 484 518 528 529 (75.0)
111: 498 532 547 548 (76.0)
112: 499 506 514 519 521 525 (103.0)
113: 510 524 533 538 544 (105.0)
114: 536 537 539 541 542 543 549 (124.0)
115: 535 540 (63.0)
116: 531 545 557 563 581 (94.0)
117: 522 526 551 568 571 (94.0)
118: 550 555 567 579 (119.0)
119: 527 546 552 558 559 560 562 564 (120.0)
120: 565 578 582 585 592 (83.0)
121: 554 577 591 (88.0)
122: 556 580 584 601 (122.0)
123: 561 566 569 587 589 607 (100.0)
124: 574 576 595 609 (76.0)
125: 572 594 608 (75.0)
126: 570 593 603 604 610 (104.0)
127: 575 586 588 598 600 622 624 637 (105.0)
128: 573 583 596 597 614 617 619 (124.0)
129: 599 602 606 611 (112.0)
130: 612 613 634 638 (97.0)
131: 590 618 621 623 628 633 (116.0)
132: 605 631 636 639 660 (125.0)
133: 629 632 641 649 (105.0)
134: 635 642 651 655 (74.0)
135: 625 645 657 658 (95.0)
136: 615 654 672 673 (123.0)
137: 616 626 627 644 646 647 652 666 667 680 (114.0)
138: 620 630 643 648 650 661 662 665 674 (120.0)
139: 640 659 691 (111.0)
140: 669 671 677 683 692 694 (125.0)
141: 668 679 697 (95.0)
142: 656 681 690 (76.0)
143: 653 676 682 687 688 689 711 720 (101.0)
144: 663 670 678 685 729 (125.0)
145: 700 702 712 (80.0)
146: 684 686 701 717 718 (103.0)
147: 664 675 693 695 714 728 (123.0)
148: 705 708 719 725 (83.0)
149: 707 713 723 732 (105.0)
150: 698 706 709 716 721 724 753 (121.0)
151: 703 710 726 727 731 757 (125.0)
152: 696 699 745 762 772 (85.0)
153: 704 722 730 737 746 (99.0)
154: 736 738 739 755 (107.0)
155: 715 740 744 754 775 (124.0)
156: 735 748 758 761 (125.0)
157: 742 747 749 751 778 (121.0)
158: 734 763 768 771 794 (122.0)
159: 733 750 756 760 767 774 (125.0)
160: 752 759 770 773 791 792 (125.0)
161: 741 764 769 783 819 (92.0)
162: 743 784 788 796 803 804 (110.0)
163: 777 815 (90.0)
164: 765 766 779 798 829 (109.0)
165: 780 781 799 (83.0)
166: 785 807 818 828 (122.0)
167: 776 782 786 787 813 823 (125.0)
168: 790 800 801 805 808 814 824 (121.0)
169: 793 825 826 838 (115.0)
170: 802 821 835 837 (123.0)
171: 789 809 810 822 832 846 (96.0)
172: 806 811 831 834 843 855 (125.0)
173: 795 797 817 851 868 (125.0)
174: 816 820 827 (84.0)
175: 812 833 836 839 842 850 (98.0)
176: 841 844 847 866 869 (116.0)
177: 853 861 876 882 (108.0)
178: 830 845 848 859 890 (116.0)
179: 858 862 863 864 880 883 (122.0)
180: 852 867 898 (120.0)
181: 871 872 875 877 878 887 (122.0)
182: 854 857 888 901 (123.0)
183: 849 865 903 909 919 (121.0)
184: 840 856 886 889 910 (112.0)
185: 893 895 899 900 (119.0)
186: 874 879 881 891 892 897 904 907 913 932 (113.0)
187: 860 884 916 918 921 923 931 (125.0)
188: 911 912 922 929 (124.0)
189: 870 873 905 920 (125.0)
190: 894 896 902 915 926 936 946 (124.0)
191: 914 924 937 958 (125.0)
192: 906 908 928 947 949 (128.0)
193: 885 935 942 952 (125.0)
194: 917 930 933 (125.0)
195: 927 934 940 943 955 961 962 (124.0)
196: 938 939 957 959 (121.0)
197: 941 944 953 954 966 (121.0)
198: 956 972 990 (121.0)
199: 963 973 976 982 989 992 (125.0)
200: 925 945 948 968 977 985 (123.0)
201: 951 964 965 967 974 (124.0)
202: 970 979 983 986 996 (108.0)
203: 950 960 975 978 991 993 (124.0)
204: 969 971 981 984 995 (124.0)
205: 980 987 988 (120.0)
206: 994 997 998 999 (124.0)
