Name: 250-60-125
Time: 8.306446075439453 
Result: 64
Solution:  5 1 0 1 2 0 8 1 1 5 5 5 6 5 8 3 9 2 3 4 0 5 2 3 1 6 7 2 6 5 4 6 14 5 8 10 8 14 15 9 10 9 8 11 13 8 5 7 12 12 6 9 17 11 15 8 12 16 11 15 15 13 13 9 18 13 20 17 17 14 17 10 19 22 16 15 28 18 25 21 19 27 21 16 24 23 18 18 24 24 25 23 16 16 22 18 22 23 21 26 33 26 25 20 23 29 32 30 21 19 26 27 30 22 24 34 32 28 31 23 29 31 34 25 24 28 31 28 31 28 37 30 27 35 33 31 31 35 32 36 35 28 28 36 32 30 35 29 37 39 33 44 40 41 37 39 36 38 33 32 49 38 40 41 35 35 42 38 33 42 43 39 40 46 46 37 42 40 45 46 44 44 40 47 41 43 46 41 45 41 45 49 44 41 54 52 56 50 50 47 58 51 45 48 48 51 58 44 52 51 53 53 50 49 55 55 60 54 53 51 60 58 48 52 60 52 54 53 54 49 56 56 50 55 57 55 58 53 58 58 55 59 59 57 54 59 56 57 57 59
0: 2 5 20 (68.0)
1: 1 3 7 8 24 (81.0)
2: 4 17 22 27 (72.0)
3: 15 18 23 (81.0)
4: 19 30 (84.0)
5: 0 9 10 11 13 21 29 33 46 (62.0)
6: 12 25 28 31 50 (66.0)
7: 26 47 (61.0)
8: 6 14 34 36 42 45 55 (70.0)
9: 16 39 41 51 63 (76.0)
10: 35 40 71 (67.0)
11: 43 53 58 (75.0)
12: 48 49 56 (61.0)
13: 44 61 62 65 (79.0)
14: 32 37 69 (73.0)
15: 38 54 59 60 75 (102.0)
16: 57 74 83 92 93 (79.0)
17: 52 67 68 70 (93.0)
18: 64 77 86 87 95 (67.0)
19: 72 80 109 (81.0)
20: 66 103 (62.0)
21: 79 82 98 108 (71.0)
22: 73 94 96 113 (74.0)
23: 85 91 97 104 119 (89.0)
24: 84 88 89 114 124 (116.0)
25: 78 90 102 123 (99.0)
26: 99 101 110 (75.0)
27: 81 111 132 (80.0)
28: 76 117 125 127 129 141 142 (121.0)
29: 105 120 147 (76.0)
30: 107 112 131 145 (113.0)
31: 118 121 126 128 135 136 (119.0)
32: 106 116 138 144 159 (99.0)
33: 100 134 150 158 168 (124.0)
34: 115 122 (76.0)
35: 133 137 140 146 164 165 (122.0)
36: 139 143 156 (125.0)
37: 130 148 154 175 (125.0)
38: 157 161 167 (96.0)
39: 149 155 171 (71.0)
40: 152 162 172 177 182 (124.0)
41: 153 163 184 187 189 193 (106.0)
42: 166 169 176 (83.0)
43: 170 185 (84.0)
44: 151 180 181 192 207 (108.0)
45: 178 188 190 202 (110.0)
46: 173 174 179 186 (114.0)
47: 183 199 (84.0)
48: 203 204 222 (125.0)
49: 160 191 213 229 (121.0)
50: 197 198 212 232 (125.0)
51: 201 205 209 219 (125.0)
52: 195 208 223 225 (124.0)
53: 210 211 218 227 237 (123.0)
54: 194 217 226 228 244 (121.0)
55: 214 215 233 235 240 (125.0)
56: 196 230 231 246 (95.0)
57: 234 243 247 248 (124.0)
58: 200 206 221 236 238 239 (115.0)
59: 241 242 245 249 (125.0)
60: 216 220 224 (92.0)
