Name: 250-50-100
Time: 8.2036612033844 
Result: 47
Solution:  3 3 0 1 0 2 1 5 1 1 7 1 1 0 9 3 1 5 1 8 0 5 2 0 5 5 5 2 3 4 5 6 3 1 4 8 10 12 13 6 10 9 14 9 8 2 12 14 1 6 11 7 10 10 10 12 9 2 9 12 7 19 15 9 13 7 18 10 14 12 17 16 13 14 6 11 14 23 15 15 18 15 15 10 22 13 21 14 22 17 16 12 14 16 16 25 24 14 25 15 17 25 16 22 26 20 19 29 22 18 20 26 23 19 28 22 22 21 24 29 19 24 22 27 20 25 27 25 16 23 23 25 31 24 26 21 28 26 35 27 24 28 30 27 28 26 28 24 32 29 29 25 29 26 21 35 28 30 29 30 33 33 30 32 37 31 34 34 25 37 40 37 29 29 30 33 39 35 28 36 31 32 42 40 32 38 36 37 41 44 38 34 34 43 36 41 41 43 38 39 36 38 34 35 37 40 41 42 38 47 47 35 36 37 36 45 48 45 37 39 45 39 46 40 46 43 46 43 46 42 44 42 44 47 41 46 49 49 48 43 44 47 49 48 44 49 49 49 42 47
0: 2 4 13 20 23 (57.0)
1: 3 6 8 9 11 12 16 18 33 48 (53.0)
2: 5 22 27 45 57 (63.0)
3: 0 1 15 28 32 (57.0)
4: 29 34 (57.0)
5: 7 17 21 24 25 26 30 (58.0)
6: 31 39 49 74 (71.0)
7: 10 51 60 65 (58.0)
8: 19 35 44 (60.0)
9: 14 41 43 56 58 63 (57.0)
10: 36 40 52 53 54 67 83 (63.0)
11: 50 75 (54.0)
12: 37 46 55 59 69 91 (57.0)
13: 38 64 72 85 (55.0)
14: 42 47 68 73 76 87 92 97 (72.0)
15: 62 78 79 81 82 99 (72.0)
16: 71 90 93 94 102 128 (61.0)
17: 70 89 100 (66.0)
18: 66 80 109 (67.0)
19: 61 106 113 120 (73.0)
20: 105 110 124 (67.0)
21: 86 117 135 154 (65.0)
22: 84 88 103 108 115 116 122 (78.0)
23: 77 112 129 130 (79.0)
24: 96 118 121 133 140 147 (66.0)
25: 95 98 101 125 127 131 151 168 (94.0)
26: 104 111 134 137 145 153 (75.0)
27: 123 126 139 143 (78.0)
28: 114 136 141 144 146 156 178 (88.0)
29: 107 119 149 150 152 158 172 173 (87.0)
30: 142 157 159 162 174 (74.0)
31: 132 165 180 (69.0)
32: 148 163 181 184 (64.0)
33: 160 161 175 (62.0)
34: 166 167 191 192 202 (88.0)
35: 138 155 177 203 211 (69.0)
36: 179 186 194 200 212 214 (78.0)
37: 164 169 171 187 204 213 218 (79.0)
38: 185 190 198 201 208 (90.0)
39: 176 199 219 221 (68.0)
40: 170 183 205 223 (99.0)
41: 188 195 196 206 234 (100.0)
42: 182 207 229 231 248 (98.0)
43: 193 197 225 227 239 (96.0)
44: 189 230 232 240 244 (87.0)
45: 215 217 220 (97.0)
46: 222 224 226 228 235 (83.0)
47: 209 210 233 241 249 (100.0)
48: 216 238 243 (68.0)
49: 236 237 242 245 246 247 (100.0)
