Name: 250-40-75
Time: 15.57212495803833 
Result: 34
Solution:  0 6 0 7 1 3 7 6 8 1 1 0 2 2 5 3 8 5 3 9 4 2 7 3 10 3 9 3 6 1 1 8 9 7 1 6 5 7 13 5 6 10 10 12 17 10 12 2 4 19 11 17 10 12 11 7 12 16 16 13 14 12 19 18 14 19 19 15 16 17 16 20 11 16 17 18 15 22 19 18 17 18 19 23 21 23 19 24 22 21 22 27 17 19 26 21 28 24 25 20 24 24 18 27 22 33 26 23 26 29 25 31 26 25 19 29 25 27 36 28 26 33 28 31 31 38 26 28 35 30 31 38 30 32 32 35 30 36 27 34 41 34 31 37 33 28 38 36 34 39 36 43 32 40 35 37 45 40 43 42 40 37 37 38 38 37 41 42 39 43 44 47 43 41 46 44 52 42 35 36 45 45 41 45 51 47 48 40 41 47 45 46 49 50 44 49 51 44 53 49 54 53 47 48 47 50 55 50 51 56 59 51 53 48 55 48 50 48 53 51 53 55 53 48 57 50 52 52 53 54 50 58 55 56 54 54 56 58 57 56 58 59 59 57 56 59 58 57 56 59
0: 0 2 11 (53.0)
1: 4 9 10 29 30 34 (45.0)
2: 12 13 21 47 (60.0)
3: 5 15 18 23 25 27 (47.0)
4: 20 48 (47.0)
5: 14 17 36 39 (47.0)
6: 1 7 28 35 40 (58.0)
7: 3 6 22 33 37 55 (45.0)
8: 8 16 31 (51.0)
9: 19 26 32 (44.0)
10: 24 41 42 45 52 (48.0)
11: 50 54 72 (49.0)
12: 43 46 53 56 61 (46.0)
13: 38 59 (41.0)
14: 60 64 (53.0)
15: 67 76 (43.0)
16: 57 58 68 70 73 (44.0)
17: 44 51 69 74 80 92 (53.0)
18: 63 75 79 81 102 (41.0)
19: 49 62 65 66 78 82 86 93 114 (41.0)
20: 71 99 (63.0)
21: 84 89 95 (48.0)
22: 77 88 90 104 (48.0)
23: 83 85 107 (57.0)
24: 87 97 100 101 (75.0)
25: 98 110 113 116 (64.0)
26: 94 106 108 112 120 126 (49.0)
27: 91 103 117 138 (46.0)
28: 96 119 122 127 145 (58.0)
29: 109 115 (43.0)
30: 129 132 136 (49.0)
31: 111 123 124 130 142 (71.0)
32: 133 134 152 (51.0)
33: 105 121 144 (52.0)
34: 139 141 148 (50.0)
35: 128 135 154 178 (65.0)
36: 118 137 147 150 179 (73.0)
37: 143 155 161 162 165 (75.0)
38: 125 131 146 163 164 (73.0)
39: 149 168 (52.0)
40: 153 157 160 187 (63.0)
41: 140 166 173 182 188 (73.0)
42: 159 167 177 (75.0)
43: 151 158 169 172 (68.0)
44: 170 175 194 197 (73.0)
45: 156 180 181 183 190 (72.0)
46: 174 191 (48.0)
47: 171 185 189 202 204 (67.0)
48: 186 203 213 215 217 223 (75.0)
49: 192 195 199 (73.0)
50: 193 205 207 216 225 230 (60.0)
51: 184 196 208 211 219 (75.0)
52: 176 226 227 (61.0)
53: 198 201 212 218 220 222 228 (74.0)
54: 200 229 234 235 (63.0)
55: 206 214 221 232 (72.0)
56: 209 233 236 239 244 248 (75.0)
57: 224 238 243 247 (75.0)
58: 231 237 240 246 (64.0)
59: 210 241 242 245 249 (71.0)
