Name: 250-30-50
Time: 8.13451886177063 
Result: 18
Solution:  7 1 3 2 6 3 2 1 0 2 0 9 2 0 1 2 1 1 4 4 3 1 3 7 0 11 3 13 4 12 5 7 6 4 8 2 8 6 12 7 14 5 8 10 5 1 11 4 2 4 9 9 10 10 5 4 10 7 7 7 15 13 12 16 10 10 15 7 12 12 13 12 9 16 20 11 14 18 6 16 8 15 12 12 15 20 16 17 17 17 13 13 14 19 19 21 13 20 19 22 18 19 14 23 16 18 22 17 22 13 21 22 21 21 27 16 26 25 23 17 28 24 24 22 28 25 31 19 26 26 23 26 20 24 27 36 31 30 29 22 28 24 26 20 33 24 36 26 29 35 23 31 34 28 30 36 25 30 25 27 26 27 29 33 26 32 32 31 33 28 36 31 38 33 32 31 27 34 34 28 40 36 35 34 36 35 38 42 34 39 35 36 35 39 38 32 37 38 40 38 38 41 40 39 38 37 44 35 37 40 43 40 44 38 39 44 43 39 42 43 42 39 38 43 41 45 42 41 43 43 42 39 43 39 42 43 46 44 45 46 46 45 43 39 40 46 41 45 41 46
0: 8 10 13 24 (32.0)
1: 1 7 14 16 17 21 45 (32.0)
2: 3 6 9 12 15 35 48 (36.0)
3: 2 5 20 22 26 (38.0)
4: 18 19 28 33 47 49 55 (39.0)
5: 30 41 44 54 (32.0)
6: 4 32 37 78 (39.0)
7: 0 23 31 39 57 58 59 67 (34.0)
8: 34 36 42 80 (40.0)
9: 11 50 51 72 (33.0)
10: 43 52 53 56 64 65 (36.0)
11: 25 46 75 (38.0)
12: 29 38 62 68 69 71 82 83 (35.0)
13: 27 61 70 90 91 96 109 (41.0)
14: 40 76 92 102 (35.0)
15: 60 66 81 84 (38.0)
16: 63 73 79 86 104 115 (34.0)
17: 87 88 89 107 119 (42.0)
18: 77 100 105 (40.0)
19: 93 94 98 101 127 (32.0)
20: 74 85 97 132 143 (32.0)
21: 95 110 112 113 (45.0)
22: 99 106 108 111 123 139 (37.0)
23: 103 118 130 150 (36.0)
24: 121 122 133 141 145 (40.0)
25: 117 125 156 158 (36.0)
26: 116 128 129 131 142 147 160 164 (44.0)
27: 114 134 159 161 176 (35.0)
28: 120 124 140 153 169 179 (47.0)
29: 138 148 162 (36.0)
30: 137 154 157 (35.0)
31: 126 136 151 167 171 175 (37.0)
32: 165 166 174 195 (50.0)
33: 144 163 168 173 (35.0)
34: 152 177 178 183 188 (33.0)
35: 149 182 185 190 192 207 (46.0)
36: 135 146 155 170 181 184 191 (44.0)
37: 196 205 208 (48.0)
38: 172 186 194 197 199 200 204 213 222 (36.0)
39: 189 193 203 214 217 221 231 233 243 (50.0)
40: 180 198 202 209 211 244 (38.0)
41: 201 224 227 246 248 (39.0)
42: 187 218 220 226 230 234 (35.0)
43: 210 216 219 223 228 229 232 235 242 (41.0)
44: 206 212 215 237 (48.0)
45: 225 238 241 247 (50.0)
46: 236 239 240 245 249 (38.0)
