Name: 250-40-75
Time: 19.004535675048828 
Result: 33
Solution:  0 1 0 1 4 3 4 0 1 0 10 2 2 1 4 1 8 9 4 6 3 4 10 1 11 5 3 1 6 2 4 7 5 9 9 4 10 7 8 8 14 9 4 15 18 10 18 7 5 14 14 16 10 15 15 16 18 13 18 13 6 6 24 15 16 20 15 15 17 24 20 19 19 18 22 22 11 19 21 21 21 13 20 24 22 21 18 12 17 20 18 21 20 23 22 24 26 22 23 23 25 24 22 23 32 34 26 28 26 31 23 33 26 27 26 25 28 29 30 34 21 38 30 31 25 34 30 27 35 35 30 32 29 34 36 26 32 35 26 33 41 40 38 36 34 30 30 35 37 39 38 29 47 46 30 39 39 39 39 43 47 36 40 38 41 37 42 42 44 39 43 40 41 44 41 45 53 49 36 42 49 40 40 45 52 49 37 40 46 45 47 49 56 48 43 46 55 50 48 53 45 50 47 54 51 50 44 49 50 58 50 51 54 52 55 50 52 48 47 48 54 55 51 50 57 52 53 52 54 56 51 56 51 54 59 58 50 58 57 55 52 59 54 57 59 58 56 58 56 59
0: 0 2 7 9 (42.0)
1: 1 3 8 13 15 23 27 (48.0)
2: 11 12 29 (52.0)
3: 5 20 26 (48.0)
4: 4 6 14 18 21 30 35 42 (43.0)
5: 25 32 48 (43.0)
6: 19 28 60 61 (56.0)
7: 31 37 47 (60.0)
8: 16 38 39 (44.0)
9: 17 33 34 41 (45.0)
10: 10 22 36 45 52 (45.0)
11: 24 76 (56.0)
12: 87 (42.0)
13: 57 59 81 (43.0)
14: 40 49 50 (43.0)
15: 43 53 54 63 66 67 (46.0)
16: 51 55 64 (54.0)
17: 68 88 (44.0)
18: 44 46 56 58 73 86 90 (46.0)
19: 71 72 77 (49.0)
20: 65 70 82 89 92 (50.0)
21: 78 79 80 85 91 120 (45.0)
22: 74 75 84 94 97 102 (42.0)
23: 93 98 99 103 110 (67.0)
24: 62 69 83 95 101 (64.0)
25: 100 115 124 (48.0)
26: 96 106 108 112 114 135 138 (57.0)
27: 113 127 (47.0)
28: 107 116 (65.0)
29: 117 132 151 (51.0)
30: 118 122 126 130 145 146 154 (62.0)
31: 109 123 (48.0)
32: 104 131 136 (71.0)
33: 111 139 (44.0)
34: 105 119 125 133 144 (58.0)
35: 128 129 137 147 (69.0)
36: 134 143 161 178 (61.0)
37: 148 165 186 (52.0)
38: 121 142 150 163 (66.0)
39: 149 155 156 157 158 169 (72.0)
40: 141 162 171 181 182 187 (75.0)
41: 140 164 172 174 (75.0)
42: 166 167 179 (63.0)
43: 159 170 194 (74.0)
44: 168 173 206 (61.0)
45: 175 183 189 200 (74.0)
46: 153 188 195 (75.0)
47: 152 160 190 202 218 (74.0)
48: 193 198 217 219 (72.0)
49: 177 180 185 191 207 (52.0)
50: 197 201 205 208 210 215 223 236 (75.0)
51: 204 211 222 230 232 (74.0)
52: 184 213 216 225 227 240 (75.0)
53: 176 199 226 (75.0)
54: 203 212 220 228 233 242 (75.0)
55: 196 214 221 239 (68.0)
56: 192 229 231 246 248 (60.0)
57: 224 238 243 (68.0)
58: 209 235 237 245 247 (75.0)
59: 234 241 244 249 (67.0)
