Name: 250-20-30
Time: 7.851226806640625 
Result: 1011
Solution:  4 3 0 0 8 1 0 4 1 0 1 1 0 2 8 3 2 8 4 2 2 8 13 6 3 7 12 10 4 5 10 10 8 10 10 5 5 12 10 7 14 11 17 6 14 8 12 6 13 12 12 9 9 10 10 14 12 12 14 13 11 12 12 13 17 18 20 16 12 22 23 18 22 17 12 15 21 20 12 19 18 24 19 20 16 17 19 24 16 17 20 15 26 22 22 23 23 24 20 24 25 27 28 21 26 18 26 30 29 31 24 20 27 28 28 20 24 32 21 24 27 38 25 37 28 27 22 32 29 38 31 34 30 33 38 31 35 38 33 25 36 36 31 40 36 31 41 39 35 37 36 33 37 42 34 39 32 42 40 41 34 39 38 46 44 43 44 34 42 43 34 38 43 40 40 45 45 46 37 44 47 43 42 49 50 46 44 46 49 43 51 47 44 48 44 39 49 51 55 41 55 51 44 49 52 43 51 49 47 58 46 55 59 45 51 52 57 53 59 50 54 49 47 50 56 48 55 55 51 54 57 54 58 57 54 59 59 57 59 56 58 56 58 58 56 59 58 54 57 53
0: 2 3 6 9 12 (26.0)
1: 5 8 10 11 (22.0)
2: 13 16 19 20 (21.0)
3: 1 15 24 (22.0)
4: 0 7 18 28 (21.0)
5: 29 35 36 (23.0)
6: 23 43 47 (20.0)
7: 25 39 (20.0)
8: 4 14 17 21 32 45 (20.0)
9: 51 52 (29.0)
10: 27 30 31 33 34 38 53 54 (20.0)
11: 41 60 (24.0)
12: 26 37 46 49 50 56 57 61 62 68 74 78 (20.0)
13: 22 48 59 63 (22.0)
14: 40 44 55 58 (28.0)
15: 75 91 (29.0)
16: 67 84 88 (25.0)
17: 42 64 73 85 89 (21.0)
18: 65 71 80 105 (23.0)
19: 79 82 86 (20.0)
20: 66 77 83 90 98 111 115 (20.0)
21: 76 103 118 (28.0)
22: 69 72 93 94 126 (22.0)
23: 70 95 96 (24.0)
24: 81 87 97 99 110 116 119 (26.0)
25: 100 122 139 (23.0)
26: 92 104 106 (26.0)
27: 101 112 120 125 (22.0)
28: 102 113 114 124 (24.0)
29: 108 128 (22.0)
30: 107 132 (23.0)
31: 109 130 135 142 145 (21.0)
32: 117 127 156 (23.0)
33: 133 138 151 (21.0)
34: 131 154 160 167 170 (25.0)
35: 136 148 (20.0)
36: 140 141 144 150 (30.0)
37: 123 149 152 178 (22.0)
38: 121 129 134 137 162 171 (27.0)
39: 147 155 161 195 (30.0)
40: 143 158 173 174 (30.0)
41: 146 159 199 (28.0)
42: 153 157 168 182 (29.0)
43: 165 169 172 181 189 205 (24.0)
44: 164 166 179 186 192 194 202 (30.0)
45: 175 176 213 (30.0)
46: 163 177 185 187 210 (30.0)
47: 180 191 208 222 (26.0)
48: 193 225 (20.0)
49: 183 188 196 203 207 221 (25.0)
50: 184 219 223 (26.0)
51: 190 197 201 206 214 228 (29.0)
52: 204 215 (31.0)
53: 217 249 (25.0)
54: 220 229 231 234 247 (25.0)
55: 198 200 211 226 227 (24.0)
56: 224 239 241 244 (30.0)
57: 216 230 233 237 248 (30.0)
58: 209 232 240 242 243 246 (29.0)
59: 212 218 235 236 238 245 (30.0)
