Name: 250-20-30
Time: 15.934712886810303 
Result: 11
Solution:  3 3 2 1 2 3 4 4 3 0 2 2 1 2 1 0 0 3 2 3 10 7 2 4 1 7 13 11 7 9 4 3 6 15 9 5 10 17 4 6 6 9 11 12 14 11 12 8 10 15 13 8 5 10 11 13 16 11 9 13 12 10 12 10 18 17 19 16 13 15 11 21 17 17 15 20 14 13 19 23 23 24 22 24 18 17 19 24 17 17 23 16 15 22 22 24 19 24 31 22 20 27 27 21 25 21 26 26 27 30 36 26 31 33 33 30 30 29 22 23 36 39 28 27 31 25 26 32 24 37 30 30 28 30 34 30 32 34 36 25 35 31 40 29 38 39 34 35 41 44 36 34 36 36 41 35 40 32 39 40 34 39 39 38 44 42 42 43 37 45 39 33 44 39 41 47 43 43 39 44 49 44 47 42 46 46 42 42 45 45 47 46 45 48 49 50 54 52 45 48 56 56 44 48 52 56 57 47 52 49 51 53 57 45 54 51 55 52 50 51 50 56 57 54 50 57 49 55 55 55 59 57 54 58 54 59 55 56 54 58 53 50 57 58 58 59 55 54 58 53
0: 9 15 16 (26.0)
1: 3 12 14 24 (23.0)
2: 2 4 10 11 13 18 22 (27.0)
3: 0 1 5 8 17 19 31 (26.0)
4: 6 7 23 30 38 (23.0)
5: 35 52 (22.0)
6: 32 39 40 (25.0)
7: 21 25 28 (20.0)
8: 47 51 (21.0)
9: 29 34 41 58 (23.0)
10: 20 36 48 53 61 63 (22.0)
11: 27 42 45 54 57 70 (21.0)
12: 43 46 60 62 (25.0)
13: 26 50 55 59 68 77 (21.0)
14: 44 76 (23.0)
15: 33 49 69 74 92 (21.0)
16: 56 67 91 (22.0)
17: 37 65 72 73 85 88 89 (20.0)
18: 64 84 (22.0)
19: 66 78 86 96 (25.0)
20: 75 100 (25.0)
21: 71 103 105 (25.0)
22: 82 93 94 99 118 (27.0)
23: 79 80 90 119 (25.0)
24: 81 83 87 95 97 128 (24.0)
25: 104 125 139 (22.0)
26: 106 107 111 126 (22.0)
27: 101 102 108 123 (28.0)
28: 122 132 (24.0)
29: 117 143 (27.0)
30: 109 115 116 130 131 133 135 (24.0)
31: 98 112 124 141 (24.0)
32: 127 136 157 (21.0)
33: 113 114 171 (22.0)
34: 134 137 146 151 160 (23.0)
35: 140 147 155 (25.0)
36: 110 120 138 150 152 153 (24.0)
37: 129 168 (24.0)
38: 144 163 (31.0)
39: 121 145 158 161 162 170 173 178 (21.0)
40: 142 156 159 (21.0)
41: 148 154 174 (22.0)
42: 165 166 183 186 187 (21.0)
43: 167 176 177 (30.0)
44: 149 164 172 179 181 202 (23.0)
45: 169 188 189 192 198 213 (27.0)
46: 184 185 191 (29.0)
47: 175 182 190 207 (30.0)
48: 193 199 203 (24.0)
49: 180 194 209 226 (30.0)
50: 195 218 220 224 241 (30.0)
51: 210 215 219 (29.0)
52: 197 204 208 217 (30.0)
53: 211 240 249 (30.0)
54: 196 214 223 232 234 238 247 (30.0)
55: 216 227 228 229 236 246 (25.0)
56: 200 201 205 221 237 (28.0)
57: 206 212 222 225 231 242 (27.0)
58: 233 239 243 244 248 (30.0)
59: 230 235 245 (24.0)
