Name: 250-20-30
Time: 17.11042022705078 
Result: 10
Solution:  5 3 2 1 0 0 0 4 3 1 5 1 5 3 8 2 4 10 3 7 6 3 13 4 2 14 8 8 5 0 7 3 8 8 10 7 9 12 3 10 16 13 7 1 11 8 11 12 7 11 12 10 6 12 13 13 13 11 12 14 20 16 14 9 17 13 18 16 13 17 25 9 17 23 11 18 22 18 11 20 19 17 19 23 15 17 19 25 26 17 21 16 15 24 21 22 24 24 29 23 21 25 23 21 25 18 26 26 32 23 27 23 30 29 30 28 28 31 25 22 35 37 29 27 28 35 29 32 29 34 33 36 27 33 35 33 39 38 38 35 36 33 28 31 40 33 33 36 38 42 36 46 35 36 39 43 33 46 43 41 39 40 36 37 40 42 38 37 44 44 36 34 45 42 42 36 47 42 37 45 51 41 46 42 48 45 46 46 49 45 54 44 43 49 54 48 45 49 53 41 49 53 42 50 52 45 57 49 51 59 50 58 57 50 55 51 57 54 52 55 53 58 56 57 52 47 54 55 55 54 59 55 55 57 55 58 53 58 53 57 50 50 59 59 56 59 58 58 57 56
0: 4 5 6 29 (23.0)
1: 3 9 11 43 (23.0)
2: 2 15 24 (23.0)
3: 1 8 13 18 21 31 38 (20.0)
4: 7 16 23 (23.0)
5: 0 10 12 28 (22.0)
6: 20 52 (21.0)
7: 19 30 35 42 48 (23.0)
8: 14 26 27 32 33 45 (21.0)
9: 36 63 71 (21.0)
10: 17 34 39 51 (25.0)
11: 44 46 49 57 74 78 (20.0)
12: 37 47 50 53 58 (20.0)
13: 22 41 54 55 56 65 68 (21.0)
14: 25 59 62 (22.0)
15: 84 92 (20.0)
16: 40 61 67 91 (28.0)
17: 64 69 72 81 85 89 (23.0)
18: 66 75 77 105 (23.0)
19: 80 82 86 (23.0)
20: 60 79 (25.0)
21: 90 94 100 103 (29.0)
22: 76 95 119 (21.0)
23: 73 83 99 102 109 111 (21.0)
24: 93 96 97 (26.0)
25: 70 87 101 104 118 (24.0)
26: 88 106 107 (21.0)
27: 110 123 132 (29.0)
28: 115 116 124 142 (21.0)
29: 98 113 122 126 128 (21.0)
30: 112 114 (20.0)
31: 117 143 (27.0)
32: 108 127 (20.0)
33: 130 133 135 141 145 146 156 (22.0)
34: 129 171 (22.0)
35: 120 125 134 139 152 (24.0)
36: 131 140 147 150 153 162 170 175 (28.0)
37: 121 163 167 178 (26.0)
38: 137 138 148 166 (24.0)
39: 136 154 160 (21.0)
40: 144 161 164 (28.0)
41: 159 181 199 (29.0)
42: 149 165 173 174 177 183 202 (28.0)
43: 155 158 192 (24.0)
44: 168 169 191 (23.0)
45: 172 179 185 189 196 205 (25.0)
46: 151 157 182 186 187 (30.0)
47: 176 225 (30.0)
48: 184 195 (29.0)
49: 188 193 197 200 207 (29.0)
50: 203 210 213 240 241 (29.0)
51: 180 208 215 (30.0)
52: 204 218 224 (30.0)
53: 198 201 220 236 238 (29.0)
54: 190 194 217 226 229 (30.0)
55: 214 219 227 228 231 232 234 (29.0)
56: 222 244 249 (30.0)
57: 206 212 216 223 233 239 248 (30.0)
58: 211 221 235 237 246 247 (27.0)
59: 209 230 242 243 245 (30.0)
