Name: 250-40-75
Time: 8.410778999328613 
Result: 32
Solution:  0 1 0 2 8 4 8 1 1 2 9 3 7 1 4 1 5 8 3 3 0 3 12 4 7 3 5 4 5 5 1 2 5 17 9 8 6 2 2 15 11 9 6 4 17 16 17 6 18 16 10 13 8 16 12 10 16 10 14 15 21 8 19 12 14 19 18 16 12 16 20 9 11 16 17 16 14 21 23 20 19 19 20 21 24 23 18 13 18 20 19 23 22 19 22 22 26 23 21 26 25 25 19 28 31 30 24 30 23 32 23 27 24 33 19 24 25 28 32 30 23 37 31 29 23 35 26 28 33 37 33 36 27 39 34 24 34 30 29 40 36 41 29 38 39 30 33 37 35 39 35 32 42 44 31 44 39 40 41 41 46 32 42 40 38 34 42 43 35 39 46 39 40 44 44 43 48 45 50 42 49 40 44 46 54 44 41 50 38 47 39 45 53 51 44 45 52 45 50 49 47 52 48 48 51 52 57 49 49 51 59 52 53 48 47 51 56 47 46 53 56 54 53 51 55 59 53 58 54 56 54 51 55 54 55 53 51 57 57 59 58 59 58 58 59 58 56 57 56 57
0: 0 2 20 (50.0)
1: 1 7 8 13 15 30 (46.0)
2: 3 9 31 37 38 (49.0)
3: 11 18 19 21 25 (49.0)
4: 5 14 23 27 43 (47.0)
5: 16 26 28 29 32 (47.0)
6: 36 42 47 (45.0)
7: 12 24 (50.0)
8: 4 6 17 35 52 61 (55.0)
9: 10 34 41 71 (58.0)
10: 50 55 57 (45.0)
11: 40 72 (48.0)
12: 22 54 63 68 (44.0)
13: 51 87 (45.0)
14: 58 64 76 (65.0)
15: 39 59 (44.0)
16: 45 49 53 56 67 69 73 75 (47.0)
17: 33 44 46 74 (43.0)
18: 48 66 86 88 (59.0)
19: 62 65 80 81 90 93 102 114 (45.0)
20: 70 79 82 89 (44.0)
21: 60 77 83 98 (49.0)
22: 92 94 95 (48.0)
23: 78 85 91 97 108 110 120 124 (51.0)
24: 84 106 112 115 135 (46.0)
25: 100 101 116 (59.0)
26: 96 99 126 (64.0)
27: 111 132 (45.0)
28: 103 117 127 (43.0)
29: 123 138 142 (44.0)
30: 105 107 119 137 145 (69.0)
31: 104 122 154 (48.0)
32: 109 118 151 161 (70.0)
33: 113 128 130 146 (54.0)
34: 134 136 165 (55.0)
35: 125 148 150 168 (63.0)
36: 131 140 (61.0)
37: 121 129 147 (65.0)
38: 143 164 188 (61.0)
39: 133 144 149 156 169 171 190 (71.0)
40: 139 157 163 172 181 (73.0)
41: 141 158 159 186 (74.0)
42: 152 162 166 179 (64.0)
43: 167 175 (63.0)
44: 153 155 173 174 182 185 194 (75.0)
45: 177 191 195 197 (68.0)
46: 160 170 183 218 (73.0)
47: 189 200 214 217 (71.0)
48: 176 202 203 213 (72.0)
49: 180 199 207 208 (57.0)
50: 178 187 198 (60.0)
51: 193 204 209 215 223 231 236 (69.0)
52: 196 201 205 211 (70.0)
53: 192 212 219 222 226 235 (75.0)
54: 184 221 228 230 233 (74.0)
55: 224 232 234 (70.0)
56: 216 220 229 246 248 (74.0)
57: 206 237 238 247 249 (74.0)
58: 227 240 242 243 245 (75.0)
59: 210 225 239 241 244 (73.0)
