Name: 250-50-100
Time: 15.24179482460022 
Result: 47
Solution:  5 6 0 1 0 3 0 1 1 7 2 5 1 1 8 3 2 8 0 10 1 6 12 0 3 4 9 7 0 4 7 7 6 1 5 8 8 7 2 4 12 9 11 7 8 7 5 14 1 6 11 6 10 13 15 13 9 2 9 9 10 14 12 7 13 6 13 9 18 16 14 17 14 10 12 18 13 9 11 15 23 11 13 24 23 22 22 10 22 24 16 16 14 16 17 23 16 18 26 11 15 26 18 22 17 21 17 28 23 21 24 21 21 19 26 24 23 22 27 18 25 24 28 23 20 25 27 27 17 22 20 19 32 25 26 22 32 31 24 29 22 24 29 19 26 28 25 29 28 35 30 30 28 26 27 30 31 31 30 26 33 33 29 34 36 31 34 34 26 32 34 36 28 31 25 35 30 32 35 32 34 33 31 32 39 32 43 41 45 36 38 40 36 39 37 42 44 40 39 40 37 41 46 38 42 37 41 42 38 39 49 43 35 47 44 45 47 43 35 37 44 35 43 42 48 46 42 41 41 45 49 46 48 43 49 43 48 39 47 47 47 47 46 48 48 44 48 45 43 45
0: 2 4 6 18 23 28 (62.0)
1: 3 7 8 12 13 20 33 48 (52.0)
2: 10 16 38 57 (57.0)
3: 5 15 24 (58.0)
4: 25 29 39 (59.0)
5: 0 11 34 46 (62.0)
6: 1 21 32 49 51 65 (54.0)
7: 9 27 30 31 37 43 45 63 (59.0)
8: 14 17 35 36 44 (66.0)
9: 26 41 56 58 59 67 77 (56.0)
10: 19 52 60 73 87 (57.0)
11: 42 50 78 81 99 (69.0)
12: 22 40 62 74 (53.0)
13: 53 55 64 66 76 82 (70.0)
14: 47 61 70 72 92 (63.0)
15: 54 79 100 (54.0)
16: 69 90 91 93 96 (58.0)
17: 71 94 104 106 128 (52.0)
18: 68 75 97 102 119 (78.0)
19: 113 131 143 (71.0)
20: 124 130 (60.0)
21: 105 109 111 112 (70.0)
22: 85 86 88 103 117 129 135 140 (93.0)
23: 80 84 95 108 116 123 (76.0)
24: 83 89 110 115 121 138 141 (93.0)
25: 120 125 133 146 174 (81.0)
26: 98 101 114 134 144 153 159 168 (96.0)
27: 118 126 127 154 (71.0)
28: 107 122 145 148 152 172 (64.0)
29: 139 142 147 162 (85.0)
30: 150 151 155 158 176 (91.0)
31: 137 156 157 165 173 182 (79.0)
32: 132 136 169 177 179 183 185 (68.0)
33: 160 161 181 (63.0)
34: 163 166 167 170 180 (97.0)
35: 149 175 178 212 218 221 (64.0)
36: 164 171 189 192 (70.0)
37: 194 200 205 219 (84.0)
38: 190 203 208 (60.0)
39: 184 193 198 209 237 (77.0)
40: 191 197 199 (79.0)
41: 187 201 206 227 228 (88.0)
42: 195 204 207 223 226 (99.0)
43: 186 211 217 222 233 235 248 (91.0)
44: 196 214 220 245 (78.0)
45: 188 215 229 247 249 (99.0)
46: 202 225 231 242 (99.0)
47: 213 216 238 239 240 241 (99.0)
48: 224 232 236 243 244 246 (95.0)
49: 210 230 234 (98.0)
