Name: 250-30-50
Time: 7.678673505783081 
Result: 19
Solution:  5 0 0 0 3 4 9 3 2 0 1 1 4 1 2 3 5 0 0 4 2 0 3 8 1 9 7 7 0 5 5 4 11 3 6 14 6 6 8 5 11 9 8 4 4 3 10 2 4 8 18 9 13 10 6 13 11 18 5 10 12 12 12 17 16 12 7 9 8 10 11 5 11 16 18 13 17 15 13 8 14 9 9 16 16 20 17 15 18 19 18 12 19 17 19 23 14 16 23 10 19 16 28 23 12 20 17 15 17 17 24 22 22 22 19 17 31 29 27 15 24 26 24 21 24 18 29 30 25 27 21 27 24 27 24 28 30 31 22 30 29 24 21 21 32 25 36 26 33 33 27 31 29 26 23 29 30 36 32 26 28 32 28 31 24 32 25 31 33 32 29 34 35 37 29 34 28 30 37 35 32 34 29 34 39 37 35 37 34 38 36 36 34 36 35 42 31 39 37 38 38 40 41 39 36 39 44 33 40 43 41 34 43 37 44 39 41 43 41 39 42 43 38 43 42 45 43 38 45 41 44 38 40 43 43 42 46 46 44 45 46 45 43 41 40 45 46 44 42 45
0: 1 2 3 9 17 18 21 28 (37.0)
1: 10 11 13 24 (33.0)
2: 8 14 20 47 (31.0)
3: 4 7 15 22 33 45 (37.0)
4: 5 12 19 31 43 44 48 (35.0)
5: 0 16 29 30 39 58 71 (32.0)
6: 34 36 37 54 (39.0)
7: 26 27 66 (32.0)
8: 23 38 42 49 68 79 (31.0)
9: 6 25 41 51 67 81 82 (41.0)
10: 46 53 59 69 99 (32.0)
11: 32 40 56 70 72 (40.0)
12: 60 61 62 65 91 104 (32.0)
13: 52 55 75 78 (36.0)
14: 35 80 96 (40.0)
15: 77 87 107 119 (38.0)
16: 64 73 83 84 97 101 (35.0)
17: 63 76 86 93 106 108 109 115 (40.0)
18: 50 57 74 88 90 125 (38.0)
19: 89 92 94 100 114 (50.0)
20: 85 105 (32.0)
21: 123 130 142 143 (39.0)
22: 111 112 113 138 (41.0)
23: 95 98 103 154 (38.0)
24: 110 120 122 124 132 134 141 164 (32.0)
25: 128 145 166 (34.0)
26: 121 147 153 159 (34.0)
27: 118 129 131 133 150 (42.0)
28: 102 135 160 162 176 (38.0)
29: 117 126 140 152 155 170 174 182 (42.0)
30: 127 136 139 156 177 (35.0)
31: 116 137 151 163 167 196 (40.0)
32: 144 158 161 165 169 180 (50.0)
33: 148 149 168 207 (42.0)
34: 171 175 181 183 188 192 211 (40.0)
35: 172 179 186 194 (38.0)
36: 146 157 190 191 193 204 (42.0)
37: 173 178 185 187 198 213 (40.0)
38: 189 199 200 222 227 231 (48.0)
39: 184 197 203 205 215 219 (44.0)
40: 201 208 232 244 (39.0)
41: 202 210 216 218 229 243 (34.0)
42: 195 220 224 235 248 (42.0)
43: 209 212 217 221 223 226 233 234 242 (46.0)
44: 206 214 230 238 247 (36.0)
45: 225 228 239 241 245 249 (50.0)
46: 236 237 240 246 (50.0)
