Name: 250-30-50
Time: 15.486117601394653 
Result: 17
Solution:  4 2 3 0 3 0 8 1 1 8 1 2 2 1 1 5 4 4 0 1 3 4 4 6 2 3 2 9 5 6 0 6 6 5 7 11 6 6 4 6 7 10 8 9 2 13 11 5 9 7 4 10 8 9 5 10 11 12 4 8 14 15 12 8 15 12 20 5 7 13 14 13 8 16 16 9 17 14 16 12 9 10 10 12 12 19 16 15 19 13 16 13 24 20 18 23 14 21 21 13 18 17 22 20 21 17 16 13 15 13 21 22 26 19 29 17 27 22 22 23 25 28 24 19 25 22 29 22 26 27 24 18 21 27 21 25 33 25 20 25 27 20 28 21 30 27 31 30 28 29 29 29 22 23 26 38 27 34 25 29 31 32 33 32 32 32 32 33 31 29 30 35 31 39 43 33 25 31 33 37 38 36 38 34 34 35 38 33 40 35 35 38 30 34 39 39 41 33 37 38 31 39 44 39 39 34 44 36 38 44 43 39 43 40 36 34 36 44 41 45 39 39 44 44 42 43 42 40 42 41 40 40 37 44 44 44 45 46 43 46 46 45 45 41 42 46 40 45 44 45
0: 3 5 18 30 (36.0)
1: 7 8 10 13 14 19 (36.0)
2: 1 11 12 24 26 44 (40.0)
3: 2 4 20 25 (38.0)
4: 0 16 17 21 22 38 50 58 (33.0)
5: 15 28 33 47 54 67 (32.0)
6: 23 29 31 32 36 37 39 (33.0)
7: 34 40 49 68 (34.0)
8: 6 9 42 52 59 63 72 (35.0)
9: 27 43 48 53 75 80 (41.0)
10: 41 51 55 81 82 (34.0)
11: 35 46 56 (34.0)
12: 57 62 65 79 83 84 (32.0)
13: 45 69 71 89 91 99 107 109 (35.0)
14: 60 70 77 96 (32.0)
15: 61 64 87 108 (35.0)
16: 73 74 78 86 90 106 (40.0)
17: 76 101 105 115 (36.0)
18: 94 100 131 (37.0)
19: 85 88 113 123 (39.0)
20: 66 93 103 138 141 (44.0)
21: 97 98 104 110 132 134 143 (36.0)
22: 102 111 117 118 125 127 152 (39.0)
23: 95 119 153 (35.0)
24: 92 122 130 (42.0)
25: 120 124 135 137 139 158 176 (46.0)
26: 112 128 154 (35.0)
27: 116 129 133 140 145 156 (45.0)
28: 121 142 148 (32.0)
29: 114 126 149 150 151 159 169 (47.0)
30: 144 147 170 192 (36.0)
31: 146 160 168 172 177 200 (34.0)
32: 161 163 164 165 166 (39.0)
33: 136 162 167 175 178 187 197 (44.0)
34: 157 183 184 193 205 215 (46.0)
35: 171 185 189 190 (38.0)
36: 181 207 214 216 (37.0)
37: 179 198 232 (39.0)
38: 155 180 182 186 191 199 208 (40.0)
39: 173 194 195 201 203 204 211 220 221 (49.0)
40: 188 213 227 230 231 246 (44.0)
41: 196 218 229 243 (39.0)
42: 224 226 228 244 (35.0)
43: 174 210 212 225 238 (49.0)
44: 202 206 209 217 222 223 233 234 235 248 (49.0)
45: 219 236 241 242 247 249 (41.0)
46: 237 239 240 245 (45.0)
