Name: 250-60-125
Time: 8.210845470428467 
Result: 60
Solution:  1 2 0 1 1 1 1 1 4 6 5 1 6 5 7 5 8 2 0 2 6 5 3 5 3 5 8 6 3 3 7 3 0 12 9 11 8 15 10 10 12 12 7 13 14 7 4 7 8 9 4 13 12 6 15 10 14 17 12 16 21 9 13 17 17 10 18 9 11 13 14 19 16 14 17 17 25 12 18 19 24 20 19 15 13 18 21 18 20 23 23 25 21 17 19 18 23 18 19 27 20 25 23 22 24 26 26 28 24 27 26 28 24 20 25 32 29 37 35 22 25 31 33 29 27 30 40 31 26 33 30 35 26 33 32 33 37 33 32 30 31 36 29 39 44 42 42 34 37 38 33 35 34 32 38 36 42 35 36 34 48 39 40 40 33 37 37 38 34 43 42 49 43 43 36 42 48 43 41 39 45 46 41 41 52 45 50 47 46 40 49 44 46 46 51 51 48 44 47 43 57 48 47 45 52 49 56 47 49 57 54 52 53 50 53 56 49 54 48 50 56 50 50 51 55 53 58 54 49 58 55 53 57 56 59 58 55 59 54 60 55 60 59 57 56 60 55 57 58 60
0: 2 18 32 (67.0)
1: 0 3 4 5 6 7 11 (87.0)
2: 1 17 19 (65.0)
3: 22 24 28 29 31 (71.0)
4: 8 46 50 (68.0)
5: 10 13 15 21 23 25 (93.0)
6: 9 12 20 27 53 (95.0)
7: 14 30 42 45 47 (93.0)
8: 16 26 36 48 (79.0)
9: 34 49 61 67 (78.0)
10: 38 39 55 65 (67.0)
11: 35 68 (81.0)
12: 33 40 41 52 58 77 (74.0)
13: 43 51 62 69 84 (97.0)
14: 44 56 70 73 (68.0)
15: 37 54 83 (65.0)
16: 59 72 (87.0)
17: 57 63 64 74 75 93 (77.0)
18: 66 78 85 87 95 97 (72.0)
19: 71 79 82 94 98 (81.0)
20: 81 88 100 113 (82.0)
21: 60 86 92 (68.0)
22: 103 119 (67.0)
23: 89 90 96 102 (82.0)
24: 80 104 108 112 (103.0)
25: 76 91 101 114 120 (83.0)
26: 105 106 110 128 132 (77.0)
27: 99 109 124 (97.0)
28: 107 111 (72.0)
29: 116 123 142 (125.0)
30: 125 130 139 (93.0)
31: 121 127 140 (84.0)
32: 115 134 138 153 (92.0)
33: 122 129 133 135 137 150 164 (123.0)
34: 147 152 159 168 (103.0)
35: 118 131 151 157 (113.0)
36: 141 155 158 174 (96.0)
37: 117 136 148 165 166 (95.0)
38: 149 154 167 (96.0)
39: 143 161 179 (91.0)
40: 126 162 163 189 (109.0)
41: 178 182 183 (96.0)
42: 145 146 156 170 175 (124.0)
43: 169 172 173 177 199 (124.0)
44: 144 191 197 (89.0)
45: 180 185 203 (125.0)
46: 181 188 192 193 (84.0)
47: 187 198 202 207 (99.0)
48: 160 176 196 201 218 (125.0)
49: 171 190 205 208 216 228 (111.0)
50: 186 213 219 221 222 (125.0)
51: 194 195 223 (97.0)
52: 184 204 211 (125.0)
53: 212 214 225 231 (124.0)
54: 210 217 227 238 (110.0)
55: 224 230 236 240 246 (124.0)
56: 206 215 220 233 244 (125.0)
57: 200 209 232 243 247 (88.0)
58: 226 229 235 248 (125.0)
59: 234 237 242 (123.0)
60: 239 241 245 249 (125.0)
