Name: 250-60-125
Time: 8.330819368362427 
Result: 59
Solution:  3 3 0 1 1 2 10 0 1 6 4 2 3 6 6 4 9 2 0 2 7 8 7 3 0 2 6 3 8 7 6 7 2 15 8 8 8 12 14 10 10 9 18 9 12 7 11 16 11 16 4 13 20 4 16 13 14 17 10 11 15 14 14 7 16 23 19 14 15 12 10 10 18 19 21 17 22 19 19 21 21 24 20 17 13 17 17 20 24 20 25 23 18 19 20 17 26 24 20 26 28 25 24 22 23 31 24 31 25 28 23 32 22 20 23 34 29 30 21 30 30 32 34 24 27 28 35 27 26 25 31 29 29 34 28 28 38 40 34 38 33 33 31 30 32 39 37 33 36 39 30 39 35 29 38 36 37 39 35 42 46 42 40 44 36 37 39 42 34 45 42 39 44 44 39 43 40 35 43 43 45 45 53 41 41 40 46 49 47 47 49 46 50 46 51 48 55 48 50 46 58 49 45 47 52 50 58 43 50 52 49 53 51 49 57 56 50 55 59 53 54 53 56 47 57 59 52 50 51 58 60 60 52 52 54 55 57 51 59 59 57 60 59 59 56 60 59 58 56 59
0: 2 7 18 24 (66.0)
1: 3 4 8 (71.0)
2: 5 11 17 19 25 32 (108.0)
3: 0 1 12 23 27 (84.0)
4: 10 15 50 53 (114.0)
5: (0.0)
6: 9 13 14 26 30 (82.0)
7: 20 22 29 31 45 63 (72.0)
8: 21 28 34 35 36 (70.0)
9: 16 41 43 (68.0)
10: 6 39 40 58 70 71 (78.0)
11: 46 48 59 (72.0)
12: 37 44 69 (72.0)
13: 51 55 84 (79.0)
14: 38 56 61 62 67 (73.0)
15: 33 60 68 (95.0)
16: 47 49 54 64 (75.0)
17: 57 75 83 85 86 95 (73.0)
18: 42 72 92 (81.0)
19: 66 73 77 78 93 (73.0)
20: 52 82 87 89 94 98 113 (76.0)
21: 74 79 80 118 (80.0)
22: 76 103 112 (89.0)
23: 65 91 104 110 114 (89.0)
24: 81 88 97 102 106 123 (106.0)
25: 90 101 108 129 (84.0)
26: 96 99 128 (87.0)
27: 124 127 (78.0)
28: 100 109 125 134 135 (104.0)
29: 116 131 132 153 (124.0)
30: 117 119 120 143 150 (104.0)
31: 105 107 130 142 (117.0)
32: 111 121 144 (72.0)
33: 140 141 147 (85.0)
34: 115 122 133 138 168 (122.0)
35: 126 152 158 177 (85.0)
36: 148 155 164 (106.0)
37: 146 156 165 (81.0)
38: 136 139 154 (109.0)
39: 145 149 151 157 166 171 174 (108.0)
40: 137 162 176 185 (122.0)
41: 183 184 (84.0)
42: 159 161 167 170 (102.0)
43: 175 178 179 207 (115.0)
44: 163 172 173 (111.0)
45: 169 180 181 202 (121.0)
46: 160 186 191 193 199 (108.0)
47: 188 189 203 223 (120.0)
48: 195 197 (98.0)
49: 187 190 201 210 213 (104.0)
50: 192 198 205 208 216 227 (125.0)
51: 194 212 228 237 (115.0)
52: 204 209 226 232 233 (125.0)
53: 182 211 219 221 (119.0)
54: 220 234 (84.0)
55: 196 217 235 (113.0)
56: 215 222 244 248 (123.0)
57: 214 224 236 240 (119.0)
58: 200 206 229 247 (125.0)
59: 218 225 238 239 242 243 246 249 (114.0)
60: 230 231 241 245 (125.0)
