Name: 250-40-75
Time: 16.156147480010986 
Result: 34
Solution:  0 1 0 8 5 2 7 3 4 7 1 4 11 0 5 3 2 0 4 8 1 0 10 6 8 4 7 7 7 8 5 6 9 15 5 4 2 2 7 9 12 10 4 10 11 5 15 3 14 12 10 13 16 5 18 9 11 16 17 15 20 8 20 19 13 21 20 16 14 18 16 17 21 18 19 26 12 18 22 18 24 16 13 23 24 21 24 22 17 24 15 24 19 19 29 23 28 22 23 20 25 25 18 28 21 27 27 25 19 27 26 32 24 26 22 30 29 26 37 31 21 33 28 26 34 31 27 28 35 27 33 39 32 33 35 31 31 34 32 41 33 34 29 35 37 33 30 36 34 38 35 42 30 45 38 42 45 40 37 41 43 34 38 38 41 49 41 40 39 39 43 47 43 41 40 42 52 41 40 36 45 45 49 46 53 48 42 50 47 50 45 44 53 46 45 44 48 48 47 51 51 48 49 47 56 47 54 51 44 51 52 54 54 57 55 51 51 46 49 53 55 56 56 58 55 49 53 52 53 54 48 58 52 57 57 54 59 57 59 59 56 59 59 57 56 58 58 50 53 58
0: 0 2 13 17 21 (46.0)
1: 1 10 20 (43.0)
2: 5 16 36 37 (42.0)
3: 7 15 47 (46.0)
4: 8 11 18 25 35 42 (45.0)
5: 4 14 30 34 45 53 (45.0)
6: 23 31 (45.0)
7: 6 9 26 27 28 38 (43.0)
8: 3 19 24 29 61 (54.0)
9: 32 39 55 (52.0)
10: 22 41 43 50 (41.0)
11: 12 44 56 (50.0)
12: 40 49 76 (60.0)
13: 51 64 82 (43.0)
14: 48 68 (44.0)
15: 33 46 59 90 (47.0)
16: 52 57 67 70 81 (43.0)
17: 58 71 88 (52.0)
18: 54 69 73 77 79 102 (43.0)
19: 63 74 92 93 108 (47.0)
20: 60 62 66 99 (68.0)
21: 65 72 85 104 120 (56.0)
22: 78 87 97 114 (58.0)
23: 83 95 98 (54.0)
24: 80 84 86 89 91 112 (53.0)
25: 100 101 107 (56.0)
26: 75 110 113 117 123 (55.0)
27: 105 106 109 126 129 (58.0)
28: 96 103 122 127 (55.0)
29: 94 116 142 (52.0)
30: 115 146 152 (45.0)
31: 119 125 135 136 (62.0)
32: 111 132 138 (57.0)
33: 121 130 133 140 145 (68.0)
34: 124 137 141 148 161 (65.0)
35: 128 134 143 150 (58.0)
36: 147 179 (58.0)
37: 118 144 158 (50.0)
38: 149 154 162 163 (72.0)
39: 131 168 169 (74.0)
40: 157 167 174 178 (74.0)
41: 139 159 164 166 173 177 (75.0)
42: 151 155 175 186 (73.0)
43: 160 170 172 (49.0)
44: 191 195 208 (59.0)
45: 153 156 180 181 190 194 (64.0)
46: 183 193 217 (71.0)
47: 171 188 198 203 205 (74.0)
48: 185 196 197 201 230 (62.0)
49: 165 182 202 218 225 (64.0)
50: 187 189 247 (59.0)
51: 199 200 207 209 215 216 (71.0)
52: 176 210 227 232 (75.0)
53: 184 192 219 226 228 248 (75.0)
54: 206 211 212 229 235 (75.0)
55: 214 220 224 (74.0)
56: 204 221 222 240 244 (73.0)
57: 213 233 234 237 243 (75.0)
58: 223 231 245 246 249 (73.0)
59: 236 238 239 241 242 (75.0)
