Name: 250-50-100
Time: 8.07755708694458 
Result: 47
Solution:  4 2 0 1 0 0 2 0 1 0 3 1 1 3 4 3 1 7 1 7 2 7 3 1 2 4 2 5 1 9 5 14 7 2 6 11 8 11 11 4 10 8 8 5 8 5 11 10 1 12 13 7 10 16 5 12 10 6 5 15 7 19 7 16 13 7 19 10 10 12 11 17 11 12 8 9 16 10 19 12 17 13 14 9 15 25 24 16 15 13 19 16 18 16 16 28 20 16 26 14 15 14 21 19 24 20 18 21 21 23 23 23 22 21 26 28 24 25 24 17 19 24 22 22 26 22 30 25 24 21 27 18 28 26 18 22 32 26 35 27 20 26 24 23 22 23 27 25 26 24 30 31 30 33 30 28 32 32 27 28 31 31 29 33 30 40 34 38 31 37 39 43 25 33 29 33 35 35 33 29 32 35 40 45 33 33 41 44 38 36 37 34 35 42 32 48 36 42 46 37 38 39 36 37 37 39 41 41 43 39 42 36 38 38 42 48 46 43 34 37 47 44 45 44 47 40 45 44 44 41 44 47 46 46 43 43 48 38 49 40 41 48 45 46 49 46 49 47 41 49
0: 2 4 5 7 9 (59.0)
1: 3 8 11 12 16 18 23 28 48 (53.0)
2: 1 6 20 24 26 33 (56.0)
3: 10 13 15 22 (61.0)
4: 0 14 25 39 (59.0)
5: 27 30 43 45 54 58 (56.0)
6: 34 57 (57.0)
7: 17 19 21 32 51 60 62 65 (65.0)
8: 36 41 42 44 74 (63.0)
9: 29 75 83 (62.0)
10: 40 47 52 56 67 68 77 (72.0)
11: 35 37 38 46 70 72 (72.0)
12: 49 55 69 73 79 (57.0)
13: 50 64 81 89 (75.0)
14: 31 82 99 101 (59.0)
15: 59 84 88 100 (65.0)
16: 53 63 76 87 91 93 94 97 (61.0)
17: 71 80 119 (54.0)
18: 92 106 131 134 (59.0)
19: 61 66 78 90 103 120 (84.0)
20: 96 105 140 (60.0)
21: 102 107 108 113 129 (78.0)
22: 112 122 123 125 135 144 (71.0)
23: 109 110 111 143 145 (69.0)
24: 86 104 116 118 121 128 142 149 (83.0)
25: 85 117 127 147 172 (60.0)
26: 98 114 124 133 137 141 148 (96.0)
27: 130 139 146 158 (99.0)
28: 95 115 132 155 159 (71.0)
29: 162 174 179 (55.0)
30: 126 150 152 154 164 (76.0)
31: 151 160 161 168 (69.0)
32: 136 156 157 180 194 (84.0)
33: 153 163 173 175 178 184 185 (93.0)
34: 166 191 218 (71.0)
35: 138 176 177 181 192 (62.0)
36: 189 196 202 211 (67.0)
37: 169 190 199 203 204 219 (99.0)
38: 167 188 200 212 213 237 (71.0)
39: 170 201 205 209 (99.0)
40: 165 182 225 239 (87.0)
41: 186 206 207 229 240 248 (98.0)
42: 193 197 210 214 (86.0)
43: 171 208 217 234 235 (96.0)
44: 187 221 223 227 228 230 (97.0)
45: 183 222 226 242 (71.0)
46: 198 216 232 233 243 245 (100.0)
47: 220 224 231 247 (91.0)
48: 195 215 236 241 (100.0)
49: 238 244 246 249 (69.0)
