Name: 250-60-125
Time: 8.569507122039795 
Result: 61
Solution:  0 1 1 1 2 0 0 0 4 5 3 1 5 0 0 3 5 2 2 2 6 7 6 7 0 8 9 6 5 8 8 5 11 10 10 11 8 3 14 16 12 6 10 7 16 8 4 15 12 11 4 12 14 10 14 13 14 18 8 15 10 8 13 14 14 9 17 9 13 17 10 16 20 18 22 14 23 12 23 19 21 22 23 18 20 17 18 18 23 22 25 27 22 17 23 17 22 21 22 21 33 25 25 19 26 34 20 26 24 26 27 24 22 21 25 28 30 29 21 25 26 35 31 31 33 29 40 31 35 26 31 29 27 35 33 32 36 33 36 32 29 28 27 32 30 38 37 39 37 36 37 34 36 33 37 35 35 41 34 34 45 39 42 43 33 37 38 40 36 44 40 39 44 48 45 46 46 43 45 41 43 44 53 38 45 42 49 42 47 43 54 50 47 50 55 49 50 44 45 43 55 49 52 46 48 46 55 46 52 46 54 50 52 51 54 55 47 54 46 53 55 56 51 57 59 58 53 48 51 57 56 51 50 51 56 57 58 55 57 60 59 60 59 58 58 60 60 58 56 59
0: 0 5 6 7 13 14 24 (64.0)
1: 1 2 3 11 (74.0)
2: 4 17 18 19 (85.0)
3: 10 15 37 (92.0)
4: 8 46 50 (68.0)
5: 9 12 16 28 31 (67.0)
6: 20 22 27 41 (67.0)
7: 21 23 43 (72.0)
8: 25 29 30 36 45 58 61 (91.0)
9: 26 65 67 (70.0)
10: 33 34 42 53 60 70 (106.0)
11: 32 35 49 (74.0)
12: 40 48 51 77 (72.0)
13: 55 62 68 (75.0)
14: 38 52 54 56 63 64 75 (83.0)
15: 47 59 (76.0)
16: 39 44 71 (66.0)
17: 66 69 85 93 95 (66.0)
18: 57 73 83 86 87 (66.0)
19: 79 103 (70.0)
20: 72 84 106 (99.0)
21: 80 97 99 113 118 (104.0)
22: 74 81 89 92 96 98 112 (120.0)
23: 76 78 82 88 94 (74.0)
24: 108 111 (64.0)
25: 90 101 102 114 119 (71.0)
26: 104 107 109 120 129 (92.0)
27: 91 110 132 142 (89.0)
28: 115 141 (87.0)
29: 117 125 131 140 (106.0)
30: 116 144 (79.0)
31: 122 123 127 130 (123.0)
32: 135 139 143 (124.0)
33: 100 124 134 137 153 164 (125.0)
34: 105 151 158 159 (95.0)
35: 121 128 133 155 156 (122.0)
36: 136 138 149 152 168 (102.0)
37: 146 148 150 154 165 (125.0)
38: 145 166 183 (80.0)
39: 147 161 171 (70.0)
40: 126 167 170 (98.0)
41: 157 179 (80.0)
42: 162 185 187 (96.0)
43: 163 177 180 189 199 (124.0)
44: 169 172 181 197 (124.0)
45: 160 174 178 184 198 (123.0)
46: 175 176 203 205 207 209 218 (121.0)
47: 188 192 216 (90.0)
48: 173 204 227 (123.0)
49: 186 195 201 (115.0)
50: 191 193 196 211 232 (93.0)
51: 213 222 228 231 233 (83.0)
52: 202 208 212 (111.0)
53: 182 219 226 (90.0)
54: 190 210 214 217 (125.0)
55: 194 200 206 215 220 237 (125.0)
56: 221 230 234 248 (122.0)
57: 223 229 235 238 (123.0)
58: 225 236 243 244 247 (118.0)
59: 224 240 242 249 (123.0)
60: 239 241 245 246 (122.0)
