Name: 250-30-50
Time: 7.9537694454193115 
Result: 18
Solution:  6 2 0 0 8 2 6 3 5 3 5 0 1 0 1 1 3 6 0 1 1 3 3 3 4 2 4 13 0 3 5 7 8 7 9 13 4 4 6 6 5 2 8 11 6 11 13 3 9 6 9 10 13 10 7 14 7 11 3 12 11 12 11 17 12 7 8 12 16 10 9 6 14 11 17 13 16 20 15 11 10 17 14 18 16 19 16 18 16 18 17 12 12 21 20 28 14 17 20 16 21 16 13 23 20 19 20 18 16 17 23 23 24 22 20 17 26 25 27 15 26 24 23 22 23 18 27 20 24 28 26 22 20 27 23 33 31 27 29 20 28 23 25 25 31 21 35 27 31 37 30 30 37 27 26 30 27 37 28 30 29 28 28 33 23 32 25 31 30 36 36 29 30 33 35 35 33 33 42 34 40 34 37 37 36 36 36 40 37 36 35 37 37 31 36 38 32 39 39 38 30 41 37 38 34 37 43 39 38 42 41 44 44 39 40 40 41 32 41 41 40 41 44 44 35 45 43 39 43 42 40 43 46 41 44 44 45 46 43 46 45 45 44 41 44 46 44 44 42 46
0: 2 3 11 13 18 28 (35.0)
1: 12 14 15 19 20 (32.0)
2: 1 5 25 41 (36.0)
3: 7 9 16 21 22 23 29 47 58 (36.0)
4: 24 26 36 37 (32.0)
5: 8 10 30 40 (33.0)
6: 0 6 17 38 39 44 49 71 (33.0)
7: 31 33 54 56 65 (35.0)
8: 4 32 42 66 (43.0)
9: 34 48 50 70 (32.0)
10: 51 53 69 80 (34.0)
11: 43 45 57 60 62 73 79 (42.0)
12: 59 61 64 67 91 92 (44.0)
13: 27 35 46 52 75 102 (43.0)
14: 55 72 82 96 (33.0)
15: 78 119 (33.0)
16: 68 76 84 86 88 99 101 108 (39.0)
17: 63 74 81 90 97 109 115 (37.0)
18: 83 87 89 107 125 (36.0)
19: 85 105 (32.0)
20: 77 94 98 104 106 114 127 132 139 (41.0)
21: 93 100 145 (38.0)
22: 113 123 131 (37.0)
23: 103 110 111 122 124 134 141 164 (34.0)
24: 112 121 128 (34.0)
25: 117 142 143 166 (37.0)
26: 116 120 130 154 (37.0)
27: 118 126 133 137 147 153 156 (38.0)
28: 95 129 140 158 161 162 (41.0)
29: 138 160 171 (32.0)
30: 150 151 155 159 168 172 200 (45.0)
31: 136 144 148 167 193 (47.0)
32: 165 196 217 (40.0)
33: 135 163 173 176 177 (34.0)
34: 179 181 204 (38.0)
35: 146 174 175 190 224 (42.0)
36: 169 170 184 185 186 189 194 (38.0)
37: 149 152 157 182 183 188 191 192 202 205 (50.0)
38: 195 199 203 208 (50.0)
39: 197 198 207 213 227 (50.0)
40: 180 187 214 215 220 230 (42.0)
41: 201 210 216 218 219 221 233 243 (34.0)
42: 178 209 229 248 (32.0)
43: 206 226 228 231 238 (44.0)
44: 211 212 222 223 234 235 242 244 246 247 (47.0)
45: 225 236 240 241 (47.0)
46: 232 237 239 245 249 (48.0)
