Name: 250-20-30
Time: 10.331571340560913 
Result: 1011
Solution:  5 1 1 0 7 0 0 3 2 1 1 2 7 5 1 4 2 3 1 6 7 8 11 7 4 14 1 5 9 3 8 9 6 11 9 3 8 12 5 5 6 18 8 11 15 9 10 9 12 14 9 10 10 8 12 15 12 19 14 12 17 21 15 15 17 14 20 16 14 19 11 13 19 19 21 18 16 24 12 21 22 19 20 23 16 17 20 23 19 15 28 13 28 24 23 26 21 24 20 20 27 27 23 22 25 22 25 28 33 23 25 23 33 26 29 26 26 31 32 30 25 34 26 35 27 32 36 32 24 38 30 31 29 30 36 26 37 36 32 28 35 29 30 31 40 30 35 34 36 40 36 34 38 36 33 42 36 32 41 41 39 41 41 44 44 38 44 34 42 41 37 37 46 46 39 35 45 42 46 44 43 43 47 52 49 44 48 55 48 40 41 46 48 52 46 49 55 52 45 43 45 55 50 49 51 46 55 48 50 53 47 53 59 53 48 50 58 56 57 51 48 55 55 52 51 54 54 58 57 53 59 56 53 56 54 52 55 58 53 58 50 56 58 58 56 59 58 57 59 57
0: 3 5 6 (20.0)
1: 1 2 9 10 14 18 26 (20.0)
2: 8 11 16 (21.0)
3: 7 17 29 35 (22.0)
4: 15 24 (20.0)
5: 0 13 27 38 39 (20.0)
6: 19 32 40 (20.0)
7: 4 12 20 23 (21.0)
8: 21 30 36 42 53 (21.0)
9: 28 31 34 45 47 50 (21.0)
10: 46 51 52 (30.0)
11: 22 33 43 70 (23.0)
12: 37 48 54 56 59 78 (23.0)
13: 71 91 (23.0)
14: 25 49 58 65 68 (24.0)
15: 44 55 62 63 89 (21.0)
16: 67 76 84 (31.0)
17: 60 64 85 (29.0)
18: 41 75 (22.0)
19: 57 69 72 73 81 88 (20.0)
20: 66 82 86 98 99 (24.0)
21: 61 74 79 96 (22.0)
22: 80 103 105 (25.0)
23: 83 87 94 102 109 111 (21.0)
24: 77 93 97 128 (22.0)
25: 104 106 110 120 (24.0)
26: 95 113 115 116 122 135 (21.0)
27: 100 101 124 (21.0)
28: 90 92 107 139 (23.0)
29: 114 132 141 (28.0)
30: 119 130 133 142 145 (23.0)
31: 117 131 143 (29.0)
32: 118 125 127 138 157 (26.0)
33: 108 112 154 (26.0)
34: 121 147 151 167 (23.0)
35: 123 140 146 175 (28.0)
36: 126 134 137 148 150 153 156 (25.0)
37: 136 170 171 (22.0)
38: 129 152 165 (21.0)
39: 160 174 (21.0)
40: 144 149 189 (27.0)
41: 158 159 161 162 169 190 (30.0)
42: 155 168 177 (29.0)
43: 180 181 199 (30.0)
44: 163 164 166 179 185 (30.0)
45: 176 198 200 (30.0)
46: 172 173 178 191 194 205 (29.0)
47: 182 210 (20.0)
48: 186 188 192 207 214 220 (30.0)
49: 184 195 203 (30.0)
50: 202 208 215 240 (28.0)
51: 204 219 224 (29.0)
52: 183 193 197 223 235 (30.0)
53: 209 211 213 229 232 238 (27.0)
54: 225 226 234 (26.0)
55: 187 196 201 206 221 222 236 (28.0)
56: 217 231 233 241 244 (30.0)
57: 218 228 247 249 (23.0)
58: 216 227 237 239 242 243 246 (25.0)
59: 212 230 245 248 (28.0)
