Name: 250-50-100
Time: 15.362985134124756 
Result: 48
Solution:  1 6 0 0 1 5 0 3 0 0 2 3 0 0 11 3 1 6 0 3 4 7 10 1 6 4 7 2 4 5 7 6 5 0 4 11 6 7 3 5 13 9 13 6 8 9 9 8 5 10 11 6 8 9 14 15 11 2 7 15 6 18 7 7 13 10 15 13 16 11 9 13 12 10 12 12 14 13 17 16 19 11 15 15 15 10 24 15 24 16 17 16 14 17 16 21 22 19 20 17 14 26 23 22 22 20 22 22 22 18 18 27 22 18 24 23 24 20 22 20 19 24 21 24 25 19 25 27 24 25 23 26 31 31 33 23 27 27 30 29 24 27 25 24 28 30 28 26 26 33 22 25 31 31 21 29 31 30 28 32 32 32 30 35 35 35 32 32 32 31 39 41 31 34 28 44 34 36 27 27 34 35 35 43 28 37 38 45 38 42 37 36 38 39 43 47 36 44 38 37 38 40 47 33 44 37 41 42 38 36 43 36 36 42 49 47 46 39 38 44 41 40 41 43 43 44 41 41 39 46 44 48 49 42 40 48 46 49 49 40 42 49 48 45 48 48 48 46 46 45
0: 2 3 6 8 9 12 13 18 33 (52.0)
1: 0 4 16 23 (54.0)
2: 10 27 57 (61.0)
3: 7 11 15 19 38 (58.0)
4: 20 25 28 34 (54.0)
5: 5 29 32 39 48 (72.0)
6: 1 17 24 31 36 43 51 60 (58.0)
7: 21 26 30 37 58 62 63 (56.0)
8: 44 47 52 (53.0)
9: 41 45 46 53 70 (56.0)
10: 22 49 65 73 85 (60.0)
11: 14 35 50 56 69 81 (84.0)
12: 72 74 75 (65.0)
13: 40 42 64 67 71 77 (57.0)
14: 54 76 92 100 (66.0)
15: 55 59 66 82 83 84 87 (81.0)
16: 68 79 89 91 94 (59.0)
17: 78 90 93 99 (69.0)
18: 61 109 110 113 (62.0)
19: 80 97 120 125 (77.0)
20: 98 105 117 119 (72.0)
21: 95 122 154 (63.0)
22: 96 103 104 106 107 108 112 118 150 (87.0)
23: 102 115 130 135 (79.0)
24: 86 88 114 116 121 123 128 140 143 (88.0)
25: 124 126 129 142 151 (66.0)
26: 101 131 147 148 (59.0)
27: 111 127 136 137 141 178 179 (82.0)
28: 144 146 158 174 184 (71.0)
29: 139 155 (79.0)
30: 138 145 157 162 (69.0)
31: 132 133 152 153 156 169 172 (67.0)
32: 159 160 161 166 167 168 (82.0)
33: 134 149 203 (60.0)
34: 173 176 180 (70.0)
35: 163 164 165 181 182 (69.0)
36: 177 191 196 209 211 212 (82.0)
37: 185 190 199 205 (73.0)
38: 186 188 192 198 200 208 218 (76.0)
39: 170 193 217 228 (98.0)
40: 201 221 234 239 (100.0)
41: 171 206 220 222 226 227 (86.0)
42: 189 207 213 233 240 (100.0)
43: 183 194 210 223 224 (100.0)
44: 175 197 204 219 225 230 (100.0)
45: 187 243 249 (71.0)
46: 216 229 236 247 248 (95.0)
47: 195 202 215 (100.0)
48: 231 235 242 244 245 246 (98.0)
49: 214 232 237 238 241 (81.0)
