Name: 250-40-75
Time: 8.40171480178833 
Result: 34
Solution:  0 5 0 4 4 3 1 6 5 6 7 1 0 3 5 7 2 2 2 10 6 5 4 2 8 5 4 10 6 1 4 3 5 7 1 6 1 12 7 9 11 9 11 12 15 13 12 11 8 16 14 6 10 5 20 9 12 10 13 14 16 15 19 19 16 14 18 15 19 24 15 18 17 12 20 12 18 18 20 20 19 19 12 21 21 18 19 13 17 21 17 20 15 25 27 24 28 22 26 22 25 25 25 23 27 31 35 23 25 31 24 26 25 32 21 33 29 27 30 28 30 35 30 27 30 31 24 26 36 37 33 29 28 39 33 27 34 33 26 37 38 41 30 35 31 35 33 36 32 39 35 34 44 38 30 38 45 39 37 41 42 33 37 38 40 47 42 43 40 44 45 46 47 42 41 46 48 48 45 39 45 41 49 44 55 48 42 42 40 47 39 47 50 49 46 43 52 48 47 49 48 50 50 50 54 45 54 52 43 56 51 52 54 50 48 57 51 49 52 55 53 56 53 51 58 51 53 56 53 54 52 58 54 53 55 59 51 58 58 57 51 59 59 57 56 59 57 51 59 58
0: 0 2 12 (56.0)
1: 6 11 29 34 36 (55.0)
2: 16 17 18 23 (41.0)
3: 5 13 31 (49.0)
4: 3 4 22 26 30 (41.0)
5: 1 8 14 21 25 32 53 (49.0)
6: 7 9 20 28 35 51 (47.0)
7: 10 15 33 38 (44.0)
8: 24 48 (49.0)
9: 39 41 55 (46.0)
10: 19 27 52 57 (43.0)
11: 40 42 47 (56.0)
12: 37 43 46 56 73 75 82 (51.0)
13: 45 58 87 (44.0)
14: 50 59 65 (48.0)
15: 44 61 67 70 92 (56.0)
16: 49 60 64 (55.0)
17: 72 88 90 (50.0)
18: 66 71 76 77 85 (63.0)
19: 62 63 68 80 81 86 (52.0)
20: 54 74 78 79 91 (49.0)
21: 83 84 89 114 (50.0)
22: 97 99 (46.0)
23: 103 107 (53.0)
24: 69 95 110 126 (50.0)
25: 93 100 101 102 108 112 (53.0)
26: 98 111 127 138 (51.0)
27: 94 104 117 123 135 (63.0)
28: 96 119 132 (52.0)
29: 116 131 (67.0)
30: 118 120 122 124 142 154 (64.0)
31: 105 109 125 144 (63.0)
32: 113 148 (48.0)
33: 115 130 134 137 146 161 (64.0)
34: 136 151 (41.0)
35: 106 121 143 145 150 (53.0)
36: 128 147 (54.0)
37: 129 139 158 162 (62.0)
38: 140 153 155 163 (69.0)
39: 133 149 157 179 190 (48.0)
40: 164 168 188 (75.0)
41: 141 159 174 181 (74.0)
42: 160 166 173 186 187 (75.0)
43: 167 195 208 (75.0)
44: 152 169 183 (72.0)
45: 156 170 178 180 205 (74.0)
46: 171 175 194 (55.0)
47: 165 172 189 191 198 (75.0)
48: 176 177 185 197 200 214 (74.0)
49: 182 193 199 217 (74.0)
50: 192 201 202 203 213 (62.0)
51: 210 216 223 225 236 240 247 (63.0)
52: 196 207 211 218 230 (58.0)
53: 220 222 226 228 233 (74.0)
54: 204 206 212 229 232 (71.0)
55: 184 219 234 (64.0)
56: 209 221 227 244 (66.0)
57: 215 239 243 246 (71.0)
58: 224 231 237 238 249 (74.0)
59: 235 241 242 245 248 (74.0)
