Name: 500-50-100
Time: 31.309560775756836 
Result: 56
Solution:  2 5 1 7 2 1 7 0 7 0 2 1 4 3 7 0 3 0 1 6 4 11 7 12 4 3 3 7 5 8 10 8 12 7 12 3 7 7 4 7 13 7 9 9 10 1 7 9 12 6 12 13 9 7 5 11 7 8 7 11 9 8 9 12 12 15 7 7 15 18 16 18 12 13 8 15 12 19 19 10 14 7 21 9 24 14 16 15 19 14 17 13 20 21 20 21 18 14 16 14 22 21 25 21 20 26 19 25 25 25 24 23 23 18 22 23 20 21 23 26 23 23 24 31 17 25 18 20 28 19 28 26 21 27 27 25 26 24 32 26 29 31 23 24 29 36 28 32 28 29 33 31 26 36 31 34 29 34 33 31 32 36 32 28 32 33 33 42 34 30 33 35 33 35 30 27 32 33 37 30 33 43 40 39 36 39 45 41 38 37 36 41 35 37 40 43 31 32 38 41 40 40 42 43 39 35 38 41 37 41 46 40 42 40 38 43 45 43 43 47 38 47 42 37 51 39 39 46 44 44 49 48 48 46 45 53 44 52 47 48 53 42 47 46 49 46 48 45 48 48 48 45 58 45 52 50 45 50 52 53 55 47 50 49 49 51 56 53 54 59 53 59 54 48 48 57 54 51 56 50 49 52 59 54 56 54 55 56 59 52 55 47 52 50 52 59 54 54 58 50 60 60 58 56 67 57 62 49 60 64 64 53 57 61 55 60 58 58 61 55 62 67 61 67 64 62 57 62 69 58 58 57 63 61 56 60 63 61 68 62 56 58 67 62 72 65 65 68 65 65 74 69 65 72 66 69 64 64 60 70 71 71 61 63 71 66 68 71 67 68 67 71 65 73 70 67 64 73 62 66 73 66 76 69 67 64 69 67 74 64 72 74 72 76 75 78 66 69 65 72 72 79 72 83 75 79 75 79 80 74 68 74 82 75 71 77 76 79 76 78 70 77 82 86 78 79 76 76 79 71 81 78 79 77 82 80 79 82 81 80 83 81 82 79 87 80 85 89 76 82 82 78 88 80 78 81 76 80 78 86 75 89 81 84 84 90 88 82 88 84 86 89 86 90 83 86 87 78 82 86 89 83 87 88 87 89 88 89 90 89 85 86 89 90 88 90 88 90 85 85
0: 7 9 15 17 (53.0)
1: 2 5 11 18 45 (60.0)
2: 0 4 10 (55.0)
3: 13 16 25 26 35 (52.0)
4: 12 20 24 38 (62.0)
5: 1 28 54 (58.0)
6: 19 49 (56.0)
7: 3 6 8 14 22 27 33 36 37 39 41 46 53 56 58 66 67 81 (47.0)
8: 29 31 57 61 74 (51.0)
9: 42 43 47 52 60 62 83 (52.0)
10: 30 44 79 (54.0)
11: 21 55 59 (51.0)
12: 23 32 34 48 50 63 64 72 76 (50.0)
13: 40 51 73 91 (57.0)
14: 80 85 89 97 99 (58.0)
15: 65 68 75 87 (59.0)
16: 70 86 98 (54.0)
17: 90 124 (70.0)
18: 69 71 96 113 126 (57.0)
19: 77 78 88 106 129 (51.0)
20: 92 94 104 116 127 (68.0)
21: 82 93 95 101 103 117 132 (54.0)
22: 100 114 (58.0)
23: 111 112 115 118 120 121 142 (55.0)
24: 84 110 122 137 143 (53.0)
25: 102 107 108 109 125 135 (61.0)
26: 105 119 131 136 139 152 (63.0)
27: 133 134 175 (68.0)
28: 128 130 146 148 163 (59.0)
29: 140 144 149 156 (69.0)
30: 169 174 179 (66.0)
31: 123 141 151 154 159 196 (69.0)
32: 138 147 160 162 164 176 197 (64.0)
33: 150 158 165 166 170 172 177 180 (79.0)
34: 155 157 168 (60.0)
35: 171 173 192 205 (58.0)
36: 145 153 161 184 190 (56.0)
37: 178 189 193 208 223 (56.0)
38: 188 198 206 214 220 (60.0)
39: 183 185 204 225 226 (75.0)
40: 182 194 200 201 211 213 (64.0)
41: 187 191 199 207 209 (90.0)
42: 167 202 212 222 241 (60.0)
43: 181 195 203 215 217 218 (72.0)
44: 228 229 236 (57.0)
45: 186 216 234 247 251 253 256 (84.0)
46: 210 227 233 243 245 (76.0)
47: 219 221 238 242 261 291 (86.0)
48: 231 232 239 246 248 249 250 273 274 (84.0)
49: 230 244 263 264 280 307 (84.0)
50: 255 257 262 279 293 299 (73.0)
51: 224 265 277 (54.0)
52: 237 254 258 281 289 292 294 (78.0)
53: 235 240 259 267 270 311 (59.0)
54: 268 272 276 283 285 296 297 (72.0)
55: 260 286 290 314 319 (67.0)
56: 266 278 284 287 303 334 340 (71.0)
57: 275 305 312 326 331 (63.0)
58: 252 298 302 316 317 329 330 341 (81.0)
59: 269 271 282 288 295 (84.0)
60: 300 301 308 315 335 358 (98.0)
61: 313 318 322 333 337 362 (82.0)
62: 306 320 325 327 339 343 378 (100.0)
63: 332 336 363 (65.0)
64: 309 310 324 356 357 376 385 389 (100.0)
65: 345 346 348 349 352 372 398 (88.0)
66: 354 365 379 381 396 (80.0)
67: 304 321 323 342 368 370 375 384 387 (99.0)
68: 338 347 366 369 410 (83.0)
69: 328 351 355 383 386 397 (99.0)
70: 359 374 420 (81.0)
71: 360 361 364 367 371 414 429 (71.0)
72: 344 353 390 392 399 400 402 (77.0)
73: 373 377 380 (58.0)
74: 350 388 391 409 411 (70.0)
75: 394 404 406 413 460 (67.0)
76: 382 393 416 418 426 427 448 456 (86.0)
77: 415 421 433 (103.0)
78: 395 419 424 431 451 454 458 477 (95.0)
79: 401 405 407 417 425 428 432 436 443 (93.0)
80: 408 435 439 445 453 457 (99.0)
81: 430 438 441 455 462 (99.0)
82: 412 422 434 437 442 449 450 467 478 (97.0)
83: 403 440 474 481 (100.0)
84: 463 464 469 (98.0)
85: 446 490 498 499 (99.0)
86: 423 459 470 472 475 479 491 (97.0)
87: 444 476 482 484 (99.0)
88: 452 466 468 483 486 494 496 (92.0)
89: 447 461 471 480 485 487 489 492 (100.0)
90: 465 473 488 493 495 497 (98.0)
