Name: 500-60-125
Time: 30.15402889251709 
Result: 65
Solution:  3 4 0 5 0 1 2 1 7 0 4 4 0 3 0 5 4 7 0 2 5 8 6 6 2 9 11 6 5 6 0 8 1 1 8 9 8 3 12 7 10 11 9 9 12 10 10 17 13 16 11 13 14 16 12 9 19 12 15 17 15 12 15 10 17 15 12 16 11 14 12 19 19 13 19 20 22 19 24 20 16 16 20 24 21 12 20 23 23 22 19 21 24 28 20 18 23 26 27 18 34 24 27 31 29 22 31 20 26 30 34 25 30 30 31 26 33 27 38 27 25 34 27 32 28 27 28 28 30 29 36 30 36 30 31 35 34 27 31 32 32 37 35 37 36 35 32 41 38 33 35 39 42 36 39 46 37 31 35 40 43 39 33 41 40 41 36 33 45 44 43 44 39 47 37 45 46 47 47 35 50 42 45 48 46 44 47 39 52 42 45 47 45 42 45 46 55 53 49 53 57 50 50 53 51 44 51 51 48 50 56 52 54 54 51 56 48 52 57 54 48 58 55 61 57 58 55 58 53 57 55 49 61 64 59 56 64 51 57 62 62 62 55 59 68 63 60 60 62 57 61 61 62 63 65 59 64 63 68 60 65 65 61 70 72 59 67 66 67 67 66 70 64 69 71 70 68 69 68 69 69 65 68 65 67 73 69 76 72 80 73 67 72 76 73 73 74 74 71 78 74 71 77 76 74 76 78 70 80 82 81 77 87 79 80 78 78 72 80 82 81 79 81 80 84 85 75 83 89 78 83 88 79 85 82 79 93 86 86 79 83 88 86 87 80 85 88 84 85 88 87 92 84 87 86 90 90 86 85 95 89 94 89 85 83 91 92 89 94 86 96 93 92 92 84 94 98 93 91 92 92 92 87 91 89 99 94 95 93 91 89 93 87 103 97 97 100 90 95 102 100 95 90 99 95 101 99 103 96 105 97 99 100 101 94 92 99 99 94 98 103 101 104 96 101 98 95 102 101 100 105 105 101 102 96 107 108 107 106 103 111 104 104 106 106 103 104 109 113 111 102 107 105 102 113 108 109 112 101 108 103 107 110 110 107 110 109 104 109 110 105 110 115 102 112 114 111 112 116 109 113 116 112 109 112 108 113 115 112 114 114 111 116 112 106 114 111 116 115 115
0: 2 4 9 12 14 18 30 (60.0)
1: 5 7 32 33 (67.0)
2: 6 19 24 (68.0)
3: 0 13 37 (62.0)
4: 1 10 11 16 (66.0)
5: 3 15 20 28 (65.0)
6: 22 23 27 29 (69.0)
7: 8 17 39 (66.0)
8: 21 31 34 36 (72.0)
9: 25 35 42 43 55 (79.0)
10: 40 45 46 63 (62.0)
11: 26 41 50 68 (74.0)
12: 38 44 54 57 61 66 70 85 (62.0)
13: 48 51 73 (66.0)
14: 52 69 (67.0)
15: 58 60 62 65 (88.0)
16: 49 53 67 80 81 (62.0)
17: 47 59 64 (71.0)
18: 95 99 (69.0)
19: 56 71 72 74 77 90 (74.0)
20: 75 79 82 86 94 107 (64.0)
21: 84 91 (65.0)
22: 76 89 105 (68.0)
23: 87 88 96 (80.0)
24: 78 83 92 101 (70.0)
25: 111 120 (62.0)
26: 97 108 115 (78.0)
27: 98 102 117 119 122 125 137 (72.0)
28: 93 124 126 127 (69.0)
29: 104 129 (72.0)
30: 109 112 113 128 131 133 (80.0)
31: 103 106 114 134 138 157 (69.0)
32: 123 139 140 146 (67.0)
33: 116 149 162 167 (80.0)
34: 100 110 121 136 (89.0)
35: 135 142 145 150 158 179 (71.0)
36: 130 132 144 153 166 (88.0)
37: 141 143 156 174 (88.0)
38: 118 148 (75.0)
39: 151 154 161 172 187 (92.0)
40: 159 164 (88.0)
41: 147 163 165 (69.0)
42: 152 181 189 193 (79.0)
43: 160 170 (62.0)
44: 169 171 185 205 (76.0)
45: 168 175 182 190 192 194 (87.0)
46: 155 176 184 195 (122.0)
47: 173 177 178 186 191 (100.0)
48: 183 208 216 220 (82.0)
49: 198 231 (70.0)
50: 180 201 202 209 (82.0)
51: 204 206 207 214 237 (122.0)
52: 188 211 217 (72.0)
53: 197 199 203 228 (113.0)
54: 212 213 219 (79.0)
55: 196 222 226 230 242 (99.0)
56: 210 215 235 (83.0)
57: 200 218 224 229 238 249 (109.0)
58: 221 225 227 (88.0)
59: 234 243 255 265 (79.0)
60: 246 247 259 (100.0)
61: 223 232 250 251 262 (123.0)
62: 239 240 241 248 252 (97.0)
63: 245 253 257 (88.0)
64: 233 236 256 272 (99.0)
65: 254 260 261 281 283 (105.0)
66: 267 270 (68.0)
67: 266 268 269 284 291 (111.0)
68: 244 258 276 278 282 (112.0)
69: 273 277 279 280 286 (110.0)
70: 263 271 275 307 (118.0)
71: 274 298 301 (80.0)
72: 264 288 292 317 (100.0)
73: 285 290 294 295 (100.0)
74: 296 297 300 304 (118.0)
75: 326 (74.0)
76: 287 293 303 305 (110.0)
77: 302 311 (75.0)
78: 299 306 315 316 329 (121.0)
79: 313 321 332 335 339 (121.0)
80: 289 308 314 318 323 344 (98.0)
81: 310 320 322 (103.0)
82: 309 319 334 (90.0)
83: 327 330 340 364 (77.0)
84: 324 347 352 374 (116.0)
85: 325 333 345 348 358 363 (123.0)
86: 337 338 342 354 357 369 (106.0)
87: 312 343 350 353 382 392 (125.0)
88: 331 341 346 349 (84.0)
89: 328 360 362 367 384 390 (123.0)
90: 355 356 397 402 (123.0)
91: 365 378 383 389 (125.0)
92: 351 366 372 373 379 380 381 415 (121.0)
93: 336 371 377 388 391 (108.0)
94: 361 368 375 386 414 418 (117.0)
95: 359 387 398 401 404 426 (123.0)
96: 370 408 423 434 (124.0)
97: 394 395 410 (125.0)
98: 376 419 425 (125.0)
99: 385 403 406 411 416 417 (123.0)
100: 396 400 412 429 (71.0)
101: 405 413 421 424 428 432 458 (108.0)
102: 399 427 433 450 453 473 (102.0)
103: 393 407 420 439 445 460 (107.0)
104: 422 441 442 446 467 (87.0)
105: 409 430 431 452 470 (123.0)
106: 438 443 444 494 (124.0)
107: 435 437 451 461 464 (123.0)
108: 436 455 459 485 (120.0)
109: 447 456 466 468 479 483 (125.0)
110: 462 463 465 469 471 (123.0)
111: 440 449 476 491 496 (125.0)
112: 457 474 477 482 484 488 493 (125.0)
113: 448 454 480 486 (125.0)
114: 475 489 490 495 (124.0)
115: 472 487 498 499 (121.0)
116: 478 481 492 497 (123.0)
