Name: 500-50-100
Time: 14.720395565032959 
Result: 50
Solution:  5 1 1 7 0 1 8 1 8 0 5 1 3 3 10 3 3 8 4 2 0 8 7 8 4 3 3 8 4 10 0 3 10 11 10 4 10 7 12 7 9 7 7 16 10 4 8 7 7 2 16 11 10 5 6 11 7 11 8 15 9 11 14 14 15 12 8 8 6 7 13 14 17 21 7 17 8 16 8 12 21 8 14 12 16 18 14 16 16 17 19 20 16 17 14 20 15 17 19 17 13 20 22 20 18 27 20 19 26 18 23 20 21 20 22 24 24 24 20 25 23 21 26 24 22 25 27 20 25 21 23 17 21 28 32 23 28 31 27 26 29 27 23 33 28 31 34 30 29 29 31 29 28 36 24 32 32 30 32 30 34 35 31 31 29 34 27 38 33 31 35 36 29 25 30 26 29 33 29 32 38 42 36 39 36 36 39 40 36 37 35 41 37 37 42 34 34 36 34 47 38 40 39 39 33 35 38 40 40 43 47 43 43 42 45 41 44 50 48 50 45 38 42 40 46 39 43 45 41 44 41 51 43 45 38 42 54 43 46 49 51 42 48 49 48 51 54 44 51 43 51 46 46 53 57 49 55 48 48 49 44 46 52 48 53 52 56 55 54 51 51 60 49 52 48 55 57 50 55 46 57 56 50 53 58 52 55 52 49 52 59 55 60 55 52 58 54 56 56 56 58 57 63 52 64 57 55 53 60 55 66 56 65 59 60 60 60 59 61 55 55 65 61 59 62 67 62 64 61 57 59 56 65 68 58 62 62 61 61 63 56 58 63 57 70 66 71 68 65 62 66 69 67 64 60 69 64 64 71 62 71 68 65 75 63 66 73 63 64 68 67 77 64 71 70 73 66 72 66 62 75 74 69 70 76 73 68 67 73 68 81 71 72 71 75 80 72 65 75 76 75 75 67 73 76 82 73 79 80 74 70 82 73 69 69 77 77 71 78 75 78 77 76 82 79 76 77 80 77 72 82 78 74 70 79 79 83 83 80 84 81 79 81 79 81 83 82 83 75 87 82 82 86 81 85 83 77 80 84 86 79 82 87 90 87 78 85 79 83 84 84 84 86 86 84 85 87 90 84 85 90 86 89 87 88 88 89 89 88 89 90 90 89 84 89 88 90 89 85 87
0: 4 9 20 30 (73.0)
1: 1 2 5 7 11 (69.0)
2: 19 49 (56.0)
3: 12 13 15 16 25 26 31 (50.0)
4: 18 24 28 35 45 (63.0)
5: 0 10 53 (54.0)
6: 54 68 (61.0)
7: 3 22 37 39 41 42 47 48 56 69 74 (54.0)
8: 6 8 17 21 23 27 46 58 66 67 76 78 81 (50.0)
9: 40 60 (51.0)
10: 14 29 32 34 36 44 52 (52.0)
11: 33 51 55 57 61 (50.0)
12: 38 65 79 83 (57.0)
13: 70 100 (56.0)
14: 62 63 71 82 86 94 (58.0)
15: 59 64 96 (66.0)
16: 43 50 77 84 87 88 92 (53.0)
17: 72 75 89 93 97 99 131 (52.0)
18: 85 104 109 (59.0)
19: 90 98 107 (59.0)
20: 91 95 101 103 106 111 113 118 127 (55.0)
21: 73 80 112 121 129 132 (51.0)
22: 102 114 124 (69.0)
23: 110 120 130 135 142 (56.0)
24: 115 116 117 123 154 (92.0)
25: 119 125 128 173 (65.0)
26: 108 122 139 175 (55.0)
27: 105 126 138 141 166 (60.0)
28: 133 136 144 152 (60.0)
29: 140 148 149 151 164 172 176 178 (80.0)
30: 147 157 159 174 (65.0)
31: 137 145 150 162 163 169 (66.0)
32: 134 155 156 158 179 (70.0)
33: 143 168 177 204 (60.0)
34: 146 160 165 195 196 198 (54.0)
35: 161 170 190 205 (50.0)
36: 153 171 182 184 185 188 197 (74.0)
37: 189 192 193 (57.0)
38: 167 180 200 206 221 234 (54.0)
39: 183 186 202 203 225 (60.0)
40: 187 201 207 208 223 (70.0)
41: 191 215 228 230 (68.0)
42: 181 194 213 222 235 241 (64.0)
43: 209 211 212 226 232 237 249 (59.0)
44: 216 229 247 260 (70.0)
45: 214 220 227 233 (60.0)
46: 224 238 251 252 261 279 (81.0)
47: 199 210 (60.0)
48: 218 242 244 257 258 263 274 (69.0)
49: 239 243 255 259 272 288 (79.0)
50: 217 219 277 282 (68.0)
51: 231 240 245 248 250 269 270 (68.0)
52: 262 265 273 285 287 289 294 303 (81.0)
53: 253 264 283 307 (57.0)
54: 236 246 268 296 (64.0)
55: 256 267 275 278 286 291 293 306 309 319 320 (98.0)
56: 266 281 297 298 299 311 331 340 (80.0)
57: 254 276 280 301 305 329 343 (87.0)
58: 284 295 300 334 341 (86.0)
59: 290 313 317 323 330 (69.0)
60: 271 292 308 314 315 316 354 (86.0)
61: 318 322 328 337 338 (74.0)
62: 324 326 335 336 349 359 379 (95.0)
63: 302 339 342 364 367 (77.0)
64: 304 327 353 356 357 368 372 (88.0)
65: 312 321 332 348 362 397 (68.0)
66: 310 345 350 365 376 378 (77.0)
67: 325 352 370 387 402 (99.0)
68: 333 347 361 369 386 389 (99.0)
69: 351 355 382 413 414 (100.0)
70: 344 374 383 410 433 (100.0)
71: 346 358 360 373 391 393 417 (96.0)
72: 377 392 396 429 (74.0)
73: 366 375 385 388 403 406 412 (100.0)
74: 381 409 432 (58.0)
75: 363 380 394 398 400 401 419 448 (99.0)
76: 384 399 404 422 425 (79.0)
77: 371 415 416 421 426 428 456 (100.0)
78: 418 420 431 465 (55.0)
79: 407 424 434 435 441 443 460 467 (78.0)
80: 395 408 427 438 457 (93.0)
81: 390 440 442 444 453 (84.0)
82: 405 411 423 430 446 450 451 461 (96.0)
83: 436 437 445 447 455 468 (84.0)
84: 439 458 469 470 471 474 478 493 (98.0)
85: 454 466 475 479 498 (99.0)
86: 452 459 472 473 481 (100.0)
87: 449 462 464 476 483 499 (100.0)
88: 484 485 488 495 (100.0)
89: 482 486 487 489 492 494 497 (100.0)
90: 463 477 480 490 491 496 (100.0)
