Name: 500-50-100
Time: 14.798003196716309 
Result: 1051
Solution:  0 5 1 4 1 1 3 1 3 1 3 2 6 2 2 4 4 4 6 5 0 7 7 4 4 4 5 3 2 10 3 7 7 11 4 8 4 7 5 5 9 11 6 14 13 7 12 12 3 6 7 7 2 11 14 12 11 8 12 15 11 8 8 12 10 18 12 12 13 11 14 20 11 12 19 20 12 20 9 10 20 12 22 9 18 18 15 12 19 13 17 19 14 21 19 21 16 13 15 19 17 21 15 20 20 22 22 21 24 24 26 21 19 23 23 25 25 17 17 24 27 26 20 31 16 25 19 20 26 25 26 29 26 28 32 24 30 33 27 27 30 26 21 22 30 33 31 32 27 29 34 27 26 27 23 38 34 32 32 33 30 32 28 27 31 33 33 30 36 30 35 39 32 37 31 29 36 34 38 34 35 41 37 36 36 38 43 37 37 37 35 35 38 36 40 39 39 45 34 41 39 40 37 39 40 32 40 41 40 48 49 37 42 42 35 43 43 43 47 40 46 49 44 39 42 47 40 46 46 44 42 50 43 52 44 50 47 48 47 39 48 48 44 48 46 48 49 45 49 44 52 52 49 50 54 47 51 52 46 52 44 51 47 49 50 57 52 52 52 48 52 45 48 47 49 55 59 51 57 46 59 54 56 57 52 55 56 55 52 56 54 47 57 58 59 60 54 53 57 56 56 48 57 53 66 57 53 54 59 50 63 60 64 62 56 60 59 58 60 53 61 67 62 59 61 65 55 59 66 55 57 61 66 61 59 61 62 72 63 63 58 60 67 64 67 66 69 64 65 58 70 64 66 65 64 65 61 60 62 61 71 73 62 60 69 72 71 62 74 69 69 68 70 70 69 64 69 71 64 70 67 65 76 75 70 63 68 67 77 76 74 71 71 70 77 75 67 64 76 70 68 79 72 73 78 81 73 79 71 73 73 82 72 74 75 72 76 71 83 78 78 77 83 77 77 77 75 76 78 72 78 74 84 80 76 82 80 79 75 81 83 79 81 89 87 80 82 79 81 83 82 76 84 81 84 80 79 79 83 84 77 82 87 87 88 79 84 88 83 86 82 82 86 90 81 88 90 89 88 85 90 85 81 87 89 89 90 89 86 89 88 86 90 90 90 90 88 84 84 85
0: 0 20 (71.0)
1: 2 4 5 7 9 (61.0)
2: 11 13 14 28 52 (51.0)
3: 6 8 10 27 30 48 (54.0)
4: 3 15 16 17 23 24 25 34 36 (51.0)
5: 1 19 26 38 39 (50.0)
6: 12 18 42 49 (52.0)
7: 21 22 31 32 37 45 50 51 (54.0)
8: 35 57 61 62 (51.0)
9: 40 78 83 (55.0)
10: 29 64 79 (58.0)
11: 33 41 53 56 60 69 72 (51.0)
12: 46 47 55 58 63 66 67 73 76 81 87 (50.0)
13: 44 68 89 97 (56.0)
14: 43 54 70 92 (70.0)
15: 59 86 98 102 (54.0)
16: 96 124 (55.0)
17: 90 100 117 118 (67.0)
18: 65 84 85 (52.0)
19: 74 88 91 94 99 112 126 (64.0)
20: 71 75 77 80 103 104 122 127 (65.0)
21: 93 95 101 107 111 142 (51.0)
22: 82 105 106 143 (58.0)
23: 113 114 154 (81.0)
24: 108 109 119 135 (52.0)
25: 115 116 125 129 (56.0)
26: 110 121 128 130 132 141 152 (55.0)
27: 120 138 139 148 151 153 163 (70.0)
28: 133 162 (50.0)
29: 131 149 175 (55.0)
30: 136 140 144 160 167 169 (68.0)
31: 123 146 164 174 (57.0)
32: 134 147 157 158 161 172 205 (73.0)
33: 137 145 159 165 166 (59.0)
34: 150 156 177 179 198 (68.0)
35: 170 180 190 191 214 (56.0)
36: 168 176 183 184 193 (68.0)
37: 173 182 187 188 189 202 211 (82.0)
38: 155 178 185 192 (63.0)
39: 171 195 196 200 203 223 239 (67.0)
40: 194 201 204 206 208 219 226 (86.0)
41: 181 199 207 (79.0)
42: 212 213 224 230 (60.0)
43: 186 215 216 217 232 (61.0)
44: 222 229 234 242 249 260 (83.0)
45: 197 247 271 (63.0)
46: 220 227 228 244 258 279 (66.0)
47: 218 225 236 238 255 262 273 291 (91.0)
48: 209 237 240 241 243 245 269 272 301 (81.0)
49: 210 221 246 248 252 263 274 (95.0)
50: 231 235 253 264 309 (60.0)
51: 256 261 277 (74.0)
52: 233 250 251 257 259 266 267 268 270 284 288 (92.0)
53: 297 303 306 319 (54.0)
54: 254 281 290 296 307 (64.0)
55: 275 285 287 326 329 (63.0)
56: 282 286 289 299 300 314 (98.0)
57: 265 278 283 292 298 302 305 330 (84.0)
58: 293 317 340 349 (62.0)
59: 276 280 294 308 316 323 327 334 (82.0)
60: 295 311 315 318 341 357 363 (86.0)
61: 320 324 331 333 335 356 359 (91.0)
62: 313 322 336 358 362 367 (74.0)
63: 310 338 339 385 (77.0)
64: 312 343 347 351 354 375 378 397 (89.0)
65: 325 348 353 355 381 (99.0)
66: 304 328 332 345 352 (94.0)
67: 321 342 344 380 387 396 (81.0)
68: 371 386 400 (52.0)
69: 346 364 369 370 374 376 (94.0)
70: 350 372 373 379 384 393 399 (84.0)
71: 360 366 377 391 392 408 417 (97.0)
72: 337 365 402 412 415 429 (83.0)
73: 361 403 406 409 410 (100.0)
74: 368 390 413 431 (68.0)
75: 383 395 414 426 438 (73.0)
76: 382 389 398 416 427 434 451 (89.0)
77: 388 394 421 423 424 425 460 (78.0)
78: 404 419 420 428 430 (79.0)
79: 401 407 437 441 447 456 457 465 (84.0)
80: 433 436 445 455 (97.0)
81: 405 439 442 448 453 474 482 (97.0)
82: 411 435 446 450 461 470 471 (83.0)
83: 418 422 440 449 458 468 (79.0)
84: 432 452 454 459 466 497 498 (99.0)
85: 479 481 499 (99.0)
86: 469 472 488 491 (101.0)
87: 444 462 463 483 (100.0)
88: 464 467 475 478 490 496 (100.0)
89: 443 477 484 485 487 489 (97.0)
90: 473 476 480 486 492 493 494 495 (87.0)
