Name: 500-60-125
Time: 30.90733766555786 
Result: 65
Solution:  2 1 0 4 0 3 2 1 5 0 2 4 0 3 0 3 2 9 0 1 4 12 6 10 5 6 6 6 11 6 0 7 3 5 11 10 5 10 6 9 8 15 9 15 9 12 13 8 4 15 14 15 12 8 8 13 18 8 16 18 7 11 15 11 14 16 16 13 17 14 12 25 13 22 19 9 22 21 24 19 12 14 18 25 16 18 18 20 19 22 26 21 21 24 20 20 23 28 22 17 24 29 23 18 27 23 27 24 30 35 30 27 34 25 31 29 33 30 32 28 26 39 34 30 26 25 32 28 31 29 37 31 35 32 34 32 35 34 28 34 31 39 32 36 38 39 37 41 36 36 35 37 39 40 39 33 39 37 35 38 43 34 41 41 40 42 41 37 41 47 46 43 40 43 42 47 44 49 44 37 45 40 46 48 48 42 45 52 50 48 46 44 47 42 55 43 46 54 48 53 47 52 49 54 52 45 52 51 50 58 58 44 53 52 51 56 57 61 52 56 53 50 54 55 64 55 59 56 57 62 54 49 59 64 51 55 66 52 59 59 63 62 56 67 57 61 57 62 59 54 61 65 61 63 68 60 64 59 62 65 60 72 58 58 71 73 67 69 66 70 69 62 68 64 67 68 68 73 70 67 71 61 71 68 68 67 70 73 71 68 70 79 73 75 74 74 72 75 74 71 77 80 81 78 76 74 81 72 76 73 75 77 87 79 79 74 79 74 79 82 80 81 81 77 81 77 75 85 86 84 78 87 78 85 85 79 83 86 86 77 88 89 86 87 83 90 88 85 89 88 86 89 81 85 85 87 91 90 91 93 89 94 88 91 84 92 92 81 85 89 97 92 92 88 93 95 91 90 90 97 92 93 89 93 101 96 95 94 92 100 89 98 88 102 95 97 97 91 96 95 100 104 98 99 102 101 97 101 97 106 98 102 94 102 91 96 101 102 104 96 98 102 101 98 100 99 99 104 103 99 104 106 104 102 105 109 107 108 103 101 101 107 99 103 107 100 114 108 114 110 103 110 114 104 105 108 106 103 100 107 108 107 116 104 106 116 111 116 113 108 110 109 116 105 112 111 106 115 113 111 113 109 115 112 110 116 114 115 116 112 113 112 114 112 115 113 111 114 114 115
0: 2 4 9 12 14 18 30 (60.0)
1: 1 7 19 (72.0)
2: 0 6 10 16 (61.0)
3: 5 13 15 32 (60.0)
4: 3 11 20 48 (68.0)
5: 8 24 33 36 (70.0)
6: 22 25 26 27 29 38 (69.0)
7: 31 60 (61.0)
8: 40 47 53 54 57 (61.0)
9: 17 39 42 44 75 (65.0)
10: 23 35 37 (72.0)
11: 28 34 61 63 (81.0)
12: 21 45 52 70 80 (89.0)
13: 46 55 67 72 (69.0)
14: 50 64 69 81 (88.0)
15: 41 43 49 51 62 (90.0)
16: 58 65 66 84 (71.0)
17: 68 99 (63.0)
18: 56 59 82 85 86 103 (65.0)
19: 74 79 88 (60.0)
20: 87 94 95 (67.0)
21: 77 91 92 (87.0)
22: 73 76 89 98 (73.0)
23: 96 102 105 (60.0)
24: 78 93 100 107 (67.0)
25: 71 83 113 125 (64.0)
26: 90 120 124 (69.0)
27: 104 106 111 (72.0)
28: 97 119 127 138 (72.0)
29: 101 115 129 (73.0)
30: 108 110 117 123 (67.0)
31: 114 128 131 140 (67.0)
32: 118 126 133 135 142 (85.0)
33: 116 155 (76.0)
34: 112 122 134 137 139 161 (66.0)
35: 109 132 136 150 158 (85.0)
36: 143 148 149 (83.0)
37: 130 146 151 157 167 179 (70.0)
38: 144 159 (86.0)
39: 121 141 145 152 154 156 (75.0)
40: 153 164 172 181 (92.0)
41: 147 162 163 166 168 (90.0)
42: 165 174 185 193 (91.0)
43: 160 171 173 195 (106.0)
44: 176 178 191 211 (115.0)
45: 180 186 205 (89.0)
46: 170 182 190 196 (90.0)
47: 169 175 192 200 (86.0)
48: 183 184 189 198 (81.0)
49: 177 202 231 (71.0)
50: 188 208 221 (76.0)
51: 207 214 234 (88.0)
52: 187 201 204 206 213 218 237 (99.0)
53: 199 212 220 (81.0)
54: 197 203 222 230 249 (108.0)
55: 194 223 225 235 (102.0)
56: 215 219 227 242 (102.0)
57: 216 228 244 246 (68.0)
58: 209 210 262 263 (75.0)
59: 226 232 238 239 248 257 (96.0)
60: 255 260 (87.0)
61: 217 245 250 252 281 (104.0)
62: 229 241 247 258 271 (89.0)
63: 240 253 (90.0)
64: 224 233 256 273 (82.0)
65: 251 259 (87.0)
66: 236 268 (65.0)
67: 243 266 274 279 285 (112.0)
68: 254 272 275 276 283 284 289 (106.0)
69: 267 270 (68.0)
70: 269 278 286 290 (121.0)
71: 264 280 282 288 299 (125.0)
72: 261 296 307 (112.0)
73: 265 277 287 292 309 (116.0)
74: 294 295 298 305 315 317 (121.0)
75: 293 297 310 326 (107.0)
76: 304 308 (71.0)
77: 300 311 323 325 339 (123.0)
78: 303 330 332 (88.0)
79: 291 313 314 316 318 335 (125.0)
80: 301 320 (116.0)
81: 302 306 321 322 324 352 367 (119.0)
82: 319 (74.0)
83: 336 344 (87.0)
84: 329 364 (78.0)
85: 327 333 334 347 353 354 368 (120.0)
86: 328 337 338 342 350 (98.0)
87: 312 331 343 355 (125.0)
88: 340 346 349 362 373 392 (99.0)
89: 341 348 351 360 369 382 390 (104.0)
90: 345 357 377 378 (124.0)
91: 356 358 363 376 397 414 (121.0)
92: 365 366 371 372 380 388 (107.0)
93: 359 374 381 383 (125.0)
94: 361 387 412 (84.0)
95: 375 386 394 399 (124.0)
96: 385 398 415 419 (124.0)
97: 370 379 395 396 406 408 (125.0)
98: 391 402 410 420 423 (121.0)
99: 403 425 426 429 442 (123.0)
100: 389 400 424 445 458 (110.0)
101: 384 405 407 416 422 439 440 (122.0)
102: 393 404 411 413 417 421 433 (125.0)
103: 428 438 443 450 457 (121.0)
104: 401 418 427 430 432 453 463 (113.0)
105: 434 454 473 (115.0)
106: 409 431 456 464 476 (125.0)
107: 436 441 444 459 461 (103.0)
108: 437 447 455 460 469 (124.0)
109: 435 471 481 (125.0)
110: 449 451 470 484 (125.0)
111: 466 475 479 496 (122.0)
112: 474 483 489 491 493 (118.0)
113: 468 478 480 490 495 (125.0)
114: 446 448 452 486 492 497 498 (108.0)
115: 477 482 487 494 499 (123.0)
116: 462 465 467 472 485 488 (108.0)
