Name: 500-60-125
Time: 31.156506538391113 
Result: 65
Solution:  0 4 0 1 1 1 0 1 8 3 3 0 3 0 5 2 4 2 0 4 5 9 7 9 3 5 5 6 7 3 7 12 1 6 2 14 7 10 8 6 7 14 13 10 8 11 13 17 13 14 12 12 11 8 8 6 19 7 18 21 9 14 15 13 15 14 13 16 11 17 19 25 21 24 14 18 20 19 24 19 22 24 19 23 16 24 18 16 20 22 19 26 15 22 19 17 23 28 27 21 22 19 24 18 25 23 27 24 28 27 30 28 32 32 27 29 30 27 37 27 31 27 32 35 26 33 27 35 33 29 36 31 30 27 31 34 36 25 33 32 33 41 36 38 34 39 35 45 37 33 36 41 43 36 40 42 41 33 39 40 44 46 38 41 42 43 46 32 41 46 36 41 39 43 38 49 49 38 48 41 47 40 52 47 46 40 46 43 46 48 44 46 50 47 51 39 56 50 49 53 53 49 52 51 53 46 52 49 51 49 52 45 50 51 44 54 58 56 58 54 50 59 62 50 64 58 55 56 62 58 53 55 60 59 61 52 65 55 54 61 57 61 58 64 58 57 60 60 58 56 60 65 69 63 69 67 65 64 60 70 63 67 61 61 66 64 68 66 67 67 69 73 59 62 73 72 72 75 68 66 69 63 71 69 69 71 69 75 75 68 73 71 72 75 73 72 70 74 79 72 78 79 83 76 76 73 78 74 83 72 81 77 84 74 81 83 79 79 78 80 78 82 81 74 81 77 82 81 85 85 79 89 85 89 77 83 91 82 84 85 87 93 86 90 81 87 84 87 91 84 85 91 86 84 79 86 91 93 93 92 92 88 88 91 92 97 93 81 94 87 95 91 93 88 95 89 94 90 91 101 94 95 84 88 99 98 94 95 98 92 89 93 88 89 90 98 99 92 98 96 99 104 94 102 100 100 95 97 94 96 97 100 104 98 99 99 98 105 94 96 102 102 104 104 101 101 97 105 101 97 102 107 106 98 104 103 111 107 105 102 109 104 100 103 107 110 102 106 114 109 105 108 107 105 112 108 109 110 104 110 103 115 110 104 105 112 111 106 112 107 110 114 116 111 106 113 109 109 113 111 113 108 115 116 116 116 112 114 112 115 114 113 116 113 110 115 109 115 110 116
0: 0 2 6 11 13 18 (69.0)
1: 3 4 5 7 32 (78.0)
2: 15 17 34 (60.0)
3: 9 10 12 24 29 (61.0)
4: 1 16 19 (70.0)
5: 14 20 25 26 (71.0)
6: 27 33 39 55 (62.0)
7: 22 28 30 36 40 57 (60.0)
8: 8 38 44 53 54 (64.0)
9: 21 23 60 (65.0)
10: 37 43 (62.0)
11: 45 52 68 (75.0)
12: 31 50 51 (79.0)
13: 42 46 48 63 66 (71.0)
14: 35 41 49 61 65 74 (70.0)
15: 62 64 92 (84.0)
16: 67 84 87 (71.0)
17: 47 69 95 (80.0)
18: 58 75 86 103 (60.0)
19: 56 70 77 79 82 90 94 101 (62.0)
20: 76 88 (60.0)
21: 59 72 99 (72.0)
22: 80 89 93 100 (89.0)
23: 83 96 105 (70.0)
24: 73 78 81 85 102 107 (63.0)
25: 71 104 137 (68.0)
26: 91 124 (77.0)
27: 98 106 109 114 117 119 121 126 133 (65.0)
28: 97 108 111 (71.0)
29: 115 129 (69.0)
30: 110 116 132 (67.0)
31: 120 131 134 (70.0)
32: 112 113 122 139 167 (61.0)
33: 125 128 138 140 149 157 (79.0)
34: 135 144 (66.0)
35: 123 127 146 (69.0)
36: 130 136 142 150 153 170 (98.0)
37: 118 148 (75.0)
38: 143 162 174 177 (84.0)
39: 145 158 172 195 (92.0)
40: 154 159 181 185 (84.0)
41: 141 151 156 163 168 171 179 (111.0)
42: 155 164 (84.0)
43: 152 165 173 187 (80.0)
44: 160 190 214 (91.0)
45: 147 211 (64.0)
46: 161 166 169 184 186 188 191 205 (125.0)
47: 180 183 193 (86.0)
48: 178 189 (95.0)
49: 175 176 198 201 207 209 (120.0)
50: 192 197 212 220 223 (88.0)
51: 194 203 208 213 (100.0)
52: 182 202 206 210 235 (87.0)
53: 199 200 204 230 (87.0)
54: 215 219 238 (68.0)
55: 226 231 237 (82.0)
56: 196 217 227 249 (117.0)
57: 240 245 (79.0)
58: 216 218 225 229 242 244 248 (79.0)
59: 221 233 272 (77.0)
60: 232 246 247 250 258 (106.0)
61: 234 239 241 262 263 (73.0)
62: 222 228 273 (77.0)
63: 253 260 281 (95.0)
64: 224 243 257 265 (79.0)
65: 236 251 256 (87.0)
66: 264 267 279 (79.0)
67: 255 261 268 269 (108.0)
68: 266 278 289 (91.0)
69: 252 254 270 280 283 284 286 (108.0)
70: 259 296 (102.0)
71: 282 285 291 (83.0)
72: 275 276 292 295 299 309 (121.0)
73: 271 274 290 294 305 (102.0)
74: 297 307 313 323 (111.0)
75: 277 287 288 293 (125.0)
76: 303 304 (87.0)
77: 311 325 334 (88.0)
78: 300 306 318 320 (124.0)
79: 298 301 316 317 330 354 (124.0)
80: 319 (74.0)
81: 310 314 322 324 327 344 367 (109.0)
82: 321 326 337 (96.0)
83: 302 308 315 335 (97.0)
84: 312 338 346 349 353 382 (124.0)
85: 328 329 332 339 350 (124.0)
86: 342 352 355 (103.0)
87: 340 345 347 369 (106.0)
88: 361 362 373 383 392 (119.0)
89: 331 333 375 390 393 (122.0)
90: 343 377 394 (118.0)
91: 336 348 351 356 363 371 378 (124.0)
92: 359 360 364 389 397 (117.0)
93: 341 357 358 366 372 391 (90.0)
94: 368 376 380 386 402 408 418 (124.0)
95: 370 374 381 387 406 (122.0)
96: 399 409 419 (121.0)
97: 365 407 410 426 429 (125.0)
98: 385 388 395 398 413 416 433 (124.0)
99: 384 396 400 414 415 (124.0)
100: 404 405 411 442 (119.0)
101: 379 424 425 428 (124.0)
102: 403 420 421 430 439 446 (125.0)
103: 435 443 460 (125.0)
104: 401 412 422 423 434 441 458 463 (114.0)
105: 417 427 438 450 453 464 (108.0)
106: 432 447 467 474 (81.0)
107: 431 437 444 452 469 (125.0)
108: 451 455 481 (119.0)
109: 440 449 456 476 477 496 (124.0)
110: 445 457 459 462 470 494 498 (110.0)
111: 436 466 473 479 (120.0)
112: 454 465 468 486 488 (122.0)
113: 475 478 480 491 493 (125.0)
114: 448 471 487 490 (112.0)
115: 461 482 489 495 497 (123.0)
116: 472 483 484 485 492 499 (122.0)
