Name: 500-20-30
Time: 29.43644881248474 
Result: 17
Solution:  1 1 0 1 2 6 1 0 8 2 3 2 2 7 1 4 9 0 6 4 3 1 5 7 7 3 6 4 10 8 3 6 0 12 6 10 11 12 18 5 11 6 12 9 13 12 6 17 7 6 9 11 14 12 6 5 13 13 12 14 15 16 19 8 23 16 19 19 12 18 17 17 16 18 19 21 20 24 27 13 15 12 18 20 18 19 24 26 27 29 20 30 22 21 19 15 23 21 25 19 23 25 19 25 25 21 33 29 22 23 29 24 24 20 27 26 28 31 30 26 29 29 28 39 32 27 31 31 30 35 33 36 34 30 34 38 30 37 33 31 28 32 35 38 27 32 33 34 30 33 37 37 43 38 41 39 38 42 42 35 36 36 42 37 33 35 41 40 36 44 40 38 42 42 38 45 42 47 39 47 39 40 43 42 36 44 42 43 42 46 41 43 45 48 46 46 48 49 47 51 49 49 44 50 50 44 52 46 43 50 51 48 50 49 43 45 46 50 57 45 51 52 52 54 43 53 50 60 51 60 58 53 59 54 55 48 50 54 60 54 51 56 56 48 52 57 52 52 53 60 57 53 49 58 52 58 58 49 56 57 60 55 60 62 62 59 59 59 61 58 54 59 56 59 54 56 63 63 62 64 63 66 56 57 65 62 66 60 62 59 66 67 66 64 69 62 66 70 65 65 61 64 66 68 66 65 67 68 70 69 68 71 64 67 71 67 71 62 70 68 70 64 73 73 72 70 72 81 72 71 69 79 64 68 69 72 79 70 70 78 75 74 74 80 75 77 80 76 76 76 79 80 82 78 77 73 73 78 80 74 74 81 79 77 78 78 74 81 82 74 82 76 84 80 81 83 77 81 86 84 83 74 81 86 81 76 84 80 87 87 90 91 86 92 85 86 91 85 79 93 87 87 88 91 90 83 84 93 90 94 97 86 89 97 91 90 93 93 84 88 89 88 86 92 90 91 91 88 85 92 95 91 92 90 87 96 94 92 88 101 99 93 96 98 102 98 91 98 101 95 100 91 93 96 89 94 99 101 103 98 97 99 92 98 99 100 98 93 100 96 103 101 100 103 106 101 102 106 100 103 106 98 97 100 105 104 99 103 106 99 102 104 104 106 97 104 106 106 106 105
0: 2 7 17 32 (21.0)
1: 0 1 3 6 14 21 (22.0)
2: 4 9 11 12 (21.0)
3: 10 20 25 30 (20.0)
4: 15 19 27 (21.0)
5: 22 39 55 (20.0)
6: 5 18 26 31 34 41 46 49 54 (20.0)
7: 13 23 24 48 (22.0)
8: 8 29 63 (20.0)
9: 16 43 50 (21.0)
10: 28 35 (21.0)
11: 36 40 51 (23.0)
12: 33 37 42 45 53 58 68 81 (16.0)
13: 44 56 57 79 (22.0)
14: 52 59 (20.0)
15: 60 80 95 (20.0)
16: 61 65 72 (24.0)
17: 47 70 71 (21.0)
18: 38 69 73 82 84 (20.0)
19: 62 66 67 74 85 94 99 102 (21.0)
20: 76 83 90 113 (23.0)
21: 75 93 97 105 (20.0)
22: 92 108 (22.0)
23: 64 96 100 109 (21.0)
24: 77 86 111 112 (24.0)
25: 98 101 103 104 (22.0)
26: 87 115 119 (22.0)
27: 78 88 114 125 144 (21.0)
28: 116 122 140 (21.0)
29: 89 107 110 120 121 (20.0)
30: 91 118 128 133 136 148 (19.0)
31: 117 126 127 139 (21.0)
32: 124 141 145 (25.0)
33: 106 130 138 146 149 164 (25.0)
34: 132 134 147 (25.0)
35: 129 142 159 165 (26.0)
36: 131 160 161 168 184 (22.0)
37: 137 150 151 163 (25.0)
38: 135 143 153 156 171 174 (20.0)
39: 123 155 178 180 (20.0)
40: 167 170 181 (24.0)
41: 154 166 190 (22.0)
42: 157 158 162 172 173 176 183 186 188 (22.0)
43: 152 182 187 191 208 214 224 (28.0)
44: 169 185 202 205 (26.0)
45: 175 192 215 219 (29.0)
46: 189 194 195 207 216 (24.0)
47: 177 179 198 (21.0)
48: 193 196 211 235 243 (26.0)
49: 197 200 201 213 252 257 (25.0)
50: 203 204 209 212 217 226 236 (24.0)
51: 199 210 220 228 240 (27.0)
52: 206 221 222 244 246 247 254 (28.0)
53: 225 231 248 251 (28.0)
54: 223 233 237 239 270 274 (27.0)
55: 234 261 (26.0)
56: 241 242 258 272 275 282 (25.0)
57: 218 245 250 259 283 (30.0)
58: 230 253 255 256 269 (28.0)
59: 232 265 266 267 271 273 289 (25.0)
60: 227 229 238 249 260 262 287 (26.0)
61: 268 300 (21.0)
62: 263 264 278 285 288 295 317 (22.0)
63: 276 277 280 (24.0)
64: 279 293 301 312 321 332 (26.0)
65: 284 298 299 305 (25.0)
66: 281 286 290 292 296 302 304 (30.0)
67: 291 306 313 315 (28.0)
68: 303 307 310 319 333 (25.0)
69: 294 309 330 334 (24.0)
70: 297 308 318 320 325 337 338 (29.0)
71: 311 314 316 329 (26.0)
72: 324 326 328 335 (23.0)
73: 322 323 355 356 (26.0)
74: 341 342 359 360 366 369 381 (29.0)
75: 340 344 (23.0)
76: 347 348 349 371 385 (28.0)
77: 345 354 363 376 (22.0)
78: 339 353 357 364 365 (24.0)
79: 331 336 350 362 398 (27.0)
80: 343 346 351 358 373 387 (23.0)
81: 327 361 367 374 377 382 384 (26.0)
82: 352 368 370 (22.0)
83: 375 380 405 (27.0)
84: 372 379 386 406 418 (26.0)
85: 394 397 428 (29.0)
86: 378 383 392 395 411 422 (28.0)
87: 388 389 400 401 434 (28.0)
88: 402 419 421 427 438 (25.0)
89: 412 420 454 (23.0)
90: 390 404 408 415 424 433 (29.0)
91: 391 396 403 414 425 426 431 446 451 (30.0)
92: 393 423 429 432 437 462 (29.0)
93: 399 407 416 417 441 452 467 (26.0)
94: 409 436 455 (30.0)
95: 430 449 (28.0)
96: 435 442 453 469 (28.0)
97: 410 413 460 482 494 (30.0)
98: 443 445 447 459 463 466 481 (30.0)
99: 440 456 461 464 486 489 (30.0)
100: 450 465 468 472 478 483 (29.0)
101: 439 448 457 471 475 (30.0)
102: 444 476 490 (30.0)
103: 458 470 473 479 487 (30.0)
104: 485 491 492 495 (30.0)
105: 484 499 (33.0)
106: 474 477 480 488 493 496 497 498 (32.0)
