Name: 500-30-50
Time: 16.160457611083984 
Result: 27031
Solution:  3 1 0 4 2 7 3 7 0 2 1 7 10 1 2 3 9 3 4 1 7 5 9 2 3 5 3 0 6 5 8 5 6 12 9 8 11 9 2 12 10 13 9 16 15 3 9 11 8 13 6 3 9 12 16 10 21 12 14 8 15 20 13 15 20 17 12 22 12 20 16 17 14 12 18 19 21 19 24 20 22 20 20 20 18 27 22 24 14 23 24 27 23 26 24 21 31 20 21 16 28 25 24 24 27 24 17 25 26 18 20 27 29 36 24 33 33 31 30 30 28 27 28 26 35 33 30 32 28 34 33 32 27 33 33 29 36 37 38 32 38 36 40 35 36 36 36 42 38 35 41 43 32 40 39 33 36 31 36 34 47 40 40 39 48 36 38 41 47 37 42 43 41 43 41 45 44 44 37 40 50 45 40 47 43 46 40 44 45 49 48 49 55 46 50 43 50 49 50 51 54 54 45 47 52 53 57 52 48 55 57 50 54 53 59 51 56 57 53 57 57 49 54 58 58 54 53 52 63 63 53 63 61 54 55 57 56 59 59 60 63 63 66 60 61 66 63 58 61 57 55 65 64 64 72 60 65 65 59 61 72 70 62 68 59 70 62 65 74 68 69 68 70 71 69 67 68 71 65 73 67 70 75 71 69 78 73 66 72 78 64 72 68 72 72 71 80 69 68 74 73 72 78 74 75 83 74 73 76 77 79 75 84 78 77 81 69 76 76 78 79 77 81 79 77 81 80 81 82 76 81 82 82 83 80 83 84 81 84 80 77 82 82 87 75 89 83 85 81 79 82 84 83 92 87 91 81 85 83 88 90 87 86 91 84 83 86 86 89 83 90 85 87 85 87 85 90 90 87 92 95 89 90 91 88 94 84 97 91 96 95 95 85 84 92 93 87 97 94 94 96 98 92 95 100 93 95 96 101 86 90 93 98 96 91 98 89 97 99 99 93 98 91 103 94 103 100 102 94 100 103 102 100 105 99 102 101 99 104 96 108 105 106 101 99 109 99 109 97 101 102 102 104 103 105 105 106 106 106 104 104 102 109 110 107 107 108 103 111 99 105 107 109 106 106 110 111 101 109 109 112 109 110 110 101 107 113 113 108 108 111 112 107 109 111 113 111 111 111 113
0: 2 8 27 (39.0)
1: 1 10 13 19 (30.0)
2: 4 9 14 23 38 (30.0)
3: 0 6 15 17 24 26 45 51 (31.0)
4: 3 18 (30.0)
5: 21 25 29 31 (31.0)
6: 28 32 50 (34.0)
7: 5 7 11 20 (32.0)
8: 30 35 48 59 (22.0)
9: 16 22 34 37 42 46 52 (25.0)
10: 12 40 55 (39.0)
11: 36 47 (35.0)
12: 33 39 53 57 66 68 73 (29.0)
13: 41 49 62 (32.0)
14: 58 72 88 (37.0)
15: 44 60 63 (34.0)
16: 43 54 70 99 (36.0)
17: 65 71 106 (35.0)
18: 74 84 109 (35.0)
19: 75 77 (31.0)
20: 61 64 69 79 81 82 83 97 110 (32.0)
21: 56 76 95 98 (30.0)
22: 67 80 86 (32.0)
23: 89 92 (31.0)
24: 78 87 90 94 102 103 105 114 (31.0)
25: 101 107 (32.0)
26: 93 108 123 (30.0)
27: 85 91 104 111 121 132 (34.0)
28: 100 120 122 128 (33.0)
29: 112 135 (44.0)
30: 118 119 126 (31.0)
31: 96 117 157 (31.0)
32: 127 131 139 152 (33.0)
33: 115 116 125 130 133 134 155 (32.0)
34: 129 159 (34.0)
35: 124 143 149 (30.0)
36: 113 136 141 144 145 146 156 158 165 (30.0)
37: 137 169 178 (38.0)
38: 138 140 148 166 (30.0)
39: 154 163 (39.0)
40: 142 153 161 162 179 182 186 (24.0)
41: 150 167 172 174 (43.0)
42: 147 170 (32.0)
43: 151 171 173 184 195 (34.0)
44: 176 177 187 (40.0)
45: 175 181 188 202 (40.0)
46: 185 193 (30.0)
47: 160 168 183 203 (34.0)
48: 164 190 208 (42.0)
49: 189 191 197 221 (44.0)
50: 180 194 196 198 211 (38.0)
51: 199 215 (31.0)
52: 204 207 227 (36.0)
53: 205 213 218 226 230 (39.0)
54: 200 201 212 222 225 233 (46.0)
55: 192 209 234 250 (34.0)
56: 216 236 (39.0)
57: 206 210 217 219 220 235 249 (41.0)
58: 223 224 247 (49.0)
59: 214 237 238 258 264 (41.0)
60: 239 243 255 (47.0)
61: 232 244 248 259 (49.0)
62: 262 266 (32.0)
63: 228 229 231 240 241 246 (41.0)
64: 252 253 290 (31.0)
65: 251 256 257 267 278 (49.0)
66: 242 245 287 (37.0)
67: 275 280 (37.0)
68: 263 269 271 276 292 298 (38.0)
69: 270 274 284 297 316 (41.0)
70: 261 265 272 281 (34.0)
71: 273 277 283 295 (34.0)
72: 254 260 288 291 293 294 301 (48.0)
73: 279 286 300 307 (47.0)
74: 268 299 303 306 (38.0)
75: 282 304 311 344 (45.0)
76: 308 317 318 329 (50.0)
77: 309 314 321 324 340 (45.0)
78: 285 289 302 313 319 (50.0)
79: 310 320 323 349 (38.0)
80: 296 326 334 339 (40.0)
81: 315 322 325 327 330 337 348 356 (46.0)
82: 328 331 332 341 342 350 (45.0)
83: 305 333 335 346 352 358 365 369 (50.0)
84: 312 336 338 351 364 386 393 (50.0)
85: 347 357 371 373 375 392 (37.0)
86: 362 366 367 409 (45.0)
87: 343 354 361 372 374 378 396 (50.0)
88: 359 384 (49.0)
89: 345 368 381 416 (50.0)
90: 360 370 376 377 382 410 (50.0)
91: 355 363 383 388 414 422 (47.0)
92: 353 379 394 402 (50.0)
93: 395 405 411 420 (53.0)
94: 385 398 399 424 428 (47.0)
95: 380 390 391 403 406 (52.0)
96: 389 400 407 413 439 (46.0)
97: 387 397 417 448 (45.0)
98: 401 412 415 421 (41.0)
99: 418 419 434 437 444 446 469 (43.0)
100: 404 426 429 432 (50.0)
101: 408 436 443 449 477 484 (50.0)
102: 427 431 435 450 451 461 (50.0)
103: 423 425 430 453 467 (50.0)
104: 438 452 459 460 (51.0)
105: 433 441 454 455 470 (50.0)
106: 442 456 457 458 473 474 (51.0)
107: 464 465 471 485 492 (50.0)
108: 440 466 488 489 (50.0)
109: 445 447 462 472 478 479 481 493 (49.0)
110: 463 475 482 483 (50.0)
111: 468 476 490 494 496 497 498 (50.0)
112: 480 491 (50.0)
113: 486 487 495 499 (50.0)
