Name: 500-30-50
Time: 15.443355798721313 
Result: 32031
Solution:  3 3 0 4 2 3 2 1 5 0 9 1 8 0 4 0 0 0 1 3 7 0 5 1 14 8 4 2 6 7 5 15 8 14 11 10 9 4 14 9 11 5 11 14 17 14 16 12 11 10 10 4 9 16 13 6 11 14 21 14 19 16 15 7 15 16 15 24 19 15 18 18 15 13 17 12 18 20 17 19 13 20 22 17 20 24 20 25 21 22 26 14 23 26 26 27 29 22 16 32 33 25 19 21 30 17 24 23 26 22 30 23 30 30 25 29 35 28 34 26 28 30 21 25 35 37 31 33 28 38 35 35 26 33 30 27 37 31 34 34 39 37 37 32 39 37 35 40 39 37 29 42 39 35 38 37 37 34 36 36 33 37 37 41 46 37 43 41 42 41 42 36 47 42 42 44 47 45 44 39 40 45 43 48 46 43 39 50 43 50 49 52 53 45 51 43 51 49 48 48 56 43 54 51 44 53 51 57 55 56 54 48 54 49 58 54 50 54 51 58 53 54 53 62 55 56 51 48 53 59 49 54 61 58 56 60 59 58 60 59 64 61 63 57 60 66 66 57 62 55 59 64 61 65 66 60 66 65 70 62 73 63 64 65 61 63 63 61 67 69 68 69 72 65 69 68 74 70 67 73 67 64 70 74 69 75 70 66 73 69 72 78 64 71 65 71 74 70 70 77 74 73 76 71 74 75 72 74 75 77 80 76 79 77 74 79 72 78 75 76 79 81 87 81 71 81 82 78 87 77 79 80 84 85 82 79 84 76 86 80 82 82 81 75 81 78 82 83 80 87 81 84 87 90 85 88 78 85 83 92 85 88 85 86 84 85 90 86 86 88 92 81 94 85 87 85 86 90 88 83 87 92 82 88 83 91 86 90 91 91 93 100 85 91 93 91 94 88 93 94 98 98 91 97 95 93 93 96 97 89 98 99 91 97 96 97 97 96 95 97 95 92 89 94 94 102 92 96 94 100 102 107 97 102 99 101 106 100 105 93 103 105 99 101 101 102 99 99 101 103 104 106 104 104 107 109 105 105 108 107 102 104 113 111 105 104 113 103 110 106 104 108 107 102 106 109 113 109 108 113 110 110 111 112 101 106 110 108 111 112 112 112 113 113 111 111 113 113 108 113
0: 2 9 13 15 16 17 21 (23.0)
1: 7 11 18 23 (34.0)
2: 4 6 27 (32.0)
3: 0 1 5 19 (34.0)
4: 3 14 26 37 51 (30.0)
5: 8 22 30 41 (37.0)
6: 28 55 (30.0)
7: 20 29 63 (31.0)
8: 12 25 32 (33.0)
9: 10 36 39 52 (32.0)
10: 35 49 50 (31.0)
11: 34 40 42 48 56 (32.0)
12: 47 75 (31.0)
13: 54 73 80 (37.0)
14: 24 33 38 43 45 57 59 91 (27.0)
15: 31 62 64 66 69 72 (30.0)
16: 46 53 61 65 98 (24.0)
17: 44 74 78 83 105 (27.0)
18: 70 71 76 (30.0)
19: 60 68 79 102 (31.0)
20: 77 81 84 86 (41.0)
21: 58 88 103 122 (37.0)
22: 82 89 97 109 (41.0)
23: 92 107 111 (36.0)
24: 67 85 106 (35.0)
25: 87 101 114 123 (40.0)
26: 90 93 94 108 119 132 (35.0)
27: 95 135 (31.0)
28: 117 120 128 (31.0)
29: 96 115 150 (36.0)
30: 104 110 112 113 121 134 (40.0)
31: 126 137 (30.0)
32: 99 143 (35.0)
33: 100 127 133 160 (32.0)
34: 118 138 139 157 (32.0)
35: 116 124 130 131 146 153 (33.0)
36: 158 159 171 (30.0)
37: 125 136 141 142 145 149 155 156 161 162 165 (27.0)
38: 129 154 (31.0)
39: 140 144 148 152 179 186 (35.0)
40: 147 180 (35.0)
41: 163 167 169 (43.0)
42: 151 168 170 173 174 (33.0)
43: 166 182 185 188 195 201 (32.0)
44: 175 178 204 (36.0)
45: 177 181 193 (39.0)
46: 164 184 (32.0)
47: 172 176 (32.0)
48: 183 198 199 211 227 (35.0)
49: 190 197 213 230 (31.0)
50: 187 189 216 (36.0)
51: 194 196 203 206 218 226 (39.0)
52: 191 (32.0)
53: 192 205 220 222 228 (36.0)
54: 202 210 212 215 217 221 231 (49.0)
55: 208 224 249 (41.0)
56: 200 209 225 234 (40.0)
57: 207 243 247 (50.0)
58: 214 219 233 237 (36.0)
59: 229 236 239 250 (46.0)
60: 235 238 244 255 (47.0)
61: 232 241 252 264 267 (49.0)
62: 223 248 259 (49.0)
63: 242 261 265 266 (38.0)
64: 240 251 262 281 292 (45.0)
65: 253 257 263 273 294 (39.0)
66: 245 246 254 256 287 (48.0)
67: 268 278 280 (38.0)
68: 270 275 (31.0)
69: 269 271 274 284 289 (41.0)
70: 258 277 282 286 297 298 (44.0)
71: 293 295 303 324 (42.0)
72: 272 290 306 316 (39.0)
73: 260 279 288 301 (40.0)
74: 276 283 296 300 304 307 314 (47.0)
75: 285 305 308 318 343 (45.0)
76: 302 311 319 337 (50.0)
77: 299 309 313 329 (44.0)
78: 291 317 327 345 356 (48.0)
79: 312 315 320 330 335 (40.0)
80: 310 331 339 348 (48.0)
81: 321 323 325 342 344 350 371 (50.0)
82: 326 334 340 341 346 382 (50.0)
83: 347 358 379 384 (49.0)
84: 332 336 351 364 (43.0)
85: 333 354 357 360 362 365 373 375 392 (47.0)
86: 338 363 367 368 376 386 (44.0)
87: 322 328 349 352 374 380 (48.0)
88: 355 361 369 378 383 397 (45.0)
89: 409 422 (31.0)
90: 353 366 377 387 (49.0)
91: 385 388 389 393 395 402 412 (50.0)
92: 359 370 381 421 426 (50.0)
93: 390 394 398 405 406 439 (49.0)
94: 372 396 399 423 424 428 (50.0)
95: 404 418 420 (40.0)
96: 407 414 417 427 (34.0)
97: 403 408 413 415 416 419 432 (50.0)
98: 400 401 410 (36.0)
99: 411 434 442 446 447 (41.0)
100: 391 429 437 (50.0)
101: 435 443 444 448 484 (53.0)
102: 425 430 433 445 460 473 (50.0)
103: 440 449 467 (50.0)
104: 450 452 453 461 465 470 (51.0)
105: 438 441 456 457 464 (54.0)
106: 436 451 469 474 485 (50.0)
107: 431 454 459 472 (50.0)
108: 458 471 478 487 498 (49.0)
109: 455 475 477 (49.0)
110: 468 480 481 486 (50.0)
111: 463 482 488 494 495 (52.0)
112: 483 489 490 491 (50.0)
113: 462 466 476 479 492 493 496 497 499 (46.0)
