Name: 500-40-75
Time: 29.88968539237976 
Result: 40
Solution:  5 1 3 1 0 1 2 3 2 1 1 3 3 1 1 4 7 1 6 6 7 1 6 2 9 0 1 3 13 8 8 9 8 6 5 9 4 12 8 5 10 6 10 11 11 8 13 12 14 6 10 9 15 12 12 16 14 16 12 18 18 16 12 15 13 16 11 17 19 12 21 14 20 16 21 25 12 19 14 20 22 21 16 24 23 22 16 20 22 18 24 16 19 24 27 23 24 25 19 26 25 31 20 23 23 27 17 28 21 31 31 21 23 24 20 28 25 27 29 24 32 29 29 33 31 28 25 35 33 28 24 36 29 31 34 35 23 26 30 31 39 25 33 32 38 32 30 34 27 30 37 32 35 27 33 38 31 29 34 38 35 38 34 36 33 32 36 36 44 30 42 37 41 39 43 39 40 42 38 40 35 38 39 41 38 37 43 41 36 43 40 41 35 41 44 45 40 38 50 44 43 43 48 44 42 40 44 39 49 54 48 39 38 40 44 49 45 48 45 48 53 53 44 51 50 46 52 54 47 51 56 48 42 46 50 51 55 51 45 51 47 54 58 56 53 47 53 47 55 60 53 51 54 55 49 58 52 55 51 55 56 57 63 56 52 52 57 59 48 65 58 55 56 56 60 58 57 60 56 61 59 54 61 59 60 64 58 54 61 64 62 61 62 57 53 69 60 61 63 61 60 73 65 65 63 65 64 66 61 67 70 68 75 63 70 66 64 68 62 68 64 67 69 66 63 68 65 76 73 68 72 69 69 73 72 66 73 75 77 75 67 63 73 72 71 71 73 74 73 76 69 75 68 76 70 74 82 74 72 79 74 75 74 83 77 84 75 74 72 79 79 85 78 77 78 84 77 85 81 78 82 75 80 81 77 74 75 76 86 81 83 85 80 76 86 85 76 79 85 83 84 80 82 83 80 86 91 83 86 83 92 90 83 92 88 79 86 91 84 87 91 88 90 85 80 92 89 97 89 88 87 97 87 84 93 90 95 91 97 93 91 96 84 96 91 89 88 94 93 95 90 88 98 94 89 97 87 94 100 96 102 96 95 97 93 91 98 98 101 95 94 98 94 98 94 99 97 98 102 100 98 99 103 103 103 101 100 95 100 100 103 102 103 96 102 96 102 102 99 101
0: 4 25 (41.0)
1: 1 3 5 9 10 13 14 17 21 26 (38.0)
2: 6 8 23 (43.0)
3: 2 7 11 12 27 (40.0)
4: 15 36 (45.0)
5: 0 34 39 (43.0)
6: 18 19 22 33 41 49 (40.0)
7: 16 20 (40.0)
8: 29 30 32 38 45 (41.0)
9: 24 31 35 51 (45.0)
10: 40 42 50 (42.0)
11: 43 44 66 (42.0)
12: 37 47 53 54 58 62 69 76 (41.0)
13: 28 46 64 (43.0)
14: 48 56 71 78 (44.0)
15: 52 63 (52.0)
16: 55 57 61 65 73 82 86 91 (40.0)
17: 67 106 (40.0)
18: 59 60 89 (52.0)
19: 68 77 92 98 (48.0)
20: 72 79 87 102 114 (51.0)
21: 70 74 81 108 111 (53.0)
22: 80 85 88 (41.0)
23: 84 95 103 104 112 136 (44.0)
24: 83 90 93 96 113 119 130 (53.0)
25: 75 97 100 116 126 141 (46.0)
26: 99 137 (46.0)
27: 94 105 117 148 153 (44.0)
28: 107 115 125 129 (49.0)
29: 118 121 122 132 157 (47.0)
30: 138 146 149 169 (59.0)
31: 101 109 110 124 133 139 156 (63.0)
32: 120 143 145 151 165 (57.0)
33: 123 128 142 154 164 (51.0)
34: 134 147 158 162 (67.0)
35: 127 135 152 160 180 192 (58.0)
36: 131 163 166 167 188 (56.0)
37: 150 171 185 (60.0)
38: 144 155 159 161 178 181 184 197 212 (57.0)
39: 140 173 175 182 207 211 (56.0)
40: 176 179 190 196 205 213 (58.0)
41: 172 183 187 191 193 (49.0)
42: 170 177 204 232 (48.0)
43: 174 186 189 200 201 (50.0)
44: 168 194 199 203 206 214 222 (58.0)
45: 195 216 218 238 (49.0)
46: 225 233 (44.0)
47: 228 240 245 247 (64.0)
48: 202 210 217 219 231 268 (65.0)
49: 208 215 254 (52.0)
50: 198 224 234 (44.0)
51: 223 229 235 237 239 251 258 (78.0)
52: 226 256 264 265 (48.0)
53: 220 221 244 246 250 294 (55.0)
54: 209 227 241 252 281 287 (60.0)
55: 236 248 253 257 259 271 (55.0)
56: 230 243 260 263 272 273 278 (75.0)
57: 261 266 276 293 (53.0)
58: 242 255 270 275 286 (62.0)
59: 267 280 283 (53.0)
60: 249 274 277 284 296 300 (72.0)
61: 279 282 288 291 297 299 308 (51.0)
62: 290 292 318 (47.0)
63: 262 298 304 313 324 341 (52.0)
64: 285 289 306 316 320 (70.0)
65: 269 302 303 305 326 (57.0)
66: 307 315 323 335 (70.0)
67: 309 321 340 (44.0)
68: 311 317 319 325 329 352 (61.0)
69: 295 322 331 332 350 (50.0)
70: 310 314 354 (55.0)
71: 344 345 (42.0)
72: 330 334 343 358 368 (75.0)
73: 301 328 333 336 342 346 348 (73.0)
74: 347 355 357 360 362 367 385 (75.0)
75: 312 337 339 351 361 366 381 386 (64.0)
76: 327 349 353 387 393 396 (74.0)
77: 338 364 373 376 384 (75.0)
78: 372 374 379 (47.0)
79: 359 369 370 397 415 (69.0)
80: 382 392 401 404 424 (66.0)
81: 378 383 389 (74.0)
82: 356 380 402 (75.0)
83: 363 390 399 403 407 409 412 (50.0)
84: 365 375 400 418 433 442 (75.0)
85: 371 377 391 395 398 423 (75.0)
86: 388 394 405 408 416 (68.0)
87: 419 430 432 456 (75.0)
88: 414 421 429 446 451 (72.0)
89: 426 428 445 454 (67.0)
90: 411 422 435 450 (67.0)
91: 406 417 420 437 440 444 465 (73.0)
92: 410 413 425 (63.0)
93: 434 439 448 464 (75.0)
94: 447 453 457 470 472 474 (72.0)
95: 436 449 462 469 487 (67.0)
96: 441 443 459 461 493 495 (72.0)
97: 427 431 438 455 463 476 (67.0)
98: 452 466 467 471 473 477 480 (67.0)
99: 475 481 498 (75.0)
100: 458 479 486 488 489 (64.0)
101: 468 485 499 (74.0)
102: 460 478 491 494 496 497 (68.0)
103: 482 483 484 490 492 (74.0)
