Name: 500-50-100
Time: 14.99035906791687 
Result: 2052
Solution:  1 3 0 3 1 0 7 1 7 1 8 0 3 4 3 7 4 4 3 2 2 8 7 7 5 4 7 7 5 0 3 3 7 8 6 4 13 6 13 7 9 7 14 15 16 8 3 9 9 5 16 18 16 7 6 10 7 13 7 12 11 7 18 15 10 16 15 7 14 11 11 15 18 15 20 19 13 19 9 10 18 7 14 15 22 17 13 15 16 16 25 16 13 19 19 20 17 15 18 13 12 21 16 20 20 26 17 23 26 24 20 18 19 15 22 24 25 25 19 24 26 21 21 28 23 25 26 19 29 21 28 26 21 27 30 21 27 31 28 30 33 30 22 26 29 28 21 28 28 29 31 31 31 37 37 34 29 30 32 35 32 35 31 24 31 35 30 32 33 32 32 36 33 33 27 37 39 35 30 34 35 39 40 28 36 45 35 41 37 32 38 34 38 36 43 32 38 32 38 47 39 40 38 46 36 40 39 41 44 50 48 44 43 41 39 42 39 51 41 38 46 39 44 39 42 49 40 45 46 44 52 49 44 46 40 43 41 41 44 47 52 43 44 51 47 47 52 50 51 54 45 52 58 50 51 48 47 49 46 51 50 49 51 50 51 50 59 57 46 46 51 56 51 56 45 53 50 53 54 47 58 52 53 55 50 56 55 51 55 54 59 54 56 55 55 61 57 52 57 51 60 61 62 49 57 57 56 54 60 61 58 60 57 62 55 60 58 59 61 53 55 63 58 63 60 63 55 59 70 58 58 59 66 67 55 61 63 63 71 61 57 63 66 56 66 65 72 64 65 64 72 68 64 61 62 65 59 59 70 68 73 74 63 75 74 72 71 65 63 67 64 72 69 74 69 74 68 71 74 64 68 72 65 76 69 69 75 67 78 78 64 68 73 70 73 73 68 73 67 70 67 75 69 70 80 82 71 79 67 78 70 83 73 71 72 72 77 74 83 78 75 77 76 81 80 81 78 80 75 73 84 79 87 73 80 80 79 83 77 88 88 81 81 89 87 88 82 78 80 83 84 83 84 89 84 88 83 78 82 87 81 84 81 85 85 81 84 89 83 85 84 80 86 90 89 83 80 90 85 87 87 82 79 86 89 89 89 90 86 88 88 87 90 87 90 89 90 86 82 86
0: 2 5 11 29 (62.0)
1: 0 4 7 9 (66.0)
2: 19 20 (59.0)
3: 1 3 12 14 18 30 31 46 (50.0)
4: 13 16 17 25 35 (55.0)
5: 24 28 49 (57.0)
6: 34 37 54 (52.0)
7: 6 8 15 22 23 26 27 32 39 41 53 56 58 61 67 81 (50.0)
8: 10 21 33 45 (52.0)
9: 40 47 48 78 (51.0)
10: 55 64 79 (54.0)
11: 60 69 70 (62.0)
12: 59 100 (55.0)
13: 36 38 57 76 86 92 99 (52.0)
14: 42 68 82 (52.0)
15: 43 63 66 71 73 83 87 97 113 (50.0)
16: 44 50 52 65 88 89 91 102 (53.0)
17: 85 96 106 (51.0)
18: 51 62 72 80 98 111 (54.0)
19: 75 77 93 94 112 118 127 (56.0)
20: 74 95 103 104 110 (54.0)
21: 101 121 122 129 132 135 146 (54.0)
22: 84 114 142 (59.0)
23: 107 124 (50.0)
24: 109 115 119 163 (57.0)
25: 90 116 117 125 (76.0)
26: 105 108 120 126 131 143 (59.0)
27: 133 136 174 (66.0)
28: 123 130 138 145 147 148 183 (61.0)
29: 128 144 149 156 (68.0)
30: 134 139 141 157 166 178 (67.0)
31: 137 150 151 152 162 164 (54.0)
32: 158 160 167 169 170 189 195 197 (75.0)
33: 140 168 172 173 (63.0)
34: 155 179 191 (56.0)
35: 159 161 165 177 180 186 (70.0)
36: 171 184 193 204 (64.0)
37: 153 154 175 188 (82.0)
38: 190 192 196 198 202 219 (81.0)
39: 176 181 200 206 214 216 221 223 (69.0)
40: 182 201 205 226 234 (64.0)
41: 187 207 213 218 236 237 (84.0)
42: 215 224 (53.0)
43: 194 212 235 241 (59.0)
44: 208 211 222 229 232 238 242 (62.0)
45: 185 227 250 274 (61.0)
46: 203 220 228 233 258 268 269 (71.0)
47: 199 239 244 245 256 279 (71.0)
48: 210 255 (59.0)
49: 225 231 257 261 303 (78.0)
50: 209 247 253 260 263 265 276 284 (100.0)
51: 217 243 248 254 259 262 264 270 272 287 299 (87.0)
52: 230 240 246 251 281 297 (80.0)
53: 275 277 282 319 (67.0)
54: 249 278 289 291 307 (72.0)
55: 283 286 288 293 294 314 320 326 334 (98.0)
56: 271 273 285 292 306 343 (77.0)
57: 267 296 298 304 305 312 340 (65.0)
58: 252 280 310 316 322 329 330 (76.0)
59: 266 290 317 327 331 356 357 (90.0)
60: 300 308 311 315 324 (81.0)
61: 295 301 309 318 335 339 353 (95.0)
62: 302 313 354 (56.0)
63: 321 323 325 336 337 341 362 368 (97.0)
64: 347 349 352 370 379 390 (100.0)
65: 345 348 355 367 382 (100.0)
66: 332 342 344 (63.0)
67: 333 369 387 398 400 408 (99.0)
68: 351 359 376 380 391 396 (100.0)
69: 372 374 384 385 402 (89.0)
70: 328 358 393 399 403 410 (99.0)
71: 338 366 377 406 413 (78.0)
72: 346 350 365 371 381 414 415 (84.0)
73: 360 392 394 395 397 412 429 433 (100.0)
74: 361 364 373 375 378 417 (70.0)
75: 363 386 401 420 428 (77.0)
76: 383 422 (58.0)
77: 416 421 438 (100.0)
78: 388 389 409 419 426 447 457 (77.0)
79: 407 431 436 482 (68.0)
80: 404 424 427 434 435 448 471 476 (81.0)
81: 423 425 441 442 460 462 465 (72.0)
82: 405 446 458 481 498 (99.0)
83: 411 418 437 449 451 456 468 475 (93.0)
84: 430 450 452 454 461 466 470 (100.0)
85: 463 464 469 478 (100.0)
86: 472 483 488 497 499 (102.0)
87: 432 444 459 479 480 491 493 (100.0)
88: 439 440 445 455 489 490 (100.0)
89: 443 453 467 474 484 485 486 495 (100.0)
90: 473 477 487 492 494 496 (100.0)
