Name: 500-30-50
Time: 16.207924604415894 
Result: 26035
Solution:  1 3 0 4 0 5 0 3 9 8 2 1 6 7 1 0 2 2 1 3 5 2 2 2 8 7 1 4 5 3 8 13 7 2 9 8 6 7 13 7 11 13 11 18 10 12 8 17 10 11 12 11 12 8 20 15 12 14 14 11 16 11 12 8 20 15 11 17 21 20 14 19 13 10 17 16 18 21 23 19 22 20 21 17 21 24 25 22 18 25 28 20 24 20 25 24 32 26 26 19 26 25 31 20 27 31 18 23 26 30 31 23 28 32 23 34 26 29 34 22 27 27 31 27 32 31 30 35 31 35 32 34 32 31 33 28 32 33 35 31 34 38 31 29 33 32 31 42 39 40 37 44 34 41 39 39 39 40 38 36 49 40 38 37 47 38 40 41 41 36 41 39 45 43 43 42 44 45 43 40 38 44 40 43 43 46 38 51 43 49 49 48 52 46 53 45 49 49 50 50 56 43 56 52 45 53 54 55 47 56 50 54 54 54 53 50 51 52 53 54 57 48 57 61 59 52 50 53 53 58 58 54 57 57 55 55 60 58 59 59 59 64 67 60 67 63 63 55 62 58 58 62 66 57 61 65 65 65 62 61 65 68 65 67 66 65 63 59 66 67 64 69 75 67 69 66 63 69 69 64 68 74 65 71 69 77 74 78 73 71 72 72 69 72 71 71 73 74 72 73 73 77 75 74 74 80 79 76 76 76 70 80 79 77 74 77 78 77 78 78 77 80 82 78 75 85 81 79 83 70 83 79 83 83 81 81 74 72 83 77 83 82 82 84 82 86 86 85 79 89 82 84 90 90 82 88 80 83 83 76 92 82 85 93 85 92 90 85 84 89 91 91 88 81 96 85 89 93 89 86 91 94 92 91 88 93 87 90 91 84 90 94 83 85 92 93 94 97 92 94 96 94 97 96 99 97 93 97 99 87 97 95 97 95 98 100 96 98 95 98 95 98 98 103 93 101 100 92 96 102 107 104 99 98 100 106 101 99 101 97 105 101 99 105 109 102 103 98 103 99 105 103 103 104 104 105 104 104 102 107 107 100 108 106 101 106 113 113 109 98 106 110 109 107 112 108 113 109 110 113 112 110 111 112 103 107 110 108 110 108 111 111 112 113 109 111 113 113 110 113
0: 2 4 6 15 (18.0)
1: 0 11 14 18 26 (31.0)
2: 10 16 17 21 22 23 33 (28.0)
3: 1 7 19 29 (34.0)
4: 3 27 (34.0)
5: 5 20 28 (35.0)
6: 12 36 (35.0)
7: 13 25 32 37 39 (31.0)
8: 9 24 30 35 46 53 63 (28.0)
9: 8 34 (31.0)
10: 44 48 73 (30.0)
11: 40 42 49 51 59 61 66 (30.0)
12: 45 50 52 56 62 (30.0)
13: 31 38 41 72 (31.0)
14: 57 58 70 (33.0)
15: 55 65 (30.0)
16: 60 75 (30.0)
17: 47 67 74 83 (33.0)
18: 43 76 88 106 (34.0)
19: 71 79 99 (30.0)
20: 54 64 69 81 91 93 103 (40.0)
21: 68 77 82 84 (40.0)
22: 80 87 119 (33.0)
23: 78 107 111 114 (33.0)
24: 85 92 95 (35.0)
25: 86 89 94 101 (39.0)
26: 97 98 100 108 116 (35.0)
27: 104 120 121 123 (37.0)
28: 90 112 135 (45.0)
29: 117 143 (32.0)
30: 109 126 (33.0)
31: 102 105 110 122 125 128 133 139 142 146 (30.0)
32: 96 113 124 130 132 136 145 (31.0)
33: 134 137 144 (31.0)
34: 115 118 131 140 152 (33.0)
35: 127 129 138 (41.0)
36: 159 169 (31.0)
37: 150 163 (43.0)
38: 141 158 162 165 180 186 (30.0)
39: 148 154 155 156 171 (31.0)
40: 149 157 161 166 179 182 (27.0)
41: 153 167 168 170 (32.0)
42: 147 175 (36.0)
43: 173 174 178 183 184 188 201 (45.0)
44: 151 176 181 (35.0)
45: 172 177 195 204 (41.0)
46: 185 193 (30.0)
47: 164 208 (41.0)
48: 191 221 (34.0)
49: 160 189 190 196 197 (34.0)
50: 198 199 210 215 226 (42.0)
51: 187 216 (35.0)
52: 192 203 217 225 (33.0)
53: 194 205 214 218 227 228 (33.0)
54: 206 211 212 213 219 231 (36.0)
55: 207 234 235 247 (43.0)
56: 200 202 209 (35.0)
57: 220 222 232 233 253 (39.0)
58: 229 230 237 249 250 (50.0)
59: 224 238 239 240 267 (49.0)
60: 236 243 (46.0)
61: 223 254 259 (46.0)
62: 248 251 258 (47.0)
63: 245 246 266 276 (47.0)
64: 241 270 279 (47.0)
65: 255 256 257 260 262 265 282 (48.0)
66: 252 264 268 275 (45.0)
67: 242 244 263 269 273 (33.0)
68: 261 280 (34.0)
69: 271 274 277 278 284 292 (47.0)
70: 310 329 (37.0)
71: 283 289 294 295 (37.0)
72: 290 291 293 298 337 (38.0)
73: 288 296 299 300 (40.0)
74: 281 286 297 303 304 314 336 (46.0)
75: 272 302 324 (44.0)
76: 307 308 309 359 (47.0)
77: 285 301 313 315 317 320 339 (50.0)
78: 287 316 318 319 323 (50.0)
79: 306 312 327 331 348 (37.0)
80: 305 311 321 356 (41.0)
81: 326 334 335 373 (40.0)
82: 322 341 342 344 350 354 361 (43.0)
83: 328 330 332 333 338 340 357 358 392 (50.0)
84: 343 351 368 389 (42.0)
85: 325 347 362 364 367 375 393 (45.0)
86: 345 346 379 (42.0)
87: 386 409 (32.0)
88: 355 372 384 (38.0)
89: 349 369 376 378 (36.0)
90: 352 353 366 387 390 (50.0)
91: 370 371 380 383 388 (49.0)
92: 360 365 382 394 398 427 (50.0)
93: 363 377 385 395 406 424 (49.0)
94: 381 391 396 399 401 (48.0)
95: 411 413 418 420 (42.0)
96: 374 400 403 416 428 (50.0)
97: 397 402 405 407 410 412 439 (48.0)
98: 414 417 419 421 422 433 447 469 (47.0)
99: 404 408 432 437 442 449 (50.0)
100: 415 426 434 461 (51.0)
101: 425 436 438 441 464 (53.0)
102: 429 445 458 (50.0)
103: 423 446 448 451 452 484 (50.0)
104: 431 453 454 456 457 (50.0)
105: 440 443 450 455 (53.0)
106: 435 463 465 470 (50.0)
107: 430 459 460 473 485 (49.0)
108: 462 475 487 489 (50.0)
109: 444 468 472 477 494 (50.0)
110: 471 478 481 486 488 498 (50.0)
111: 482 490 491 495 (50.0)
112: 474 480 483 492 (50.0)
113: 466 467 476 479 493 496 497 499 (46.0)
