Name: 500-60-125
Time: 15.663617134094238 
Result: 65
Solution:  6 4 0 4 0 4 3 0 2 0 0 3 0 6 8 8 5 10 3 1 5 5 9 1 5 2 14 10 4 9 14 3 10 12 12 14 10 6 14 7 9 13 10 7 9 11 8 7 18 14 11 16 13 14 9 12 9 8 19 21 11 14 15 10 15 17 14 17 11 17 14 21 15 14 16 21 20 14 24 21 19 24 18 22 18 24 24 16 20 22 21 25 28 28 19 23 23 24 24 26 22 24 24 18 30 23 31 24 26 36 32 25 29 32 29 30 28 23 32 27 32 24 27 36 31 27 31 34 29 37 25 31 39 36 29 33 34 28 29 33 29 33 27 36 35 34 40 41 38 37 30 37 44 40 39 42 40 40 40 35 41 35 36 42 42 39 41 34 40 46 38 41 43 48 37 44 43 40 45 44 43 41 51 46 50 46 47 49 49 44 45 42 41 42 47 47 45 52 49 48 49 49 49 50 52 44 51 50 52 55 52 53 53 56 54 55 55 54 58 56 49 54 48 59 59 58 60 57 58 55 50 52 58 64 59 51 56 57 62 61 64 65 59 55 59 59 57 60 62 56 60 66 65 63 67 63 65 61 66 69 62 61 58 61 70 65 69 65 66 67 68 63 64 69 72 71 71 72 68 69 71 73 67 72 67 79 68 70 71 73 75 67 76 77 72 74 75 74 72 77 78 77 76 76 74 77 82 70 84 80 77 78 87 75 78 79 79 78 80 80 81 78 78 77 89 83 73 84 79 82 85 83 82 89 82 81 84 79 82 79 85 92 80 91 85 91 87 88 89 89 88 86 86 80 87 94 86 86 89 88 92 94 88 87 83 98 92 89 91 87 94 92 91 88 90 97 95 90 90 97 95 90 88 92 98 93 91 93 95 93 96 99 88 93 96 95 99 88 99 99 100 93 95 98 96 103 96 101 97 94 95 100 93 100 98 107 101 106 96 99 105 102 102 103 102 97 108 109 100 101 107 106 105 98 101 104 103 106 106 104 101 99 102 104 107 108 101 105 112 108 103 109 111 110 111 108 111 109 104 110 105 111 112 103 105 110 110 109 110 107 114 113 109 102 112 115 114 106 111 113 113 115 113 105 109 114 112 116 111 105 115 116 116 114 109 112 114 114 110 116
0: 2 4 7 9 10 12 (64.0)
1: 19 23 (63.0)
2: 8 25 (60.0)
3: 6 11 18 31 (65.0)
4: 1 3 5 28 (71.0)
5: 16 20 21 24 (63.0)
6: 0 13 37 (62.0)
7: 39 43 47 (75.0)
8: 14 15 46 57 (72.0)
9: 22 29 40 44 54 56 (64.0)
10: 17 27 32 36 42 63 (70.0)
11: 45 50 60 68 (86.0)
12: 33 34 55 (63.0)
13: 41 52 (66.0)
14: 26 30 35 38 49 53 61 66 70 73 77 (60.0)
15: 62 64 72 (64.0)
16: 51 74 87 (75.0)
17: 65 67 69 (60.0)
18: 48 82 84 103 (64.0)
19: 58 80 94 (64.0)
20: 76 88 (60.0)
21: 59 71 75 79 90 (67.0)
22: 83 89 100 (74.0)
23: 95 96 105 117 (80.0)
24: 78 81 85 86 97 98 101 102 107 121 (70.0)
25: 91 111 130 (78.0)
26: 99 108 (76.0)
27: 119 122 125 142 (64.0)
28: 92 93 116 137 (83.0)
29: 112 114 128 134 138 140 (79.0)
30: 104 115 150 (82.0)
31: 106 124 126 131 (69.0)
32: 110 113 118 120 (72.0)
33: 135 139 141 (65.0)
34: 127 136 145 167 (74.0)
35: 144 159 161 (95.0)
36: 109 123 133 143 162 (96.0)
37: 129 149 151 174 (84.0)
38: 148 170 (75.0)
39: 132 154 165 (72.0)
40: 146 153 156 157 158 168 177 (78.0)
41: 147 160 166 171 181 192 (111.0)
42: 155 163 164 191 193 (110.0)
43: 172 176 180 (100.0)
44: 152 175 179 189 205 (104.0)
45: 178 190 196 (119.0)
46: 169 183 185 (73.0)
47: 186 194 195 (90.0)
48: 173 199 222 (63.0)
49: 187 188 198 200 201 202 220 (103.0)
50: 184 203 207 230 (124.0)
51: 182 206 235 (77.0)
52: 197 204 208 210 231 (125.0)
53: 211 212 (67.0)
54: 214 217 221 (77.0)
55: 209 215 216 229 243 (82.0)
56: 213 219 236 249 (87.0)
57: 227 237 246 (75.0)
58: 218 225 228 232 262 (78.0)
59: 223 224 234 242 244 245 (87.0)
60: 226 247 250 (89.0)
61: 239 257 261 263 (83.0)
62: 238 248 260 (73.0)
63: 253 255 271 (125.0)
64: 233 240 272 (101.0)
65: 241 252 256 265 267 (106.0)
66: 251 258 268 (73.0)
67: 254 269 282 284 291 (88.0)
68: 270 278 286 (79.0)
69: 259 266 273 279 (104.0)
70: 264 287 307 (95.0)
71: 275 276 280 288 (88.0)
72: 274 277 283 294 298 (112.0)
73: 281 289 326 (98.0)
74: 295 297 304 (87.0)
75: 290 296 313 (123.0)
76: 292 302 303 (95.0)
77: 293 299 301 305 310 323 (93.0)
78: 300 311 314 317 321 322 (116.0)
79: 285 315 316 328 337 339 (121.0)
80: 309 318 319 342 353 (115.0)
81: 320 335 (115.0)
82: 306 329 332 334 338 (124.0)
83: 325 331 364 (91.0)
84: 308 327 336 (83.0)
85: 330 340 344 (75.0)
86: 351 352 356 357 (84.0)
87: 312 346 354 363 369 (88.0)
88: 347 350 359 362 373 382 392 397 (124.0)
89: 324 333 348 349 358 367 (108.0)
90: 374 377 378 381 (124.0)
91: 343 345 368 372 386 (119.0)
92: 341 360 366 371 383 (124.0)
93: 385 387 389 393 401 412 (119.0)
94: 355 361 370 409 (123.0)
95: 376 380 388 395 402 410 (125.0)
96: 390 394 404 406 418 (123.0)
97: 375 379 408 425 (123.0)
98: 365 384 403 414 433 (113.0)
99: 391 396 398 399 419 441 (119.0)
100: 400 411 413 428 (107.0)
101: 407 416 429 434 440 446 (122.0)
102: 421 422 424 442 473 (101.0)
103: 405 423 436 450 463 (118.0)
104: 435 439 443 458 (125.0)
105: 420 432 447 460 464 483 489 (125.0)
106: 417 431 437 438 477 (124.0)
107: 415 430 444 469 (122.0)
108: 426 445 449 455 (125.0)
109: 427 451 457 467 472 484 494 (125.0)
110: 453 459 465 466 468 498 (125.0)
111: 452 454 456 461 478 488 (123.0)
112: 448 462 474 486 495 (92.0)
113: 471 479 480 482 (125.0)
114: 470 476 485 493 496 497 (124.0)
115: 475 481 490 (122.0)
116: 487 491 492 499 (125.0)
