Name: 500-40-75
Time: 15.576689720153809 
Result: 6041
Solution:  1 3 4 2 3 4 6 4 2 0 4 2 6 4 4 3 9 4 4 7 1 4 5 2 0 0 4 6 5 4 14 6 10 11 5 10 9 11 10 7 12 7 14 8 8 11 7 18 10 11 16 12 13 11 14 14 12 12 11 16 20 7 14 15 15 14 14 17 15 14 20 19 19 19 22 11 14 20 19 22 21 13 21 21 22 18 23 21 28 22 25 18 27 27 23 24 23 18 19 24 27 25 22 18 21 23 17 23 22 27 24 21 25 21 28 28 28 29 31 30 32 28 29 31 30 30 29 32 31 23 34 34 25 26 33 31 29 26 29 31 38 39 31 35 30 40 29 33 29 26 40 33 37 38 32 34 28 38 33 38 37 41 34 37 30 36 36 37 40 34 39 43 37 41 43 36 40 43 39 42 35 40 49 43 38 45 43 42 47 47 42 39 44 38 40 48 42 39 41 41 36 43 43 42 42 51 45 52 40 46 49 41 50 44 46 44 46 44 45 45 47 46 46 44 42 47 51 47 44 56 48 43 47 47 50 55 53 51 57 51 49 46 55 51 60 55 51 50 49 59 53 50 62 50 54 54 50 53 54 59 57 57 62 60 58 55 59 59 50 52 60 57 61 58 57 60 63 61 52 51 56 54 63 61 60 64 54 62 62 64 62 59 65 63 60 56 65 62 68 63 57 68 73 63 65 65 67 67 64 73 67 69 63 66 70 66 63 69 61 68 67 69 69 68 59 72 74 73 65 75 66 71 71 78 69 64 66 69 73 71 69 71 68 69 71 77 71 74 68 73 65 80 78 76 70 84 84 80 72 80 70 76 75 76 79 76 82 76 75 79 72 78 76 77 78 74 77 86 74 78 77 80 83 78 75 82 83 77 81 83 84 85 76 81 81 86 76 84 82 74 84 81 87 84 79 93 85 84 85 85 91 90 79 94 83 79 83 91 84 86 89 87 89 92 89 91 89 96 85 90 93 88 88 90 92 92 95 92 87 87 98 92 90 93 90 95 94 93 91 96 85 90 96 95 88 95 101 95 97 96 99 98 96 97 91 95 98 98 97 94 100 98 94 102 96 97 98 98 101 100 101 102 101 98 103 98 103 96 99 101 100 101 103 95 103 99 100 103 101 102
0: 9 24 25 (40.0)
1: 0 20 (48.0)
2: 3 8 11 23 (46.0)
3: 1 4 15 (44.0)
4: 2 5 7 10 13 14 17 18 21 26 29 (40.0)
5: 22 28 34 (36.0)
6: 6 12 27 31 (46.0)
7: 19 39 41 46 61 (43.0)
8: 43 44 (41.0)
9: 16 36 (43.0)
10: 32 35 38 48 (45.0)
11: 33 37 45 49 53 58 75 (41.0)
12: 40 51 56 57 (41.0)
13: 52 81 (50.0)
14: 30 42 54 55 62 65 66 69 76 (40.0)
15: 63 64 68 (49.0)
16: 50 59 (40.0)
17: 67 106 (40.0)
18: 47 85 91 97 103 (41.0)
19: 71 72 73 78 98 (51.0)
20: 60 70 77 (42.0)
21: 80 82 83 87 104 111 113 (45.0)
22: 74 79 84 89 102 108 (54.0)
23: 86 94 96 105 107 129 (42.0)
24: 95 99 110 (52.0)
25: 90 101 112 132 (43.0)
26: 133 137 149 (55.0)
27: 92 93 100 109 (48.0)
28: 88 114 115 116 121 156 (52.0)
29: 117 122 126 136 138 146 148 (52.0)
30: 119 124 125 144 164 (52.0)
31: 118 123 128 135 139 142 (56.0)
32: 120 127 154 (43.0)
33: 134 147 151 158 (64.0)
34: 130 131 155 162 169 (48.0)
35: 143 180 (46.0)
36: 165 166 175 200 (56.0)
37: 152 160 163 167 172 (53.0)
38: 140 153 157 159 184 193 (51.0)
39: 141 170 178 191 197 (56.0)
40: 145 150 168 176 181 194 208 (60.0)
41: 161 173 198 199 211 (45.0)
42: 179 187 190 196 203 204 224 (64.0)
43: 171 174 177 183 186 201 202 231 (54.0)
44: 192 213 215 217 223 228 (59.0)
45: 185 206 218 219 (57.0)
46: 209 214 216 221 222 241 (61.0)
47: 188 189 220 225 227 232 233 (62.0)
48: 195 230 (44.0)
49: 182 210 240 248 (63.0)
50: 212 234 247 251 253 256 268 (56.0)
51: 205 226 237 239 243 246 279 (50.0)
52: 207 269 278 (44.0)
53: 236 250 257 (44.0)
54: 254 255 258 281 286 (71.0)
55: 235 242 245 265 (53.0)
56: 229 280 295 (49.0)
57: 238 260 261 271 274 300 (71.0)
58: 264 273 (56.0)
59: 249 259 266 267 291 324 (67.0)
60: 244 263 270 275 284 294 (57.0)
61: 272 277 283 318 (52.0)
62: 252 262 287 288 290 297 (67.0)
63: 276 282 293 299 303 312 316 (75.0)
64: 285 289 308 335 (69.0)
65: 292 296 304 305 328 350 (71.0)
66: 313 315 330 336 (70.0)
67: 306 307 310 320 (62.0)
68: 298 301 319 323 342 348 (73.0)
69: 311 317 321 322 334 337 340 343 (58.0)
70: 314 354 360 (54.0)
71: 331 332 339 341 344 346 (56.0)
72: 325 358 370 (55.0)
73: 302 309 327 338 349 (74.0)
74: 326 347 375 378 399 (61.0)
75: 329 362 368 384 (57.0)
76: 353 361 363 365 367 372 392 396 (64.0)
77: 345 373 376 380 387 (72.0)
78: 333 352 371 374 379 383 (68.0)
79: 364 369 404 412 415 (66.0)
80: 351 357 359 381 (46.0)
81: 388 393 394 401 (56.0)
82: 366 385 398 (45.0)
83: 382 386 389 414 416 (69.0)
84: 355 356 390 397 400 403 407 418 (75.0)
85: 391 406 408 409 428 450 (74.0)
86: 377 395 419 (71.0)
87: 402 421 438 439 (74.0)
88: 431 432 454 (42.0)
89: 420 422 424 426 (59.0)
90: 411 429 433 442 444 451 (71.0)
91: 410 417 425 448 464 (75.0)
92: 423 434 435 437 441 (75.0)
93: 405 430 443 447 (73.0)
94: 413 446 469 472 (74.0)
95: 436 445 453 455 457 465 493 (75.0)
96: 427 449 452 459 462 474 487 (75.0)
97: 458 463 468 475 (75.0)
98: 440 461 466 467 471 476 477 483 485 (77.0)
99: 460 488 495 (75.0)
100: 470 479 490 496 (74.0)
101: 456 478 480 482 489 491 498 (71.0)
102: 473 481 499 (75.0)
103: 484 486 492 494 497 (74.0)
