Name: 500-60-125
Time: 16.063402891159058 
Result: 65
Solution:  0 3 1 0 1 3 0 0 7 1 1 5 1 6 3 5 1 5 0 2 6 7 11 2 4 10 7 10 7 8 8 5 9 8 14 4 8 4 8 10 8 12 10 9 9 13 13 7 19 15 11 16 12 18 8 4 8 11 16 20 6 13 15 15 13 17 12 16 17 15 18 24 17 15 13 11 21 18 24 20 14 18 18 20 19 18 18 19 27 22 25 22 21 21 21 25 27 28 22 30 22 22 24 18 23 24 26 20 30 27 27 27 29 26 32 29 28 24 38 29 25 24 26 31 23 26 26 34 26 28 36 33 31 36 31 34 35 26 32 32 29 34 32 35 33 37 35 37 36 31 36 39 44 38 46 37 38 38 35 36 41 40 43 41 40 39 43 33 42 43 47 43 41 48 44 47 45 38 48 38 46 46 47 45 47 39 47 40 48 52 45 43 45 49 53 42 53 52 49 53 56 53 51 54 51 45 53 50 49 49 59 44 50 54 46 56 57 55 55 55 49 60 49 57 57 61 56 58 61 52 50 51 60 56 51 59 52 62 56 62 54 64 58 56 57 62 61 61 58 57 58 64 61 63 68 64 64 62 65 66 67 73 60 60 67 65 71 65 68 67 68 69 66 67 72 75 71 69 70 67 69 70 69 63 68 76 70 71 75 80 70 72 71 77 74 73 68 71 79 75 77 72 80 74 76 78 74 75 81 78 83 77 87 73 80 74 78 77 83 78 80 80 76 74 74 82 83 78 84 87 78 90 82 79 85 83 84 82 86 85 89 85 79 82 85 85 86 83 88 89 94 95 81 86 79 87 89 87 84 97 90 88 89 91 82 95 91 95 95 89 93 93 91 91 84 91 96 92 90 98 95 95 86 88 101 94 91 93 99 99 90 95 92 90 92 96 101 87 98 98 97 98 98 96 93 101 96 94 96 95 100 105 101 98 100 93 100 105 94 99 101 102 101 104 100 97 94 103 102 101 103 106 100 102 97 104 111 105 103 101 98 98 103 99 108 101 107 109 110 109 104 106 112 102 102 108 105 103 105 108 109 111 110 106 110 116 111 116 107 107 113 113 114 103 110 114 113 105 111 111 113 112 116 105 109 115 114 115 115 105 115 112 116 114 107 113 114 116 114 112
0: 0 3 6 7 18 (73.0)
1: 2 4 9 10 12 16 (62.0)
2: 19 23 (63.0)
3: 1 5 14 (60.0)
4: 24 35 37 55 (76.0)
5: 11 15 17 31 (71.0)
6: 13 20 60 (60.0)
7: 8 21 26 28 47 (75.0)
8: 29 30 33 36 38 40 54 56 (62.0)
9: 32 43 44 (60.0)
10: 25 27 39 42 (67.0)
11: 22 50 57 75 (61.0)
12: 41 52 66 (70.0)
13: 45 46 61 64 74 (85.0)
14: 34 80 (68.0)
15: 49 62 63 69 73 (87.0)
16: 51 58 67 (66.0)
17: 65 68 72 (60.0)
18: 53 70 77 81 82 85 86 103 (60.0)
19: 48 84 87 (76.0)
20: 59 79 83 107 (65.0)
21: 76 92 93 94 (83.0)
22: 89 91 98 100 101 (107.0)
23: 104 124 (73.0)
24: 71 78 102 105 117 121 (66.0)
25: 90 95 120 (66.0)
26: 106 113 122 125 126 128 137 (68.0)
27: 88 96 109 110 111 (84.0)
28: 97 116 129 (67.0)
29: 112 115 119 140 (81.0)
30: 99 108 (76.0)
31: 123 132 134 149 (80.0)
32: 114 138 139 142 (68.0)
33: 131 144 167 (76.0)
34: 127 135 141 (79.0)
35: 136 143 146 158 (76.0)
36: 130 133 148 150 159 (113.0)
37: 145 147 155 (77.0)
38: 118 153 156 157 177 179 (77.0)
39: 151 165 185 (74.0)
40: 161 164 187 (70.0)
41: 160 163 172 (81.0)
42: 168 195 (68.0)
43: 162 166 169 171 191 (83.0)
44: 152 174 211 (83.0)
45: 176 183 190 192 205 (85.0)
46: 154 180 181 214 (99.0)
47: 170 175 182 184 186 (92.0)
48: 173 178 188 (88.0)
49: 193 198 208 209 220 222 (110.0)
50: 207 212 230 (87.0)
51: 202 204 231 234 (93.0)
52: 189 197 229 236 (78.0)
53: 194 196 199 201 206 (98.0)
54: 203 213 240 (120.0)
55: 217 218 219 (72.0)
56: 200 215 226 233 238 243 (112.0)
57: 216 223 224 244 249 (78.0)
58: 227 242 248 250 (108.0)
59: 210 235 (76.0)
60: 221 232 262 263 (74.0)
61: 225 228 246 247 252 (84.0)
62: 237 239 245 257 (83.0)
63: 253 283 (69.0)
64: 241 251 255 256 (103.0)
65: 258 265 267 (78.0)
66: 259 272 (84.0)
67: 260 264 269 273 279 (105.0)
68: 254 268 270 284 296 (101.0)
69: 271 277 280 282 (125.0)
70: 278 281 286 290 (114.0)
71: 266 276 287 292 297 (109.0)
72: 274 291 301 (84.0)
73: 261 295 313 (102.0)
74: 294 303 306 315 323 324 (120.0)
75: 275 288 299 307 (116.0)
76: 285 304 322 (78.0)
77: 293 300 311 317 (121.0)
78: 305 309 316 319 327 330 (107.0)
79: 298 333 342 354 (113.0)
80: 289 302 314 320 321 (123.0)
81: 308 352 (68.0)
82: 325 332 337 343 364 (124.0)
83: 310 318 326 335 347 (125.0)
84: 328 336 358 374 (119.0)
85: 334 339 341 344 345 (120.0)
86: 338 346 353 382 (92.0)
87: 312 329 355 357 397 (125.0)
88: 348 361 383 (90.0)
89: 340 349 356 362 369 (87.0)
90: 331 360 378 390 393 (124.0)
91: 363 366 372 373 375 386 (99.0)
92: 377 392 394 (122.0)
93: 370 371 387 404 415 (121.0)
94: 350 385 407 418 426 (119.0)
95: 351 365 367 368 380 381 391 409 (122.0)
96: 376 395 403 406 408 (124.0)
97: 359 400 425 434 (125.0)
98: 379 398 399 401 402 413 440 441 (118.0)
99: 388 389 419 443 (125.0)
100: 410 414 416 424 432 (125.0)
101: 384 396 405 412 420 422 429 439 445 (125.0)
102: 421 428 433 453 454 (120.0)
103: 427 430 438 442 457 473 (125.0)
104: 423 435 450 (96.0)
105: 411 417 437 456 458 477 483 489 (122.0)
106: 431 451 463 (118.0)
107: 446 468 469 494 (93.0)
108: 444 455 459 (122.0)
109: 447 449 460 484 (124.0)
110: 448 462 464 474 (73.0)
111: 436 461 466 478 479 (119.0)
112: 452 481 491 499 (125.0)
113: 470 471 476 480 495 (107.0)
114: 472 475 486 493 496 498 (115.0)
115: 485 487 488 490 (118.0)
116: 465 467 482 492 497 (106.0)
