Name: 500-20-30
Time: 15.685814380645752 
Result: 4013
Solution:  2 1 9 3 2 5 1 2 4 5 5 0 4 4 3 0 7 3 4 5 8 5 1 1 3 1 4 9 10 6 11 4 9 17 1 6 12 17 1 8 12 9 8 13 10 15 5 11 11 6 14 14 16 13 17 9 12 17 11 16 15 17 14 15 9 7 19 23 11 10 17 19 13 19 23 21 19 18 17 25 15 17 18 14 20 19 22 26 20 23 22 24 21 17 23 18 25 21 31 26 28 25 23 20 22 27 27 24 29 19 27 26 22 30 23 30 28 30 34 28 35 27 24 30 32 31 35 33 32 27 23 33 37 33 42 31 31 38 34 33 34 32 35 31 35 33 35 31 38 34 36 40 35 35 29 39 36 44 36 40 37 39 45 39 40 36 38 40 34 41 38 43 49 46 42 37 39 44 43 40 36 39 43 45 45 42 45 37 42 41 46 44 45 47 46 43 47 46 47 49 44 47 45 45 43 46 50 45 51 41 55 46 46 53 47 49 50 48 54 51 48 49 53 54 49 54 53 48 56 51 58 52 54 57 55 50 49 51 49 59 53 53 53 48 52 61 52 55 50 50 57 53 59 60 52 58 58 52 54 56 58 64 52 52 56 62 61 64 60 57 62 58 63 56 63 56 58 64 63 62 61 69 60 63 60 65 60 60 59 64 65 65 70 71 70 61 67 68 64 66 59 66 66 62 65 68 75 66 68 67 63 67 62 67 71 69 71 76 73 68 72 71 70 71 70 72 66 68 75 80 70 76 77 70 72 69 81 74 73 66 73 74 74 79 69 77 74 76 71 74 82 80 86 74 77 72 75 73 79 84 79 81 79 87 77 76 75 82 80 74 78 81 82 80 80 78 79 79 85 83 83 82 81 85 88 84 83 83 84 82 85 93 87 81 87 85 87 85 86 90 88 87 86 83 81 81 84 95 88 96 91 86 88 97 91 82 89 92 92 88 90 86 89 89 91 96 88 92 89 91 98 85 92 92 98 95 98 92 89 102 95 93 91 94 93 90 92 97 91 94 94 99 93 97 93 97 106 99 104 99 96 97 104 101 99 100 94 104 100 100 99 94 100 105 105 103 102 102 101 101 102 102 95 103 101 105 104 102 99 105 103 105 106 105 99 104 104 105 105 106
0: 11 15 (20.0)
1: 1 6 22 23 25 34 38 (20.0)
2: 0 4 7 (20.0)
3: 3 14 17 24 (23.0)
4: 8 12 13 18 26 31 (17.0)
5: 5 9 10 19 21 46 (21.0)
6: 29 35 49 (21.0)
7: 16 65 (23.0)
8: 20 39 42 (23.0)
9: 2 27 32 41 55 64 (23.0)
10: 28 44 69 (21.0)
11: 30 47 48 58 68 (21.0)
12: 36 40 56 (23.0)
13: 43 53 72 (20.0)
14: 50 51 62 83 (24.0)
15: 45 60 63 80 (23.0)
16: 52 59 (20.0)
17: 33 37 54 57 61 70 78 81 93 (20.0)
18: 77 82 95 (20.0)
19: 66 71 73 76 85 109 (20.0)
20: 84 88 103 (20.0)
21: 75 92 97 (21.0)
22: 86 90 104 112 (20.0)
23: 67 74 89 94 102 114 130 (19.0)
24: 91 107 122 (20.0)
25: 79 96 101 (21.0)
26: 87 99 111 (20.0)
27: 105 106 110 121 129 (24.0)
28: 100 116 119 (23.0)
29: 108 154 (25.0)
30: 113 115 117 123 (23.0)
31: 98 125 135 136 143 147 (21.0)
32: 124 128 141 (25.0)
33: 127 131 133 139 145 (25.0)
34: 118 138 140 149 168 (24.0)
35: 120 126 142 144 146 152 153 (22.0)
36: 150 156 158 165 180 (21.0)
37: 132 160 175 187 (27.0)
38: 137 148 166 170 (23.0)
39: 155 161 163 176 181 (30.0)
40: 151 159 164 167 179 (24.0)
41: 169 189 209 (25.0)
42: 134 174 185 188 (22.0)
43: 171 178 182 195 204 (21.0)
44: 157 177 191 200 (23.0)
45: 162 183 184 186 192 202 203 207 (24.0)
46: 173 190 194 197 205 211 212 (26.0)
47: 193 196 198 201 214 (26.0)
48: 217 220 227 243 (20.0)
49: 172 199 215 221 224 236 238 (22.0)
50: 206 216 235 248 249 (26.0)
51: 208 219 229 237 (22.0)
52: 231 244 246 254 257 262 263 (30.0)
53: 213 222 226 240 241 242 251 (26.0)
54: 218 223 225 232 258 (30.0)
55: 210 234 247 (30.0)
56: 228 259 264 273 275 (24.0)
57: 233 250 269 (24.0)
58: 230 255 256 260 271 276 (26.0)
59: 239 252 288 300 (22.0)
60: 253 268 282 284 286 287 (28.0)
61: 245 266 280 295 (27.0)
62: 265 270 279 303 312 (21.0)
63: 272 274 278 283 310 (27.0)
64: 261 267 277 289 298 (25.0)
65: 285 290 291 304 (25.0)
66: 299 301 302 307 326 339 (25.0)
67: 296 309 311 313 (24.0)
68: 297 305 308 319 327 (30.0)
69: 281 315 335 344 (28.0)
70: 292 294 322 324 330 333 (29.0)
71: 293 314 316 321 323 348 (30.0)
72: 320 325 334 355 (28.0)
73: 318 338 340 357 (25.0)
74: 337 341 342 346 349 353 369 (25.0)
75: 306 328 356 366 (22.0)
76: 317 331 347 365 (20.0)
77: 332 345 354 364 (23.0)
78: 370 375 (26.0)
79: 343 358 360 362 376 377 (24.0)
80: 329 351 368 373 374 (22.0)
81: 336 361 371 382 393 404 405 (22.0)
82: 350 367 372 381 389 415 (26.0)
83: 379 380 386 387 403 (27.0)
84: 359 385 388 406 (27.0)
85: 378 383 390 395 397 431 (25.0)
86: 352 398 402 411 421 (30.0)
87: 363 392 394 396 401 (30.0)
88: 384 400 408 412 419 426 (28.0)
89: 416 422 423 428 438 (30.0)
90: 399 420 445 (25.0)
91: 410 414 424 429 442 448 (30.0)
92: 417 418 427 432 433 437 446 (30.0)
93: 391 441 444 452 454 (28.0)
94: 443 449 450 466 471 (30.0)
95: 407 435 440 482 (29.0)
96: 409 425 460 (30.0)
97: 413 447 453 455 461 (30.0)
98: 430 434 436 (25.0)
99: 451 457 459 464 470 488 494 (30.0)
100: 465 468 469 472 (30.0)
101: 463 478 479 484 (28.0)
102: 439 476 477 480 481 487 (30.0)
103: 475 483 490 (30.0)
104: 458 462 467 486 495 496 (30.0)
105: 473 474 485 489 491 493 497 498 (30.0)
106: 456 492 499 (30.0)
