Name: 500-20-30
Time: 15.713416576385498 
Result: 3013
Solution:  1 1 0 0 0 6 1 3 3 4 4 5 4 5 1 2 3 5 4 1 6 9 1 6 2 1 4 8 9 7 4 4 10 9 4 8 10 13 17 11 12 5 10 10 10 14 8 11 5 6 7 12 14 15 9 9 12 19 15 22 13 15 21 7 19 13 15 24 15 16 15 17 14 19 16 18 20 23 24 13 16 17 18 17 20 19 20 21 23 24 22 23 26 17 19 16 19 18 25 18 26 25 24 21 22 25 27 24 28 24 25 27 20 29 27 24 29 29 31 26 35 30 30 35 29 37 40 31 33 27 25 36 31 31 30 36 36 28 30 41 41 34 34 36 35 31 36 39 41 33 36 39 40 37 32 37 36 40 37 43 34 39 45 38 39 35 34 41 34 32 33 42 48 46 47 37 38 47 40 44 45 38 43 48 37 44 40 37 40 42 49 42 45 48 50 46 48 47 41 45 39 48 47 49 46 42 47 45 46 50 54 48 46 47 44 47 48 47 52 43 46 54 56 50 52 55 50 48 43 45 53 52 52 54 54 51 49 46 47 53 49 53 50 55 58 59 53 52 48 64 57 52 52 53 60 57 52 52 57 61 58 51 64 53 60 55 60 59 65 56 58 68 60 58 59 62 63 57 65 63 61 66 61 55 60 70 67 58 58 59 64 63 65 59 70 63 68 69 69 65 62 72 67 61 74 67 70 66 68 65 67 68 63 67 69 66 71 64 62 68 68 67 74 73 72 70 73 69 78 79 72 75 78 73 78 76 75 75 66 76 71 77 69 79 73 74 75 73 73 79 73 82 78 74 77 76 70 71 83 75 74 80 74 84 75 81 80 79 82 80 79 75 83 84 84 81 77 78 83 83 90 85 84 84 77 80 86 77 86 91 91 80 85 90 88 86 90 85 86 88 87 89 82 80 89 88 83 83 90 91 93 84 88 85 87 82 92 92 88 92 89 91 89 89 92 84 89 90 85 90 93 85 94 99 93 98 97 95 95 94 98 94 98 95 96 97 102 100 92 95 102 91 96 96 94 99 102 105 95 94 99 100 92 100 97 104 104 102 100 96 98 104 101 103 102 100 101 103 100 100 97 104 102 105 101 105 104 104 103 102 103 106 105 105 100 106 106 103 104 106
0: 2 3 4 (22.0)
1: 0 1 6 14 19 22 25 (21.0)
2: 15 24 (21.0)
3: 7 8 16 (22.0)
4: 9 10 12 18 26 30 31 34 (18.0)
5: 11 13 17 41 48 (23.0)
6: 5 20 23 49 (20.0)
7: 29 50 63 (20.0)
8: 27 35 46 (20.0)
9: 21 28 33 54 55 (20.0)
10: 32 36 42 43 44 (22.0)
11: 39 47 (21.0)
12: 40 51 56 (25.0)
13: 37 60 65 79 (26.0)
14: 45 52 72 (21.0)
15: 53 58 61 66 68 70 (20.0)
16: 69 74 80 95 (20.0)
17: 38 71 81 83 93 (20.0)
18: 75 82 97 99 (21.0)
19: 57 64 73 85 94 96 (20.0)
20: 76 84 86 112 (20.0)
21: 62 87 103 (23.0)
22: 59 90 104 (20.0)
23: 77 88 91 (23.0)
24: 67 78 89 102 107 109 115 (22.0)
25: 98 101 105 110 130 (22.0)
26: 92 100 119 (24.0)
27: 106 111 114 129 (22.0)
28: 108 137 (23.0)
29: 113 116 117 124 (30.0)
30: 121 122 134 138 (24.0)
31: 118 127 132 133 145 (27.0)
32: 154 169 (21.0)
33: 128 149 170 (23.0)
34: 141 142 160 166 168 (25.0)
35: 120 123 144 165 (21.0)
36: 131 135 136 143 146 150 156 (21.0)
37: 125 153 155 158 175 184 187 (23.0)
38: 163 176 181 (25.0)
39: 147 151 161 164 200 (26.0)
40: 126 152 157 178 186 188 (21.0)
41: 139 140 148 167 198 (24.0)
42: 171 189 191 205 (24.0)
43: 159 182 219 228 (25.0)
44: 179 185 214 (28.0)
45: 162 180 192 199 207 229 (21.0)
46: 173 195 204 208 212 220 237 (24.0)
47: 174 177 197 202 206 213 215 217 238 (24.0)
48: 172 183 193 196 201 211 216 227 248 (22.0)
49: 190 203 236 240 (20.0)
50: 194 209 223 226 242 (25.0)
51: 235 261 (21.0)
52: 218 224 231 232 247 251 252 256 257 (20.0)
53: 230 239 241 246 253 263 (21.0)
54: 210 221 233 234 (30.0)
55: 225 243 265 283 (30.0)
56: 222 269 (21.0)
57: 250 255 258 277 (24.0)
58: 244 260 270 273 287 288 (24.0)
59: 245 267 274 289 293 (30.0)
60: 254 264 266 272 284 (26.0)
61: 259 280 282 303 (30.0)
62: 275 300 318 (21.0)
63: 276 279 291 295 312 (29.0)
64: 249 262 290 317 (23.0)
65: 268 278 292 299 309 (28.0)
66: 281 307 315 338 (22.0)
67: 286 302 305 310 313 321 (30.0)
68: 271 296 308 311 319 320 (29.0)
69: 297 298 314 327 342 (26.0)
70: 285 294 306 325 356 (28.0)
71: 316 340 357 (24.0)
72: 301 324 330 (22.0)
73: 323 326 333 344 347 348 350 (27.0)
74: 304 322 345 353 360 362 (27.0)
75: 331 336 337 346 359 364 371 (26.0)
76: 335 339 355 (24.0)
77: 341 354 376 384 387 (25.0)
78: 328 332 334 352 377 (22.0)
79: 329 343 349 367 370 (26.0)
80: 361 366 369 385 391 403 (29.0)
81: 365 375 (21.0)
82: 351 368 402 415 (26.0)
83: 358 372 378 379 406 407 (28.0)
84: 363 373 374 382 383 411 425 (30.0)
85: 381 392 397 413 428 431 (28.0)
86: 386 388 395 398 (29.0)
87: 400 414 (23.0)
88: 394 399 405 412 418 (30.0)
89: 401 404 420 422 423 426 (29.0)
90: 380 393 396 408 427 429 (30.0)
91: 389 390 409 421 451 (30.0)
92: 416 417 419 424 448 462 (29.0)
93: 410 430 434 (25.0)
94: 432 439 441 454 459 (27.0)
95: 437 438 443 449 458 (25.0)
96: 444 452 453 469 (28.0)
97: 436 445 464 480 (29.0)
98: 435 440 442 470 (30.0)
99: 433 455 460 (30.0)
100: 447 461 463 468 475 478 479 494 (31.0)
101: 472 476 484 (30.0)
102: 446 450 456 467 474 482 489 (30.0)
103: 473 477 488 490 497 (30.0)
104: 465 466 471 481 486 487 498 (30.0)
105: 457 483 485 492 493 (27.0)
106: 491 495 496 499 (28.0)
