Name: 500-20-30
Time: 29.5268714427948 
Result: 15
Solution:  0 1 6 0 1 9 2 2 3 3 3 0 3 7 0 1 6 2 4 4 6 10 5 5 4 7 3 2 9 4 3 10 2 14 9 8 7 14 3 5 8 10 10 7 17 14 10 16 12 7 9 18 13 12 10 14 10 19 10 11 14 19 16 12 14 11 19 22 15 15 15 17 13 16 24 19 12 20 23 20 18 19 17 18 21 22 20 30 22 22 22 26 21 24 22 15 25 23 23 16 27 25 23 25 21 19 31 26 28 23 29 24 20 33 23 24 28 31 29 27 35 26 30 34 32 29 29 27 30 36 35 31 34 29 35 29 36 36 31 36 29 33 34 37 34 33 37 40 41 37 37 40 38 42 32 37 37 40 37 44 39 42 42 38 40 35 36 42 40 47 40 42 47 41 45 38 39 42 43 41 49 41 43 42 44 42 45 44 44 45 51 48 45 45 52 49 46 52 43 48 39 47 48 47 44 45 56 50 43 46 54 48 48 49 49 48 52 50 51 53 47 45 54 52 44 55 45 48 60 51 55 52 52 54 53 46 50 48 47 52 51 52 59 57 51 62 54 55 50 56 56 54 51 54 56 58 61 50 57 61 59 57 51 59 56 68 61 56 60 58 61 68 55 60 57 62 61 59 65 63 59 71 58 64 66 70 60 58 61 66 63 64 69 63 63 66 67 68 67 65 64 74 69 68 65 65 70 65 67 75 62 66 71 70 70 69 65 73 64 68 72 63 73 74 72 69 73 81 73 75 72 78 67 66 72 70 79 70 73 68 71 82 72 79 71 78 78 79 67 73 75 83 81 78 77 73 74 73 79 83 73 82 76 85 74 87 82 83 83 76 80 81 81 80 79 77 78 87 80 81 77 75 83 83 86 76 84 87 82 91 87 78 85 86 84 80 89 85 85 93 88 83 82 85 88 90 85 83 86 89 87 91 91 86 91 84 90 86 83 90 90 86 94 91 94 83 91 94 95 90 92 85 96 94 92 96 97 97 93 97 88 94 93 95 98 99 95 96 97 95 102 100 94 96 89 93 98 98 98 93 102 99 91 96 96 103 98 103 100 101 103 94 100 102 99 100 102 105 101 99 105 99 97 102 104 104 105 103 97 100 101 106 106 105 104 105 103 103 104 106
0: 0 3 11 14 (22.0)
1: 1 4 15 (23.0)
2: 6 7 17 27 32 (23.0)
3: 8 9 10 12 26 30 38 (21.0)
4: 18 19 24 29 (20.0)
5: 22 23 39 (20.0)
6: 2 16 20 (24.0)
7: 13 25 36 43 49 (22.0)
8: 35 40 (24.0)
9: 5 28 34 50 (22.0)
10: 21 31 41 42 46 54 56 58 (20.0)
11: 59 65 (23.0)
12: 48 53 63 76 (22.0)
13: 52 72 (20.0)
14: 33 37 45 55 60 64 (16.0)
15: 68 69 70 95 (20.0)
16: 47 62 73 99 (21.0)
17: 44 71 82 (20.0)
18: 51 80 83 (20.0)
19: 57 61 66 75 81 105 (18.0)
20: 77 79 86 112 (24.0)
21: 84 92 104 (20.0)
22: 67 85 88 89 90 94 (19.0)
23: 78 97 98 102 109 114 (20.0)
24: 74 93 111 115 (17.0)
25: 96 101 103 (22.0)
26: 91 107 121 (20.0)
27: 100 119 127 (21.0)
28: 108 116 (21.0)
29: 110 118 125 126 133 135 140 (20.0)
30: 87 122 128 (23.0)
31: 106 117 131 138 (20.0)
32: 124 154 (22.0)
33: 113 141 145 (23.0)
34: 123 132 142 144 (23.0)
35: 120 130 134 165 (23.0)
36: 129 136 137 139 166 (25.0)
37: 143 146 149 150 155 156 158 (23.0)
38: 152 163 175 (21.0)
39: 160 176 200 (24.0)
40: 147 151 157 164 168 170 (28.0)
41: 148 173 179 181 (24.0)
42: 153 161 162 167 171 177 183 185 (25.0)
43: 178 182 198 208 (21.0)
44: 159 184 187 188 204 224 (24.0)
45: 174 186 189 192 193 205 221 226 (26.0)
46: 196 209 235 (24.0)
47: 169 172 201 203 220 238 (24.0)
48: 191 199 202 211 212 215 227 237 (27.0)
49: 180 195 213 214 (22.0)
50: 207 217 236 248 257 (21.0)
51: 190 218 229 240 244 252 262 (30.0)
52: 194 197 216 223 231 232 239 241 (29.0)
53: 219 234 (29.0)
54: 210 222 233 246 251 253 (30.0)
55: 225 230 247 272 (30.0)
56: 206 249 250 254 264 267 (29.0)
57: 243 258 261 274 (27.0)
58: 255 269 282 287 (24.0)
59: 242 260 263 277 280 (26.0)
60: 228 268 273 286 (21.0)
61: 256 259 266 270 276 288 (25.0)
62: 245 275 310 (22.0)
63: 279 290 293 294 321 (25.0)
64: 283 291 300 318 (26.0)
65: 278 299 304 305 307 316 (27.0)
66: 284 289 295 311 333 (30.0)
67: 296 298 308 332 348 (30.0)
68: 265 271 297 303 319 339 (28.0)
69: 292 302 315 325 (28.0)
70: 285 306 313 314 335 337 (30.0)
71: 281 312 340 344 (25.0)
72: 320 324 330 334 342 (30.0)
73: 317 322 326 328 338 349 355 357 360 (30.0)
74: 301 323 356 364 (24.0)
75: 309 329 350 381 (23.0)
76: 362 369 385 (21.0)
77: 354 375 380 (31.0)
78: 331 345 346 353 376 391 (21.0)
79: 336 343 347 358 374 (21.0)
80: 370 373 378 395 (28.0)
81: 327 352 371 372 379 (25.0)
82: 341 361 366 388 402 (30.0)
83: 351 359 367 368 382 383 401 407 418 425 (30.0)
84: 386 394 415 (30.0)
85: 363 392 397 398 403 406 431 (26.0)
86: 384 393 408 413 417 421 (30.0)
87: 365 377 387 390 410 (24.0)
88: 400 404 440 (29.0)
89: 396 409 454 (30.0)
90: 405 416 419 420 429 (28.0)
91: 389 411 412 414 423 426 462 (30.0)
92: 430 434 (22.0)
93: 399 438 442 455 459 (29.0)
94: 422 424 427 433 441 452 471 (28.0)
95: 428 443 446 449 (24.0)
96: 432 435 447 453 463 464 (28.0)
97: 436 437 439 448 482 488 (30.0)
98: 444 456 457 458 466 (28.0)
99: 445 461 474 479 481 (29.0)
100: 451 468 472 475 489 (30.0)
101: 469 478 490 (30.0)
102: 450 460 473 476 483 (28.0)
103: 465 467 470 487 496 497 (26.0)
104: 484 485 494 498 (30.0)
105: 477 480 486 493 495 (22.0)
106: 491 492 499 (30.0)
