Name: 500-50-100
Time: 28.79362201690674 
Result: 50
Solution:  1 3 0 5 2 0 3 1 3 0 3 2 5 4 10 4 3 4 5 4 0 3 3 9 5 5 2 3 6 5 2 5 10 10 5 6 10 7 6 3 7 6 12 9 8 9 3 9 3 8 10 12 11 2 15 11 13 13 14 12 11 10 9 16 9 13 14 16 7 10 14 20 11 12 13 17 10 11 14 19 19 9 21 8 16 20 13 14 16 13 20 15 22 17 17 19 18 18 15 16 17 20 17 24 21 27 16 24 21 22 27 16 24 26 23 24 23 27 25 26 21 24 22 30 28 25 18 19 25 24 24 24 24 26 26 19 27 30 30 32 25 26 21 27 30 31 34 31 29 28 34 33 26 28 22 35 30 30 30 32 31 35 25 27 32 34 29 31 33 30 37 36 31 31 29 40 41 33 31 33 34 41 40 34 36 39 36 42 36 29 38 34 38 39 37 38 33 41 35 47 43 40 42 45 36 37 40 41 47 43 46 42 37 41 39 42 37 47 48 45 38 38 44 45 43 42 43 48 41 44 41 50 43 43 42 40 51 46 45 40 50 44 50 48 48 46 50 50 49 56 53 45 56 53 52 49 51 49 52 53 47 46 49 47 51 56 51 54 46 57 53 52 49 57 51 55 62 52 56 54 54 55 59 58 59 52 56 48 49 54 60 51 53 58 59 57 53 51 56 52 55 49 57 49 66 57 57 60 61 55 61 58 61 58 59 60 59 60 61 63 66 60 61 59 65 64 56 62 70 56 59 59 65 69 60 62 62 63 68 60 56 61 68 59 66 66 65 68 65 63 68 68 65 62 73 64 66 60 62 60 66 71 65 70 62 67 75 62 67 68 67 76 66 69 70 65 66 69 64 63 70 74 76 74 74 73 74 69 71 77 75 69 73 72 75 64 67 72 71 73 80 81 71 77 75 76 78 74 76 78 77 76 78 71 68 71 77 72 82 81 70 77 75 80 79 81 79 81 78 73 78 79 84 72 79 83 79 80 76 80 82 79 81 82 85 83 88 78 84 86 84 75 83 80 87 83 82 86 79 88 78 82 81 86 84 90 88 86 88 85 82 82 86 89 86 82 81 79 82 85 89 87 79 89 89 88 89 89 87 88 90 89 90 85 86 90 89 89 83 90
0: 2 5 9 20 (73.0)
1: 0 7 (57.0)
2: 4 11 26 30 53 (52.0)
3: 1 6 8 10 16 21 22 27 39 46 48 (50.0)
4: 13 15 17 19 (51.0)
5: 3 12 18 24 25 29 31 34 (51.0)
6: 28 35 38 41 (60.0)
7: 37 40 68 (66.0)
8: 44 49 83 (52.0)
9: 23 43 45 47 62 64 81 (51.0)
10: 14 32 33 36 50 61 69 76 (52.0)
11: 52 55 60 72 77 (53.0)
12: 42 51 59 73 (56.0)
13: 56 57 65 74 86 89 (56.0)
14: 58 66 70 78 87 (54.0)
15: 54 91 98 (54.0)
16: 63 67 84 88 99 106 111 (53.0)
17: 75 93 94 100 102 (57.0)
18: 96 97 126 (50.0)
19: 79 80 95 127 135 (57.0)
20: 71 85 90 101 (61.0)
21: 82 104 108 120 142 (60.0)
22: 92 109 122 154 (72.0)
23: 114 116 (59.0)
24: 103 107 112 115 121 129 130 131 132 (69.0)
25: 118 125 128 140 162 (67.0)
26: 113 119 133 134 141 152 (62.0)
27: 105 110 117 136 143 163 (56.0)
28: 124 149 153 (63.0)
29: 148 166 174 189 (70.0)
30: 123 137 138 144 156 157 158 169 (82.0)
31: 145 147 160 167 172 173 178 (63.0)
32: 139 159 164 (52.0)
33: 151 168 177 179 196 (60.0)
34: 146 150 165 180 183 191 (53.0)
35: 155 161 198 (51.0)
36: 171 184 186 188 204 (71.0)
37: 170 194 205 212 216 (56.0)
38: 190 192 195 220 221 (63.0)
39: 185 193 214 (54.0)
40: 175 182 201 206 235 239 (71.0)
41: 176 181 197 207 213 228 230 (82.0)
42: 187 202 211 215 225 234 (73.0)
43: 200 209 224 226 232 233 (65.0)
44: 222 229 241 (56.0)
45: 203 219 223 238 251 (71.0)
46: 210 237 245 261 268 (89.0)
47: 199 208 217 260 263 (69.0)
48: 218 227 243 244 287 (60.0)
49: 248 255 257 262 272 288 301 303 (91.0)
50: 231 240 242 246 247 (66.0)
51: 236 256 264 266 274 291 297 (82.0)
52: 254 258 271 277 285 299 (96.0)
53: 250 253 259 270 292 296 (58.0)
54: 267 279 280 289 (79.0)
55: 275 281 300 309 (61.0)
56: 249 252 265 278 286 298 326 329 340 (89.0)
57: 269 273 295 302 305 306 (88.0)
58: 283 293 311 313 (63.0)
59: 282 284 294 314 316 323 330 331 343 (89.0)
60: 290 307 315 317 321 334 339 357 359 (76.0)
61: 308 310 312 318 322 341 (86.0)
62: 276 327 335 336 353 358 364 367 (82.0)
63: 319 337 349 379 (61.0)
64: 325 355 378 395 (89.0)
65: 324 332 346 348 352 362 375 (80.0)
66: 304 320 344 345 356 360 372 376 (91.0)
67: 365 368 370 396 (98.0)
68: 338 342 347 350 351 369 414 (100.0)
69: 333 373 377 387 391 (97.0)
70: 328 363 374 380 420 (98.0)
71: 361 388 398 402 413 415 (100.0)
72: 393 397 417 433 (73.0)
73: 354 385 392 399 429 (86.0)
74: 381 383 384 386 407 (70.0)
75: 366 390 394 404 422 451 (100.0)
76: 371 382 405 408 411 438 (100.0)
77: 389 403 410 416 421 (100.0)
78: 406 409 412 428 430 447 460 (90.0)
79: 424 426 431 434 436 441 458 477 482 (100.0)
80: 400 423 437 439 453 (72.0)
81: 401 419 425 427 442 462 476 (77.0)
82: 418 440 443 456 461 470 471 475 478 (90.0)
83: 435 445 452 455 498 (96.0)
84: 432 448 450 464 (76.0)
85: 444 469 479 493 (93.0)
86: 449 457 463 467 472 474 494 (87.0)
87: 454 481 488 (100.0)
88: 446 459 466 468 485 489 (87.0)
89: 473 480 483 484 486 487 491 496 497 (88.0)
90: 465 490 492 495 499 (100.0)
