Name: 750-40-75
Time: 45.395851373672485 
Result: 38
Solution:  1 0 2 1 2 2 0 5 0 2 5 2 9 8 2 1 6 8 5 8 5 4 2 2 3 13 4 12 12 9 7 7 13 7 2 8 3 9 11 8 4 5 12 8 11 12 8 19 10 18 12 13 15 13 6 14 12 13 16 9 14 18 16 8 17 21 19 19 10 16 16 19 19 21 16 14 23 20 21 21 17 18 22 21 24 18 27 21 25 15 25 19 30 23 21 29 23 22 18 20 25 24 19 28 26 21 23 28 34 22 21 32 27 30 30 26 27 31 30 31 29 25 28 30 23 22 30 28 35 30 31 34 32 35 28 34 34 34 36 33 33 34 33 37 38 36 40 36 38 31 44 36 37 34 36 41 42 40 43 42 41 42 43 43 44 47 40 39 35 41 39 48 41 44 44 45 37 40 51 47 47 46 46 48 51 52 45 40 41 47 48 46 42 46 49 45 49 55 52 52 52 50 49 54 58 52 54 50 53 52 52 47 55 58 53 58 48 46 54 59 53 56 59 54 56 62 56 55 63 62 62 55 61 64 57 51 62 59 59 54 69 64 63 59 60 58 65 57 68 56 68 60 61 57 66 63 68 71 62 67 65 62 57 61 61 73 66 69 70 67 70 67 64 72 62 70 72 72 66 69 71 69 69 75 74 62 75 70 70 65 68 71 73 79 73 73 76 75 66 68 77 76 74 79 76 81 78 76 77 73 79 83 79 78 81 80 78 78 84 81 80 77 80 71 80 82 80 79 83 90 89 82 82 77 79 82 88 82 82 83 85 81 86 87 82 84 83 91 86 82 86 80 84 87 84 89 85 85 93 93 89 85 88 86 86 91 90 85 87 89 88 97 89 95 94 91 98 91 94 90 87 92 86 97 92 93 93 97 90 95 94 97 93 89 100 97 87 97 92 98 96 99 99 96 96 100 91 99 100 97 92 99 98 102 96 96 102 101 99 102 105 94 95 101 109 100 100 100 97 98 104 107 99 95 107 96 96 105 102 103 105 105 110 109 95 106 105 106 110 103 101 107 109 106 108 106 110 99 104 107 106 116 109 105 109 112 108 105 105 116 113 110 110 106 112 115 111 107 111 108 113 115 107 111 109 104 113 119 105 113 116 111 116 108 110 107 116 113 111 114 117 120 117 116 114 112 118 117 115 125 122 114 125 121 120 119 118 119 123 115 115 124 119 124 121 117 120 116 127 119 117 122 120 120 128 119 122 124 127 121 121 120 128 130 126 132 121 127 123 118 121 126 129 123 129 126 132 127 125 128 123 131 125 131 126 123 128 129 127 131 125 126 128 134 130 127 134 130 128 135 126 126 132 135 133 136 133 135 133 124 132 135 135 130 131 131 135 136 139 133 138 134 139 138 136 144 137 129 137 140 134 137 141 136 137 142 134 138 140 135 143 137 149 135 136 150 144 144 141 138 147 139 141 137 137 139 142 141 140 146 140 148 148 139 146 140 143 148 139 141 143 147 146 141 145 145 144 142 145 148 150 149 148 150 147 142 152 150 152 151 143 154 148 145 153 151 152 148 142 150 146 149 148 152 152 159 153 153 152 149 155 158 156 154 152 157 157 157 158 159 154 151 156 149 154 159 158 157 164 151 149 160 164 165 155 156 158 153 160 160 164 160 160 158 163 161 161 161 156 162 157 163 164 160 156 161 159 162 162 165 162 165 165 163 161 165 160 160 162 165
0: 1 6 8 (54.0)
1: 0 3 15 (42.0)
2: 2 4 5 9 11 14 22 23 34 (42.0)
3: 24 36 (42.0)
4: 21 26 40 (41.0)
5: 7 10 18 20 41 (42.0)
6: 16 54 (43.0)
7: 30 31 33 (41.0)
8: 13 17 19 35 39 43 46 63 (41.0)
9: 12 29 37 59 (46.0)
10: 48 68 (54.0)
11: 38 44 (40.0)
12: 27 28 42 45 50 56 (38.0)
13: 25 32 51 53 57 (40.0)
14: 55 60 75 (43.0)
15: 52 89 (42.0)
16: 58 62 69 70 74 (40.0)
17: 64 80 (52.0)
18: 49 61 81 85 98 (44.0)
19: 47 66 67 71 72 91 102 (41.0)
20: 77 99 (51.0)
21: 65 73 78 79 83 87 94 105 110 (43.0)
22: 82 97 109 125 (44.0)
23: 76 93 96 106 124 (45.0)
24: 84 101 (40.0)
25: 88 90 100 121 (54.0)
26: 104 115 (50.0)
27: 86 112 116 (45.0)
28: 103 107 122 127 134 (44.0)
29: 95 120 (52.0)
30: 92 113 114 118 123 126 129 (40.0)
31: 117 119 130 149 (42.0)
32: 111 132 (43.0)
33: 139 140 142 (46.0)
34: 108 131 135 136 137 141 153 (65.0)
35: 128 133 168 (46.0)
36: 138 145 147 151 154 (47.0)
37: 143 152 176 (46.0)
38: 144 148 (42.0)
39: 167 170 (53.0)
40: 146 157 166 177 187 (49.0)
41: 155 160 169 172 188 (58.0)
42: 156 159 161 192 (58.0)
43: 158 162 163 (40.0)
44: 150 164 173 174 (49.0)
45: 175 186 195 (60.0)
46: 181 182 191 193 217 (65.0)
47: 165 179 180 189 211 (52.0)
48: 171 183 190 216 (59.0)
49: 194 196 202 (43.0)
50: 201 207 (61.0)
51: 178 184 235 (42.0)
52: 185 198 199 200 205 209 210 (63.0)
53: 208 214 220 (59.0)
54: 203 206 218 223 239 (56.0)
55: 197 212 227 231 (57.0)
56: 221 224 226 249 (48.0)
57: 234 247 253 262 (53.0)
58: 204 213 215 245 (50.0)
59: 219 222 237 238 243 (50.0)
60: 244 251 (45.0)
61: 232 252 263 264 (57.0)
62: 225 229 230 236 258 261 274 285 (54.0)
63: 228 242 255 (70.0)
64: 233 241 272 (53.0)
65: 246 260 289 (59.0)
66: 254 266 278 298 (50.0)
67: 259 269 271 (51.0)
68: 248 250 256 290 299 (54.0)
69: 240 267 279 281 282 (51.0)
70: 268 270 275 287 288 (52.0)
71: 257 280 291 323 (49.0)
72: 273 276 277 (47.0)
73: 265 292 294 295 309 (60.0)
74: 284 302 (43.0)
75: 283 286 297 (56.0)
76: 296 301 304 307 (54.0)
77: 300 308 321 333 (71.0)
78: 306 313 316 317 (62.0)
79: 293 303 310 312 327 334 (74.0)
80: 315 320 322 324 326 351 (67.0)
81: 305 314 319 341 (67.0)
82: 325 331 332 335 337 338 344 349 (65.0)
83: 311 328 339 346 (76.0)
84: 318 345 352 354 (70.0)
85: 340 356 357 361 367 (60.0)
86: 342 348 350 363 364 382 (71.0)
87: 343 353 368 380 396 (63.0)
88: 336 362 370 (51.0)
89: 330 355 360 369 372 393 (72.0)
90: 329 366 379 388 (65.0)
91: 347 365 375 377 406 (56.0)
92: 381 384 398 410 (71.0)
93: 358 359 385 386 392 (73.0)
94: 374 378 390 421 (69.0)
95: 373 389 422 433 444 (47.0)
96: 400 403 404 414 415 435 436 (75.0)
97: 371 383 387 391 395 397 409 428 (74.0)
98: 376 399 412 429 (55.0)
99: 401 402 407 411 418 432 457 (74.0)
100: 394 405 408 425 426 427 (56.0)
101: 417 423 450 (44.0)
102: 413 416 419 438 (58.0)
103: 439 449 (49.0)
104: 430 458 485 (74.0)
105: 420 437 440 441 446 463 467 468 488 (61.0)
106: 445 447 453 455 460 473 (73.0)
107: 431 434 451 459 477 482 495 (72.0)
108: 454 466 479 493 (50.0)
109: 424 443 452 462 464 484 (67.0)
110: 442 448 456 471 472 494 (74.0)
111: 476 478 483 491 498 (71.0)
112: 465 474 505 (75.0)
113: 470 480 486 489 497 (67.0)
114: 499 504 511 (49.0)
115: 475 481 508 519 520 (73.0)
116: 461 469 490 492 496 503 527 (71.0)
117: 500 502 507 525 530 (75.0)
118: 506 516 549 (75.0)
119: 487 515 517 522 529 535 (72.0)
120: 501 514 526 532 533 541 (75.0)
121: 513 524 539 540 546 550 (73.0)
122: 510 531 536 (73.0)
123: 518 548 553 560 565 (63.0)
124: 521 523 537 589 (74.0)
125: 509 512 558 562 570 (74.0)
126: 544 551 555 564 571 580 581 (75.0)
127: 528 538 547 557 568 575 (76.0)
128: 534 542 559 566 572 578 (75.0)
129: 552 554 567 607 (52.0)
130: 543 574 577 593 (74.0)
131: 561 563 569 594 595 (74.0)
132: 545 556 582 590 (65.0)
133: 584 586 588 599 (65.0)
134: 573 576 601 610 616 (54.0)
135: 579 583 587 591 592 596 619 623 (75.0)
136: 585 597 604 613 624 (66.0)
137: 606 608 611 614 621 633 634 (69.0)
138: 600 603 617 629 (74.0)
139: 598 602 631 635 643 648 (75.0)
140: 609 618 638 640 645 (74.0)
141: 612 628 632 637 649 653 (74.0)
142: 615 636 657 665 678 (59.0)
143: 620 646 650 670 (63.0)
144: 605 626 627 656 (75.0)
145: 654 655 658 673 (75.0)
146: 639 644 652 680 (61.0)
147: 630 651 664 (69.0)
148: 641 642 647 659 662 672 677 682 (73.0)
149: 622 661 681 689 703 710 (75.0)
150: 625 660 663 667 679 (75.0)
151: 669 675 701 709 (74.0)
152: 666 668 676 683 684 688 694 (61.0)
153: 674 686 687 717 (75.0)
154: 671 693 700 704 (70.0)
155: 690 714 (73.0)
156: 692 702 715 728 734 (72.0)
157: 695 696 697 707 730 (74.0)
158: 691 698 706 716 723 (75.0)
159: 685 699 705 736 (75.0)
160: 711 718 719 721 722 733 746 747 (75.0)
161: 725 726 727 735 744 (68.0)
162: 729 737 738 740 748 (74.0)
163: 724 731 743 (57.0)
164: 708 712 720 732 (75.0)
165: 713 739 741 742 745 749 (65.0)
