Name: 750-30-50
Time: 47.44515013694763 
Result: 32
Solution:  1 0 4 1 3 3 1 2 5 4 3 6 5 3 1 5 7 0 4 6 0 0 1 2 10 6 11 4 2 3 12 11 8 9 4 6 11 9 3 7 13 12 9 9 10 9 9 13 12 14 11 12 17 19 13 14 10 19 10 14 11 15 19 16 20 8 19 19 16 17 19 17 15 16 18 15 19 17 20 21 16 26 24 28 21 21 22 24 23 27 14 28 18 29 19 28 27 24 27 22 22 26 29 24 28 29 18 20 25 20 27 24 28 26 29 25 30 34 29 33 30 26 35 29 29 27 29 26 29 23 34 29 26 29 36 30 31 33 34 31 34 39 31 33 38 33 35 34 34 32 40 39 34 39 35 41 39 44 39 38 42 39 39 37 39 39 34 41 33 43 32 31 39 46 40 44 40 47 34 36 39 37 42 42 41 44 37 42 50 47 52 43 40 46 53 49 53 44 46 46 37 45 44 45 47 46 45 51 53 49 43 40 50 53 47 50 48 51 53 49 48 48 57 54 51 51 53 50 54 54 56 54 47 51 46 50 49 53 58 60 56 54 51 49 52 57 55 53 56 54 57 56 53 53 64 61 53 63 55 59 59 51 56 58 59 60 51 61 53 65 62 55 53 56 61 66 65 54 60 61 58 62 64 62 60 65 61 61 64 70 62 68 63 60 59 68 68 72 59 68 63 67 64 72 67 65 67 71 67 65 69 69 64 64 75 72 66 70 69 75 69 71 71 73 67 75 64 73 74 68 79 75 69 76 71 69 66 73 72 82 70 74 73 74 73 77 73 76 73 74 74 76 76 76 74 79 75 77 78 72 75 76 75 78 81 78 73 87 78 80 87 76 80 81 80 82 82 78 81 79 83 80 79 78 79 83 87 87 85 76 79 84 76 93 86 88 88 90 83 78 90 93 83 86 78 84 85 86 85 85 91 86 85 86 90 90 88 85 91 94 87 84 88 85 88 91 93 92 93 86 92 96 85 92 95 94 92 89 92 92 96 97 92 99 95 89 101 94 91 92 98 97 94 101 97 98 100 102 97 102 96 96 98 102 105 100 104 105 100 99 100 101 104 101 98 103 96 105 97 99 108 100 99 106 99 96 100 104 101 98 104 105 100 109 103 109 99 109 99 106 107 106 105 101 110 105 102 100 111 113 103 108 109 105 112 113 112 112 108 108 108 107 111 114 116 110 112 112 112 106 117 110 111 110 109 110 115 111 115 114 121 119 112 121 111 116 115 115 115 123 117 121 112 114 111 114 115 115 121 123 114 126 120 111 125 121 123 118 120 115 116 122 124 120 119 122 120 127 120 113 121 126 131 120 118 119 124 122 123 122 126 124 133 119 124 125 133 119 127 130 122 126 123 129 125 120 128 119 128 120 133 134 128 131 130 135 129 124 124 123 131 129 132 131 131 138 127 127 131 131 130 128 129 128 136 127 125 136 135 127 132 126 142 135 129 136 132 135 135 134 128 135 142 132 134 133 133 130 132 144 140 138 141 135 134 137 141 136 137 139 135 132 149 137 139 137 149 140 139 142 149 140 148 142 141 143 146 140 143 138 142 137 146 144 146 147 151 152 146 141 152 150 141 151 138 148 146 153 151 148 147 143 151 153 145 154 154 150 143 149 154 152 151 152 151 148 150 148 145 145 153 151 153 155 145 146 144 155 150 153 149 154 152 154 154 155 153 154 155 147
0: 1 17 20 21 (21.0)
1: 0 3 6 14 22 (28.0)
2: 7 23 28 (37.0)
3: 4 5 10 13 29 38 (29.0)
4: 2 9 18 27 34 (28.0)
5: 8 12 15 (38.0)
6: 11 19 25 35 (32.0)
7: 16 39 (32.0)
8: 32 65 (30.0)
9: 33 37 42 43 45 46 (31.0)
10: 24 44 56 58 (32.0)
11: 26 31 36 50 60 (36.0)
12: 30 41 48 51 (32.0)
13: 40 47 54 (30.0)
14: 49 55 59 90 (34.0)
15: 61 72 75 (36.0)
16: 63 68 73 80 (34.0)
17: 52 69 71 77 (32.0)
18: 74 92 106 (39.0)
19: 53 57 62 66 67 70 76 94 (30.0)
20: 64 78 107 109 (30.0)
21: 79 84 85 (39.0)
22: 86 99 100 (31.0)
23: 88 129 (34.0)
24: 82 87 97 103 111 (32.0)
25: 108 115 (34.0)
26: 81 101 113 121 127 132 (29.0)
27: 89 96 98 110 125 (33.0)
28: 83 91 95 104 112 (32.0)
29: 93 102 105 114 118 123 124 126 128 131 133 (24.0)
30: 116 120 135 (31.0)
31: 136 139 142 171 (32.0)
32: 149 170 (36.0)
33: 119 137 143 145 168 (32.0)
34: 117 130 138 140 147 148 152 166 178 (25.0)
35: 122 146 154 (34.0)
36: 134 179 (30.0)
37: 163 181 186 200 (35.0)
38: 144 159 (31.0)
39: 141 151 153 156 158 161 162 164 165 172 180 (31.0)
40: 150 174 176 192 211 (33.0)
41: 155 167 184 (33.0)
42: 160 182 183 187 (35.0)
43: 169 191 210 (33.0)
44: 157 175 185 197 202 (31.0)
45: 201 203 206 (34.0)
46: 173 193 198 199 205 234 (30.0)
47: 177 189 204 214 232 (36.0)
48: 216 220 221 (38.0)
49: 195 209 219 236 243 (42.0)
50: 188 212 215 227 235 (33.0)
51: 207 217 224 225 233 242 261 266 (34.0)
52: 190 244 (45.0)
53: 194 196 208 213 218 226 237 247 252 253 256 268 272 (36.0)
54: 223 228 229 231 241 249 277 (34.0)
55: 246 258 271 (32.0)
56: 230 240 248 251 262 273 (33.0)
57: 222 245 250 (34.0)
58: 238 263 280 (32.0)
59: 259 260 264 294 298 (36.0)
60: 239 265 278 284 293 (38.0)
61: 255 267 274 279 286 287 (35.0)
62: 270 281 283 290 (39.0)
63: 257 292 300 (32.0)
64: 254 282 288 302 312 313 326 (47.0)
65: 269 276 285 305 309 (48.0)
66: 275 316 336 (50.0)
67: 301 304 306 308 324 (36.0)
68: 291 295 296 299 329 (49.0)
69: 310 311 318 320 332 335 (43.0)
70: 289 317 340 (36.0)
71: 307 321 322 334 (40.0)
72: 297 303 315 338 359 (38.0)
73: 323 327 337 342 344 346 348 366 (50.0)
74: 328 341 343 349 350 354 (38.0)
75: 314 319 325 331 356 360 362 (43.0)
76: 333 347 351 352 353 361 371 389 392 (41.0)
77: 345 357 (35.0)
78: 358 363 365 368 377 383 399 404 (44.0)
79: 330 355 379 382 384 390 (35.0)
80: 369 372 374 381 (43.0)
81: 364 373 378 (38.0)
82: 339 375 376 (39.0)
83: 380 385 398 402 (37.0)
84: 391 405 421 (35.0)
85: 388 406 408 409 412 417 423 432 (42.0)
86: 394 403 407 411 413 429 (46.0)
87: 367 370 386 387 420 (46.0)
88: 395 396 416 422 424 (44.0)
89: 437 445 (32.0)
90: 397 400 414 415 (36.0)
91: 410 418 425 448 (40.0)
92: 427 430 433 436 438 439 442 449 (50.0)
93: 393 401 426 428 (41.0)
94: 419 435 447 452 (50.0)
95: 434 444 (37.0)
96: 431 440 460 461 476 485 (45.0)
97: 441 451 454 458 478 (36.0)
98: 450 455 462 474 489 (49.0)
99: 443 469 479 482 484 496 498 (49.0)
100: 456 465 468 470 481 486 492 507 (50.0)
101: 446 453 471 473 488 503 (38.0)
102: 457 459 463 506 (50.0)
103: 475 494 510 (38.0)
104: 466 472 487 490 (34.0)
105: 464 467 477 491 502 505 513 (50.0)
106: 483 499 501 529 (42.0)
107: 500 521 (32.0)
108: 480 511 518 519 520 (50.0)
109: 493 495 497 512 534 (50.0)
110: 504 525 531 533 535 (48.0)
111: 508 522 532 537 544 554 563 (44.0)
112: 514 516 517 526 527 528 542 552 (47.0)
113: 509 515 579 (50.0)
114: 523 539 553 555 560 (50.0)
115: 536 538 546 547 548 556 557 569 (50.0)
116: 524 545 570 (37.0)
117: 530 550 (51.0)
118: 567 584 (51.0)
119: 541 574 585 593 597 607 (50.0)
120: 562 568 573 576 578 583 605 609 (46.0)
121: 540 543 551 558 565 580 (50.0)
122: 571 575 587 589 600 (50.0)
123: 549 559 566 588 602 619 (49.0)
124: 572 586 591 594 617 618 (47.0)
125: 564 595 604 636 (48.0)
126: 561 581 590 601 641 (41.0)
127: 577 598 626 627 635 639 (41.0)
128: 606 608 612 631 633 650 (50.0)
129: 603 616 621 632 644 (49.0)
130: 599 614 630 657 (46.0)
131: 582 613 620 623 624 628 629 (49.0)
132: 622 640 646 653 658 671 (50.0)
133: 592 596 610 655 656 (50.0)
134: 611 649 654 664 (50.0)
135: 615 638 643 647 648 651 663 670 (46.0)
136: 634 637 645 667 (50.0)
137: 665 668 673 675 691 (52.0)
138: 625 661 689 704 (53.0)
139: 669 674 678 (50.0)
140: 660 677 681 687 (50.0)
141: 662 666 684 699 702 (50.0)
142: 642 652 679 683 690 (49.0)
143: 685 688 711 718 (50.0)
144: 659 693 736 (50.0)
145: 714 728 729 734 (50.0)
146: 686 692 694 698 706 735 (50.0)
147: 695 710 749 (50.0)
148: 682 705 709 725 727 (50.0)
149: 672 676 680 719 740 (50.0)
150: 701 717 726 738 (50.0)
151: 696 703 708 712 722 724 731 (50.0)
152: 697 700 721 723 742 (50.0)
153: 707 713 730 732 739 746 (44.0)
154: 715 716 720 741 743 744 747 (50.0)
155: 733 737 745 748 (46.0)
