Name: 750-60-125
Time: 48.646488666534424 
Result: 84
Solution:  5 0 3 2 0 1 0 5 1 0 0 2 6 0 3 8 3 10 2 4 5 4 4 6 1 3 3 3 3 4 6 9 9 10 11 8 11 10 16 12 10 10 10 7 11 14 10 8 16 14 15 7 12 10 10 9 17 9 15 10 15 16 19 21 16 15 17 13 21 14 22 16 19 14 14 17 19 15 13 14 18 25 15 13 24 16 21 20 18 29 18 26 16 28 30 25 25 18 29 24 20 32 20 29 24 29 24 23 26 29 29 23 33 27 29 23 26 29 22 28 27 32 35 30 27 31 29 32 32 27 39 36 39 29 35 40 31 40 26 29 34 28 28 40 35 29 32 37 32 35 37 39 38 35 35 36 34 43 39 33 48 43 40 37 42 46 37 43 40 41 41 41 42 46 43 34 45 43 40 46 38 43 43 40 44 42 43 44 50 43 43 45 49 50 42 47 55 54 52 47 46 52 54 50 48 51 51 59 51 52 47 49 51 56 58 52 56 52 54 53 61 53 56 47 51 56 51 55 58 62 62 53 58 50 54 59 64 62 61 61 57 58 60 54 53 62 55 67 57 58 59 60 61 65 58 64 68 68 57 59 62 63 63 64 65 61 60 65 67 65 64 70 71 66 69 64 63 76 71 74 65 74 67 71 69 75 76 68 69 68 70 66 74 75 81 70 81 72 72 79 75 70 72 75 78 73 78 82 80 75 79 76 78 73 81 83 86 77 79 79 79 79 82 80 80 75 82 80 82 78 88 78 76 85 83 86 81 83 85 77 89 84 87 84 91 85 92 88 87 88 80 89 87 91 85 89 85 90 87 88 95 82 92 81 85 91 93 92 100 96 98 93 94 93 84 90 94 94 94 96 92 98 89 94 100 95 97 101 97 98 100 97 99 102 95 90 98 101 100 99 101 96 93 108 101 104 103 101 107 101 107 104 101 100 108 106 105 98 95 102 111 106 101 103 113 102 104 104 110 108 103 109 109 113 109 105 102 102 104 108 112 106 110 105 115 117 112 106 109 113 106 118 108 113 109 114 107 113 116 121 112 119 114 116 122 115 116 116 124 114 124 123 114 116 122 122 119 125 113 119 117 119 120 112 118 116 120 128 119 128 117 123 121 125 118 127 122 125 127 120 128 124 130 117 127 134 125 121 123 129 125 131 120 127 126 131 131 130 127 126 132 134 131 132 137 133 124 130 125 135 130 131 139 134 131 132 129 133 134 140 132 129 135 129 130 138 133 128 143 139 136 139 136 134 137 133 143 138 146 141 135 141 135 146 141 137 140 141 142 142 143 147 149 138 151 147 148 150 142 143 152 144 148 146 152 142 143 146 142 149 144 148 150 149 147 152 149 150 141 146 145 144 147 140 144 152 151 148 146 156 154 145 155 151 155 150 153 150 150 151 145 151 149 154 154 154 151 155 151 161 154 159 156 160 163 160 163 158 153 156 158 153 161 161 157 162 156 155 159 157 157 153 163 158 158 163 167 162 162 168 165 152 159 157 166 160 162 156 166 164 162 164 155 165 165 158 169 167 159 160 164 169 163 166 159 171 172 169 167 161 166 166 166 163 168 167 173 165 170 168 166 165 162 169 169 177 176 170 177 168 170 170 173 172 172 177 171 175 167 173 171 173 172 178 175 175 174 171 174 167 170 177 171 175 174 174 175 177 178 176 176 178 177 173 177 176 178 176 177 178
0: 1 4 6 9 10 13 (49.0)
1: 5 8 24 (75.0)
2: 3 11 18 (63.0)
3: 2 14 16 25 26 27 28 (60.0)
4: 19 21 22 29 (67.0)
5: 0 7 20 (71.0)
6: 12 23 30 (65.0)
7: 43 51 (87.0)
8: 15 35 47 (67.0)
9: 31 32 55 57 (65.0)
10: 17 33 37 40 41 42 46 53 54 59 (54.0)
11: 34 36 44 (67.0)
12: 39 52 (69.0)
13: 67 78 83 (66.0)
14: 45 49 69 73 74 79 (53.0)
15: 50 58 60 65 77 82 (62.0)
16: 38 48 61 64 71 85 92 (50.0)
17: 56 66 75 (71.0)
18: 80 88 90 97 (64.0)
19: 62 72 76 (66.0)
20: 87 100 102 (78.0)
21: 63 68 86 (65.0)
22: 70 118 (64.0)
23: 107 111 115 (81.0)
24: 84 99 104 106 (66.0)
25: 81 95 96 (68.0)
26: 91 108 116 138 (61.0)
27: 113 120 124 129 (70.0)
28: 93 119 141 142 (60.0)
29: 89 98 103 105 109 110 114 117 126 133 139 145 (57.0)
30: 94 123 (81.0)
31: 125 136 (61.0)
32: 101 121 127 128 146 148 (60.0)
33: 112 159 (66.0)
34: 140 156 175 (74.0)
35: 122 134 144 149 153 154 (60.0)
36: 131 155 (83.0)
37: 147 150 163 166 (67.0)
38: 152 180 (68.0)
39: 130 132 151 158 (93.0)
40: 135 137 143 162 168 178 183 (61.0)
41: 169 170 171 (62.0)
42: 164 172 185 194 (65.0)
43: 157 161 167 174 177 181 182 186 189 190 (57.0)
44: 184 187 (62.0)
45: 176 191 (91.0)
46: 165 173 179 200 (80.0)
47: 195 199 210 223 (73.0)
48: 160 204 (72.0)
49: 192 211 (66.0)
50: 188 193 203 233 (83.0)
51: 205 206 208 212 224 226 (113.0)
52: 198 201 209 215 217 (77.0)
53: 219 221 231 244 (68.0)
54: 197 202 218 234 243 (74.0)
55: 196 227 246 (72.0)
56: 213 216 222 225 (113.0)
57: 240 248 258 (68.0)
58: 214 228 232 241 249 254 (79.0)
59: 207 235 250 259 (73.0)
60: 242 251 266 (79.0)
61: 220 238 239 252 265 (115.0)
62: 229 230 237 245 260 (84.0)
63: 261 262 276 (71.0)
64: 236 255 263 270 275 (92.0)
65: 253 264 267 269 280 (97.0)
66: 273 291 (67.0)
67: 247 268 282 (74.0)
68: 256 257 287 289 (96.0)
69: 274 284 288 (114.0)
70: 271 290 295 301 (74.0)
71: 272 278 283 (86.0)
72: 297 298 302 (69.0)
73: 305 313 (73.0)
74: 279 281 292 (87.0)
75: 285 293 300 303 309 325 (113.0)
76: 277 286 311 332 (77.0)
77: 317 339 (68.0)
78: 304 306 312 329 331 (84.0)
79: 299 310 318 319 320 321 (94.0)
80: 308 323 324 327 350 (83.0)
81: 294 296 314 336 363 (101.0)
82: 307 322 326 328 361 (122.0)
83: 315 334 337 (71.0)
84: 341 343 374 (79.0)
85: 333 338 345 354 356 364 (99.0)
86: 316 335 (86.0)
87: 342 348 352 358 (79.0)
88: 330 347 349 359 (70.0)
89: 340 351 355 382 (89.0)
90: 357 375 395 (104.0)
91: 344 353 365 (99.0)
92: 346 362 367 380 (77.0)
93: 366 371 373 402 (125.0)
94: 372 376 377 378 383 (105.0)
95: 360 385 394 418 (120.0)
96: 369 379 401 (79.0)
97: 386 388 391 (75.0)
98: 370 381 389 396 417 (90.0)
99: 392 399 (86.0)
100: 368 384 390 398 413 (87.0)
101: 387 397 400 404 407 409 412 422 (108.0)
102: 393 419 425 436 437 (82.0)
103: 406 423 430 (84.0)
104: 405 411 426 427 438 (103.0)
105: 416 435 443 (73.0)
106: 415 421 441 447 450 (86.0)
107: 408 410 456 (80.0)
108: 403 414 429 439 452 (123.0)
109: 431 432 434 448 454 (118.0)
110: 428 442 (72.0)
111: 420 (62.0)
112: 440 446 460 483 (125.0)
113: 424 433 449 453 457 478 (125.0)
114: 455 462 469 472 (114.0)
115: 444 465 (76.0)
116: 458 463 466 467 473 485 (125.0)
117: 445 480 490 503 (120.0)
118: 451 484 494 (124.0)
119: 461 476 479 481 488 (124.0)
120: 482 486 499 512 (124.0)
121: 459 492 507 (121.0)
122: 464 474 475 496 (125.0)
123: 471 491 508 (124.0)
124: 468 470 501 526 (77.0)
125: 477 493 497 506 510 528 (123.0)
126: 514 519 (86.0)
127: 495 498 504 513 518 (95.0)
128: 487 489 500 547 (119.0)
129: 509 536 541 543 (82.0)
130: 502 517 527 530 544 (86.0)
131: 511 515 516 522 531 534 (102.0)
132: 520 523 535 540 (122.0)
133: 525 537 546 555 (125.0)
134: 505 521 533 538 553 (81.0)
135: 529 542 560 562 (120.0)
136: 550 552 (63.0)
137: 524 554 565 (124.0)
138: 545 557 573 (101.0)
139: 532 549 551 (99.0)
140: 539 566 603 (121.0)
141: 559 561 564 567 598 (125.0)
142: 568 569 578 585 588 (121.0)
143: 548 556 570 579 586 (118.0)
144: 581 590 601 604 (97.0)
145: 600 611 620 (88.0)
146: 558 563 583 587 599 608 (118.0)
147: 571 575 594 602 (114.0)
148: 576 582 591 607 (121.0)
149: 572 589 593 596 622 (119.0)
150: 577 592 597 615 617 618 (109.0)
151: 574 606 613 619 621 626 628 (114.0)
152: 580 584 595 605 661 (125.0)
153: 616 638 641 651 (124.0)
154: 610 623 624 625 630 (129.0)
155: 612 614 627 647 672 (123.0)
156: 609 632 639 646 667 (125.0)
157: 644 649 650 663 (125.0)
158: 637 640 653 654 675 (124.0)
159: 631 648 662 678 684 (125.0)
160: 633 635 665 679 (125.0)
161: 629 642 643 689 (125.0)
162: 645 657 658 666 670 702 (125.0)
163: 634 636 652 655 682 693 (133.0)
164: 669 671 680 (125.0)
165: 660 673 674 697 701 (125.0)
166: 664 668 683 690 691 692 700 (125.0)
167: 656 677 688 695 718 729 (124.0)
168: 659 694 699 709 (131.0)
169: 676 681 687 703 704 (125.0)
170: 698 707 710 711 730 (124.0)
171: 685 716 720 727 732 (124.0)
172: 686 713 714 722 (125.0)
173: 696 712 719 721 743 (125.0)
174: 726 728 734 735 (131.0)
175: 717 724 725 733 736 (123.0)
176: 706 739 740 745 747 (122.0)
177: 705 708 715 731 737 742 744 748 (117.0)
178: 723 738 741 746 749 (115.0)
