Name: 750-60-125
Time: 24.101760625839233 
Result: 60100
Solution:  5 1 2 1 1 1 0 4 3 1 1 4 7 1 5 6 2 8 2 4 3 10 3 5 0 1 8 1 5 13 2 9 12 8 6 11 13 8 8 6 8 8 8 9 7 8 9 12 21 8 8 10 11 14 8 13 15 12 8 17 14 14 19 20 10 11 15 15 18 12 16 17 22 23 19 17 19 23 19 23 26 21 21 14 21 16 20 17 16 28 25 30 25 27 29 23 22 26 26 23 18 30 20 23 24 26 30 18 31 25 26 27 32 25 30 25 21 30 24 28 31 30 26 32 28 36 27 28 28 36 38 33 29 30 34 40 38 37 26 30 35 36 27 31 34 30 33 33 37 40 37 39 40 42 33 35 39 31 41 34 47 37 42 40 41 47 37 44 42 40 42 41 37 44 42 43 43 44 44 51 38 43 41 42 46 41 40 49 47 42 43 46 49 49 50 44 44 50 52 48 52 52 49 45 50 57 54 53 51 55 58 48 54 56 54 55 57 52 61 51 52 49 56 48 55 54 56 54 59 58 60 53 59 59 54 61 61 63 58 63 58 53 62 53 59 57 57 64 56 59 55 60 65 70 70 62 66 65 61 58 62 62 71 65 67 69 61 65 66 64 71 64 69 68 67 64 69 71 72 63 70 68 68 75 68 77 77 67 72 69 67 80 73 68 73 74 70 76 76 74 69 73 74 72 80 76 78 80 72 77 79 71 75 73 80 84 83 77 78 80 77 79 78 78 79 82 82 79 87 78 90 82 77 82 85 88 85 82 84 81 84 84 89 84 86 87 91 86 83 92 81 85 92 95 89 90 93 81 82 90 91 82 91 88 90 91 90 86 92 101 90 93 95 92 90 94 98 92 93 98 89 92 94 89 100 97 95 100 99 95 92 105 96 95 105 96 99 100 98 98 104 97 97 102 101 100 103 100 107 99 99 102 103 101 105 104 102 101 100 103 111 106 110 100 112 104 113 101 110 107 105 107 106 99 110 107 109 108 109 105 106 111 109 104 108 120 106 106 117 113 107 113 120 114 110 111 117 112 117 121 109 119 115 115 116 113 116 122 115 117 120 118 114 121 120 122 118 127 113 123 122 115 127 112 118 115 116 119 126 117 120 126 124 123 121 116 119 123 126 124 127 125 122 117 126 130 121 125 123 131 133 129 129 131 126 131 131 121 127 128 133 127 129 130 133 132 124 125 129 137 136 137 140 131 135 132 135 143 134 139 129 134 135 136 132 141 136 127 135 144 134 134 130 138 138 136 142 137 140 139 133 141 138 147 137 138 139 143 142 142 143 140 134 149 146 144 143 141 145 147 144 142 148 145 152 143 149 149 143 144 149 150 150 146 152 151 153 151 142 146 153 143 147 147 149 154 156 156 150 150 153 148 152 150 145 152 158 154 152 152 146 152 148 152 153 157 160 156 153 151 154 155 154 156 148 155 161 152 151 155 164 154 160 156 157 160 152 158 153 159 151 159 155 157 159 165 164 160 160 165 160 158 156 161 165 163 162 156 162 161 168 163 156 166 164 167 170 163 159 162 170 161 165 166 158 164 172 169 167 166 162 166 164 167 175 162 169 169 164 168 165 165 171 172 168 171 173 171 172 167 174 169 175 170 173 166 172 178 172 171 174 173 170 175 176 169 174 173 177 175 171 166 172 168 176 174 175 178 174 174 176 172 177 178 177 172 178 175 178 177
0: 6 24 (70.0)
1: 1 3 4 5 9 10 13 25 27 (60.0)
2: 2 16 18 30 (61.0)
3: 8 20 22 (67.0)
4: 7 11 19 (67.0)
5: 0 14 23 28 (60.0)
6: 15 34 39 (65.0)
7: 12 44 (62.0)
8: 17 26 33 37 38 40 41 42 45 49 50 54 58 (57.0)
9: 31 43 46 (62.0)
10: 21 51 64 (62.0)
11: 35 52 65 (76.0)
12: 32 47 57 69 (62.0)
13: 29 36 55 (68.0)
14: 53 60 61 83 (63.0)
15: 56 66 67 (73.0)
16: 70 85 88 (69.0)
17: 59 71 75 87 (63.0)
18: 68 100 107 (83.0)
19: 62 74 76 78 (64.0)
20: 63 86 102 (61.0)
21: 48 81 82 84 116 (60.0)
22: 72 96 (76.0)
23: 73 77 79 95 99 103 (60.0)
24: 104 118 (67.0)
25: 90 92 109 113 115 (47.0)
26: 80 97 98 105 110 122 138 (35.0)
27: 93 111 126 142 (62.0)
28: 89 119 124 127 128 (61.0)
29: 94 132 (88.0)
30: 91 101 106 114 117 121 133 139 145 (58.0)
31: 108 120 143 157 (69.0)
32: 112 123 (69.0)
33: 131 146 147 154 (75.0)
34: 134 144 159 (73.0)
35: 140 155 (64.0)
36: 125 129 141 (65.0)
37: 137 148 150 161 166 172 (69.0)
38: 130 136 180 (96.0)
39: 151 156 (72.0)
40: 135 149 152 163 169 186 (68.0)
41: 158 164 171 182 185 (64.0)
42: 153 162 168 170 174 183 189 (63.0)
43: 175 176 181 190 (68.0)
44: 167 173 177 178 195 196 (78.0)
45: 203 (60.0)
46: 184 191 (101.0)
47: 160 165 188 (80.0)
48: 199 211 223 (69.0)
49: 187 192 193 202 221 (76.0)
50: 194 197 204 (75.0)
51: 179 208 219 (65.0)
52: 198 200 201 217 220 (82.0)
53: 207 231 241 243 (69.0)
54: 206 212 214 225 227 234 (87.0)
55: 209 215 224 250 (97.0)
56: 213 222 226 248 (89.0)
57: 205 216 245 246 (110.0)
58: 210 229 238 240 259 (82.0)
59: 228 232 233 244 249 (65.0)
60: 230 251 (77.0)
61: 218 235 236 258 266 (88.0)
62: 242 255 260 261 (74.0)
63: 237 239 279 (89.0)
64: 247 269 271 275 (85.0)
65: 252 257 263 267 (66.0)
66: 256 268 (93.0)
67: 264 274 287 290 (80.0)
68: 273 281 282 284 293 (109.0)
69: 265 272 276 289 300 (96.0)
70: 253 254 280 296 (79.0)
71: 262 270 277 311 (87.0)
72: 278 288 303 308 (91.0)
73: 292 294 301 313 (94.0)
74: 295 299 302 (80.0)
75: 283 312 (82.0)
76: 297 298 305 (74.0)
77: 285 286 309 317 320 332 (87.0)
78: 306 318 322 323 329 (81.0)
79: 310 321 324 327 (63.0)
80: 291 304 307 314 319 (64.0)
81: 339 350 357 (78.0)
82: 325 326 331 333 337 358 361 (125.0)
83: 316 348 (90.0)
84: 315 338 340 341 343 (122.0)
85: 334 336 351 (82.0)
86: 344 347 367 (75.0)
87: 328 345 (92.0)
88: 335 363 (64.0)
89: 342 354 380 383 (73.0)
90: 330 355 359 364 366 370 374 (106.0)
91: 346 360 362 365 (108.0)
92: 349 352 368 373 377 381 390 (93.0)
93: 356 371 378 (92.0)
94: 375 382 (82.0)
95: 353 372 386 389 393 (95.0)
96: 392 395 (80.0)
97: 385 401 402 (117.0)
98: 376 379 398 399 (125.0)
99: 388 396 409 410 433 (82.0)
100: 384 387 397 405 407 418 423 (123.0)
101: 369 404 413 417 427 (108.0)
102: 403 411 416 (84.0)
103: 406 412 419 (100.0)
104: 400 415 425 443 (101.0)
105: 391 394 414 430 439 (114.0)
106: 421 432 440 446 447 (118.0)
107: 408 429 431 435 450 (121.0)
108: 437 444 (87.0)
109: 436 438 442 460 (98.0)
110: 422 428 434 454 (90.0)
111: 420 441 455 (77.0)
112: 424 457 483 (73.0)
113: 426 449 451 465 478 (123.0)
114: 453 472 (123.0)
115: 462 463 468 481 485 (118.0)
116: 464 466 486 495 (122.0)
117: 448 456 458 469 489 503 (102.0)
118: 471 476 484 (83.0)
119: 461 487 496 (119.0)
120: 445 452 470 474 490 (76.0)
121: 459 473 494 506 517 (118.0)
122: 467 475 480 502 (89.0)
123: 479 493 497 508 (120.0)
124: 492 499 526 (76.0)
125: 501 507 527 (77.0)
126: 488 491 498 504 514 (121.0)
127: 477 482 500 518 521 547 (116.0)
128: 519 (85.0)
129: 511 512 522 528 540 (125.0)
130: 505 523 552 (98.0)
131: 509 513 515 516 533 (91.0)
132: 525 535 544 (114.0)
133: 510 520 524 560 (100.0)
134: 538 541 550 551 572 (122.0)
135: 534 536 542 548 (102.0)
136: 530 543 546 555 (111.0)
137: 529 531 557 564 (98.0)
138: 553 554 562 565 (123.0)
139: 539 559 566 (120.0)
140: 532 558 571 (121.0)
141: 545 561 577 (123.0)
142: 556 568 569 581 598 (119.0)
143: 537 567 570 576 585 588 601 (122.0)
144: 549 575 580 589 (122.0)
145: 578 583 614 (121.0)
146: 574 593 599 620 (125.0)
147: 563 579 602 603 (124.0)
148: 582 611 622 634 (125.0)
149: 573 586 587 590 604 (125.0)
150: 591 592 608 609 613 (124.0)
151: 595 597 629 638 650 (124.0)
152: 584 594 612 615 618 619 621 623 637 646 (116.0)
153: 596 600 610 624 628 648 (125.0)
154: 605 617 630 632 641 (124.0)
155: 631 635 639 652 (123.0)
156: 606 607 627 633 643 662 667 672 (99.0)
157: 625 644 653 (116.0)
158: 616 647 661 684 (123.0)
159: 649 651 654 678 (125.0)
160: 626 642 645 657 658 660 (124.0)
161: 636 663 669 681 (123.0)
162: 666 668 679 690 695 (135.0)
163: 665 671 677 (86.0)
164: 640 656 674 685 692 698 (117.0)
165: 655 659 664 682 700 701 (124.0)
166: 673 683 689 691 715 731 (98.0)
167: 675 688 693 709 (125.0)
168: 670 699 704 733 (124.0)
169: 687 696 697 711 725 (117.0)
170: 676 680 713 722 (125.0)
171: 702 705 707 719 730 (124.0)
172: 686 703 708 716 718 732 741 745 (125.0)
173: 706 714 721 727 (124.0)
174: 710 720 726 735 738 739 (132.0)
175: 694 712 723 729 736 747 (125.0)
176: 724 734 740 (124.0)
177: 728 742 744 749 (124.0)
178: 717 737 743 746 748 (103.0)
