Name: 750-50-100
Time: 42.61852669715881 
Result: 59
Solution:  0 6 4 7 0 2 0 4 1 0 2 2 3 5 4 3 5 4 6 3 0 7 3 2 2 6 4 13 7 13 1 8 7 3 7 6 5 8 11 7 1 6 7 7 4 11 8 7 5 9 10 13 7 11 9 14 12 12 13 11 13 8 14 9 15 10 16 8 11 11 15 10 7 7 16 15 17 15 11 14 16 22 24 16 24 17 17 24 18 14 17 21 14 11 12 20 21 21 18 20 19 17 19 23 21 18 23 23 23 21 26 16 18 16 18 19 17 19 30 25 28 18 19 21 29 24 24 23 25 23 27 27 20 28 20 25 29 25 32 22 29 28 23 28 37 28 31 27 28 22 31 25 25 36 29 29 34 29 26 35 35 22 30 24 38 27 37 32 39 36 27 29 31 34 33 34 33 31 31 30 32 31 35 31 31 26 33 33 31 34 37 37 31 33 37 30 34 40 36 34 36 33 40 38 38 40 41 35 42 35 39 39 40 33 41 47 46 39 40 31 40 38 39 41 49 50 35 38 43 44 41 40 37 43 44 46 45 42 44 41 44 50 45 36 42 44 37 47 47 45 43 47 52 48 43 50 45 45 49 46 51 51 53 48 55 47 42 47 52 46 42 51 48 49 51 50 53 47 49 51 54 49 46 54 49 49 45 45 54 45 57 49 43 58 60 51 50 50 54 50 60 56 61 55 55 52 51 57 60 46 56 57 51 56 53 56 61 56 58 58 59 58 63 60 55 59 63 63 61 59 59 59 55 60 53 59 54 63 61 61 55 57 62 62 67 65 55 65 68 56 62 60 56 66 58 64 63 56 67 64 62 65 64 56 66 61 66 70 62 72 60 69 68 68 64 67 62 64 72 63 66 67 73 67 69 69 66 70 60 68 63 71 77 75 75 71 67 70 71 66 71 73 73 71 68 69 74 71 76 77 74 70 77 71 71 75 74 75 76 70 74 77 74 81 78 72 75 74 78 76 82 72 78 76 76 77 77 76 82 82 81 74 74 86 78 79 76 80 73 78 81 76 76 79 78 83 82 76 76 80 75 75 89 86 84 79 81 83 81 87 81 76 81 84 80 82 89 83 76 88 79 86 87 88 82 88 84 87 79 84 85 79 84 84 87 87 84 86 83 93 85 83 94 86 85 83 89 92 91 81 96 92 91 93 89 88 88 97 91 87 97 91 98 91 98 91 90 92 93 88 94 96 94 89 97 92 92 89 93 94 95 91 95 91 90 85 90 91 102 96 93 102 95 92 92 102 97 97 95 98 100 103 101 90 97 95 99 99 99 103 100 101 97 96 100 98 105 97 96 98 103 95 105 104 98 101 99 102 102 106 96 99 99 100 108 108 95 96 106 96 98 103 107 105 100 112 110 107 104 109 101 111 104 106 109 111 108 104 108 100 111 101 112 100 109 101 114 106 113 102 107 107 105 107 110 108 110 110 115 106 111 114 107 116 111 116 111 111 110 116 115 111 112 112 112 116 112 110 120 109 114 113 111 114 115 122 118 107 115 120 119 115 112 116 119 113 113 123 121 117 117 114 113 113 114 117 118 115 119 118 116 123 118 121 116 122 122 121 124 120 118 121 117 120 120 125 119 117 121 128 125 124 128 118 127 125 126 120 123 119 125 120 117 121 127 124 127 127 127 127 124 120 121 126 128 128 126 123 123 124 125 122 127 127 126 124 126 120 128 123
0: 0 4 6 9 20 (53.0)
1: 8 30 40 (55.0)
2: 5 10 11 23 24 (51.0)
3: 12 15 19 22 33 (53.0)
4: 2 7 14 17 26 44 (53.0)
5: 13 16 36 48 (56.0)
6: 1 18 25 35 41 (59.0)
7: 3 21 28 32 34 39 42 43 47 52 72 73 (44.0)
8: 31 37 46 61 67 (51.0)
9: 49 54 63 (50.0)
10: 50 65 71 (51.0)
11: 38 45 53 59 68 69 78 93 (51.0)
12: 56 57 94 (68.0)
13: 27 29 51 58 60 (62.0)
14: 55 62 79 89 92 (53.0)
15: 64 70 75 77 (57.0)
16: 66 74 80 83 111 113 (54.0)
17: 76 85 86 90 101 116 (56.0)
18: 88 98 105 112 114 121 (69.0)
19: 100 102 115 117 122 (55.0)
20: 95 99 132 134 (59.0)
21: 91 96 97 104 109 123 (59.0)
22: 81 139 149 161 (59.0)
23: 103 106 107 108 127 129 142 (53.0)
24: 82 84 87 125 126 163 (54.0)
25: 119 128 135 137 151 152 (54.0)
26: 110 158 185 (61.0)
27: 130 131 147 165 170 (57.0)
28: 120 133 141 143 145 148 (64.0)
29: 124 136 140 154 155 157 171 (63.0)
30: 118 162 179 195 (60.0)
31: 146 150 172 177 178 181 183 184 188 192 219 (68.0)
32: 138 167 180 (59.0)
33: 174 176 186 187 193 201 213 (72.0)
34: 156 173 175 189 196 199 (63.0)
35: 159 160 182 207 209 226 (59.0)
36: 153 169 198 200 243 (55.0)
37: 144 166 190 191 194 232 246 (62.0)
38: 164 203 204 221 227 (62.0)
39: 168 210 211 217 222 (61.0)
40: 197 202 205 212 218 220 231 (86.0)
41: 206 214 223 230 239 (64.0)
42: 208 237 244 266 270 (61.0)
43: 228 233 250 254 292 (50.0)
44: 229 234 238 240 245 (67.0)
45: 236 242 249 256 257 286 287 289 (79.0)
46: 216 235 259 269 282 309 (73.0)
47: 215 247 248 251 265 267 277 (81.0)
48: 253 263 272 (63.0)
49: 224 258 273 278 281 284 285 291 (87.0)
50: 225 241 255 275 296 297 299 (73.0)
51: 260 261 271 274 279 295 306 312 (76.0)
52: 252 268 305 (64.0)
53: 262 276 314 334 (62.0)
54: 280 283 288 298 336 (89.0)
55: 264 303 304 324 332 340 346 (62.0)
56: 301 310 313 315 317 349 352 357 363 (78.0)
57: 290 307 311 341 (66.0)
58: 293 318 319 321 354 (80.0)
59: 320 325 329 330 331 335 (70.0)
60: 294 300 308 323 333 351 370 388 (66.0)
61: 302 316 328 338 339 365 (68.0)
62: 342 343 350 360 368 376 (81.0)
63: 322 326 327 337 356 379 390 (67.0)
64: 355 359 362 374 377 (59.0)
65: 345 347 361 (50.0)
66: 353 364 366 380 386 399 (79.0)
67: 344 358 375 381 383 396 (79.0)
68: 348 372 373 389 404 (70.0)
69: 371 384 385 405 (78.0)
70: 367 387 397 411 419 (80.0)
71: 391 395 398 400 403 407 413 414 (89.0)
72: 369 378 425 431 (74.0)
73: 382 401 402 448 (75.0)
74: 406 410 416 420 422 427 441 442 (73.0)
75: 393 394 415 417 426 460 461 (78.0)
76: 408 418 429 433 434 437 446 451 452 457 458 471 478 (99.0)
77: 392 409 412 421 435 436 (88.0)
78: 424 428 432 444 449 454 (85.0)
79: 445 453 465 480 488 491 (94.0)
80: 447 459 474 (68.0)
81: 423 440 450 466 468 470 472 509 (87.0)
82: 430 438 439 456 475 484 (83.0)
83: 455 467 477 498 501 505 (83.0)
84: 464 473 486 489 492 493 496 (93.0)
85: 490 500 504 545 (99.0)
86: 443 463 481 497 503 (99.0)
87: 469 482 487 494 495 519 (92.0)
88: 479 483 485 515 516 529 (79.0)
89: 462 476 506 514 533 537 (82.0)
90: 526 544 546 563 (71.0)
91: 508 512 518 521 523 525 541 543 547 (94.0)
92: 507 511 527 535 536 553 554 (99.0)
93: 499 513 528 538 550 (81.0)
94: 502 530 532 539 (81.0)
95: 540 542 552 558 565 581 596 (76.0)
96: 510 531 549 573 578 590 597 599 (74.0)
97: 517 520 534 556 557 564 572 577 (92.0)
98: 522 524 559 575 579 584 600 (100.0)
99: 566 567 568 586 591 592 (74.0)
100: 560 570 574 593 604 619 623 (100.0)
101: 562 571 585 610 621 625 (84.0)
102: 548 551 555 587 588 629 (98.0)
103: 561 569 580 601 (99.0)
104: 583 608 612 617 (99.0)
105: 576 582 603 632 (100.0)
106: 589 598 613 627 639 (99.0)
107: 602 607 630 631 633 642 667 (100.0)
108: 594 595 616 618 635 (100.0)
109: 609 614 624 659 (100.0)
110: 606 634 636 637 648 657 (100.0)
111: 611 615 620 640 644 646 647 651 662 (100.0)
112: 605 622 652 653 654 656 672 (100.0)
113: 628 661 675 676 682 683 (99.0)
114: 626 641 660 663 681 684 (100.0)
115: 638 650 664 668 671 687 (103.0)
116: 643 645 649 655 673 690 694 (99.0)
117: 679 680 685 702 707 722 (100.0)
118: 666 686 689 692 700 713 (100.0)
119: 670 674 688 706 719 (100.0)
120: 658 669 699 703 704 717 721 731 747 (90.0)
121: 678 693 697 701 708 723 732 (100.0)
122: 665 695 696 741 (82.0)
123: 677 691 718 737 738 749 (99.0)
124: 698 711 725 730 739 745 (100.0)
125: 705 710 715 720 740 (100.0)
126: 716 733 736 744 746 (97.0)
127: 714 724 726 727 728 729 742 743 (98.0)
128: 709 712 734 735 748 (62.0)
