Name: 750-30-50
Time: 23.208540678024292 
Result: 39033
Solution:  1 1 4 0 0 3 3 7 2 3 2 4 4 3 0 6 5 2 1 10 1 8 7 5 7 7 8 6 6 2 10 11 9 10 3 11 9 8 4 13 12 10 7 7 15 3 14 12 14 13 14 15 15 15 8 18 20 11 11 17 15 12 8 16 9 16 20 17 16 13 23 17 23 16 18 19 23 14 12 19 25 17 21 27 22 21 20 25 24 14 15 31 18 28 21 29 28 24 24 25 20 27 31 21 23 30 24 21 27 20 33 23 27 25 29 29 28 30 29 33 23 30 30 34 34 34 29 32 27 22 36 34 29 29 26 35 32 31 34 38 34 34 31 34 26 33 36 35 34 37 33 36 30 38 35 38 40 38 38 32 40 36 34 32 38 35 34 37 41 40 45 35 38 36 39 43 39 42 34 41 38 37 42 47 43 48 43 39 49 41 44 43 39 36 52 44 53 45 49 47 43 39 41 41 47 47 48 47 49 51 42 47 47 53 41 52 52 51 46 52 48 45 56 53 51 46 56 49 50 53 51 53 58 53 55 49 56 53 57 52 55 56 56 50 46 50 57 51 56 58 55 59 53 61 54 57 54 63 50 61 59 51 55 56 59 64 51 61 56 59 60 58 61 56 61 62 64 55 63 61 66 62 65 57 67 62 56 60 60 65 64 57 70 63 58 68 63 69 63 60 70 67 63 71 68 67 63 63 67 69 68 68 64 63 73 69 65 70 68 69 71 71 69 76 77 74 64 72 70 72 78 74 73 74 72 74 74 72 77 81 66 69 68 73 79 76 72 74 78 74 76 83 71 69 74 80 80 77 77 78 85 80 73 82 75 78 73 79 78 81 84 76 79 81 80 82 83 78 81 79 82 79 74 80 88 83 83 91 83 77 78 88 80 93 79 85 86 89 85 89 92 87 86 87 81 89 87 84 91 92 88 88 85 92 90 84 90 86 92 96 87 88 85 89 90 91 96 95 88 94 90 95 93 92 85 94 93 96 96 95 100 95 92 89 91 86 89 93 95 94 95 96 87 104 95 102 94 98 93 98 101 97 97 103 104 102 104 99 100 97 101 98 97 107 98 97 92 109 98 99 105 102 110 99 99 95 101 101 105 105 102 105 104 104 103 109 108 108 100 100 106 102 106 101 105 104 103 105 109 113 103 104 111 110 114 116 114 104 106 108 111 109 109 113 110 111 111 112 114 110 115 107 108 114 104 118 110 113 119 114 120 109 113 120 110 107 117 115 118 112 116 117 114 112 119 115 117 118 117 122 118 118 123 112 126 120 120 119 122 117 114 123 117 119 118 120 117 128 122 119 124 130 127 120 121 123 126 123 125 126 124 122 125 124 125 125 128 123 127 128 122 125 124 126 123 127 136 123 128 131 121 135 133 134 127 129 129 131 125 123 129 128 132 130 124 133 134 130 133 131 130 134 130 131 137 134 127 131 135 134 132 127 141 136 132 136 135 133 138 135 136 137 135 131 130 133 133 134 131 139 140 140 138 135 147 137 143 137 130 139 136 136 140 140 141 145 143 138 138 144 142 144 137 142 142 143 143 143 142 138 145 140 153 146 150 145 143 145 146 142 153 143 141 144 147 140 142 154 148 146 148 151 153 150 147 155 154 151 148 150 154 154 148 152 150 148 151 149 144 151 152 152 153 144 152 155 152 153 149 153 149 145 155 154 153 155 154 154 155 149
0: 3 4 14 (24.0)
1: 0 1 18 20 (33.0)
2: 8 10 17 29 (25.0)
3: 5 6 9 13 34 45 (23.0)
4: 2 11 12 38 (30.0)
5: 16 23 (30.0)
6: 15 27 28 (34.0)
7: 7 22 24 25 42 43 (32.0)
8: 21 26 37 54 62 (30.0)
9: 32 36 64 (33.0)
10: 19 30 33 41 (25.0)
11: 31 35 57 58 (32.0)
12: 40 47 61 78 (33.0)
13: 39 49 69 (38.0)
14: 46 48 50 77 89 (30.0)
15: 44 51 52 53 60 90 (32.0)
16: 63 65 68 73 (34.0)
17: 59 67 71 81 (34.0)
18: 55 74 92 (35.0)
19: 75 79 (32.0)
20: 56 66 86 100 109 (40.0)
21: 82 85 94 103 107 (38.0)
22: 84 129 (33.0)
23: 70 72 76 104 111 120 (39.0)
24: 88 97 98 106 (38.0)
25: 80 87 99 113 (38.0)
26: 134 144 (38.0)
27: 83 101 108 112 128 (34.0)
28: 93 96 116 (32.0)
29: 95 114 115 118 126 132 133 (31.0)
30: 105 117 121 122 152 (32.0)
31: 91 102 137 142 (32.0)
32: 127 136 159 163 (34.0)
33: 110 119 145 150 (33.0)
34: 123 124 125 131 138 140 141 143 148 162 166 178 (29.0)
35: 135 147 154 165 171 (30.0)
36: 130 146 151 161 173 193 (31.0)
37: 149 167 181 (40.0)
38: 139 153 155 157 158 164 172 180 (31.0)
39: 174 176 187 192 201 (33.0)
40: 156 160 169 (31.0)
41: 168 179 189 202 203 214 (31.0)
42: 177 182 210 (32.0)
43: 175 184 186 191 200 (39.0)
44: 190 195 (40.0)
45: 170 197 221 (40.0)
46: 218 225 244 (39.0)
47: 183 199 204 205 207 211 212 (32.0)
48: 185 206 220 (33.0)
49: 188 198 208 227 235 (31.0)
50: 228 243 245 258 (37.0)
51: 209 217 224 230 247 261 266 (34.0)
52: 194 215 216 219 239 (43.0)
53: 196 213 223 229 231 233 237 252 (32.0)
54: 254 256 (35.0)
55: 234 240 250 262 277 (34.0)
56: 222 226 236 241 242 248 263 268 273 286 (31.0)
57: 238 246 255 283 291 (33.0)
58: 232 249 271 294 (32.0)
59: 251 260 264 269 (42.0)
60: 270 287 288 299 (42.0)
61: 253 259 267 272 274 279 (31.0)
62: 275 281 285 (41.0)
63: 257 278 293 296 298 302 306 307 313 (30.0)
64: 265 276 290 312 326 (43.0)
65: 282 289 316 (44.0)
66: 280 340 (35.0)
67: 284 301 305 308 (39.0)
68: 295 304 310 311 318 342 (35.0)
69: 297 309 315 319 322 341 353 (33.0)
70: 292 300 317 328 (35.0)
71: 303 320 321 352 (35.0)
72: 327 329 334 337 346 (45.0)
73: 314 332 343 362 366 (37.0)
74: 325 331 333 335 336 347 349 354 382 (47.0)
75: 364 (30.0)
76: 323 345 350 371 (49.0)
77: 324 338 357 358 389 (41.0)
78: 330 348 359 365 368 377 390 (42.0)
79: 344 367 372 379 381 394 (48.0)
80: 355 356 361 374 383 392 (35.0)
81: 339 369 373 378 404 (46.0)
82: 363 375 380 (36.0)
83: 351 376 385 386 388 (42.0)
84: 370 407 415 (39.0)
85: 360 395 398 412 422 434 (44.0)
86: 396 402 417 445 (39.0)
87: 401 403 406 420 452 (42.0)
88: 384 391 410 411 421 428 (48.0)
89: 397 399 405 423 443 446 (46.0)
90: 414 416 424 430 (44.0)
91: 387 408 425 444 (50.0)
92: 400 409 413 418 433 442 476 (42.0)
93: 393 432 436 447 458 (38.0)
94: 429 435 449 456 (40.0)
95: 427 431 439 441 448 450 454 485 (41.0)
96: 419 426 437 438 451 (50.0)
97: 461 462 469 472 475 (38.0)
98: 457 459 471 474 478 (40.0)
99: 467 479 483 484 (50.0)
100: 440 468 498 499 (43.0)
101: 460 470 486 487 503 (43.0)
102: 455 465 481 490 501 (38.0)
103: 463 494 506 510 (50.0)
104: 453 464 466 492 493 505 511 517 534 (50.0)
105: 480 488 489 491 504 507 (47.0)
106: 500 502 518 (38.0)
107: 473 531 545 (36.0)
108: 496 497 519 532 (39.0)
109: 477 495 508 521 522 541 (40.0)
110: 482 513 524 529 536 544 (50.0)
111: 512 520 525 526 (41.0)
112: 527 549 553 563 (50.0)
113: 509 523 537 542 (50.0)
114: 514 516 528 533 539 552 570 (43.0)
115: 530 547 555 (52.0)
116: 515 550 (49.0)
117: 546 551 556 558 569 572 576 (50.0)
118: 535 548 557 560 561 574 (44.0)
119: 538 554 567 573 579 (50.0)
120: 540 543 565 566 575 583 (50.0)
121: 584 610 (52.0)
122: 559 568 578 591 600 (50.0)
123: 562 571 585 587 597 604 607 619 (50.0)
124: 580 590 593 602 624 (48.0)
125: 588 592 594 595 601 618 (43.0)
126: 564 586 589 603 (50.0)
127: 582 598 605 614 636 641 (37.0)
128: 577 596 599 608 621 (48.0)
129: 615 616 620 (52.0)
130: 581 623 627 630 632 654 668 (47.0)
131: 609 617 629 633 637 653 658 (49.0)
132: 622 640 644 (49.0)
133: 612 625 628 647 655 656 (46.0)
134: 613 626 631 635 639 657 (50.0)
135: 611 638 646 649 652 663 (45.0)
136: 606 643 645 650 670 671 (45.0)
137: 634 651 665 667 682 (43.0)
138: 648 662 677 678 689 (45.0)
139: 659 669 (50.0)
140: 660 661 672 673 691 705 (50.0)
141: 642 674 702 (50.0)
142: 680 683 684 688 699 706 (50.0)
143: 666 676 685 686 687 696 701 (45.0)
144: 679 681 703 728 733 (50.0)
145: 675 690 695 697 741 (50.0)
146: 693 698 709 (50.0)
147: 664 704 714 (50.0)
148: 708 710 718 722 725 (51.0)
149: 727 738 740 749 (52.0)
150: 694 713 719 724 (56.0)
151: 711 717 726 729 (50.0)
152: 723 730 731 734 736 (50.0)
153: 692 700 712 732 737 739 744 (50.0)
154: 707 716 720 721 743 746 747 (46.0)
155: 715 735 742 745 748 (50.0)
