Name: 750-60-125
Time: 24.530542373657227 
Result: 63108
Solution:  3 4 3 1 0 1 0 3 2 0 4 5 9 1 7 4 2 4 8 6 0 14 5 7 11 2 4 9 8 10 5 15 10 10 7 13 13 13 5 1 14 11 10 6 7 14 9 12 17 16 5 12 8 11 11 9 18 15 20 10 17 16 19 14 14 11 19 15 15 16 19 16 23 16 17 14 18 16 23 13 20 23 20 20 27 21 28 17 21 27 16 19 19 26 24 27 22 16 27 20 25 33 26 26 24 24 31 22 25 20 34 21 29 25 29 30 27 30 28 23 29 33 27 30 31 31 33 34 29 29 34 32 39 33 33 36 32 36 27 33 34 40 26 36 38 40 41 34 34 33 37 37 38 42 33 35 35 33 38 48 40 38 33 42 41 45 38 37 38 39 42 44 44 43 42 36 43 43 37 42 37 42 44 40 45 41 41 49 49 48 44 46 50 54 41 49 44 58 51 46 50 52 54 47 48 51 49 55 51 53 55 50 53 53 56 59 59 57 51 54 56 55 56 54 52 56 51 55 57 58 52 51 56 62 66 60 54 61 59 53 62 57 64 57 57 61 60 66 62 57 64 63 68 71 56 58 63 67 63 58 66 66 61 65 68 65 61 67 67 70 60 64 69 67 69 65 71 78 62 64 66 74 74 65 70 72 76 69 68 68 69 74 69 75 79 74 79 77 73 78 70 69 72 80 80 75 75 78 73 74 78 72 75 76 80 85 81 73 79 78 83 80 76 75 73 81 82 83 82 83 91 79 74 82 84 88 83 86 86 77 84 84 86 86 89 87 92 85 82 93 80 89 93 94 85 79 91 80 84 90 87 92 93 89 88 96 85 97 93 97 89 90 98 91 88 92 93 93 95 94 92 91 88 86 99 97 98 100 99 97 93 98 96 102 101 91 95 99 96 100 94 99 95 107 101 103 104 101 108 99 104 103 105 108 107 101 102 99 103 106 107 108 102 105 109 100 101 103 108 106 111 109 102 104 110 105 105 113 109 104 111 109 106 105 112 111 106 112 117 113 105 113 111 114 108 107 120 111 115 119 110 117 114 115 115 118 116 113 123 116 120 119 118 116 124 119 118 117 114 121 117 115 126 120 114 115 117 120 128 121 117 125 122 124 122 122 121 123 123 122 126 131 126 116 127 127 126 125 128 133 135 124 127 130 128 129 130 121 128 124 130 132 130 132 138 129 126 125 129 129 131 123 133 134 134 135 137 139 135 132 130 134 135 134 143 138 134 134 137 138 141 140 130 134 137 136 140 136 142 142 146 141 138 147 136 136 140 144 139 145 142 142 139 134 141 147 143 141 139 150 150 143 146 147 138 143 149 145 143 144 148 141 149 145 152 144 150 147 140 149 153 146 146 150 140 154 155 152 149 158 151 149 155 152 155 151 153 156 148 149 145 151 151 155 154 157 159 156 156 149 153 158 158 155 152 154 156 160 152 160 164 154 162 151 157 162 156 161 151 159 162 155 153 157 159 164 165 158 160 162 166 166 156 156 157 166 162 156 162 161 167 169 164 168 165 160 168 163 159 163 161 169 157 166 164 168 167 167 167 163 164 164 159 170 165 162 173 168 170 168 167 174 163 166 175 171 166 168 169 169 177 173 173 171 176 175 172 174 165 171 173 178 170 176 174 173 174 170 175 167 171 178 172 173 176 172 172 177 171 175 175 177 177 172 177 170 178 177 176 178
0: 4 6 9 20 (60.0)
1: 3 5 13 39 (60.0)
2: 8 16 25 (55.0)
3: 0 2 7 (60.0)
4: 1 10 15 17 26 (26.0)
5: 11 22 30 38 50 (58.0)
6: 19 43 (66.0)
7: 14 23 34 44 (63.0)
8: 18 28 52 (67.0)
9: 12 27 46 55 (69.0)
10: 29 32 33 42 59 (67.0)
11: 24 41 53 54 65 (71.0)
12: 47 51 (73.0)
13: 35 36 37 79 (66.0)
14: 21 40 45 63 64 75 (67.0)
15: 31 57 67 68 (64.0)
16: 49 61 69 71 73 77 90 97 (60.0)
17: 48 60 74 87 (65.0)
18: 56 76 (62.0)
19: 62 66 70 91 92 (62.0)
20: 58 80 82 83 99 109 (69.0)
21: 85 88 111 (74.0)
22: 96 107 (71.0)
23: 72 78 81 119 (67.0)
24: 94 104 105 (66.0)
25: 100 108 113 (73.0)
26: 93 102 103 142 (60.0)
27: 84 89 95 98 116 122 138 (61.0)
28: 86 118 (63.0)
29: 112 114 120 128 129 (78.0)
30: 115 117 123 (75.0)
31: 106 124 125 (65.0)
32: 131 136 (73.0)
33: 101 121 126 133 134 139 149 154 157 162 (60.0)
34: 110 127 130 140 147 148 (63.0)
35: 155 156 (77.0)
36: 135 137 143 175 (64.0)
37: 150 151 167 178 180 (108.0)
38: 144 152 158 161 166 168 (86.0)
39: 132 169 (63.0)
40: 141 145 160 183 (68.0)
41: 146 164 185 186 194 (74.0)
42: 153 163 170 174 179 181 (77.0)
43: 173 176 177 (74.0)
44: 171 172 182 190 196 (63.0)
45: 165 184 (69.0)
46: 191 199 (74.0)
47: 203 (60.0)
48: 159 189 204 (73.0)
49: 187 188 195 206 (70.0)
50: 192 200 211 (73.0)
51: 198 205 208 218 226 231 (84.0)
52: 201 224 230 (104.0)
53: 209 212 213 239 (91.0)
54: 193 202 219 223 236 (83.0)
55: 207 210 221 227 (68.0)
56: 214 220 222 225 232 254 (100.0)
57: 217 228 241 243 244 249 (70.0)
58: 197 229 255 259 (66.0)
59: 215 216 238 (93.0)
60: 235 246 270 (75.0)
61: 237 245 262 266 (67.0)
62: 233 240 248 278 (84.0)
63: 251 256 258 (84.0)
64: 242 250 271 279 (101.0)
65: 263 265 275 283 (119.0)
66: 234 247 260 261 280 (93.0)
67: 257 267 268 273 (121.0)
68: 252 264 288 289 (112.0)
69: 272 274 287 290 292 301 (99.0)
70: 269 284 300 (101.0)
71: 253 276 (63.0)
72: 285 302 311 (76.0)
73: 298 308 317 324 (70.0)
74: 281 282 291 295 309 332 (83.0)
75: 293 305 306 312 323 (83.0)
76: 286 313 322 (85.0)
77: 297 339 (78.0)
78: 277 299 307 310 319 (66.0)
79: 294 296 318 331 355 (92.0)
80: 303 304 314 321 350 357 (74.0)
81: 316 325 (99.0)
82: 326 328 333 348 (104.0)
83: 320 327 329 336 (75.0)
84: 334 340 341 358 (78.0)
85: 315 347 354 366 (80.0)
86: 337 338 342 343 383 (103.0)
87: 345 360 (97.0)
88: 335 364 374 382 (77.0)
89: 344 351 363 370 (90.0)
90: 359 371 (73.0)
91: 330 356 373 381 395 (95.0)
92: 346 361 375 380 (102.0)
93: 349 352 362 368 376 377 390 (96.0)
94: 353 379 400 (105.0)
95: 378 396 402 (100.0)
96: 365 392 398 (89.0)
97: 367 369 385 389 (91.0)
98: 372 386 391 (77.0)
99: 384 388 397 401 409 417 (114.0)
100: 387 399 425 (85.0)
101: 394 404 407 415 426 (109.0)
102: 393 416 422 432 (97.0)
103: 405 411 418 427 (104.0)
104: 406 410 433 439 (125.0)
105: 412 423 435 436 443 450 (108.0)
106: 419 429 442 446 (87.0)
107: 403 414 420 455 (89.0)
108: 408 413 421 428 454 (121.0)
109: 424 431 438 441 (72.0)
110: 434 460 (74.0)
111: 430 440 445 452 457 (103.0)
112: 444 447 (76.0)
113: 437 449 451 467 (122.0)
114: 453 462 478 484 (125.0)
115: 458 463 464 481 485 (123.0)
116: 466 469 473 503 (87.0)
117: 448 461 477 480 486 490 (114.0)
118: 465 472 476 (79.0)
119: 459 471 475 (121.0)
120: 456 470 483 487 (125.0)
121: 479 489 496 517 (119.0)
122: 492 494 495 499 (122.0)
123: 468 497 498 531 (92.0)
124: 474 493 511 519 (110.0)
125: 491 507 527 (62.0)
126: 482 500 502 506 526 (103.0)
127: 504 505 512 (120.0)
128: 488 508 514 518 (123.0)
129: 515 525 528 529 (125.0)
130: 513 516 520 522 540 552 (99.0)
131: 501 530 (71.0)
132: 521 523 539 (118.0)
133: 509 532 (84.0)
134: 533 534 541 543 546 547 553 573 (120.0)
135: 510 535 538 542 (122.0)
136: 555 557 564 565 (117.0)
137: 536 548 554 (102.0)
138: 524 545 549 562 584 (120.0)
139: 537 568 572 578 (90.0)
140: 551 556 566 598 604 (121.0)
141: 550 561 574 577 591 (121.0)
142: 558 559 570 571 (119.0)
143: 544 576 581 585 588 (110.0)
144: 567 589 595 (91.0)
145: 569 587 593 620 (124.0)
146: 560 582 601 602 (124.0)
147: 563 575 583 597 (125.0)
148: 590 618 (62.0)
149: 586 592 599 608 611 619 629 (112.0)
150: 579 580 596 603 (119.0)
151: 610 615 621 622 643 648 (125.0)
152: 594 607 613 634 638 (105.0)
153: 600 616 630 652 (125.0)
154: 605 624 635 641 (134.0)
155: 606 612 614 623 633 651 (107.0)
156: 617 627 628 636 646 662 663 667 (121.0)
157: 625 644 653 664 682 (123.0)
158: 609 631 632 657 (125.0)
159: 626 649 654 678 692 (122.0)
160: 637 639 658 675 (119.0)
161: 647 669 680 (122.0)
162: 642 645 650 659 666 668 695 (130.0)
163: 677 679 689 702 (116.0)
164: 640 655 672 684 690 691 (123.0)
165: 656 674 694 718 (119.0)
166: 660 661 665 683 703 706 (122.0)
167: 670 686 687 688 700 729 (125.0)
168: 673 676 685 697 699 707 (125.0)
169: 671 681 708 709 (128.0)
170: 693 698 722 727 745 (125.0)
171: 705 713 719 730 738 (127.0)
172: 716 732 735 736 743 (125.0)
173: 696 711 712 720 725 733 (125.0)
174: 701 717 724 726 (128.0)
175: 704 715 728 739 740 (125.0)
176: 714 723 734 748 (125.0)
177: 710 737 741 742 744 747 (125.0)
178: 721 731 746 749 (104.0)
