Name: 750-30-50
Time: 24.06204128265381 
Result: 28034
Solution:  2 1 3 0 6 0 3 1 9 0 0 3 2 3 0 0 10 1 6 3 9 1 2 4 1 7 9 4 4 6 8 12 7 8 3 11 9 8 2 14 8 17 7 7 7 11 15 11 12 10 12 15 13 16 13 14 17 13 19 15 13 16 8 12 13 10 20 16 17 15 23 17 18 12 18 22 21 16 24 19 20 26 27 23 14 24 20 23 21 16 19 29 25 29 18 16 18 21 26 23 30 28 29 24 18 34 27 21 25 26 30 24 26 28 32 20 31 32 29 33 28 28 36 32 34 32 29 35 32 22 32 32 29 29 27 30 38 37 32 34 32 34 28 34 37 34 31 33 35 29 36 39 35 37 35 43 41 34 34 33 39 37 32 42 44 35 32 42 35 40 44 33 39 35 41 40 38 43 42 38 37 41 42 41 49 43 44 43 46 50 39 44 44 42 51 41 51 44 38 47 46 40 53 45 43 43 48 48 52 48 52 51 49 53 48 51 47 53 51 49 48 46 46 54 51 45 54 52 54 54 50 55 45 55 56 53 51 53 58 51 49 55 49 49 61 47 56 54 56 55 53 59 61 54 57 60 50 63 57 59 58 50 55 54 58 59 55 59 53 67 63 56 54 56 56 60 64 54 60 55 66 62 62 57 64 64 58 57 61 66 61 70 64 65 62 68 63 71 63 62 69 70 63 65 67 59 63 65 69 67 68 69 66 70 69 65 72 69 69 75 70 63 74 71 71 74 65 71 73 68 74 73 75 71 73 71 73 72 78 67 75 77 78 73 77 78 77 76 69 73 80 83 76 68 74 78 75 77 76 74 79 80 74 84 82 80 70 85 79 74 85 77 76 79 81 84 86 78 79 79 81 79 82 79 76 80 90 83 90 76 77 90 82 83 83 88 87 91 87 81 89 84 81 83 82 85 93 88 93 95 91 88 86 83 86 82 90 87 89 92 91 86 88 92 89 93 90 83 94 89 94 95 95 90 98 96 94 95 87 95 97 99 94 91 100 87 93 93 96 91 96 96 90 90 92 102 103 101 99 93 99 98 95 100 104 103 95 105 101 97 105 101 102 109 105 94 95 108 101 99 105 96 100 98 102 105 106 103 102 106 97 104 98 104 107 104 108 111 107 101 110 100 108 107 101 109 101 111 101 112 106 105 110 113 104 114 111 108 107 109 117 109 107 108 113 110 113 115 113 108 117 108 110 113 104 105 112 112 118 114 117 119 111 118 114 109 121 115 116 119 116 119 112 112 119 115 113 114 119 121 126 124 118 111 125 120 122 123 122 114 116 123 124 118 121 118 113 116 122 128 121 123 129 120 130 124 123 123 128 124 127 122 120 120 129 125 129 119 128 122 126 126 126 127 127 121 133 131 127 120 128 120 125 128 129 137 129 132 131 121 136 129 125 127 131 136 130 131 138 132 132 134 130 133 134 132 131 132 135 126 133 130 135 134 140 135 134 132 138 133 131 138 130 131 135 144 131 133 129 141 138 138 139 134 141 137 143 139 145 137 139 134 146 136 138 139 144 140 144 145 143 142 146 142 142 144 139 143 144 140 147 139 147 146 146 149 151 152 148 143 150 145 146 150 141 142 144 153 147 147 143 146 152 151 145 155 154 154 142 149 150 143 152 152 150 148 151 150 144 151 148 152 148 153 152 155 153 154 154 152 153 153 152 154 155 155 148 153 155 149
0: 3 5 9 10 14 15 (29.0)
1: 1 7 17 21 24 (31.0)
2: 0 12 22 38 (31.0)
3: 2 6 11 13 19 34 (29.0)
4: 23 27 28 (37.0)
5: (0.0)
6: 4 18 29 (27.0)
7: 25 32 42 43 44 (31.0)
8: 30 33 37 40 62 (22.0)
9: 8 20 26 36 (36.0)
10: 16 49 65 (40.0)
11: 35 45 47 (30.0)
12: 31 48 50 63 73 (41.0)
13: 52 54 57 60 64 (33.0)
14: 39 55 84 (39.0)
15: 46 51 59 69 (31.0)
16: 53 61 67 77 89 95 (31.0)
17: 41 56 68 71 (42.0)
18: 72 74 94 96 104 (33.0)
19: 58 79 90 (31.0)
20: 66 80 86 115 (34.0)
21: 76 88 97 107 (30.0)
22: 75 129 (37.0)
23: 70 83 87 99 (31.0)
24: 78 85 103 111 (35.0)
25: 92 108 (41.0)
26: 81 98 109 112 (30.0)
27: 82 106 134 (38.0)
28: 101 113 120 121 142 (27.0)
29: 91 93 102 118 126 132 133 149 (30.0)
30: 100 110 135 (30.0)
31: 116 146 (30.0)
32: 114 117 123 125 128 130 131 138 140 162 166 (28.0)
33: 119 147 159 171 (32.0)
34: 105 124 139 141 143 145 157 158 (35.0)
35: 127 148 152 154 165 168 173 (34.0)
36: 122 150 (30.0)
37: 137 144 153 161 180 (38.0)
38: 136 176 179 198 (32.0)
39: 151 160 172 190 (46.0)
40: 169 175 201 (35.0)
41: 156 174 181 183 195 (39.0)
42: 163 167 178 182 193 (33.0)
43: 155 177 185 187 204 205 (34.0)
44: 164 170 186 191 192 197 (45.0)
45: 203 225 232 (33.0)
46: 188 200 221 222 (36.0)
47: 199 216 245 (39.0)
48: 206 207 209 214 220 (43.0)
49: 184 212 219 240 242 243 (38.0)
50: 189 230 256 261 (30.0)
51: 194 196 211 215 218 224 236 239 (30.0)
52: 208 210 227 (31.0)
53: 202 213 217 235 237 250 268 (31.0)
54: 223 226 228 229 247 253 263 272 277 (31.0)
55: 231 233 241 249 262 266 279 (31.0)
56: 234 246 248 271 273 274 (35.0)
57: 254 258 283 287 (42.0)
58: 238 260 264 286 (44.0)
59: 251 259 265 267 305 (39.0)
60: 255 275 278 (33.0)
61: 244 252 288 290 (40.0)
62: 281 282 294 299 (34.0)
63: 257 270 296 298 302 306 321 (38.0)
64: 276 284 285 292 (42.0)
65: 293 303 307 315 326 (38.0)
66: 280 289 312 (39.0)
67: 269 304 309 339 (39.0)
68: 295 310 329 353 (42.0)
69: 300 308 311 314 317 318 348 (42.0)
70: 291 301 313 320 366 (43.0)
71: 297 323 324 327 333 335 (43.0)
72: 316 337 (27.0)
73: 328 331 334 336 343 349 (37.0)
74: 322 325 330 354 359 362 369 (45.0)
75: 319 332 340 356 (32.0)
76: 347 352 358 372 384 389 (29.0)
77: 341 344 346 357 371 390 (43.0)
78: 338 342 345 355 377 (50.0)
79: 360 368 373 378 379 381 383 (38.0)
80: 350 361 365 385 (48.0)
81: 374 380 399 402 (39.0)
82: 364 382 392 404 415 (43.0)
83: 351 387 393 394 403 413 427 (44.0)
84: 363 375 401 (44.0)
85: 367 370 405 (41.0)
86: 376 412 414 421 (34.0)
87: 396 398 417 438 445 (43.0)
88: 395 407 411 422 (37.0)
89: 400 418 424 429 (40.0)
90: 386 388 391 416 426 433 452 453 (46.0)
91: 397 410 420 443 449 (48.0)
92: 419 423 454 (33.0)
93: 406 408 425 446 447 459 (45.0)
94: 428 430 436 442 475 (39.0)
95: 409 431 432 437 439 462 466 476 (43.0)
96: 435 448 450 451 481 (50.0)
97: 440 469 490 (30.0)
98: 434 461 483 492 (49.0)
99: 441 458 460 479 (34.0)
100: 444 463 482 501 (49.0)
101: 457 468 471 478 499 504 506 508 (43.0)
102: 455 472 484 488 (31.0)
103: 456 465 487 (34.0)
104: 464 491 493 495 514 534 (46.0)
105: 467 470 474 480 485 511 535 (50.0)
106: 486 489 510 (40.0)
107: 494 498 503 518 522 (37.0)
108: 477 496 502 517 523 529 531 (40.0)
109: 473 505 519 521 545 (45.0)
110: 500 512 525 532 (50.0)
111: 497 507 516 542 563 (49.0)
112: 509 536 537 552 553 (41.0)
113: 513 524 526 528 533 556 576 (46.0)
114: 515 539 544 557 569 (50.0)
115: 527 547 555 (47.0)
116: 548 550 570 577 (49.0)
117: 520 530 540 (50.0)
118: 538 543 562 573 575 (44.0)
119: 541 549 551 554 558 597 (49.0)
120: 565 583 592 593 609 611 (49.0)
121: 546 559 574 580 605 619 (50.0)
122: 566 568 578 591 599 (50.0)
123: 567 571 581 586 587 (50.0)
124: 561 572 585 589 (45.0)
125: 564 595 612 622 (49.0)
126: 560 600 601 602 639 (50.0)
127: 590 603 604 608 623 (50.0)
128: 579 588 598 610 613 (49.0)
129: 582 594 596 614 616 621 658 (50.0)
130: 584 626 632 641 652 (49.0)
131: 607 618 624 627 636 650 653 656 (50.0)
132: 617 629 630 635 637 647 (50.0)
133: 606 633 640 649 657 (48.0)
134: 631 634 643 646 663 671 (50.0)
135: 638 642 645 654 (49.0)
136: 620 625 673 (47.0)
137: 615 665 669 (50.0)
138: 628 648 651 660 661 674 (50.0)
139: 662 667 670 675 686 691 (50.0)
140: 644 677 689 (50.0)
141: 659 664 704 (50.0)
142: 681 683 684 705 718 (50.0)
143: 666 680 687 699 710 721 (50.0)
144: 655 676 678 685 688 706 728 (48.0)
145: 668 679 701 714 (50.0)
146: 672 682 693 694 702 711 (50.0)
147: 690 692 708 709 (48.0)
148: 698 725 730 732 746 (50.0)
149: 695 719 749 (56.0)
150: 700 703 720 724 727 (50.0)
151: 696 713 726 729 (50.0)
152: 697 712 722 723 731 734 739 742 (49.0)
153: 707 733 736 740 741 747 (50.0)
154: 716 717 737 738 743 (50.0)
155: 715 735 744 745 748 (49.0)
