Name: 750-40-75
Time: 24.415870666503906 
Result: 19045
Solution:  1 0 2 0 0 1 2 0 8 4 5 0 1 5 7 3 8 7 7 5 4 6 8 12 2 12 7 7 13 7 7 3 11 6 5 5 3 9 9 9 4 5 12 15 10 7 17 11 13 9 10 14 19 12 6 11 17 15 17 5 9 10 13 9 12 23 14 17 16 17 14 19 17 17 21 18 24 21 17 23 16 28 26 22 20 14 14 21 21 19 14 15 22 23 22 20 22 24 15 18 25 28 20 22 25 22 24 27 29 23 22 33 27 22 30 27 26 28 34 30 29 31 32 30 24 30 37 32 35 34 26 23 31 34 33 33 37 32 35 35 32 34 36 38 29 34 40 37 43 30 41 32 36 34 34 41 40 34 38 47 46 42 41 37 42 45 41 44 39 41 39 44 44 43 42 46 38 52 48 44 47 47 48 49 45 49 49 49 40 46 51 48 43 44 49 50 42 52 52 56 50 54 51 51 57 52 53 50 53 52 60 45 51 54 52 48 54 56 54 55 64 59 56 55 59 61 56 53 60 59 54 52 62 61 55 57 59 58 58 56 51 58 63 58 61 62 66 63 57 59 64 60 65 69 65 64 68 65 62 69 64 58 71 62 70 67 66 67 63 67 66 67 61 71 67 69 73 74 71 70 71 71 69 68 74 69 79 70 72 72 70 71 72 79 72 74 76 75 67 70 79 75 74 71 76 79 76 70 78 79 73 83 81 77 70 75 79 80 82 77 80 80 75 80 78 81 82 82 80 90 90 77 82 83 82 87 78 80 79 83 85 80 80 78 81 84 86 85 84 87 87 82 85 84 86 82 89 81 93 92 89 86 88 87 87 94 91 89 88 91 97 82 89 95 94 87 96 91 90 89 86 90 96 95 92 95 93 94 100 94 96 98 93 88 98 93 87 97 99 95 98 96 97 95 99 102 100 100 94 97 101 95 100 102 91 95 97 99 97 102 96 92 94 101 91 107 96 102 99 100 101 104 102 103 103 103 99 100 103 105 99 102 105 109 103 111 105 104 106 114 104 110 110 109 107 106 107 103 105 113 109 109 104 105 108 111 107 101 106 107 116 112 109 112 112 110 114 106 114 115 117 104 111 113 116 106 112 106 117 113 116 116 115 113 114 115 117 120 117 109 114 118 117 118 108 112 120 117 114 124 110 118 127 118 120 119 118 116 116 118 119 121 119 115 121 121 116 122 125 115 123 121 119 126 126 118 124 125 122 122 122 121 128 128 118 133 126 129 123 123 124 127 124 127 132 126 121 128 126 123 125 129 122 130 134 128 129 126 127 129 130 134 128 126 130 127 128 125 126 140 137 127 131 133 131 137 137 138 133 130 127 142 134 137 131 132 135 136 142 132 139 135 128 129 141 138 137 139 137 141 133 139 139 135 135 140 135 138 135 132 144 140 138 138 136 147 140 144 143 134 143 138 139 140 149 142 144 142 139 143 145 145 143 137 144 141 144 147 141 144 141 149 147 142 145 150 145 151 144 145 147 149 152 149 146 150 146 149 145 148 151 150 152 156 151 149 151 147 152 154 148 153 146 148 159 154 156 155 158 150 155 157 152 154 158 163 147 158 157 158 153 154 156 151 152 156 162 162 157 157 158 153 162 155 153 161 160 155 159 160 158 160 157 165 160 156 162 163 160 159 161 158 164 165 162 164 164 160 161 163 162 161 162 159 163 165 160 164 165 165
0: 1 3 4 7 11 (42.0)
1: 0 5 12 (42.0)
2: 2 6 24 (47.0)
3: 15 31 36 (49.0)
4: 9 20 40 (40.0)
5: 10 13 19 34 35 41 59 (42.0)
6: 21 33 54 (45.0)
7: 14 17 18 26 27 29 30 45 (40.0)
8: 8 16 22 (57.0)
9: 37 38 39 49 60 63 (51.0)
10: 44 50 61 (44.0)
11: 32 47 55 (42.0)
12: 23 25 42 53 64 (37.0)
13: 28 48 62 (48.0)
14: 51 66 70 85 86 90 (36.0)
15: 43 57 91 98 (38.0)
16: 68 80 (55.0)
17: 46 56 58 67 69 72 73 78 (40.0)
18: 75 99 (56.0)
19: 52 71 89 (44.0)
20: 84 95 102 (60.0)
21: 74 77 87 88 (51.0)
22: 83 92 94 96 103 105 110 113 (40.0)
23: 65 79 93 109 131 (45.0)
24: 76 97 106 124 (44.0)
25: 100 104 (41.0)
26: 82 116 130 (44.0)
27: 107 112 115 (46.0)
28: 81 101 117 (42.0)
29: 108 120 144 (49.0)
30: 114 119 123 125 149 (45.0)
31: 121 132 (44.0)
32: 122 127 137 140 151 (45.0)
33: 111 134 135 (42.0)
34: 118 129 133 141 145 153 154 157 (32.0)
35: 128 138 139 (51.0)
36: 142 152 (41.0)
37: 126 136 147 163 (42.0)
38: 143 158 176 (42.0)
39: 168 170 (45.0)
40: 146 156 188 (46.0)
41: 150 155 162 166 169 (54.0)
42: 161 164 174 196 (54.0)
43: 148 173 192 (43.0)
44: 167 171 172 179 193 (66.0)
45: 165 184 211 (42.0)
46: 160 175 189 (50.0)
47: 159 180 181 (40.0)
48: 178 182 191 215 (72.0)
49: 183 185 186 187 194 (62.0)
50: 195 200 207 (57.0)
51: 190 202 203 212 240 (48.0)
52: 177 197 198 205 209 214 231 (54.0)
53: 206 208 227 (50.0)
54: 201 213 216 218 230 (75.0)
55: 219 223 234 (47.0)
56: 199 217 222 226 239 (75.0)
57: 204 235 248 (44.0)
58: 237 238 241 243 261 (48.0)
59: 221 224 229 236 249 (48.0)
60: 210 228 251 (64.0)
61: 225 233 244 272 (73.0)
62: 232 245 258 263 (55.0)
63: 242 247 268 (55.0)
64: 220 250 255 260 (74.0)
65: 252 254 257 (42.0)
66: 246 266 270 (50.0)
67: 265 267 269 271 274 298 (65.0)
68: 256 283 (51.0)
69: 253 259 275 282 285 (55.0)
70: 264 279 287 290 299 307 314 (66.0)
71: 262 273 278 280 281 291 303 (60.0)
72: 288 289 292 294 (73.0)
73: 276 310 (46.0)
74: 277 284 295 302 (52.0)
75: 297 301 315 322 (52.0)
76: 296 304 306 (53.0)
77: 313 319 331 (71.0)
78: 308 324 336 343 (75.0)
79: 286 293 300 305 309 316 338 (63.0)
80: 317 320 321 323 328 337 341 342 (75.0)
81: 312 325 344 357 (47.0)
82: 318 326 327 332 334 351 355 371 (54.0)
83: 311 333 339 (73.0)
84: 345 348 353 (54.0)
85: 340 347 352 (63.0)
86: 346 354 361 380 (44.0)
87: 335 349 350 363 364 375 396 (63.0)
88: 362 368 393 (43.0)
89: 356 360 367 372 379 (66.0)
90: 329 330 378 381 (56.0)
91: 366 369 377 414 424 (64.0)
92: 359 384 421 (53.0)
93: 358 386 392 395 (61.0)
94: 365 374 387 389 408 422 (66.0)
95: 373 383 385 399 403 411 415 (61.0)
96: 376 382 390 401 420 426 (63.0)
97: 370 397 402 409 416 418 (73.0)
98: 391 394 400 (42.0)
99: 398 404 417 428 436 440 (70.0)
100: 388 406 407 412 429 437 (75.0)
101: 410 423 430 467 (74.0)
102: 405 413 419 427 432 441 (66.0)
103: 433 434 435 438 444 457 (75.0)
104: 431 447 450 462 481 (70.0)
105: 439 442 446 458 463 (57.0)
106: 448 455 468 477 485 487 (75.0)
107: 425 454 456 466 469 (58.0)
108: 464 504 (46.0)
109: 443 453 460 461 472 499 (67.0)
110: 451 452 475 510 (62.0)
111: 445 465 482 (71.0)
112: 471 473 474 486 505 (67.0)
113: 459 483 489 493 (74.0)
114: 449 476 478 494 500 508 (75.0)
115: 479 492 495 523 529 (61.0)
116: 470 484 490 491 517 518 526 (72.0)
117: 480 488 496 498 502 507 (66.0)
118: 501 503 511 513 516 519 535 544 (74.0)
119: 515 520 522 532 (74.0)
120: 497 506 514 (75.0)
121: 521 524 525 531 541 556 (75.0)
122: 527 538 539 540 562 (63.0)
123: 530 548 549 559 (72.0)
124: 509 536 550 552 (75.0)
125: 528 537 560 577 (75.0)
126: 533 534 546 555 558 567 573 578 (67.0)
127: 512 551 553 568 575 581 590 (66.0)
128: 542 543 557 565 572 576 602 (75.0)
129: 547 561 566 569 603 (74.0)
130: 563 570 574 589 (75.0)
131: 582 584 594 (77.0)
132: 554 595 599 619 (75.0)
133: 545 583 588 610 (73.0)
134: 564 571 592 629 (68.0)
135: 596 601 613 614 616 618 (48.0)
136: 597 624 (51.0)
137: 580 585 586 593 606 608 643 (64.0)
138: 587 605 617 622 623 631 (73.0)
139: 600 607 611 612 632 638 (75.0)
140: 579 615 621 626 633 (65.0)
141: 604 609 645 648 650 (72.0)
142: 591 598 635 637 653 (69.0)
143: 628 630 639 642 (56.0)
144: 620 627 636 644 646 649 658 (65.0)
145: 640 641 654 656 659 668 (72.0)
146: 664 666 682 (74.0)
147: 625 647 652 660 677 696 (63.0)
148: 669 680 683 (75.0)
149: 634 651 661 663 667 675 (72.0)
150: 655 665 671 689 (75.0)
151: 657 670 674 676 703 (75.0)
152: 662 672 678 692 704 (58.0)
153: 681 700 711 714 (74.0)
154: 679 685 693 701 (75.0)
155: 687 690 713 717 (75.0)
156: 673 686 702 705 725 (75.0)
157: 691 698 708 709 722 (75.0)
158: 688 694 697 699 710 720 731 (75.0)
159: 684 718 729 743 (75.0)
160: 716 719 721 724 728 737 746 (63.0)
161: 715 730 738 741 (75.0)
162: 706 707 712 726 734 740 742 (75.0)
163: 695 727 739 744 (75.0)
164: 732 735 736 747 (75.0)
165: 723 733 745 748 749 (74.0)
