Name: 750-40-75
Time: 23.135937929153442 
Result: 12045
Solution:  2 0 0 0 0 3 1 0 2 7 3 0 9 3 10 6 11 8 8 3 4 4 3 9 1 10 5 5 8 3 5 6 10 6 3 5 5 9 9 10 3 4 12 13 12 13 17 7 14 15 10 10 11 10 8 15 13 19 17 7 13 15 19 8 14 17 17 18 12 18 17 17 17 18 17 16 21 22 17 15 24 23 24 23 21 19 24 21 20 18 21 13 23 22 23 16 23 21 19 20 25 27 17 25 22 23 19 30 30 25 23 33 21 23 30 28 28 32 33 26 31 27 33 34 32 32 33 29 26 33 30 26 35 33 34 31 39 34 36 30 36 35 40 37 29 31 42 36 31 29 37 34 35 40 34 37 45 42 39 44 40 42 42 42 43 42 38 41 38 42 39 45 44 42 44 46 38 38 41 45 49 52 51 48 47 49 46 43 49 54 45 46 43 44 49 44 41 50 49 58 50 50 44 49 53 57 53 50 51 52 57 52 55 57 55 47 48 49 54 51 61 56 59 52 61 62 56 54 58 54 62 58 55 57 53 54 56 53 58 63 58 56 60 54 60 60 66 63 57 56 56 57 59 57 64 66 68 68 64 67 65 59 61 59 69 73 70 67 64 69 65 64 62 72 62 74 76 68 70 68 73 68 67 75 66 73 75 68 70 69 71 70 70 81 72 77 73 75 79 74 79 77 76 78 73 84 71 69 77 75 81 71 77 78 72 86 79 78 82 80 79 77 78 73 74 77 79 82 81 72 87 84 79 82 77 82 83 79 81 83 83 78 90 80 82 84 84 92 89 83 82 78 86 80 85 89 87 81 90 90 85 85 96 86 84 93 86 90 90 89 94 89 92 83 87 91 98 91 91 92 88 95 98 93 87 88 93 95 87 94 93 95 90 88 93 97 100 98 94 96 95 98 96 98 96 97 91 99 101 97 89 99 94 103 92 99 101 95 98 100 106 97 101 98 99 104 98 104 99 102 103 109 105 98 101 95 100 105 102 101 101 110 106 106 109 100 104 105 108 103 105 114 109 106 107 106 108 108 106 102 107 115 103 109 114 110 109 102 113 111 115 111 110 105 107 111 114 113 111 108 110 109 112 113 114 104 113 120 111 113 117 117 116 108 120 109 111 112 112 116 112 115 125 116 107 114 115 120 113 114 116 115 126 120 118 120 117 118 117 118 123 125 122 125 112 117 120 113 122 125 119 119 119 127 122 117 124 121 119 128 122 127 123 130 124 133 124 126 124 121 121 129 124 126 123 125 119 127 127 128 126 128 129 130 130 127 129 130 133 122 130 129 127 124 132 130 133 126 130 133 125 132 131 137 132 127 134 136 133 136 129 135 135 135 131 140 135 137 134 131 137 136 138 128 134 140 138 134 137 131 139 145 138 132 133 142 138 138 135 131 146 134 146 138 145 147 139 141 143 138 143 137 136 143 138 142 134 141 141 143 144 147 141 137 144 149 144 147 137 154 152 146 148 142 145 150 147 142 148 147 141 149 148 149 146 152 148 150 152 143 144 150 148 148 151 149 155 151 148 151 148 149 158 144 161 161 152 153 158 149 156 152 149 154 152 153 149 156 155 154 151 153 156 150 155 153 159 160 150 154 154 165 160 158 157 159 158 162 162 160 164 162 159 156 165 157 163 164 162 158 155 163 163 163 163 162 163 164 160 165 164 163 165 158 165 164 161 161 157 165
0: 1 2 3 4 7 11 (45.0)
1: 6 24 (44.0)
2: 0 8 (41.0)
3: 5 10 13 19 22 29 34 40 (32.0)
4: 20 21 41 (43.0)
5: 26 27 30 35 36 (42.0)
6: 15 31 33 (48.0)
7: 9 47 59 (42.0)
8: 17 18 28 54 63 (42.0)
9: 12 23 37 38 (50.0)
10: 14 25 32 39 50 51 53 (40.0)
11: 16 52 (50.0)
12: 42 44 68 (53.0)
13: 43 45 56 60 91 (43.0)
14: 48 64 (51.0)
15: 49 55 61 79 (46.0)
16: 75 95 (62.0)
17: 46 58 65 66 70 71 72 74 78 102 (41.0)
18: 67 69 73 89 (43.0)
19: 57 62 85 98 106 (49.0)
20: 88 99 (49.0)
21: 76 84 87 90 97 112 (49.0)
22: 77 93 104 (45.0)
23: 81 83 92 94 96 105 110 113 (40.0)
24: 80 82 86 (43.0)
25: 100 103 109 (40.0)
26: 119 128 131 (40.0)
27: 101 121 (40.0)
28: 115 116 (48.0)
29: 127 144 149 (44.0)
30: 107 108 114 130 139 (51.0)
31: 120 135 145 148 (48.0)
32: 117 124 125 (48.0)
33: 111 118 122 126 129 133 (46.0)
34: 123 134 137 151 154 (40.0)
35: 132 141 152 (44.0)
36: 138 140 147 (41.0)
37: 143 150 155 (49.0)
38: 166 168 176 177 (53.0)
39: 136 158 170 (51.0)
40: 142 153 160 (45.0)
41: 167 178 196 (52.0)
42: 146 157 161 162 163 165 169 173 (65.0)
43: 164 187 192 (49.0)
44: 159 172 174 193 195 202 (64.0)
45: 156 171 179 190 (51.0)
46: 175 186 191 (71.0)
47: 184 215 (53.0)
48: 183 216 (51.0)
49: 180 185 188 194 198 203 217 (59.0)
50: 197 200 201 207 (71.0)
51: 182 208 219 (49.0)
52: 181 209 211 223 (51.0)
53: 204 206 234 237 (46.0)
54: 189 218 227 229 235 243 (60.0)
55: 212 214 232 (47.0)
56: 221 226 236 241 249 250 (59.0)
57: 205 210 213 233 248 251 253 (73.0)
58: 199 228 231 238 240 (74.0)
59: 222 252 261 263 (41.0)
60: 242 244 245 (54.0)
61: 220 224 262 (47.0)
62: 225 230 272 274 (60.0)
63: 239 247 (52.0)
64: 254 258 268 271 (62.0)
65: 260 270 (44.0)
66: 246 255 284 (60.0)
67: 259 267 282 (46.0)
68: 256 257 277 279 281 287 (55.0)
69: 264 269 289 307 (55.0)
70: 266 278 288 291 292 (62.0)
71: 290 306 311 (67.0)
72: 273 294 314 329 (59.0)
73: 265 280 285 296 304 323 (58.0)
74: 275 299 324 (51.0)
75: 283 286 297 309 (58.0)
76: 276 302 (41.0)
77: 295 301 308 312 321 325 334 (73.0)
78: 303 313 317 322 341 351 (60.0)
79: 298 300 316 320 326 332 337 (71.0)
80: 319 343 353 (61.0)
81: 293 310 328 338 357 (50.0)
82: 318 327 333 335 344 350 (70.0)
83: 336 339 340 349 373 (69.0)
84: 305 331 345 346 364 (65.0)
85: 354 360 361 (47.0)
86: 315 352 363 366 (73.0)
87: 330 356 374 384 388 (68.0)
88: 380 385 393 (44.0)
89: 348 355 369 371 410 (75.0)
90: 342 358 359 367 368 392 (73.0)
91: 375 377 378 406 (58.0)
92: 347 372 379 414 (53.0)
93: 365 383 386 390 394 (57.0)
94: 370 389 398 412 (63.0)
95: 381 387 391 400 417 435 (57.0)
96: 362 399 402 404 (57.0)
97: 395 405 409 421 (55.0)
98: 376 382 397 401 403 418 423 426 433 (54.0)
99: 407 411 415 424 428 (73.0)
100: 396 419 436 445 (70.0)
101: 408 416 422 434 439 440 (71.0)
102: 429 438 459 467 (54.0)
103: 413 430 449 462 (66.0)
104: 425 427 446 485 (52.0)
105: 432 437 447 450 473 (63.0)
106: 420 442 443 453 455 458 (67.0)
107: 454 460 474 504 (64.0)
108: 448 456 457 479 493 (63.0)
109: 431 444 452 463 466 481 495 (74.0)
110: 441 465 472 480 (64.0)
111: 469 471 475 478 488 496 (63.0)
112: 482 497 498 500 524 (59.0)
113: 468 477 483 486 489 508 527 (68.0)
114: 451 464 476 484 505 509 (71.0)
115: 461 470 501 506 511 (73.0)
116: 492 499 503 510 (59.0)
117: 490 491 516 518 525 535 (63.0)
118: 514 517 519 (62.0)
119: 530 531 532 538 556 (73.0)
120: 487 494 507 513 515 526 (75.0)
121: 537 549 550 (72.0)
122: 522 528 534 540 569 (75.0)
123: 520 542 554 (58.0)
124: 536 544 546 548 552 573 (63.0)
125: 502 521 523 529 555 580 (75.0)
126: 512 547 553 560 577 (69.0)
127: 533 541 557 558 565 572 585 (72.0)
128: 539 559 561 603 (75.0)
129: 551 562 566 571 590 (67.0)
130: 543 563 564 567 570 575 578 (75.0)
131: 582 594 599 609 619 (75.0)
132: 574 581 584 613 (61.0)
133: 545 568 576 579 588 614 (73.0)
134: 586 598 604 607 621 636 (73.0)
135: 591 592 593 596 618 (58.0)
136: 587 589 601 632 (56.0)
137: 583 597 600 608 631 643 648 (77.0)
138: 602 606 612 616 617 623 629 634 (70.0)
139: 610 626 (43.0)
140: 595 605 (71.0)
141: 627 637 638 642 660 (74.0)
142: 615 635 653 657 (75.0)
143: 628 630 633 639 669 (75.0)
144: 640 644 646 670 683 (76.0)
145: 611 624 654 (73.0)
146: 620 622 651 664 (75.0)
147: 625 641 647 656 659 (75.0)
148: 652 658 662 666 672 673 678 680 (73.0)
149: 645 661 663 675 681 689 692 696 (73.0)
150: 655 667 671 703 708 (75.0)
151: 674 677 679 700 (73.0)
152: 650 665 668 686 691 694 (72.0)
153: 687 695 701 705 (74.0)
154: 649 693 699 709 710 (76.0)
155: 676 698 704 730 (72.0)
156: 690 697 702 723 (75.0)
157: 714 725 748 (75.0)
158: 682 688 713 716 729 743 (67.0)
159: 706 715 722 (74.0)
160: 707 712 719 738 (61.0)
161: 684 685 746 747 (70.0)
162: 717 718 721 728 735 (72.0)
163: 726 731 732 733 734 736 741 (72.0)
164: 720 727 737 740 745 (75.0)
165: 711 724 739 742 744 749 (66.0)
