Name: 750-60-125
Time: 23.347708225250244 
Result: 60092
Solution:  6 3 2 2 0 1 0 4 0 7 3 2 1 2 3 8 7 12 4 5 3 14 3 7 5 2 3 4 7 8 6 15 9 11 4 10 13 12 3 1 7 6 12 10 8 12 11 14 18 12 12 9 11 12 12 13 17 20 12 12 15 17 16 21 12 13 21 17 16 12 19 16 18 22 22 16 23 14 14 11 25 26 21 15 26 20 19 19 29 20 25 22 20 22 23 22 24 20 25 20 31 22 21 20 25 28 27 18 29 25 20 27 30 25 29 26 22 30 24 25 31 32 25 28 34 28 33 34 32 30 33 35 39 32 35 33 36 38 33 31 35 30 27 32 34 41 38 32 32 38 37 37 33 35 36 36 33 38 40 37 39 43 32 41 38 42 41 44 43 43 42 43 38 45 44 40 46 42 36 53 40 40 41 42 44 41 43 48 47 46 41 48 49 51 44 43 51 50 46 50 44 47 47 47 49 54 50 53 51 55 45 45 53 51 53 54 62 55 58 56 52 53 56 60 52 54 52 53 58 61 55 57 60 55 58 57 57 63 57 59 56 58 61 58 61 61 55 65 54 63 57 62 63 64 61 61 59 63 67 56 65 66 71 65 68 67 60 63 66 66 73 64 74 68 69 69 69 70 72 71 65 72 67 70 67 75 77 72 67 72 72 65 66 80 73 75 79 73 72 76 73 69 74 72 79 74 78 75 78 75 80 77 78 81 77 76 82 78 77 76 76 80 79 81 80 82 82 80 81 85 86 77 75 87 85 84 83 85 84 84 89 85 86 87 90 88 90 85 86 90 83 83 83 92 85 87 88 80 91 89 86 87 90 83 94 96 88 94 97 92 93 92 95 97 88 94 94 93 94 91 90 93 89 93 100 90 97 101 100 96 97 105 99 106 107 91 95 101 96 98 99 97 98 100 102 101 102 100 96 100 107 104 108 99 106 103 104 100 98 102 110 108 106 97 109 105 110 101 111 112 105 108 105 102 111 107 109 104 109 107 118 111 106 108 116 112 111 111 109 113 106 113 106 114 112 109 106 113 111 120 115 123 114 115 121 113 116 120 117 114 122 123 119 110 127 117 117 123 117 122 124 113 124 112 114 121 117 124 118 115 119 117 122 118 115 127 121 122 130 123 129 131 131 117 127 128 120 119 126 133 127 129 128 126 127 134 132 123 127 125 131 131 130 130 137 133 128 129 129 137 132 130 126 136 131 134 136 133 134 139 127 136 135 129 140 135 143 145 137 131 138 134 137 134 136 139 139 137 145 144 132 140 137 140 138 144 142 143 146 143 139 146 140 140 149 148 148 149 136 145 153 145 141 147 146 146 141 144 141 147 143 150 150 147 152 152 150 148 142 149 148 151 147 141 149 152 156 152 152 151 159 149 147 152 142 154 159 151 148 150 145 149 147 153 154 156 150 156 153 156 160 162 154 163 164 155 153 158 153 158 157 154 159 153 157 152 157 155 163 162 152 160 153 155 160 161 156 154 155 168 166 160 157 153 155 162 162 160 165 167 161 166 165 165 164 158 162 159 159 166 158 161 168 167 164 166 171 165 167 163 165 165 168 161 163 166 173 168 167 168 165 167 173 170 176 175 173 170 172 170 177 168 173 169 174 178 171 171 168 169 172 169 170 178 176 177 174 172 172 171 169 171 175 172 174 172 176 173 171 175 178 173 177 174 178 175 178 177 175 177
0: 4 6 8 (67.0)
1: 5 12 39 (68.0)
2: 2 3 11 13 25 (61.0)
3: 1 10 14 20 22 26 38 (48.0)
4: 7 18 27 34 (68.0)
5: 19 24 (64.0)
6: 0 30 41 (47.0)
7: 9 16 23 28 40 (59.0)
8: 15 29 44 (66.0)
9: 32 51 (60.0)
10: 35 43 (63.0)
11: 33 46 52 79 (69.0)
12: 17 37 42 45 49 50 53 54 58 59 64 69 (56.0)
13: 36 55 65 (71.0)
14: 21 47 77 78 (63.0)
15: 31 60 83 (68.0)
16: 62 68 71 75 (65.0)
17: 56 61 67 (66.0)
18: 48 72 107 (66.0)
19: 70 86 87 (63.0)
20: 57 85 89 92 97 99 103 110 (43.0)
21: 63 66 82 102 (67.0)
22: 73 74 91 93 95 101 116 (65.0)
23: 76 94 (63.0)
24: 96 118 (90.0)
25: 80 90 98 104 109 113 119 122 (66.0)
26: 81 84 115 (62.0)
27: 106 111 142 (60.0)
28: 105 123 125 (65.0)
29: 88 108 114 (82.0)
30: 112 117 129 141 (75.0)
31: 100 120 139 (63.0)
32: 121 128 133 143 147 148 162 (69.0)
33: 126 130 135 138 152 156 (65.0)
34: 124 127 144 (70.0)
35: 131 134 140 153 (61.0)
36: 136 154 155 178 (93.0)
37: 150 151 159 (83.0)
38: 137 146 149 157 164 172 (68.0)
39: 132 160 (90.0)
40: 158 175 180 181 (90.0)
41: 145 163 166 182 185 190 (71.0)
42: 165 170 177 183 (67.0)
43: 161 168 169 171 186 195 (74.0)
44: 167 174 184 194 200 (87.0)
45: 173 210 211 (79.0)
46: 176 189 198 (68.0)
47: 188 201 202 203 (84.0)
48: 187 191 (77.0)
49: 192 204 (62.0)
50: 197 199 206 (60.0)
51: 193 196 208 213 (75.0)
52: 220 224 226 (98.0)
53: 179 207 212 214 221 227 (81.0)
54: 205 215 225 248 (84.0)
55: 209 217 230 233 246 (106.0)
56: 219 222 240 259 (85.0)
57: 231 235 236 238 250 (86.0)
58: 218 228 234 241 243 (73.0)
59: 239 256 (95.0)
60: 223 232 266 (64.0)
61: 229 242 244 245 254 255 (75.0)
62: 216 251 (88.0)
63: 237 249 252 257 267 (65.0)
64: 253 271 (67.0)
65: 247 260 263 280 291 (97.0)
66: 261 268 269 292 (99.0)
67: 258 265 282 284 288 (117.0)
68: 264 273 (81.0)
69: 274 275 276 301 (69.0)
70: 277 283 (77.0)
71: 262 279 (76.0)
72: 278 281 287 289 290 298 303 (68.0)
73: 270 294 297 300 (87.0)
74: 272 302 305 (68.0)
75: 285 295 307 309 332 (73.0)
76: 299 315 319 320 (90.0)
77: 286 311 314 318 331 (93.0)
78: 306 308 312 317 (84.0)
79: 296 304 322 (77.0)
80: 293 310 321 324 327 357 (76.0)
81: 313 323 328 (95.0)
82: 316 325 326 (109.0)
83: 336 350 351 352 363 (124.0)
84: 335 338 339 (85.0)
85: 329 334 337 341 347 354 (102.0)
86: 330 342 348 360 (102.0)
87: 333 343 355 361 (91.0)
88: 345 356 366 374 (91.0)
89: 340 359 382 (70.0)
90: 344 346 349 362 380 385 (111.0)
91: 358 379 395 (111.0)
92: 353 369 371 (100.0)
93: 370 377 381 383 (72.0)
94: 364 367 375 376 378 (116.0)
95: 372 396 (63.0)
96: 365 389 398 408 (103.0)
97: 368 373 386 390 401 423 (87.0)
98: 399 402 418 (121.0)
99: 392 400 413 (64.0)
100: 384 388 403 407 409 417 (125.0)
101: 387 397 405 427 (82.0)
102: 404 406 419 433 (95.0)
103: 415 (62.0)
104: 411 416 437 (91.0)
105: 391 425 430 432 (101.0)
106: 393 414 422 442 450 452 456 (107.0)
107: 394 410 435 439 (92.0)
108: 412 421 431 443 (70.0)
109: 424 436 438 448 455 (87.0)
110: 420 426 473 (82.0)
111: 428 434 441 446 447 458 (102.0)
112: 429 445 454 483 (87.0)
113: 449 451 457 465 481 (116.0)
114: 453 462 469 484 (116.0)
115: 460 463 489 494 (94.0)
116: 444 466 (105.0)
117: 468 475 476 478 486 491 503 (121.0)
118: 440 488 493 (123.0)
119: 472 490 507 (115.0)
120: 459 467 506 (108.0)
121: 464 485 496 (118.0)
122: 470 479 492 497 (103.0)
123: 461 471 477 499 517 (125.0)
124: 480 482 487 (119.0)
125: 519 (85.0)
126: 508 513 532 (119.0)
127: 474 495 504 510 514 518 540 (105.0)
128: 505 512 526 (91.0)
129: 500 511 527 528 543 (124.0)
130: 498 522 523 531 (124.0)
131: 501 502 520 521 534 549 (98.0)
132: 516 530 560 (98.0)
133: 509 525 537 (122.0)
134: 515 535 538 551 553 (108.0)
135: 542 545 (127.0)
136: 533 536 541 554 578 (118.0)
137: 524 529 548 552 557 562 (113.0)
138: 550 564 (67.0)
139: 539 555 556 570 (117.0)
140: 544 561 563 572 573 (118.0)
141: 582 586 588 603 (123.0)
142: 566 598 614 (96.0)
143: 546 567 569 590 (104.0)
144: 559 565 587 (125.0)
145: 547 558 579 581 620 (113.0)
146: 568 571 584 585 (124.0)
147: 583 589 593 602 612 622 (122.0)
148: 575 576 597 600 618 (124.0)
149: 574 577 599 604 611 621 (124.0)
150: 591 592 596 619 626 (104.0)
151: 601 609 617 (89.0)
152: 594 595 605 607 608 613 645 650 (125.0)
153: 580 623 628 636 638 643 652 663 (115.0)
154: 615 624 632 641 657 (120.0)
155: 635 647 653 658 664 (125.0)
156: 606 625 627 629 656 (125.0)
157: 640 644 646 662 (121.0)
158: 637 639 675 680 (125.0)
159: 610 616 642 677 678 (125.0)
160: 630 651 654 661 667 (123.0)
161: 655 670 681 693 (122.0)
162: 631 649 665 666 676 (126.0)
163: 633 648 689 694 (125.0)
164: 634 674 684 (122.0)
165: 668 672 673 687 690 691 700 (125.0)
166: 660 671 679 685 695 (122.0)
167: 669 683 688 698 701 (124.0)
168: 659 682 692 697 699 711 718 (121.0)
169: 713 719 721 730 (125.0)
170: 703 707 709 722 (124.0)
171: 686 716 717 729 731 738 (125.0)
172: 708 720 727 728 733 735 (125.0)
173: 696 702 706 712 737 741 (113.0)
174: 714 726 734 743 (135.0)
175: 705 732 739 745 748 (76.0)
176: 704 724 736 (124.0)
177: 710 725 742 747 749 (123.0)
178: 715 723 740 744 746 (123.0)
