Name: 750-60-125
Time: 25.581721305847168 
Result: 57105
Solution:  6 0 6 2 0 1 1 2 1 0 0 5 3 0 7 4 6 0 3 3 2 7 4 4 7 0 7 0 10 0 4 15 9 10 10 13 9 10 0 11 6 8 10 5 9 14 9 8 19 10 14 11 8 14 7 12 18 14 14 16 17 16 12 20 10 13 21 13 18 14 17 16 25 23 19 13 20 16 16 19 17 21 16 12 22 14 24 19 15 23 17 21 21 30 26 24 22 23 23 23 32 21 20 21 24 21 23 25 32 21 23 25 33 28 35 29 24 27 26 23 27 35 28 30 29 28 28 28 28 39 35 37 31 42 35 35 27 34 28 30 34 29 27 31 33 38 39 36 35 35 37 37 34 42 35 36 34 35 34 38 40 35 42 41 39 48 43 35 43 39 42 41 43 44 45 38 46 42 37 49 40 42 43 42 44 45 41 53 50 43 48 46 49 54 41 45 45 48 48 53 45 47 45 47 51 56 50 59 51 51 49 52 54 50 53 52 60 56 62 51 54 54 55 53 55 56 57 57 57 59 56 53 56 56 58 61 59 55 58 57 54 54 61 59 55 57 55 63 58 61 58 60 68 63 68 71 67 68 71 71 62 63 70 65 62 70 66 66 66 73 60 64 73 67 68 63 65 69 71 64 68 67 66 75 69 72 76 72 65 71 68 73 69 69 80 73 80 76 77 72 74 76 72 73 73 77 78 74 80 76 81 70 74 76 79 85 87 80 77 88 82 83 79 77 81 79 81 82 78 80 88 82 81 83 83 83 84 85 87 77 88 84 89 84 89 88 85 85 87 88 90 82 91 89 89 91 89 82 81 90 94 92 90 88 90 95 85 86 86 101 97 92 98 95 90 92 101 91 95 99 93 92 86 90 97 91 97 99 100 96 97 104 95 104 100 93 94 100 99 100 97 98 96 102 103 103 106 101 96 99 103 102 105 98 111 108 105 103 95 107 113 109 109 101 110 103 114 104 110 106 101 107 102 110 112 103 103 101 109 109 115 108 107 105 111 118 110 105 110 114 104 117 113 114 118 111 112 111 112 120 109 123 114 115 120 113 116 122 116 117 123 118 121 117 124 122 115 122 119 124 119 117 119 116 114 116 115 127 128 125 123 116 119 115 124 122 124 122 130 121 125 128 128 125 126 129 118 120 127 129 132 123 123 126 128 135 129 127 128 126 132 128 128 131 134 129 130 136 133 130 130 133 131 136 132 133 132 140 134 132 135 130 135 134 136 138 138 139 130 144 136 140 135 134 139 138 141 142 132 144 133 140 135 137 141 144 141 142 140 142 148 143 137 142 146 147 148 146 136 142 151 141 139 147 151 142 148 148 145 148 151 149 147 145 150 152 146 150 145 147 146 145 146 143 149 153 155 143 149 150 158 152 156 151 154 149 152 151 150 149 145 149 146 152 153 155 156 156 151 154 153 160 154 160 159 153 163 160 158 161 163 152 158 161 157 156 158 155 157 159 151 156 161 157 160 159 163 164 158 160 163 155 156 154 167 161 162 160 165 166 157 168 170 163 165 162 166 162 160 168 169 162 164 164 161 166 165 165 167 164 163 160 166 170 164 166 167 167 172 168 169 173 167 169 172 171 169 171 176 168 178 170 169 170 176 166 172 175 165 169 173 167 171 176 174 170 174 170 175 176 171 167 171 174 173 174 172 177 177 175 176 174 177 175 177 175 178 174 175 177
0: 1 4 9 10 13 17 25 27 29 38 (59.0)
1: 5 6 8 (61.0)
2: 3 7 20 (64.0)
3: 12 18 19 (76.0)
4: 15 22 23 30 (66.0)
5: 11 43 (65.0)
6: 0 2 16 40 (62.0)
7: 14 21 24 26 54 (63.0)
8: 41 47 52 (68.0)
9: 32 36 44 46 (73.0)
10: 28 33 34 37 42 49 64 (60.0)
11: 39 51 (77.0)
12: 55 62 83 (73.0)
13: 35 65 67 75 (71.0)
14: 45 50 53 57 58 69 85 (29.0)
15: 31 88 (61.0)
16: 59 61 71 77 78 82 (66.0)
17: 60 70 80 90 (51.0)
18: 56 68 (64.0)
19: 48 74 79 87 (67.0)
20: 63 76 102 (64.0)
21: 66 81 91 92 101 103 105 109 (60.0)
22: 84 96 (64.0)
23: 73 89 97 98 99 106 110 119 (59.0)
24: 86 95 104 116 (61.0)
25: 72 107 111 (80.0)
26: 94 118 (85.0)
27: 117 120 136 142 (78.0)
28: 113 122 125 126 127 128 138 (64.0)
29: 115 124 141 (76.0)
30: 93 123 139 (65.0)
31: 132 143 (61.0)
32: 100 108 (69.0)
33: 112 144 (60.0)
34: 137 140 152 156 158 (69.0)
35: 114 121 130 134 135 148 149 154 157 161 167 (60.0)
36: 147 155 (66.0)
37: 131 150 151 178 (84.0)
38: 145 159 175 (67.0)
39: 129 146 164 169 (72.0)
40: 160 180 (99.0)
41: 163 171 186 194 (72.0)
42: 133 153 162 170 177 181 183 (62.0)
43: 166 168 172 182 189 (66.0)
44: 173 184 (68.0)
45: 174 185 195 196 200 202 (65.0)
46: 176 191 (91.0)
47: 201 203 (67.0)
48: 165 190 197 198 (76.0)
49: 179 192 210 (76.0)
50: 188 206 213 (71.0)
51: 204 208 209 219 (79.0)
52: 211 215 (66.0)
53: 187 199 214 223 231 (84.0)
54: 193 212 220 221 240 241 (101.0)
55: 222 224 237 244 246 (122.0)
56: 205 217 225 230 232 233 (91.0)
57: 226 227 228 239 245 (83.0)
58: 234 238 248 250 (71.0)
59: 207 229 236 243 (74.0)
60: 216 251 270 (91.0)
61: 235 242 249 (63.0)
62: 218 260 264 (63.0)
63: 247 253 261 275 (85.0)
64: 271 279 (74.0)
65: 263 276 288 (97.0)
66: 266 267 268 282 (92.0)
67: 256 273 281 (97.0)
68: 252 254 257 274 280 290 (71.0)
69: 277 284 292 293 (107.0)
70: 262 265 311 (87.0)
71: 255 258 259 278 289 (63.0)
72: 285 287 299 302 (80.0)
73: 269 272 291 295 303 304 (73.0)
74: 300 307 312 (69.0)
75: 283 (72.0)
76: 286 297 301 309 313 (85.0)
77: 298 305 318 323 339 (95.0)
78: 306 328 (82.0)
79: 314 322 325 (98.0)
80: 294 296 308 317 329 (81.0)
81: 310 324 326 332 358 (85.0)
82: 320 327 331 351 357 (104.0)
83: 321 333 334 335 (82.0)
84: 336 341 343 (107.0)
85: 315 337 346 347 366 (94.0)
86: 367 368 382 (76.0)
87: 316 338 348 (95.0)
88: 319 330 340 345 349 363 (97.0)
89: 342 344 353 354 356 (104.0)
90: 350 359 362 364 374 383 (93.0)
91: 352 355 377 385 (109.0)
92: 361 371 375 381 (100.0)
93: 380 395 (84.0)
94: 360 396 (89.0)
95: 365 373 378 392 418 (112.0)
96: 389 402 408 (106.0)
97: 370 384 386 390 400 (80.0)
98: 372 401 413 (66.0)
99: 379 387 398 409 (98.0)
100: 388 394 397 399 (91.0)
101: 369 376 407 423 430 437 (92.0)
102: 403 411 432 (97.0)
103: 404 405 410 417 425 435 436 (106.0)
104: 391 393 427 450 (100.0)
105: 412 416 443 447 (78.0)
106: 406 429 (86.0)
107: 419 431 442 (78.0)
108: 415 441 (64.0)
109: 421 422 438 439 460 (119.0)
110: 424 428 433 446 448 (99.0)
111: 414 444 455 457 (89.0)
112: 434 456 458 (76.0)
113: 420 452 465 (92.0)
114: 426 449 453 462 484 (119.0)
115: 440 463 476 486 493 (100.0)
116: 466 468 483 485 491 (125.0)
117: 451 469 473 481 (122.0)
118: 445 454 471 506 (124.0)
119: 478 480 482 492 (122.0)
120: 459 464 507 (122.0)
121: 472 499 (99.0)
122: 467 475 477 495 497 (118.0)
123: 461 470 490 511 512 (123.0)
124: 474 479 494 496 (113.0)
125: 489 500 503 (82.0)
126: 504 513 519 (121.0)
127: 487 508 517 (122.0)
128: 488 501 502 514 518 521 522 (122.0)
129: 505 509 516 525 (122.0)
130: 498 526 529 530 541 548 (117.0)
131: 523 532 (116.0)
132: 510 520 534 536 539 558 (110.0)
133: 528 531 535 560 (123.0)
134: 524 538 543 553 (92.0)
135: 515 540 542 552 562 (125.0)
136: 527 533 544 550 578 (114.0)
137: 563 572 (60.0)
138: 545 546 555 (106.0)
139: 547 554 582 (124.0)
140: 537 551 561 568 (90.0)
141: 556 564 566 581 (108.0)
142: 557 567 569 573 579 585 (123.0)
143: 571 603 607 (113.0)
144: 549 559 565 (125.0)
145: 588 593 598 601 620 (99.0)
146: 574 577 596 600 602 622 (121.0)
147: 575 583 592 599 (124.0)
148: 570 576 586 587 589 (119.0)
149: 591 604 608 615 619 621 (124.0)
150: 594 597 609 618 (89.0)
151: 580 584 590 613 617 628 650 (124.0)
152: 595 611 616 623 641 (121.0)
153: 605 624 630 635 (128.0)
154: 614 629 632 663 (125.0)
155: 606 625 647 661 (124.0)
156: 612 626 627 645 651 662 (124.0)
157: 644 648 653 670 (123.0)
158: 610 638 642 646 658 (125.0)
159: 634 649 655 (123.0)
160: 631 633 637 654 659 667 678 691 (114.0)
161: 639 643 652 665 684 (123.0)
162: 666 675 677 681 (134.0)
163: 636 640 656 660 673 690 (124.0)
164: 657 682 683 689 694 (125.0)
165: 668 674 686 687 718 (107.0)
166: 669 676 685 692 695 715 (125.0)
167: 664 688 696 697 702 721 731 (110.0)
168: 671 679 699 709 (128.0)
169: 680 700 703 706 712 719 (125.0)
170: 672 693 711 713 725 727 (125.0)
171: 705 707 722 730 732 (125.0)
172: 698 704 716 736 (124.0)
173: 701 720 734 (125.0)
174: 724 726 733 735 741 747 (125.0)
175: 717 728 739 743 745 748 (124.0)
176: 708 714 723 729 740 (125.0)
177: 737 738 742 744 749 (125.0)
178: 710 746 (75.0)
