Name: 750-20-30
Time: 47.984044313430786 
Result: 18
Solution:  2 6 0 9 3 0 5 0 1 0 4 2 3 12 3 9 7 8 0 5 6 2 5 6 8 11 6 12 4 4 3 6 17 9 1 5 1 12 1 13 7 12 5 12 14 13 17 7 9 12 18 11 11 10 12 22 11 17 13 15 10 11 18 13 16 24 21 16 17 15 12 16 18 12 16 18 17 24 14 19 27 26 24 24 19 22 22 21 20 22 17 14 26 22 23 17 25 24 29 24 23 29 30 28 27 22 25 21 20 28 24 29 31 30 20 21 27 30 26 30 30 31 35 31 32 30 27 31 32 37 29 33 40 30 34 38 37 33 35 34 28 29 36 32 37 38 43 30 43 39 39 39 36 41 38 37 34 39 38 33 36 43 39 40 35 41 43 37 42 42 43 42 41 45 47 46 44 39 41 44 49 53 52 45 46 45 47 39 47 44 44 48 48 48 44 47 53 57 49 45 50 47 57 51 56 50 57 51 55 55 50 50 61 54 54 49 56 58 55 59 57 53 58 52 53 58 56 58 52 56 58 58 54 63 49 61 57 64 61 55 54 64 61 64 60 64 62 68 60 64 58 59 66 64 63 70 64 57 64 66 63 64 60 69 65 67 57 70 71 67 68 63 65 69 63 68 68 63 62 65 70 67 72 68 73 68 71 67 77 72 72 72 74 75 73 68 69 74 81 75 75 78 73 75 78 76 81 70 77 78 77 76 77 81 79 71 79 81 78 84 80 73 81 78 80 82 89 82 84 83 83 83 81 83 88 80 88 82 84 80 86 91 78 92 86 89 89 89 85 84 90 83 88 88 85 88 91 84 89 93 90 97 90 92 93 90 90 87 90 88 86 97 94 91 86 98 87 98 98 102 96 93 96 104 98 99 98 101 100 94 91 99 89 101 92 104 98 95 101 105 97 105 95 102 101 103 104 102 95 104 106 94 107 105 102 108 103 110 98 109 111 106 112 104 107 106 105 103 102 102 108 107 100 111 106 104 116 107 101 113 114 110 111 110 109 111 114 114 113 105 112 110 115 111 119 115 120 117 105 119 114 117 114 117 116 117 123 124 118 115 125 118 113 122 117 115 121 116 115 118 117 119 126 112 128 117 125 126 122 117 125 129 124 129 122 126 121 122 124 118 120 121 121 127 120 126 128 125 123 122 132 126 127 131 132 129 131 135 133 129 134 134 134 138 131 131 131 128 130 133 125 132 125 130 133 132 139 134 142 132 134 135 131 136 135 136 140 138 140 137 138 139 133 134 138 144 144 144 136 140 141 133 136 142 146 139 140 145 137 142 145 136 145 150 150 145 143 142 139 141 143 150 146 146 143 140 144 138 141 146 148 155 147 150 147 149 154 153 139 147 141 149 149 148 151 151 142 150 148 149 150 153 147 143 152 150 155 152 153 145 156 154 155 154 152 156 157 155 158 152 159 152 156 155 147 160 149 154 156 158 153 159 153 151 155 160 166 152 158 152 154 160 159 162 163 162 155 157 154 159 159 161 167 160 166 157 164 166 162 162 161 167 166 160 167 163 170 169 162 166 169 163 165 161 166 165 161 163 163 164 160 164 170 167 163 169 171 167 163 165 172 177 168 170 168 169 176 170 168 168 173 172 177 172 168 170 171 165 175 171 172 175 170 177 178 174 171 168 173 173 176 167 178 178 175 171 178 176 178 174 177 177 170 171 177 175 174 178 178 177
0: 2 5 7 9 18 (20.0)
1: 8 34 36 38 (20.0)
2: 0 11 21 (22.0)
3: 4 12 14 30 (22.0)
4: 10 28 29 (14.0)
5: 6 19 22 35 42 (16.0)
6: 1 20 23 26 31 (19.0)
7: 16 40 47 (21.0)
8: 17 24 (24.0)
9: 3 15 33 48 (23.0)
10: 53 60 (21.0)
11: 25 51 52 56 61 (20.0)
12: 13 27 37 41 43 49 54 70 73 (20.0)
13: 39 45 58 63 (22.0)
14: 44 78 91 (20.0)
15: 59 69 (20.0)
16: 64 67 71 74 (25.0)
17: 32 46 57 68 76 90 95 (20.0)
18: 50 62 72 75 (20.0)
19: 79 84 (21.0)
20: 88 108 114 (20.0)
21: 66 87 107 115 (23.0)
22: 55 85 86 89 93 105 (20.0)
23: 94 100 (24.0)
24: 65 77 82 83 97 99 110 (20.0)
25: 96 106 (25.0)
26: 81 92 118 (21.0)
27: 80 104 116 126 (22.0)
28: 103 109 140 (20.0)
29: 98 101 111 130 141 (14.0)
30: 102 113 117 119 120 125 133 147 (20.0)
31: 112 121 123 127 (20.0)
32: 124 128 143 (22.0)
33: 131 137 159 (21.0)
34: 134 139 156 (22.0)
35: 122 138 164 (21.0)
36: 142 152 160 (21.0)
37: 129 136 144 155 167 (22.0)
38: 135 145 154 158 (22.0)
39: 149 150 151 157 162 177 187 (20.0)
40: 132 163 (24.0)
41: 153 165 172 178 (21.0)
42: 168 169 171 (22.0)
43: 146 148 161 166 170 (21.0)
44: 176 179 189 190 194 (23.0)
45: 173 183 185 199 (29.0)
46: 175 184 (20.0)
47: 174 186 188 195 201 (25.0)
48: 191 192 193 (27.0)
49: 180 198 215 234 (25.0)
50: 200 205 210 211 (25.0)
51: 203 207 (25.0)
52: 182 223 228 (28.0)
53: 181 196 221 224 (22.0)
54: 213 214 232 240 (29.0)
55: 208 209 218 239 (21.0)
56: 204 216 226 229 (20.0)
57: 197 202 206 220 236 257 266 (20.0)
58: 217 222 225 227 230 231 250 (23.0)
59: 219 251 (20.0)
60: 244 248 262 (24.0)
61: 212 235 238 242 (28.0)
62: 246 278 (24.0)
63: 233 254 260 271 274 277 (21.0)
64: 237 241 243 245 249 253 256 258 261 (20.0)
65: 264 272 279 (23.0)
66: 252 259 (29.0)
67: 265 269 281 287 (23.0)
68: 247 270 275 276 283 285 295 (22.0)
69: 263 273 296 (22.0)
70: 255 267 280 307 (23.0)
71: 268 286 315 (28.0)
72: 282 289 290 291 (21.0)
73: 284 294 302 321 (21.0)
74: 292 297 (21.0)
75: 293 299 300 303 (27.0)
76: 305 311 (23.0)
77: 288 308 310 312 (24.0)
78: 301 304 309 318 323 342 (23.0)
79: 314 316 (21.0)
80: 320 324 335 339 (30.0)
81: 298 306 313 317 322 332 (28.0)
82: 325 327 337 (23.0)
83: 329 330 331 333 351 (30.0)
84: 319 328 338 349 357 (29.0)
85: 348 354 (20.0)
86: 340 344 370 374 (27.0)
87: 367 376 (31.0)
88: 334 336 352 353 355 369 (28.0)
89: 326 345 346 347 358 392 (24.0)
90: 350 360 362 365 366 368 (28.0)
91: 341 356 373 390 (23.0)
92: 343 363 394 (30.0)
93: 359 364 381 (25.0)
94: 372 389 411 (27.0)
95: 397 402 408 (21.0)
96: 380 382 (21.0)
97: 361 371 400 (20.0)
98: 375 377 378 384 386 396 418 (26.0)
99: 385 391 (23.0)
100: 388 432 (20.0)
101: 387 393 398 404 438 (28.0)
102: 379 403 407 414 428 429 (23.0)
103: 405 416 427 (22.0)
104: 383 395 406 409 423 435 (21.0)
105: 399 401 413 426 449 458 (21.0)
106: 410 421 425 434 (25.0)
107: 412 424 431 437 (21.0)
108: 415 430 (30.0)
109: 419 444 (30.0)
110: 417 441 443 451 (30.0)
111: 420 433 442 445 453 (30.0)
112: 422 450 483 (25.0)
113: 439 448 472 (30.0)
114: 440 446 447 460 462 (30.0)
115: 452 455 469 475 478 (27.0)
116: 436 464 477 (25.0)
117: 457 461 463 465 474 480 485 489 (30.0)
118: 468 471 479 499 (26.0)
119: 454 459 481 (22.0)
120: 456 500 504 (25.0)
121: 476 496 501 502 (29.0)
122: 473 488 494 497 509 (30.0)
123: 466 508 (21.0)
124: 467 492 498 (20.0)
125: 470 486 490 507 530 532 (28.0)
126: 482 487 495 505 511 (28.0)
127: 503 512 (26.0)
128: 484 506 527 (25.0)
129: 491 493 515 519 (30.0)
130: 528 533 (30.0)
131: 513 516 524 525 526 542 (27.0)
132: 510 514 531 535 539 (30.0)
133: 518 529 534 552 561 (29.0)
134: 520 521 522 537 540 553 (31.0)
135: 517 541 544 (30.0)
136: 543 545 558 562 571 (27.0)
137: 549 568 (20.0)
138: 523 547 550 554 587 (26.0)
139: 536 551 565 578 598 (27.0)
140: 546 548 559 566 585 (29.0)
141: 560 579 588 600 (30.0)
142: 538 563 569 577 606 (30.0)
143: 576 580 584 613 (30.0)
144: 555 556 557 586 (32.0)
145: 567 570 572 575 619 (30.0)
146: 564 582 583 589 (30.0)
147: 592 594 599 612 634 (30.0)
148: 590 603 608 (24.0)
149: 595 601 602 609 636 (30.0)
150: 573 574 581 593 607 610 615 (28.0)
151: 604 605 643 (28.0)
152: 614 617 624 629 631 647 649 (28.0)
153: 597 611 618 640 642 (30.0)
154: 596 621 623 637 650 658 (24.0)
155: 591 616 622 627 633 644 656 (30.0)
156: 620 625 632 638 (30.0)
157: 626 657 665 (24.0)
158: 628 639 648 (30.0)
159: 630 641 652 659 660 (26.0)
160: 635 645 651 663 673 690 (30.0)
161: 661 670 683 686 (30.0)
162: 653 655 668 669 678 (29.0)
163: 654 675 681 687 688 694 698 (30.0)
164: 666 689 691 (26.0)
165: 682 685 699 717 (29.0)
166: 646 664 667 672 679 684 (29.0)
167: 662 671 674 693 697 731 (30.0)
168: 702 704 708 709 714 727 (30.0)
169: 677 680 695 705 (30.0)
170: 676 692 703 707 715 722 742 (28.0)
171: 696 716 719 726 735 743 (26.0)
172: 700 711 713 720 (30.0)
173: 710 728 729 (30.0)
174: 725 739 746 (31.0)
175: 718 721 734 745 (30.0)
176: 706 730 737 (30.0)
177: 701 712 723 740 741 744 749 (29.0)
178: 724 732 733 736 738 747 748 (30.0)
