Name: 750-50-100
Time: 47.03713846206665 
Result: 52
Solution:  1 6 0 7 0 10 1 2 1 2 2 4 8 10 0 3 3 1 3 2 4 8 2 4 0 5 3 11 7 3 4 10 8 4 7 8 5 5 10 6 1 6 7 6 8 7 13 7 8 9 9 6 7 8 7 11 14 11 9 4 13 7 21 8 12 12 17 13 9 11 9 5 7 17 13 9 18 17 19 15 15 14 25 21 19 17 13 23 15 20 22 18 14 13 14 19 18 15 18 16 16 17 20 17 16 20 20 21 21 22 24 17 19 23 26 19 19 16 28 24 30 19 23 23 28 25 26 25 23 22 22 21 28 26 20 23 29 29 18 22 31 26 23 27 29 30 31 31 26 25 32 29 30 32 30 32 37 29 25 35 35 35 31 38 26 27 39 33 36 34 30 29 32 39 33 34 32 34 27 27 38 34 36 33 35 28 41 30 34 32 41 40 34 36 42 40 33 31 33 38 36 41 37 31 34 40 40 34 37 35 42 39 45 32 42 38 42 39 40 39 40 45 39 38 50 48 36 39 42 39 40 38 36 38 44 50 48 37 42 41 40 45 44 35 44 47 43 42 48 40 43 47 48 42 44 38 41 49 44 44 52 43 51 49 45 50 43 44 46 50 43 48 53 50 53 43 55 46 49 53 52 42 52 48 52 48 45 45 46 49 50 53 44 53 60 51 50 50 55 51 53 58 62 55 60 54 56 54 58 46 55 58 50 53 56 55 57 52 54 55 59 59 59 59 57 56 59 61 57 57 57 61 58 55 55 62 64 69 67 65 60 56 60 61 56 63 56 62 63 60 62 60 55 62 65 60 64 57 60 60 62 64 63 58 64 61 68 63 66 68 58 67 66 67 66 70 69 63 71 66 70 71 75 66 71 71 70 71 63 69 75 69 70 65 76 68 67 71 73 68 68 74 68 75 72 77 65 70 73 70 69 72 73 72 73 74 75 69 72 74 69 78 73 77 67 70 78 75 79 79 80 75 78 77 77 77 77 73 73 83 79 75 79 76 76 75 82 79 77 78 82 74 79 79 77 84 80 76 75 80 84 72 80 84 84 79 78 78 82 81 87 83 82 83 83 80 80 83 75 76 81 86 89 89 83 83 85 86 90 82 86 87 84 86 87 82 86 86 83 82 88 81 87 87 90 85 89 91 84 89 93 95 90 88 84 89 93 95 90 84 91 94 99 88 88 86 89 96 95 94 91 86 85 86 98 92 94 89 93 92 93 100 88 89 91 97 101 95 99 95 101 95 98 103 90 103 98 98 98 92 93 99 103 91 97 97 97 103 91 96 99 92 99 96 96 97 105 97 96 100 103 99 110 100 97 99 95 105 102 106 97 98 100 98 108 106 105 96 102 101 100 103 104 104 101 99 105 104 104 102 104 103 105 104 109 112 106 109 107 100 105 101 113 100 110 100 111 108 107 111 106 108 108 107 112 106 110 109 118 108 111 109 104 118 111 115 107 115 107 113 112 114 113 115 106 111 112 108 115 117 114 115 112 119 112 123 114 117 116 120 115 115 112 109 118 118 111 122 125 118 115 119 117 111 113 116 119 114 121 119 113 115 124 122 116 118 119 124 120 117 120 117 116 117 120 126 119 114 120 122 127 127 125 126 128 116 120 122 128 121 124 121 128 123 127 125 124 120 127 125 122 126 122 127 128 127 126 127 125 125 123 124 125 126 121 128 124 127 127 128
0: 2 4 14 24 (58.0)
1: 0 6 8 17 40 (56.0)
2: 7 9 10 19 22 (55.0)
3: 15 16 18 26 29 (57.0)
4: 11 20 23 30 33 59 (52.0)
5: 25 36 37 71 (53.0)
6: 1 39 41 43 51 (57.0)
7: 3 28 34 42 45 47 52 54 61 72 (50.0)
8: 12 21 32 35 44 48 53 63 (52.0)
9: 49 50 58 68 70 75 (53.0)
10: 5 13 31 38 (57.0)
11: 27 55 57 69 (57.0)
12: 64 65 (51.0)
13: 46 60 67 74 86 93 (63.0)
14: 56 81 92 94 (70.0)
15: 79 80 88 97 (58.0)
16: 99 100 104 117 (56.0)
17: 66 73 77 85 101 103 111 (50.0)
18: 76 91 96 98 138 (61.0)
19: 78 84 95 112 115 116 121 (69.0)
20: 89 102 105 106 134 (55.0)
21: 62 83 107 108 131 (50.0)
22: 90 109 129 130 139 (51.0)
23: 87 113 122 123 128 135 142 (57.0)
24: 110 119 (54.0)
25: 82 125 127 149 158 (56.0)
26: 114 126 133 141 148 164 (57.0)
27: 143 165 178 179 (57.0)
28: 118 124 132 185 (53.0)
29: 136 137 144 151 157 171 (54.0)
30: 120 145 152 154 170 187 (55.0)
31: 140 146 147 162 197 203 (69.0)
32: 150 153 155 172 176 189 213 (61.0)
33: 167 174 183 196 198 (61.0)
34: 169 175 177 181 188 192 204 207 (65.0)
35: 159 160 161 184 209 243 (57.0)
36: 168 182 193 200 226 232 (56.0)
37: 156 202 208 237 (60.0)
38: 163 180 199 215 223 231 233 255 (88.0)
39: 166 173 211 217 219 222 227 229 (87.0)
40: 191 195 205 206 218 220 230 240 249 (91.0)
41: 186 190 201 239 256 (60.0)
42: 194 210 214 216 228 238 247 253 281 (87.0)
43: 246 250 261 266 270 275 (57.0)
44: 234 242 244 254 258 259 267 292 (73.0)
45: 212 221 241 264 286 287 (57.0)
46: 268 277 288 309 (73.0)
47: 245 251 (53.0)
48: 225 236 248 252 271 283 285 (65.0)
49: 257 263 278 289 (62.0)
50: 224 235 265 269 273 290 296 297 312 (79.0)
51: 262 295 299 (72.0)
52: 260 280 282 284 317 (70.0)
53: 272 274 279 291 293 300 313 (69.0)
54: 305 307 318 (62.0)
55: 276 298 303 310 315 319 333 334 352 (79.0)
56: 306 314 325 341 344 346 (76.0)
57: 316 324 328 329 330 357 (66.0)
58: 301 308 311 332 363 370 (60.0)
59: 320 321 322 323 326 (64.0)
60: 294 304 340 342 349 351 355 358 359 (74.0)
61: 327 331 343 365 (61.0)
62: 302 335 347 350 353 360 (77.0)
63: 345 348 362 367 377 388 (74.0)
64: 336 356 361 364 (96.0)
65: 339 354 393 406 (64.0)
66: 368 372 374 379 383 (84.0)
67: 338 371 373 396 424 (62.0)
68: 366 369 395 399 400 402 (74.0)
69: 337 376 389 391 410 417 420 (79.0)
70: 375 380 386 392 407 409 425 (97.0)
71: 378 381 384 385 387 397 (76.0)
72: 404 411 413 418 461 (66.0)
73: 398 408 412 414 422 437 438 (99.0)
74: 401 415 419 451 (66.0)
75: 382 390 403 416 427 431 441 445 458 478 (94.0)
76: 394 443 444 457 479 (75.0)
77: 405 423 433 434 435 436 448 454 (98.0)
78: 421 426 432 449 466 467 (90.0)
79: 428 429 440 442 447 452 453 465 (86.0)
80: 430 456 459 462 475 476 (97.0)
81: 469 480 501 (71.0)
82: 446 450 468 472 489 495 499 (80.0)
83: 439 471 473 474 477 484 485 498 (100.0)
84: 455 460 463 464 492 508 514 519 (100.0)
85: 486 505 532 (74.0)
86: 481 487 490 493 496 497 525 531 533 (97.0)
87: 470 491 494 502 503 (100.0)
88: 500 513 523 524 542 (84.0)
89: 482 483 506 509 515 526 537 543 (91.0)
90: 488 504 512 518 554 (75.0)
91: 507 520 530 544 563 568 (95.0)
92: 535 539 559 571 (72.0)
93: 510 516 538 540 560 (87.0)
94: 521 529 536 (75.0)
95: 511 517 528 547 549 551 586 (89.0)
96: 527 569 573 574 578 597 (74.0)
97: 545 564 565 566 575 577 584 590 (82.0)
98: 534 552 556 557 558 591 593 (100.0)
99: 522 548 561 570 572 581 585 605 (99.0)
100: 541 579 583 592 600 619 623 625 (92.0)
101: 546 550 599 604 621 (80.0)
102: 588 598 609 (100.0)
103: 553 555 562 567 580 601 611 (87.0)
104: 602 603 607 608 610 613 642 (79.0)
105: 576 587 596 606 612 620 (99.0)
106: 589 595 616 630 635 654 (99.0)
107: 618 628 633 646 648 (83.0)
108: 594 627 631 632 639 657 (100.0)
109: 614 617 637 641 673 (85.0)
110: 582 624 636 (102.0)
111: 626 629 640 644 655 676 683 (100.0)
112: 615 634 650 656 662 664 672 (100.0)
113: 622 649 652 684 690 (99.0)
114: 651 660 666 687 707 (100.0)
115: 645 647 653 658 661 670 671 680 691 (87.0)
116: 668 685 694 702 715 (100.0)
117: 659 667 682 699 701 703 (98.0)
118: 638 643 674 675 679 695 (100.0)
119: 663 681 686 689 696 706 (92.0)
120: 669 698 700 704 708 716 727 (87.0)
121: 688 719 721 744 (100.0)
122: 677 693 709 717 730 732 (80.0)
123: 665 723 740 (96.0)
124: 692 697 720 726 741 746 (96.0)
125: 678 712 725 729 738 739 742 (100.0)
126: 705 713 731 736 743 (98.0)
127: 710 711 724 728 733 735 737 747 748 (97.0)
128: 714 718 722 734 745 749 (100.0)
