Name: 750-30-50
Time: 49.27674341201782 
Result: 37
Solution:  0 5 2 1 0 3 1 7 5 3 1 2 0 3 1 2 5 1 1 1 2 9 10 6 10 7 6 6 3 9 7 4 11 9 10 10 10 9 3 16 4 8 7 15 7 4 12 14 16 9 11 15 8 9 8 12 14 22 11 15 15 11 18 12 14 13 22 13 15 16 21 17 13 14 18 21 18 18 24 20 25 23 27 27 19 23 22 21 26 15 27 22 17 22 22 22 18 22 27 18 19 24 22 23 25 31 20 29 31 22 34 27 24 25 27 24 26 34 30 30 30 25 33 31 30 37 31 30 28 35 30 29 27 31 39 30 36 33 40 33 36 36 32 36 28 34 29 32 34 29 34 36 31 36 32 41 40 32 31 28 39 36 36 37 40 40 36 38 40 42 35 37 40 41 40 45 40 37 40 42 41 42 42 44 48 48 37 41 51 49 47 41 43 44 44 51 40 44 43 48 49 38 41 44 41 43 46 47 40 45 47 44 48 50 41 48 50 48 48 49 46 46 55 52 48 54 53 51 53 45 53 55 43 44 54 49 51 53 52 61 50 57 57 48 56 52 55 51 57 54 62 60 55 53 56 61 50 63 59 62 57 53 54 57 58 60 60 60 63 57 64 57 63 53 63 64 63 53 63 55 58 62 62 60 66 66 62 63 61 60 63 72 66 63 61 68 69 61 61 59 67 65 62 69 69 72 65 62 67 65 68 68 68 61 72 69 74 69 68 72 70 69 62 76 73 75 69 71 73 68 78 76 74 73 71 76 67 73 77 71 65 75 79 74 75 67 77 77 71 73 81 77 76 67 77 79 75 76 80 73 72 78 73 83 85 78 74 87 79 70 84 78 76 80 82 75 81 78 81 78 83 82 75 77 78 79 85 89 87 77 80 82 75 80 80 88 88 83 88 83 93 91 83 86 78 84 85 89 94 92 88 86 91 95 86 88 90 84 91 90 90 86 91 91 87 87 86 97 94 86 89 93 98 92 89 94 91 99 91 92 102 92 93 98 93 99 87 95 89 94 97 96 98 98 95 95 103 97 92 95 94 94 97 101 97 104 100 100 105 98 103 98 106 100 102 100 110 106 105 96 109 105 102 104 97 97 103 107 96 106 98 110 100 105 100 102 106 101 102 98 108 103 107 108 101 107 107 113 100 103 107 106 108 113 104 112 112 113 109 109 111 105 103 107 109 110 111 114 117 105 112 109 111 116 105 113 113 114 116 115 120 118 114 120 110 113 119 115 118 122 115 119 114 121 113 116 114 118 118 120 126 119 118 116 123 118 118 124 119 112 111 119 117 118 120 120 113 118 121 117 126 123 130 116 117 121 125 124 128 127 121 125 125 119 128 125 131 123 127 123 122 126 128 131 119 125 136 131 128 131 124 133 136 122 128 134 129 135 134 122 129 130 126 128 136 133 129 128 133 129 126 131 130 132 130 135 131 133 133 127 136 128 138 131 127 138 141 133 134 132 134 135 135 133 132 138 132 136 138 137 139 138 141 135 142 139 141 134 135 137 143 136 148 136 140 141 144 140 145 144 139 143 135 142 139 145 148 143 144 145 141 140 149 149 149 152 150 151 147 143 153 144 139 144 142 144 143 147 150 146 146 146 153 151 146 142 152 153 144 149 154 143 150 153 148 148 151 147 148 147 148 152 151 147 154 155 145 154 151 152 152 145 155 154 155 155 149 153 155 150
0: 0 4 12 (40.0)
1: 3 6 10 14 17 18 19 (31.0)
2: 2 11 15 20 (34.0)
3: 5 9 13 28 38 (18.0)
4: 31 40 45 (34.0)
5: 1 8 16 (36.0)
6: 23 26 27 (34.0)
7: 7 25 30 42 44 (25.0)
8: 41 52 54 (31.0)
9: 21 29 33 37 49 53 (31.0)
10: 22 24 34 35 36 (31.0)
11: 32 50 58 61 (36.0)
12: 46 55 63 (33.0)
13: 65 67 72 (33.0)
14: 47 56 64 73 (31.0)
15: 43 51 59 60 68 89 (31.0)
16: 39 48 69 (36.0)
17: 71 92 (36.0)
18: 62 74 76 77 96 99 (33.0)
19: 84 100 (31.0)
20: 79 106 (30.0)
21: 70 75 87 (30.0)
22: 57 66 86 91 93 94 95 97 102 109 (30.0)
23: 81 85 103 (32.0)
24: 78 101 112 115 (34.0)
25: 80 104 113 121 (30.0)
26: 88 116 (34.0)
27: 82 83 90 98 111 114 132 (32.0)
28: 128 144 159 (32.0)
29: 107 131 146 149 (33.0)
30: 118 119 120 124 127 130 135 (35.0)
31: 105 108 123 126 133 152 158 (35.0)
32: 142 147 154 157 (31.0)
33: 122 137 139 (35.0)
34: 110 117 145 148 150 (32.0)
35: 129 170 (44.0)
36: 136 140 141 143 151 153 161 162 166 (28.0)
37: 125 163 171 177 186 (30.0)
38: 167 201 (30.0)
39: 134 160 (39.0)
40: 138 156 164 165 168 172 174 176 178 196 208 (29.0)
41: 155 173 180 187 191 202 204 214 (33.0)
42: 169 179 181 182 (35.0)
43: 192 198 205 232 (31.0)
44: 183 193 194 197 203 211 233 (30.0)
45: 175 209 229 (32.0)
46: 206 220 221 (39.0)
47: 190 207 210 (46.0)
48: 184 185 199 212 215 217 218 224 243 (38.0)
49: 189 200 219 235 (36.0)
50: 213 216 240 256 (39.0)
51: 188 195 227 236 247 (37.0)
52: 223 238 245 (35.0)
53: 226 228 230 237 253 261 273 277 (36.0)
54: 225 234 249 262 (31.0)
55: 222 231 246 252 279 (33.0)
56: 244 254 (47.0)
57: 241 242 248 260 263 269 271 (39.0)
58: 264 280 (32.0)
59: 258 299 (38.0)
60: 251 265 266 267 283 289 (41.0)
61: 239 255 288 294 297 298 313 (34.0)
62: 250 259 281 282 286 302 307 322 (35.0)
63: 257 268 272 274 276 278 287 290 293 (32.0)
64: 270 275 (40.0)
65: 301 306 309 340 (43.0)
66: 284 285 292 (41.0)
67: 300 308 336 345 353 (45.0)
68: 295 310 311 312 318 329 (42.0)
69: 296 303 304 315 317 321 326 (40.0)
70: 320 369 (31.0)
71: 327 334 339 348 (45.0)
72: 291 305 314 319 360 (41.0)
73: 324 328 333 337 349 359 362 (41.0)
74: 316 332 343 366 (42.0)
75: 325 341 344 356 375 382 392 (48.0)
76: 323 331 335 352 357 372 (41.0)
77: 338 346 347 351 354 383 389 (35.0)
78: 330 361 365 371 377 379 384 404 (38.0)
79: 342 355 368 385 (35.0)
80: 358 373 390 393 394 (38.0)
81: 350 376 378 (34.0)
82: 374 381 391 (32.0)
83: 363 380 397 399 402 (43.0)
84: 370 405 417 (43.0)
85: 364 386 406 (34.0)
86: 403 411 414 421 426 429 (39.0)
87: 367 388 424 425 446 (49.0)
88: 395 396 398 410 415 (39.0)
89: 387 407 430 434 448 (47.0)
90: 416 419 420 (43.0)
91: 401 412 418 422 423 436 438 (49.0)
92: 409 433 439 441 458 (33.0)
93: 400 431 442 444 (35.0)
94: 408 428 435 449 460 461 (50.0)
95: 413 447 454 455 459 (42.0)
96: 451 479 488 (36.0)
97: 427 450 457 462 464 484 485 (36.0)
98: 432 443 452 453 469 471 490 499 (45.0)
99: 437 445 (32.0)
100: 466 467 473 475 492 494 508 (50.0)
101: 463 497 504 (48.0)
102: 440 474 482 495 498 (50.0)
103: 456 470 486 501 509 522 (49.0)
104: 465 483 514 (49.0)
105: 468 478 481 493 521 529 534 (49.0)
106: 472 477 489 496 511 (38.0)
107: 487 502 505 506 510 523 (49.0)
108: 500 503 512 (39.0)
109: 480 518 519 524 531 (48.0)
110: 476 491 525 544 (45.0)
111: 520 526 532 570 (39.0)
112: 515 516 530 569 (50.0)
113: 507 513 517 535 536 545 554 576 (50.0)
114: 527 537 542 552 556 (49.0)
115: 539 547 550 (55.0)
116: 533 538 555 563 583 (49.0)
117: 528 572 579 584 (50.0)
118: 541 548 557 558 562 565 566 573 577 (44.0)
119: 546 551 561 568 571 593 604 (47.0)
120: 540 543 559 574 575 (50.0)
121: 553 578 585 590 (50.0)
122: 549 600 613 619 (50.0)
123: 564 581 597 599 (50.0)
124: 567 587 610 (50.0)
125: 586 591 592 595 605 (52.0)
126: 560 580 601 622 630 (48.0)
127: 589 598 639 644 (49.0)
128: 588 594 602 608 614 623 627 641 (48.0)
129: 616 620 626 629 (50.0)
130: 582 621 632 634 (39.0)
131: 596 603 607 609 631 636 643 (46.0)
132: 633 649 654 656 (50.0)
133: 611 625 628 637 638 647 653 (46.0)
134: 615 618 648 650 667 (40.0)
135: 617 635 651 652 663 668 682 (50.0)
136: 606 612 624 640 657 671 673 (49.0)
137: 659 669 (50.0)
138: 642 645 655 658 661 (48.0)
139: 660 665 680 684 702 (51.0)
140: 674 677 691 (50.0)
141: 646 662 666 675 690 (50.0)
142: 664 683 704 715 (37.0)
143: 670 681 687 699 706 721 (50.0)
144: 676 679 688 701 703 705 718 (50.0)
145: 678 685 689 736 741 (49.0)
146: 709 710 711 714 (50.0)
147: 698 707 727 729 733 (42.0)
148: 672 686 724 725 728 730 (49.0)
149: 692 693 694 719 746 (50.0)
150: 696 708 722 749 (46.0)
151: 697 713 726 732 738 (50.0)
152: 695 716 731 739 740 (47.0)
153: 700 712 717 723 747 (50.0)
154: 720 734 737 743 (50.0)
155: 735 742 744 745 748 (51.0)
