Name: 750-20-30
Time: 23.577841758728027 
Result: 32018
Solution:  3 5 1 8 1 1 6 0 7 0 4 2 1 7 1 9 5 2 1 3 2 9 3 0 4 9 6 6 6 5 10 5 10 7 7 6 3 13 15 10 14 9 8 11 11 8 16 11 6 9 18 13 15 12 18 9 13 16 20 14 12 11 11 13 16 17 21 15 16 20 18 15 22 18 19 23 18 18 13 17 19 24 23 24 20 21 16 21 21 22 16 17 28 19 27 23 22 24 24 26 26 25 25 28 32 25 23 29 30 31 27 28 24 28 28 30 27 36 25 31 28 32 33 36 29 23 25 28 32 38 30 35 40 28 34 38 34 35 35 26 31 35 39 29 42 36 36 38 34 38 38 39 37 38 43 35 32 38 39 33 38 41 35 40 37 41 45 48 36 35 44 42 41 42 45 48 49 35 41 46 47 40 48 45 51 44 47 46 51 46 46 43 47 48 48 50 46 57 48 44 52 49 58 52 54 49 57 44 51 54 50 50 53 52 54 49 46 56 53 52 56 57 60 60 53 57 63 56 55 58 58 63 54 58 54 62 56 56 59 61 55 57 61 59 59 58 64 66 64 58 58 65 68 57 67 61 70 58 62 69 63 65 60 70 61 62 57 59 70 70 67 67 69 66 71 68 63 67 65 72 74 72 62 71 68 66 66 72 76 67 71 71 77 78 72 66 74 73 69 71 74 77 78 78 68 75 78 67 84 79 79 73 72 76 81 76 77 80 79 88 79 79 84 83 76 80 87 81 75 83 85 82 80 82 80 87 84 85 83 83 81 91 78 92 86 89 87 92 86 82 84 82 92 92 85 88 88 89 89 83 93 94 87 97 93 94 91 91 89 90 94 96 100 87 95 87 90 92 94 94 101 94 95 97 96 95 96 93 98 91 94 99 92 101 97 94 98 96 95 104 99 104 107 98 104 102 95 102 95 103 104 103 100 104 108 105 102 107 101 106 108 102 110 112 107 111 98 103 101 102 105 107 111 108 108 114 100 107 106 109 116 112 110 106 114 112 113 119 109 111 107 115 108 110 113 109 120 112 110 113 116 116 108 118 112 112 117 123 114 117 112 117 118 109 122 122 115 120 117 120 118 125 122 121 123 119 122 121 130 119 123 129 119 123 122 120 123 124 124 124 126 123 125 132 131 126 127 127 128 126 133 130 128 126 126 133 130 133 138 137 134 133 126 139 127 130 125 129 131 133 129 130 125 134 134 132 133 135 139 136 136 135 135 138 140 139 141 136 142 139 141 138 143 135 144 141 136 147 138 145 138 132 138 142 146 139 141 149 137 140 143 140 135 143 142 149 145 148 144 146 143 147 145 143 151 141 141 143 148 152 147 150 142 150 145 149 150 155 151 152 148 148 144 152 144 150 153 150 145 149 148 156 151 144 157 149 160 154 154 155 152 157 156 157 156 154 156 152 157 155 157 153 155 153 150 159 157 163 160 153 159 159 152 154 151 159 160 160 158 154 153 163 163 158 161 161 155 156 165 157 166 159 165 161 161 160 166 161 161 162 160 168 169 158 162 166 163 168 164 164 172 171 165 164 167 166 164 165 163 163 162 162 167 169 162 169 169 167 169 168 165 175 171 172 167 167 177 168 171 173 170 173 172 171 173 168 173 172 173 171 167 166 168 178 175 175 165 173 176 174 170 175 178 177 174 174 176 176 171 176 178 177 178 171 177 175 176 172 178 178
0: 7 9 23 (18.0)
1: 2 4 5 12 14 18 (17.0)
2: 11 17 20 (22.0)
3: 0 19 22 36 (16.0)
4: 10 24 (21.0)
5: 1 16 29 31 (21.0)
6: 6 26 27 28 35 48 (20.0)
7: 8 13 33 34 (23.0)
8: 3 42 45 (20.0)
9: 15 21 25 41 49 55 (20.0)
10: 30 32 39 (22.0)
11: 43 44 47 61 62 (17.0)
12: 53 60 (21.0)
13: 37 51 56 63 78 (22.0)
14: 40 59 (23.0)
15: 38 52 67 71 (19.0)
16: 46 57 64 68 86 90 (19.0)
17: 65 79 91 (20.0)
18: 50 54 70 73 76 77 (18.0)
19: 74 80 93 (20.0)
20: 58 69 84 (21.0)
21: 66 85 87 88 (23.0)
22: 72 89 96 (25.0)
23: 75 82 95 106 125 (22.0)
24: 81 83 97 98 112 (23.0)
25: 101 102 105 118 126 (22.0)
26: 99 100 139 (29.0)
27: 94 110 116 (20.0)
28: 92 103 111 113 114 120 127 133 (20.0)
29: 107 124 143 (20.0)
30: 108 115 130 (22.0)
31: 109 119 140 (21.0)
32: 104 121 128 156 (21.0)
33: 122 159 (20.0)
34: 134 136 148 (20.0)
35: 131 137 138 141 155 162 169 177 (21.0)
36: 117 123 145 146 168 (23.0)
37: 152 164 (21.0)
38: 129 135 147 149 150 153 157 160 (20.0)
39: 142 151 158 (20.0)
40: 132 163 181 (25.0)
41: 161 165 172 178 (21.0)
42: 144 171 173 (24.0)
43: 154 191 (21.0)
44: 170 185 199 207 (30.0)
45: 166 174 183 (22.0)
46: 179 187 189 190 196 216 (21.0)
47: 180 186 192 (24.0)
48: 167 175 182 193 194 198 (21.0)
49: 176 201 205 215 (27.0)
50: 195 210 211 (22.0)
51: 184 188 208 (21.0)
52: 200 203 213 219 (30.0)
53: 212 218 224 (23.0)
54: 204 209 214 232 234 (21.0)
55: 228 240 (30.0)
56: 217 220 227 236 237 (22.0)
57: 197 206 221 225 241 253 266 (20.0)
58: 202 229 230 233 245 249 250 257 (20.0)
59: 238 243 244 267 (23.0)
60: 222 223 262 (23.0)
61: 239 242 255 264 (23.0)
62: 235 258 265 282 (24.0)
63: 226 231 260 276 (22.0)
64: 246 248 (20.0)
65: 251 261 278 (25.0)
66: 247 273 285 286 295 (22.0)
67: 254 270 271 277 289 307 (21.0)
68: 252 275 284 304 (27.0)
69: 259 272 298 (30.0)
70: 256 263 268 269 (30.0)
71: 274 283 290 291 299 (24.0)
72: 279 281 287 294 312 (28.0)
73: 297 311 (22.0)
74: 280 296 300 (26.0)
75: 305 328 (24.0)
76: 288 313 315 324 (24.0)
77: 292 301 316 (25.0)
78: 293 302 303 306 342 (25.0)
79: 309 310 318 320 321 (24.0)
80: 317 325 332 334 (23.0)
81: 314 327 340 (24.0)
82: 331 333 349 351 (29.0)
83: 323 329 338 339 359 (30.0)
84: 308 322 336 350 (20.0)
85: 330 337 354 (23.0)
86: 344 348 (25.0)
87: 326 335 346 362 373 375 (25.0)
88: 319 355 356 (22.0)
89: 345 357 358 368 (22.0)
90: 369 376 (21.0)
91: 341 366 367 389 (25.0)
92: 343 347 352 353 377 392 (21.0)
93: 360 364 387 (26.0)
94: 361 365 370 378 379 381 390 395 (21.0)
95: 374 382 385 398 406 408 (24.0)
96: 371 384 386 397 (21.0)
97: 363 383 394 (30.0)
98: 388 396 403 426 (22.0)
99: 391 400 (23.0)
100: 372 412 436 (27.0)
101: 380 393 418 428 (27.0)
102: 405 407 416 421 429 (26.0)
103: 409 411 427 (30.0)
104: 399 401 404 410 413 (29.0)
105: 415 430 (30.0)
106: 419 438 443 (29.0)
107: 402 417 424 431 437 450 (26.0)
108: 414 420 433 434 452 462 (28.0)
109: 439 448 455 473 (30.0)
110: 422 442 453 458 (25.0)
111: 425 432 449 (23.0)
112: 423 441 445 457 464 465 470 (29.0)
113: 446 454 459 (24.0)
114: 435 444 468 (29.0)
115: 451 476 (27.0)
116: 440 460 461 (26.0)
117: 466 469 471 478 (24.0)
118: 463 472 480 (24.0)
119: 447 485 489 492 (25.0)
120: 456 477 479 495 (24.0)
121: 483 487 (22.0)
122: 474 475 482 486 494 (22.0)
123: 467 484 490 493 496 501 (23.0)
124: 497 498 499 (21.0)
125: 481 502 526 532 (23.0)
126: 500 505 509 513 514 522 (21.0)
127: 506 507 524 (23.0)
128: 508 512 (29.0)
129: 491 527 530 (23.0)
130: 488 511 516 525 531 (26.0)
131: 504 528 (27.0)
132: 503 535 561 (24.0)
133: 510 515 517 521 529 536 (21.0)
134: 520 533 534 (29.0)
135: 537 541 542 553 572 (27.0)
136: 539 540 547 556 (25.0)
137: 519 568 (23.0)
138: 518 543 551 558 560 562 (29.0)
139: 523 538 545 549 565 (29.0)
140: 544 569 571 (32.0)
141: 546 550 555 566 585 586 (32.0)
142: 548 563 574 592 (30.0)
143: 552 570 573 580 583 587 (31.0)
144: 554 578 602 604 613 (30.0)
145: 559 576 582 594 608 (30.0)
146: 564 579 (31.0)
147: 557 581 590 (34.0)
148: 577 588 600 601 610 (30.0)
149: 567 575 595 609 615 (31.0)
150: 591 593 596 605 607 634 (32.0)
151: 584 598 612 644 (30.0)
152: 589 599 603 620 627 642 (30.0)
153: 606 631 633 639 650 (31.0)
154: 617 618 625 643 649 (30.0)
155: 597 619 629 632 656 (30.0)
156: 611 622 624 626 657 (30.0)
157: 614 621 623 628 630 636 659 (30.0)
158: 648 653 673 (30.0)
159: 635 640 641 645 661 (30.0)
160: 616 638 646 647 665 670 (30.0)
161: 654 655 663 664 667 668 (30.0)
162: 669 674 690 691 694 (30.0)
163: 637 651 652 676 688 689 (30.0)
164: 678 679 683 686 (30.0)
165: 658 662 682 687 700 726 (30.0)
166: 660 666 675 685 721 (30.0)
167: 684 692 697 704 705 720 (30.0)
168: 671 677 699 707 715 722 (30.0)
169: 672 693 695 696 698 (29.0)
170: 710 730 (32.0)
171: 681 702 708 713 719 738 743 (27.0)
172: 680 703 712 717 747 (30.0)
173: 709 711 714 716 718 727 (29.0)
174: 729 734 735 (27.0)
175: 701 724 725 731 745 (30.0)
176: 728 736 737 739 746 (30.0)
177: 706 733 741 744 (29.0)
178: 723 732 740 742 748 749 (24.0)
