Name: 750-50-100
Time: 22.50457787513733 
Result: 5055
Solution:  1 0 2 2 0 3 1 2 1 0 1 2 10 9 8 0 7 3 2 3 3 10 5 3 1 6 2 6 8 14 4 13 8 3 3 8 5 10 9 6 5 2 7 2 6 10 8 5 11 9 11 16 3 2 4 14 14 13 10 12 12 10 10 10 15 12 11 12 11 10 11 7 15 13 16 11 16 19 12 17 20 20 12 23 13 16 20 13 15 10 11 20 10 16 18 18 20 15 17 23 17 24 22 12 20 19 24 22 28 23 26 24 23 24 22 19 22 22 16 23 25 20 24 21 23 19 27 28 24 24 25 30 27 28 32 24 22 22 21 28 26 27 32 26 33 28 29 27 29 26 33 28 32 37 32 32 24 30 29 30 32 31 31 29 26 25 38 34 34 27 27 29 33 29 39 32 33 33 27 29 42 34 41 34 30 30 31 32 36 34 37 35 33 38 44 32 34 35 36 39 29 34 39 40 34 46 38 36 43 37 41 40 39 38 45 35 38 39 40 33 41 38 37 40 48 33 37 38 42 38 41 46 36 44 42 49 45 42 41 43 50 47 44 46 36 45 42 36 50 46 44 48 49 44 46 43 43 47 50 47 48 48 40 43 46 49 46 47 54 42 57 49 48 50 50 51 49 48 52 51 54 54 47 45 50 52 53 45 58 56 49 51 44 59 57 55 52 52 51 53 58 55 52 49 56 51 55 55 53 48 61 56 53 55 57 57 50 55 62 60 56 57 62 60 59 55 63 59 58 60 54 67 57 59 61 65 59 68 67 65 58 59 59 61 56 63 63 66 62 57 60 62 62 66 61 69 66 56 57 60 61 65 65 56 64 66 71 60 60 67 66 60 67 73 63 67 66 64 72 67 67 70 69 68 67 71 67 76 62 65 65 72 68 69 73 66 70 70 70 63 70 73 70 77 73 72 72 69 72 74 68 69 74 72 71 74 74 68 74 74 69 78 71 67 71 71 79 79 80 77 80 83 77 76 79 77 77 77 78 77 80 75 72 75 76 69 76 80 73 76 80 81 75 79 80 83 78 79 84 80 84 73 85 75 82 80 78 79 81 82 87 86 81 84 83 83 82 83 77 81 76 89 82 79 85 84 85 82 79 79 82 82 85 84 88 85 88 81 86 95 86 90 87 86 84 87 87 86 93 86 97 97 96 91 86 89 88 90 94 89 89 92 90 90 98 94 90 96 94 87 91 91 87 91 93 94 89 88 93 93 95 92 102 89 101 94 94 95 96 93 90 93 90 95 89 97 101 96 95 95 90 89 95 98 97 106 101 103 103 100 99 97 96 101 101 96 99 97 96 97 99 97 105 101 98 105 101 103 106 108 98 102 99 100 102 104 101 100 105 102 101 107 104 106 100 101 103 102 104 103 110 99 108 103 109 99 111 113 112 102 105 102 114 104 108 111 111 106 109 112 110 112 108 106 107 106 110 109 114 104 112 112 111 110 111 114 108 111 111 113 109 115 113 117 107 111 111 109 119 115 114 116 109 120 113 122 116 118 114 110 116 117 112 115 116 113 115 120 125 116 114 109 118 118 119 111 116 121 124 119 116 119 120 118 125 110 123 119 128 120 123 128 117 121 124 117 124 114 121 120 126 123 120 115 123 119 128 118 121 127 124 128 126 124 127 120 123 120 123 128 121 122 121 127 128 126 125 125 122 121 126 125 124 127 126 123 124 128 127 125
0: 1 4 9 15 (56.0)
1: 0 6 8 10 24 (56.0)
2: 2 3 7 11 18 26 41 43 53 (47.0)
3: 5 17 19 20 23 33 34 52 (51.0)
4: 30 54 (53.0)
5: 22 36 40 47 (53.0)
6: 25 27 39 44 (51.0)
7: 16 42 71 (52.0)
8: 14 28 32 35 46 (57.0)
9: 13 38 49 (50.0)
10: 12 21 37 45 58 61 62 63 69 89 92 (53.0)
11: 48 50 66 68 70 75 90 (54.0)
12: 59 60 65 67 78 82 103 (57.0)
13: 31 57 73 84 87 (53.0)
14: 29 55 56 (58.0)
15: 64 72 88 97 (57.0)
16: 51 74 76 85 93 118 (59.0)
17: 79 98 100 (51.0)
18: 94 95 (63.0)
19: 77 105 115 125 (52.0)
20: 80 81 86 91 96 104 121 (67.0)
21: 123 138 (50.0)
22: 102 107 114 116 117 136 137 (65.0)
23: 83 99 109 112 119 124 (60.0)
24: 101 106 111 113 122 128 129 135 156 (59.0)
25: 120 130 165 (52.0)
26: 110 140 143 149 164 (73.0)
27: 126 132 141 147 169 170 178 (57.0)
28: 108 127 133 139 145 151 (53.0)
29: 146 148 158 163 171 173 179 200 (70.0)
30: 131 157 159 184 185 (63.0)
31: 161 162 186 (64.0)
32: 134 142 152 154 155 160 175 187 195 (70.0)
33: 144 150 172 176 177 192 219 225 (61.0)
34: 167 168 181 183 189 196 201 204 (71.0)
35: 191 197 215 (67.0)
36: 188 198 207 232 244 247 (52.0)
37: 153 190 209 222 226 (61.0)
38: 166 193 206 213 216 221 227 229 (73.0)
39: 174 199 202 212 217 (66.0)
40: 203 211 218 223 262 (72.0)
41: 182 210 220 230 238 (54.0)
42: 180 228 234 237 246 269 (74.0)
43: 208 239 255 256 263 (62.0)
44: 194 233 242 250 253 292 (62.0)
45: 214 236 245 283 287 (57.0)
46: 205 231 243 249 254 264 266 (62.0)
47: 241 257 259 267 282 (66.0)
48: 224 251 260 261 272 277 309 (87.0)
49: 235 252 265 271 276 290 303 (64.0)
50: 240 248 258 273 274 284 316 (63.0)
51: 275 279 291 298 305 (61.0)
52: 278 285 296 297 302 (58.0)
53: 286 299 308 312 (71.0)
54: 268 280 281 330 (55.0)
55: 295 301 306 307 313 317 325 (58.0)
56: 289 304 311 320 344 357 363 (70.0)
57: 270 294 314 315 321 332 349 358 (80.0)
58: 288 300 328 340 (69.0)
59: 293 324 327 333 336 341 342 (99.0)
60: 319 323 329 350 359 367 368 371 (97.0)
61: 310 334 343 354 360 (90.0)
62: 318 322 348 351 352 388 (76.0)
63: 326 345 346 374 399 (67.0)
64: 364 377 (50.0)
65: 335 339 361 362 389 390 (72.0)
66: 347 353 356 365 370 376 395 (86.0)
67: 331 338 369 372 375 379 380 384 386 423 (94.0)
68: 337 383 392 410 417 (70.0)
69: 355 382 393 407 411 420 445 (96.0)
70: 381 396 397 398 400 402 (79.0)
71: 366 385 414 422 424 425 (100.0)
72: 378 391 405 406 408 413 442 (99.0)
73: 373 394 401 404 448 461 (63.0)
74: 409 412 415 416 418 419 (83.0)
75: 441 443 452 463 (72.0)
76: 387 433 444 446 449 480 (98.0)
77: 403 429 432 435 436 437 439 478 (95.0)
78: 421 438 456 466 (75.0)
79: 426 427 434 453 457 467 483 488 489 (96.0)
80: 428 430 440 447 450 454 459 465 (93.0)
81: 451 468 472 479 497 (64.0)
82: 464 469 476 482 487 490 491 (99.0)
83: 431 455 474 475 477 (100.0)
84: 458 460 473 485 493 504 (80.0)
85: 462 484 486 492 495 (74.0)
86: 471 498 500 503 507 509 514 (88.0)
87: 470 502 505 506 529 532 (86.0)
88: 494 496 516 537 (75.0)
89: 481 515 519 520 536 543 554 561 (94.0)
90: 501 517 522 523 526 550 552 560 (91.0)
91: 513 530 531 533 (66.0)
92: 521 541 (59.0)
93: 508 534 538 539 549 551 (96.0)
94: 518 525 528 535 545 546 (90.0)
95: 499 540 547 553 558 559 562 (79.0)
96: 512 527 548 557 572 575 578 (80.0)
97: 510 511 555 564 571 577 579 581 (100.0)
98: 524 563 584 590 (71.0)
99: 570 576 580 592 611 615 (96.0)
100: 569 593 597 604 (69.0)
101: 544 556 566 573 574 583 586 596 600 605 (88.0)
102: 542 591 594 599 607 619 621 (81.0)
103: 567 568 587 606 609 613 (95.0)
104: 595 602 608 623 639 (85.0)
105: 582 585 598 620 (100.0)
106: 565 588 603 627 633 635 (94.0)
107: 601 634 654 (81.0)
108: 589 612 624 632 646 (99.0)
109: 614 628 637 650 657 662 681 (90.0)
110: 610 630 636 643 669 695 (100.0)
111: 616 625 626 642 644 647 648 655 656 685 (100.0)
112: 618 629 631 640 641 672 (100.0)
113: 617 649 652 664 675 (99.0)
114: 622 638 645 660 668 680 707 (100.0)
115: 651 659 673 676 713 (100.0)
116: 661 666 670 674 679 686 690 (100.0)
117: 653 671 702 705 (99.0)
118: 667 682 683 693 717 (100.0)
119: 658 684 689 691 697 715 (100.0)
120: 663 677 692 699 709 712 725 727 (100.0)
121: 687 703 708 718 730 732 739 (100.0)
122: 665 731 738 (100.0)
123: 696 700 711 714 726 728 745 (102.0)
124: 688 704 706 720 723 742 746 (100.0)
125: 678 694 736 737 741 749 (81.0)
126: 710 722 735 740 744 (100.0)
127: 719 724 733 743 748 (100.0)
128: 698 701 716 721 729 734 747 (100.0)
