Name: 750-40-75
Time: 49.05077505111694 
Result: 45
Solution:  4 0 2 2 9 2 0 3 0 3 2 2 5 5 4 8 6 5 3 4 7 10 5 4 12 9 2 9 10 5 5 3 10 7 13 2 8 9 11 9 4 13 9 14 6 13 9 17 11 7 11 5 12 9 19 13 13 21 21 8 9 15 16 7 16 23 23 19 15 13 13 23 18 22 17 18 21 25 21 21 20 22 25 23 17 14 14 23 24 20 23 22 23 23 23 24 22 22 23 18 25 29 23 26 29 28 23 19 30 19 23 30 22 28 28 27 27 33 32 28 26 31 28 32 35 26 30 34 33 32 28 34 31 32 26 38 34 32 36 33 37 33 35 38 39 36 36 40 37 32 45 30 43 40 34 38 41 37 40 36 40 41 43 38 37 48 39 47 43 40 41 49 45 44 41 39 44 52 42 42 46 44 47 49 50 51 49 54 45 54 45 46 45 48 49 42 51 52 52 50 50 54 51 50 44 58 57 52 46 53 55 47 55 53 54 48 48 55 54 53 49 53 55 55 56 63 56 56 59 57 57 58 66 58 55 57 53 57 65 61 57 56 63 62 61 58 61 60 58 58 66 68 60 70 62 64 69 60 63 67 64 59 62 63 71 75 72 70 65 69 67 64 65 68 62 69 76 74 63 67 72 74 62 74 71 71 72 68 71 66 66 70 68 81 73 77 75 75 72 69 77 69 73 77 76 80 74 68 78 76 79 78 80 78 76 73 79 79 80 83 79 77 78 77 81 85 83 79 86 72 84 82 79 80 85 79 84 79 82 83 82 76 82 86 82 84 85 84 87 88 85 86 86 83 89 89 86 85 87 89 94 90 95 87 90 85 95 91 91 91 88 89 91 93 93 90 98 94 91 92 89 94 88 88 92 89 93 97 89 95 92 97 91 93 90 94 90 97 92 94 95 97 99 96 98 105 96 102 100 97 99 100 104 100 95 99 96 102 97 101 100 100 98 94 109 97 100 98 96 100 101 104 104 96 95 103 102 105 103 102 105 113 103 106 102 106 104 109 107 106 98 108 107 107 110 110 107 99 110 104 108 115 106 110 111 108 104 103 109 113 116 107 110 116 109 112 112 104 109 115 114 107 107 115 118 117 109 121 108 113 116 113 112 114 111 113 110 111 114 112 108 116 115 120 110 117 118 117 116 112 111 113 126 118 118 120 122 116 124 116 117 127 119 114 120 123 121 116 119 120 117 119 121 120 123 119 123 124 129 121 121 120 120 125 124 128 128 125 127 122 122 128 129 122 126 126 119 128 126 128 125 129 127 130 132 124 128 129 129 123 126 135 128 132 130 127 129 125 124 128 127 130 131 134 129 128 131 132 133 136 131 133 133 134 130 137 132 135 130 138 139 139 134 137 135 140 139 133 137 131 134 142 139 134 133 139 138 134 132 138 147 141 144 132 138 140 139 144 145 135 141 141 136 142 148 144 144 141 142 144 143 147 142 135 148 150 143 148 141 149 147 148 146 142 143 145 145 144 146 141 143 149 146 149 146 141 154 148 145 152 147 155 154 153 156 149 153 151 145 154 150 156 153 151 159 153 153 155 161 153 155 151 149 154 152 151 158 156 158 154 152 158 157 162 158 150 159 152 158 150 155 163 157 164 160 161 158 162 159 158 156 159 160 163 162 165 160 164 157 157 163 163 164 158 163 161 164 156 162 163 161 163 165 159 164 165 157 165 160 165
0: 1 6 8 (54.0)
1: (0.0)
2: 2 3 5 10 11 26 35 (39.0)
3: 7 9 18 31 (43.0)
4: 0 14 19 23 40 (40.0)
5: 12 13 17 22 29 30 51 (39.0)
6: 16 44 (51.0)
7: 20 33 49 63 (44.0)
8: 15 36 59 (51.0)
9: 4 25 27 37 39 42 46 53 60 (36.0)
10: 21 28 32 (51.0)
11: 38 48 50 (51.0)
12: 24 52 (47.0)
13: 34 41 45 55 56 69 70 (42.0)
14: 43 85 86 (40.0)
15: 61 68 (45.0)
16: 62 64 (40.0)
17: 47 74 84 (45.0)
18: 72 75 99 (60.0)
19: 54 67 107 109 (47.0)
20: 80 89 (46.0)
21: 57 58 76 78 79 (44.0)
22: 73 81 91 96 97 112 (45.0)
23: 65 66 71 83 87 90 92 93 94 98 102 106 110 (39.0)
24: 88 95 (55.0)
25: 77 82 100 (44.0)
26: 103 120 125 134 (44.0)
27: 115 116 (48.0)
28: 105 113 114 119 122 130 (44.0)
29: 101 104 (45.0)
30: 108 111 126 151 (43.0)
31: 121 132 (44.0)
32: 118 123 129 133 137 149 (40.0)
33: 117 128 139 141 (49.0)
34: 127 131 136 154 (42.0)
35: 124 142 (45.0)
36: 138 145 146 159 (45.0)
37: 140 148 157 164 (50.0)
38: 135 143 155 163 (60.0)
39: 144 166 175 (57.0)
40: 147 153 158 160 169 (51.0)
41: 156 161 170 174 (58.0)
42: 178 179 195 (50.0)
43: 152 162 168 (54.0)
44: 173 176 181 204 (54.0)
45: 150 172 188 190 192 (50.0)
46: 180 191 208 (73.0)
47: 167 182 211 (49.0)
48: 165 193 215 216 (61.0)
49: 171 183 186 194 220 (72.0)
50: 184 199 200 203 (58.0)
51: 185 196 202 (43.0)
52: 177 197 198 207 (52.0)
53: 209 213 219 221 236 (50.0)
54: 187 189 201 214 218 (57.0)
55: 210 212 217 222 223 234 (60.0)
56: 224 226 227 241 (56.0)
57: 206 229 230 235 237 240 (57.0)
58: 205 231 233 245 248 249 (49.0)
59: 228 261 (46.0)
60: 247 252 257 (43.0)
61: 239 244 246 (60.0)
62: 243 254 262 274 282 (51.0)
63: 225 242 258 263 278 (59.0)
64: 255 260 271 (60.0)
65: 238 268 272 (53.0)
66: 232 250 289 290 (58.0)
67: 259 270 279 (53.0)
68: 251 273 287 292 307 (62.0)
69: 256 269 275 299 301 (55.0)
70: 253 267 291 (49.0)
71: 264 284 285 288 (60.0)
72: 266 280 286 298 329 (62.0)
73: 294 302 315 (54.0)
74: 277 281 283 306 (66.0)
75: 265 296 297 (51.0)
76: 276 304 309 314 341 (57.0)
77: 295 300 303 321 323 (72.0)
78: 308 311 313 322 (74.0)
79: 310 316 317 320 327 332 335 337 (74.0)
80: 305 312 318 333 (48.0)
81: 293 324 (44.0)
82: 331 338 340 342 344 (50.0)
83: 319 326 339 353 (65.0)
84: 330 336 345 347 (62.0)
85: 325 334 346 350 357 365 (71.0)
86: 328 343 351 352 356 (63.0)
87: 348 358 363 (56.0)
88: 349 370 382 383 (46.0)
89: 354 355 359 371 380 385 388 (74.0)
90: 361 364 375 394 396 (54.0)
91: 367 368 369 372 378 392 (72.0)
92: 379 384 390 398 (75.0)
93: 373 374 386 393 (48.0)
94: 360 377 381 395 399 423 (72.0)
95: 362 366 389 400 414 434 (74.0)
96: 403 406 416 428 433 (58.0)
97: 387 391 397 401 409 418 425 (61.0)
98: 376 404 422 427 450 (61.0)
99: 402 410 415 457 (75.0)
100: 408 411 413 420 421 426 429 (68.0)
101: 419 430 (71.0)
102: 407 417 436 439 444 (60.0)
103: 435 438 442 467 (55.0)
104: 412 431 432 446 459 466 477 (65.0)
105: 405 437 440 (45.0)
106: 443 445 449 462 (52.0)
107: 448 452 453 456 471 481 482 (71.0)
108: 451 460 465 488 500 (75.0)
109: 424 447 468 474 478 486 (74.0)
110: 454 455 458 463 472 496 504 (71.0)
111: 464 494 497 510 (71.0)
112: 475 476 492 499 509 (73.0)
113: 441 469 489 491 495 511 (68.0)
114: 480 493 498 523 (69.0)
115: 461 479 483 502 (75.0)
116: 470 473 490 501 508 517 519 527 (70.0)
117: 485 505 507 520 530 (74.0)
118: 484 506 513 514 (75.0)
119: 522 528 531 535 556 (75.0)
120: 503 515 524 529 533 541 542 (75.0)
121: 487 526 532 539 540 (74.0)
122: 516 549 550 553 (75.0)
123: 525 534 536 569 (72.0)
124: 518 537 544 565 578 (54.0)
125: 543 547 560 577 (74.0)
126: 512 554 555 558 570 (74.0)
127: 521 548 562 575 580 (73.0)
128: 545 546 551 557 559 566 572 579 585 (75.0)
129: 538 552 561 567 568 576 584 (63.0)
130: 563 574 581 594 598 (75.0)
131: 582 586 590 609 (68.0)
132: 564 573 587 596 618 623 (57.0)
133: 588 591 592 607 614 (67.0)
134: 583 593 602 610 613 617 (67.0)
135: 571 597 604 629 643 (74.0)
136: 589 632 (52.0)
137: 595 603 608 (75.0)
138: 599 616 619 624 (58.0)
139: 600 601 606 612 615 626 (63.0)
140: 605 625 (65.0)
141: 621 630 631 637 648 659 665 (70.0)
142: 611 633 638 642 653 (64.0)
143: 640 646 654 660 (51.0)
144: 622 627 635 636 639 657 (72.0)
145: 628 655 656 668 678 (66.0)
146: 652 658 662 664 (74.0)
147: 620 641 650 670 (65.0)
148: 634 644 647 651 667 (74.0)
149: 649 661 663 675 692 (46.0)
150: 645 680 705 709 (74.0)
151: 677 683 691 695 (73.0)
152: 669 694 700 707 (73.0)
153: 673 676 682 685 686 689 (72.0)
154: 666 672 679 693 699 (75.0)
155: 671 687 690 710 (75.0)
156: 674 681 697 720 737 (74.0)
157: 702 712 728 729 746 (69.0)
158: 696 698 701 704 708 716 719 733 (74.0)
159: 684 706 718 721 743 (81.0)
160: 714 722 726 748 (75.0)
161: 688 715 735 740 (75.0)
162: 703 717 724 738 (75.0)
163: 711 723 730 731 734 739 741 (75.0)
164: 713 727 732 736 744 (75.0)
165: 725 742 745 747 749 (74.0)
