Name: 750-20-30
Time: 46.13335967063904 
Result: 17
Solution:  2 6 1 4 1 1 1 0 5 1 6 5 6 11 1 8 2 7 1 3 9 0 4 8 3 7 7 10 4 9 2 8 12 10 6 7 4 7 3 17 5 10 9 10 14 11 8 8 12 10 13 14 10 13 7 11 11 9 8 18 15 8 17 13 17 24 19 15 13 18 20 16 19 17 16 12 20 21 15 19 22 16 21 12 20 22 25 21 21 22 20 14 28 25 26 20 27 24 21 25 23 30 21 32 29 25 24 23 31 30 24 28 33 23 25 22 29 30 26 25 24 34 34 28 33 30 25 30 32 36 28 34 40 30 32 32 37 35 35 27 29 36 33 28 42 37 39 36 41 38 36 37 38 39 35 36 32 36 38 31 39 43 36 40 35 41 38 38 35 36 36 42 49 38 46 43 43 36 41 41 47 43 50 45 39 44 50 43 49 49 47 45 47 50 46 53 47 55 49 44 51 50 50 52 51 54 54 44 50 54 48 51 53 54 54 46 58 55 56 60 52 55 54 48 60 54 62 63 65 56 57 52 53 63 55 59 55 54 58 58 57 54 59 58 59 55 64 62 62 64 55 56 67 57 67 67 60 62 63 71 66 64 61 61 61 59 66 63 65 67 68 64 69 71 62 69 63 62 66 72 72 70 63 68 68 77 68 64 76 70 73 73 75 78 78 67 69 74 72 72 74 81 79 78 79 76 80 78 82 79 76 70 77 77 83 73 75 86 79 77 80 73 81 79 82 80 73 78 86 82 81 82 85 81 79 85 84 87 83 90 84 89 87 81 85 86 89 91 90 83 84 86 93 92 83 93 93 89 84 88 91 90 89 97 84 88 94 88 94 85 87 90 98 89 98 87 91 96 92 102 92 95 95 103 95 95 98 89 96 97 96 99 95 96 99 93 100 104 100 98 94 100 97 100 102 99 100 101 96 100 104 101 103 103 104 105 102 106 100 103 111 114 108 110 104 105 101 106 104 103 106 109 108 108 107 104 109 112 109 118 109 117 113 107 113 111 113 108 112 109 111 110 120 109 120 111 118 109 108 116 115 115 111 119 110 116 123 112 116 114 112 118 117 114 117 116 114 125 119 123 117 126 126 121 121 121 125 119 126 120 121 128 127 131 122 125 126 119 124 126 132 125 122 124 124 126 127 125 122 124 132 128 123 126 133 133 132 133 130 137 134 131 133 127 135 129 128 129 129 133 132 132 130 131 130 139 138 135 136 130 134 135 137 138 142 137 134 139 139 142 137 137 136 133 143 140 142 147 136 143 146 131 141 141 146 144 143 145 138 140 142 141 139 143 136 150 143 151 150 140 144 150 145 146 149 151 145 138 149 155 144 155 150 151 146 148 145 148 143 152 149 148 144 140 145 147 151 155 149 149 148 145 150 151 152 159 148 153 151 153 154 152 155 149 154 159 153 154 156 152 160 155 152 153 161 155 157 158 153 156 154 159 156 158 152 155 159 155 157 159 158 163 159 162 164 160 156 161 167 161 165 158 157 157 165 168 163 156 163 158 167 160 165 157 164 168 170 169 164 166 169 166 166 160 169 164 163 158 170 172 160 164 170 171 161 167 169 166 168 165 163 176 162 168 170 170 162 174 175 170 171 173 171 172 172 170 171 173 177 172 168 167 166 178 178 174 165 174 176 175 169 177 174 174 175 178 178 174 177 173 178 175 173 177 176 176 172 178 176 177
0: 7 21 (23.0)
1: 2 4 5 6 9 14 18 (16.0)
2: 0 16 30 (24.0)
3: 19 24 38 (20.0)
4: 3 22 28 36 (21.0)
5: 8 11 40 (25.0)
6: 1 10 12 34 (22.0)
7: 17 25 26 35 37 54 (19.0)
8: 15 23 31 46 47 58 61 (17.0)
9: 20 29 42 57 (16.0)
10: 27 33 41 43 49 52 (16.0)
11: 13 45 55 56 (20.0)
12: 32 48 75 83 (23.0)
13: 50 53 63 68 (22.0)
14: 44 51 91 (21.0)
15: 60 67 78 (20.0)
16: 71 74 81 (20.0)
17: 39 62 64 73 (22.0)
18: 59 69 (20.0)
19: 66 72 79 (22.0)
20: 70 76 84 90 95 (22.0)
21: 77 82 87 88 98 102 (18.0)
22: 80 85 89 115 (23.0)
23: 100 107 113 (21.0)
24: 65 97 106 110 120 (21.0)
25: 86 93 99 105 114 119 126 (22.0)
26: 94 118 (21.0)
27: 96 139 (31.0)
28: 92 111 123 130 143 (21.0)
29: 104 116 140 (21.0)
30: 101 109 117 125 127 133 (18.0)
31: 108 159 (20.0)
32: 103 128 134 135 156 (22.0)
33: 112 124 142 (24.0)
34: 121 122 131 (21.0)
35: 137 138 154 164 168 (27.0)
36: 129 141 147 150 155 157 162 169 170 177 (18.0)
37: 136 145 151 (22.0)
38: 149 152 158 166 167 173 (22.0)
39: 146 153 160 184 (26.0)
40: 132 163 (24.0)
41: 148 165 178 179 (23.0)
42: 144 171 (23.0)
43: 161 175 176 181 187 (26.0)
44: 185 199 207 (29.0)
45: 183 191 (28.0)
46: 174 194 215 (20.0)
47: 180 190 192 196 (23.0)
48: 210 223 (21.0)
49: 172 188 189 198 (20.0)
50: 182 186 193 201 202 208 (20.0)
51: 200 204 211 (21.0)
52: 203 220 231 (20.0)
53: 195 212 232 (22.0)
54: 205 206 209 213 214 222 225 237 241 (20.0)
55: 197 217 221 234 236 245 250 (23.0)
56: 218 229 251 (20.0)
57: 230 240 253 (24.0)
58: 216 238 239 243 (23.0)
59: 235 242 244 265 (30.0)
60: 219 224 256 (22.0)
61: 262 263 264 (22.0)
62: 226 247 248 257 274 277 (23.0)
63: 227 233 258 267 276 282 (23.0)
64: 246 249 261 271 287 (25.0)
65: 228 268 (32.0)
66: 260 266 278 (22.0)
67: 252 254 255 269 295 (24.0)
68: 270 283 284 286 (21.0)
69: 272 275 296 (22.0)
70: 281 289 311 (25.0)
71: 259 273 (25.0)
72: 279 280 298 299 (22.0)
73: 290 291 315 321 326 (22.0)
74: 297 300 (20.0)
75: 292 316 (21.0)
76: 288 305 310 (23.0)
77: 285 312 313 319 (23.0)
78: 293 294 303 307 327 (21.0)
79: 302 304 309 318 323 334 (23.0)
80: 306 320 325 (24.0)
81: 301 322 330 333 343 (24.0)
82: 308 324 329 331 (23.0)
83: 314 338 349 354 (25.0)
84: 336 340 350 358 364 (28.0)
85: 332 335 344 369 (28.0)
86: 317 328 345 351 (30.0)
87: 337 342 370 375 (25.0)
88: 359 365 367 (30.0)
89: 341 346 357 362 373 387 (30.0)
90: 339 348 361 371 (29.0)
91: 347 360 376 (30.0)
92: 353 378 380 (25.0)
93: 352 355 356 395 (21.0)
94: 366 368 400 (24.0)
95: 381 382 384 385 392 (23.0)
96: 377 388 390 393 408 (22.0)
97: 363 389 402 (24.0)
98: 372 374 386 399 (23.0)
99: 391 394 405 (29.0)
100: 396 398 401 403 406 409 418 (27.0)
101: 407 411 426 (23.0)
102: 379 404 416 (23.0)
103: 383 412 413 419 429 (29.0)
104: 397 410 414 424 428 435 (22.0)
105: 415 425 (21.0)
106: 417 427 430 (30.0)
107: 434 443 (21.0)
108: 422 432 433 447 458 (28.0)
109: 431 436 438 440 449 453 457 (26.0)
110: 423 451 464 (30.0)
111: 420 445 450 455 462 (25.0)
112: 437 448 467 470 (20.0)
113: 442 444 446 (26.0)
114: 421 469 473 476 (30.0)
115: 460 461 (22.0)
116: 459 465 468 475 (30.0)
117: 441 472 474 480 (23.0)
118: 439 456 471 (27.0)
119: 463 478 487 497 (27.0)
120: 452 454 489 (21.0)
121: 483 484 485 490 (28.0)
122: 494 502 508 (30.0)
123: 466 479 512 (27.0)
124: 498 503 504 509 (30.0)
125: 477 486 495 501 507 (25.0)
126: 481 482 488 496 499 505 513 (27.0)
127: 492 506 523 (26.0)
128: 491 511 526 (22.0)
129: 525 527 528 (30.0)
130: 518 532 534 539 (25.0)
131: 493 521 533 561 (29.0)
132: 500 510 516 530 531 (22.0)
133: 514 515 517 522 529 553 (21.0)
134: 520 540 546 (24.0)
135: 524 537 541 (22.0)
136: 538 552 558 574 (27.0)
137: 519 542 545 550 551 (28.0)
138: 536 543 568 587 (28.0)
139: 535 547 548 572 (22.0)
140: 555 569 579 603 (29.0)
141: 562 563 571 (30.0)
142: 544 549 556 570 (30.0)
143: 554 559 566 573 576 598 (30.0)
144: 565 580 590 602 (30.0)
145: 567 582 586 596 604 611 (30.0)
146: 560 564 583 594 (30.0)
147: 557 605 (33.0)
148: 595 597 601 610 616 (30.0)
149: 584 588 600 608 609 623 (30.0)
150: 575 578 581 592 612 (26.0)
151: 577 585 593 606 613 618 (30.0)
152: 599 614 621 629 632 644 (30.0)
153: 617 619 626 633 638 (31.0)
154: 620 624 627 640 (30.0)
155: 589 591 607 622 631 635 645 647 (30.0)
156: 628 639 642 656 667 (27.0)
157: 636 648 662 663 673 (30.0)
158: 637 643 650 661 669 687 (30.0)
159: 615 625 641 646 649 652 (30.0)
160: 630 655 671 683 690 (30.0)
161: 634 657 659 694 (30.0)
162: 653 702 706 (30.0)
163: 651 666 668 686 700 (28.0)
164: 654 674 678 685 691 (30.0)
165: 660 664 672 699 726 (30.0)
166: 679 681 682 697 722 (30.0)
167: 658 670 695 721 (30.0)
168: 665 675 698 703 720 (30.0)
169: 677 680 684 696 730 (32.0)
170: 676 688 692 704 705 709 715 (32.0)
171: 693 710 712 716 (31.0)
172: 689 713 714 719 746 (30.0)
173: 711 717 739 742 (30.0)
174: 707 725 727 732 733 737 (27.0)
175: 708 729 734 741 (26.0)
176: 701 728 744 745 748 (30.0)
177: 718 731 738 743 749 (23.0)
178: 723 724 735 736 740 747 (30.0)
