Name: 750-30-50
Time: 44.889007329940796 
Result: 32
Solution:  0 4 1 0 4 2 2 0 1 2 2 5 1 3 0 11 3 2 10 10 4 7 8 3 2 7 6 6 5 2 7 8 9 8 2 8 10 15 7 14 9 11 7 8 7 5 10 12 13 15 12 12 9 10 6 19 13 21 19 17 12 17 18 16 15 11 24 15 15 13 24 17 14 18 18 20 17 18 12 23 16 25 26 18 21 25 24 21 18 24 21 31 28 29 23 31 27 22 21 19 20 19 28 26 18 34 23 24 33 25 33 25 22 27 34 22 26 30 29 35 30 30 31 30 36 36 30 29 31 27 30 32 34 34 29 31 37 24 26 29 34 38 30 34 28 33 34 32 35 32 32 40 36 37 36 38 40 37 33 39 38 36 36 41 40 40 36 42 34 37 35 46 41 40 41 44 37 46 37 41 40 38 42 48 43 48 44 40 41 41 47 41 40 46 46 39 48 44 44 46 43 42 55 43 43 43 47 52 50 45 45 50 50 53 40 50 53 50 51 52 46 49 55 50 50 49 54 52 54 49 53 53 61 54 54 50 54 53 58 51 52 54 60 48 51 48 57 54 56 55 63 56 62 55 61 58 64 58 59 59 58 57 54 59 56 60 52 60 54 59 62 57 54 57 55 66 64 54 59 55 69 62 63 58 65 65 63 63 61 56 62 58 71 62 63 68 65 57 60 72 65 70 60 64 69 69 60 64 66 64 67 70 65 67 68 64 66 69 68 70 70 70 63 75 73 72 63 71 71 68 75 73 70 74 73 75 69 73 77 79 67 76 72 74 74 71 72 77 80 75 76 78 72 81 71 85 79 76 78 75 76 78 78 84 81 80 78 82 79 83 77 77 84 81 80 74 81 78 81 87 82 79 79 90 79 80 89 83 89 84 85 85 80 92 83 87 88 86 90 86 91 82 77 84 83 84 92 87 85 78 86 88 89 86 83 82 89 86 89 94 90 89 87 89 91 84 97 96 89 91 85 96 92 85 98 93 96 86 93 95 102 100 92 96 93 88 96 94 92 96 90 94 87 90 99 100 96 99 97 100 92 98 96 104 89 101 96 102 102 97 105 99 97 95 103 98 100 107 95 95 99 106 100 103 97 97 105 112 98 99 106 106 100 112 107 102 103 101 102 100 105 101 106 108 108 104 106 99 110 109 104 103 107 106 111 110 110 111 107 108 114 103 107 108 107 111 110 114 118 112 109 111 109 113 108 119 115 115 113 113 118 117 115 120 111 113 120 115 114 120 116 111 111 114 112 116 117 118 117 119 123 118 118 110 122 121 124 126 122 112 115 124 123 116 117 122 118 121 118 113 124 122 127 122 128 119 124 121 129 127 120 123 121 123 124 125 133 125 125 126 131 125 123 131 127 123 133 125 127 125 119 133 128 124 129 136 129 127 132 121 134 122 130 127 121 137 131 131 133 130 130 130 130 137 132 129 125 133 132 142 134 132 134 129 135 134 143 138 138 133 131 134 127 135 128 136 136 131 138 140 138 139 138 133 145 137 143 132 135 139 142 142 145 135 140 136 144 137 143 147 146 141 142 141 139 143 143 143 145 148 141 141 143 150 144 141 143 145 146 144 152 150 139 144 142 146 149 147 155 145 144 144 152 147 147 146 142 150 149 148 152 153 148 153 149 148 151 149 143 150 148 150 151 152 145 149 152 154 149 154 154 146 155 154 153 155 152 153 155 151
0: 0 3 7 14 (32.0)
1: 2 8 12 (31.0)
2: 5 6 9 10 17 24 29 34 (28.0)
3: 13 16 23 (31.0)
4: 1 4 20 (30.0)
5: 11 28 45 (33.0)
6: 26 27 54 (30.0)
7: 21 25 30 38 42 44 (20.0)
8: 22 31 33 35 43 (30.0)
9: 32 40 52 (33.0)
10: 18 19 36 46 53 (32.0)
11: 15 41 65 (40.0)
12: 47 50 51 60 78 (31.0)
13: 48 56 69 (32.0)
14: 39 72 (30.0)
15: 37 49 64 67 68 (33.0)
16: 63 80 (30.0)
17: 59 61 71 76 (30.0)
18: 62 73 74 77 83 88 104 (34.0)
19: 55 58 99 101 (31.0)
20: 75 100 (35.0)
21: 57 84 87 90 98 (35.0)
22: 97 112 115 (30.0)
23: 79 94 106 (33.0)
24: 66 70 86 89 107 137 (37.0)
25: 81 85 109 111 (30.0)
26: 82 103 116 138 (37.0)
27: 96 113 129 (36.0)
28: 92 102 144 (42.0)
29: 93 118 127 134 139 (36.0)
30: 117 120 121 123 126 130 142 (33.0)
31: 91 95 122 128 135 (32.0)
32: 131 147 149 150 (35.0)
33: 108 110 145 158 (32.0)
34: 105 114 132 133 140 143 146 168 (30.0)
35: 119 148 170 (32.0)
36: 124 125 152 154 161 162 166 (33.0)
37: 136 153 157 169 176 178 (34.0)
38: 141 155 160 181 (38.0)
39: 159 195 (31.0)
40: 151 156 164 165 173 180 187 192 214 (32.0)
41: 163 172 174 179 188 189 191 (34.0)
42: 167 182 201 (35.0)
43: 184 200 203 204 205 (32.0)
44: 175 186 197 198 (32.0)
45: 209 210 (33.0)
46: 171 177 193 194 199 220 (33.0)
47: 190 206 (40.0)
48: 183 185 196 243 245 (34.0)
49: 221 225 229 (36.0)
50: 208 211 212 215 217 223 224 235 (33.0)
51: 218 239 244 (34.0)
52: 207 219 227 240 266 (32.0)
53: 213 216 230 231 237 (36.0)
54: 226 228 233 234 236 241 247 262 268 272 277 (33.0)
55: 202 222 249 253 274 279 (33.0)
56: 248 251 264 289 (34.0)
57: 246 261 271 273 297 (34.0)
58: 238 255 257 260 283 291 (36.0)
59: 258 259 263 269 278 (37.0)
60: 242 265 267 298 302 306 (34.0)
61: 232 254 288 (41.0)
62: 252 270 281 290 293 (41.0)
63: 250 282 286 287 294 322 326 (36.0)
64: 256 276 303 307 309 315 (40.0)
65: 284 285 296 300 312 (46.0)
66: 275 308 316 (50.0)
67: 310 313 340 (34.0)
68: 295 314 318 329 (43.0)
69: 280 304 305 317 336 (38.0)
70: 301 311 319 320 321 332 (37.0)
71: 292 327 328 345 354 (44.0)
72: 299 325 342 346 352 (44.0)
73: 324 331 334 337 (35.0)
74: 333 343 344 375 (38.0)
75: 323 330 335 349 359 (38.0)
76: 341 350 357 360 (43.0)
77: 338 347 370 371 402 (39.0)
78: 351 358 361 362 366 377 409 (41.0)
79: 339 356 368 381 382 384 (46.0)
80: 348 365 374 385 392 (40.0)
81: 353 364 373 376 378 (50.0)
82: 367 380 401 415 (47.0)
83: 369 387 394 404 414 (50.0)
84: 363 372 389 403 405 425 (50.0)
85: 355 390 391 408 430 433 (45.0)
86: 397 399 410 413 417 437 (48.0)
87: 379 395 407 422 452 (40.0)
88: 396 411 445 (38.0)
89: 386 388 412 416 418 421 423 428 464 (44.0)
90: 383 398 420 450 453 (35.0)
91: 400 424 429 (37.0)
92: 393 406 432 442 448 460 (39.0)
93: 435 438 444 (48.0)
94: 419 447 451 (45.0)
95: 439 473 478 479 (34.0)
96: 427 431 436 443 446 449 456 462 466 (36.0)
97: 426 458 469 472 484 485 (37.0)
98: 434 461 475 488 (39.0)
99: 454 457 471 480 489 507 (35.0)
100: 441 455 459 476 482 492 499 (48.0)
101: 465 497 501 (39.0)
102: 440 467 468 495 498 (49.0)
103: 474 483 496 511 521 (50.0)
104: 463 505 510 (47.0)
105: 470 486 500 (41.0)
106: 481 490 491 502 506 513 (46.0)
107: 477 494 512 518 522 524 (39.0)
108: 503 504 519 523 534 (36.0)
109: 509 530 532 (48.0)
110: 508 515 516 526 563 (40.0)
111: 514 517 525 531 544 551 552 (46.0)
112: 487 493 529 554 569 (50.0)
113: 533 538 539 545 579 (50.0)
114: 520 527 548 553 (50.0)
115: 536 537 542 547 570 (50.0)
116: 550 555 573 (50.0)
117: 541 556 558 574 (37.0)
118: 528 540 557 561 562 576 578 (47.0)
119: 535 559 585 610 (50.0)
120: 543 546 549 590 (42.0)
121: 565 577 587 592 619 624 (44.0)
122: 564 568 575 581 583 621 (46.0)
123: 560 572 591 593 602 605 (46.0)
124: 566 571 580 586 594 613 (45.0)
125: 595 597 598 601 607 609 636 (49.0)
126: 567 599 (50.0)
127: 582 589 604 608 617 623 652 (51.0)
128: 584 612 654 (50.0)
129: 588 614 616 635 643 (50.0)
130: 622 629 630 631 632 (50.0)
131: 600 603 626 627 650 657 (50.0)
132: 618 634 638 641 667 (39.0)
133: 596 606 611 628 637 649 663 (46.0)
134: 620 640 642 645 651 (50.0)
135: 644 653 668 673 (50.0)
136: 615 655 656 675 (50.0)
137: 625 633 665 677 (51.0)
138: 647 648 658 660 662 (50.0)
139: 661 669 684 702 (51.0)
140: 659 674 (51.0)
141: 681 683 690 691 695 (52.0)
142: 639 670 671 682 704 716 (50.0)
143: 646 666 678 685 686 687 692 696 728 (48.0)
144: 676 694 699 703 710 711 (50.0)
145: 664 672 688 697 709 734 (50.0)
146: 680 698 705 715 741 (50.0)
147: 679 707 713 714 (50.0)
148: 689 719 722 725 730 (50.0)
149: 706 718 724 727 735 738 (50.0)
150: 693 701 717 729 731 (50.0)
151: 726 732 749 (50.0)
152: 700 712 720 733 736 746 (50.0)
153: 721 723 744 747 (44.0)
154: 737 739 740 743 (48.0)
155: 708 742 745 748 (44.0)
