Name: 750-50-100
Time: 43.600959062576294 
Result: 56
Solution:  1 2 0 3 0 2 3 2 1 0 3 7 10 7 4 3 0 9 6 2 2 1 4 4 1 6 3 6 9 13 7 5 6 3 1 7 4 10 11 6 3 5 15 6 8 15 8 12 9 5 2 9 2 12 9 10 16 15 10 8 12 12 10 15 13 14 12 10 8 11 15 6 15 8 11 15 17 11 12 20 18 15 19 18 12 19 14 24 11 19 23 19 15 15 17 19 15 15 20 27 18 27 20 12 14 22 19 20 29 16 21 15 19 21 27 16 15 15 31 25 26 15 27 23 24 24 24 26 24 24 21 23 25 26 18 24 25 28 33 23 28 24 28 28 26 31 28 27 27 22 28 28 29 33 30 30 21 30 28 28 32 31 30 28 28 32 37 29 34 27 30 28 32 41 36 34 33 36 26 34 29 34 35 28 37 37 39 34 36 34 40 40 32 31 33 40 35 41 33 40 37 35 34 41 36 36 37 36 35 35 43 40 39 38 40 42 48 39 38 38 41 42 44 38 40 48 36 39 42 38 40 45 37 38 43 50 46 41 43 44 40 50 45 46 51 47 37 38 52 45 44 43 47 47 46 45 41 52 44 47 49 56 48 49 46 50 42 50 55 45 57 48 50 45 49 44 54 47 47 49 52 54 51 44 56 48 49 45 53 52 53 55 45 59 54 52 50 52 53 51 53 54 57 46 63 54 50 55 56 49 54 53 49 56 61 53 59 52 56 50 56 58 60 60 58 50 57 54 59 59 54 58 64 53 61 61 55 60 66 60 52 58 59 59 68 65 58 63 59 56 60 61 58 67 65 60 66 60 59 65 62 64 64 60 62 70 62 62 62 67 62 61 68 60 64 69 64 63 69 71 65 64 68 66 67 71 65 74 63 66 76 66 69 68 66 63 67 70 73 70 69 77 73 71 72 77 73 71 72 77 70 68 73 70 71 72 70 78 68 72 73 76 74 66 75 72 77 71 78 75 80 71 76 77 79 76 78 71 75 80 77 74 73 84 79 83 81 75 80 78 81 73 74 79 80 85 79 81 82 80 80 74 86 74 86 84 72 73 81 80 89 91 83 82 79 85 88 83 76 80 76 87 77 83 86 84 84 87 78 83 82 90 84 86 87 83 83 83 87 81 89 89 82 85 85 83 82 84 94 83 95 96 98 86 90 88 94 98 96 87 94 93 89 87 91 82 88 95 93 91 95 89 88 89 94 93 98 87 92 94 94 101 86 94 101 90 97 91 97 94 101 92 92 97 89 97 98 99 94 90 100 95 98 91 98 99 98 98 96 97 99 101 100 99 101 96 104 100 106 99 106 95 104 102 98 102 100 104 109 103 102 98 98 99 102 106 99 97 106 105 99 103 110 108 104 112 111 101 105 100 101 112 106 105 108 100 112 108 107 102 111 101 106 108 109 102 107 107 102 105 105 107 108 111 107 107 110 110 114 103 111 108 119 111 111 112 105 114 109 116 112 114 113 117 106 108 111 117 112 114 116 114 113 120 111 120 116 113 119 117 117 117 112 111 113 116 114 115 122 117 115 115 119 110 119 112 116 113 121 113 116 123 123 119 115 112 120 120 125 118 121 127 118 115 122 125 128 115 121 127 123 127 128 126 125 124 122 121 122 118 125 128 127 127 126 125 127 127 128 124 128 122 124 126 128 128 126 122 124 124 123 121 124 127 121 123 124 119 128 128
0: 2 4 9 16 (57.0)
1: 0 8 21 24 34 (50.0)
2: 1 5 7 19 20 50 52 (55.0)
3: 3 6 10 15 26 33 40 (63.0)
4: 14 22 23 36 (56.0)
5: 31 41 49 (55.0)
6: 18 25 27 32 39 43 71 (75.0)
7: 11 13 30 35 (64.0)
8: 44 46 59 68 73 (50.0)
9: 17 28 48 51 54 (56.0)
10: 12 37 55 58 62 67 (51.0)
11: 38 69 74 77 88 (57.0)
12: 47 53 60 61 66 78 84 103 (51.0)
13: 29 64 (52.0)
14: 65 86 104 (50.0)
15: 42 45 57 63 70 72 75 81 92 93 96 97 111 116 117 121 (44.0)
16: 56 109 115 (52.0)
17: 76 94 (58.0)
18: 80 83 100 134 (55.0)
19: 82 85 89 91 95 106 112 (56.0)
20: 79 98 102 107 (57.0)
21: 110 113 130 156 (65.0)
22: 105 149 (50.0)
23: 90 123 131 139 (57.0)
24: 87 124 125 126 128 129 135 141 (62.0)
25: 119 132 136 (52.0)
26: 120 127 133 144 178 (50.0)
27: 99 101 114 122 147 148 169 (56.0)
28: 137 140 142 143 146 150 151 158 159 163 164 171 183 (50.0)
29: 108 152 167 180 (55.0)
30: 154 155 157 162 170 (56.0)
31: 118 145 161 193 (54.0)
32: 160 165 172 192 (55.0)
33: 138 153 176 194 198 (72.0)
34: 168 175 179 181 187 189 202 (73.0)
35: 182 196 201 208 209 (61.0)
36: 174 177 188 204 205 207 226 (63.0)
37: 166 184 185 200 206 232 246 (60.0)
38: 213 218 219 223 229 233 247 (58.0)
39: 186 212 217 227 (68.0)
40: 190 191 195 199 211 214 224 230 240 (88.0)
41: 173 197 203 220 237 256 (86.0)
42: 215 221 228 266 (64.0)
43: 210 234 238 251 (65.0)
44: 222 239 250 258 275 283 (69.0)
45: 231 242 249 255 269 273 287 292 (66.0)
46: 236 243 254 264 303 (55.0)
47: 245 252 253 259 277 278 (71.0)
48: 216 225 262 271 285 (69.0)
49: 260 263 274 279 286 309 312 (68.0)
50: 235 241 265 267 272 296 306 319 325 (84.0)
51: 244 282 299 (76.0)
52: 248 257 280 289 295 297 317 340 (84.0)
53: 288 290 298 300 311 315 333 (97.0)
54: 276 281 294 301 305 310 327 330 (98.0)
55: 268 291 307 336 (71.0)
56: 261 284 308 313 318 320 349 (66.0)
57: 270 302 326 (54.0)
58: 321 324 331 341 346 352 (69.0)
59: 293 316 328 329 342 343 348 358 (100.0)
60: 322 323 337 339 350 355 357 363 373 (69.0)
61: 314 334 335 351 371 (66.0)
62: 360 364 366 367 368 370 (96.0)
63: 304 347 377 388 395 (59.0)
64: 332 361 362 374 376 381 (66.0)
65: 345 354 359 380 386 (73.0)
66: 338 356 383 389 391 394 423 (84.0)
67: 353 369 384 396 (65.0)
68: 344 372 382 393 411 418 (81.0)
69: 375 378 392 400 (60.0)
70: 365 397 399 410 413 416 (70.0)
71: 379 385 403 407 414 427 431 437 (87.0)
72: 404 408 415 419 425 466 (100.0)
73: 398 402 406 412 420 442 451 467 (81.0)
74: 387 422 441 452 461 463 (74.0)
75: 424 429 438 447 (67.0)
76: 390 421 432 435 478 480 (96.0)
77: 401 405 409 426 433 440 482 (100.0)
78: 417 428 436 449 488 (75.0)
79: 434 444 453 456 474 (100.0)
80: 430 439 448 454 459 460 469 479 (96.0)
81: 446 450 457 468 499 (75.0)
82: 458 473 490 502 506 525 (65.0)
83: 445 472 477 483 489 495 496 497 505 509 (98.0)
84: 443 465 485 486 492 507 (99.0)
85: 455 475 503 504 (100.0)
86: 462 464 484 493 513 542 (75.0)
87: 481 487 494 498 519 523 537 (99.0)
88: 476 515 526 532 (67.0)
89: 470 500 501 522 531 533 554 (95.0)
90: 491 514 545 559 (75.0)
91: 471 524 529 547 563 (84.0)
92: 538 551 552 (64.0)
93: 521 528 535 (67.0)
94: 508 516 520 534 539 540 543 549 558 (99.0)
95: 510 527 530 561 581 (81.0)
96: 511 518 568 575 (77.0)
97: 546 548 553 555 569 597 (69.0)
98: 512 517 536 556 562 564 566 567 584 591 592 (100.0)
99: 557 565 570 573 579 593 596 600 (90.0)
100: 560 572 577 586 609 615 (75.0)
101: 541 544 550 571 574 607 610 621 (82.0)
102: 583 585 590 594 619 625 628 (81.0)
103: 589 601 639 (100.0)
104: 576 582 587 604 (100.0)
105: 599 608 613 629 630 646 (100.0)
106: 578 580 595 598 612 622 654 (100.0)
107: 618 626 627 631 634 635 (100.0)
108: 603 614 617 623 632 641 655 (100.0)
109: 588 624 648 (100.0)
110: 602 636 637 683 (99.0)
111: 606 620 633 640 643 644 656 664 673 (95.0)
112: 605 611 616 645 650 658 672 685 695 (94.0)
113: 652 662 667 674 687 689 (98.0)
114: 638 647 651 659 661 676 (100.0)
115: 677 680 681 694 703 707 (88.0)
116: 649 660 666 675 686 690 (100.0)
117: 653 657 669 670 671 679 (100.0)
118: 699 702 719 (100.0)
119: 642 668 682 684 693 747 (100.0)
120: 663 665 696 697 (99.0)
121: 688 700 708 717 741 744 (82.0)
122: 678 704 716 718 731 737 (100.0)
123: 691 692 710 740 745 (92.0)
124: 715 729 732 738 739 742 746 (100.0)
125: 698 705 714 720 725 (97.0)
126: 713 724 733 736 (78.0)
127: 701 709 711 722 723 726 727 743 (99.0)
128: 706 712 721 728 730 734 735 748 749 (99.0)
