Name: 100-50-100
Time: 8.316639184951782 
Result: 23
Solution:  2 0 3 5 1 0 4 5 3 2 0 0 1 6 0 3 4 5 4 3 8 5 3 6 2 2 6 5 8 5 9 7 6 8 4 11 12 12 14 9 16 4 10 1 10 14 4 9 8 8 8 9 4 7 11 13 13 12 14 10 13 14 14 17 7 16 12 11 10 19 24 21 14 18 17 11 20 23 19 19 20 22 16 21 15 15 24 16 18 16 20 18 23 21 15 23 24 24 24 22
0 : [1, 5, 10, 11, 14] (65.0)
1 : [4, 12, 43] (69.0)
2 : [0, 9, 24, 25] (65.0)
3 : [2, 8, 15, 19, 22] (62.0)
4 : [6, 16, 18, 34, 41, 46, 52] (62.0)
5 : [3, 7, 17, 21, 27, 29] (64.0)
6 : [13, 23, 26, 32] (64.0)
7 : [31, 53, 64] (66.0)
8 : [20, 28, 33, 48, 49, 50] (67.0)
9 : [30, 39, 47, 51] (70.0)
10 : [42, 44, 59, 68] (70.0)
11 : [35, 54, 67, 75] (85.0)
12 : [36, 37, 57, 66] (70.0)
13 : [55, 56, 60] (64.0)
14 : [38, 45, 58, 61, 62, 72] (72.0)
15 : [84, 85, 94] (71.0)
16 : [40, 65, 82, 87, 89] (79.0)
17 : [63, 74] (67.0)
18 : [73, 88, 91] (78.0)
19 : [69, 78, 79] (85.0)
20 : [76, 80, 90] (79.0)
21 : [71, 83, 93] (82.0)
22 : [81, 99] (76.0)
23 : [77, 92, 95] (85.0)
24 : [70, 86, 96, 97, 98] (76.0)
