Name: 1000-50-100
Time: 104.2361946105957 
Result: 50
Solution:  1 2 5 0 3 0 0 3 1 2 5 6 1 2 9 5 4 0 6 2 5 5 4 4 1 3 6 6 12 5 9 13 3 6 4 6 0 5 5 7 8 8 15 12 15 3 6 5 8 3 12 7 12 9 6 11 12 15 6 12 14 20 16 13 13 16 11 18 16 17 17 16 9 17 10 15 14 16 15 10 18 16 24 14 17 20 15 26 25 16 23 15 15 15 19 13 21 16 15 17 21 15 14 19 18 22 21 20 25 21 22 20 16 27 18 30 17 26 20 25 24 19 21 23 18 25 24 28 25 19 28 24 30 28 30 34 28 29 31 24 26 31 30 32 26 32 32 28 35 23 37 32 32 34 29 31 33 26 27 32 30 24 33 25 27 27 27 32 37 29 33 34 35 36 32 35 44 36 27 31 37 37 36 39 40 42 37 37 34 40 37 37 32 39 41 42 35 39 45 33 38 31 39 39 36 43 39 34 40 44 42 42 38 44 42 47 48 46 48 39 39 44 47 47 40 41 49 40 45 41 38 40 42 44 50 52 47 54 49 45 43 56 47 48 46 40 47 47 51 50 49 46 52 46 54 50 51 48 45 46 53 51 49 54 53 58 49 54 61 47 56 52 46 54 46 57 52 47 55 53 48 54 55 53 52 55 57 52 60 58 61 51 57 57 62 59 63 55 66 64 64 53 57 61 56 62 55 60 64 61 62 59 60 60 62 65 62 57 63 65 57 63 67 65 60 69 60 65 62 62 63 71 66 64 66 71 63 68 67 64 70 61 70 68 65 67 66 69 68 66 68 68 64 74 72 71 73 66 74 71 70 73 76 66 74 72 73 76 76 73 72 73 76 80 77 75 73 79 81 72 72 78 75 74 72 76 75 81 79 77 85 83 78 80 79 79 78 76 85 77 80 78 77 85 84 84 78 80 84 86 74 74 80 74 81 82 87 78 80 77 82 79 88 87 75 83 81 85 87 87 82 81 92 90 83 82 87 95 84 80 91 90 89 94 81 91 91 85 92 86 95 89 94 95 93 93 92 92 82 85 88 86 89 87 95 92 87 91 96 88 91 91 91 93 96 99 89 98 99 92 95 94 94 96 94 96 98 95 97 98 101 101 95 95 94 96 99 98 102 100 94 104 99 102 97 104 105 101 100 103 99 97 102 102 105 103 102 101 99 109 103 96 104 106 100 109 101 105 102 104 106 106 106 98 107 105 108 104 110 108 110 102 108 105 110 104 107 114 115 115 113 104 113 110 110 110 115 112 111 110 108 111 106 111 112 111 111 112 112 116 115 119 107 113 114 115 113 118 115 116 114 114 113 114 115 113 116 119 111 116 118 116 120 117 120 110 117 118 117 116 113 123 116 119 118 115 120 126 121 122 121 118 122 123 120 123 122 120 119 127 117 117 127 122 130 122 124 121 125 118 117 122 129 126 126 116 124 124 124 124 129 125 118 121 129 128 128 128 129 124 130 125 131 133 134 123 127 128 134 126 124 126 133 130 129 127 128 129 138 135 130 131 128 125 131 130 133 131 129 127 133 132 129 132 128 133 134 132 135 131 134 129 137 139 136 131 134 126 134 138 139 141 140 138 139 131 139 138 135 137 143 137 137 135 137 136 137 138 139 138 139 142 135 134 141 133 141 137 140 131 145 143 133 147 138 143 140 143 142 135 147 132 141 140 140 142 135 148 139 144 144 149 145 141 140 143 151 136 137 144 146 144 144 149 141 146 141 143 153 151 143 147 145 144 153 152 149 142 151 151 146 147 154 149 148 151 145 150 150 152 143 149 155 148 149 144 149 144 146 151 150 152 161 148 150 159 155 156 151 146 153 154 152 152 154 150 155 157 158 161 161 156 153 159 155 153 159 155 154 158 157 156 151 158 160 153 160 164 154 158 163 158 156 152 157 162 159 159 157 156 160 163 160 162 160 162 154 165 163 160 168 152 160 158 165 169 162 153 157 164 154 159 165 168 162 165 170 159 169 161 164 165 162 161 164 163 159 166 168 161 168 169 165 166 165 167 167 169 164 172 164 161 166 173 170 163 166 161 164 167 166 169 169 171 168 171 176 169 167 170 167 171 177 170 175 167 167 173 176 168 171 175 169 174 172 175 177 170 176 171 173 177 174 174 172 171 170 178 168 176 173 180 182 175 173 182 177 183 175 172 176 176 178 178 182 179 180 180 178 179 181 183 178 172 174 173 183 179 181 180 181 181 181 176 179 180 181 182 177 182 183 183 184 183 184 184 182 184 181 184
0 : [3, 5, 6, 17, 36] (51.0)
1 : [0, 8, 12, 24] (52.0)
2 : [1, 9, 13, 19] (50.0)
3 : [4, 7, 25, 32, 45, 49] (53.0)
4 : [16, 22, 23, 34] (51.0)
5 : [2, 10, 15, 20, 21, 29, 37, 38, 47] (51.0)
6 : [11, 18, 26, 27, 33, 35, 46, 54, 58] (50.0)
7 : [39, 51] (54.0)
8 : [40, 41, 48] (51.0)
9 : [14, 30, 53, 72] (50.0)
10 : [74, 79] (64.0)
11 : [55, 66] (53.0)
12 : [28, 43, 50, 52, 56, 59] (50.0)
13 : [31, 63, 64, 95] (55.0)
14 : [60, 76, 83, 102] (54.0)
15 : [42, 44, 57, 75, 78, 86, 91, 92, 93, 98, 101] (50.0)
16 : [62, 65, 68, 71, 77, 81, 89, 97, 112] (52.0)
17 : [69, 70, 73, 84, 99, 116] (55.0)
18 : [67, 80, 104, 114, 124] (52.0)
19 : [94, 103, 121, 129] (50.0)
20 : [61, 85, 107, 111, 118] (52.0)
21 : [96, 100, 106, 109, 122] (63.0)
22 : [105, 110] (66.0)
23 : [90, 123, 149] (56.0)
24 : [82, 120, 126, 131, 139, 161] (52.0)
25 : [88, 108, 119, 125, 128, 163] (60.0)
26 : [87, 117, 140, 144, 157] (52.0)
27 : [113, 158, 164, 165, 166, 178] (50.0)
28 : [127, 130, 133, 136, 147] (59.0)
29 : [137, 154, 169] (58.0)
30 : [115, 132, 134, 142, 160] (57.0)
31 : [138, 141, 155, 179, 201] (61.0)
32 : [143, 145, 146, 151, 152, 159, 167, 174, 192] (68.0)
33 : [156, 162, 170, 199] (57.0)
34 : [135, 153, 171, 188, 207] (70.0)
35 : [148, 172, 175, 196] (53.0)
36 : [173, 177, 182, 204] (58.0)
37 : [150, 168, 180, 181, 186, 187, 190, 191] (63.0)
38 : [200, 212, 230] (63.0)
39 : [183, 193, 197, 202, 203, 206, 219, 220] (82.0)
40 : [184, 189, 208, 224, 227, 231, 245] (82.0)
41 : [194, 225, 229] (58.0)
42 : [185, 195, 210, 211, 214, 232] (64.0)
43 : [205, 240] (59.0)
44 : [176, 209, 213, 221, 233] (65.0)
45 : [198, 228, 239, 258] (61.0)
46 : [217, 244, 251, 253, 259, 272, 274] (62.0)
47 : [215, 222, 223, 236, 242, 246, 247, 269, 277] (56.0)
48 : [216, 218, 243, 257, 280] (58.0)
49 : [226, 238, 250, 262, 266] (63.0)
50 : [234, 249, 255] (57.0)
51 : [248, 256, 261, 291] (52.0)
52 : [235, 252, 271, 276, 284, 287] (70.0)
53 : [260, 264, 279, 283, 301] (62.0)
54 : [237, 254, 263, 267, 273, 281] (50.0)
55 : [278, 282, 285, 297, 306] (66.0)
56 : [241, 270, 304] (63.0)
57 : [275, 286, 292, 293, 302, 317, 320] (78.0)
58 : [265, 289] (55.0)
59 : [295, 311] (52.0)
60 : [288, 307, 312, 313, 324, 326] (64.0)
61 : [268, 290, 303, 309, 341] (61.0)
62 : [294, 305, 310, 314, 316, 328, 329] (59.0)
63 : [296, 318, 321, 330, 336] (66.0)
64 : [299, 300, 308, 333, 339, 352] (59.0)
65 : [315, 319, 323, 327, 344] (69.0)
66 : [298, 332, 334, 346, 349, 357, 363] (79.0)
67 : [322, 338, 345] (73.0)
68 : [337, 343, 348, 350, 351] (63.0)
69 : [325, 347] (71.0)
70 : [340, 342, 360] (55.0)
71 : [331, 335, 355, 359] (70.0)
72 : [354, 365, 370, 379, 380, 384] (69.0)
73 : [356, 361, 366, 369, 371, 376] (69.0)
74 : [353, 358, 364, 383, 410, 411, 413] (82.0)
75 : [375, 382, 386, 424] (70.0)
76 : [362, 367, 368, 372, 385, 397] (71.0)
77 : [374, 389, 399, 402, 419] (77.0)
78 : [381, 392, 396, 401, 406, 417] (81.0)
79 : [377, 388, 394, 395, 421] (76.0)
80 : [373, 393, 400, 407, 412, 418, 439] (71.0)
81 : [378, 387, 414, 426, 431, 444] (87.0)
82 : [415, 420, 430, 435, 458] (70.0)
83 : [391, 425, 434] (60.0)
84 : [404, 405, 408, 438] (74.0)
85 : [390, 398, 403, 427, 447, 459] (70.0)
86 : [409, 449, 461] (61.0)
87 : [416, 423, 428, 429, 436, 463, 466] (74.0)
88 : [422, 460, 469] (87.0)
89 : [442, 451, 462, 476] (58.0)
90 : [433, 441] (50.0)
91 : [440, 445, 446, 467, 470, 471, 472] (78.0)
92 : [432, 448, 456, 457, 465, 479] (54.0)
93 : [454, 455, 473] (63.0)
94 : [443, 452, 481, 482, 484, 494, 500] (91.0)
95 : [437, 450, 453, 464, 480, 487, 492, 493] (70.0)
96 : [468, 474, 483, 485, 495, 521] (57.0)
97 : [488, 504, 511] (57.0)
98 : [477, 486, 489, 497, 533] (58.0)
99 : [475, 478, 496, 502, 510, 518] (74.0)
100 : [499, 508, 524] (87.0)
101 : [490, 491, 507, 517, 526] (79.0)
102 : [498, 503, 512, 513, 516, 528, 541] (63.0)
103 : [509, 515, 520] (78.0)
104 : [501, 505, 522, 529, 537, 545, 551] (99.0)
105 : [506, 514, 527, 535, 543] (93.0)
106 : [523, 530, 531, 532, 562] (69.0)
107 : [534, 546, 572] (65.0)
108 : [536, 539, 542, 560] (65.0)
109 : [519, 525] (60.0)
110 : [538, 540, 544, 553, 554, 555, 559, 595] (94.0)
111 : [558, 561, 563, 565, 566, 588] (86.0)
112 : [557, 564, 567, 568] (75.0)
113 : [550, 552, 573, 576, 582, 585, 600] (80.0)
114 : [547, 574, 580, 581, 583] (70.0)
115 : [548, 549, 556, 570, 575, 578, 584, 605] (82.0)
116 : [569, 579, 586, 589, 591, 599, 602, 635] (96.0)
117 : [593, 596, 598, 620, 621, 630] (73.0)
118 : [577, 590, 597, 604, 611, 629, 642] (85.0)
119 : [571, 587, 603, 618] (57.0)
120 : [592, 594, 606, 614, 617] (74.0)
121 : [608, 610, 627, 643] (80.0)
122 : [609, 612, 616, 623, 625, 631] (78.0)
123 : [601, 613, 615, 655] (66.0)
124 : [626, 636, 637, 638, 639, 649, 660] (85.0)
125 : [628, 641, 651, 673] (66.0)
126 : [607, 633, 634, 659, 661, 697] (88.0)
127 : [619, 622, 656, 665, 679] (98.0)
128 : [645, 646, 647, 657, 666, 672, 684] (92.0)
129 : [632, 640, 644, 648, 664, 667, 678, 682, 691] (99.0)
130 : [624, 650, 663, 670, 675] (78.0)
131 : [652, 671, 674, 677, 689, 695, 705, 729] (89.0)
132 : [681, 683, 687, 741] (89.0)
133 : [653, 662, 676, 680, 685, 725, 732] (87.0)
134 : [654, 658, 686, 690, 696, 698, 723] (82.0)
135 : [669, 688, 708, 713, 722, 739, 746] (99.0)
136 : [694, 715, 757] (73.0)
137 : [692, 709, 711, 712, 714, 716, 727, 758] (99.0)
138 : [668, 699, 703, 707, 717, 719, 734] (91.0)
139 : [693, 700, 704, 706, 718, 720, 748] (100.0)
140 : [702, 728, 736, 743, 744, 754] (62.0)
141 : [701, 724, 726, 742, 753, 764, 766] (100.0)
142 : [721, 738, 745, 777] (97.0)
143 : [710, 731, 735, 737, 755, 767, 770, 790] (99.0)
144 : [749, 750, 759, 761, 762, 773, 795, 797] (100.0)
145 : [730, 752, 772, 786] (66.0)
146 : [760, 765, 780, 798, 809] (81.0)
147 : [733, 740, 771, 781] (93.0)
148 : [747, 784, 793, 803] (99.0)
149 : [751, 763, 776, 783, 791, 794, 796] (83.0)
150 : [787, 788, 800, 804, 815] (82.0)
151 : [756, 769, 778, 779, 785, 799, 808, 832] (97.0)
152 : [775, 789, 801, 812, 813, 843, 861] (98.0)
153 : [768, 774, 810, 822, 825, 835, 867] (86.0)
154 : [782, 811, 814, 828, 838, 856, 870] (83.0)
155 : [792, 806, 816, 824, 827] (92.0)
156 : [807, 821, 831, 842, 849] (94.0)
157 : [817, 830, 844, 848, 868] (100.0)
158 : [818, 829, 833, 839, 841, 863] (89.0)
159 : [805, 823, 826, 846, 847, 871, 877, 886] (96.0)
160 : [834, 836, 850, 852, 854, 859, 862] (87.0)
161 : [802, 819, 820, 879, 883, 889, 901, 907] (86.0)
162 : [845, 853, 855, 866, 874, 882] (99.0)
163 : [840, 851, 858, 885, 905] (99.0)
164 : [837, 869, 880, 884, 898, 900, 908] (82.0)
165 : [857, 864, 872, 875, 881, 892, 894] (100.0)
166 : [887, 893, 902, 906, 910] (100.0)
167 : [895, 896, 909, 918, 920, 925, 926] (91.0)
168 : [860, 873, 888, 890, 914, 929, 948] (100.0)
169 : [865, 878, 891, 897, 911, 912, 917, 932] (94.0)
170 : [876, 904, 919, 923, 937, 946] (84.0)
171 : [913, 915, 921, 930, 939, 945] (74.0)
172 : [899, 934, 944, 959, 973] (97.0)
173 : [903, 927, 940, 950, 954, 975] (100.0)
174 : [933, 942, 943, 974] (79.0)
175 : [924, 931, 935, 953, 958] (97.0)
176 : [916, 928, 938, 949, 960, 961, 983] (100.0)
177 : [922, 936, 941, 956, 988] (100.0)
178 : [947, 962, 963, 968, 972] (100.0)
179 : [965, 969, 977, 984] (100.0)
180 : [951, 966, 967, 979, 985] (94.0)
181 : [970, 978, 980, 981, 982, 986, 998] (100.0)
182 : [952, 955, 964, 987, 989, 996] (98.0)
183 : [957, 971, 976, 990, 991, 993] (95.0)
184 : [992, 994, 995, 997, 999] (96.0)
