Name: 1000-20-30
Time: 103.8634307384491 
Result: 13
Solution:  3 0 2 3 6 1 0 1 2 3 6 0 5 5 5 1 3 6 4 9 8 12 1 1 11 2 6 5 9 5 12 4 7 6 5 11 7 9 6 1 8 9 15 10 12 6 13 13 4 16 12 8 19 12 12 5 14 15 13 10 7 9 12 14 17 15 18 10 23 15 17 18 18 24 10 14 20 16 13 16 21 27 21 19 27 24 25 27 20 15 15 23 17 21 15 23 28 28 15 23 20 24 23 26 25 24 24 24 27 26 24 24 25 28 35 29 29 31 29 28 30 33 32 30 32 28 28 30 37 28 31 30 35 39 30 32 32 37 31 31 36 36 39 39 41 42 37 40 37 39 34 34 38 41 36 39 38 43 46 36 34 40 42 38 33 39 40 41 45 41 40 33 45 39 45 37 44 37 44 42 44 47 47 47 48 46 50 46 54 55 44 49 47 40 43 47 51 49 56 47 46 53 46 52 51 50 49 57 53 48 52 53 50 53 60 51 54 56 55 54 58 56 48 48 61 62 59 59 55 54 53 56 57 58 53 58 64 59 56 61 62 67 67 56 70 65 59 63 63 59 62 53 56 56 58 60 68 68 62 64 66 72 69 66 74 67 69 59 66 72 58 65 68 72 68 69 71 77 64 71 73 71 74 65 67 70 70 73 66 68 69 72 69 74 77 73 71 76 69 76 78 75 67 77 75 76 75 82 81 72 74 79 76 79 76 70 82 71 79 86 78 80 81 80 82 81 77 78 83 83 88 76 83 87 81 89 77 87 81 78 86 85 82 84 87 80 86 86 80 88 90 87 95 87 88 90 85 95 90 84 87 85 93 85 90 88 96 89 90 89 95 93 91 91 92 98 91 99 96 102 102 96 95 94 88 100 94 97 96 97 99 92 92 103 96 96 105 100 99 101 97 99 103 95 104 102 100 105 101 102 100 103 97 99 108 100 103 107 108 99 104 106 103 112 98 107 100 109 113 99 100 106 111 109 108 107 112 106 109 100 110 114 106 110 109 102 110 109 115 107 114 104 117 111 116 111 113 106 115 115 116 114 117 119 117 116 118 116 122 119 120 119 122 121 113 110 124 115 115 111 118 120 120 119 122 117 120 121 128 120 118 121 120 123 120 123 118 127 123 121 131 122 128 125 128 124 123 126 126 127 130 127 133 130 127 128 132 125 132 130 135 129 123 130 126 125 133 128 129 128 129 131 131 128 137 137 132 128 135 132 134 133 124 129 131 136 133 130 126 136 127 132 128 132 134 136 139 130 132 138 135 140 134 129 138 128 130 141 135 140 142 131 137 146 134 147 139 139 140 137 143 139 138 141 138 140 146 140 141 138 141 139 139 145 139 144 147 138 145 144 144 145 146 144 141 148 141 143 146 142 142 148 145 148 149 149 143 147 149 149 146 147 147 145 148 152 153 146 144 150 150 147 148 150 151 150 153 149 150 153 152 147 151 154 156 153 152 155 153 151 157 157 155 153 154 155 154 154 155 149 157 156 152 157 160 150 162 152 160 158 155 157 155 166 156 157 162 160 158 161 164 164 164 155 155 169 160 159 158 166 160 158 158 164 159 162 161 165 167 165 161 164 163 168 173 159 163 166 164 168 162 166 169 167 167 163 168 169 167 172 169 167 168 168 169 165 174 169 165 166 171 169 168 166 170 176 163 167 171 171 173 170 173 171 172 171 178 171 172 170 169 177 175 181 176 173 175 172 175 175 174 176 182 183 178 174 176 176 179 173 179 175 179 179 184 178 174 178 178 179 177 178 187 183 180 183 181 180 179 182 183 186 184 179 181 180 184 179 191 182 185 189 189 184 185 186 180 189 188 192 184 186 192 187 187 188 188 190 186 181 189 187 181 190 189 188 192 192 189 187 193 189 192 196 194 198 190 191 194 200 194 191 194 189 196 188 192 190 191 200 197 194 200 187 190 194 198 193 193 195 193 197 191 190 196 195 193 198 194 194 196 198 198 197 198 202 201 191 196 199 205 196 200 199 202 202 201 196 207 201 198 201 207 204 199 203 211 204 199 209 208 204 201 205 203 212 206 197 209 203 212 207 208 204 207 201 205 207 209 210 208 212 206 202 203 206 204 212 216 205 204 210 212 212 213 206 210 219 214 210 213 211 216 214 211 216 216 210 212 211 211 221 215 216 208 219 211 209 217 212 215 221 218 219 221 221 219 213 221 218 221 215 212 214 218 220 219 220 219 214 220 220 223 220 223 222 221 216 216 217 217 215 218 219 223 223 221 223 222 222
0 : [1, 6, 11] (25.0)
1 : [5, 7, 15, 22, 23, 39] (20.0)
2 : [2, 8, 25] (19.0)
3 : [0, 3, 9, 16] (19.0)
4 : [18, 31, 48] (22.0)
5 : [12, 13, 14, 27, 29, 34, 55] (20.0)
6 : [4, 10, 17, 26, 33, 38, 45] (19.0)
7 : [32, 36, 60] (20.0)
8 : [20, 40, 51] (22.0)
9 : [19, 28, 37, 41, 61] (20.0)
10 : [43, 59, 67, 74] (22.0)
11 : [24, 35] (19.0)
12 : [21, 30, 44, 50, 53, 54, 62] (20.0)
13 : [46, 47, 58, 78] (19.0)
14 : [56, 63, 75] (23.0)
15 : [42, 57, 65, 69, 89, 90, 94, 98] (20.0)
16 : [49, 77, 79] (22.0)
17 : [64, 70, 92] (21.0)
18 : [66, 71, 72] (21.0)
19 : [52, 83] (21.0)
20 : [76, 88, 100] (25.0)
21 : [80, 82, 93] (20.0)
22 : [] (0.0)
23 : [68, 91, 95, 99, 102] (20.0)
24 : [73, 85, 101, 105, 106, 107, 110, 111] (20.0)
25 : [86, 104, 112] (23.0)
26 : [103, 109] (20.0)
27 : [81, 84, 87, 108] (21.0)
28 : [96, 97, 113, 119, 125, 126, 129] (21.0)
29 : [115, 116, 118] (21.0)
30 : [120, 123, 127, 131, 134] (22.0)
31 : [117, 130, 138, 139] (20.0)
32 : [122, 124, 135, 136] (29.0)
33 : [121, 164, 171] (26.0)
34 : [150, 151, 160] (20.0)
35 : [114, 132] (20.0)
36 : [140, 141, 154, 159] (21.0)
37 : [128, 137, 146, 148, 175, 177] (20.0)
38 : [152, 156, 163] (21.0)
39 : [133, 142, 143, 149, 155, 165, 173] (21.0)
40 : [147, 161, 166, 170, 193] (21.0)
41 : [144, 153, 167, 169] (23.0)
42 : [145, 162, 179] (22.0)
43 : [157, 194] (22.0)
44 : [176, 178, 180, 190] (25.0)
45 : [168, 172, 174] (20.0)
46 : [158, 185, 187, 200, 202] (21.0)
47 : [181, 182, 183, 192, 195, 199] (21.0)
48 : [184, 209, 222, 223] (24.0)
49 : [191, 197, 206] (24.0)
50 : [186, 205, 212] (24.0)
51 : [196, 204, 215] (20.0)
52 : [203, 210] (22.0)
53 : [201, 208, 211, 213, 230, 234, 251] (20.0)
54 : [188, 216, 219, 229] (21.0)
55 : [189, 218, 228] (21.0)
56 : [198, 217, 221, 231, 238, 243, 252, 253] (24.0)
57 : [207, 232] (22.0)
58 : [220, 233, 235, 254, 270] (21.0)
59 : [226, 227, 237, 246, 249, 267] (22.0)
60 : [214, 255] (20.0)
61 : [224, 239] (22.0)
62 : [225, 240, 250, 258] (21.0)
63 : [247, 248] (21.0)
64 : [236, 259, 278] (20.0)
65 : [245, 271, 283] (28.0)
66 : [260, 263, 268, 288] (24.0)
67 : [241, 242, 265, 284, 302] (23.0)
68 : [256, 257, 272, 274, 289] (21.0)
69 : [262, 266, 275, 290, 292, 298] (25.0)
70 : [244, 285, 286, 315] (22.0)
71 : [276, 279, 281, 296, 317] (25.0)
72 : [261, 269, 273, 291, 309] (23.0)
73 : [280, 287, 295] (28.0)
74 : [264, 282, 293, 310] (25.0)
75 : [301, 304, 306] (20.0)
76 : [297, 299, 305, 312, 314, 331] (24.0)
77 : [277, 294, 303, 326, 336] (23.0)
78 : [300, 320, 327, 339] (24.0)
79 : [311, 313, 318] (25.0)
80 : [321, 323, 345, 348] (25.0)
81 : [308, 322, 325, 334, 338] (23.0)
82 : [307, 316, 324, 342] (25.0)
83 : [328, 329, 332] (29.0)
84 : [343, 359] (26.0)
85 : [341, 356, 361, 363] (25.0)
86 : [319, 340, 346, 347] (26.0)
87 : [333, 337, 344, 351, 353, 360] (26.0)
88 : [330, 349, 354, 365, 384] (26.0)
89 : [335, 367, 369] (23.0)
90 : [350, 355, 358, 364, 368] (26.0)
91 : [372, 373, 376] (25.0)
92 : [374, 391, 392] (30.0)
93 : [362, 371] (22.0)
94 : [383, 386] (23.0)
95 : [352, 357, 370, 382, 403] (25.0)
96 : [366, 378, 381, 388, 394, 395] (21.0)
97 : [387, 389, 400, 412] (24.0)
98 : [375, 424] (20.0)
99 : [377, 390, 398, 401, 413, 419, 429] (20.0)
100 : [385, 397, 406, 410, 415, 426, 430, 439] (21.0)
101 : [399, 408] (25.0)
102 : [379, 380, 405, 409, 445] (22.0)
103 : [393, 402, 411, 416, 422] (21.0)
104 : [404, 420, 451] (26.0)
105 : [396, 407] (21.0)
106 : [421, 431, 437, 442, 457] (22.0)
107 : [417, 425, 435, 449] (21.0)
108 : [414, 418, 434] (21.0)
109 : [427, 433, 438, 444, 447] (30.0)
110 : [440, 443, 446, 475] (22.0)
111 : [432, 453, 455, 479] (29.0)
112 : [423, 436] (29.0)
113 : [428, 456, 474] (27.0)
114 : [441, 450, 461] (22.0)
115 : [448, 458, 459, 477, 478] (22.0)
116 : [454, 460, 465, 467] (27.0)
117 : [452, 462, 464, 485] (26.0)
118 : [466, 480, 490, 496] (27.0)
119 : [463, 469, 471, 483] (24.0)
120 : [470, 481, 482, 486, 489, 492, 494] (25.0)
121 : [473, 487, 491, 499] (24.0)
122 : [468, 472, 484, 501] (21.0)
123 : [493, 495, 498, 506, 522] (23.0)
124 : [476, 505, 542] (22.0)
125 : [503, 517, 525] (22.0)
126 : [507, 508, 524, 548] (22.0)
127 : [497, 509, 511, 514, 550] (30.0)
128 : [488, 502, 504, 515, 527, 529, 533, 537, 552, 565] (24.0)
129 : [521, 528, 530, 543, 563] (24.0)
130 : [510, 513, 519, 523, 547, 557, 566] (26.0)
131 : [500, 531, 532, 544, 571] (27.0)
132 : [516, 518, 536, 539, 551, 553, 558] (23.0)
133 : [512, 526, 541, 546] (22.0)
134 : [540, 554, 562, 574] (29.0)
135 : [520, 538, 560, 568] (27.0)
136 : [545, 549, 555] (28.0)
137 : [534, 535, 572, 579] (24.0)
138 : [559, 564, 582, 584, 589, 597] (25.0)
139 : [556, 576, 577, 581, 591, 592, 594] (24.0)
140 : [561, 569, 578, 585, 587] (28.0)
141 : [567, 583, 588, 590, 604, 606] (26.0)
142 : [570, 609, 610] (30.0)
143 : [580, 607, 616] (30.0)
144 : [595, 599, 600, 603, 628] (30.0)
145 : [593, 598, 601, 612, 623] (30.0)
146 : [573, 586, 602, 608, 620, 627] (27.0)
147 : [575, 596, 617, 621, 622, 631, 641] (29.0)
148 : [605, 611, 613, 624, 632] (30.0)
149 : [614, 615, 618, 619, 637, 659] (24.0)
150 : [629, 630, 633, 635, 638, 665] (27.0)
151 : [634, 642, 649] (30.0)
152 : [625, 640, 646, 662, 667] (29.0)
153 : [626, 636, 639, 645, 648, 653] (28.0)
154 : [643, 654, 656, 657] (29.0)
155 : [647, 652, 655, 658, 670, 672, 683, 684] (30.0)
156 : [644, 661, 674] (30.0)
157 : [650, 651, 660, 663, 671, 675] (30.0)
158 : [669, 678, 688, 691, 692] (26.0)
159 : [687, 694, 705] (29.0)
160 : [664, 668, 677, 686, 690] (30.0)
161 : [679, 696, 700] (29.0)
162 : [666, 676, 695, 710] (27.0)
163 : [702, 706, 715, 736] (20.0)
164 : [680, 681, 682, 693, 701, 708] (30.0)
165 : [697, 699, 725, 728] (21.0)
166 : [673, 689, 707, 711, 729, 733] (28.0)
167 : [698, 713, 714, 718, 721, 737] (28.0)
168 : [703, 709, 716, 722, 723, 732] (23.0)
169 : [685, 712, 717, 720, 724, 727, 731, 750] (30.0)
170 : [734, 741, 749] (30.0)
171 : [730, 738, 739, 743, 745, 747] (27.0)
172 : [719, 744, 748, 757] (23.0)
173 : [704, 740, 742, 755, 769] (29.0)
174 : [726, 760, 765, 776] (22.0)
175 : [752, 756, 758, 759, 771] (29.0)
176 : [735, 754, 761, 766, 767] (29.0)
177 : [751, 780] (26.0)
178 : [746, 764, 775, 777, 778, 781] (29.0)
179 : [768, 770, 772, 773, 779, 788, 793, 797] (30.0)
180 : [784, 787, 795, 806] (30.0)
181 : [753, 786, 794, 819, 822] (30.0)
182 : [762, 789, 799] (21.0)
183 : [763, 783, 785, 790] (27.0)
184 : [774, 792, 796, 803, 810] (28.0)
185 : [800, 804] (21.0)
186 : [791, 805, 811, 818] (30.0)
187 : [782, 813, 814, 821, 829, 853] (27.0)
188 : [808, 815, 816, 825, 845] (26.0)
189 : [801, 802, 807, 820, 824, 828, 831, 843] (29.0)
190 : [817, 823, 836, 847, 854, 863] (30.0)
191 : [798, 837, 841, 848, 862, 877] (30.0)
192 : [809, 812, 826, 827, 832, 846] (30.0)
193 : [830, 857, 858, 860, 866] (30.0)
194 : [834, 838, 840, 842, 851, 855, 868, 869] (27.0)
195 : [859, 865] (31.0)
196 : [833, 844, 864, 870, 878, 881, 887] (26.0)
197 : [850, 861, 873, 907] (27.0)
198 : [835, 856, 867, 871, 872, 874, 890] (30.0)
199 : [879, 883, 894, 898] (30.0)
200 : [839, 849, 852, 882] (30.0)
201 : [876, 886, 889, 891, 902, 915] (30.0)
202 : [875, 884, 885, 923] (30.0)
203 : [895, 904, 909, 924] (30.0)
204 : [893, 897, 901, 913, 926, 930] (28.0)
205 : [880, 903, 916, 929] (31.0)
206 : [906, 922, 925, 935] (30.0)
207 : [888, 892, 911, 914, 917] (30.0)
208 : [900, 912, 920, 954] (30.0)
209 : [899, 908, 918, 957] (30.0)
210 : [919, 931, 936, 939, 947] (30.0)
211 : [896, 941, 944, 949, 950, 956] (30.0)
212 : [905, 910, 921, 927, 932, 933, 948, 959, 972] (30.0)
213 : [934, 940, 967] (30.0)
214 : [938, 943, 973, 979] (30.0)
215 : [952, 960, 971, 991] (28.0)
216 : [928, 942, 945, 946, 953, 987, 988] (30.0)
217 : [958, 989, 990] (30.0)
218 : [962, 969, 974, 992] (30.0)
219 : [937, 955, 963, 966, 976, 978, 993] (29.0)
220 : [975, 977, 980, 981, 983] (30.0)
221 : [951, 961, 964, 965, 968, 970, 986, 996] (30.0)
222 : [985, 998, 999] (30.0)
223 : [982, 984, 994, 995, 997] (32.0)
