Name: 100-30-50
Time: 8.576995372772217 
Result: 5
Solution:  1 3 4 0 1 3 2 6 0 5 4 2 0 1 3 2 1 6 0 1 7 1 1 0 8 8 0 2 4 3 10 12 4 7 1 15 2 5 5 7 6 7 2 12 6 14 0 6 12 11 9 9 4 5 8 17 12 4 12 12 12 8 5 11 11 14 13 11 10 13 9 14 16 11 13 8 7 16 14 12 15 10 15 15 8 15 18 16 16 17 12 12 8 16 17 18 18 16 16 11
0 : [3, 8, 12, 18, 23, 26, 46] (40.0)
1 : [0, 4, 13, 16, 19, 21, 22, 34] (39.0)
2 : [6, 11, 15, 27, 36, 42] (38.0)
3 : [1, 5, 14, 29] (42.0)
4 : [2, 10, 28, 32, 52, 57] (40.0)
5 : [9, 37, 38, 53, 62] (37.0)
6 : [7, 17, 40, 44, 47] (42.0)
7 : [20, 33, 39, 41, 76] (42.0)
8 : [24, 25, 54, 61, 75, 84, 92] (38.0)
9 : [50, 51, 70] (42.0)
10 : [30, 68, 81] (38.0)
11 : [49, 63, 64, 67, 73, 99] (37.0)
12 : [31, 43, 48, 56, 58, 59, 60, 79, 90, 91] (37.0)
13 : [66, 69, 74] (37.0)
14 : [45, 65, 71, 78] (37.0)
15 : [35, 80, 82, 83, 85] (39.0)
16 : [72, 77, 87, 88, 93, 97, 98] (38.0)
17 : [55, 89, 94] (40.0)
18 : [86, 95, 96] (41.0)
