Name: 250-60-125
Time: 23.50576138496399 
Result: 59
Solution:  6 0 1 0 1 0 6 0 5 6 4 5 6 1 7 3 8 4 0 3 4 5 6 7 4 0 10 4 5 4 2 6 0 8 9 8 7 2 13 12 10 8 17 11 11 11 6 16 9 7 7 11 17 15 15 16 13 14 15 13 22 9 13 9 17 10 20 18 12 17 9 14 22 14 15 17 24 18 19 20 24 28 22 14 15 17 15 21 23 25 25 20 18 21 19 16 27 25 21 29 19 25 23 23 30 26 17 23 21 26 30 30 25 23 31 35 28 36 32 26 26 33 28 27 31 28 35 25 25 25 30 39 26 34 32 29 37 34 36 33 31 32 37 30 33 34 36 34 37 38 33 32 39 36 38 36 32 37 34 38 46 41 42 40 39 35 34 42 35 46 42 40 41 43 47 41 48 35 42 43 44 40 38 45 45 38 47 40 47 41 55 49 49 54 48 52 55 48 51 49 47 49 51 52 44 48 54 49 49 48 50 54 53 50 56 56 46 55 51 54 58 58 48 53 57 51 51 50 50 56 59 53 54 54 58 59 57 52 56 60 56 60 59 57 55 60 59 58 57 59
0 : [1, 3, 5, 7, 18, 25, 32] (69.0)
1 : [2, 4, 13] (76.0)
2 : [30, 37] (82.0)
3 : [15, 19] (92.0)
4 : [10, 17, 20, 24, 27, 29] (70.0)
5 : [8, 11, 21, 28] (73.0)
6 : [0, 6, 9, 12, 22, 31, 46] (70.0)
7 : [14, 23, 36, 49, 50] (88.0)
8 : [16, 33, 35, 41] (67.0)
9 : [34, 48, 61, 63, 70] (82.0)
10 : [26, 40, 65] (69.0)
11 : [43, 44, 45, 51] (78.0)
12 : [39, 68] (73.0)
13 : [38, 56, 59, 62] (66.0)
14 : [57, 71, 73, 83] (65.0)
15 : [53, 54, 58, 74, 84, 86] (109.0)
16 : [47, 55, 95] (69.0)
17 : [42, 52, 64, 69, 75, 85, 106] (65.0)
18 : [67, 77, 92] (67.0)
19 : [78, 94, 100] (70.0)
20 : [66, 79, 91] (74.0)
21 : [87, 93, 98, 108] (69.0)
22 : [60, 72, 82] (88.0)
23 : [88, 102, 103, 107, 113] (96.0)
24 : [76, 80] (66.0)
25 : [89, 90, 97, 101, 112, 127, 128, 129] (123.0)
26 : [105, 109, 119, 120, 132] (94.0)
27 : [96, 123] (86.0)
28 : [81, 116, 122, 125] (87.0)
29 : [99, 135] (94.0)
30 : [104, 110, 111, 130, 143] (123.0)
31 : [114, 124, 140] (85.0)
32 : [118, 134, 141, 151, 156] (112.0)
33 : [121, 139, 144, 150] (124.0)
34 : [133, 137, 145, 147, 158, 166] (94.0)
35 : [115, 126, 165, 168, 177] (104.0)
36 : [117, 138, 146, 153, 155] (88.0)
37 : [136, 142, 148, 157] (116.0)
38 : [149, 154, 159, 182, 185] (111.0)
39 : [131, 152, 164] (120.0)
40 : [163, 171, 181, 187] (88.0)
41 : [161, 172, 175, 189] (120.0)
42 : [162, 167, 170, 178] (123.0)
43 : [173, 179] (76.0)
44 : [180, 204] (124.0)
45 : [183, 184] (84.0)
46 : [160, 169, 216] (93.0)
47 : [174, 186, 188, 200] (109.0)
48 : [176, 194, 197, 205, 209, 222] (92.0)
49 : [191, 192, 199, 201, 207, 208] (121.0)
50 : [210, 213, 227, 228] (124.0)
51 : [198, 202, 218, 225, 226] (108.0)
52 : [195, 203, 237] (117.0)
53 : [212, 223, 231] (108.0)
54 : [193, 206, 211, 219, 232, 233] (123.0)
55 : [190, 196, 217, 244] (124.0)
56 : [214, 215, 229, 238, 240] (124.0)
57 : [224, 236, 243, 248] (114.0)
58 : [220, 221, 234, 247] (124.0)
59 : [230, 235, 242, 246, 249] (124.0)
60 : [239, 241, 245] (110.0)
