Name: 750-20-30
Time: 76.61870384216309 
Result: 12
Solution:  3 7 2 4 2 0 3 0 8 0 6 5 4 9 2 9 3 8 4 4 6 0 2 6 10 12 7 6 5 6 8 6 9 4 7 6 2 3 9 13 15 9 11 4 12 7 4 10 5 9 14 15 16 11 19 12 13 19 10 18 13 12 11 19 14 18 18 16 17 14 20 16 25 17 17 19 17 19 12 22 27 16 20 21 25 19 17 21 22 22 20 21 23 15 26 20 26 24 21 27 24 21 19 33 32 20 23 20 23 30 25 20 24 26 19 30 29 33 28 30 33 35 29 35 28 29 30 33 32 38 34 31 37 33 32 29 35 33 34 27 36 33 33 32 38 34 42 41 46 38 38 34 38 41 37 34 39 43 39 31 43 41 33 40 39 41 40 46 35 43 43 42 36 43 47 44 51 43 40 41 48 43 52 45 47 45 41 43 47 46 43 45 48 49 43 48 46 52 47 44 50 49 52 53 58 52 57 56 54 54 49 50 50 52 54 49 58 56 55 51 53 52 52 61 59 54 58 55 52 57 57 55 53 57 54 57 54 64 59 55 60 54 61 66 59 69 64 69 67 58 58 60 61 63 63 63 70 70 65 68 66 64 67 67 58 62 69 70 65 70 67 63 68 77 69 70 63 72 62 66 73 75 69 64 74 69 66 71 73 73 71 75 79 70 72 69 71 76 72 72 74 80 79 71 72 76 80 75 77 76 79 80 74 80 81 72 79 84 84 78 78 75 83 82 76 81 83 81 88 82 86 77 85 83 89 87 86 89 85 85 84 85 78 93 86 87 87 91 90 87 84 90 93 84 82 91 86 93 87 82 91 93 85 94 95 93 91 92 101 87 93 95 101 87 100 100 88 93 93 93 96 96 95 99 97 94 97 92 100 94 98 103 89 95 99 95 98 97 98 106 102 107 100 97 99 100 98 101 97 103 103 104 107 102 108 105 107 98 98 104 108 98 110 112 112 110 108 105 98 103 102 111 109 109 107 106 103 112 108 108 107 112 112 106 109 111 110 108 110 106 115 117 119 112 116 115 117 117 105 113 114 112 112 117 113 120 116 120 121 113 111 116 118 116 125 122 115 111 119 121 119 122 119 118 128 122 123 120 120 115 119 128 127 118 122 126 120 123 124 123 122 122 129 127 129 126 127 124 125 123 133 132 126 131 133 133 128 125 133 121 130 132 133 128 124 126 133 125 130 132 125 131 131 132 133 138 139 133 131 134 134 135 136 134 137 133 134 138 141 135 138 139 140 136 138 147 142 137 136 145 138 143 141 142 140 141 143 144 142 141 143 136 150 141 141 143 145 152 147 144 144 146 146 145 150 139 146 138 146 149 148 147 146 148 147 148 145 151 145 155 142 151 151 141 143 155 151 156 146 149 147 146 145 149 153 155 157 153 151 149 154 152 148 153 154 159 152 154 150 152 161 153 154 152 150 156 147 153 156 158 156 161 157 157 157 153 166 159 158 155 150 162 153 157 162 160 154 159 153 160 165 158 155 156 163 160 161 163 159 161 164 160 162 163 162 161 168 164 165 164 163 163 165 166 169 166 163 162 167 169 159 165 169 175 162 170 172 167 167 166 168 177 160 168 162 167 174 171 167 173 170 174 173 177 171 166 171 171 168 169 171 176 167 173 165 176 172 169 173 172 172 178 178 176 175 169 177 177 178 175 178 177 178 173 176 173 174 177 177 178
0 : [5, 7, 9, 21] (25.0)
1 : [] (0.0)
2 : [2, 4, 14, 22, 36] (20.0)
3 : [0, 6, 16, 37] (20.0)
4 : [3, 12, 18, 19, 33, 43, 46] (20.0)
5 : [11, 28, 48] (22.0)
6 : [10, 20, 23, 27, 29, 31, 35] (21.0)
7 : [1, 26, 34, 45] (23.0)
8 : [8, 17, 30] (23.0)
9 : [13, 15, 32, 38, 41, 49] (20.0)
10 : [24, 47, 58] (20.0)
11 : [42, 53, 62] (21.0)
12 : [25, 44, 55, 61, 78] (21.0)
13 : [39, 56, 60] (23.0)
14 : [50, 64, 69] (21.0)
15 : [40, 51, 93] (21.0)
16 : [52, 67, 71, 81] (22.0)
17 : [68, 73, 74, 76, 86] (20.0)
18 : [59, 65, 66] (21.0)
19 : [54, 57, 63, 75, 77, 85, 102, 114] (20.0)
20 : [70, 82, 90, 95, 105, 107, 111] (20.0)
21 : [83, 87, 91, 98, 101] (20.0)
22 : [79, 88, 89] (23.0)
23 : [92, 106, 108] (20.0)
24 : [97, 100, 112] (24.0)
25 : [72, 84, 110] (20.0)
26 : [94, 96, 113] (29.0)
27 : [80, 99, 139] (23.0)
28 : [118, 124] (22.0)
29 : [116, 122, 125, 135] (22.0)
30 : [109, 115, 119, 126] (22.0)
31 : [131, 159] (20.0)
32 : [104, 128, 134, 143] (20.0)
33 : [103, 117, 120, 127, 133, 137, 141, 142, 162] (20.0)
34 : [130, 138, 145, 151, 155] (27.0)
35 : [121, 123, 136, 168] (22.0)
36 : [140, 172] (20.0)
37 : [132, 154] (20.0)
38 : [129, 144, 149, 150, 152] (20.0)
39 : [156, 158, 164] (21.0)
40 : [163, 166, 178] (20.0)
41 : [147, 153, 161, 165, 179, 186] (21.0)
42 : [146, 171] (20.0)
43 : [157, 160, 169, 170, 173, 177, 181, 187, 190, 194] (21.0)
44 : [175, 199] (21.0)
45 : [183, 185, 191] (29.0)
46 : [148, 167, 189, 196] (22.0)
47 : [174, 184, 188, 198] (24.0)
48 : [180, 192, 195] (24.0)
49 : [193, 201, 210, 215] (24.0)
50 : [200, 211, 212] (23.0)
51 : [176, 219] (20.0)
52 : [182, 197, 202, 205, 213, 221, 222, 228] (29.0)
53 : [203, 220, 232] (23.0)
54 : [208, 209, 214, 225, 234, 236, 241] (20.0)
55 : [218, 227, 231, 239] (22.0)
56 : [207, 217] (21.0)
57 : [206, 229, 230, 233, 235] (20.0)
58 : [204, 216, 226, 249, 250, 264] (26.0)
59 : [224, 238, 244] (28.0)
60 : [240, 251] (29.0)
61 : [223, 242, 252] (28.0)
62 : [265, 278] (21.0)
63 : [253, 254, 255, 271, 276] (20.0)
64 : [237, 246, 261, 283] (22.0)
65 : [258, 268] (20.0)
66 : [243, 260, 279, 286] (21.0)
67 : [248, 262, 263, 270] (25.0)
68 : [259, 272] (29.0)
69 : [245, 247, 266, 274, 282, 285, 295] (20.0)
70 : [256, 257, 267, 269, 275, 293] (20.0)
71 : [287, 290, 296, 303] (24.0)
72 : [277, 294, 298, 299, 304, 315] (20.0)
73 : [280, 288, 289] (22.0)
74 : [284, 300, 312] (24.0)
75 : [281, 291, 307, 321] (21.0)
76 : [297, 305, 309, 324] (28.0)
77 : [273, 308, 331] (21.0)
78 : [319, 320, 342] (25.0)
79 : [292, 302, 310, 316] (30.0)
80 : [301, 306, 311, 313] (29.0)
81 : [314, 325, 327] (24.0)
82 : [323, 329, 354, 359] (30.0)
83 : [322, 326, 333] (21.0)
84 : [317, 318, 340, 350, 353] (21.0)
85 : [332, 338, 339, 341, 362] (25.0)
86 : [330, 336, 344, 356] (25.0)
87 : [335, 345, 346, 349, 358, 369, 373] (26.0)
88 : [328, 376] (32.0)
89 : [334, 337, 392] (22.0)
90 : [348, 351] (20.0)
91 : [347, 355, 360, 366] (22.0)
92 : [367, 387] (23.0)
93 : [343, 352, 357, 361, 365, 370, 377, 378, 379] (21.0)
94 : [363, 385, 389] (26.0)
95 : [364, 371, 382, 393, 395] (24.0)
96 : [380, 381] (22.0)
97 : [384, 386, 397, 403, 408] (25.0)
98 : [390, 396, 398, 406, 417, 418, 421, 428] (30.0)
99 : [383, 394, 404] (29.0)
100 : [374, 375, 388, 402, 405] (24.0)
101 : [368, 372, 407] (30.0)
102 : [400, 413, 430] (29.0)
103 : [391, 409, 410, 429, 436] (29.0)
104 : [411, 419] (29.0)
105 : [415, 427, 458] (28.0)
106 : [399, 435, 443, 449] (28.0)
107 : [401, 412, 416, 434, 440] (30.0)
108 : [414, 420, 426, 438, 439, 447] (28.0)
109 : [432, 433, 444] (30.0)
110 : [422, 425, 446, 448] (24.0)
111 : [431, 445, 470, 477] (20.0)
112 : [423, 424, 437, 441, 442, 453, 461, 462] (30.0)
113 : [459, 464, 469] (29.0)
114 : [460] (20.0)
115 : [450, 455, 476, 489] (29.0)
116 : [454, 466, 471, 473] (29.0)
117 : [451, 456, 457, 463] (28.0)
118 : [472, 483, 493] (30.0)
119 : [452, 478, 480, 482, 490] (28.0)
120 : [465, 467, 487, 488, 496] (25.0)
121 : [468, 479, 519] (27.0)
122 : [475, 481, 485, 494, 500, 501] (25.0)
123 : [486, 497, 499, 509] (24.0)
124 : [498, 507, 524] (20.0)
125 : [474, 508, 517, 527, 530] (30.0)
126 : [495, 505, 512, 525] (26.0)
127 : [492, 503, 506] (28.0)
128 : [484, 491, 516, 523] (27.0)
129 : [502, 504] (22.0)
130 : [520, 528] (29.0)
131 : [513, 531, 532, 538] (26.0)
132 : [511, 521, 529, 533] (26.0)
133 : [510, 514, 515, 518, 522, 526, 534, 537, 545] (30.0)
134 : [539, 540, 543, 546] (30.0)
135 : [541, 549] (22.0)
136 : [542, 553, 558, 571] (23.0)
137 : [544, 557] (32.0)
138 : [535, 547, 550, 554, 560, 587] (27.0)
139 : [536, 551, 585] (20.0)
140 : [552, 564] (25.0)
141 : [548, 562, 565, 569, 573, 574, 603] (30.0)
142 : [556, 563, 568, 600] (29.0)
143 : [561, 566, 570, 575, 604] (30.0)
144 : [567, 579, 580] (30.0)
145 : [559, 576, 583, 596, 598, 612] (30.0)
146 : [581, 582, 586, 588, 592, 608, 611] (30.0)
147 : [555, 578, 591, 594, 610, 636] (30.0)
148 : [590, 593, 595, 622] (30.0)
149 : [589, 609, 613, 619] (28.0)
150 : [572, 584, 628, 634, 650] (30.0)
151 : [597, 601, 602, 606, 618] (29.0)
152 : [577, 621, 626, 629, 633] (29.0)
153 : [614, 617, 623, 631, 637, 645, 652, 658] (30.0)
154 : [620, 624, 627, 632, 656] (30.0)
155 : [599, 605, 615, 649, 662] (30.0)
156 : [607, 635, 638, 640, 663] (30.0)
157 : [616, 642, 643, 644, 653] (30.0)
158 : [639, 648, 661] (30.0)
159 : [625, 647, 657, 668, 690] (30.0)
160 : [655, 659, 665, 671, 702] (30.0)
161 : [630, 641, 666, 669, 675] (30.0)
162 : [651, 654, 672, 674, 687, 694, 704] (30.0)
163 : [664, 667, 673, 680, 681, 686] (29.0)
164 : [670, 677, 679] (30.0)
165 : [660, 678, 682, 691, 724] (30.0)
166 : [646, 683, 685, 699, 715] (30.0)
167 : [688, 697, 698, 705, 708, 722] (29.0)
168 : [676, 700, 703, 718] (30.0)
169 : [684, 689, 692, 719, 727, 735] (30.0)
170 : [695, 710] (31.0)
171 : [707, 714, 716, 717, 720] (30.0)
172 : [696, 726, 729, 730] (30.0)
173 : [709, 712, 723, 728, 743, 745] (24.0)
174 : [706, 711, 746] (30.0)
175 : [693, 734, 739] (30.0)
176 : [721, 725, 733, 744] (24.0)
177 : [701, 713, 736, 737, 741, 747, 748] (21.0)
178 : [731, 732, 738, 740, 742, 749] (24.0)
