Name: 100-60-125
Time: 4.030649423599243 
Result: 83
Solution:  0 3 2 1 3 1 4 0 6 6 4 5 2 5 6 7 7 8 9 9 8 7 10 10 13 12 13 14 12 15 17 13 16 17 15 16 18 18 19 19 20 21 20 21 22 22 24 23 25 24 22 23 26 26 29 27 27 28 30 29 28 30 32 34 33 31 31 32 33 34 32 33 31 35 36 36 36 33 37 39 37 34 37 35 38 37 41 38 40 38 39 41 40 43 42 42 42 43 41 43
0 : [0, 7] (64.0)
1 : [3, 5] (68.0)
2 : [2, 12] (56.0)
3 : [1, 4] (55.0)
4 : [6, 10] (70.0)
5 : [11, 13] (81.0)
6 : [8, 9, 14] (112.0)
7 : [15, 16, 21] (108.0)
8 : [17, 20] (78.0)
9 : [18, 19] (77.0)
10 : [22, 23] (81.0)
11 : [] (0.0)
12 : [25, 28] (90.0)
13 : [24, 26, 31] (84.0)
14 : [27] (71.0)
15 : [29, 34] (88.0)
16 : [32, 35] (85.0)
17 : [30, 33] (104.0)
18 : [36, 37] (92.0)
19 : [38, 39] (95.0)
20 : [40, 42] (110.0)
21 : [41, 43] (87.0)
22 : [44, 45, 50] (121.0)
23 : [47, 51] (138.0)
24 : [46, 49] (67.0)
25 : [48] (85.0)
26 : [52, 53] (105.0)
27 : [55, 56] (105.0)
28 : [57, 60] (116.0)
29 : [54, 59] (95.0)
30 : [58, 61] (125.0)
31 : [65, 66, 72] (118.0)
32 : [62, 67, 70] (108.0)
33 : [64, 68, 71, 77] (120.0)
34 : [63, 69, 81] (121.0)
35 : [73, 83] (121.0)
36 : [74, 75, 76] (125.0)
37 : [78, 80, 82, 85] (119.0)
38 : [84, 87, 89] (114.0)
39 : [79, 90] (118.0)
40 : [88, 92] (123.0)
41 : [86, 91, 98] (121.0)
42 : [94, 95, 96] (125.0)
43 : [93, 97, 99] (111.0)
