Name: 100-40-75
Time: 4.136021137237549 
Result: 39
Solution:  0 0 3 1 3 1 6 2 4 1 6 2 4 8 7 11 8 7 9 9 10 10 11 8 11 13 13 12 15 15 19 12 16 16 19 17 18 15 19 20 21 20 20 18 25 22 22 22 23 26 24 25 23 24 26 27 24 30 30 27 32 28 31 31 28 33 29 34 32 35 33 34 33 36 33 37 37 40 38 41 39 35 40 39 40 40 38 41 40 43 43 42 43 41 44 44 43 45 41 45
0 : [0, 1] (41.0)
1 : [3, 5, 9] (42.0)
2 : [7, 11] (44.0)
3 : [2, 4] (48.0)
4 : [8, 12] (67.0)
5 : [] (0.0)
6 : [6, 10] (44.0)
7 : [14, 17] (65.0)
8 : [13, 16, 23] (65.0)
9 : [18, 19] (47.0)
10 : [20, 21] (47.0)
11 : [15, 22, 24] (50.0)
12 : [27, 31] (44.0)
13 : [25, 26] (50.0)
14 : [] (0.0)
15 : [28, 29, 37] (72.0)
16 : [32, 33] (53.0)
17 : [35] (42.0)
18 : [36, 43] (55.0)
19 : [30, 34, 38] (67.0)
20 : [39, 41, 42] (75.0)
21 : [40] (45.0)
22 : [45, 46, 47] (75.0)
23 : [48, 52] (57.0)
24 : [50, 53, 56] (59.0)
25 : [44, 51] (76.0)
26 : [49, 54] (73.0)
27 : [55, 59] (73.0)
28 : [61, 64] (64.0)
29 : [66] (62.0)
30 : [57, 58] (80.0)
31 : [62, 63] (68.0)
32 : [60, 68] (76.0)
33 : [65, 70, 72, 74] (75.0)
34 : [67, 71] (62.0)
35 : [69, 81] (65.0)
36 : [73] (53.0)
37 : [75, 76] (80.0)
38 : [78, 86] (63.0)
39 : [80, 83] (74.0)
40 : [77, 82, 84, 85, 88] (73.0)
41 : [79, 87, 93, 98] (47.0)
42 : [91] (63.0)
43 : [89, 90, 92, 96] (74.0)
44 : [94, 95] (58.0)
45 : [97, 99] (74.0)
