Name: 100-50-100
Time: 4.3163676261901855 
Result: 43
Solution:  0 1 1 0 1 2 5 0 5 7 7 2 4 6 8 4 6 8 11 7 10 9 10 9 11 12 13 12 16 15 14 16 20 16 13 20 18 18 19 15 19 20 23 20 21 21 22 22 22 24 23 19 24 26 25 28 24 21 24 23 27 27 26 29 29 25 26 25 29 27 31 28 30 33 31 32 34 33 34 36 32 30 31 35 33 36 36 33 37 33 37 38 34 35 35 39 38 39 39 37
0 : [0, 3, 7] (68.0)
1 : [1, 2, 4] (64.0)
2 : [5, 11] (95.0)
3 : [] (0.0)
4 : [12, 15] (63.0)
5 : [6, 8] (66.0)
6 : [13, 16] (60.0)
7 : [9, 10, 19] (62.0)
8 : [14, 17] (56.0)
9 : [21, 23] (70.0)
10 : [20, 22] (58.0)
11 : [18, 24] (82.0)
12 : [25, 27] (70.0)
13 : [26, 34] (58.0)
14 : [30] (62.0)
15 : [29, 39] (63.0)
16 : [28, 31, 33] (94.0)
17 : [] (0.0)
18 : [36, 37] (73.0)
19 : [38, 40, 51] (97.0)
20 : [32, 35, 41, 43] (83.0)
21 : [44, 45, 57] (73.0)
22 : [46, 47, 48] (81.0)
23 : [42, 50, 59] (88.0)
24 : [49, 52, 56, 58] (99.0)
25 : [54, 65, 67] (88.0)
26 : [53, 62, 66] (83.0)
27 : [60, 61, 69] (97.0)
28 : [55, 71] (99.0)
29 : [63, 64, 68] (85.0)
30 : [72, 81] (91.0)
31 : [70, 74, 82] (89.0)
32 : [75, 80] (90.0)
33 : [73, 77, 84, 87, 89] (99.0)
34 : [76, 78, 92] (97.0)
35 : [83, 93, 94] (97.0)
36 : [79, 85, 86] (94.0)
37 : [88, 90, 99] (95.0)
38 : [91, 96] (96.0)
39 : [95, 97, 98] (99.0)
