Name: 1000-30-50
Time: 44.25806641578674 
Result: 38
Solution:  3 2 2 3 1 4 1 2 7 6 2 5 4 6 6 5 7 9 11 9 9 11 12 10 14 10 10 12 14 16 15 15 17 16 18 17 16 19 19 20 21 18 22 22 20 24 20 21 24 25 25 27 26 27 29 28 28 30 27 31 29 26 30 31 32 29 37 36 35 35 31 32 39 37 35 38 35 39 41 37 40 36 41 41 38 42 45 46 40 45 42 44 46 44 48 44 49 48 51 49 50 50 49 52 52 51 55 54 54 55 56 55 55 57 57 60 56 59 59 63 60 59 61 61 62 62 63 64 67 64 68 65 67 65 66 69 66 67 68 69 72 70 71 69 71 70 73 73 72 75 72 75 76 76 78 78 81 79 79 81 79 80 80 82 83 84 83 86 82 84 82 85 89 88 86 85 88 87 89 93 90 87 90 90 92 95 93 92 95 94 94 93 96 96 99 97 99 102 100 97 98 102 101 102 102 101 100 104 107 104 107 106 108 106 107 105 109 105 109 109 110 108 111 110 114 116 111 111 113 113 115 114 116 117 117 118 115 120 119 118 121 118 123 120 122 122 121 120 123 122 128 124 126 126 129 124 129 129 127 127 130 131 128 131 130 132 133 132 134 135 135 134 133 136 137 139 138 137 137 136 141 138 143 142 141 144 143 142 143 144 146 148 147 143 147 146 148 150 146 151 150 149 154 149 152 151 154 153 156 152 155 153 156 157 159 158 162 157 155 159 161 164 163 162 162 160 161 163 167 164 166 166 165 169 167 167 166 168 169 165 169 170 170 172 172 168 175 171 173 175 173 177 175 174 176 178 178 178 181 180 177 180 179 180 182 182 183 185 185 184 188 181 185 188 186 183 190 186 190 189 189 187 190 193 194 192 192 195 190 194 196 196 197 200 197 198 195 199 199 197 200 202 201 201 202 203 206 203 205 205 207 208 204 209 204 207 210 209 206 207 210 208 211 212 212 211 213 213 215 216 214 214 218 217 216 217 218 215 221 218 220 222 223 221 220 226 224 225 224 228 222 225 227 223 226 227 228 228 229 231 230 233 232 229 231 232 234 234 229 233 233 237 235 232 235 236 236 233 234 240 234 238 238 237 238 239 242 242 239 240 243 241 239 242 242 241 241 243 245 244 243 243 245 246 244 246 245 244 248 248 249 247 247 247 249 251 247 249 250 246 250 250 252 251 251 250 253 256 255 253 254 254 252 256 255 259 257 258 259 257 254 260 257 256 262 261 257 261 261 264 261 259 260 262 263 262 265 263 264 267 265 265 266 265 267 269 268 270 268 268 266 268 265 266 269 270 270 274 270 270 275 271 270 272 271 271 273 274 272 273 271 275 273 276 274 274 277 279 279 277 276 278 277 276 278 281 281 280 280 277 283 282 280 283 280 281 286 286 285 284 280 284 282 285 285 288 285 289 287 287 286 288 288 287 290 289 291 292 289 290 293 293 291 292 290 291 294 290 289 295 295 295 294 295 293 296 296 298 297 299 294 298 298 297 300 300 296 300 300 299 301 300 301 303 301 304 300 300 306 305 305 302 302 307 305 303 303 308 309 303 307 305 309 311 307 309 309 311 313 308 313 312 310 309 310 312 312 311 314 315 314 313 317 314 314 316 319 315 319 318 315 316 320 317 322 322 315 319 319 320 321 322 321 322 324 318 323 322 323 328 324 320 325 328 324 326 327 325 329 331 327 326 324 326 328 330 329 328 330 329 327 330 332 332 330 335 333 331 330 331 332 331 333 337 334 338 335 338 336 336 334 336 339 337 340 338 337 343 341 342 341 338 339 340 340 341 343 345 339 347 345 345 342 346 346 344 344 344 350 346 347 348 350 350 350 349 348 351 351 352 349 351 354 352 353 353 349 352 353 352 353 355 356 354 355 358 357 359 354 357 359 356 358 360 357 361 360 360 360 358 364 362 361 362 364 359 363 364 363 366 364 364 366 364 365 362 363 365 367 367 367 368 369 366 370 369 370 371 370 368 375 369 370 373 372 368 374 369 373 374 371 377 374 375 372 376 376 377 373 378 376 380 377 378 379 378 378 380 382 379 378 381 381 383 386 382 383 381 382 384 381 385 386 388 389 387 384 389 391 388 387 384 385 386 390 389 387 390 391 389 388 392 387 391 392 392 394 393 392 396 393 393 395 395 395 398 394 394 397 397 397 401 400 396 400 399 398 399 400 399 400 402 401 401 402 403 403 404 406 404 403 402 403 404 408 407 402 406 409 405 409 405 409 410 407 410 410 410 406 408
0 : [] (0.0)
1 : [4, 6] (35.0)
2 : [1, 2, 7, 10] (36.0)
3 : [0, 3] (37.0)
4 : [5, 12] (39.0)
5 : [11, 15] (42.0)
6 : [9, 13, 14] (37.0)
7 : [8, 16] (32.0)
8 : [] (0.0)
9 : [17, 19, 20] (42.0)
10 : [23, 25, 26] (37.0)
11 : [18, 21] (30.0)
12 : [22, 27] (33.0)
13 : [] (0.0)
14 : [24, 28] (36.0)
15 : [30, 31] (30.0)
16 : [29, 33, 36] (46.0)
17 : [32, 35] (31.0)
18 : [34, 41] (30.0)
19 : [37, 38] (35.0)
20 : [39, 44, 46] (30.0)
21 : [40, 47] (35.0)
22 : [42, 43] (30.0)
23 : [] (0.0)
24 : [45, 48] (38.0)
25 : [49, 50] (37.0)
26 : [52, 61] (42.0)
27 : [51, 53, 58] (31.0)
28 : [55, 56] (38.0)
29 : [54, 60, 65] (29.0)
30 : [57, 62] (36.0)
31 : [59, 63, 70] (31.0)
32 : [64, 71] (42.0)
33 : [] (0.0)
34 : [] (0.0)
35 : [68, 69, 74, 76] (45.0)
36 : [67, 81] (31.0)
37 : [66, 73, 79] (44.0)
38 : [75, 84] (40.0)
39 : [72, 77] (43.0)
40 : [80, 88] (32.0)
41 : [78, 82, 83] (47.0)
42 : [85, 90] (35.0)
43 : [] (0.0)
44 : [91, 93, 95] (30.0)
45 : [86, 89] (32.0)
46 : [87, 92] (35.0)
47 : [] (0.0)
48 : [94, 97] (44.0)
49 : [96, 99, 102] (36.0)
50 : [100, 101] (32.0)
51 : [98, 105] (38.0)
52 : [103, 104] (30.0)
53 : [] (0.0)
54 : [107, 108] (48.0)
55 : [106, 109, 111, 112] (40.0)
56 : [110, 116] (41.0)
57 : [113, 114] (30.0)
58 : [] (0.0)
59 : [117, 118, 121] (32.0)
60 : [115, 120] (39.0)
61 : [122, 123] (32.0)
62 : [124, 125] (32.0)
63 : [119, 126] (46.0)
64 : [127, 129] (33.0)
65 : [131, 133] (34.0)
66 : [134, 136] (34.0)
67 : [128, 132, 137] (31.0)
68 : [130, 138] (50.0)
69 : [135, 139, 143] (31.0)
70 : [141, 145] (34.0)
71 : [142, 144] (39.0)
72 : [140, 148, 150] (44.0)
73 : [146, 147] (33.0)
74 : [] (0.0)
75 : [149, 151] (36.0)
76 : [152, 153] (33.0)
77 : [] (0.0)
78 : [154, 155] (33.0)
79 : [157, 158, 160] (31.0)
80 : [161, 162] (48.0)
81 : [156, 159] (47.0)
82 : [163, 168, 170] (31.0)
83 : [164, 166] (28.0)
84 : [165, 169] (42.0)
85 : [171, 175] (30.0)
86 : [167, 174] (40.0)
87 : [177, 181] (29.0)
88 : [173, 176] (39.0)
89 : [172, 178] (46.0)
90 : [180, 182, 183] (44.0)
91 : [] (0.0)
92 : [184, 187] (43.0)
93 : [179, 186, 191] (26.0)
94 : [189, 190] (47.0)
95 : [185, 188] (29.0)
96 : [192, 193] (34.0)
97 : [195, 199] (37.0)
98 : [200] (31.0)
99 : [194, 196] (34.0)
100 : [198, 206] (35.0)
101 : [202, 205] (36.0)
102 : [197, 201, 203, 204] (46.0)
103 : [] (0.0)
104 : [207, 209] (45.0)
105 : [215, 217] (43.0)
106 : [211, 213] (40.0)
107 : [208, 210, 214] (36.0)
108 : [212, 221] (34.0)
109 : [216, 218, 219] (49.0)
110 : [220, 223] (42.0)
111 : [222, 226, 227] (46.0)
112 : [] (0.0)
113 : [228, 229] (35.0)
114 : [224, 231] (31.0)
115 : [230, 236] (35.0)
116 : [225, 232] (35.0)
117 : [233, 234] (38.0)
118 : [235, 239, 241] (31.0)
119 : [238] (33.0)
120 : [237, 243, 247] (46.0)
121 : [240, 246] (43.0)
122 : [244, 245, 249] (44.0)
123 : [242, 248] (51.0)
124 : [251, 255] (45.0)
125 : [] (0.0)
126 : [252, 253] (36.0)
127 : [258, 259] (36.0)
128 : [250, 262] (32.0)
129 : [254, 256, 257] (47.0)
130 : [260, 264] (31.0)
131 : [261, 263] (45.0)
132 : [265, 267] (40.0)
133 : [266, 272] (36.0)
134 : [268, 271] (30.0)
135 : [269, 270] (42.0)
136 : [273, 279] (31.0)
137 : [274, 277, 278] (37.0)
138 : [276, 281] (36.0)
139 : [275] (30.0)
140 : [] (0.0)
141 : [280, 284] (47.0)
142 : [283, 287] (49.0)
143 : [282, 286, 288, 293] (46.0)
144 : [285, 289] (43.0)
145 : [] (0.0)
146 : [290, 295, 298] (40.0)
147 : [292, 294] (49.0)
148 : [291, 296] (45.0)
149 : [301, 303] (32.0)
150 : [297, 300] (35.0)
151 : [299, 305] (45.0)
152 : [304, 309] (44.0)
153 : [307, 311] (32.0)
154 : [302, 306] (41.0)
155 : [310, 318] (33.0)
156 : [308, 312] (34.0)
157 : [313, 317] (35.0)
158 : [315] (30.0)
159 : [314, 319] (34.0)
160 : [325] (30.0)
161 : [320, 326] (47.0)
162 : [316, 323, 324] (33.0)
163 : [322, 327] (37.0)
164 : [321, 329] (39.0)
165 : [332, 339] (53.0)
166 : [330, 331, 336] (48.0)
167 : [328, 334, 335] (50.0)
168 : [337, 345] (44.0)
169 : [333, 338, 340] (35.0)
170 : [341, 342] (54.0)
171 : [347] (31.0)
172 : [343, 344] (30.0)
173 : [348, 350] (39.0)
174 : [353] (32.0)
175 : [346, 349, 352] (30.0)
176 : [354] (34.0)
177 : [351, 360] (40.0)
178 : [355, 356, 357] (42.0)
179 : [362] (32.0)
180 : [359, 361, 363] (33.0)
181 : [358, 371] (38.0)
182 : [364, 365] (38.0)
183 : [366, 375] (32.0)
184 : [369] (33.0)
185 : [367, 368, 372] (40.0)
186 : [374, 377] (47.0)
187 : [381] (33.0)
188 : [370, 373] (55.0)
189 : [379, 380] (37.0)
190 : [376, 378, 382, 388] (34.0)
191 : [] (0.0)
192 : [385, 386] (36.0)
193 : [383] (34.0)
194 : [384, 389] (54.0)
195 : [387, 396] (31.0)
196 : [390, 391] (39.0)
197 : [392, 394, 399] (36.0)
198 : [395] (29.0)
199 : [397, 398] (46.0)
200 : [393, 400] (47.0)
201 : [402, 403] (39.0)
202 : [401, 404] (46.0)
203 : [405, 407] (44.0)
204 : [412, 414] (44.0)
205 : [408, 409] (39.0)
206 : [406, 418] (40.0)
207 : [410, 415, 419] (38.0)
208 : [411, 421] (49.0)
209 : [413, 417] (46.0)
210 : [416, 420] (33.0)
211 : [422, 425] (46.0)
212 : [423, 424] (34.0)
213 : [426, 427] (40.0)
214 : [430, 431] (40.0)
215 : [428, 437] (48.0)
216 : [429, 434] (52.0)
217 : [433, 435] (42.0)
218 : [432, 436, 439] (32.0)
219 : [] (0.0)
220 : [440, 444] (40.0)
221 : [438, 443] (47.0)
222 : [441, 450] (44.0)
223 : [442, 453] (36.0)
224 : [446, 448] (44.0)
225 : [447, 451] (46.0)
226 : [445, 454] (44.0)
227 : [452, 455] (41.0)
228 : [449, 456, 457] (49.0)
229 : [458, 463, 468] (37.0)
230 : [460] (36.0)
231 : [459, 464] (59.0)
232 : [462, 465, 473] (38.0)
233 : [461, 469, 470, 477] (34.0)
234 : [466, 467, 478, 480] (48.0)
235 : [472, 474] (38.0)
236 : [475, 476] (33.0)
237 : [471, 483] (30.0)
238 : [481, 482, 484] (42.0)
239 : [485, 488, 492] (46.0)
240 : [479, 489] (55.0)
241 : [491, 495, 496] (46.0)
242 : [486, 487, 493, 494] (50.0)
243 : [490, 497, 500, 501] (48.0)
244 : [499, 504, 507] (46.0)
245 : [498, 502, 506] (45.0)
246 : [503, 505, 519] (46.0)
247 : [511, 512, 513, 516] (48.0)
248 : [508, 509] (36.0)
249 : [510, 514, 517] (40.0)
250 : [518, 520, 521, 525] (35.0)
251 : [515, 523, 524] (36.0)
252 : [522, 532] (38.0)
253 : [526, 529] (34.0)
254 : [530, 531, 540] (33.0)
255 : [528, 534] (48.0)
256 : [527, 533, 543] (30.0)
257 : [536, 539, 542, 546] (36.0)
258 : [537] (35.0)
259 : [535, 538, 551] (36.0)
260 : [541, 552] (38.0)
261 : [545, 547, 548, 550] (44.0)
262 : [544, 553, 555] (37.0)
263 : [554, 557] (33.0)
264 : [549, 558] (38.0)
265 : [556, 560, 561, 563, 572] (50.0)
266 : [562, 570, 573] (47.0)
267 : [559, 564] (39.0)
268 : [566, 568, 569, 571] (49.0)
269 : [565, 574] (59.0)
270 : [567, 575, 576, 578, 579, 582] (43.0)
271 : [581, 584, 585, 590] (48.0)
272 : [583, 588] (45.0)
273 : [586, 589, 592] (48.0)
274 : [577, 587, 594, 595] (47.0)
275 : [580, 591] (49.0)
276 : [593, 600, 603] (39.0)
277 : [596, 599, 602, 609] (37.0)
278 : [601, 604] (50.0)
279 : [597, 598] (43.0)
280 : [607, 608, 612, 614, 620] (50.0)
281 : [605, 606, 615] (30.0)
282 : [611, 622] (30.0)
283 : [610, 613] (49.0)
284 : [619, 621] (41.0)
285 : [618, 623, 624, 626] (49.0)
286 : [616, 617, 630] (49.0)
287 : [628, 629, 633] (50.0)
288 : [625, 631, 632] (49.0)
289 : [627, 635, 638, 648] (43.0)
290 : [634, 639, 644, 647] (44.0)
291 : [636, 642, 645] (49.0)
292 : [637, 643] (49.0)
293 : [640, 641, 654] (57.0)
294 : [646, 652, 660] (49.0)
295 : [649, 650, 651, 653] (49.0)
296 : [655, 656, 666] (45.0)
297 : [658, 663] (44.0)
298 : [657, 661, 662] (48.0)
299 : [659, 669] (33.0)
300 : [664, 665, 667, 668, 671, 676, 677] (47.0)
301 : [670, 672, 674] (43.0)
302 : [681, 682] (46.0)
303 : [673, 685, 686, 689] (44.0)
304 : [675] (33.0)
305 : [679, 680, 684, 691] (47.0)
306 : [678] (34.0)
307 : [683, 690, 694] (47.0)
308 : [687, 699] (49.0)
309 : [688, 692, 695, 696, 703] (49.0)
310 : [702, 704] (45.0)
311 : [693, 697, 707] (52.0)
312 : [701, 705, 706] (43.0)
313 : [698, 700, 711] (40.0)
314 : [708, 710, 713, 714] (47.0)
315 : [709, 717, 720, 726] (52.0)
316 : [715, 721] (47.0)
317 : [712, 723] (50.0)
318 : [719, 735] (44.0)
319 : [716, 718, 727, 728] (46.0)
320 : [722, 729, 741] (43.0)
321 : [730, 732] (43.0)
322 : [724, 725, 731, 733, 737] (44.0)
323 : [736, 738] (42.0)
324 : [734, 740, 744, 752] (38.0)
325 : [742, 747] (52.0)
326 : [745, 751, 753] (57.0)
327 : [746, 750, 760] (64.0)
328 : [739, 743, 754, 757] (50.0)
329 : [748, 756, 759] (49.0)
330 : [755, 758, 761, 764, 768] (47.0)
331 : [749, 767, 769, 771] (46.0)
332 : [762, 763, 770] (36.0)
333 : [766, 772] (41.0)
334 : [774, 780] (39.0)
335 : [765, 776] (47.0)
336 : [778, 779, 781] (46.0)
337 : [773, 783, 786] (48.0)
338 : [775, 777, 785, 791] (45.0)
339 : [782, 792, 798] (50.0)
340 : [784, 793, 794] (44.0)
341 : [788, 790, 795] (52.0)
342 : [789, 802] (47.0)
343 : [787, 796] (40.0)
344 : [805, 806, 807] (47.0)
345 : [797, 800, 801] (50.0)
346 : [803, 804, 809] (30.0)
347 : [799, 810] (42.0)
348 : [811, 816] (50.0)
349 : [815, 820, 826] (36.0)
350 : [808, 812, 813, 814] (42.0)
351 : [817, 818, 821] (39.0)
352 : [819, 823, 827, 829] (41.0)
353 : [824, 825, 828, 830] (50.0)
354 : [822, 833, 838] (53.0)
355 : [831, 834] (54.0)
356 : [832, 841] (51.0)
357 : [836, 839, 844] (50.0)
358 : [835, 842, 849] (53.0)
359 : [837, 840, 855] (56.0)
360 : [843, 846, 847, 848] (59.0)
361 : [845, 852] (50.0)
362 : [851, 853, 865] (50.0)
363 : [856, 858, 866] (45.0)
364 : [850, 854, 857, 860, 861, 863] (46.0)
365 : [864, 867] (46.0)
366 : [859, 862, 873] (45.0)
367 : [868, 869, 870] (48.0)
368 : [871, 879, 885] (47.0)
369 : [872, 875, 881, 887] (50.0)
370 : [874, 876, 878, 882] (46.0)
371 : [877, 890] (50.0)
372 : [884, 894] (49.0)
373 : [883, 888, 898] (56.0)
374 : [886, 889, 892] (48.0)
375 : [880, 893] (51.0)
376 : [895, 896, 900] (50.0)
377 : [891, 897, 902] (47.0)
378 : [899, 903, 905, 906, 910] (43.0)
379 : [904, 909] (51.0)
380 : [901, 907] (39.0)
381 : [911, 912, 917, 920] (48.0)
382 : [908, 915, 918] (42.0)
383 : [913, 916] (55.0)
384 : [919, 926, 931] (49.0)
385 : [921, 932] (49.0)
386 : [914, 922, 933] (53.0)
387 : [925, 930, 936, 942] (52.0)
388 : [923, 929, 940] (52.0)
389 : [924, 927, 935, 939] (52.0)
390 : [934, 937] (55.0)
391 : [928, 938, 943] (42.0)
392 : [941, 944, 945, 948] (50.0)
393 : [947, 950, 951] (51.0)
394 : [946, 956, 957] (49.0)
395 : [952, 953, 954] (50.0)
396 : [949, 963] (50.0)
397 : [958, 959, 960] (50.0)
398 : [955, 966] (54.0)
399 : [965, 967, 969] (48.0)
400 : [962, 964, 968, 970] (52.0)
401 : [961, 972, 973] (46.0)
402 : [971, 974, 981, 986] (52.0)
403 : [975, 976, 980, 982] (48.0)
404 : [977, 979, 983] (46.0)
405 : [989, 991] (43.0)
406 : [978, 987, 998] (49.0)
407 : [985, 994] (48.0)
408 : [984, 999] (53.0)
409 : [988, 990, 992] (53.0)
410 : [993, 995, 996, 997] (49.0)
