Name: 1000-20-30
Time: 44.474143743515015 
Result: 23
Solution:  3 0 0 1 1 2 2 7 1 5 6 5 5 7 3 6 9 8 9 6 11 8 13 11 11 12 15 14 13 12 16 15 17 15 17 16 17 14 19 20 19 21 22 21 20 22 22 27 23 23 25 24 24 25 29 25 27 28 30 29 30 28 33 32 32 35 35 33 34 32 38 34 37 36 40 36 41 38 42 39 41 37 41 40 45 43 39 45 44 42 44 45 47 43 45 47 52 49 50 49 47 50 51 52 51 53 54 51 54 56 58 56 57 53 61 60 56 57 57 59 58 62 59 60 62 59 63 63 64 67 61 65 65 67 67 68 64 69 67 68 69 70 71 71 70 74 73 75 75 74 74 73 80 79 78 79 77 78 80 76 77 76 82 82 84 81 84 85 86 84 81 83 87 83 87 85 90 89 92 89 87 91 90 89 92 93 93 95 96 95 95 91 94 96 101 96 98 99 99 98 101 100 103 99 102 102 102 100 103 104 104 106 105 105 108 106 109 108 111 109 112 110 108 110 111 112 116 115 113 113 115 117 118 116 117 116 119 118 120 117 120 119 125 121 123 122 123 121 121 125 126 126 122 127 128 129 130 127 132 132 128 130 129 131 130 131 135 133 130 134 136 134 133 136 136 135 139 137 140 140 137 139 141 141 145 142 142 143 146 144 149 146 143 145 148 146 149 148 147 147 151 150 154 151 150 153 154 152 153 156 156 155 156 152 157 159 157 155 160 156 160 163 161 159 162 163 162 166 164 163 167 166 168 167 165 165 168 167 165 169 170 173 173 170 175 172 174 172 175 178 175 176 172 178 177 176 177 174 183 179 182 180 180 179 182 185 181 183 184 181 185 184 187 186 186 189 190 188 189 192 190 191 187 192 195 196 191 194 194 195 193 198 195 196 197 199 200 197 201 200 198 198 205 199 201 202 203 202 204 204 206 206 203 207 210 208 209 208 209 205 209 207 210 211 212 211 214 214 218 216 215 212 217 216 217 219 215 215 220 216 218 224 221 217 223 223 224 221 222 222 226 225 225 228 230 227 226 227 228 233 227 229 231 231 229 232 235 233 232 234 234 238 235 236 236 240 237 237 239 243 238 241 240 242 239 241 244 243 242 247 244 245 246 244 245 248 247 248 251 249 250 250 251 252 249 252 249 254 257 254 254 256 253 255 258 259 253 258 259 255 259 260 256 261 259 261 260 259 262 259 262 263 262 262 266 264 263 264 265 264 264 262 268 270 266 268 267 265 268 267 271 266 269 268 270 269 273 271 270 272 275 273 272 273 274 274 277 271 276 275 275 276 276 277 275 273 277 280 278 278 278 283 281 280 282 284 279 284 281 283 284 279 283 282 284 281 285 286 282 285 286 285 286 286 287 286 287 291 288 288 290 288 289 291 292 290 289 289 291 289 294 292 293 292 295 296 292 296 297 294 295 295 298 292 298 298 293 299 294 297 300 299 296 303 302 298 301 300 299 302 300 303 305 304 303 300 301 304 308 305 306 304 304 307 303 307 308 305 306 309 310 311 309 310 312 308 312 315 311 311 312 313 314 314 315 314 313 316 318 314 313 316 317 312 317 316 315 318 319 315 319 319 315 322 320 320 321 320 323 325 322 322 323 324 323 325 325 321 323 324 326 324 328 327 327 327 326 325 328 331 328 329 329 330 329 328 331 334 330 332 334 331 333 334 335 332 333 334 333 336 338 334 334 335 338 337 334 336 338 336 340 337 340 341 339 338 342 337 341 342 343 339 342 344 345 342 344 343 344 345 347 348 344 346 349 347 350 344 348 348 346 346 351 349 351 350 352 353 351 352 350 352 356 356 353 354 353 353 355 354 354 355 356 359 360 358 357 359 359 361 361 357 363 358 363 357 362 359 360 366 362 362 364 363 362 363 363 367 364 365 362 365 365 369 367 368 371 369 366 369 367 366 368 370 370 370 372 371 371 371 373 373 373 371 372 374 374 374 375 375 376 377 375 376 375 377 376 378 378 379 380 379 379 378 380 377 381 379 381 383 384 384 382 382 382 385 380 383 387 385 383 384 383 387 388 383 386 386 391 384 391 391 390 389 390 389 388 392 392 392 394 390 392 394 395 393 395 394 399 397 395 396 394 397 397 397 396 398 394 398 400 398 403 402 401 400 401 402 400 399 403 405 407 406 404 404 405 403 404 405 402 408 405 406 407 405 404 410 405 408 412 408 410 410 409 411 412 409 411 414 412 412 413 413 409 418 414 415 416 413 414 416 413 418 418 417 418 415 418 417
0 : [1, 2] (21.0)
1 : [3, 4, 8] (27.0)
2 : [5, 6] (21.0)
3 : [0, 14] (29.0)
4 : [] (0.0)
5 : [9, 11, 12] (22.0)
6 : [10, 15, 19] (21.0)
7 : [7, 13] (25.0)
8 : [17, 21] (19.0)
9 : [16, 18] (26.0)
10 : [] (0.0)
11 : [20, 23, 24] (23.0)
12 : [25, 29] (23.0)
13 : [22, 28] (23.0)
14 : [27, 37] (26.0)
15 : [26, 31, 33] (21.0)
16 : [30, 35] (22.0)
17 : [32, 34, 36] (31.0)
18 : [] (0.0)
19 : [38, 40] (24.0)
20 : [39, 44] (26.0)
21 : [41, 43] (22.0)
22 : [42, 45, 46] (16.0)
23 : [48, 49] (20.0)
24 : [51, 52] (30.0)
25 : [50, 53, 55] (19.0)
26 : [] (0.0)
27 : [47, 56] (25.0)
28 : [57, 61] (19.0)
29 : [54, 59] (22.0)
30 : [58, 60] (17.0)
31 : [] (0.0)
32 : [63, 64, 69] (21.0)
33 : [62, 67] (23.0)
34 : [68, 71] (17.0)
35 : [65, 66] (23.0)
36 : [73, 75] (27.0)
37 : [72, 81] (19.0)
38 : [70, 77] (31.0)
39 : [79, 86] (24.0)
40 : [74, 83] (22.0)
41 : [76, 80, 82] (24.0)
42 : [78, 89] (29.0)
43 : [85, 93] (34.0)
44 : [88, 90] (20.0)
45 : [84, 87, 91, 94] (29.0)
46 : [] (0.0)
47 : [92, 95, 100] (21.0)
48 : [] (0.0)
49 : [97, 99] (23.0)
50 : [98, 101] (21.0)
51 : [102, 104, 107] (24.0)
52 : [96, 103] (25.0)
53 : [105, 113] (27.0)
54 : [106, 108] (27.0)
55 : [] (0.0)
56 : [109, 111, 116] (22.0)
57 : [112, 117, 118] (20.0)
58 : [110, 120] (25.0)
59 : [119, 122, 125] (21.0)
60 : [115, 123] (24.0)
61 : [114, 130] (27.0)
62 : [121, 124] (30.0)
63 : [126, 127] (21.0)
64 : [128, 136] (32.0)
65 : [131, 132] (20.0)
66 : [] (0.0)
67 : [129, 133, 134, 138] (27.0)
68 : [135, 139] (29.0)
69 : [137, 140] (22.0)
70 : [141, 144] (26.0)
71 : [142, 143] (21.0)
72 : [] (0.0)
73 : [146, 151] (22.0)
74 : [145, 149, 150] (20.0)
75 : [147, 148] (26.0)
76 : [159, 161] (23.0)
77 : [156, 160] (18.0)
78 : [154, 157] (27.0)
79 : [153, 155] (21.0)
80 : [152, 158] (21.0)
81 : [165, 170] (30.0)
82 : [162, 163] (22.0)
83 : [171, 173] (23.0)
84 : [164, 166, 169] (21.0)
85 : [167, 175] (24.0)
86 : [168] (19.0)
87 : [172, 174, 180] (20.0)
88 : [] (0.0)
89 : [177, 179, 183] (20.0)
90 : [176, 182] (31.0)
91 : [181, 191] (30.0)
92 : [178, 184] (26.0)
93 : [185, 186] (23.0)
94 : [192] (21.0)
95 : [187, 189, 190] (22.0)
96 : [188, 193, 195] (26.0)
97 : [] (0.0)
98 : [196, 199] (27.0)
99 : [197, 198, 203] (22.0)
100 : [201, 207] (30.0)
101 : [194, 200] (24.0)
102 : [204, 205, 206] (28.0)
103 : [202, 208] (25.0)
104 : [209, 210] (22.0)
105 : [212, 213] (22.0)
106 : [211, 215] (29.0)
107 : [] (0.0)
108 : [214, 217, 222] (24.0)
109 : [216, 219] (26.0)
110 : [221, 223] (21.0)
111 : [218, 224] (29.0)
112 : [220, 225] (18.0)
113 : [228, 229] (23.0)
114 : [] (0.0)
115 : [227, 230] (27.0)
116 : [226, 233, 235] (25.0)
117 : [231, 234, 239] (24.0)
118 : [232, 237] (28.0)
119 : [236, 241] (25.0)
120 : [238, 240] (32.0)
121 : [243, 247, 248] (32.0)
122 : [245, 252] (20.0)
123 : [244, 246] (26.0)
124 : [] (0.0)
125 : [242, 249] (30.0)
126 : [250, 251] (23.0)
127 : [253, 257] (25.0)
128 : [254, 260] (30.0)
129 : [255, 262] (22.0)
130 : [256, 261, 264, 268] (26.0)
131 : [263, 265] (28.0)
132 : [258, 259] (23.0)
133 : [267, 272] (22.0)
134 : [269, 271] (33.0)
135 : [266, 275] (30.0)
136 : [270, 273, 274] (21.0)
137 : [277, 280] (24.0)
138 : [] (0.0)
139 : [276, 281] (23.0)
140 : [278, 279] (23.0)
141 : [282, 283] (24.0)
142 : [285, 286] (28.0)
143 : [287, 292] (26.0)
144 : [289] (22.0)
145 : [284, 293] (18.0)
146 : [288, 291, 295] (18.0)
147 : [298, 299] (24.0)
148 : [294, 297] (27.0)
149 : [290, 296] (29.0)
150 : [301, 304] (31.0)
151 : [300, 303] (31.0)
152 : [307, 313] (24.0)
153 : [305, 308] (26.0)
154 : [302, 306] (26.0)
155 : [311, 317] (24.0)
156 : [309, 310, 312, 319] (30.0)
157 : [314, 316] (21.0)
158 : [] (0.0)
159 : [315, 323] (22.0)
160 : [318, 320] (26.0)
161 : [322] (19.0)
162 : [324, 326] (28.0)
163 : [321, 325, 329] (20.0)
164 : [328] (22.0)
165 : [334, 335, 338] (26.0)
166 : [327, 331] (26.0)
167 : [330, 333, 337] (28.0)
168 : [332, 336] (28.0)
169 : [339] (22.0)
170 : [340, 343] (19.0)
171 : [] (0.0)
172 : [345, 347, 352] (25.0)
173 : [341, 342] (29.0)
174 : [346, 357] (27.0)
175 : [344, 348, 350] (23.0)
176 : [351, 355] (25.0)
177 : [354, 356] (37.0)
178 : [349, 353] (31.0)
179 : [359, 363] (20.0)
180 : [361, 362] (21.0)
181 : [366, 369] (29.0)
182 : [360, 364] (27.0)
183 : [358, 367] (31.0)
184 : [368, 371] (27.0)
185 : [365, 370] (20.0)
186 : [373, 374] (24.0)
187 : [372, 382] (27.0)
188 : [377] (18.0)
189 : [375, 378] (20.0)
190 : [376, 380] (22.0)
191 : [381, 386] (23.0)
192 : [379, 383] (29.0)
193 : [390] (20.0)
194 : [387, 388] (30.0)
195 : [384, 389, 392] (29.0)
196 : [385, 393] (28.0)
197 : [394, 397] (28.0)
198 : [391, 400, 401] (30.0)
199 : [395, 403] (28.0)
200 : [396, 399] (22.0)
201 : [398, 404] (29.0)
202 : [405, 407] (24.0)
203 : [406, 412] (19.0)
204 : [408, 409] (25.0)
205 : [402, 419] (27.0)
206 : [410, 411] (25.0)
207 : [413, 421] (27.0)
208 : [415, 417] (27.0)
209 : [416, 418, 420] (30.0)
210 : [414, 422] (27.0)
211 : [423, 425] (30.0)
212 : [424, 431] (30.0)
213 : [] (0.0)
214 : [426, 427] (25.0)
215 : [430, 436, 437] (27.0)
216 : [429, 433, 439] (23.0)
217 : [432, 434, 443] (30.0)
218 : [428, 440] (26.0)
219 : [435] (22.0)
220 : [438] (21.0)
221 : [442, 447] (29.0)
222 : [448, 449] (25.0)
223 : [444, 445] (25.0)
224 : [441, 446] (24.0)
225 : [451, 452] (24.0)
226 : [450, 456] (31.0)
227 : [455, 457, 460] (22.0)
228 : [453, 458] (24.0)
229 : [461, 464] (31.0)
230 : [454] (21.0)
231 : [462, 463] (26.0)
232 : [465, 468] (30.0)
233 : [459, 467] (24.0)
234 : [469, 470] (20.0)
235 : [466, 472] (26.0)
236 : [473, 474] (21.0)
237 : [476, 477] (26.0)
238 : [471, 480] (26.0)
239 : [478, 484] (24.0)
240 : [475, 482] (32.0)
241 : [481, 485] (33.0)
242 : [483, 488] (33.0)
243 : [479, 487] (26.0)
244 : [486, 490, 493] (23.0)
245 : [491, 494] (25.0)
246 : [492] (21.0)
247 : [489, 496] (21.0)
248 : [495, 497] (33.0)
249 : [499, 504, 506] (29.0)
250 : [500, 501] (26.0)
251 : [498, 502] (31.0)
252 : [503, 505] (24.0)
253 : [512, 516] (22.0)
254 : [507, 509, 510] (30.0)
255 : [513, 519] (30.0)
256 : [511, 522] (34.0)
257 : [508] (24.0)
258 : [514, 517] (20.0)
259 : [515, 518, 520, 524, 527, 529] (27.0)
260 : [521, 526] (23.0)
261 : [523, 525] (25.0)
262 : [528, 530, 532, 533, 541] (26.0)
263 : [531, 536] (30.0)
264 : [535, 537, 539, 540] (20.0)
265 : [538, 547] (30.0)
266 : [534, 544, 551] (22.0)
267 : [546, 549] (20.0)
268 : [542, 545, 548, 553] (19.0)
269 : [552, 555] (26.0)
270 : [543, 554, 558] (28.0)
271 : [550, 557, 567] (30.0)
272 : [559, 562] (25.0)
273 : [556, 561, 563, 575] (27.0)
274 : [564, 565] (28.0)
275 : [560, 569, 570, 574] (24.0)
276 : [568, 571, 572] (35.0)
277 : [566, 573, 576] (28.0)
278 : [578, 579, 580] (23.0)
279 : [586, 591] (27.0)
280 : [577, 583] (31.0)
281 : [582, 588, 595] (31.0)
282 : [584, 593, 598] (30.0)
283 : [581, 589, 592] (26.0)
284 : [585, 587, 590, 594] (21.0)
285 : [596, 599, 601] (27.0)
286 : [597, 600, 602, 603, 605] (29.0)
287 : [604, 606] (25.0)
288 : [608, 609, 611] (21.0)
289 : [612, 616, 617, 619] (27.0)
290 : [610, 615] (31.0)
291 : [607, 613, 618] (20.0)
292 : [614, 621, 623, 626, 633] (27.0)
293 : [622, 636] (29.0)
294 : [620, 629, 638] (30.0)
295 : [624, 630, 631] (30.0)
296 : [625, 627, 642] (29.0)
297 : [628, 639] (29.0)
298 : [632, 634, 635, 645] (30.0)
299 : [637, 641, 648] (26.0)
300 : [640, 647, 650, 655] (30.0)
301 : [646, 656] (24.0)
302 : [644, 649] (26.0)
303 : [643, 651, 654, 664] (30.0)
304 : [653, 657, 661, 662] (26.0)
305 : [652, 659, 667] (29.0)
306 : [660, 668] (21.0)
307 : [663, 665] (31.0)
308 : [658, 666, 675] (30.0)
309 : [669, 672] (27.0)
310 : [670, 673] (26.0)
311 : [671, 678, 679] (22.0)
312 : [674, 676, 680, 693] (24.0)
313 : [681, 686, 690] (30.0)
314 : [682, 683, 685, 689] (29.0)
315 : [677, 684, 696, 699, 702] (29.0)
316 : [687, 691, 695] (31.0)
317 : [692, 694] (31.0)
318 : [688, 697] (29.0)
319 : [698, 700, 701] (31.0)
320 : [704, 705, 707] (29.0)
321 : [706, 717] (31.0)
322 : [703, 710, 711] (27.0)
323 : [708, 712, 714, 718] (30.0)
324 : [713, 719, 721] (26.0)
325 : [709, 715, 716, 727] (27.0)
326 : [720, 726] (32.0)
327 : [723, 724, 725] (27.0)
328 : [722, 728, 730, 735] (30.0)
329 : [731, 732, 734] (29.0)
330 : [733, 738] (30.0)
331 : [729, 736, 741] (33.0)
332 : [739, 745] (29.0)
333 : [742, 746, 748] (30.0)
334 : [737, 740, 743, 747, 751, 752, 756] (29.0)
335 : [744, 753] (31.0)
336 : [749, 757, 759] (30.0)
337 : [755, 761, 767] (27.0)
338 : [750, 754, 758, 765] (28.0)
339 : [764, 771] (27.0)
340 : [760, 762] (24.0)
341 : [763, 768] (29.0)
342 : [766, 769, 772, 775] (30.0)
343 : [770, 777] (27.0)
344 : [773, 776, 778, 782, 787] (30.0)
345 : [774, 779] (23.0)
346 : [783, 790, 791] (26.0)
347 : [780, 785] (26.0)
348 : [781, 788, 789] (30.0)
349 : [784, 793] (30.0)
350 : [786, 795, 800] (20.0)
351 : [792, 794, 798] (30.0)
352 : [796, 799, 801] (29.0)
353 : [797, 804, 806, 807] (26.0)
354 : [805, 809, 810] (30.0)
355 : [808, 811] (33.0)
356 : [802, 803, 812] (24.0)
357 : [816, 821, 825] (30.0)
358 : [815, 823] (24.0)
359 : [813, 817, 818, 827] (30.0)
360 : [814, 828] (26.0)
361 : [819, 820] (26.0)
362 : [826, 830, 831, 834, 840] (30.0)
363 : [822, 824, 833, 835, 836] (28.0)
364 : [832, 838] (31.0)
365 : [839, 841, 842] (31.0)
366 : [829, 848, 851] (30.0)
367 : [837, 844, 850] (39.0)
368 : [845, 852] (33.0)
369 : [843, 847, 849] (33.0)
370 : [853, 854, 855] (30.0)
371 : [846, 857, 858, 859, 863] (30.0)
372 : [856, 864] (30.0)
373 : [860, 861, 862] (31.0)
374 : [865, 866, 867] (30.0)
375 : [868, 869, 872, 874] (30.0)
376 : [870, 873, 876] (34.0)
377 : [871, 875, 885] (30.0)
378 : [877, 878, 883] (30.0)
379 : [879, 881, 882, 887] (30.0)
380 : [880, 884, 896] (30.0)
381 : [886, 888] (29.0)
382 : [892, 893, 894] (30.0)
383 : [889, 897, 900, 902, 905] (30.0)
384 : [890, 891, 901, 909] (31.0)
385 : [895, 899] (29.0)
386 : [906, 907] (39.0)
387 : [898, 903] (33.0)
388 : [904, 916] (31.0)
389 : [913, 915] (29.0)
390 : [912, 914, 921] (26.0)
391 : [908, 910, 911] (30.0)
392 : [917, 918, 919, 922] (25.0)
393 : [925] (22.0)
394 : [920, 923, 927, 932, 938] (28.0)
395 : [924, 926, 930] (25.0)
396 : [931, 936] (26.0)
397 : [929, 933, 934, 935] (29.0)
398 : [937, 939, 941] (32.0)
399 : [928, 949] (33.0)
400 : [940, 945, 948] (34.0)
401 : [944, 946] (36.0)
402 : [943, 947, 960] (34.0)
403 : [942, 950, 957] (24.0)
404 : [954, 955, 958, 966] (28.0)
405 : [951, 956, 959, 962, 965, 968] (28.0)
406 : [953, 963] (29.0)
407 : [952, 964] (36.0)
408 : [961, 969, 971] (31.0)
409 : [974, 977, 984] (30.0)
410 : [967, 972, 973] (32.0)
411 : [975, 978] (30.0)
412 : [970, 976, 980, 981] (29.0)
413 : [982, 983, 989, 992] (27.0)
414 : [979, 986, 990] (29.0)
415 : [987, 997] (27.0)
416 : [988, 991] (31.0)
417 : [995, 999] (38.0)
418 : [985, 993, 994, 996, 998] (26.0)
