Name: 100-20-30
Time: 3.6600050926208496 
Result: 13
Solution:  0 2 3 4 0 2 0 3 1 5 1 3 6 6 9 7 4 7 5 11 9 11 7 11 13 13 12 12 13 15 14 15 17 16 14 17 19 19 16 16 20 21 21 22 20 24 21 23 23 22 25 24 27 26 26 27 25 28 29 30 28 30 34 31 29 30 33 33 32 32 37 35 34 35 36 39 37 34 38 42 40 38 41 39 40 44 44 43 43 45 41 46 46 45 42 46 47 47 47 45
0 : [0, 4, 6] (23.0)
1 : [8, 10] (22.0)
2 : [1, 5] (25.0)
3 : [2, 7, 11] (30.0)
4 : [3, 16] (23.0)
5 : [9, 18] (23.0)
6 : [12, 13] (21.0)
7 : [15, 17, 22] (27.0)
8 : [] (0.0)
9 : [14, 20] (26.0)
10 : [] (0.0)
11 : [19, 21, 23] (27.0)
12 : [26, 27] (22.0)
13 : [24, 25, 28] (30.0)
14 : [30, 34] (30.0)
15 : [29, 31] (26.0)
16 : [33, 38, 39] (27.0)
17 : [32, 35] (24.0)
18 : [] (0.0)
19 : [36, 37] (24.0)
20 : [40, 44] (21.0)
21 : [41, 42, 46] (27.0)
22 : [43, 49] (27.0)
23 : [47, 48] (32.0)
24 : [45, 51] (28.0)
25 : [50, 56] (20.0)
26 : [53, 54] (27.0)
27 : [52, 55] (23.0)
28 : [57, 60] (32.0)
29 : [58, 64] (29.0)
30 : [59, 61, 65] (30.0)
31 : [63] (23.0)
32 : [68, 69] (27.0)
33 : [66, 67] (26.0)
34 : [62, 72, 77] (28.0)
35 : [71, 73] (32.0)
36 : [74] (25.0)
37 : [70, 76] (26.0)
38 : [78, 81] (32.0)
39 : [75, 83] (22.0)
40 : [80, 84] (20.0)
41 : [82, 90] (29.0)
42 : [79, 94] (28.0)
43 : [87, 88] (22.0)
44 : [85, 86] (33.0)
45 : [89, 93, 99] (29.0)
46 : [91, 92, 95] (29.0)
47 : [96, 97, 98] (22.0)
