Name: 1000-40-75
Time: 46.75137543678284 
Result: 65
Solution:  0 0 1 1 5 2 2 4 2 4 4 7 5 10 9 7 8 11 10 8 12 8 7 9 9 11 12 13 14 14 15 12 16 13 15 17 16 17 18 16 20 18 21 21 20 23 24 22 22 23 24 27 27 26 27 28 29 26 31 29 28 29 33 34 32 32 33 35 33 37 35 31 36 34 36 37 36 38 38 38 38 39 39 43 42 42 44 43 46 42 44 46 50 47 48 47 50 51 49 48 49 48 51 50 53 53 52 52 54 54 55 54 58 56 55 59 56 62 56 60 62 61 59 61 60 62 63 63 66 65 63 66 68 69 65 67 67 65 71 69 69 73 71 74 74 68 73 74 76 75 76 78 80 77 79 79 77 78 82 75 80 77 81 84 82 81 83 81 82 85 83 85 88 85 86 85 88 84 86 93 90 88 94 93 91 90 92 95 91 92 97 94 95 97 97 98 99 101 98 99 102 100 101 99 104 100 105 103 102 103 104 106 106 105 107 107 108 108 109 107 111 109 112 112 111 110 115 114 110 114 116 115 116 116 117 117 119 118 118 120 120 121 121 122 119 123 123 124 126 122 124 129 126 126 127 124 128 132 128 130 130 131 132 131 133 134 136 132 134 138 135 134 133 135 137 140 140 140 136 138 141 140 141 139 142 142 144 145 144 145 143 148 143 149 147 149 150 145 150 148 147 151 151 150 150 152 152 153 154 154 155 155 156 156 153 157 159 158 157 158 163 159 160 158 161 164 163 166 167 161 165 166 165 164 167 168 170 166 167 172 172 169 171 170 176 175 169 173 175 174 173 178 174 177 179 178 176 181 183 178 180 177 179 180 184 182 185 181 184 183 186 185 185 187 187 191 188 186 189 193 191 192 191 188 190 192 194 196 195 194 195 193 195 198 196 197 199 198 199 201 197 200 201 203 200 205 206 204 203 204 205 207 205 208 205 207 212 209 210 211 212 209 213 210 214 211 215 213 214 215 217 212 216 219 217 220 220 218 216 219 223 222 218 220 221 222 222 224 228 221 226 224 224 228 227 225 229 230 227 231 230 231 229 228 232 233 234 236 235 233 235 237 233 234 238 237 237 236 238 240 239 239 242 241 240 242 245 241 243 243 246 244 244 249 248 246 246 250 248 247 250 253 248 251 252 253 256 249 252 255 255 252 257 257 259 256 260 254 259 258 260 260 258 262 263 261 262 262 266 267 263 261 266 268 268 264 265 268 266 269 272 267 272 273 274 270 271 271 272 274 275 276 276 273 273 277 277 278 279 281 283 279 282 281 280 286 282 284 284 283 285 285 288 287 286 286 287 284 290 289 288 290 290 292 292 293 296 295 293 294 295 296 298 294 300 298 299 299 302 300 297 301 302 304 305 304 303 301 306 303 301 309 307 308 308 307 307 311 306 309 311 310 310 312 313 314 313 310 315 315 317 317 316 314 318 319 318 320 316 321 319 319 323 323 321 320 324 325 325 324 326 322 326 326 325 329 327 327 329 333 331 330 328 332 331 332 334 335 334 336 335 338 336 333 338 341 337 337 341 339 340 340 339 341 342 343 342 343 346 344 348 345 344 346 348 345 347 347 350 350 353 349 349 351 354 353 354 352 356 354 354 355 356 355 360 357 358 358 359 359 361 361 357 364 360 363 362 362 366 364 369 363 365 367 368 368 369 365 366 370 374 371 373 369 372 373 370 372 376 375 376 379 379 374 380 373 377 380 379 382 379 383 381 378 383 382 381 384 385 384 385 389 386 386 386 387 391 392 392 391 388 390 393 388 389 392 393 395 390 394 394 395 395 396 397 399 398 396 398 401 399 398 401 403 400 402 405 404 402 400 406 406 403 405 404 407 409 407 410 408 413 411 413 409 410 408 414 414 411 415 412 415 418 417 416 416 420 417 419 418 422 419 421 421 422 425 423 420 425 427 424 428 423 426 424 427 431 428 429 429 430 426 433 433 431 434 430 437 432 432 435 438 436 436 438 435 440 437 440 442 442 440 441 439 444 439 443 441 445 445 444 446 447 443 447 448 446 448 450 450 451 446 449 453 449 455 452 452 454 453 455 458 451 453 456 454 461 455 459 458 457 458 456 455 461 459 460 461 460 460 457 465 463 463 460 462 463 467 462 462 464 464 464 466 467 465 466 471 466 468 468 472 473 467 469 470 470 470 471 468 468 473 475 469 474 474 471 474 475 472 476 476 476 473 476 477 475 477 478 480 480 480 479 481 479 478 478 483 481 482 477 481 483 483 483 481 482 484 484 484
0 : [0, 1] (40.0)
1 : [2, 3] (40.0)
2 : [5, 6, 8] (44.0)
3 : [] (0.0)
4 : [7, 9, 10] (53.0)
5 : [4, 12] (51.0)
6 : [] (0.0)
7 : [11, 15, 22] (74.0)
8 : [16, 19, 21] (52.0)
9 : [14, 23, 24] (57.0)
10 : [13, 18] (46.0)
11 : [17, 25] (52.0)
12 : [20, 26, 31] (52.0)
13 : [27, 33] (53.0)
14 : [28, 29] (41.0)
15 : [30, 34] (58.0)
16 : [32, 36, 39] (38.0)
17 : [35, 37] (43.0)
18 : [38, 41] (38.0)
19 : [] (0.0)
20 : [40, 44] (42.0)
21 : [42, 43] (41.0)
22 : [47, 48] (46.0)
23 : [45, 49] (51.0)
24 : [46, 50] (42.0)
25 : [] (0.0)
26 : [53, 57] (64.0)
27 : [51, 52, 54] (40.0)
28 : [55, 60] (40.0)
29 : [56, 59, 61] (38.0)
30 : [] (0.0)
31 : [58, 71] (45.0)
32 : [64, 65] (42.0)
33 : [62, 66, 68] (38.0)
34 : [63, 73] (59.0)
35 : [67, 70] (58.0)
36 : [72, 74, 76] (56.0)
37 : [69, 75] (49.0)
38 : [77, 78, 79, 80] (75.0)
39 : [81, 82] (51.0)
40 : [] (0.0)
41 : [] (0.0)
42 : [84, 85, 89] (64.0)
43 : [83, 87] (44.0)
44 : [86, 90] (46.0)
45 : [] (0.0)
46 : [88, 91] (41.0)
47 : [93, 95] (53.0)
48 : [94, 99, 101] (42.0)
49 : [98, 100] (64.0)
50 : [92, 96, 103] (46.0)
51 : [97, 102] (53.0)
52 : [106, 107] (43.0)
53 : [104, 105] (43.0)
54 : [108, 109, 111] (57.0)
55 : [110, 114] (53.0)
56 : [113, 116, 118] (42.0)
57 : [] (0.0)
58 : [112] (39.0)
59 : [115, 122] (47.0)
60 : [119, 124] (62.0)
61 : [121, 123] (48.0)
62 : [117, 120, 125] (46.0)
63 : [126, 127, 130] (50.0)
64 : [] (0.0)
65 : [129, 134, 137] (46.0)
66 : [128, 131] (72.0)
67 : [135, 136] (54.0)
68 : [132, 145] (53.0)
69 : [133, 139, 140] (43.0)
70 : [] (0.0)
71 : [138, 142] (70.0)
72 : [] (0.0)
73 : [141, 146] (57.0)
74 : [143, 144, 147] (47.0)
75 : [149, 159] (54.0)
76 : [148, 150] (46.0)
77 : [153, 156, 161] (51.0)
78 : [151, 157] (57.0)
79 : [154, 155] (45.0)
80 : [152, 160] (53.0)
81 : [162, 165, 167] (45.0)
82 : [158, 164, 168] (72.0)
83 : [166, 170] (56.0)
84 : [163, 177] (71.0)
85 : [169, 171, 173, 175] (63.0)
86 : [174, 178] (54.0)
87 : [] (0.0)
88 : [172, 176, 181] (54.0)
89 : [] (0.0)
90 : [180, 185] (56.0)
91 : [184, 188] (44.0)
92 : [186, 189] (56.0)
93 : [179, 183] (42.0)
94 : [182, 191] (57.0)
95 : [187, 192] (51.0)
96 : [] (0.0)
97 : [190, 193, 194] (53.0)
98 : [195, 198] (60.0)
99 : [196, 199, 203] (43.0)
100 : [201, 205] (40.0)
101 : [197, 202] (59.0)
102 : [200, 208] (56.0)
103 : [207, 209] (43.0)
104 : [204, 210] (50.0)
105 : [206, 213] (51.0)
106 : [211, 212] (46.0)
107 : [214, 215, 219] (54.0)
108 : [216, 217] (48.0)
109 : [218, 221] (57.0)
110 : [225, 228] (61.0)
111 : [220, 224] (53.0)
112 : [222, 223] (49.0)
113 : [] (0.0)
114 : [227, 229] (44.0)
115 : [226, 231] (60.0)
116 : [230, 232, 233] (60.0)
117 : [234, 235] (49.0)
118 : [237, 238] (45.0)
119 : [236, 244] (39.0)
120 : [239, 240] (62.0)
121 : [241, 242] (56.0)
122 : [243, 249] (46.0)
123 : [245, 246] (53.0)
124 : [247, 250, 255] (40.0)
125 : [] (0.0)
126 : [248, 252, 253] (72.0)
127 : [254] (42.0)
128 : [256, 258] (54.0)
129 : [251] (42.0)
130 : [259, 260] (50.0)
131 : [261, 263] (60.0)
132 : [257, 262, 267] (53.0)
133 : [264, 272] (53.0)
134 : [265, 268, 271] (50.0)
135 : [270, 273] (69.0)
136 : [266, 278] (62.0)
137 : [274] (43.0)
138 : [269, 279] (50.0)
139 : [283] (41.0)
140 : [275, 276, 277, 281] (72.0)
141 : [280, 282] (47.0)
142 : [284, 285] (51.0)
143 : [290, 292] (47.0)
144 : [286, 288] (70.0)
145 : [287, 289, 297] (46.0)
146 : [] (0.0)
147 : [294, 300] (66.0)
148 : [291, 299] (61.0)
149 : [293, 295] (50.0)
150 : [296, 298, 303, 304] (69.0)
151 : [301, 302] (58.0)
152 : [305, 306] (71.0)
153 : [307, 314] (44.0)
154 : [308, 309] (52.0)
155 : [310, 311] (52.0)
156 : [312, 313] (52.0)
157 : [315, 318] (48.0)
158 : [317, 319, 323] (57.0)
159 : [316, 321] (50.0)
160 : [322] (44.0)
161 : [324, 329] (55.0)
162 : [] (0.0)
163 : [320, 326] (68.0)
164 : [325, 333] (69.0)
165 : [330, 332] (57.0)
166 : [327, 331, 337] (53.0)
167 : [328, 334, 338] (42.0)
168 : [335] (46.0)
169 : [341, 346] (48.0)
170 : [336, 343] (43.0)
171 : [342] (47.0)
172 : [339, 340] (54.0)
173 : [347, 350] (62.0)
174 : [349, 352] (64.0)
175 : [345, 348] (45.0)
176 : [344, 356] (45.0)
177 : [353, 361] (53.0)
178 : [351, 355, 359] (43.0)
179 : [354, 362] (73.0)
180 : [360, 363] (49.0)
181 : [357, 367] (64.0)
182 : [365] (46.0)
183 : [358, 369] (49.0)
184 : [364, 368] (53.0)
185 : [366, 371, 372] (58.0)
186 : [370, 377] (69.0)
187 : [373, 374] (63.0)
188 : [376, 383] (68.0)
189 : [378] (43.0)
190 : [384] (41.0)
191 : [375, 380, 382] (52.0)
192 : [381, 385] (50.0)
193 : [379, 391] (60.0)
194 : [386, 389] (49.0)
195 : [388, 390, 392] (58.0)
196 : [387, 394] (63.0)
197 : [395, 400] (65.0)
198 : [393, 397] (66.0)
199 : [396, 398] (67.0)
200 : [401, 404] (56.0)
201 : [399, 402] (45.0)
202 : [] (0.0)
203 : [403, 408] (44.0)
204 : [407, 409] (40.0)
205 : [405, 410, 412, 414] (64.0)
206 : [406] (43.0)
207 : [411, 415] (60.0)
208 : [413] (50.0)
209 : [417, 421] (81.0)
210 : [418, 423] (41.0)
211 : [419, 425] (66.0)
212 : [416, 420, 431] (46.0)
213 : [422, 427] (60.0)
214 : [424, 428] (42.0)
215 : [426, 429] (66.0)
216 : [432, 438] (43.0)
217 : [430, 434] (69.0)
218 : [437, 442] (64.0)
219 : [433, 439] (68.0)
220 : [435, 436, 443] (73.0)
221 : [444, 449] (65.0)
222 : [441, 445, 446] (61.0)
223 : [440] (47.0)
224 : [447, 451, 452] (72.0)
225 : [455] (50.0)
226 : [450] (40.0)
227 : [454, 458] (43.0)
228 : [448, 453, 463] (73.0)
229 : [456, 462] (62.0)
230 : [457, 460] (62.0)
231 : [459, 461] (49.0)
232 : [464] (43.0)
233 : [465, 469, 472] (70.0)
234 : [466, 473] (69.0)
235 : [468, 470] (71.0)
236 : [467, 477] (60.0)
237 : [471, 475, 476] (55.0)
238 : [474, 478] (70.0)
239 : [480, 481] (58.0)
240 : [479, 484] (53.0)
241 : [483, 487] (45.0)
242 : [482, 485] (47.0)
243 : [488, 489] (58.0)
244 : [491, 492] (40.0)
245 : [486] (53.0)
246 : [490, 495, 496] (69.0)
247 : [499] (54.0)
248 : [494, 498, 502] (73.0)
249 : [493, 507] (54.0)
250 : [497, 500] (69.0)
251 : [503] (41.0)
252 : [504, 508, 511] (74.0)
253 : [501, 505] (57.0)
254 : [517] (41.0)
255 : [509, 510] (72.0)
256 : [506, 515] (70.0)
257 : [512, 513] (59.0)
258 : [519, 522] (77.0)
259 : [514, 518] (70.0)
260 : [516, 520, 521] (77.0)
261 : [525, 531] (51.0)
262 : [523, 526, 527] (67.0)
263 : [524, 530] (69.0)
264 : [535] (41.0)
265 : [536] (49.0)
266 : [528, 532, 538] (54.0)
267 : [529, 541] (65.0)
268 : [533, 534, 537] (70.0)
269 : [539] (53.0)
270 : [545] (41.0)
271 : [546, 547] (61.0)
272 : [540, 542, 548] (74.0)
273 : [543, 553, 554] (53.0)
274 : [544, 549] (69.0)
275 : [550] (43.0)
276 : [551, 552] (59.0)
277 : [555, 556] (70.0)
278 : [557] (44.0)
279 : [558, 561] (66.0)
280 : [564] (52.0)
281 : [559, 563] (67.0)
282 : [562, 566] (73.0)
283 : [560, 569] (74.0)
284 : [567, 568, 577] (52.0)
285 : [570, 571] (61.0)
286 : [565, 574, 575] (70.0)
287 : [573, 576] (72.0)
288 : [572, 580] (73.0)
289 : [579] (53.0)
290 : [578, 581, 582] (44.0)
291 : [] (0.0)
292 : [583, 584] (69.0)
293 : [585, 588] (58.0)
294 : [589, 593] (69.0)
295 : [587, 590] (71.0)
296 : [586, 591] (51.0)
297 : [600] (41.0)
298 : [592, 595] (65.0)
299 : [596, 597] (62.0)
300 : [594, 599] (50.0)
301 : [601, 607, 610] (51.0)
302 : [598, 602] (54.0)
303 : [606, 609] (84.0)
304 : [603, 605] (47.0)
305 : [604] (56.0)
306 : [608, 618] (47.0)
307 : [612, 615, 616] (77.0)
308 : [613, 614] (66.0)
309 : [611, 619] (90.0)
310 : [621, 622, 627] (74.0)
311 : [617, 620] (65.0)
312 : [623] (51.0)
313 : [624, 626] (73.0)
314 : [625, 633] (72.0)
315 : [628, 629] (63.0)
316 : [632, 638] (67.0)
317 : [630, 631] (64.0)
318 : [634, 636] (68.0)
319 : [635, 640, 641] (73.0)
320 : [637, 645] (67.0)
321 : [639, 644] (72.0)
322 : [651] (61.0)
323 : [642, 643] (64.0)
324 : [646, 649] (71.0)
325 : [647, 648, 654] (84.0)
326 : [650, 652, 653] (67.0)
327 : [656, 657] (64.0)
328 : [662] (44.0)
329 : [655, 658] (71.0)
330 : [661] (44.0)
331 : [660, 664] (43.0)
332 : [663, 665] (61.0)
333 : [659, 673] (63.0)
334 : [666, 668] (70.0)
335 : [667, 670] (62.0)
336 : [669, 672] (68.0)
337 : [676, 677] (65.0)
338 : [671, 674] (64.0)
339 : [679, 682] (71.0)
340 : [680, 681] (65.0)
341 : [675, 678, 683] (85.0)
342 : [684, 686] (72.0)
343 : [685, 687] (58.0)
344 : [689, 692] (57.0)
345 : [691, 695] (69.0)
346 : [688, 693] (73.0)
347 : [696, 697] (65.0)
348 : [690, 694] (61.0)
349 : [701, 702] (51.0)
350 : [698, 699] (65.0)
351 : [703] (49.0)
352 : [707] (42.0)
353 : [700, 705] (68.0)
354 : [704, 706, 709, 710] (63.0)
355 : [711, 713] (86.0)
356 : [708, 712] (99.0)
357 : [715, 722] (75.0)
358 : [716, 717] (66.0)
359 : [718, 719] (66.0)
360 : [714, 724] (66.0)
361 : [720, 721] (66.0)
362 : [726, 727] (66.0)
363 : [725, 731] (84.0)
364 : [723, 729] (67.0)
365 : [732, 737] (60.0)
366 : [728, 738] (74.0)
367 : [733] (56.0)
368 : [734, 735] (66.0)
369 : [730, 736, 743] (70.0)
370 : [739, 746] (52.0)
371 : [741] (57.0)
372 : [744, 747] (67.0)
373 : [742, 745, 755] (74.0)
374 : [740, 753] (67.0)
375 : [749] (48.0)
376 : [748, 750] (68.0)
377 : [756] (58.0)
378 : [763] (44.0)
379 : [751, 752, 758, 760] (67.0)
380 : [754, 757] (60.0)
381 : [762, 766] (67.0)
382 : [759, 765] (74.0)
383 : [761, 764] (89.0)
384 : [767, 769] (66.0)
385 : [768, 770] (74.0)
386 : [772, 773, 774] (74.0)
387 : [775] (62.0)
388 : [780, 783] (73.0)
389 : [771, 784] (71.0)
390 : [781, 788] (72.0)
391 : [776, 779] (70.0)
392 : [777, 778, 785] (83.0)
393 : [782, 786] (74.0)
394 : [789, 790] (81.0)
395 : [787, 791, 792] (89.0)
396 : [793, 797] (75.0)
397 : [794] (63.0)
398 : [796, 798, 801] (55.0)
399 : [795, 800] (60.0)
400 : [804, 809] (68.0)
401 : [799, 802] (80.0)
402 : [805, 808] (70.0)
403 : [803, 812] (66.0)
404 : [807, 814] (60.0)
405 : [806, 813] (70.0)
406 : [810, 811] (69.0)
407 : [815, 817] (65.0)
408 : [819, 825] (70.0)
409 : [816, 823] (72.0)
410 : [818, 824] (69.0)
411 : [821, 828] (74.0)
412 : [830] (61.0)
413 : [820, 822] (66.0)
414 : [826, 827] (70.0)
415 : [829, 831] (51.0)
416 : [834, 835] (70.0)
417 : [833, 837] (91.0)
418 : [832, 839] (67.0)
419 : [838, 841] (65.0)
420 : [836, 847] (71.0)
421 : [842, 843] (71.0)
422 : [840, 844] (76.0)
423 : [846, 852] (70.0)
424 : [850, 854] (62.0)
425 : [845, 848] (61.0)
426 : [853, 861] (75.0)
427 : [849, 855] (70.0)
428 : [851, 857] (57.0)
429 : [858, 859] (72.0)
430 : [860, 866] (76.0)
431 : [856, 864] (61.0)
432 : [868, 869] (72.0)
433 : [862, 863] (72.0)
434 : [865] (64.0)
435 : [870, 875] (75.0)
436 : [872, 873] (72.0)
437 : [867, 877] (67.0)
438 : [871, 874] (69.0)
439 : [883, 885] (94.0)
440 : [876, 878, 881] (75.0)
441 : [882, 887] (64.0)
442 : [879, 880] (103.0)
443 : [886, 893] (92.0)
444 : [884, 890] (69.0)
445 : [888, 889] (73.0)
446 : [891, 896, 901] (66.0)
447 : [892, 894] (62.0)
448 : [895, 897] (71.0)
449 : [902, 904] (67.0)
450 : [898, 899] (73.0)
451 : [900, 912] (86.0)
452 : [906, 907] (73.0)
453 : [903, 909, 913] (78.0)
454 : [908, 915] (75.0)
455 : [905, 910, 917, 923] (75.0)
456 : [914, 922] (70.0)
457 : [920, 930] (74.0)
458 : [911, 919, 921] (75.0)
459 : [918, 925] (78.0)
460 : [926, 928, 929, 934] (71.0)
461 : [916, 924, 927] (68.0)
462 : [935, 938, 939] (73.0)
463 : [932, 933, 936] (74.0)
464 : [940, 941, 942] (74.0)
465 : [931, 945] (74.0)
466 : [943, 946, 948] (78.0)
467 : [937, 944, 953] (72.0)
468 : [949, 950, 959, 960] (73.0)
469 : [954, 963] (69.0)
470 : [955, 956, 957] (75.0)
471 : [947, 958, 966] (72.0)
472 : [951, 969] (75.0)
473 : [952, 961, 973] (82.0)
474 : [964, 965, 967] (86.0)
475 : [962, 968, 976] (73.0)
476 : [970, 971, 972, 974] (80.0)
477 : [975, 977, 990] (75.0)
478 : [978, 985, 986] (73.0)
479 : [982, 984] (74.0)
480 : [979, 980, 981] (75.0)
481 : [983, 988, 991, 995] (73.0)
482 : [989, 996] (55.0)
483 : [987, 992, 993, 994] (71.0)
484 : [997, 998, 999] (75.0)
