Name: 250-60-125
Time: 11.07311725616455 
Result: 79
Solution:  1 0 1 0 3 2 4 4 2 3 7 3 8 9 8 7 10 8 11 9 11 13 11 10 12 12 14 14 15 17 15 13 15 17 20 18 16 16 19 18 20 21 22 20 25 19 23 24 23 20 25 21 27 26 26 29 24 29 30 29 32 27 27 31 35 33 33 34 34 30 31 35 35 38 37 36 37 38 37 41 39 38 41 40 42 42 44 44 47 43 45 41 43 43 46 48 47 45 48 48 50 52 51 49 49 50 50 54 53 56 53 52 54 56 59 57 60 58 57 59 60 59 61 63 61 66 62 63 64 63 65 65 67 64 68 66 67 70 67 69 72 68 72 70 71 68 73 71 78 73 74 76 76 74 75 78 80 76 79 77 79 81 83 82 84 82 83 83 81 86 85 84 87 86 85 87 90 89 88 88 94 90 92 89 91 91 93 92 95 95 96 94 93 98 97 99 98 96 99 97 100 103 101 101 104 105 102 100 104 106 103 105 102 107 108 104 108 106 109 109 111 107 112 115 112 116 113 110 110 111 112 113 114 112 114 115 116 117 118 119 115 116 117 118 119 119 117 120 120 120
0 : [1, 3] (61.0)
1 : [0, 2] (59.0)
2 : [5, 8] (68.0)
3 : [4, 9, 11] (74.0)
4 : [6, 7] (63.0)
5 : [] (0.0)
6 : [] (0.0)
7 : [10, 15] (93.0)
8 : [12, 14, 17] (71.0)
9 : [13, 19] (82.0)
10 : [16, 23] (78.0)
11 : [18, 20, 22] (96.0)
12 : [24, 25] (67.0)
13 : [21, 31] (73.0)
14 : [26, 27] (67.0)
15 : [28, 30, 32] (81.0)
16 : [36, 37] (71.0)
17 : [29, 33] (72.0)
18 : [35, 39] (62.0)
19 : [38, 45] (86.0)
20 : [34, 40, 43, 49] (70.0)
21 : [41, 51] (106.0)
22 : [42] (67.0)
23 : [46, 48] (75.0)
24 : [47, 56] (82.0)
25 : [44, 50] (63.0)
26 : [53, 54] (71.0)
27 : [52, 61, 62] (71.0)
28 : [] (0.0)
29 : [55, 57, 59] (119.0)
30 : [58, 69] (69.0)
31 : [63, 70] (82.0)
32 : [60] (61.0)
33 : [65, 66] (109.0)
34 : [67, 68] (97.0)
35 : [64, 71, 72] (111.0)
36 : [75] (65.0)
37 : [74, 76, 78] (104.0)
38 : [73, 77, 81] (70.0)
39 : [80] (77.0)
40 : [83] (79.0)
41 : [79, 82, 91] (88.0)
42 : [84, 85] (85.0)
43 : [89, 92, 93] (123.0)
44 : [86, 87] (85.0)
45 : [90, 97] (100.0)
46 : [94] (79.0)
47 : [88, 96] (85.0)
48 : [95, 98, 99] (94.0)
49 : [103, 104] (74.0)
50 : [100, 105, 106] (85.0)
51 : [102] (82.0)
52 : [101, 111] (103.0)
53 : [108, 110] (80.0)
54 : [107, 112] (110.0)
55 : [] (0.0)
56 : [109, 113] (90.0)
57 : [115, 118] (97.0)
58 : [117] (71.0)
59 : [114, 119, 121] (111.0)
60 : [116, 120] (90.0)
61 : [122, 124] (77.0)
62 : [126] (75.0)
63 : [123, 127, 129] (116.0)
64 : [128, 133] (118.0)
65 : [130, 131] (96.0)
66 : [125, 135] (115.0)
67 : [132, 136, 138] (122.0)
68 : [134, 141, 145] (100.0)
69 : [139] (69.0)
70 : [137, 143] (112.0)
71 : [144, 147] (116.0)
72 : [140, 142] (75.0)
73 : [146, 149] (120.0)
74 : [150, 153] (106.0)
75 : [154] (71.0)
76 : [151, 152, 157] (125.0)
77 : [159] (78.0)
78 : [148, 155] (73.0)
79 : [158, 160] (62.0)
80 : [156] (69.0)
81 : [161, 168] (97.0)
82 : [163, 165] (122.0)
83 : [162, 166, 167] (112.0)
84 : [164, 171] (125.0)
85 : [170, 174] (109.0)
86 : [169, 173] (110.0)
87 : [172, 175] (100.0)
88 : [178, 179] (105.0)
89 : [177, 183] (100.0)
90 : [176, 181] (99.0)
91 : [184, 185] (108.0)
92 : [182, 187] (118.0)
93 : [186, 192] (109.0)
94 : [180, 191] (115.0)
95 : [188, 189] (109.0)
96 : [190, 197] (112.0)
97 : [194, 199] (106.0)
98 : [193, 196] (107.0)
99 : [195, 198] (119.0)
100 : [200, 207] (136.0)
101 : [202, 203] (113.0)
102 : [206, 212] (91.0)
103 : [201, 210] (115.0)
104 : [204, 208, 215] (120.0)
105 : [205, 211] (125.0)
106 : [209, 217] (125.0)
107 : [213, 221] (115.0)
108 : [214, 216] (126.0)
109 : [218, 219] (118.0)
110 : [227, 228] (92.0)
111 : [220, 229] (111.0)
112 : [222, 224, 230, 233] (117.0)
113 : [226, 231] (122.0)
114 : [232, 234] (117.0)
115 : [223, 235, 240] (119.0)
116 : [225, 236, 241] (122.0)
117 : [237, 242, 246] (125.0)
118 : [238, 243] (120.0)
119 : [239, 244, 245] (138.0)
120 : [247, 248, 249] (125.0)
