Name: 250-40-75
Time: 10.945611000061035 
Result: 43
Solution:  4 1 1 2 1 2 2 4 5 4 2 5 9 6 9 8 6 8 8 10 10 10 13 14 11 11 13 12 12 13 17 14 17 14 16 20 17 18 18 23 16 20 22 21 24 23 25 22 21 25 24 26 29 24 24 28 28 30 31 31 31 30 32 29 34 32 33 33 34 33 35 35 37 36 37 35 40 38 37 38 39 40 41 39 42 43 42 43 41 42 48 45 48 45 47 46 50 46 49 49 49 47 55 53 52 52 53 54 58 50 54 55 52 56 57 55 57 60 62 61 58 56 62 59 61 62 63 63 64 64 69 65 66 66 67 67 71 68 68 69 67 70 70 69 72 72 74 73 77 73 76 75 75 74 75 76 78 78 77 81 79 82 81 80 83 79 80 85 84 84 86 86 85 83 87 85 88 87 89 89 90 90 92 93 88 91 93 91 92 97 95 94 98 98 97 96 99 94 96 101 102 99 100 101 99 104 103 100 103 105 106 104 106 105 111 107 108 108 107 109 109 111 110 110 112 113 114 112 112 114 112 115 118 111 117 113 118 116 115 120 119 120 118 116 117 119 120 120 119 119
0 : [] (0.0)
1 : [1, 2, 4] (55.0)
2 : [3, 5, 6, 10] (70.0)
3 : [] (0.0)
4 : [0, 7, 9] (56.0)
5 : [8, 11] (62.0)
6 : [13, 16] (41.0)
7 : [] (0.0)
8 : [15, 17, 18] (63.0)
9 : [12, 14] (53.0)
10 : [19, 20, 21] (53.0)
11 : [24, 25] (44.0)
12 : [27, 28] (46.0)
13 : [22, 26, 29] (65.0)
14 : [23, 31, 33] (52.0)
15 : [] (0.0)
16 : [34, 40] (41.0)
17 : [30, 32, 36] (72.0)
18 : [37, 38] (41.0)
19 : [] (0.0)
20 : [35, 41] (49.0)
21 : [43, 48] (54.0)
22 : [42, 47] (44.0)
23 : [39, 45] (49.0)
24 : [44, 50, 53, 54] (72.0)
25 : [46, 49] (41.0)
26 : [51] (43.0)
27 : [] (0.0)
28 : [55, 56] (61.0)
29 : [52, 63] (61.0)
30 : [57, 61] (51.0)
31 : [58, 59, 60] (68.0)
32 : [62, 65] (49.0)
33 : [66, 67, 69] (63.0)
34 : [64, 68] (50.0)
35 : [70, 71, 75] (59.0)
36 : [73] (42.0)
37 : [72, 74, 78] (67.0)
38 : [77, 79] (55.0)
39 : [80, 83] (62.0)
40 : [76, 81] (52.0)
41 : [82, 88] (73.0)
42 : [84, 86, 89] (66.0)
43 : [85, 87] (47.0)
44 : [] (0.0)
45 : [91, 93] (46.0)
46 : [95, 97] (66.0)
47 : [94, 101] (67.0)
48 : [90, 92] (64.0)
49 : [98, 99, 100] (62.0)
50 : [96, 109] (44.0)
51 : [] (0.0)
52 : [104, 105, 112] (72.0)
53 : [103, 106] (59.0)
54 : [107, 110] (53.0)
55 : [102, 111, 115] (66.0)
56 : [113, 121] (66.0)
57 : [114, 116] (65.0)
58 : [108, 120] (74.0)
59 : [123] (41.0)
60 : [117] (45.0)
61 : [119, 124] (68.0)
62 : [118, 122, 125] (70.0)
63 : [126, 127] (61.0)
64 : [128, 129] (61.0)
65 : [131] (45.0)
66 : [132, 133] (62.0)
67 : [134, 135, 140] (75.0)
68 : [137, 138] (69.0)
69 : [130, 139, 143] (69.0)
70 : [141, 142] (67.0)
71 : [136] (47.0)
72 : [144, 145] (63.0)
73 : [147, 149] (55.0)
74 : [146, 153] (65.0)
75 : [151, 152, 154] (84.0)
76 : [150, 155] (65.0)
77 : [148, 158] (73.0)
78 : [156, 157] (64.0)
79 : [160, 165] (62.0)
80 : [163, 166] (62.0)
81 : [159, 162] (76.0)
82 : [161] (49.0)
83 : [164, 173] (74.0)
84 : [168, 169] (66.0)
85 : [167, 172, 175] (72.0)
86 : [170, 171] (66.0)
87 : [174, 177] (67.0)
88 : [176, 184] (60.0)
89 : [178, 179] (67.0)
90 : [180, 181] (67.0)
91 : [185, 187] (72.0)
92 : [182, 188] (73.0)
93 : [183, 186] (75.0)
94 : [191, 197] (74.0)
95 : [190] (53.0)
96 : [195, 198] (60.0)
97 : [189, 194] (57.0)
98 : [192, 193] (70.0)
99 : [196, 201, 204] (70.0)
100 : [202, 207] (71.0)
101 : [199, 203] (79.0)
102 : [200] (60.0)
103 : [206, 208] (73.0)
104 : [205, 211] (73.0)
105 : [209, 213] (68.0)
106 : [210, 212] (71.0)
107 : [215, 218] (74.0)
108 : [216, 217] (71.0)
109 : [219, 220] (73.0)
110 : [222, 223] (72.0)
111 : [214, 221, 233] (71.0)
112 : [224, 227, 228, 230] (75.0)
113 : [225, 235] (73.0)
114 : [226, 229] (81.0)
115 : [231, 238] (82.0)
116 : [237, 243] (73.0)
117 : [234, 244] (75.0)
118 : [232, 236, 242] (60.0)
119 : [240, 245, 248, 249] (75.0)
120 : [239, 241, 246, 247] (64.0)
