Name: 500-20-30
Time: 20.65858483314514 
Result: 29
Solution:  1 0 0 3 0 5 3 1 4 4 3 6 5 6 5 10 9 8 9 10 9 11 9 8 13 14 11 12 14 15 17 14 12 13 17 15 18 18 22 17 20 20 22 24 21 25 24 21 23 23 25 26 24 26 31 29 30 28 29 30 32 29 28 31 33 32 34 34 37 36 35 39 35 37 37 38 38 36 40 39 43 40 41 41 44 42 42 39 43 44 46 45 44 46 44 45 48 47 47 50 49 48 52 50 52 53 54 49 56 53 55 55 59 54 57 56 58 61 59 57 58 62 59 61 62 62 63 63 66 65 66 69 66 67 67 68 69 66 69 70 70 71 72 71 72 68 72 75 76 76 74 75 74 80 80 77 78 78 77 79 79 84 81 81 84 82 83 82 80 85 87 85 83 86 86 90 87 88 92 88 87 93 89 90 95 93 90 94 95 92 94 98 96 96 97 97 98 100 102 99 101 100 103 100 99 103 103 105 104 104 106 105 108 106 106 107 109 108 109 110 111 110 113 107 111 116 113 109 114 114 115 117 119 117 115 116 118 118 120 122 119 121 118 121 122 120 123 123 124 125 124 122 126 125 127 127 131 126 129 131 131 130 128 132 130 132 129 133 134 138 136 138 134 132 136 133 140 137 138 137 141 141 143 139 144 143 142 142 143 140 145 146 146 148 145 151 147 145 149 149 150 152 150 155 148 151 152 153 156 152 155 154 157 156 154 157 158 160 159 158 159 164 163 161 160 163 163 165 167 162 168 166 166 167 164 167 172 169 169 165 170 168 172 171 173 170 174 173 174 178 172 177 175 178 175 176 176 177 179 179 180 181 183 181 182 180 184 182 184 185 187 183 185 187 188 188 186 185 193 186 190 190 189 191 195 193 189 194 191 194 192 192 196 195 198 197 201 197 198 199 197 204 199 200 204 203 202 202 205 200 203 205 206 206 207 207 209 208 210 209 211 208 211 210 210 212 212 214 213 213 214 217 218 218 216 216 215 219 217 219 223 219 220 220 221 222 221 222 224 224 227 227 226 226 225 228 226 228 230 231 226 225 228 232 229 230 229 233 234 231 233 235 232 230 234 236 233 235 237 236 235 234 238 235 236 235 233 239 237 241 234 238 240 239 240 237 237 239 241 241
0 : [1, 2, 4] (31.0)
1 : [0, 7] (29.0)
2 : [] (0.0)
3 : [3, 6, 10] (21.0)
4 : [8, 9] (20.0)
5 : [5, 12, 14] (24.0)
6 : [11, 13] (21.0)
7 : [] (0.0)
8 : [17, 23] (30.0)
9 : [16, 18, 20, 22] (21.0)
10 : [15, 19] (27.0)
11 : [21, 26] (26.0)
12 : [27, 32] (21.0)
13 : [24, 33] (26.0)
14 : [25, 28, 31] (20.0)
15 : [29, 35] (24.0)
16 : [] (0.0)
17 : [30, 34, 39] (22.0)
18 : [36, 37] (20.0)
19 : [] (0.0)
20 : [40, 41] (20.0)
21 : [44, 47] (21.0)
22 : [38, 42] (29.0)
23 : [48, 49] (21.0)
24 : [43, 46, 52] (21.0)
25 : [45, 50] (27.0)
26 : [51, 53] (23.0)
27 : [] (0.0)
28 : [57, 62] (19.0)
29 : [55, 58, 61] (22.0)
30 : [56, 59] (20.0)
31 : [54, 63] (28.0)
32 : [60, 65] (19.0)
33 : [64] (18.0)
34 : [66, 67] (21.0)
35 : [70, 72] (33.0)
36 : [69, 77] (23.0)
37 : [68, 73, 74] (21.0)
38 : [75, 76] (23.0)
39 : [71, 79, 87] (23.0)
40 : [78, 81] (26.0)
41 : [82, 83] (21.0)
42 : [85, 86] (22.0)
43 : [80, 88] (27.0)
44 : [84, 89, 92, 94] (30.0)
45 : [91, 95] (23.0)
46 : [90, 93] (26.0)
47 : [97, 98] (22.0)
48 : [96, 101] (22.0)
49 : [100, 107] (24.0)
50 : [99, 103] (17.0)
51 : [] (0.0)
52 : [102, 104] (25.0)
53 : [105, 109] (23.0)
54 : [106, 113] (21.0)
55 : [110, 111] (22.0)
56 : [108, 115] (28.0)
57 : [114, 119] (22.0)
58 : [116, 120] (23.0)
59 : [112, 118, 122] (22.0)
60 : [] (0.0)
61 : [117, 123] (26.0)
62 : [121, 124, 125] (33.0)
63 : [126, 127] (22.0)
64 : [] (0.0)
65 : [129] (20.0)
66 : [128, 130, 132, 137] (29.0)
67 : [133, 134] (22.0)
68 : [135, 145] (26.0)
69 : [131, 136, 138] (30.0)
70 : [139, 140] (33.0)
71 : [141, 143] (24.0)
72 : [142, 144, 146] (28.0)
73 : [] (0.0)
74 : [150, 152] (29.0)
75 : [147, 151] (19.0)
76 : [148, 149] (22.0)
77 : [155, 158] (30.0)
78 : [156, 157] (23.0)
79 : [159, 160] (22.0)
80 : [153, 154, 168] (22.0)
81 : [162, 163] (23.0)
82 : [165, 167] (25.0)
83 : [166, 172] (23.0)
84 : [161, 164] (24.0)
85 : [169, 171] (26.0)
86 : [173, 174] (27.0)
87 : [170, 176, 180] (28.0)
88 : [177, 179] (24.0)
89 : [182] (20.0)
90 : [175, 183, 186] (27.0)
91 : [] (0.0)
92 : [178, 189] (24.0)
93 : [181, 185] (20.0)
94 : [187, 190] (24.0)
95 : [184, 188] (29.0)
96 : [192, 193] (23.0)
97 : [194, 195] (24.0)
98 : [191, 196] (20.0)
99 : [199, 204] (24.0)
100 : [197, 201, 203] (16.0)
101 : [200] (22.0)
102 : [198] (20.0)
103 : [202, 205, 206] (24.0)
104 : [208, 209] (24.0)
105 : [207, 211] (34.0)
106 : [210, 213, 214] (31.0)
107 : [215, 223] (29.0)
108 : [212, 217] (26.0)
109 : [216, 218, 227] (32.0)
110 : [219, 221] (24.0)
111 : [220, 224] (29.0)
112 : [] (0.0)
113 : [222, 226] (22.0)
114 : [228, 229] (24.0)
115 : [230, 234] (23.0)
116 : [225, 235] (24.0)
117 : [231, 233] (24.0)
118 : [236, 237, 242] (28.0)
119 : [232, 240] (27.0)
120 : [238, 245] (29.0)
121 : [241, 243] (29.0)
122 : [239, 244, 251] (28.0)
123 : [246, 247] (25.0)
124 : [248, 250] (30.0)
125 : [249, 253] (31.0)
126 : [252, 257] (21.0)
127 : [254, 255] (25.0)
128 : [262] (23.0)
129 : [258, 266] (35.0)
130 : [261, 264] (29.0)
131 : [256, 259, 260] (26.0)
132 : [263, 265, 273] (22.0)
133 : [267, 275] (24.0)
134 : [268, 272] (33.0)
135 : [] (0.0)
136 : [270, 274] (29.0)
137 : [277, 279] (31.0)
138 : [269, 271, 278] (22.0)
139 : [283] (20.0)
140 : [276, 289] (23.0)
141 : [280, 281] (25.0)
142 : [286, 287] (26.0)
143 : [282, 285, 288] (21.0)
144 : [284] (23.0)
145 : [290, 294, 297] (29.0)
146 : [291, 292] (24.0)
147 : [296] (23.0)
148 : [293, 304] (30.0)
149 : [298, 299] (26.0)
150 : [300, 302] (31.0)
151 : [295, 305] (24.0)
152 : [301, 306, 309] (20.0)
153 : [307] (20.0)
154 : [311, 314] (32.0)
155 : [303, 310] (22.0)
156 : [308, 313] (29.0)
157 : [312, 315] (28.0)
158 : [316, 319] (32.0)
159 : [318, 320] (24.0)
160 : [317, 324] (26.0)
161 : [323] (25.0)
162 : [329] (24.0)
163 : [322, 325, 326] (25.0)
164 : [321, 334] (29.0)
165 : [327, 339] (30.0)
166 : [331, 332] (29.0)
167 : [328, 333, 335] (24.0)
168 : [330, 341] (32.0)
169 : [337, 338] (22.0)
170 : [340, 345] (21.0)
171 : [343] (25.0)
172 : [336, 342, 350] (25.0)
173 : [344, 347] (28.0)
174 : [346, 348] (32.0)
175 : [352, 354] (30.0)
176 : [355, 356] (30.0)
177 : [351, 357] (28.0)
178 : [349, 353] (32.0)
179 : [358, 359] (28.0)
180 : [360, 365] (23.0)
181 : [361, 363] (28.0)
182 : [364, 367] (26.0)
183 : [362, 371] (35.0)
184 : [366, 368] (37.0)
185 : [369, 372, 377] (29.0)
186 : [376, 379] (35.0)
187 : [370, 373] (27.0)
188 : [374, 375] (28.0)
189 : [382, 386] (31.0)
190 : [380, 381] (28.0)
191 : [383, 388] (26.0)
192 : [390, 391] (29.0)
193 : [378, 385] (23.0)
194 : [387, 389] (27.0)
195 : [384, 393] (18.0)
196 : [392] (28.0)
197 : [395, 397, 400] (25.0)
198 : [394, 398] (28.0)
199 : [399, 402] (30.0)
200 : [403, 409] (33.0)
201 : [396] (23.0)
202 : [406, 407] (29.0)
203 : [405, 410] (33.0)
204 : [401, 404] (35.0)
205 : [408, 411] (25.0)
206 : [412, 413] (29.0)
207 : [414, 415] (29.0)
208 : [417, 421] (29.0)
209 : [416, 419] (38.0)
210 : [418, 423, 424] (30.0)
211 : [420, 422] (25.0)
212 : [425, 426] (45.0)
213 : [428, 429] (30.0)
214 : [427, 430] (20.0)
215 : [436] (28.0)
216 : [434, 435] (30.0)
217 : [431, 438] (32.0)
218 : [432, 433] (30.0)
219 : [437, 439, 441] (27.0)
220 : [442, 443] (30.0)
221 : [444, 446] (30.0)
222 : [445, 447] (30.0)
223 : [440] (20.0)
224 : [448, 449] (30.0)
225 : [454, 461] (30.0)
226 : [452, 453, 456, 460] (27.0)
227 : [450, 451] (30.0)
228 : [455, 457, 462] (30.0)
229 : [464, 466] (28.0)
230 : [458, 465, 473] (30.0)
231 : [459, 469] (28.0)
232 : [463, 472] (33.0)
233 : [467, 470, 476, 486] (30.0)
234 : [468, 474, 481, 490] (29.0)
235 : [471, 477, 480, 483, 485] (29.0)
236 : [475, 479, 484] (29.0)
237 : [478, 488, 495, 496] (34.0)
238 : [482, 491] (31.0)
239 : [487, 493, 497] (30.0)
240 : [492, 494] (30.0)
241 : [489, 498, 499] (32.0)
