Name: 500-50-100
Time: 22.803577423095703 
Result: 62
Solution:  1 4 1 3 5 4 4 1 7 2 3 2 5 6 7 11 7 12 7 11 11 6 12 9 13 9 14 13 16 13 17 14 15 18 16 16 16 14 15 18 17 17 19 18 22 19 18 19 19 20 24 21 20 22 19 21 25 23 23 22 23 24 25 21 28 25 26 27 28 28 26 25 27 26 26 30 32 31 32 29 30 31 34 30 32 31 31 33 29 33 34 35 36 33 38 33 36 35 35 37 37 36 38 37 40 37 38 41 39 40 41 39 40 41 45 42 46 42 46 44 45 42 45 47 43 43 48 47 45 48 46 47 46 50 49 51 49 50 50 52 51 51 54 51 53 48 54 53 50 57 50 57 56 55 57 56 56 55 58 53 58 59 60 58 60 58 61 60 61 62 59 58 62 63 65 58 63 66 62 63 60 66 65 65 65 67 65 64 66 71 64 68 68 72 69 72 69 67 71 71 70 72 70 73 73 71 74 72 75 72 73 76 75 71 79 75 76 76 77 78 80 79 75 78 81 77 77 80 81 78 83 83 81 82 84 84 82 84 80 85 84 86 81 81 86 83 85 87 88 88 89 84 91 88 88 89 90 90 91 89 87 91 94 91 92 92 93 96 91 94 94 93 93 94 95 99 92 94 100 98 97 95 100 98 99 100 97 99 100 96 101 102 101 102 101 103 103 99 103 102 100 104 106 102 105 104 108 106 107 107 111 111 108 107 112 108 105 109 112 112 109 109 108 115 110 108 110 115 111 113 115 114 117 116 115 113 116 114 117 119 119 114 116 118 118 118 119 117 122 120 120 123 121 122 124 121 121 124 123 120 124 125 125 123 122 125 127 126 129 128 126 127 127 127 126 132 128 126 130 131 129 130 129 132 132 132 130 130 131 134 132 133 133 136 139 135 136 136 140 138 135 137 139 141 137 140 136 138 139 137 138 144 144 139 144 142 143 142 142 145 143 146 141 141 145 149 143 145 148 144 147 147 150 147 149 150 149 148 149 151 149 151 154 152 154 152 151 152 153 155 153 158 154 153 155 157 156 159 156 158 157 157 159 159 155 158 160 156 162 161 160 163 162 163 165 160 162 161 161 166 164 163 164 166 163 165 166 166 167 169 164 168 168 168 167 169 169 170 170 170
0 : [] (0.0)
1 : [0, 2, 7] (79.0)
2 : [9, 11] (57.0)
3 : [3, 10] (79.0)
4 : [1, 5, 6] (54.0)
5 : [4, 12] (51.0)
6 : [13, 21] (74.0)
7 : [8, 14, 16, 18] (74.0)
8 : [] (0.0)
9 : [23, 25] (60.0)
10 : [] (0.0)
11 : [15, 19, 20] (53.0)
12 : [17, 22] (66.0)
13 : [24, 27, 29] (54.0)
14 : [26, 31, 37] (64.0)
15 : [32, 38] (59.0)
16 : [28, 34, 35, 36] (58.0)
17 : [30, 40, 41] (83.0)
18 : [33, 39, 43, 46] (51.0)
19 : [42, 45, 47, 48, 54] (59.0)
20 : [49, 52] (50.0)
21 : [51, 55, 63] (67.0)
22 : [44, 53, 59] (51.0)
23 : [57, 58, 60] (55.0)
24 : [50, 61] (55.0)
25 : [56, 62, 65, 71] (57.0)
26 : [66, 70, 73, 74] (54.0)
27 : [67, 72] (54.0)
28 : [64, 68, 69] (76.0)
29 : [79, 88] (66.0)
30 : [75, 80, 83] (54.0)
31 : [77, 81, 85, 86] (59.0)
32 : [76, 78, 84] (58.0)
33 : [87, 89, 93, 95] (54.0)
34 : [82, 90] (62.0)
35 : [91, 97, 98] (51.0)
36 : [92, 96, 101] (84.0)
37 : [99, 100, 103, 105] (77.0)
38 : [94, 102, 106] (66.0)
39 : [108, 111] (51.0)
40 : [104, 109, 112] (60.0)
41 : [107, 110, 113] (80.0)
42 : [115, 117, 121] (52.0)
43 : [124, 125] (78.0)
44 : [119] (51.0)
45 : [114, 120, 122, 128] (54.0)
46 : [116, 118, 130, 132] (62.0)
47 : [123, 127, 131] (78.0)
48 : [126, 129, 145] (90.0)
49 : [134, 136] (52.0)
50 : [133, 137, 138, 148, 150] (67.0)
51 : [135, 140, 141, 143] (52.0)
52 : [139] (59.0)
53 : [144, 147, 159] (63.0)
54 : [142, 146] (67.0)
55 : [153, 157] (57.0)
56 : [152, 155, 156] (67.0)
57 : [149, 151, 154] (71.0)
58 : [158, 160, 163, 165, 171, 175] (74.0)
59 : [161, 170] (76.0)
60 : [162, 164, 167, 180] (58.0)
61 : [166, 168] (76.0)
62 : [169, 172, 178] (70.0)
63 : [173, 176, 179] (95.0)
64 : [187, 190] (72.0)
65 : [174, 182, 183, 184, 186] (90.0)
66 : [177, 181, 188] (90.0)
67 : [185, 197] (65.0)
68 : [191, 192] (50.0)
69 : [194, 196] (62.0)
70 : [200, 202] (55.0)
71 : [189, 198, 199, 205, 213] (93.0)
72 : [193, 195, 201, 207, 209] (70.0)
73 : [203, 204, 210] (61.0)
74 : [206] (60.0)
75 : [208, 212, 215, 222] (100.0)
76 : [211, 216, 217] (62.0)
77 : [218, 225, 226] (83.0)
78 : [219, 223, 229] (82.0)
79 : [214, 221] (73.0)
80 : [220, 227, 238] (81.0)
81 : [224, 228, 232, 242, 243] (89.0)
82 : [233, 236] (96.0)
83 : [230, 231, 245] (53.0)
84 : [234, 235, 237, 240, 251] (65.0)
85 : [239, 246] (58.0)
86 : [241, 244] (88.0)
87 : [247, 260] (98.0)
88 : [248, 249, 253, 254] (98.0)
89 : [250, 255, 259] (96.0)
90 : [256, 257] (62.0)
91 : [252, 258, 261, 263, 268] (85.0)
92 : [264, 265, 276] (77.0)
93 : [266, 271, 272] (95.0)
94 : [262, 269, 270, 273, 277] (99.0)
95 : [274, 281] (59.0)
96 : [267, 289] (76.0)
97 : [280, 286] (83.0)
98 : [279, 283] (88.0)
99 : [275, 284, 287, 297] (50.0)
100 : [278, 282, 285, 288, 300] (55.0)
101 : [290, 292, 294] (93.0)
102 : [291, 293, 299, 303] (92.0)
103 : [295, 296, 298] (103.0)
104 : [301, 305] (95.0)
105 : [304, 316] (88.0)
106 : [302, 307] (50.0)
107 : [308, 309, 313] (89.0)
108 : [306, 312, 315, 322, 325] (53.0)
109 : [317, 320, 321] (100.0)
110 : [324, 326] (78.0)
111 : [310, 311, 328] (87.0)
112 : [314, 318, 319] (73.0)
113 : [329, 335] (95.0)
114 : [331, 337, 341] (93.0)
115 : [323, 327, 330, 334] (95.0)
116 : [333, 336, 342] (99.0)
117 : [332, 338, 347] (76.0)
118 : [343, 344, 345] (62.0)
119 : [339, 340, 346] (99.0)
120 : [349, 350, 359] (98.0)
121 : [352, 355, 356] (98.0)
122 : [348, 353, 364] (95.0)
123 : [351, 358, 363] (98.0)
124 : [354, 357, 360] (95.0)
125 : [361, 362, 365] (94.0)
126 : [367, 370, 374, 377] (80.0)
127 : [366, 371, 372, 373] (98.0)
128 : [369, 376] (94.0)
129 : [368, 380, 382] (99.0)
130 : [378, 381, 386, 387] (99.0)
131 : [379, 388] (89.0)
132 : [375, 383, 384, 385, 390] (96.0)
133 : [391, 392] (81.0)
134 : [389] (83.0)
135 : [395, 400] (78.0)
136 : [393, 396, 397, 406] (84.0)
137 : [401, 404, 409] (79.0)
138 : [399, 407, 410] (96.0)
139 : [394, 402, 408, 413] (98.0)
140 : [398, 405] (77.0)
141 : [403, 422, 423] (98.0)
142 : [415, 417, 418] (89.0)
143 : [416, 420, 426] (100.0)
144 : [411, 412, 414, 429] (84.0)
145 : [419, 424, 427] (99.0)
146 : [421] (54.0)
147 : [430, 431, 433] (100.0)
148 : [428, 437] (98.0)
149 : [425, 434, 436, 438, 440] (99.0)
150 : [432, 435] (91.0)
151 : [439, 441, 446] (79.0)
152 : [443, 445, 447] (94.0)
153 : [448, 450, 453] (94.0)
154 : [442, 444, 452] (98.0)
155 : [449, 454, 464] (91.0)
156 : [456, 458, 467] (98.0)
157 : [455, 460, 461] (92.0)
158 : [451, 459, 465] (104.0)
159 : [457, 462, 463] (107.0)
160 : [466, 470, 475] (106.0)
161 : [469, 477, 478] (100.0)
162 : [468, 472, 476] (102.0)
163 : [471, 473, 481, 484] (100.0)
164 : [480, 482, 490] (96.0)
165 : [474, 485] (100.0)
166 : [479, 483, 486, 487] (92.0)
167 : [488, 494] (112.0)
168 : [491, 492, 493] (100.0)
169 : [489, 495, 496] (77.0)
170 : [497, 498, 499] (100.0)
