Name: 500-40-75
Time: 22.092872381210327 
Result: 58
Solution:  2 1 3 5 1 4 5 4 2 5 2 4 8 3 7 7 9 11 11 8 10 10 9 11 15 12 14 14 13 13 16 12 16 17 18 16 18 15 19 17 23 19 19 19 22 22 23 21 21 25 26 25 25 24 24 29 26 28 29 28 26 32 32 29 30 30 35 33 34 35 34 37 33 37 38 37 36 40 36 42 41 42 39 41 40 38 44 39 44 42 45 42 46 45 45 47 47 50 46 47 50 52 51 54 53 51 50 53 51 55 55 56 52 57 55 57 54 60 58 61 59 58 61 60 65 61 59 64 65 64 65 63 63 66 67 65 69 68 68 67 66 69 70 71 74 70 73 75 71 74 76 75 76 78 77 75 79 77 80 79 82 81 79 81 78 83 85 81 84 87 86 87 85 88 88 87 90 84 89 89 87 90 92 88 92 92 90 91 93 93 91 95 94 94 97 94 94 95 96 95 99 98 97 96 93 97 97 97 100 98 97 103 104 97 100 101 102 104 102 101 99 104 106 103 107 101 105 104 105 105 105 106 109 110 108 109 108 109 107 109 109 112 107 110 110 113 109 112 111 110 111 116 110 110 115 112 111 116 116 119 114 114 113 115 118 117 117 118 118 121 120 119 121 123 118 121 118 117 122 120 124 120 121 122 126 123 124 122 126 122 129 125 124 127 131 128 129 129 125 131 132 127 130 127 130 131 133 132 133 131 134 136 134 133 135 132 131 132 133 135 134 137 136 138 140 138 137 139 138 136 140 139 141 140 141 142 142 144 142 142 141 145 144 143 144 142 145 146 142 147 143 143 146 145 147 151 147 146 150 150 148 151 149 151 149 148 153 152 152 150 151 152 153 151 153 156 157 155 155 157 154 156 159 154 156 158 158 154 156 156 157 157 162 161 160 161 162 164 163 159 162 163 164 163 167 163 160 165 167 165 167 168 166 166 171 164 170 168 168 170 169 171 168 168 169 173 171 170 172 172 171 173 174 175 175 173 178 174 176 172 176 178 174 178 177 175 176 181 180 179 180 179 182 180 182 177 183 184 181 181 183 179 183 183 184 184 185 188 186 186 188 183 186 185 185 187 187 191 190 191 190 188 189 190 190 191 189 194 192 189 194 189 195 192 194 193 193 195 195 193
0 : [] (0.0)
1 : [1, 4] (56.0)
2 : [0, 8, 10] (72.0)
3 : [2, 13] (49.0)
4 : [5, 7, 11] (40.0)
5 : [3, 6, 9] (50.0)
6 : [] (0.0)
7 : [14, 15] (41.0)
8 : [12, 19] (40.0)
9 : [16, 22] (40.0)
10 : [20, 21] (43.0)
11 : [17, 18, 23] (64.0)
12 : [25, 31] (48.0)
13 : [28, 29] (43.0)
14 : [26, 27] (43.0)
15 : [24, 37] (44.0)
16 : [30, 32, 35] (47.0)
17 : [33, 39] (63.0)
18 : [34, 36] (49.0)
19 : [38, 41, 42, 43] (61.0)
20 : [] (0.0)
21 : [47, 48] (56.0)
22 : [44, 45] (45.0)
23 : [40, 46] (56.0)
24 : [53, 54] (54.0)
25 : [49, 51, 52] (47.0)
26 : [50, 56, 60] (52.0)
27 : [] (0.0)
28 : [57, 59] (57.0)
29 : [55, 58, 63] (67.0)
30 : [64, 65] (48.0)
31 : [] (0.0)
32 : [61, 62] (60.0)
33 : [67, 72] (64.0)
34 : [68, 70] (50.0)
35 : [66, 69] (45.0)
36 : [76, 78] (53.0)
37 : [71, 73, 75] (50.0)
38 : [74, 85] (43.0)
39 : [82, 87] (54.0)
40 : [77, 84] (69.0)
41 : [80, 83] (66.0)
42 : [79, 81, 89, 91] (37.0)
43 : [] (0.0)
44 : [86, 88] (70.0)
45 : [90, 93, 94] (69.0)
46 : [92, 98] (55.0)
47 : [95, 96, 99] (72.0)
48 : [] (0.0)
49 : [] (0.0)
50 : [97, 100, 106] (66.0)
51 : [102, 105, 108] (56.0)
52 : [101, 112] (68.0)
53 : [104, 107] (66.0)
54 : [103, 116] (54.0)
55 : [109, 110, 114] (71.0)
56 : [111] (42.0)
57 : [113, 115] (53.0)
58 : [118, 121] (69.0)
59 : [120, 126] (52.0)
60 : [117, 123] (52.0)
61 : [119, 122, 125] (71.0)
62 : [] (0.0)
63 : [131, 132] (59.0)
64 : [127, 129] (59.0)
65 : [124, 128, 130, 135] (73.0)
66 : [133, 140] (67.0)
67 : [134, 139] (63.0)
68 : [137, 138] (60.0)
69 : [136, 141] (52.0)
70 : [142, 145] (51.0)
71 : [143, 148] (62.0)
72 : [] (0.0)
73 : [146] (53.0)
74 : [144, 149] (54.0)
75 : [147, 151, 155] (45.0)
76 : [150, 152] (71.0)
77 : [154, 157] (69.0)
78 : [153, 164] (47.0)
79 : [156, 159, 162] (44.0)
80 : [158] (48.0)
81 : [161, 163, 167] (75.0)
82 : [160] (45.0)
83 : [165] (46.0)
84 : [168, 177] (56.0)
85 : [166, 172] (60.0)
86 : [170] (45.0)
87 : [169, 171, 175, 180] (50.0)
88 : [173, 174, 183] (66.0)
89 : [178, 179] (51.0)
90 : [176, 181, 186] (66.0)
91 : [187, 190] (62.0)
92 : [182, 184, 185] (65.0)
93 : [188, 189, 204] (60.0)
94 : [192, 193, 195, 196] (72.0)
95 : [191, 197, 199] (59.0)
96 : [198, 203] (67.0)
97 : [194, 202, 205, 206, 207, 210, 213] (69.0)
98 : [201, 209] (46.0)
99 : [200, 220] (74.0)
100 : [208, 214] (56.0)
101 : [215, 219, 225] (58.0)
102 : [216, 218] (43.0)
103 : [211, 223] (63.0)
104 : [212, 217, 221, 227] (57.0)
105 : [226, 228, 229, 230] (66.0)
106 : [222, 231] (50.0)
107 : [224, 238, 242] (74.0)
108 : [234, 236] (55.0)
109 : [232, 235, 237, 239, 240, 246] (73.0)
110 : [233, 243, 244, 249, 252, 253] (63.0)
111 : [248, 250, 256] (73.0)
112 : [241, 247, 255] (75.0)
113 : [245, 262] (70.0)
114 : [260, 261] (42.0)
115 : [254, 263] (72.0)
116 : [251, 257, 258] (68.0)
117 : [265, 266, 277] (73.0)
118 : [264, 267, 268, 274, 276] (75.0)
119 : [259, 271] (73.0)
120 : [270, 279, 281] (70.0)
121 : [269, 272, 275, 282] (55.0)
122 : [278, 283, 287, 289] (69.0)
123 : [273, 285] (45.0)
124 : [280, 286, 292] (71.0)
125 : [291, 298] (54.0)
126 : [284, 288] (51.0)
127 : [293, 301, 303] (65.0)
128 : [295] (41.0)
129 : [290, 296, 297] (46.0)
130 : [302, 304] (60.0)
131 : [294, 299, 305, 309, 316] (70.0)
132 : [300, 307, 315, 317] (55.0)
133 : [306, 308, 313, 318] (69.0)
134 : [310, 312, 320] (71.0)
135 : [314, 319] (70.0)
136 : [311, 322, 329] (63.0)
137 : [321, 326] (61.0)
138 : [323, 325, 328] (73.0)
139 : [327, 331] (64.0)
140 : [324, 330, 333] (73.0)
141 : [332, 334, 340] (73.0)
142 : [335, 336, 338, 339, 345, 348] (75.0)
143 : [343, 350, 351] (72.0)
144 : [337, 342, 344] (75.0)
145 : [341, 346, 353] (80.0)
146 : [347, 352, 357] (85.0)
147 : [349, 354, 356] (72.0)
148 : [360, 365] (71.0)
149 : [362, 364] (67.0)
150 : [358, 359, 369] (73.0)
151 : [355, 361, 363, 370, 373] (71.0)
152 : [367, 368, 371] (74.0)
153 : [366, 372, 374] (73.0)
154 : [380, 383, 387] (52.0)
155 : [377, 378] (60.0)
156 : [375, 381, 384, 388, 389] (74.0)
157 : [376, 379, 390, 391] (74.0)
158 : [385, 386] (60.0)
159 : [382, 399] (65.0)
160 : [394, 406] (59.0)
161 : [393, 395] (78.0)
162 : [392, 396, 400] (73.0)
163 : [398, 401, 403, 405] (73.0)
164 : [397, 402, 415] (71.0)
165 : [407, 409] (58.0)
166 : [412, 413] (68.0)
167 : [404, 408, 410] (72.0)
168 : [411, 417, 418, 422, 423] (75.0)
169 : [420, 424] (74.0)
170 : [416, 419, 427] (76.0)
171 : [414, 421, 426, 430] (70.0)
172 : [428, 429, 439] (67.0)
173 : [425, 431, 435] (78.0)
174 : [432, 437, 442] (79.0)
175 : [433, 434, 445] (65.0)
176 : [438, 440, 446] (74.0)
177 : [444, 455] (68.0)
178 : [436, 441, 443] (69.0)
179 : [449, 451, 461] (66.0)
180 : [448, 450, 453] (75.0)
181 : [447, 458, 459] (72.0)
182 : [452, 454] (65.0)
183 : [456, 460, 462, 463, 471] (72.0)
184 : [457, 464, 465] (75.0)
185 : [466, 473, 474] (72.0)
186 : [468, 469, 472] (95.0)
187 : [475, 476] (71.0)
188 : [467, 470, 481] (75.0)
189 : [482, 486, 489, 491] (74.0)
190 : [478, 480, 483, 484] (77.0)
191 : [477, 479, 485] (71.0)
192 : [488, 493] (73.0)
193 : [495, 496, 499] (71.0)
194 : [487, 490, 494] (74.0)
195 : [492, 497, 498] (76.0)
