Name: 750-50-100
Time: 35.69620656967163 
Result: 70
Solution:  0 1 2 1 6 0 4 3 3 5 4 2 6 5 7 5 10 4 10 9 9 7 9 12 12 11 9 14 11 17 17 14 17 18 13 20 17 18 19 20 20 23 19 20 24 24 23 22 25 25 26 22 27 27 30 26 32 28 30 28 31 33 31 30 33 29 35 29 35 32 36 35 39 37 36 37 35 38 38 42 37 39 37 40 41 41 40 45 42 47 45 43 43 50 48 48 49 48 49 47 51 50 53 50 51 52 50 55 53 54 54 55 58 52 61 53 57 58 58 59 57 61 61 60 62 61 64 63 66 64 65 67 65 63 66 67 69 70 69 68 68 70 71 72 74 71 73 72 71 77 76 75 74 73 75 76 81 78 81 79 79 80 78 80 80 84 82 83 83 83 89 85 87 85 86 86 88 87 89 91 88 90 91 90 93 91 92 94 95 95 94 93 97 96 94 98 97 97 98 96 96 99 98 98 100 99 96 102 99 104 105 101 101 101 103 104 100 100 105 104 104 103 106 104 110 107 105 109 109 110 108 108 110 106 110 111 109 112 114 113 112 114 110 111 111 113 114 114 115 116 115 117 119 115 117 120 116 115 118 118 117 120 118 119 118 121 118 121 119 123 122 125 121 126 122 122 124 125 125 124 129 128 127 127 127 126 126 124 129 129 129 125 127 128 131 133 133 130 130 131 133 130 132 135 133 131 135 136 130 132 135 135 137 136 136 136 137 134 138 139 139 138 138 141 139 138 140 145 139 143 141 142 140 142 147 143 142 140 142 144 143 144 146 147 146 145 146 148 147 149 145 151 152 150 151 151 150 149 148 151 153 152 153 154 152 154 156 153 156 154 154 157 155 155 152 157 158 156 159 158 159 162 157 159 160 163 158 161 158 162 163 160 164 162 163 165 161 164 167 166 164 161 169 163 166 166 168 167 169 168 165 171 168 168 169 169 172 171 171 170 173 168 172 170 175 173 173 172 175 176 177 174 175 176 178 180 174 176 178 176 179 177 176 177 180 181 181 184 184 179 182 180 180 185 181 183 187 186 186 183 184 184 182 187 188 187 185 187 188 189 189 191 188 186 186 190 189 192 191 190 190 193 194 192 193 192 194 196 196 196 197 193 195 195 200 198 197 197 196 200 198 198 199 199 201 199 202 205 204 203 200 199 203 204 200 204 206 202 203 202 208 201 210 206 207 207 206 209 208 205 206 211 207 206 209 212 208 210 213 211 214 212 212 214 214 217 213 216 213 215 217 215 216 213 218 219 215 218 217 218 216 220 221 215 222 219 220 217 224 221 224 222 221 224 224 222 223 225 223 226 225 226 223 228 225 228 227 226 229 231 227 230 228 230 231 230 227 229 231 233 228 232 234 234 233 233 232 234 235 235 236 236 237 238 232 235 237 239 236 237 238 238 240 240 237 237 239 241 244 241 242 242 241 243 243 243 244 244 246 246 242 246 247 244 245 245 247 247 248 248 252 249 251 249 248 249 253 252 255 250 251 251 251 256 254 252 257 256 254 253 253 257 255 260 255 258 257 259 256 257 261 261 258 260 260 259 260 264 258 258 262 261 261 267 263 263 264 265 264 266 262 268 263 269 266 266 269 265 267 268 271 269 270 270 269 267 273 268 272 274 271 272 273 270 273 274 276 273 272 275 278 278 276 275 275 276 277 279 274 278 277 276 279 279 281 281 281 280 280 280
0 : [0, 5] (47.0)
1 : [1, 3] (55.0)
2 : [2, 11] (48.0)
3 : [7, 8] (64.0)
4 : [6, 10, 17] (61.0)
5 : [9, 13, 15] (52.0)
6 : [4, 12] (51.0)
7 : [14, 21] (91.0)
8 : [] (0.0)
9 : [19, 20, 22, 26] (53.0)
10 : [16, 18] (68.0)
11 : [25, 28] (66.0)
12 : [23, 24] (58.0)
13 : [34] (49.0)
14 : [27, 31] (58.0)
15 : [] (0.0)
16 : [] (0.0)
17 : [29, 30, 32, 36] (55.0)
18 : [33, 37] (92.0)
19 : [38, 42] (72.0)
20 : [35, 39, 40, 43] (49.0)
21 : [] (0.0)
22 : [47, 51] (56.0)
23 : [41, 46] (53.0)
24 : [44, 45] (53.0)
25 : [48, 49] (54.0)
26 : [50, 55] (83.0)
27 : [52, 53] (54.0)
28 : [57, 59] (66.0)
29 : [65, 67] (52.0)
30 : [54, 58, 63] (57.0)
31 : [60, 62] (68.0)
32 : [56, 69] (49.0)
33 : [61, 64] (69.0)
34 : [] (0.0)
35 : [66, 68, 71, 76] (65.0)
36 : [70, 74] (89.0)
37 : [73, 75, 80, 82] (51.0)
38 : [77, 78] (58.0)
39 : [72, 81] (73.0)
40 : [83, 86] (62.0)
41 : [84, 85] (56.0)
42 : [79, 88] (71.0)
43 : [91, 92] (65.0)
44 : [] (0.0)
45 : [87, 90] (80.0)
46 : [] (0.0)
47 : [89, 99] (57.0)
48 : [94, 95, 97] (68.0)
49 : [96, 98] (67.0)
50 : [93, 101, 103, 106] (60.0)
51 : [100, 104] (65.0)
52 : [105, 113] (76.0)
53 : [102, 108, 115] (88.0)
54 : [109, 110] (56.0)
55 : [107, 111] (87.0)
56 : [] (0.0)
57 : [116, 120] (67.0)
58 : [112, 117, 118] (57.0)
59 : [119] (54.0)
60 : [123] (50.0)
61 : [114, 121, 122, 125] (75.0)
62 : [124] (52.0)
63 : [127, 133] (63.0)
64 : [126, 129] (61.0)
65 : [130, 132] (61.0)
66 : [128, 134] (52.0)
67 : [131, 135] (63.0)
68 : [139, 140] (62.0)
69 : [136, 138] (68.0)
70 : [137, 141] (53.0)
71 : [142, 145, 148] (55.0)
72 : [143, 147] (65.0)
73 : [146, 153] (62.0)
74 : [144, 152] (78.0)
75 : [151, 154] (50.0)
76 : [150, 155] (75.0)
77 : [149] (51.0)
78 : [157, 162] (62.0)
79 : [159, 160] (70.0)
80 : [161, 163, 164] (68.0)
81 : [156, 158] (62.0)
82 : [166] (53.0)
83 : [167, 168, 169] (75.0)
84 : [165] (56.0)
85 : [171, 173] (67.0)
86 : [174, 175] (65.0)
87 : [172, 177] (53.0)
88 : [176, 180] (89.0)
89 : [170, 178] (56.0)
90 : [181, 183] (73.0)
91 : [179, 182, 185] (82.0)
92 : [186] (56.0)
93 : [184, 191] (59.0)
94 : [187, 190, 194] (94.0)
95 : [188, 189] (67.0)
96 : [193, 199, 200, 206] (63.0)
97 : [192, 196, 197] (59.0)
98 : [195, 198, 202, 203] (85.0)
99 : [201, 205, 208] (60.0)
100 : [204, 216, 217] (86.0)
101 : [211, 212, 213] (77.0)
102 : [207] (52.0)
103 : [214, 221] (56.0)
104 : [209, 215, 219, 220, 223] (65.0)
105 : [210, 218, 226] (61.0)
106 : [222, 233] (72.0)
107 : [225] (62.0)
108 : [230, 231] (74.0)
109 : [227, 228, 236] (53.0)
110 : [224, 229, 232, 234, 242] (52.0)
111 : [235, 243, 244] (62.0)
112 : [237, 240] (66.0)
113 : [239, 245] (64.0)
114 : [238, 241, 246, 247] (57.0)
115 : [248, 250, 253, 257] (73.0)
116 : [249, 256] (58.0)
117 : [251, 254, 260] (73.0)
118 : [258, 259, 262, 264, 266] (77.0)
119 : [252, 263, 268] (64.0)
120 : [255, 261] (81.0)
121 : [265, 267, 272] (82.0)
122 : [270, 274, 275] (62.0)
123 : [269] (50.0)
124 : [276, 279, 287] (83.0)
125 : [271, 277, 278, 291] (71.0)
126 : [273, 285, 286] (95.0)
127 : [282, 283, 284, 292] (86.0)
128 : [281, 293] (71.0)
129 : [280, 288, 289, 290] (86.0)
130 : [297, 298, 301, 308] (93.0)
131 : [294, 299, 305] (94.0)
132 : [302, 309] (89.0)
133 : [295, 296, 300, 304] (79.0)
134 : [317] (55.0)
135 : [303, 306, 310, 311] (64.0)
136 : [307, 313, 314, 315] (60.0)
137 : [312, 316] (55.0)
138 : [318, 321, 322, 325] (66.0)
139 : [319, 320, 324, 328] (99.0)
140 : [326, 332, 337] (75.0)
141 : [323, 330] (73.0)
142 : [331, 333, 336, 338] (89.0)
143 : [329, 335, 340] (70.0)
144 : [339, 341] (71.0)
145 : [327, 345, 350] (72.0)
146 : [342, 344, 346] (78.0)
147 : [334, 343, 348] (54.0)
148 : [347, 358] (53.0)
149 : [349, 357] (83.0)
150 : [353, 356] (80.0)
151 : [351, 354, 355, 359] (63.0)
152 : [352, 361, 364, 374] (62.0)
153 : [360, 362, 367] (71.0)
154 : [363, 365, 369, 370] (90.0)
155 : [372, 373] (73.0)
156 : [366, 368, 377] (92.0)
157 : [371, 375, 382] (84.0)
158 : [376, 379, 386, 388] (88.0)
159 : [378, 380, 383] (87.0)
160 : [384, 391] (86.0)
161 : [387, 396, 401] (75.0)
162 : [381, 389, 393] (100.0)
163 : [385, 390, 394, 403] (65.0)
164 : [392, 397, 400] (55.0)
165 : [395, 410] (74.0)
166 : [399, 404, 405] (72.0)
167 : [398, 407] (110.0)
168 : [406, 409, 412, 413, 421] (92.0)
169 : [402, 408, 414, 415] (98.0)
170 : [419, 423] (68.0)
171 : [411, 417, 418] (94.0)
172 : [416, 422, 427] (84.0)
173 : [420, 425, 426] (73.0)
174 : [431, 436] (62.0)
175 : [424, 428, 432] (78.0)
176 : [429, 433, 437, 439, 442] (100.0)
177 : [430, 441, 443] (80.0)
178 : [434, 438] (105.0)
179 : [440, 449] (56.0)
180 : [435, 444, 451, 452] (95.0)
181 : [445, 446, 454] (97.0)
182 : [450, 462] (76.0)
183 : [455, 459] (89.0)
184 : [447, 448, 460, 461] (82.0)
185 : [453, 466] (73.0)
186 : [457, 458, 473, 474] (95.0)
187 : [456, 463, 465, 467] (66.0)
188 : [464, 468, 472] (68.0)
189 : [469, 470, 476] (99.0)
190 : [475, 479, 480] (92.0)
191 : [471, 478] (67.0)
192 : [477, 483, 485] (94.0)
193 : [481, 484, 491] (82.0)
194 : [482, 486] (81.0)
195 : [492, 493] (62.0)
196 : [487, 488, 489, 498] (87.0)
197 : [490, 496, 497] (96.0)
198 : [495, 500, 501] (90.0)
199 : [502, 503, 505, 511] (69.0)
200 : [494, 499, 510, 514] (60.0)
201 : [504, 521] (66.0)
202 : [506, 517, 519] (77.0)
203 : [509, 512, 518] (91.0)
204 : [508, 513, 515] (89.0)
205 : [507, 529] (98.0)
206 : [516, 523, 526, 530, 533] (99.0)
207 : [524, 525, 532] (100.0)
208 : [520, 528, 536] (99.0)
209 : [527, 534] (83.0)
210 : [522, 537] (88.0)
211 : [531, 539] (93.0)
212 : [535, 541, 542] (95.0)
213 : [538, 546, 548, 553] (96.0)
214 : [540, 543, 544] (99.0)
215 : [549, 551, 556, 563] (100.0)
216 : [547, 552, 560] (92.0)
217 : [545, 550, 558, 567] (99.0)
218 : [554, 557, 559] (88.0)
219 : [555, 565] (74.0)
220 : [561, 566] (85.0)
221 : [562, 569, 572] (77.0)
222 : [564, 571, 575] (102.0)
223 : [576, 578, 582] (98.0)
224 : [568, 570, 573, 574] (99.0)
225 : [577, 580, 584] (100.0)
226 : [579, 581, 587] (100.0)
227 : [586, 590, 596] (85.0)
228 : [583, 585, 592, 600] (100.0)
229 : [588, 597] (77.0)
230 : [591, 593, 595] (99.0)
231 : [589, 594, 598] (99.0)
232 : [601, 606, 614] (95.0)
233 : [599, 604, 605] (74.0)
234 : [602, 603, 607] (99.0)
235 : [608, 609, 615] (98.0)
236 : [610, 611, 618] (100.0)
237 : [612, 616, 619, 624, 625] (98.0)
238 : [613, 620, 621] (81.0)
239 : [617, 626] (96.0)
240 : [622, 623] (63.0)
241 : [627, 629, 632] (99.0)
242 : [630, 631, 640] (97.0)
243 : [633, 634, 635] (94.0)
244 : [628, 636, 637, 643] (99.0)
245 : [644, 645] (100.0)
246 : [638, 639, 641] (83.0)
247 : [642, 646, 647] (89.0)
248 : [648, 649, 654] (89.0)
249 : [651, 653, 655] (96.0)
250 : [659] (58.0)
251 : [652, 660, 661, 662] (100.0)
252 : [650, 657, 665] (95.0)
253 : [656, 669, 670] (96.0)
254 : [664, 668] (98.0)
255 : [658, 672, 674] (99.0)
256 : [663, 667, 678] (99.0)
257 : [666, 671, 676, 679] (95.0)
258 : [675, 682, 688, 689] (100.0)
259 : [677, 685] (100.0)
260 : [673, 683, 684, 686] (104.0)
261 : [680, 681, 691, 692] (104.0)
262 : [690, 700] (97.0)
263 : [694, 695, 702] (99.0)
264 : [687, 696, 698] (117.0)
265 : [697, 707] (84.0)
266 : [699, 704, 705] (99.0)
267 : [693, 708, 715] (100.0)
268 : [701, 709, 717] (110.0)
269 : [703, 706, 711, 714] (99.0)
270 : [712, 713, 723] (82.0)
271 : [710, 720] (99.0)
272 : [718, 721, 728] (98.0)
273 : [716, 722, 724, 727] (90.0)
274 : [719, 725, 738] (97.0)
275 : [729, 733, 734] (101.0)
276 : [726, 732, 735, 741] (95.0)
277 : [736, 740] (97.0)
278 : [730, 731, 739] (100.0)
279 : [737, 742, 743] (114.0)
280 : [747, 748, 749] (100.0)
281 : [744, 745, 746] (100.0)
