Name: 750-30-50
Time: 33.04829549789429 
Result: 39
Solution:  0 0 3 0 2 5 2 2 7 6 3 3 5 7 6 7 9 12 8 9 8 14 12 11 12 11 12 14 15 18 15 15 16 16 17 20 20 18 17 19 19 21 19 23 21 26 22 24 23 25 24 22 25 22 29 30 28 28 29 26 30 31 35 31 36 31 34 34 35 33 36 38 39 33 37 36 40 38 37 39 40 39 44 40 43 41 43 41 45 43 45 47 49 44 44 48 47 46 51 46 48 54 51 53 53 50 50 51 54 54 55 55 55 60 57 57 59 56 56 59 60 61 60 61 63 62 59 64 62 64 64 66 63 66 67 65 67 65 68 68 69 66 70 69 76 73 75 73 70 73 74 74 77 78 75 77 76 79 78 77 79 80 80 83 82 82 83 84 85 84 85 89 85 86 83 87 88 88 90 93 90 87 91 92 92 93 89 93 94 91 95 95 96 96 97 98 98 98 99 102 97 101 105 104 102 105 103 103 101 108 105 104 106 107 109 106 110 110 109 107 114 108 112 114 112 114 111 109 116 118 115 111 116 116 117 115 122 118 117 120 119 116 122 121 122 123 120 121 124 124 123 127 125 129 128 128 125 126 131 130 126 129 131 130 131 132 132 133 133 131 133 134 133 137 137 135 137 138 136 136 138 134 141 138 135 138 138 139 142 140 140 144 138 142 142 146 141 142 143 144 141 143 143 147 145 145 146 144 149 145 149 148 147 148 147 150 150 151 151 150 150 148 147 154 153 152 154 149 154 153 154 153 152 158 153 156 156 157 158 157 156 153 155 157 162 159 159 155 160 159 161 162 164 161 165 162 163 164 163 160 164 167 161 165 162 166 165 163 162 171 167 167 168 168 167 170 167 169 167 174 166 170 169 174 174 172 173 172 173 173 175 176 174 179 175 174 176 173 176 178 176 177 180 177 178 182 180 179 180 183 177 181 179 184 180 184 183 182 179 183 187 184 185 184 181 185 187 186 186 184 189 186 188 185 191 191 190 189 188 191 189 191 194 190 191 190 193 193 193 196 193 195 192 194 194 198 197 197 196 197 200 198 195 197 200 201 198 195 202 201 200 201 200 199 203 206 201 201 203 205 204 203 207 204 204 205 206 207 206 206 205 208 209 211 208 205 210 213 210 210 212 213 213 214 209 212 215 214 211 210 217 215 211 212 212 211 217 215 214 221 219 216 215 219 216 221 217 220 221 219 223 218 218 218 222 221 221 222 226 223 224 225 226 225 225 227 225 228 223 228 227 229 231 226 226 226 228 230 230 233 228 230 231 232 230 229 231 234 234 233 236 236 234 235 235 235 236 237 234 238 240 240 237 238 239 241 241 238 239 238 240 240 243 242 243 242 245 244 242 242 243 247 246 246 243 242 247 247 247 244 248 250 248 249 248 250 245 252 249 251 253 251 252 252 249 250 255 255 254 251 254 254 251 257 256 253 258 256 256 255 258 261 261 255 258 257 255 259 262 260 260 261 262 260 259 262 264 266 263 262 265 261 264 263 264 265 266 263 267 265 265 270 269 265 268 269 269 268 271 271 267 270 270 272 271 273 272 274 275 273 276 273 274 273 276 275 277 273 275 281 277 276 279 281 278 278 280 279 276 284 277 282 281 280 285 280 283 284 279 282 284 280 285 283 286 285 289 286 286 283 287 287 289 287 292 288 290 290 286 288 291 290 291 293 293 291 291 290 292 292
0 : [0, 1, 3] (43.0)
1 : [] (0.0)
2 : [4, 6, 7] (34.0)
3 : [2, 10, 11] (47.0)
4 : [] (0.0)
5 : [5, 12] (42.0)
6 : [9, 14] (32.0)
7 : [8, 13, 15] (42.0)
8 : [18, 20] (42.0)
9 : [16, 19] (30.0)
10 : [] (0.0)
11 : [23, 25] (38.0)
12 : [17, 22, 24, 26] (34.0)
13 : [] (0.0)
14 : [21, 27] (36.0)
15 : [28, 30, 31] (37.0)
16 : [32, 33] (31.0)
17 : [34, 38] (35.0)
18 : [29, 37] (47.0)
19 : [39, 40, 42] (29.0)
20 : [35, 36] (26.0)
21 : [41, 44] (30.0)
22 : [46, 51, 53] (36.0)
23 : [43, 48] (42.0)
24 : [47, 50] (35.0)
25 : [49, 52] (35.0)
26 : [45, 59] (39.0)
27 : [] (0.0)
28 : [56, 57] (31.0)
29 : [54, 58] (31.0)
30 : [55, 60] (36.0)
31 : [61, 63, 65] (32.0)
32 : [] (0.0)
33 : [69, 73] (41.0)
34 : [66, 67] (32.0)
35 : [62, 68] (37.0)
36 : [64, 70, 75] (34.0)
37 : [74, 78] (47.0)
38 : [71, 77] (36.0)
39 : [72, 79, 81] (37.0)
40 : [76, 80, 83] (35.0)
41 : [85, 87] (32.0)
42 : [] (0.0)
43 : [84, 86, 89] (34.0)
44 : [82, 93, 94] (33.0)
45 : [88, 90] (46.0)
46 : [97, 99] (38.0)
47 : [91, 96] (30.0)
48 : [95, 100] (50.0)
49 : [92] (30.0)
50 : [105, 106] (34.0)
51 : [98, 102, 107] (38.0)
52 : [] (0.0)
53 : [103, 104] (38.0)
54 : [101, 108, 109] (42.0)
55 : [110, 111, 112] (44.0)
56 : [117, 118] (47.0)
57 : [114, 115] (33.0)
58 : [] (0.0)
59 : [116, 119, 126] (45.0)
60 : [113, 120, 122] (50.0)
61 : [121, 123] (38.0)
62 : [125, 128] (34.0)
63 : [124, 132] (43.0)
64 : [127, 129, 130] (43.0)
65 : [135, 137] (38.0)
66 : [131, 133, 141] (38.0)
67 : [134, 136] (30.0)
68 : [138, 139] (34.0)
69 : [140, 143] (40.0)
70 : [142, 148] (41.0)
71 : [] (0.0)
72 : [] (0.0)
73 : [145, 147, 149] (37.0)
74 : [150, 151] (34.0)
75 : [146, 154] (38.0)
76 : [144, 156] (46.0)
77 : [152, 155, 159] (32.0)
78 : [153, 158] (46.0)
79 : [157, 160] (35.0)
80 : [161, 162] (32.0)
81 : [] (0.0)
82 : [164, 165] (35.0)
83 : [163, 166, 174] (29.0)
84 : [167, 169] (50.0)
85 : [168, 170, 172] (30.0)
86 : [173] (33.0)
87 : [175, 181] (40.0)
88 : [176, 177] (35.0)
89 : [171, 186] (40.0)
90 : [178, 180] (35.0)
91 : [182, 189] (30.0)
92 : [183, 184] (41.0)
93 : [179, 185, 187] (46.0)
94 : [188] (31.0)
95 : [190, 191] (36.0)
96 : [192, 193] (36.0)
97 : [194, 200] (51.0)
98 : [195, 196, 197] (43.0)
99 : [198] (30.0)
100 : [] (0.0)
101 : [201, 208] (37.0)
102 : [199, 204] (30.0)
103 : [206, 207] (36.0)
104 : [203, 211] (47.0)
105 : [202, 205, 210] (37.0)
106 : [212, 215] (50.0)
107 : [213, 219] (34.0)
108 : [209, 221] (38.0)
109 : [214, 218, 227] (39.0)
110 : [216, 217] (37.0)
111 : [226, 231] (50.0)
112 : [222, 224] (39.0)
113 : [] (0.0)
114 : [220, 223, 225] (47.0)
115 : [230, 235] (31.0)
116 : [228, 232, 233, 241] (49.0)
117 : [234, 238] (39.0)
118 : [229, 237] (46.0)
119 : [240] (30.0)
120 : [239, 246] (45.0)
121 : [243, 247] (37.0)
122 : [236, 242, 244] (46.0)
123 : [245, 250] (31.0)
124 : [248, 249] (38.0)
125 : [252, 256] (40.0)
126 : [257, 260] (30.0)
127 : [251] (29.0)
128 : [254, 255] (38.0)
129 : [253, 261] (44.0)
130 : [259, 263] (51.0)
131 : [258, 262, 264, 269] (45.0)
132 : [265, 266] (33.0)
133 : [267, 268, 270, 272] (48.0)
134 : [271, 281] (34.0)
135 : [275, 284] (39.0)
136 : [278, 279] (32.0)
137 : [273, 274, 276] (30.0)
138 : [277, 280, 283, 285, 286, 292] (31.0)
139 : [287] (30.0)
140 : [289, 290] (32.0)
141 : [282, 296, 300] (30.0)
142 : [288, 293, 294, 297] (42.0)
143 : [298, 301, 302] (34.0)
144 : [291, 299, 307] (46.0)
145 : [304, 305, 309] (50.0)
146 : [295, 306] (49.0)
147 : [303, 312, 314, 322] (44.0)
148 : [311, 313, 321] (48.0)
149 : [308, 310, 327] (43.0)
150 : [315, 316, 319, 320] (40.0)
151 : [317, 318] (40.0)
152 : [325, 332] (38.0)
153 : [324, 329, 331, 334, 341] (45.0)
154 : [323, 326, 328, 330] (31.0)
155 : [342, 347] (31.0)
156 : [335, 336, 340] (41.0)
157 : [337, 339, 343] (39.0)
158 : [333, 338] (32.0)
159 : [345, 346, 349] (37.0)
160 : [348, 359] (44.0)
161 : [350, 353, 362] (49.0)
162 : [344, 351, 355, 364, 368] (47.0)
163 : [356, 358, 367] (48.0)
164 : [352, 357, 360] (48.0)
165 : [354, 363, 366] (31.0)
166 : [365, 380] (48.0)
167 : [361, 370, 371, 374, 376, 378] (40.0)
168 : [372, 373] (30.0)
169 : [377, 382] (38.0)
170 : [375, 381] (36.0)
171 : [369] (35.0)
172 : [385, 387] (31.0)
173 : [386, 388, 389, 397] (48.0)
174 : [379, 383, 384, 392, 395] (50.0)
175 : [390, 394] (38.0)
176 : [391, 396, 398, 400] (50.0)
177 : [401, 403, 410] (50.0)
178 : [399, 404] (50.0)
179 : [393, 407, 412, 418] (35.0)
180 : [402, 406, 408, 414] (43.0)
181 : [411, 424] (44.0)
182 : [405, 417] (33.0)
183 : [409, 416, 419] (44.0)
184 : [413, 415, 421, 423, 429] (43.0)
185 : [422, 425, 433] (30.0)
186 : [427, 428, 431] (44.0)
187 : [420, 426] (46.0)
188 : [432, 438] (51.0)
189 : [430, 437, 440] (56.0)
190 : [436, 443, 445] (47.0)
191 : [434, 435, 439, 441, 444] (43.0)
192 : [452] (33.0)
193 : [446, 447, 448, 450] (41.0)
194 : [442, 453, 454] (48.0)
195 : [451, 462, 467] (47.0)
196 : [449, 458] (43.0)
197 : [456, 457, 459, 463] (35.0)
198 : [455, 461, 466] (40.0)
199 : [473] (32.0)
200 : [460, 464, 470, 472] (44.0)
201 : [465, 469, 471, 476, 477] (47.0)
202 : [468] (31.0)
203 : [474, 478, 481] (49.0)
204 : [480, 483, 484] (48.0)
205 : [479, 485, 490, 495] (44.0)
206 : [475, 486, 488, 489] (41.0)
207 : [482, 487] (51.0)
208 : [491, 494] (36.0)
209 : [492, 504] (55.0)
210 : [496, 498, 499, 509] (48.0)
211 : [493, 508, 512, 515] (49.0)
212 : [500, 505, 513, 514] (49.0)
213 : [497, 501, 502] (48.0)
214 : [503, 507, 518] (49.0)
215 : [506, 511, 517, 522] (41.0)
216 : [521, 524] (42.0)
217 : [510, 516, 526] (50.0)
218 : [531, 532, 533] (45.0)
219 : [520, 523, 529] (44.0)
220 : [527] (40.0)
221 : [519, 525, 528, 535, 536] (49.0)
222 : [534, 537] (39.0)
223 : [530, 539, 548] (48.0)
224 : [540] (32.0)
225 : [541, 543, 544, 546] (36.0)
226 : [538, 542, 553, 554, 555] (47.0)
227 : [545, 550] (44.0)
228 : [547, 549, 556, 560] (44.0)
229 : [551, 565] (50.0)
230 : [557, 558, 561, 564] (45.0)
231 : [552, 562, 566] (42.0)
232 : [563] (39.0)
233 : [559, 569] (55.0)
234 : [567, 568, 572, 578] (42.0)
235 : [573, 574, 575] (46.0)
236 : [570, 571, 576] (43.0)
237 : [577, 582] (42.0)
238 : [579, 583, 587, 589] (50.0)
239 : [584, 588] (46.0)
240 : [580, 581, 590, 591] (48.0)
241 : [585, 586] (41.0)
242 : [593, 595, 598, 599, 605] (49.0)
243 : [592, 594, 600, 604] (46.0)
244 : [597, 609] (49.0)
245 : [596, 616] (43.0)
246 : [602, 603] (56.0)
247 : [601, 606, 607, 608] (50.0)
248 : [610, 612, 614] (54.0)
249 : [613, 618, 624] (50.0)
250 : [611, 615, 625] (50.0)
251 : [619, 621, 629, 632] (49.0)
252 : [617, 622, 623] (42.0)
253 : [620, 635] (42.0)
254 : [628, 630, 631] (51.0)
255 : [626, 627, 639, 643, 646] (50.0)
256 : [634, 637, 638] (50.0)
257 : [633, 645] (42.0)
258 : [636, 640, 644] (49.0)
259 : [647, 654] (52.0)
260 : [649, 650, 653] (49.0)
261 : [641, 642, 651, 661] (40.0)
262 : [648, 652, 655, 659] (50.0)
263 : [658, 663, 667] (49.0)
264 : [656, 662, 664] (51.0)
265 : [660, 665, 669, 670, 673] (50.0)
266 : [657, 666] (45.0)
267 : [668, 680] (46.0)
268 : [674, 677] (45.0)
269 : [672, 675, 676] (51.0)
270 : [671, 681, 682] (52.0)
271 : [678, 679, 684] (43.0)
272 : [683, 686] (53.0)
273 : [685, 689, 691, 693, 697] (48.0)
274 : [687, 692] (65.0)
275 : [688, 695, 698] (44.0)
276 : [690, 694, 701, 708] (47.0)
277 : [696, 700, 710] (53.0)
278 : [704, 705] (48.0)
279 : [702, 707, 718] (50.0)
280 : [706, 713, 715, 721] (50.0)
281 : [699, 703, 712] (50.0)
282 : [711, 719] (45.0)
283 : [716, 723, 729] (48.0)
284 : [709, 717, 720] (46.0)
285 : [714, 722, 725] (56.0)
286 : [724, 727, 728, 738] (49.0)
287 : [730, 731, 733] (42.0)
288 : [735, 739] (47.0)
289 : [726, 732] (58.0)
290 : [736, 737, 741, 747] (47.0)
291 : [740, 742, 745, 746] (51.0)
292 : [734, 748, 749] (50.0)
293 : [743, 744] (51.0)
