Name: 750-60-125
Time: 36.87142491340637 
Result: 95
Solution:  2 0 0 4 3 3 2 0 7 4 5 7 6 6 9 7 9 5 7 13 11 10 12 14 12 13 11 10 14 18 16 15 12 15 16 15 18 16 18 19 20 23 20 23 23 19 24 22 20 25 22 24 25 28 25 28 27 27 31 27 30 29 30 29 31 34 30 30 35 36 34 38 36 34 34 35 38 38 39 39 40 42 40 42 44 45 43 45 42 42 43 42 44 49 48 47 47 48 49 48 52 50 50 50 52 52 55 51 55 54 53 54 56 57 54 57 60 55 61 58 59 57 61 63 60 61 63 64 68 66 66 64 67 65 65 64 67 68 72 68 70 70 73 73 71 72 74 71 76 71 71 76 77 75 77 77 79 78 81 79 79 78 81 83 82 80 80 86 85 83 89 82 87 87 88 86 87 84 91 88 92 90 93 91 92 89 92 91 94 96 95 95 98 94 101 95 97 98 96 97 104 104 102 102 100 102 100 103 104 103 105 101 107 105 109 108 108 107 113 112 109 111 107 112 109 114 115 116 115 113 117 119 116 115 117 119 121 119 123 118 120 122 121 125 120 122 123 123 124 120 126 126 125 128 124 129 129 128 127 129 131 128 132 130 132 135 136 133 130 134 133 134 139 135 138 135 139 136 136 138 140 143 141 137 143 141 142 140 144 141 146 147 144 146 149 148 149 150 150 146 153 151 155 148 152 151 151 152 155 154 157 154 155 158 156 160 159 156 161 158 159 157 161 160 158 163 165 163 165 167 164 164 166 162 169 166 166 167 171 168 170 171 172 169 171 174 172 175 173 175 177 178 175 176 180 179 174 179 178 182 182 183 177 180 178 182 184 182 177 184 181 182 181 182 182 185 185 188 185 186 185 189 183 187 188 183 186 187 189 187 189 191 192 190 189 191 188 191 192 188 193 194 193 190 193 198 190 195 194 196 195 196 195 196 197 196 198 198 195 196 201 199 199 200 201 200 201 204 199 206 200 201 202 203 203 203 205 208 206 208 204 204 208 206 205 207 205 208 205 207 209 209 210 211 211 210 209 211 212 210 211 209 213 214 214 212 213 215 216 214 217 213 216 215 218 217 217 221 216 218 220 221 217 220 219 217 220 222 219 221 224 222 221 223 221 225 223 224 226 226 225 229 227 228 224 227 226 228 227 228 226 229 230 232 227 232 231 229 231 230 231 234 233 232 234 235 235 234 233 231 233 236 239 237 238 239 238 237 236 239 240 238 241 240 241 236 242 244 243 242 241 243 244 243 242 244 240 243 246 245 245 249 247 247 246 246 248 249 247 249 246 249 245 254 250 250 251 251 254 253 252 248 253 250 249 255 254 252 257 253 251 256 256 253 258 257 258 259 257 256 255 258 258 259 260 259 264 263 262 260 260 261 266 262 264 261 264 262 265 265 265 267 266 263 268 267 268 267 266 266 269 270 271 273 272 270 269 271 271 272 274 272 274 273 275 276 274 270 276 276 275 275 277 272 274 279 278 278 278 275 277 282 279 281 280 279 283 281 280 286 278 282 280 282 283 284 285 281 281 285 284 287 286 285 284 287 286 288 288 288 286 289 290 289 290 290 291 291 290 293 291 292 294 293 297 294 291 297 295 294 296 292 296 293 295 297 297 301 298 298 300 299 299 303 300 299 305 301 301 302 298 301 300 301 303 302 301 306 304 304 305 307 304 307 308 308 307 305 308 306
0 : [1, 2, 7] (71.0)
1 : [] (0.0)
2 : [0, 6] (65.0)
3 : [4, 5] (60.0)
4 : [3, 9] (66.0)
5 : [10, 17] (80.0)
6 : [12, 13] (61.0)
7 : [8, 11, 15, 18] (67.0)
8 : [] (0.0)
9 : [14, 16] (96.0)
10 : [21, 27] (60.0)
11 : [20, 26] (68.0)
12 : [22, 24, 32] (64.0)
13 : [19, 25] (94.0)
14 : [23, 28] (87.0)
15 : [31, 33, 35] (95.0)
16 : [30, 34, 37] (95.0)
17 : [] (0.0)
18 : [29, 36, 38] (65.0)
19 : [39, 45] (96.0)
20 : [40, 42, 48] (93.0)
21 : [] (0.0)
22 : [47, 50] (62.0)
23 : [41, 43, 44] (113.0)
24 : [46, 51] (68.0)
25 : [49, 52, 54] (65.0)
26 : [] (0.0)
27 : [56, 57, 59] (79.0)
28 : [53, 55] (78.0)
29 : [61, 63] (91.0)
30 : [60, 62, 66, 67] (108.0)
31 : [58, 64] (112.0)
32 : [] (0.0)
33 : [] (0.0)
34 : [65, 70, 73, 74] (70.0)
35 : [68, 75] (111.0)
36 : [69, 72] (64.0)
37 : [] (0.0)
38 : [71, 76, 77] (101.0)
39 : [78, 79] (69.0)
40 : [80, 82] (107.0)
41 : [] (0.0)
42 : [81, 83, 88, 89, 91] (122.0)
43 : [86, 90] (81.0)
44 : [84, 92] (71.0)
45 : [85, 87] (75.0)
46 : [] (0.0)
47 : [95, 96] (91.0)
48 : [94, 97, 99] (75.0)
49 : [93, 98] (71.0)
50 : [101, 102, 103] (107.0)
51 : [107] (61.0)
52 : [100, 104, 105] (105.0)
53 : [110] (64.0)
54 : [109, 111, 114] (70.0)
55 : [106, 108, 117] (66.0)
56 : [112] (62.0)
57 : [113, 115, 121] (64.0)
58 : [119] (60.0)
59 : [120] (61.0)
60 : [116, 124] (95.0)
61 : [118, 122, 125] (71.0)
62 : [] (0.0)
63 : [123, 126] (86.0)
64 : [127, 131, 135] (70.0)
65 : [133, 134] (81.0)
66 : [129, 130] (72.0)
67 : [132, 136] (97.0)
68 : [128, 137, 139] (82.0)
69 : [] (0.0)
70 : [140, 141] (75.0)
71 : [144, 147, 149, 150] (87.0)
72 : [138, 145] (120.0)
73 : [142, 143] (75.0)
74 : [146] (67.0)
75 : [153] (61.0)
76 : [148, 151] (100.0)
77 : [152, 154, 155] (91.0)
78 : [157, 161] (103.0)
79 : [156, 159, 160] (76.0)
80 : [165, 166] (72.0)
81 : [158, 162] (75.0)
82 : [164, 171] (73.0)
83 : [163, 169] (69.0)
84 : [177] (65.0)
85 : [168] (62.0)
86 : [167, 175] (71.0)
87 : [172, 173, 176] (91.0)
88 : [174, 179] (101.0)
89 : [170, 185] (75.0)
90 : [181] (77.0)
91 : [178, 183, 187] (75.0)
92 : [180, 184, 186] (99.0)
93 : [182] (64.0)
94 : [188, 193] (76.0)
95 : [190, 191, 195] (104.0)
96 : [189, 198] (80.0)
97 : [196, 199] (101.0)
98 : [192, 197] (65.0)
99 : [] (0.0)
100 : [204, 206] (99.0)
101 : [194, 211] (111.0)
102 : [202, 203, 205] (116.0)
103 : [207, 209] (90.0)
104 : [200, 201, 208] (100.0)
105 : [210, 213] (96.0)
106 : [] (0.0)
107 : [212, 217, 222] (100.0)
108 : [215, 216] (77.0)
109 : [214, 220, 224] (67.0)
110 : [] (0.0)
111 : [221] (64.0)
112 : [219, 223] (109.0)
113 : [218, 229] (66.0)
114 : [225] (63.0)
115 : [226, 228, 233] (106.0)
116 : [227, 232] (112.0)
117 : [230, 234] (91.0)
118 : [239] (63.0)
119 : [231, 235, 237] (102.0)
120 : [240, 244, 249] (113.0)
121 : [236, 242] (73.0)
122 : [241, 245] (119.0)
123 : [238, 246, 247] (110.0)
124 : [248, 254] (93.0)
125 : [243, 252] (118.0)
126 : [250, 251] (87.0)
127 : [258] (69.0)
128 : [253, 257, 261] (92.0)
129 : [255, 256, 259] (105.0)
130 : [263, 268] (62.0)
131 : [260] (67.0)
132 : [262, 264] (85.0)
133 : [267, 270] (97.0)
134 : [269, 271] (104.0)
135 : [265, 273, 275] (115.0)
136 : [266, 277, 278] (125.0)
137 : [283] (62.0)
138 : [274, 279] (108.0)
139 : [272, 276] (101.0)
140 : [280, 287] (75.0)
141 : [282, 285, 289] (107.0)
142 : [286] (64.0)
143 : [281, 284] (92.0)
144 : [288, 292] (106.0)
145 : [] (0.0)
146 : [290, 293, 299] (108.0)
147 : [291] (70.0)
148 : [295, 303] (117.0)
149 : [294, 296] (83.0)
150 : [297, 298] (82.0)
151 : [301, 305, 306] (79.0)
152 : [304, 307] (126.0)
153 : [300] (73.0)
154 : [309, 311] (68.0)
155 : [302, 308, 312] (118.0)
156 : [314, 317] (104.0)
157 : [310, 321] (91.0)
158 : [313, 319, 324] (124.0)
159 : [316, 320] (106.0)
160 : [315, 323] (104.0)
161 : [318, 322] (106.0)
162 : [333] (62.0)
163 : [325, 327] (103.0)
164 : [330, 331] (95.0)
165 : [326, 328] (116.0)
166 : [332, 335, 336] (88.0)
167 : [329, 337] (105.0)
168 : [339] (79.0)
169 : [334, 343] (88.0)
170 : [340] (64.0)
171 : [338, 341, 344] (65.0)
172 : [342, 346] (85.0)
173 : [348] (63.0)
174 : [345, 356] (112.0)
175 : [347, 349, 352] (117.0)
176 : [353] (86.0)
177 : [350, 362, 368] (123.0)
178 : [351, 358, 364] (118.0)
179 : [355, 357] (88.0)
180 : [354, 363] (100.0)
181 : [370, 372] (98.0)
182 : [359, 360, 365, 367, 371, 373, 374] (115.0)
183 : [361, 382, 385] (76.0)
184 : [366, 369] (88.0)
185 : [375, 376, 378, 380] (121.0)
186 : [379, 386] (88.0)
187 : [383, 387, 389] (121.0)
188 : [377, 384, 396, 399] (100.0)
189 : [381, 388, 390, 394] (98.0)
190 : [393, 403, 406] (81.0)
191 : [391, 395, 397] (83.0)
192 : [392, 398] (113.0)
193 : [400, 402, 404] (119.0)
194 : [401, 408] (79.0)
195 : [407, 410, 412, 418] (124.0)
196 : [409, 411, 413, 415, 419] (117.0)
197 : [414] (65.0)
198 : [405, 416, 417] (122.0)
199 : [421, 422, 428] (125.0)
200 : [423, 425, 430] (99.0)
201 : [420, 424, 426, 431] (125.0)
202 : [432] (65.0)
203 : [433, 434, 435] (108.0)
204 : [427, 440, 441] (111.0)
205 : [436, 444, 446, 448] (90.0)
206 : [429, 438, 443] (109.0)
207 : [445, 449] (62.0)
208 : [437, 439, 442, 447] (118.0)
209 : [450, 451, 456, 461] (125.0)
210 : [452, 455, 459] (97.0)
211 : [453, 454, 457, 460] (113.0)
212 : [458, 465] (108.0)
213 : [462, 466, 471] (96.0)
214 : [463, 464, 469] (116.0)
215 : [467, 473] (96.0)
216 : [468, 472, 478] (103.0)
217 : [470, 475, 476, 482, 485] (125.0)
218 : [474, 479] (124.0)
219 : [484, 488] (81.0)
220 : [480, 483, 486] (124.0)
221 : [477, 481, 489, 492, 494] (90.0)
222 : [487, 491] (66.0)
223 : [493, 496] (97.0)
224 : [490, 497, 504] (111.0)
225 : [495, 500] (121.0)
226 : [498, 499, 506, 510] (121.0)
227 : [502, 505, 508, 514] (106.0)
228 : [503, 507, 509] (117.0)
229 : [501, 511, 517] (82.0)
230 : [512, 519] (74.0)
231 : [516, 518, 520, 529] (123.0)
232 : [513, 515, 523] (92.0)
233 : [522, 528, 530] (126.0)
234 : [521, 524, 527] (116.0)
235 : [525, 526] (90.0)
236 : [531, 538, 545] (125.0)
237 : [533, 537] (89.0)
238 : [534, 536, 541] (72.0)
239 : [532, 535, 539] (97.0)
240 : [540, 543, 556] (122.0)
241 : [542, 544, 550] (120.0)
242 : [546, 549, 554] (122.0)
243 : [548, 551, 553, 557] (124.0)
244 : [547, 552, 555] (127.0)
245 : [559, 560, 572] (119.0)
246 : [558, 564, 565, 570] (124.0)
247 : [562, 563, 568] (122.0)
248 : [566, 581] (106.0)
249 : [561, 567, 569, 571, 584] (122.0)
250 : [574, 575, 583] (112.0)
251 : [576, 577, 590] (121.0)
252 : [580, 587] (103.0)
253 : [579, 582, 589, 593] (125.0)
254 : [573, 578, 586] (121.0)
255 : [585, 600] (121.0)
256 : [591, 592, 599] (124.0)
257 : [588, 595, 598] (129.0)
258 : [594, 596, 601, 602] (112.0)
259 : [597, 603, 605] (128.0)
260 : [604, 609, 610] (114.0)
261 : [611, 615] (98.0)
262 : [608, 613, 617] (94.0)
263 : [607, 623] (90.0)
264 : [606, 614, 616] (120.0)
265 : [618, 619, 620] (116.0)
266 : [612, 622, 628, 629] (99.0)
267 : [621, 625, 627] (124.0)
268 : [624, 626] (95.0)
269 : [630, 636] (105.0)
270 : [631, 635, 647] (122.0)
271 : [632, 637, 638] (120.0)
272 : [634, 639, 641, 653] (125.0)
273 : [633, 643] (124.0)
274 : [640, 642, 646, 654] (131.0)
275 : [644, 650, 651, 659] (124.0)
276 : [645, 648, 649] (117.0)
277 : [652, 660] (96.0)
278 : [656, 657, 658, 670] (121.0)
279 : [655, 662, 665] (123.0)
280 : [664, 668, 672] (119.0)
281 : [663, 667, 677, 678] (127.0)
282 : [661, 671, 673] (125.0)
283 : [666, 674] (114.0)
284 : [675, 680, 684] (130.0)
285 : [676, 679, 683] (133.0)
286 : [669, 682, 686, 690] (127.0)
287 : [681, 685] (124.0)
288 : [687, 688, 689] (120.0)
289 : [691, 693] (122.0)
290 : [692, 694, 695, 698] (111.0)
291 : [696, 697, 700, 706] (114.0)
292 : [701, 711] (123.0)
293 : [699, 703, 713] (113.0)
294 : [702, 705, 709] (118.0)
295 : [708, 714] (115.0)
296 : [710, 712] (108.0)
297 : [704, 707, 715, 716] (123.0)
298 : [718, 719, 730] (119.0)
299 : [721, 722, 725] (122.0)
300 : [720, 724, 732] (126.0)
301 : [717, 727, 728, 731, 733, 736] (123.0)
302 : [729, 735] (124.0)
303 : [723, 734] (120.0)
304 : [738, 739, 742] (124.0)
305 : [726, 740, 747] (117.0)
306 : [737, 749] (123.0)
307 : [741, 743, 746] (155.0)
308 : [744, 745, 748] (115.0)
