Name: 750-20-30
Time: 33.6554970741272 
Result: 22
Solution:  3 1 0 0 4 1 3 5 1 7 5 4 7 10 7 6 11 7 5 6 14 10 9 9 13 12 11 12 18 13 15 14 16 16 17 17 14 18 19 15 21 21 21 19 24 22 23 23 22 26 24 26 28 26 31 27 28 29 27 29 31 30 32 30 32 33 33 31 31 38 34 35 38 37 37 34 35 41 40 39 39 40 42 40 41 42 43 43 44 41 45 45 46 48 50 47 47 44 50 46 48 49 51 48 49 54 55 52 52 57 55 57 60 55 54 57 58 58 60 62 61 60 61 62 62 64 59 60 64 63 68 63 66 66 67 67 68 69 71 68 69 72 70 71 72 74 73 73 74 70 73 74 76 76 77 79 79 78 78 80 81 77 84 81 83 80 85 82 85 88 89 86 87 86 87 84 90 87 91 87 90 88 94 89 92 93 89 93 94 92 95 95 96 100 96 97 98 99 98 97 102 99 100 103 106 103 104 102 100 104 108 105 105 109 107 110 109 108 111 105 113 110 110 111 114 115 113 115 118 114 112 115 116 116 119 115 117 116 118 120 123 120 119 121 121 125 123 122 122 125 124 124 124 130 128 123 127 129 127 125 130 128 135 132 132 131 129 131 135 131 135 133 136 133 137 137 136 138 139 138 141 140 140 141 139 144 143 140 145 144 146 146 148 149 147 145 148 152 147 149 152 150 154 150 153 154 151 153 157 156 153 157 156 155 158 159 160 155 159 158 162 161 162 163 166 163 160 163 161 165 164 164 165 162 168 166 167 167 168 170 170 172 171 173 169 172 174 174 171 172 173 175 175 178 180 175 178 177 180 182 180 179 179 181 184 184 183 186 186 182 185 181 185 187 186 187 186 188 192 188 191 190 191 190 190 189 193 193 195 192 195 194 197 196 197 198 199 194 196 199 200 198 201 203 204 202 206 204 203 201 202 205 206 205 207 210 210 208 209 210 210 212 211 211 214 209 212 215 213 213 215 216 219 214 217 219 216 218 219 222 220 220 218 221 224 226 223 222 223 225 224 225 228 228 227 226 227 230 229 230 227 234 233 233 229 231 231 232 235 235 232 232 236 236 237 238 238 234 241 237 239 239 241 243 242 244 240 241 244 243 247 246 245 242 248 249 247 245 247 248 248 250 248 248 253 253 250 251 252 253 251 249 255 252 255 253 255 255 254 252 258 258 256 255 256 258 258 254 259 256 257 261 257 255 260 258 260 260 257 261 263 265 263 259 265 262 262 263 264 265 267 267 267 266 265 264 269 264 268 270 270 266 270 268 272 270 268 272 271 271 272 270 269 273 276 272 275 273 274 272 274 275 276 279 277 273 278 276 281 275 282 279 279 277 281 279 278 282 283 282 280 284 281 284 284 285 284 283 283 285 288 287 286 284 286 290 289 287 289 288 287 291 286 288 292 287 289 293 291 293 291 294 292 293 295 290 295 295 294 295 294 297 296 294 296 295 296 300 298 297 299 298 299 298 302 299 300 301 302 304 303 302 304 305 299 303 304 302 301 303 305 306 307 308 306 307 309 308 305 309 311 312 306 309 306 308 310 314 313 312 313 313 315 311 316 317 314 316 310 314 315 317 315 318 315 316 319 318 317 316 320 322 316 317 320 323 319 321 321 323 319 322 326 323 321 322 324 324 321 325 325 326 328 325 324 325 326 327 329 327 328 331 330 329 330 328 329 331 331 330
0 : [2, 3] (20.0)
1 : [1, 5, 8] (27.0)
2 : [] (0.0)
3 : [0, 6] (28.0)
4 : [4, 11] (22.0)
5 : [7, 10, 18] (21.0)
6 : [15, 19] (25.0)
7 : [9, 12, 14, 17] (25.0)
8 : [] (0.0)
9 : [22, 23] (20.0)
10 : [13, 21] (29.0)
11 : [16, 26] (23.0)
12 : [25, 27] (19.0)
13 : [24, 29] (21.0)
14 : [20, 31, 36] (18.0)
15 : [30, 39] (25.0)
16 : [32, 33] (20.0)
17 : [34, 35] (20.0)
18 : [28, 37] (26.0)
19 : [38, 43] (21.0)
20 : [] (0.0)
21 : [40, 41, 42] (30.0)
22 : [45, 48] (20.0)
23 : [46, 47] (20.0)
24 : [44, 50] (22.0)
25 : [] (0.0)
26 : [49, 51, 53] (25.0)
27 : [55, 58] (21.0)
28 : [52, 56] (23.0)
29 : [57, 59] (23.0)
30 : [61, 63] (24.0)
31 : [54, 60, 67, 68] (20.0)
32 : [62, 64] (25.0)
33 : [65, 66] (21.0)
34 : [70, 75] (20.0)
35 : [71, 76] (23.0)
36 : [] (0.0)
37 : [73, 74] (18.0)
38 : [69, 72] (27.0)
39 : [79, 80] (24.0)
40 : [78, 81, 83] (21.0)
41 : [77, 84, 89] (20.0)
42 : [82, 85] (29.0)
43 : [86, 87] (21.0)
44 : [88, 97] (21.0)
45 : [90, 91] (21.0)
46 : [92, 99] (24.0)
47 : [95, 96] (27.0)
48 : [93, 100, 103] (25.0)
49 : [101, 104] (24.0)
50 : [94, 98] (21.0)
51 : [102] (20.0)
52 : [107, 108] (23.0)
53 : [] (0.0)
54 : [105, 114] (20.0)
55 : [106, 110, 113] (30.0)
56 : [] (0.0)
57 : [109, 111, 115] (26.0)
58 : [116, 117] (21.0)
59 : [126] (20.0)
60 : [112, 118, 121, 127] (19.0)
61 : [120, 122] (32.0)
62 : [119, 123, 124] (29.0)
63 : [129, 131] (25.0)
64 : [125, 128] (23.0)
65 : [] (0.0)
66 : [132, 133] (22.0)
67 : [134, 135] (22.0)
68 : [130, 136, 139] (20.0)
69 : [137, 140] (28.0)
70 : [142, 149] (22.0)
71 : [138, 143] (27.0)
72 : [141, 144] (25.0)
73 : [146, 147, 150] (31.0)
74 : [145, 148, 151] (31.0)
75 : [] (0.0)
76 : [152, 153] (22.0)
77 : [154, 161] (21.0)
78 : [157, 158] (19.0)
79 : [155, 156] (22.0)
80 : [159, 165] (17.0)
81 : [160, 163] (24.0)
82 : [167] (16.0)
83 : [164] (20.0)
84 : [162, 175] (21.0)
85 : [166, 168] (21.0)
86 : [171, 173] (33.0)
87 : [172, 174, 177, 179] (19.0)
88 : [169, 181] (23.0)
89 : [170, 183, 186] (19.0)
90 : [176, 180] (25.0)
91 : [178] (20.0)
92 : [184, 189] (21.0)
93 : [185, 187] (30.0)
94 : [182, 188] (25.0)
95 : [190, 191] (22.0)
96 : [192, 194] (31.0)
97 : [195, 199] (20.0)
98 : [196, 198] (27.0)
99 : [197, 201] (19.0)
100 : [193, 202, 208] (20.0)
101 : [] (0.0)
102 : [200, 207] (21.0)
103 : [203, 205] (21.0)
104 : [206, 209] (25.0)
105 : [211, 212, 219] (22.0)
106 : [204] (20.0)
107 : [214] (19.0)
108 : [210, 217] (30.0)
109 : [213, 216] (27.0)
110 : [215, 221, 222] (23.0)
111 : [218, 223] (28.0)
112 : [230] (19.0)
113 : [220, 226] (27.0)
114 : [224, 229] (25.0)
115 : [225, 227, 231, 235] (25.0)
116 : [232, 233, 237] (25.0)
117 : [236] (23.0)
118 : [228, 238] (23.0)
119 : [234, 242] (24.0)
120 : [239, 241] (29.0)
121 : [243, 244] (37.0)
122 : [247, 248] (30.0)
123 : [240, 246, 255] (24.0)
124 : [250, 251, 252] (28.0)
125 : [245, 249, 259] (26.0)
126 : [] (0.0)
127 : [256, 258] (25.0)
128 : [254, 261] (28.0)
129 : [257, 266] (24.0)
130 : [253, 260] (33.0)
131 : [265, 267, 269] (31.0)
132 : [263, 264] (31.0)
133 : [271, 273] (29.0)
134 : [] (0.0)
135 : [262, 268, 270] (30.0)
136 : [272, 276] (24.0)
137 : [274, 275] (24.0)
138 : [277, 279] (23.0)
139 : [278, 284] (26.0)
140 : [281, 282, 287] (27.0)
141 : [280, 283] (24.0)
142 : [] (0.0)
143 : [286] (24.0)
144 : [285, 289] (27.0)
145 : [288, 295] (28.0)
146 : [290, 291] (25.0)
147 : [294, 298] (27.0)
148 : [292, 296] (22.0)
149 : [293, 299] (29.0)
150 : [301, 303] (25.0)
151 : [306] (23.0)
152 : [297, 300] (25.0)
153 : [304, 307, 310] (27.0)
154 : [302, 305] (17.0)
155 : [313, 317] (30.0)
156 : [309, 312] (23.0)
157 : [308, 311] (28.0)
158 : [314, 319] (25.0)
159 : [315, 318] (25.0)
160 : [316, 326] (21.0)
161 : [321, 328] (28.0)
162 : [320, 322, 333] (28.0)
163 : [323, 325, 327] (30.0)
164 : [330, 331] (25.0)
165 : [329, 332] (29.0)
166 : [324, 335] (26.0)
167 : [336, 337] (25.0)
168 : [334, 338] (30.0)
169 : [344] (24.0)
170 : [339, 340] (28.0)
171 : [342, 348] (30.0)
172 : [341, 345, 349] (27.0)
173 : [343, 350] (30.0)
174 : [346, 347] (25.0)
175 : [351, 352, 355] (25.0)
176 : [] (0.0)
177 : [357] (21.0)
178 : [353, 356] (20.0)
179 : [361, 362] (31.0)
180 : [354, 358, 360] (30.0)
181 : [363, 371] (25.0)
182 : [359, 369] (33.0)
183 : [366] (25.0)
184 : [364, 365] (26.0)
185 : [370, 372] (35.0)
186 : [367, 368, 374, 376] (23.0)
187 : [373, 375] (21.0)
188 : [377, 379] (37.0)
189 : [385] (22.0)
190 : [381, 383, 384] (29.0)
191 : [380, 382] (27.0)
192 : [378, 389] (22.0)
193 : [386, 387] (26.0)
194 : [391, 397] (32.0)
195 : [388, 390] (26.0)
196 : [393, 398] (20.0)
197 : [392, 394] (29.0)
198 : [395, 401] (22.0)
199 : [396, 399] (19.0)
200 : [400] (22.0)
201 : [402, 409] (26.0)
202 : [405, 410] (30.0)
203 : [403, 408] (26.0)
204 : [404, 407] (30.0)
205 : [411, 413] (22.0)
206 : [406, 412] (23.0)
207 : [414] (25.0)
208 : [417] (21.0)
209 : [418, 425] (34.0)
210 : [415, 416, 419, 420] (27.0)
211 : [422, 423] (27.0)
212 : [421, 426] (27.0)
213 : [428, 429] (27.0)
214 : [424, 433] (24.0)
215 : [427, 430] (31.0)
216 : [431, 436] (31.0)
217 : [434] (25.0)
218 : [437, 442] (21.0)
219 : [432, 435, 438] (29.0)
220 : [440, 441] (27.0)
221 : [443] (17.0)
222 : [439, 447] (29.0)
223 : [446, 448] (21.0)
224 : [444, 450] (25.0)
225 : [449, 451] (30.0)
226 : [445, 455] (28.0)
227 : [454, 456, 460] (32.0)
228 : [452, 453] (27.0)
229 : [458, 464] (33.0)
230 : [457, 459] (34.0)
231 : [465, 466] (27.0)
232 : [467, 470, 471] (30.0)
233 : [462, 463] (27.0)
234 : [461, 477] (30.0)
235 : [468, 469] (27.0)
236 : [472, 473] (27.0)
237 : [474, 479] (29.0)
238 : [475, 476] (29.0)
239 : [480, 481] (27.0)
240 : [486] (20.0)
241 : [478, 482, 487] (27.0)
242 : [484, 493] (37.0)
243 : [483, 489] (28.0)
244 : [485, 488] (29.0)
245 : [492, 497] (23.0)
246 : [491] (24.0)
247 : [490, 496, 498] (22.0)
248 : [494, 499, 500, 502, 503] (24.0)
249 : [495, 511] (21.0)
250 : [501, 506] (31.0)
251 : [507, 510] (30.0)
252 : [508, 513, 519] (35.0)
253 : [504, 505, 509, 515] (30.0)
254 : [518, 527] (31.0)
255 : [512, 514, 516, 517, 523, 533] (29.0)
256 : [522, 524, 529] (29.0)
257 : [530, 532, 538] (29.0)
258 : [520, 521, 525, 526, 535] (30.0)
259 : [528, 543] (26.0)
260 : [534, 536, 537] (28.0)
261 : [531, 539] (30.0)
262 : [545, 546] (26.0)
263 : [540, 542, 547] (30.0)
264 : [548, 555, 557] (28.0)
265 : [541, 544, 549, 554] (30.0)
266 : [553, 561] (25.0)
267 : [550, 551, 552] (29.0)
268 : [558, 563, 566] (30.0)
269 : [556, 572] (30.0)
270 : [559, 560, 562, 565, 571] (30.0)
271 : [568, 569] (25.0)
272 : [564, 567, 570, 575, 579] (22.0)
273 : [573, 577, 585] (23.0)
274 : [578, 580] (26.0)
275 : [576, 581, 589] (25.0)
276 : [574, 582, 587] (22.0)
277 : [584, 593] (34.0)
278 : [586, 596] (31.0)
279 : [583, 591, 592, 595] (26.0)
280 : [600] (23.0)
281 : [588, 594, 602] (29.0)
282 : [590, 597, 599] (29.0)
283 : [598, 607, 608] (26.0)
284 : [601, 603, 604, 606, 613] (27.0)
285 : [605, 609] (31.0)
286 : [612, 614, 622] (32.0)
287 : [611, 617, 620, 625] (30.0)
288 : [610, 619, 623] (31.0)
289 : [616, 618, 626] (30.0)
290 : [615, 635] (35.0)
291 : [621, 628, 630] (30.0)
292 : [624, 632] (23.0)
293 : [627, 629, 633] (26.0)
294 : [631, 638, 640, 643] (28.0)
295 : [634, 636, 637, 639, 645] (29.0)
296 : [642, 644, 646] (29.0)
297 : [641, 649] (32.0)
298 : [648, 651, 653] (32.0)
299 : [650, 652, 655, 664] (29.0)
300 : [647, 656] (29.0)
301 : [657, 668] (26.0)
302 : [654, 658, 661, 667] (30.0)
303 : [660, 665, 669] (37.0)
304 : [659, 662, 666] (32.0)
305 : [663, 670, 678] (31.0)
306 : [671, 674, 682, 684] (30.0)
307 : [672, 675] (28.0)
308 : [673, 677, 685] (24.0)
309 : [676, 679, 683] (28.0)
310 : [686, 698] (32.0)
311 : [680, 693] (29.0)
312 : [681, 689] (31.0)
313 : [688, 690, 691] (26.0)
314 : [687, 696, 699] (28.0)
315 : [692, 700, 702, 704] (30.0)
316 : [694, 697, 705, 709, 712] (30.0)
317 : [695, 701, 708, 713] (30.0)
318 : [703, 707] (28.0)
319 : [706, 716, 720] (29.0)
320 : [710, 714] (35.0)
321 : [717, 718, 724, 728] (27.0)
322 : [711, 721, 725] (38.0)
323 : [715, 719, 723] (31.0)
324 : [726, 727, 734] (34.0)
325 : [729, 730, 733, 735] (30.0)
326 : [722, 731, 736] (29.0)
327 : [737, 739] (30.0)
328 : [732, 740, 745] (29.0)
329 : [738, 743, 746] (27.0)
330 : [742, 744, 749] (33.0)
331 : [741, 747, 748] (32.0)
