Name: 100-20-30
Time: 4.047938823699951 
Result: 4
Solution:  1 3 0 1 1 2 0 1 1 3 2 2 0 2 2 0 0 4 5 3 1 1 3 1 3 2 8 4 6 4 3 3 5 4 7 5 6 7 5 4 8 3 3 4 5 6 8 5 11 8 8 7 12 8 9 9 9 9 10 6 6 11 13 8 9 11 11 12 9 11 10 11 14 8 15 14 10 12 12 15 14 12 13 16 14 13 13 10 12 16 15 16 14 15 16 14 16 14 13 15
0 : [2, 6, 12, 15, 16] (25.0)
1 : [0, 3, 4, 7, 8, 20, 21, 23] (22.0)
2 : [5, 10, 11, 13, 14, 25] (23.0)
3 : [1, 9, 19, 22, 24, 30, 31, 41, 42] (24.0)
4 : [17, 27, 29, 33, 39, 43] (22.0)
5 : [18, 32, 35, 38, 44, 47] (22.0)
6 : [28, 36, 45, 59, 60] (22.0)
7 : [34, 37, 51] (23.0)
8 : [26, 40, 46, 49, 50, 53, 63, 73] (24.0)
9 : [54, 55, 56, 57, 64, 68] (22.0)
10 : [58, 70, 76, 87] (26.0)
11 : [48, 61, 65, 66, 69, 71] (24.0)
12 : [52, 67, 77, 78, 81, 88] (26.0)
13 : [62, 82, 85, 86, 98] (26.0)
14 : [72, 75, 80, 84, 92, 95, 97] (25.0)
15 : [74, 79, 90, 93, 99] (26.0)
16 : [83, 89, 91, 94, 96] (22.0)
