Name: 1000-30-50
Time: 49.51715970039368 
Result: 23
Solution:  0 0 1 1 0 0 1 1 2 2 3 1 1 2 5 3 0 7 4 1 6 1 3 4 4 2 4 1 7 4 7 7 5 4 7 6 7 8 7 11 7 7 8 10 8 8 9 8 9 8 9 14 10 11 9 12 12 11 7 15 14 11 12 11 11 10 13 13 12 13 13 13 14 15 13 14 12 12 17 12 17 18 16 14 15 15 17 17 16 16 18 22 18 16 16 17 22 19 22 20 16 20 21 24 23 19 24 19 20 18 20 24 22 21 22 23 24 21 22 24 25 22 24 24 23 26 22 24 29 21 26 27 27 26 26 25 27 29 26 25 28 28 25 25 28 27 29 27 29 30 29 32 29 30 31 28 29 31 31 32 30 31 33 33 36 32 35 33 34 35 31 33 34 34 33 34 37 34 35 37 34 36 34 36 35 40 34 38 36 37 40 38 39 35 34 39 38 39 37 40 40 39 37 41 42 37 38 41 38 41 44 41 42 39 42 46 45 41 40 42 43 43 44 44 45 43 44 45 47 47 43 45 46 45 46 44 46 47 47 47 51 48 48 44 47 52 49 50 48 49 50 50 52 49 46 48 50 50 51 51 49 48 54 54 49 53 55 51 54 55 52 54 51 51 51 55 55 52 58 53 59 58 57 56 58 56 58 55 57 56 54 58 56 56 61 59 59 57 58 55 60 59 63 59 61 59 60 58 59 62 65 62 62 62 64 63 63 62 65 60 63 65 64 64 67 64 67 65 68 68 66 66 68 68 66 67 65 67 68 68 67 69 68 68 70 68 70 69 73 70 73 72 72 69 69 71 73 70 72 69 73 74 73 71 73 74 72 75 70 73 74 74 72 72 75 76 75 72 76 75 76 78 75 75 77 77 76 75 77 76 76 77 80 78 82 80 79 79 79 78 79 80 76 80 80 79 83 79 84 83 85 85 85 81 81 83 81 82 86 81 83 86 85 84 84 82 86 82 82 87 84 85 86 82 90 88 85 86 89 90 87 90 87 88 90 88 89 86 89 89 90 88 90 92 87 89 87 91 91 91 93 95 94 93 95 94 94 97 93 92 93 94 95 92 95 91 95 95 97 98 96 95 96 95 96 99 98 94 97 97 98 97 100 98 100 101 98 101 99 99 103 101 101 99 99 102 98 98 101 101 102 98 100 105 101 99 105 104 100 103 104 104 105 104 104 106 105 108 104 106 107 106 107 106 106 107 108 105 106 111 105 108 106 106 110 112 111 110 106 108 109 109 111 108 108 113 114 111 109 111 113 112 110 110 112 114 116 116 110 113 115 111 116 111 114 114 116 116 114 117 115 120 115 116 120 117 113 117 117 118 120 118 119 120 118 118 119 120 117 121 121 119 122 123 121 122 119 120 125 121 119 122 124 121 121 124 123 121 121 127 125 126 124 123 124 124 128 126 122 123 125 127 129 126 129 127 126 128 125 126 130 128 126 128 131 130 128 129 130 128 133 133 127 133 130 132 132 131 132 131 132 129 129 129 134 133 135 135 131 135 134 137 133 131 134 135 131 134 137 136 137 136 136 139 136 137 137 138 139 138 138 134 138 139 142 138 141 138 139 143 141 139 138 140 140 141 141 138 145 145 144 143 140 140 140 145 146 147 143 143 144 142 143 144 142 145 146 146 143 147 146 144 148 150 147 149 147 147 150 145 148 148 147 148 148 150 151 151 151 150 151 149 150 146 149 155 151 153 151 150 151 154 153 151 152 150 152 155 155 156 157 154 153 151 155 154 151 154 154 156 158 157 156 156 154 157 157 156 157 159 158 157 155 160 162 160 156 157 158 160 158 164 160 161 161 161 160 160 161 159 164 163 161 164 163 163 163 163 162 164 166 161 165 164 163 163 165 166 164 165 166 167 165 167 170 167 166 168 168 167 166 165 167 167 166 171 172 168 166 169 168 169 168 170 169 171 170 172 169 168 170 168 172 170 170 174 173 170 171 173 172 171 172 173 176 172 173 173 174 170 173 178 174 172 173 173 175 176 174 172 175 173 180 179 179 176 174 177 178 180 178 177 175 173 182 176 175 180 177 177 175 177 178 181 180 176 179 184 176 180 179 180 183 179 182 181 181 182 183 180 182 180 185 181 183 183 183 183 181 183 184 184 184 184 185 184 189 185 185 185 186 186 186 184 185 184 186 185 187 186 189 187 184 188 188 188 188 189 187 187 187 190 190 189 189 190 190 186 191 189 190 191 193 192 191 187 191 191 191 192 192 191 189 193 190 193 193 193 193 192
0 : [0, 1, 4, 5, 16] (31.0)
1 : [2, 3, 6, 7, 11, 12, 19, 21, 27] (30.0)
2 : [8, 9, 13, 25] (30.0)
3 : [10, 15, 22] (30.0)
4 : [18, 23, 24, 26, 29, 33] (30.0)
5 : [14, 32] (30.0)
6 : [20, 35] (33.0)
7 : [17, 28, 30, 31, 34, 36, 38, 40, 41, 58] (30.0)
8 : [37, 42, 44, 45, 47, 49] (30.0)
9 : [46, 48, 50, 54] (30.0)
10 : [43, 52, 65] (31.0)
11 : [39, 53, 57, 61, 63, 64] (33.0)
12 : [55, 56, 62, 68, 76, 77, 79] (34.0)
13 : [66, 67, 69, 70, 71, 74] (33.0)
14 : [51, 60, 72, 75, 83] (34.0)
15 : [59, 73, 84, 85] (34.0)
16 : [82, 88, 89, 93, 94, 100] (36.0)
17 : [78, 80, 86, 87, 95] (36.0)
18 : [81, 90, 92, 109] (32.0)
19 : [97, 105, 107] (32.0)
20 : [99, 101, 108, 110] (31.0)
21 : [102, 113, 117, 129] (31.0)
22 : [91, 96, 98, 112, 114, 118, 121, 126] (30.0)
23 : [104, 115, 124] (31.0)
24 : [103, 106, 111, 116, 119, 122, 123, 127] (30.0)
25 : [120, 135, 139, 142, 143] (33.0)
26 : [125, 130, 133, 134, 138] (32.0)
27 : [131, 132, 136, 145, 147] (31.0)
28 : [140, 141, 144, 155] (42.0)
29 : [128, 137, 146, 148, 150, 152, 156] (32.0)
30 : [149, 153, 160] (31.0)
31 : [154, 157, 158, 161, 170] (30.0)
32 : [151, 159, 165] (31.0)
33 : [162, 163, 167, 171, 174] (33.0)
34 : [168, 172, 173, 175, 177, 180, 182, 186, 194] (37.0)
35 : [166, 169, 178, 184, 193] (34.0)
36 : [164, 181, 183, 188] (32.0)
37 : [176, 179, 189, 198, 202, 205] (34.0)
38 : [187, 191, 196, 206, 208] (34.0)
39 : [192, 195, 197, 201, 213] (35.0)
40 : [185, 190, 199, 200, 218] (41.0)
41 : [203, 207, 209, 211, 217] (31.0)
42 : [204, 212, 214, 219] (34.0)
43 : [220, 221, 225, 230] (43.0)
44 : [210, 222, 223, 226, 235, 243] (36.0)
45 : [216, 224, 227, 231, 233] (37.0)
46 : [215, 232, 234, 236, 254] (34.0)
47 : [228, 229, 237, 238, 239, 244] (43.0)
48 : [241, 242, 248, 255, 261] (36.0)
49 : [246, 249, 253, 260, 264] (36.0)
50 : [247, 250, 251, 256, 257] (33.0)
51 : [240, 258, 259, 267, 272, 273, 274] (32.0)
52 : [245, 252, 270, 277] (41.0)
53 : [265, 279] (36.0)
54 : [262, 263, 268, 271, 290] (33.0)
55 : [266, 269, 275, 276, 287, 299] (34.0)
56 : [283, 285, 289, 292, 293] (35.0)
57 : [282, 288, 297] (33.0)
58 : [278, 281, 284, 286, 291, 298, 307] (30.0)
59 : [280, 295, 296, 301, 303, 305, 308] (32.0)
60 : [300, 306, 319] (40.0)
61 : [294, 304] (32.0)
62 : [309, 311, 312, 313, 317] (37.0)
63 : [302, 315, 316, 320] (36.0)
64 : [314, 322, 323, 325] (39.0)
65 : [310, 318, 321, 327, 336] (35.0)
66 : [330, 331, 334] (33.0)
67 : [324, 326, 335, 337, 340] (31.0)
68 : [328, 329, 332, 333, 338, 339, 342, 343, 345] (35.0)
69 : [341, 347, 353, 354, 359] (41.0)
70 : [344, 346, 349, 357, 368] (41.0)
71 : [355, 363] (30.0)
72 : [351, 352, 358, 366, 372, 373, 377] (39.0)
73 : [348, 350, 356, 360, 362, 364, 369] (47.0)
74 : [361, 365, 370, 371] (35.0)
75 : [367, 374, 376, 379, 382, 383, 387] (47.0)
76 : [375, 378, 380, 386, 389, 390, 402] (49.0)
77 : [384, 385, 388, 391] (40.0)
78 : [381, 393, 399] (40.0)
79 : [396, 397, 398, 400, 405, 407] (44.0)
80 : [392, 395, 401, 403, 404] (36.0)
81 : [413, 414, 416, 419] (38.0)
82 : [394, 417, 425, 427, 428, 433] (46.0)
83 : [406, 409, 415, 420] (37.0)
84 : [408, 423, 424, 430] (32.0)
85 : [410, 411, 412, 422, 431, 436] (31.0)
86 : [418, 421, 426, 432, 437, 447] (39.0)
87 : [429, 440, 442, 454, 456] (32.0)
88 : [435, 443, 445, 451] (38.0)
89 : [438, 446, 448, 449, 455] (44.0)
90 : [434, 439, 441, 444, 450, 452] (50.0)
91 : [457, 458, 459, 475] (41.0)
92 : [453, 469, 473] (38.0)
93 : [460, 463, 468, 470] (38.0)
94 : [462, 465, 466, 471, 487] (38.0)
95 : [461, 464, 472, 474, 476, 477, 481, 483] (39.0)
96 : [480, 482, 484] (34.0)
97 : [467, 478, 488, 489, 491] (35.0)
98 : [479, 486, 490, 493, 496, 506, 507, 511] (37.0)
99 : [485, 498, 499, 503, 504, 515] (46.0)
100 : [492, 494, 512, 518] (50.0)
101 : [495, 497, 501, 502, 508, 509, 514] (40.0)
102 : [505, 510] (38.0)
103 : [500, 519] (45.0)
104 : [517, 520, 521, 523, 524, 528] (41.0)
105 : [513, 516, 522, 526, 537, 540] (32.0)
106 : [525, 529, 531, 533, 534, 538, 542, 543, 548] (42.0)
107 : [530, 532, 535] (43.0)
108 : [527, 536, 541, 549, 553, 554] (32.0)
109 : [550, 551, 558] (33.0)
110 : [544, 547, 562, 563, 568] (42.0)
111 : [539, 546, 552, 557, 559, 571, 573] (49.0)
112 : [545, 561, 564] (46.0)
113 : [555, 560, 569, 586] (48.0)
114 : [556, 565, 574, 575, 578] (50.0)
115 : [570, 580, 582] (31.0)
116 : [566, 567, 572, 576, 577, 583] (49.0)
117 : [579, 585, 587, 588, 598] (48.0)
118 : [589, 591, 594, 595] (49.0)
119 : [592, 596, 601, 606, 610] (36.0)
120 : [581, 584, 590, 593, 597, 607] (35.0)
121 : [599, 600, 604, 609, 613, 614, 617, 618] (42.0)
122 : [602, 605, 611, 628] (46.0)
123 : [603, 616, 623, 629] (47.0)
124 : [612, 615, 622, 624, 625] (45.0)
125 : [608, 620, 630, 638] (35.0)
126 : [621, 627, 633, 636, 639, 642] (40.0)
127 : [619, 631, 635, 652] (46.0)
128 : [626, 637, 641, 643, 646, 649] (41.0)
129 : [632, 634, 647, 661, 662, 663] (49.0)
130 : [640, 645, 648, 654] (50.0)
131 : [644, 657, 659, 668, 673, 676] (48.0)
132 : [655, 656, 658, 660] (41.0)
133 : [650, 651, 653, 665, 672] (50.0)
134 : [664, 670, 674, 677, 691] (48.0)
135 : [666, 667, 669, 675] (37.0)
136 : [679, 681, 682, 684] (38.0)
137 : [671, 678, 680, 685, 686] (47.0)
138 : [687, 689, 690, 692, 695, 697, 702, 707] (50.0)
139 : [683, 688, 693, 698, 701] (49.0)
140 : [703, 704, 712, 713, 714] (46.0)
141 : [696, 700, 705, 706] (33.0)
142 : [694, 721, 724] (44.0)
143 : [699, 711, 718, 719, 722, 728] (49.0)
144 : [710, 720, 723, 731] (47.0)
145 : [708, 709, 715, 725, 739] (50.0)
146 : [716, 726, 727, 730, 753] (44.0)
147 : [717, 729, 734, 736, 737, 742] (50.0)
148 : [732, 740, 741, 743, 744] (42.0)
149 : [735, 751, 754] (50.0)
150 : [733, 738, 745, 749, 752, 759, 765] (46.0)
151 : [746, 747, 748, 750, 756, 758, 760, 763, 773, 776] (48.0)
152 : [764, 766] (38.0)
153 : [757, 762, 772] (46.0)
154 : [761, 771, 775, 777, 778, 784] (50.0)
155 : [755, 767, 768, 774, 792] (50.0)
156 : [769, 779, 782, 783, 787, 796] (50.0)
157 : [770, 781, 785, 786, 788, 791, 797] (47.0)
158 : [780, 790, 798, 800] (50.0)
159 : [789, 809] (51.0)
160 : [793, 795, 799, 802, 806, 807] (45.0)
161 : [803, 804, 805, 808, 812, 821] (45.0)
162 : [794, 818] (51.0)
163 : [811, 814, 815, 816, 817, 824, 825] (37.0)
164 : [801, 810, 813, 819, 823, 828] (50.0)
165 : [822, 826, 829, 832, 841] (50.0)
166 : [820, 827, 830, 836, 840, 844, 848] (50.0)
167 : [831, 833, 835, 839, 842, 843] (50.0)
168 : [837, 838, 847, 850, 852, 859, 861] (50.0)
169 : [849, 851, 854, 858] (47.0)
170 : [834, 853, 856, 860, 863, 864, 867, 879] (36.0)
171 : [845, 855, 868, 871] (43.0)
172 : [846, 857, 862, 870, 872, 875, 883, 889] (48.0)
173 : [866, 869, 873, 876, 877, 880, 884, 885, 891, 903] (50.0)
174 : [865, 878, 882, 888, 896] (49.0)
175 : [886, 890, 902, 906, 910] (53.0)
176 : [874, 887, 895, 905, 915, 918] (50.0)
177 : [897, 901, 908, 909, 911] (53.0)
178 : [881, 898, 900, 912] (50.0)
179 : [893, 894, 916, 920, 923] (49.0)
180 : [892, 899, 907, 914, 919, 921, 929, 931] (50.0)
181 : [913, 925, 926, 933, 938] (49.0)
182 : [904, 924, 927, 930] (50.0)
183 : [922, 928, 934, 935, 936, 937, 939] (51.0)
184 : [917, 940, 941, 942, 943, 945, 953, 955, 962] (50.0)
185 : [932, 944, 947, 948, 949, 954, 957] (50.0)
186 : [950, 951, 952, 956, 959, 977] (50.0)
187 : [958, 961, 968, 969, 970, 985] (51.0)
188 : [963, 964, 965, 966] (50.0)
189 : [946, 960, 967, 973, 974, 979, 992] (50.0)
190 : [971, 972, 975, 976, 980, 994] (50.0)
191 : [978, 981, 984, 986, 987, 988, 991] (50.0)
192 : [983, 989, 990, 999] (51.0)
193 : [982, 993, 995, 996, 997, 998] (49.0)
