Name: 100-60-125
Time: 3.8052523136138916 
Result: 31
Solution:  0 1 1 3 4 4 0 1 3 4 0 2 3 0 3 1 5 0 4 4 9 6 5 5 5 4 3 7 4 2 8 7 6 8 3 8 8 6 5 9 7 11 8 8 6 6 10 12 8 10 7 10 13 10 11 9 12 9 8 11 13 12 13 11 10 14 13 13 14 15 16 19 16 12 15 15 16 15 15 17 19 16 17 15 14 17 19 17 20 19 15 20 19 19 18 18 19 20 18 20
0 : [0, 6, 10, 13, 17] (78.0)
1 : [1, 2, 7, 15] (77.0)
2 : [11, 29] (81.0)
3 : [3, 8, 12, 14, 26, 34] (81.0)
4 : [4, 5, 9, 18, 19, 25, 28] (80.0)
5 : [16, 22, 23, 24, 38] (78.0)
6 : [21, 32, 37, 44, 45] (82.0)
7 : [27, 31, 40, 50] (98.0)
8 : [30, 33, 35, 36, 42, 43, 48, 58] (104.0)
9 : [20, 39, 55, 57] (97.0)
10 : [46, 49, 51, 53, 64] (84.0)
11 : [41, 54, 59, 63] (86.0)
12 : [47, 56, 61, 73] (107.0)
13 : [52, 60, 62, 66, 67] (103.0)
14 : [65, 68, 84] (101.0)
15 : [69, 74, 75, 77, 78, 83, 90] (107.0)
16 : [70, 72, 76, 81] (102.0)
17 : [79, 82, 85, 87] (106.0)
18 : [94, 95, 98] (107.0)
19 : [71, 80, 86, 89, 92, 93, 96] (107.0)
20 : [88, 91, 97, 99] (108.0)
