Name: 1000-60-125
Time: 45.81157112121582 
Result: 74
Solution:  0 0 3 1 2 2 1 0 2 2 2 4 3 4 2 3 1 3 6 4 5 6 3 6 5 6 6 8 6 10 7 7 6 11 8 7 9 9 6 7 6 9 8 10 10 11 12 13 10 12 11 13 15 13 11 12 14 17 17 14 14 17 15 12 18 17 15 15 18 17 17 16 18 17 17 16 19 23 20 22 20 20 19 20 20 22 23 21 21 20 22 22 25 23 24 23 23 22 27 24 27 24 24 25 26 25 27 26 27 28 28 26 28 27 27 29 30 28 31 29 28 31 30 30 32 31 33 31 30 34 32 33 33 29 33 36 33 34 32 34 35 35 35 36 34 35 34 39 37 37 36 36 38 40 39 39 37 38 40 38 41 42 40 37 41 40 40 42 41 43 45 43 43 42 42 45 47 44 42 43 45 43 47 43 46 43 47 45 44 51 47 44 50 48 51 48 51 46 51 48 52 50 50 48 54 51 51 49 54 51 54 52 49 52 53 52 53 55 51 52 55 53 56 51 55 56 55 57 55 56 56 58 60 58 56 60 61 57 57 60 63 64 61 62 59 60 57 59 60 64 61 60 63 61 62 66 66 68 62 65 65 63 65 64 65 65 66 63 70 69 66 68 68 69 70 67 71 72 69 68 74 72 70 68 71 70 72 70 68 74 69 74 70 73 73 73 73 74 76 75 79 75 74 76 76 78 77 78 77 78 78 79 77 80 78 79 79 79 81 78 82 81 80 81 82 79 80 84 84 83 79 82 83 80 85 84 83 80 88 84 82 85 86 85 88 87 86 83 86 85 90 84 85 88 91 89 88 87 89 87 88 89 90 90 93 94 92 90 91 92 91 90 90 93 92 95 93 90 94 93 99 91 96 96 94 99 92 95 97 97 96 101 96 97 97 98 98 97 96 99 100 97 97 101 102 99 103 100 103 100 102 102 102 103 104 102 102 105 104 106 105 106 107 103 103 105 107 107 107 111 107 109 106 108 112 106 111 108 106 112 113 111 108 112 110 114 112 108 114 115 110 110 113 113 113 109 114 111 114 114 115 114 115 116 115 117 116 116 118 116 118 118 120 118 118 121 119 118 115 119 121 119 117 121 121 124 119 120 122 121 123 122 122 123 122 124 125 120 123 123 126 124 126 125 126 123 123 124 125 127 128 126 125 127 125 130 131 130 129 128 128 129 131 130 129 131 130 129 132 131 133 132 131 134 132 134 133 135 133 136 134 133 132 136 135 138 136 137 139 137 137 138 140 139 138 142 137 140 138 139 140 140 141 139 142 143 143 141 142 141 144 146 145 141 144 144 144 143 142 145 145 148 141 147 146 145 147 148 147 148 147 146 151 149 147 148 150 150 146 149 153 147 148 152 150 149 153 151 150 153 151 149 153 151 155 154 156 154 154 154 155 153 152 155 157 158 157 156 159 160 157 159 160 157 156 158 157 158 156 160 162 161 160 161 160 161 159 162 165 165 163 162 164 163 161 163 164 163 165 165 164 166 165 166 169 168 166 166 167 169 166 168 168 167 167 172 172 172 169 169 171 172 168 170 167 170 171 175 171 171 170 172 170 174 173 172 175 173 172 173 175 174 171 176 173 176 174 173 177 177 174 180 176 177 176 179 178 174 179 179 179 177 178 178 178 176 180 175 180 182 183 181 180 180 180 183 178 181 182 177 181 182 183 186 181 181 186 179 183 179 184 183 184 185 184 187 189 183 185 185 188 186 184 188 189 187 185 187 184 185 190 190 191 188 188 190 188 190 186 186 189 190 189 188 189 195 192 191 192 191 193 196 190 194 192 193 193 192 193 193 194 197 190 195 194 191 198 196 195 192 192 194 196 197 198 194 197 197 196 195 200 197 194 196 197 197 200 200 199 198 203 201 200 201 202 204 202 198 200 199 199 199 202 200 200 203 203 201 203 201 204 204 204 202 205 203 205 202 205 206 204 209 207 205 206 208 203 207 207 207 207 208 206 205 205 211 210 211 208 212 210 208 209 211 210 209 210 208 209 209 214 209 213 212 212 213 216 215 213 214 213 215 213 214 213 216 214 211 217 215 216 215 220 217 215 220 216 217 216 218 216 218 216 219 217 218 215 219 222 220 217 220 219 220 222 223 223 219 222 217 223 219 221 221 224 221 226 220 227 221 224 222 225 224 222 226 224 226 228 226 223 228 225 227 228 226 225 224 227 225 229 227 228 224 228 231 232 230 230 227 232 231 233 230 232 231 232 231 233 229 231 230 232 229 232 229 232 233 233 233
0 : [0, 1, 7] (59.0)
1 : [3, 6, 16] (72.0)
2 : [4, 5, 8, 9, 10, 14] (56.0)
3 : [2, 12, 15, 17, 22] (60.0)
4 : [11, 13, 19] (58.0)
5 : [20, 24] (66.0)
6 : [18, 21, 23, 25, 26, 28, 32, 38, 40] (57.0)
7 : [30, 31, 35, 39] (60.0)
8 : [27, 34, 42] (71.0)
9 : [36, 37, 41] (57.0)
10 : [29, 43, 44, 48] (57.0)
11 : [33, 45, 50, 54] (60.0)
12 : [46, 49, 55, 63] (66.0)
13 : [47, 51, 53] (62.0)
14 : [56, 59, 60] (68.0)
15 : [52, 62, 66, 67] (73.0)
16 : [71, 75] (63.0)
17 : [57, 58, 61, 65, 69, 70, 73, 74] (60.0)
18 : [64, 68, 72] (65.0)
19 : [76, 82] (64.0)
20 : [78, 80, 81, 83, 84, 89] (60.0)
21 : [87, 88] (66.0)
22 : [79, 85, 90, 91, 97] (62.0)
23 : [77, 86, 93, 95, 96] (72.0)
24 : [94, 99, 101, 102] (63.0)
25 : [92, 103, 105] (73.0)
26 : [104, 107, 111] (74.0)
27 : [98, 100, 106, 108, 113, 114] (65.0)
28 : [109, 110, 112, 117, 120] (60.0)
29 : [115, 119, 133] (69.0)
30 : [116, 122, 123, 128] (76.0)
31 : [118, 121, 125, 127] (63.0)
32 : [124, 130, 138] (65.0)
33 : [126, 131, 132, 134, 136] (62.0)
34 : [129, 137, 139, 144, 146] (61.0)
35 : [140, 141, 142, 145] (64.0)
36 : [135, 143, 150, 151] (76.0)
37 : [148, 149, 156, 163] (65.0)
38 : [152, 157, 159] (73.0)
39 : [147, 154, 155] (70.0)
40 : [153, 158, 162, 165, 166] (69.0)
41 : [160, 164, 168] (71.0)
42 : [161, 167, 173, 174, 178] (108.0)
43 : [169, 171, 172, 179, 181, 183, 185] (83.0)
44 : [177, 188, 191] (68.0)
45 : [170, 175, 180, 187] (76.0)
46 : [184, 197] (71.0)
47 : [176, 182, 186, 190] (81.0)
48 : [193, 195, 199, 203] (78.0)
49 : [207, 212] (76.0)
50 : [192, 201, 202] (63.0)
51 : [189, 194, 196, 198, 205, 206, 209, 218, 223] (61.0)
52 : [200, 211, 213, 215, 219] (100.0)
53 : [214, 216, 221] (79.0)
54 : [204, 208, 210] (71.0)
55 : [217, 220, 224, 226, 228] (65.0)
56 : [222, 225, 229, 230, 234] (67.0)
57 : [227, 237, 238, 246] (84.0)
58 : [231, 233] (61.0)
59 : [244, 247] (64.0)
60 : [232, 235, 239, 245, 248, 251] (78.0)
61 : [236, 242, 250, 253] (70.0)
62 : [243, 254, 258] (66.0)
63 : [240, 252, 261, 267] (68.0)
64 : [241, 249, 263] (93.0)
65 : [259, 260, 262, 264, 265] (95.0)
66 : [255, 256, 266, 270] (87.0)
67 : [275] (60.0)
68 : [257, 271, 272, 279, 283, 288] (106.0)
69 : [269, 273, 278, 290] (77.0)
70 : [268, 274, 282, 285, 287, 292] (63.0)
71 : [276, 284] (70.0)
72 : [277, 281, 286] (72.0)
73 : [293, 294, 295, 296] (78.0)
74 : [280, 289, 291, 297, 302] (62.0)
75 : [299, 301] (68.0)
76 : [298, 303, 304] (69.0)
77 : [306, 308, 312] (92.0)
78 : [305, 307, 309, 310, 314, 319] (112.0)
79 : [300, 311, 315, 316, 317, 325, 330] (85.0)
80 : [313, 322, 326, 333, 337] (103.0)
81 : [318, 321, 323] (65.0)
82 : [320, 324, 331, 340] (85.0)
83 : [329, 332, 336, 347] (91.0)
84 : [327, 328, 335, 339, 351] (122.0)
85 : [334, 341, 343, 349, 352] (82.0)
86 : [342, 346, 348] (86.0)
87 : [345, 357, 359] (67.0)
88 : [338, 344, 353, 356, 360] (100.0)
89 : [355, 358, 361] (79.0)
90 : [350, 362, 363, 367, 371, 372, 377] (93.0)
91 : [354, 368, 370, 381] (79.0)
92 : [366, 369, 374, 386] (100.0)
93 : [364, 373, 376, 379] (73.0)
94 : [365, 378, 384] (82.0)
95 : [375, 387] (70.0)
96 : [382, 383, 390, 392, 398] (72.0)
97 : [388, 389, 393, 394, 397, 401, 402] (72.0)
98 : [395, 396] (79.0)
99 : [380, 385, 399, 405] (92.0)
100 : [400, 407, 409] (66.0)
101 : [391, 403] (101.0)
102 : [404, 410, 411, 412, 415, 416] (124.0)
103 : [406, 408, 413, 423, 424] (119.0)
104 : [414, 418] (60.0)
105 : [417, 420, 425] (72.0)
106 : [419, 421, 432, 435, 438] (87.0)
107 : [422, 426, 427, 428, 430] (115.0)
108 : [433, 437, 442, 447] (82.0)
109 : [431, 455] (84.0)
110 : [444, 450, 451] (79.0)
111 : [429, 436, 441, 457] (110.0)
112 : [434, 439, 443, 446] (115.0)
113 : [440, 452, 453, 454] (78.0)
114 : [445, 448, 456, 458, 459, 461] (65.0)
115 : [449, 460, 462, 464, 478] (60.0)
116 : [463, 466, 467, 469] (121.0)
117 : [465, 482] (74.0)
118 : [468, 470, 471, 473, 474, 477] (91.0)
119 : [476, 479, 481, 486] (104.0)
120 : [472, 487, 497] (122.0)
121 : [475, 480, 483, 484, 489] (116.0)
122 : [488, 491, 492, 494] (85.0)
123 : [490, 493, 498, 499, 505, 506] (122.0)
124 : [485, 495, 501, 507] (100.0)
125 : [496, 503, 508, 512, 514] (125.0)
126 : [500, 502, 504, 511] (104.0)
127 : [509, 513] (66.0)
128 : [510, 519, 520] (103.0)
129 : [518, 521, 524, 527] (101.0)
130 : [515, 517, 523, 526] (86.0)
131 : [516, 522, 525, 529, 532] (74.0)
132 : [528, 531, 534, 542] (73.0)
133 : [530, 536, 538, 541] (94.0)
134 : [533, 535, 540] (84.0)
135 : [537, 544] (84.0)
136 : [539, 543, 546] (107.0)
137 : [547, 549, 550, 556] (76.0)
138 : [545, 551, 554, 558] (118.0)
139 : [548, 553, 559, 563] (91.0)
140 : [552, 557, 560, 561] (112.0)
141 : [562, 567, 569, 573, 582] (98.0)
142 : [555, 564, 568, 578] (105.0)
143 : [565, 566, 577] (64.0)
144 : [570, 574, 575, 576] (101.0)
145 : [572, 579, 580, 585] (117.0)
146 : [571, 584, 591, 598] (104.0)
147 : [583, 586, 588, 590, 594, 601] (110.0)
148 : [581, 587, 589, 595, 602] (123.0)
149 : [593, 599, 605, 611] (123.0)
150 : [596, 597, 604, 608] (90.0)
151 : [592, 607, 610, 613] (101.0)
152 : [603, 622] (84.0)
153 : [600, 606, 609, 612, 621] (117.0)
154 : [615, 617, 618, 619] (110.0)
155 : [614, 620, 623] (83.0)
156 : [616, 627, 634, 638] (104.0)
157 : [624, 626, 630, 633, 636] (111.0)
158 : [625, 635, 637] (124.0)
159 : [628, 631, 646] (99.0)
160 : [629, 632, 639, 642, 644] (121.0)
161 : [641, 643, 645, 654] (93.0)
162 : [640, 647, 651] (113.0)
163 : [650, 653, 655, 657] (112.0)
164 : [652, 656, 660] (113.0)
165 : [648, 649, 658, 659, 662] (105.0)
166 : [661, 663, 666, 667, 670] (123.0)
167 : [668, 673, 674, 684] (113.0)
168 : [665, 671, 672, 682] (122.0)
169 : [664, 669, 678, 679] (125.0)
170 : [683, 685, 690, 692] (124.0)
171 : [680, 686, 688, 689, 702] (124.0)
172 : [675, 676, 677, 681, 691, 695, 698] (94.0)
173 : [694, 697, 699, 704, 707] (108.0)
174 : [693, 701, 706, 710, 717] (104.0)
175 : [687, 696, 700, 727] (100.0)
176 : [703, 705, 712, 714, 725] (100.0)
177 : [708, 709, 713, 721, 739] (124.0)
178 : [716, 722, 723, 724, 736] (117.0)
179 : [715, 718, 719, 720, 747, 749] (123.0)
180 : [711, 726, 728, 732, 733, 734] (117.0)
181 : [731, 737, 740, 744, 745] (108.0)
182 : [729, 738, 741] (125.0)
183 : [730, 735, 742, 748, 751, 757] (96.0)
184 : [750, 752, 754, 762, 768] (123.0)
185 : [753, 758, 759, 766, 769] (121.0)
186 : [743, 746, 761, 778, 779] (123.0)
187 : [755, 765, 767] (76.0)
188 : [760, 763, 773, 774, 776, 783] (113.0)
189 : [756, 764, 780, 782, 784] (106.0)
190 : [770, 771, 775, 777, 781, 792, 802] (107.0)
191 : [772, 787, 789, 805] (122.0)
192 : [786, 788, 794, 797, 809, 810] (124.0)
193 : [790, 795, 796, 798, 799] (130.0)
194 : [793, 800, 804, 811, 815, 822] (125.0)
195 : [785, 803, 808, 819] (125.0)
196 : [791, 807, 812, 818, 823] (130.0)
197 : [801, 813, 816, 817, 821, 824, 825] (126.0)
198 : [806, 814, 829, 837] (125.0)
199 : [828, 839, 840, 841] (125.0)
200 : [820, 826, 827, 832, 838, 843, 844] (124.0)
201 : [831, 833, 847, 849] (107.0)
202 : [834, 836, 842, 853, 857] (116.0)
203 : [830, 845, 846, 848, 855, 866] (109.0)
204 : [835, 850, 851, 852, 860] (121.0)
205 : [854, 856, 858, 863, 873, 874] (115.0)
206 : [859, 864, 872] (123.0)
207 : [862, 867, 868, 869, 870] (127.0)
208 : [865, 871, 878, 881, 887] (125.0)
209 : [861, 882, 885, 888, 889, 891] (123.0)
210 : [876, 880, 884, 886] (130.0)
211 : [875, 877, 883, 907] (124.0)
212 : [879, 893, 894] (122.0)
213 : [892, 895, 898, 900, 902, 904] (123.0)
214 : [890, 899, 903, 906] (116.0)
215 : [897, 901, 909, 911, 914, 926] (121.0)
216 : [896, 905, 910, 916, 918, 920, 922] (123.0)
217 : [908, 913, 917, 924, 930, 939] (125.0)
218 : [919, 921, 925] (124.0)
219 : [923, 927, 932, 937, 941] (106.0)
220 : [912, 915, 929, 931, 933, 947] (122.0)
221 : [942, 943, 945, 949] (125.0)
222 : [928, 934, 938, 951, 954] (111.0)
223 : [935, 936, 940, 960] (106.0)
224 : [944, 950, 953, 956, 967, 973] (117.0)
225 : [952, 962, 966, 969] (124.0)
226 : [946, 955, 957, 959, 965] (124.0)
227 : [948, 963, 968, 971, 979] (123.0)
228 : [958, 961, 964, 972, 974] (124.0)
229 : [970, 989, 993, 995] (125.0)
230 : [977, 978, 983, 991] (125.0)
231 : [975, 981, 985, 987, 990] (129.0)
232 : [976, 980, 984, 986, 992, 994, 996] (124.0)
233 : [982, 988, 997, 998, 999] (121.0)
