Name: 100-30-50
Time: 4.083394289016724 
Result: 12
Solution:  0 1 1 1 1 2 1 4 2 5 6 2 0 0 5 3 6 4 5 1 5 6 5 4 8 6 4 3 6 8 6 7 7 7 8 10 9 8 9 8 11 10 10 11 11 11 12 11 11 10 13 13 11 12 9 15 11 13 12 13 14 14 14 12 16 19 13 13 17 14 13 13 13 16 16 15 18 17 17 15 19 18 18 17 17 17 21 19 19 20 21 19 18 19 20 21 21 20 20 21
0 : [0, 12, 13] (35.0)
1 : [1, 2, 3, 4, 6, 19] (31.0)
2 : [5, 8, 11] (31.0)
3 : [15, 27] (33.0)
4 : [7, 17, 23, 26] (31.0)
5 : [9, 14, 18, 20, 22] (32.0)
6 : [10, 16, 21, 25, 28, 30] (35.0)
7 : [31, 32, 33] (37.0)
8 : [24, 29, 34, 37, 39] (36.0)
9 : [36, 38, 54] (31.0)
10 : [35, 41, 42, 49] (37.0)
11 : [40, 43, 44, 45, 47, 48, 52, 56] (37.0)
12 : [46, 53, 58, 63] (41.0)
13 : [50, 51, 57, 59, 66, 67, 70, 71, 72] (42.0)
14 : [60, 61, 62, 69] (43.0)
15 : [55, 75, 79] (43.0)
16 : [64, 73, 74] (41.0)
17 : [68, 77, 78, 83, 84, 85] (43.0)
18 : [76, 81, 82, 92] (42.0)
19 : [65, 80, 87, 88, 91, 93] (43.0)
20 : [89, 94, 97, 98] (41.0)
21 : [86, 90, 95, 96, 99] (43.0)
