Name: 100-50-100
Time: 4.116518974304199 
Result: 14
Solution:  0 0 0 0 0 1 1 4 2 2 3 0 1 0 1 0 4 3 2 4 1 2 2 2 3 1 3 4 3 4 5 5 5 6 7 8 5 6 6 8 6 3 5 6 8 4 9 8 6 5 8 5 8 5 10 8 9 9 7 11 10 8 7 9 11 8 11 11 10 14 12 10 12 14 10 12 10 11 13 15 10 13 15 13 12 15 10 14 13 14 15 14 15 11 16 16 15 15 16 16
0 : [0, 1, 2, 3, 4, 11, 13, 15] (65.0)
1 : [5, 6, 12, 14, 20, 25] (65.0)
2 : [8, 9, 18, 21, 22, 23] (71.0)
3 : [10, 17, 24, 26, 28, 41] (69.0)
4 : [7, 16, 19, 27, 29, 45] (67.0)
5 : [30, 31, 32, 36, 42, 49, 51, 53] (79.0)
6 : [33, 37, 38, 40, 43, 48] (68.0)
7 : [34, 58, 62] (74.0)
8 : [35, 39, 44, 47, 50, 52, 55, 61, 65] (65.0)
9 : [46, 56, 57, 63] (70.0)
10 : [54, 60, 68, 71, 74, 76, 80, 86] (79.0)
11 : [59, 64, 66, 67, 77, 93] (77.0)
12 : [70, 72, 75, 84] (74.0)
13 : [78, 81, 83, 88] (79.0)
14 : [69, 73, 87, 89, 91] (79.0)
15 : [79, 82, 85, 90, 92, 96, 97] (74.0)
16 : [94, 95, 98, 99] (77.0)
