Name: 1000-20-30
Time: 46.01490807533264 
Result: 15
Solution:  0 0 1 1 0 2 1 1 6 4 2 0 3 4 5 4 4 5 2 2 6 2 4 7 3 5 5 5 7 5 9 7 10 5 11 8 9 7 6 11 11 11 11 10 11 14 13 8 13 13 13 11 14 11 14 11 16 15 17 16 15 15 17 19 13 20 17 14 18 15 15 15 18 18 18 17 20 19 18 23 16 23 20 22 21 24 21 23 24 20 23 21 21 22 24 23 22 24 23 26 26 24 25 28 25 25 26 30 27 25 29 29 30 27 28 27 28 30 25 28 33 30 29 32 32 31 32 31 33 34 29 34 34 35 32 31 31 35 35 36 37 36 35 35 38 36 34 40 37 37 34 38 39 34 37 35 39 36 35 42 38 38 40 40 44 41 43 40 41 41 45 42 46 44 41 45 44 45 45 47 43 46 45 49 43 49 45 46 46 47 47 47 51 48 49 48 48 49 49 49 50 50 50 50 51 55 52 51 53 52 56 53 54 53 53 52 55 57 52 53 55 59 54 57 55 56 57 55 53 57 59 54 59 57 57 57 60 57 61 59 60 61 58 62 58 62 61 61 62 65 61 61 62 60 64 63 68 65 64 64 65 62 66 63 64 67 66 65 66 68 67 64 69 68 66 66 70 70 70 67 74 72 71 67 69 71 70 73 72 72 70 71 69 72 70 75 73 75 72 73 78 74 75 73 76 76 74 74 81 77 74 76 77 78 76 80 80 80 75 83 78 78 77 79 81 81 79 81 83 86 82 82 84 83 80 81 82 84 83 85 82 83 85 84 88 86 87 88 87 86 85 86 87 88 90 90 89 86 88 89 91 91 90 90 87 92 90 91 91 94 89 92 96 94 93 89 93 97 93 91 94 98 92 91 94 93 97 97 95 95 98 93 99 99 96 98 95 97 98 96 99 99 97 102 98 100 97 97 100 98 99 101 101 99 101 100 100 99 101 102 101 101 103 103 103 107 103 106 106 102 102 104 104 104 104 105 108 108 106 104 106 108 105 105 103 111 108 108 107 107 112 108 107 108 109 110 108 108 110 109 109 113 109 107 110 110 111 112 108 112 108 111 110 114 110 114 113 114 115 115 113 112 114 116 118 115 114 113 117 115 117 115 118 117 115 119 119 116 118 115 121 119 114 118 120 122 117 119 120 120 120 122 118 121 119 122 119 119 118 120 125 124 123 120 120 123 124 125 126 124 126 123 120 123 122 124 125 123 129 124 128 125 126 129 129 127 127 126 128 131 132 127 127 130 131 130 126 127 131 125 127 130 130 132 129 128 129 128 131 134 132 131 132 134 133 132 134 135 135 133 134 134 134 134 131 138 135 135 135 137 135 135 138 137 136 139 135 137 135 136 141 139 139 139 138 139 142 135 140 142 136 139 142 140 142 140 144 141 141 140 138 141 143 138 141 140 144 144 143 143 144 144 144 143 145 149 145 144 148 145 145 147 147 144 148 148 146 148 146 146 146 148 148 148 149 148 149 147 149 149 150 150 150 150 148 151 150 152 151 151 151 153 152 152 152 153 152 153 150 154 154 154 156 155 155 158 156 158 154 156 157 155 156 158 153 155 154 158 154 154 157 158 158 157 161 159 155 162 159 157 160 160 157 163 159 160 159 162 161 161 162 163 162 161 164 163 162 163 161 162 163 167 162 165 163 166 166 165 164 164 169 166 167 170 167 167 167 168 167 165 166 169 172 169 168 170 169 167 171 169 169 169 172 171 173 174 168 168 171 171 170 171 171 170 172 174 175 175 174 176 173 172 172 174 171 176 177 174 174 172 175 172 177 177 175 178 181 175 176 177 178 178 175 178 180 179 180 181 179 177 183 180 178 179 179 181 181 185 181 179 183 184 185 184 179 184 184 185 184 181 185 182 186 187 186 187 184 186 182 183 182 186 186 186 183 188 186 187 187 187 188 187 191 188 188 191 185 189 191 189 190 192 190 190 189 192 191 190 191 194 190 190 188 193 194 197 194 197 191 192 196 193 197 193 193 193 194 195 195 195 196 197 194 197 195 197 200 194 196 197 198 198 198 199 198 199 200 198 196 195 201 200 200 200 199 200 200 201 202 201 201 200 204 200 203 202 205 204 204 205 204 201 202 202 203 205 202 204 204 209 204 205 206 206 206 207 208 210 205 205 208 212 208 208 206 212 207 209 209 209 210 209 213 208 207 211 210 212 214 211 213 214 211 209 213 211 213 211 213 216 210 215 214 213 214 215 215 217 216 212 217 214 216 217 215 215 216 216 216 217
0 : [0, 1, 4, 11] (20.0)
1 : [2, 3, 6, 7] (20.0)
2 : [5, 10, 18, 19, 21] (19.0)
3 : [12, 24] (18.0)
4 : [9, 13, 15, 16, 22] (21.0)
5 : [14, 17, 25, 26, 27, 29, 33] (20.0)
6 : [8, 20, 38] (21.0)
7 : [23, 28, 31, 37] (20.0)
8 : [35, 47] (21.0)
9 : [30, 36] (21.0)
10 : [32, 43] (29.0)
11 : [34, 39, 40, 41, 42, 44, 51, 53, 55] (20.0)
12 : [] (0.0)
13 : [46, 48, 49, 50, 64] (20.0)
14 : [45, 52, 54, 67] (20.0)
15 : [57, 60, 61, 69, 70, 71] (20.0)
16 : [56, 59, 80] (20.0)
17 : [58, 62, 66, 75] (21.0)
18 : [68, 72, 73, 74, 78] (19.0)
19 : [63, 77] (21.0)
20 : [65, 76, 82, 89] (22.0)
21 : [84, 86, 91, 92] (22.0)
22 : [83, 93, 96] (24.0)
23 : [79, 81, 87, 90, 95, 98] (20.0)
24 : [85, 88, 94, 97, 101] (19.0)
25 : [102, 104, 105, 109, 118] (20.0)
26 : [99, 100, 106] (19.0)
27 : [108, 113, 115] (21.0)
28 : [103, 114, 116, 119] (24.0)
29 : [110, 111, 122, 130] (21.0)
30 : [107, 112, 117, 121] (20.0)
31 : [125, 127, 135, 136] (22.0)
32 : [123, 124, 126, 134] (21.0)
33 : [120, 128] (21.0)
34 : [129, 131, 132, 146, 150, 153] (20.0)
35 : [133, 137, 138, 142, 143, 155, 158] (18.0)
36 : [139, 141, 145, 157] (22.0)
37 : [140, 148, 149, 154] (21.0)
38 : [144, 151, 160, 161] (21.0)
39 : [152, 156] (22.0)
40 : [147, 162, 163, 167] (25.0)
41 : [165, 168, 169, 174] (21.0)
42 : [159, 171] (20.0)
43 : [166, 180, 184] (19.0)
44 : [164, 173, 176] (23.0)
45 : [170, 175, 177, 178, 182, 186] (19.0)
46 : [172, 181, 187, 188] (20.0)
47 : [179, 189, 190, 191] (30.0)
48 : [193, 195, 196] (23.0)
49 : [183, 185, 194, 197, 198, 199] (20.0)
50 : [200, 201, 202, 203] (22.0)
51 : [192, 204, 207] (21.0)
52 : [206, 209, 215, 218] (26.0)
53 : [208, 211, 213, 214, 219, 228] (30.0)
54 : [212, 222, 231] (25.0)
55 : [205, 216, 220, 224, 227] (22.0)
56 : [210, 225] (20.0)
57 : [217, 223, 226, 229, 233, 234, 235, 237] (25.0)
58 : [242, 244] (26.0)
59 : [221, 230, 232, 239] (23.0)
60 : [236, 240, 253] (22.0)
61 : [238, 241, 246, 247, 250, 251] (23.0)
62 : [243, 245, 248, 252, 261] (24.0)
63 : [255, 263] (28.0)
64 : [254, 258, 259, 264, 271] (22.0)
65 : [249, 257, 260, 267] (22.0)
66 : [262, 266, 268, 274, 275] (22.0)
67 : [265, 270, 279, 283] (25.0)
68 : [256, 269, 273] (27.0)
69 : [272, 284, 292] (25.0)
70 : [276, 277, 278, 286, 290, 294] (20.0)
71 : [282, 285, 291] (23.0)
72 : [281, 288, 289, 293, 298] (22.0)
73 : [287, 296, 299, 303] (24.0)
74 : [280, 301, 306, 307, 310] (20.0)
75 : [295, 297, 302, 318] (20.0)
76 : [304, 305, 311, 314] (25.0)
77 : [309, 312, 322] (25.0)
78 : [300, 313, 320, 321] (24.0)
79 : [323, 326] (22.0)
80 : [315, 316, 317, 334] (23.0)
81 : [308, 324, 325, 327, 335] (20.0)
82 : [330, 331, 336, 340] (20.0)
83 : [319, 328, 333, 338, 341] (20.0)
84 : [332, 337, 343] (23.0)
85 : [339, 342, 350] (25.0)
86 : [329, 345, 349, 351, 357] (22.0)
87 : [346, 348, 352, 364] (24.0)
88 : [344, 347, 353, 358] (20.0)
89 : [356, 359, 370, 375] (28.0)
90 : [354, 355, 362, 363, 366] (24.0)
91 : [360, 361, 367, 368, 379, 383] (30.0)
92 : [365, 371, 382] (29.0)
93 : [374, 376, 378, 385, 391] (24.0)
94 : [369, 373, 380, 384] (22.0)
95 : [388, 389, 396] (21.0)
96 : [372, 394, 399] (21.0)
97 : [377, 386, 387, 397, 402, 406, 407] (21.0)
98 : [381, 390, 395, 398, 404, 409] (22.0)
99 : [392, 393, 400, 401, 410, 413, 417] (22.0)
100 : [405, 408, 415, 416] (25.0)
101 : [411, 412, 414, 418, 420, 421] (26.0)
102 : [403, 419, 429, 430] (24.0)
103 : [422, 423, 424, 426, 444] (25.0)
104 : [431, 432, 433, 434, 439] (26.0)
105 : [435, 442, 443] (20.0)
106 : [427, 428, 438, 440] (27.0)
107 : [425, 448, 449, 452, 463] (22.0)
108 : [436, 437, 441, 446, 447, 451, 453, 456, 457, 468, 470] (24.0)
109 : [454, 459, 460, 462] (25.0)
110 : [455, 458, 464, 465, 472, 474] (25.0)
111 : [445, 466, 471] (24.0)
112 : [450, 467, 469, 481] (28.0)
113 : [461, 476, 480, 487] (23.0)
114 : [473, 475, 477, 482, 486, 502] (24.0)
115 : [478, 479, 485, 489, 491, 494, 499] (25.0)
116 : [483, 497] (31.0)
117 : [488, 490, 493, 506] (25.0)
118 : [484, 492, 498, 503, 512, 518] (25.0)
119 : [495, 496, 501, 507, 514, 516, 517] (21.0)
120 : [504, 508, 509, 510, 519, 523, 524, 532] (25.0)
121 : [500, 513] (30.0)
122 : [505, 511, 515, 534] (27.0)
123 : [522, 525, 531, 533, 537] (26.0)
124 : [521, 526, 529, 535, 539] (23.0)
125 : [520, 527, 536, 541, 559] (26.0)
126 : [528, 530, 542, 547, 556] (25.0)
127 : [545, 546, 551, 552, 557, 560] (27.0)
128 : [540, 548, 565, 567] (29.0)
129 : [538, 543, 544, 564, 566] (29.0)
130 : [553, 555, 561, 562] (31.0)
131 : [549, 554, 558, 568, 571, 584] (26.0)
132 : [550, 563, 570, 572, 575] (26.0)
133 : [574, 579] (22.0)
134 : [569, 573, 576, 580, 581, 582, 583] (30.0)
135 : [577, 578, 586, 587, 588, 590, 591, 596, 598, 607] (27.0)
136 : [594, 599, 610] (24.0)
137 : [589, 593, 597] (27.0)
138 : [585, 592, 604, 620, 623] (23.0)
139 : [595, 601, 602, 603, 605, 611] (29.0)
140 : [608, 613, 615, 619, 625] (28.0)
141 : [600, 617, 618, 621, 624] (30.0)
142 : [606, 609, 612, 614] (30.0)
143 : [622, 628, 629, 633] (30.0)
144 : [616, 626, 627, 630, 631, 632, 637, 643] (30.0)
145 : [634, 636, 639, 640] (27.0)
146 : [646, 648, 649, 650] (28.0)
147 : [641, 642, 657] (25.0)
148 : [638, 644, 645, 647, 651, 652, 653, 655, 664] (27.0)
149 : [635, 654, 656, 658, 659] (30.0)
150 : [660, 661, 662, 663, 666, 678] (29.0)
151 : [665, 668, 669, 670] (30.0)
152 : [667, 672, 673, 674, 676] (30.0)
153 : [671, 675, 677, 694] (24.0)
154 : [679, 680, 681, 688, 696, 698, 699] (23.0)
155 : [683, 684, 691, 695, 706] (30.0)
156 : [682, 686, 689, 692] (23.0)
157 : [690, 700, 703, 709, 712] (29.0)
158 : [685, 687, 693, 697, 701, 702] (27.0)
159 : [705, 708, 714, 716] (25.0)
160 : [710, 711, 715] (28.0)
161 : [704, 718, 719, 723, 728] (25.0)
162 : [707, 717, 720, 722, 726, 729, 732] (26.0)
163 : [713, 721, 725, 727, 730, 734] (27.0)
164 : [724, 738, 739] (30.0)
165 : [733, 737, 749] (27.0)
166 : [735, 736, 741, 750] (24.0)
167 : [731, 742, 744, 745, 746, 748, 757] (29.0)
168 : [747, 754, 766, 767] (30.0)
169 : [740, 751, 753, 756, 759, 760, 761] (28.0)
170 : [743, 755, 770, 773] (27.0)
171 : [758, 763, 768, 769, 771, 772, 784] (25.0)
172 : [752, 762, 774, 781, 782, 789, 791] (24.0)
173 : [764, 780] (31.0)
174 : [765, 775, 778, 783, 787, 788] (29.0)
175 : [776, 777, 790, 794, 797, 802] (25.0)
176 : [779, 785, 798] (32.0)
177 : [786, 792, 793, 799, 809] (33.0)
178 : [795, 800, 801, 803, 812] (32.0)
179 : [805, 808, 813, 814, 819, 824] (30.0)
180 : [804, 806, 811] (29.0)
181 : [796, 807, 815, 816, 818, 829] (30.0)
182 : [831, 838, 840] (30.0)
183 : [810, 820, 839, 844] (30.0)
184 : [821, 823, 825, 826, 828, 836] (31.0)
185 : [817, 822, 827, 830, 856] (24.0)
186 : [832, 834, 837, 841, 842, 843, 846] (29.0)
187 : [833, 835, 847, 848, 849, 851] (30.0)
188 : [845, 850, 853, 854, 872] (25.0)
189 : [857, 859, 864] (27.0)
190 : [860, 862, 863, 867, 870, 871] (28.0)
191 : [852, 855, 858, 866, 868, 878] (29.0)
192 : [861, 865, 879] (29.0)
193 : [873, 881, 883, 884, 885] (30.0)
194 : [869, 874, 876, 886, 892, 897] (30.0)
195 : [887, 888, 889, 894, 909] (32.0)
196 : [880, 890, 898, 908] (30.0)
197 : [875, 877, 882, 891, 893, 895, 899] (30.0)
198 : [900, 901, 902, 904, 907] (30.0)
199 : [903, 905, 914] (30.0)
200 : [896, 906, 911, 912, 913, 915, 916, 921, 923] (26.0)
201 : [910, 917, 919, 920, 931] (30.0)
202 : [918, 925, 932, 933, 936] (30.0)
203 : [924, 934] (29.0)
204 : [922, 927, 928, 930, 937, 938, 940] (30.0)
205 : [926, 929, 935, 941, 948, 949] (28.0)
206 : [942, 943, 944, 954] (30.0)
207 : [945, 956, 964] (30.0)
208 : [946, 950, 952, 953, 963] (31.0)
209 : [939, 957, 958, 959, 961, 973] (30.0)
210 : [947, 960, 966, 980] (29.0)
211 : [965, 969, 972, 975, 977] (30.0)
212 : [951, 955, 967, 989] (26.0)
213 : [962, 970, 974, 976, 978, 983] (29.0)
214 : [968, 971, 982, 984, 991] (29.0)
215 : [981, 985, 986, 994, 995] (30.0)
216 : [979, 988, 992, 996, 997, 998] (30.0)
217 : [987, 990, 993, 999] (30.0)
