Name: 1000-40-75
Time: 45.49663305282593 
Result: 38
Solution:  0 2 0 2 2 2 1 0 2 6 2 4 6 3 5 1 7 4 6 1 4 4 4 3 8 5 6 3 9 5 7 7 8 8 5 9 7 5 6 8 7 11 9 13 11 10 11 12 10 10 11 14 14 12 11 12 13 10 13 11 15 14 14 16 17 17 14 16 16 14 15 13 16 14 15 17 20 17 14 20 15 14 19 15 18 19 19 19 19 18 19 19 21 20 19 19 19 22 20 21 19 23 21 25 24 19 23 23 21 23 24 25 25 22 26 22 25 24 25 27 26 25 24 24 28 27 27 28 29 23 28 31 31 28 26 32 28 29 29 29 32 31 31 28 29 32 31 31 32 30 33 32 31 31 30 33 34 34 30 37 36 37 34 37 34 34 33 38 38 37 37 38 35 34 36 40 38 40 40 35 38 40 40 38 35 38 41 40 39 39 37 40 38 38 39 41 44 43 39 43 44 42 46 43 42 42 44 45 41 42 45 44 45 44 47 45 48 47 43 44 45 46 48 47 46 49 48 47 45 46 51 51 47 47 48 50 49 48 52 49 49 47 54 46 54 53 53 51 50 50 53 52 52 55 50 51 52 52 52 52 54 54 54 58 58 54 56 55 54 55 55 56 56 56 57 56 55 55 56 53 58 57 58 57 57 60 63 58 57 59 60 60 62 58 59 61 65 62 62 59 61 66 62 62 64 67 62 62 63 64 63 67 64 67 65 61 66 65 65 66 67 66 63 67 69 70 63 67 64 68 66 66 69 68 68 72 68 67 71 69 72 70 71 72 70 67 71 73 68 71 74 74 71 72 70 73 74 76 74 75 73 76 72 72 73 74 73 75 79 75 75 79 75 78 72 76 74 78 77 78 80 81 82 80 77 81 76 81 79 80 79 79 79 81 77 83 81 82 81 80 86 84 81 82 82 83 80 82 83 85 84 84 84 86 83 82 82 87 84 83 86 85 84 84 87 88 87 86 85 87 86 87 88 88 85 91 91 92 87 89 89 91 89 86 92 89 91 91 91 90 91 90 93 94 92 93 97 92 90 92 93 97 94 94 94 95 96 98 96 91 96 97 99 92 97 97 101 97 99 100 95 98 97 99 94 99 99 99 101 101 100 98 99 100 102 102 100 100 101 102 103 98 102 102 102 105 103 103 105 101 102 106 103 106 106 105 104 102 109 104 105 106 106 104 103 106 108 107 105 108 110 110 107 107 109 108 109 107 109 108 109 107 109 110 110 110 110 113 111 111 113 112 111 108 112 113 116 114 111 112 113 114 114 114 117 114 115 113 118 115 114 112 119 115 119 115 113 118 118 117 118 117 118 119 121 122 118 118 119 121 116 123 121 119 121 120 119 121 119 122 126 121 121 122 125 123 122 119 120 122 123 128 123 125 125 126 122 123 126 124 127 126 126 130 123 124 130 128 127 128 131 127 125 128 129 130 128 131 126 131 126 131 132 130 127 131 128 129 128 128 135 133 131 135 133 132 134 131 134 132 134 134 132 137 133 134 137 133 135 137 136 134 136 136 136 135 135 138 139 135 140 138 140 135 139 139 141 140 141 138 140 141 141 139 140 144 143 141 141 138 141 139 142 142 146 143 142 147 143 143 144 146 144 146 143 143 146 147 147 146 146 145 145 145 147 146 148 146 147 147 145 150 148 147 149 149 146 150 148 152 152 152 153 152 150 151 151 148 151 151 155 152 152 154 155 154 150 155 154 151 154 153 153 156 153 156 154 154 154 155 158 154 156 155 153 157 157 157 160 157 157 160 158 158 156 157 161 155 163 159 159 160 160 161 160 160 163 162 163 161 163 164 160 161 161 162 163 163 163 162 163 166 166 164 164 165 163 164 165 166 167 165 164 164 167 165 167 167 167 170 168 168 169 167 166 169 172 171 169 169 172 170 170 173 168 171 173 170 170 171 174 170 173 174 169 172 171 169 174 176 174 175 178 175 173 175 173 174 172 175 175 176 175 176 177 177 177 177 174 177 178 179 178 176 178 179 180 180 176 179 180 181 181 183 178 181 178 185 182 180 179 186 181 182 183 181 182 182 184 182 185 187 182 187 185 183 189 188 186 184 186 188 182 187 188 186 184 184 189 187 187 185 188 186 185 189 188 189 190 189 189 192 191 190 188 192 190 191 193 191 191 190 194 194 193 194 193 192 191 192 195 198 195 192 193 191 198 192 196 196 194 196 195 196 195 198 196 195 197 196 196 200 199 199 197 199 198 197 199 199 200 197 199 198 201 200 201 200 201 201
0 : [0, 2, 7] (40.0)
1 : [6, 15, 19] (42.0)
2 : [1, 3, 4, 5, 8, 10] (46.0)
3 : [13, 23, 27] (47.0)
4 : [11, 17, 20, 21, 22] (41.0)
5 : [14, 25, 29, 34, 37] (42.0)
6 : [9, 12, 18, 26, 38] (41.0)
7 : [16, 30, 31, 36, 40] (42.0)
8 : [24, 32, 33, 39] (43.0)
9 : [28, 35, 42] (39.0)
10 : [45, 48, 49, 57] (39.0)
11 : [41, 44, 46, 50, 54, 59] (40.0)
12 : [47, 53, 55] (40.0)
13 : [43, 56, 58, 71] (41.0)
14 : [51, 52, 61, 62, 66, 69, 73, 78, 81] (41.0)
15 : [60, 70, 74, 80, 83] (48.0)
16 : [63, 67, 68, 72] (40.0)
17 : [64, 65, 75, 77] (45.0)
18 : [84, 89] (48.0)
19 : [82, 85, 86, 87, 88, 90, 91, 94, 95, 96, 100, 105] (44.0)
20 : [76, 79, 93, 98] (45.0)
21 : [92, 99, 102, 108] (45.0)
22 : [97, 113, 115] (41.0)
23 : [101, 106, 107, 109, 129] (41.0)
24 : [104, 110, 117, 122, 123] (53.0)
25 : [103, 111, 112, 116, 118, 121] (40.0)
26 : [114, 120, 134] (42.0)
27 : [119, 125, 126] (46.0)
28 : [124, 127, 130, 133, 136, 143] (41.0)
29 : [128, 137, 138, 139, 144] (39.0)
30 : [149, 154, 158] (40.0)
31 : [131, 132, 141, 142, 146, 147, 152, 153] (40.0)
32 : [135, 140, 145, 148, 151] (41.0)
33 : [150, 155, 166] (53.0)
34 : [156, 157, 162, 164, 165, 173] (45.0)
35 : [172, 179, 184] (42.0)
36 : [160, 174] (54.0)
37 : [159, 161, 163, 169, 170, 190] (47.0)
38 : [167, 168, 171, 176, 180, 183, 185, 192, 193] (42.0)
39 : [188, 189, 194, 198] (49.0)
40 : [175, 177, 178, 181, 182, 187, 191] (46.0)
41 : [186, 195, 208] (48.0)
42 : [201, 204, 205, 209] (58.0)
43 : [197, 199, 203, 218] (45.0)
44 : [196, 200, 206, 211, 213, 219] (41.0)
45 : [207, 210, 212, 215, 220, 228] (45.0)
46 : [202, 221, 224, 229, 243] (47.0)
47 : [214, 217, 223, 227, 232, 233, 241] (41.0)
48 : [216, 222, 226, 234, 237] (43.0)
49 : [225, 236, 239, 240] (48.0)
50 : [235, 248, 249, 254] (42.0)
51 : [230, 231, 247, 255] (59.0)
52 : [238, 251, 252, 256, 257, 258, 259] (58.0)
53 : [245, 246, 250, 279] (55.0)
54 : [242, 244, 260, 261, 262, 265, 268] (68.0)
55 : [253, 267, 269, 270, 276, 277] (52.0)
56 : [266, 271, 272, 273, 275, 278] (45.0)
57 : [274, 281, 283, 284, 288] (44.0)
58 : [263, 264, 280, 282, 287, 293] (62.0)
59 : [289, 294, 299] (46.0)
60 : [285, 290, 291] (50.0)
61 : [295, 300, 315] (49.0)
62 : [292, 297, 298, 302, 303, 306, 307] (44.0)
63 : [286, 308, 310, 322, 326] (46.0)
64 : [304, 309, 312, 328] (54.0)
65 : [296, 314, 317, 318] (44.0)
66 : [301, 316, 319, 321, 330, 331] (65.0)
67 : [305, 311, 313, 320, 323, 327, 337, 345] (47.0)
68 : [329, 333, 334, 336, 348] (75.0)
69 : [324, 332, 339] (42.0)
70 : [325, 341, 344, 354] (48.0)
71 : [338, 342, 346, 349, 352] (46.0)
72 : [335, 340, 343, 353, 362, 363, 374] (60.0)
73 : [347, 355, 360, 364, 366] (57.0)
74 : [350, 351, 356, 358, 365, 376] (47.0)
75 : [359, 367, 369, 370, 372] (61.0)
76 : [357, 361, 375, 386] (51.0)
77 : [378, 384, 394] (63.0)
78 : [373, 377, 379] (41.0)
79 : [368, 371, 388, 390, 391, 392] (46.0)
80 : [380, 383, 389, 399, 406] (50.0)
81 : [381, 385, 387, 393, 396, 398, 402] (69.0)
82 : [382, 397, 403, 404, 407, 415, 416] (57.0)
83 : [395, 405, 408, 414, 419] (71.0)
84 : [401, 410, 411, 412, 418, 422, 423] (74.0)
85 : [409, 421, 428, 434] (48.0)
86 : [400, 413, 420, 427, 430, 443] (52.0)
87 : [417, 424, 426, 429, 431, 438] (52.0)
88 : [425, 432, 433] (55.0)
89 : [439, 440, 442, 445] (62.0)
90 : [449, 451, 458] (55.0)
91 : [435, 436, 441, 446, 447, 448, 450, 469] (64.0)
92 : [437, 444, 454, 457, 459, 473] (53.0)
93 : [452, 455, 460] (49.0)
94 : [453, 462, 463, 464, 484] (54.0)
95 : [465, 480] (42.0)
96 : [466, 468, 470] (48.0)
97 : [456, 461, 471, 474, 475, 477, 482] (59.0)
98 : [467, 481, 491, 501] (58.0)
99 : [472, 478, 483, 485, 486, 487, 492] (73.0)
100 : [479, 490, 493, 496, 497] (60.0)
101 : [476, 488, 489, 498, 509] (62.0)
102 : [494, 495, 499, 502, 503, 504, 510, 517] (58.0)
103 : [500, 506, 507, 512, 524] (55.0)
104 : [516, 519, 523] (51.0)
105 : [505, 508, 515, 520, 528] (75.0)
106 : [511, 513, 514, 521, 522, 525] (73.0)
107 : [527, 532, 533, 537, 541] (60.0)
108 : [526, 529, 535, 539, 553] (68.0)
109 : [518, 534, 536, 538, 540, 542] (66.0)
110 : [530, 531, 543, 544, 545, 546] (57.0)
111 : [548, 549, 552, 558] (56.0)
112 : [551, 554, 559, 571] (61.0)
113 : [547, 550, 555, 560, 567, 576] (67.0)
114 : [557, 561, 562, 563, 565, 570] (43.0)
115 : [566, 569, 573, 575] (59.0)
116 : [556, 590] (50.0)
117 : [564, 579, 581] (44.0)
118 : [568, 577, 578, 580, 582, 586, 587] (61.0)
119 : [572, 574, 583, 588, 593, 596, 598, 607] (64.0)
120 : [595, 608] (75.0)
121 : [584, 589, 592, 594, 597, 601, 602] (60.0)
122 : [585, 599, 603, 606, 609, 616] (66.0)
123 : [591, 605, 610, 612, 617, 624] (58.0)
124 : [619, 625] (59.0)
125 : [604, 613, 614, 632] (56.0)
126 : [600, 615, 618, 621, 622, 638, 640] (53.0)
127 : [620, 628, 631, 644] (63.0)
128 : [611, 627, 629, 633, 636, 646, 648, 649] (51.0)
129 : [634, 647] (73.0)
130 : [623, 626, 635, 643] (53.0)
131 : [630, 637, 639, 641, 645, 652, 657] (56.0)
132 : [642, 655, 659, 662] (54.0)
133 : [651, 654, 664, 667] (72.0)
134 : [656, 658, 660, 661, 665, 671] (44.0)
135 : [650, 653, 668, 675, 676, 679, 683] (65.0)
136 : [670, 672, 673, 674] (61.0)
137 : [663, 666, 669] (49.0)
138 : [677, 681, 689, 699] (71.0)
139 : [678, 684, 685, 693, 701] (59.0)
140 : [680, 682, 687, 690, 694] (72.0)
141 : [686, 688, 691, 692, 697, 698, 700] (56.0)
142 : [702, 703, 706] (72.0)
143 : [696, 705, 708, 709, 714, 715] (75.0)
144 : [695, 710, 712] (75.0)
145 : [721, 722, 723, 730] (45.0)
146 : [704, 711, 713, 716, 719, 720, 725, 727, 736] (69.0)
147 : [707, 717, 718, 724, 728, 729, 733] (72.0)
148 : [726, 732, 738, 747] (70.0)
149 : [734, 735] (56.0)
150 : [731, 737, 744, 756] (54.0)
151 : [745, 746, 748, 749, 759] (61.0)
152 : [739, 740, 741, 743, 751, 752] (53.0)
153 : [742, 761, 762, 764, 774] (53.0)
154 : [753, 755, 758, 760, 766, 767, 768, 771] (74.0)
155 : [750, 754, 757, 769, 773, 787] (68.0)
156 : [763, 765, 772, 784] (75.0)
157 : [775, 776, 777, 779, 780, 785] (75.0)
158 : [770, 782, 783] (75.0)
159 : [789, 790] (76.0)
160 : [778, 781, 791, 792, 794, 795, 802] (67.0)
161 : [786, 793, 799, 803, 804] (73.0)
162 : [797, 805, 809] (72.0)
163 : [788, 796, 798, 800, 806, 807, 808, 810, 816] (70.0)
164 : [801, 813, 814, 817, 822, 823] (69.0)
165 : [815, 818, 821, 825] (55.0)
166 : [811, 812, 819, 834] (75.0)
167 : [820, 824, 826, 827, 828, 833] (65.0)
168 : [830, 831, 844] (75.0)
169 : [832, 835, 838, 839, 854, 857] (75.0)
170 : [829, 841, 842, 847, 848, 851] (71.0)
171 : [837, 845, 849, 856] (75.0)
172 : [836, 840, 855, 868] (75.0)
173 : [843, 846, 852, 864, 866] (74.0)
174 : [850, 853, 858, 860, 867, 878] (65.0)
175 : [861, 863, 865, 869, 870, 872] (72.0)
176 : [859, 871, 873, 883, 888] (50.0)
177 : [874, 875, 876, 877, 879] (75.0)
178 : [862, 880, 882, 884, 894, 896] (71.0)
179 : [881, 885, 889, 900] (67.0)
180 : [886, 887, 890, 899] (73.0)
181 : [891, 892, 895, 902, 905] (75.0)
182 : [898, 903, 906, 907, 909, 912, 922] (72.0)
183 : [893, 904, 915] (75.0)
184 : [908, 919, 926, 927] (75.0)
185 : [897, 910, 914, 931, 934] (77.0)
186 : [901, 918, 920, 925, 933] (76.0)
187 : [911, 913, 923, 929, 930] (75.0)
188 : [917, 921, 924, 932, 936, 944] (75.0)
189 : [916, 928, 935, 937, 939, 940] (75.0)
190 : [938, 943, 946, 951] (74.0)
191 : [942, 947, 949, 950, 958, 965] (73.0)
192 : [941, 945, 957, 959, 963, 967] (76.0)
193 : [948, 954, 956, 964] (72.0)
194 : [952, 953, 955, 970] (70.0)
195 : [960, 962, 972, 974, 977] (75.0)
196 : [968, 969, 971, 973, 976, 979, 980] (69.0)
197 : [978, 984, 987, 991] (69.0)
198 : [961, 966, 975, 986, 993] (74.0)
199 : [982, 983, 985, 988, 989, 992] (70.0)
200 : [981, 990, 995, 997] (74.0)
201 : [994, 996, 998, 999] (72.0)
