Name: 250-60-125
Time: 10.950999021530151 
Result: 64
Solution:  3 2 0 1 0 0 4 1 4 2 2 1 0 4 5 0 2 4 4 1 4 2 3 4 5 4 4 5 5 3 6 7 4 7 6 8 4 7 6 6 6 11 7 9 8 6 10 9 11 10 8 10 9 10 7 11 11 11 9 12 10 12 13 14 13 12 12 14 11 13 14 13 15 13 15 14 13 17 18 16 15 12 16 18 16 16 19 18 16 14 17 18 18 18 16 17 15 20 17 20 18 20 19 22 20 21 23 20 21 22 26 22 19 25 18 24 22 21 19 23 24 22 24 21 23 24 22 21 25 24 24 26 27 26 25 26 27 26 26 23 28 25 30 25 29 29 29 27 31 30 26 28 27 27 31 31 30 29 32 33 27 27 33 31 32 31 31 30 32 33 29 32 32 30 31 34 33 33 34 32 36 35 35 35 36 33 35 34 36 33 35 36 35 34 37 37 38 41 36 37 35 36 38 36 34 38 36 40 39 40 40 39 37 40 41 39 37 41 40 41 39 42 41 42 44 38 41 40 43 42 44 43 41 42 44 42 43 44 45 43 42 44 45 44 45 45 44 45 45 45
0 : [2, 4, 5, 12, 15] (60.0)
1 : [3, 7, 11, 19] (66.0)
2 : [1, 9, 10, 16, 21] (68.0)
3 : [0, 22, 29] (65.0)
4 : [6, 8, 13, 17, 18, 20, 23, 25, 26, 32, 36] (60.0)
5 : [14, 24, 27, 28] (61.0)
6 : [30, 34, 38, 39, 40, 45] (62.0)
7 : [31, 33, 37, 42, 54] (60.0)
8 : [35, 44, 50] (69.0)
9 : [43, 47, 52, 58] (62.0)
10 : [46, 49, 51, 53, 60] (72.0)
11 : [41, 48, 55, 56, 57, 68] (67.0)
12 : [59, 61, 65, 66, 81] (73.0)
13 : [62, 64, 69, 71, 73, 76] (88.0)
14 : [63, 67, 70, 75, 89] (72.0)
15 : [72, 74, 80, 96] (77.0)
16 : [79, 82, 84, 85, 88, 94] (99.0)
17 : [77, 90, 95, 98] (89.0)
18 : [78, 83, 87, 91, 92, 93, 100, 114] (123.0)
19 : [86, 102, 112, 118] (76.0)
20 : [97, 99, 101, 104, 107] (101.0)
21 : [105, 108, 117, 123, 127] (88.0)
22 : [103, 109, 111, 116, 121, 126] (93.0)
23 : [106, 119, 124, 139] (79.0)
24 : [115, 120, 122, 125, 129, 130] (119.0)
25 : [113, 128, 134, 141, 143] (89.0)
26 : [110, 131, 133, 135, 137, 138, 150] (107.0)
27 : [132, 136, 147, 152, 153, 160, 161] (91.0)
28 : [140, 151] (62.0)
29 : [144, 145, 146, 157, 170] (95.0)
30 : [142, 149, 156, 167, 173] (102.0)
31 : [148, 154, 155, 163, 165, 166, 174] (116.0)
32 : [158, 164, 168, 171, 172, 179] (107.0)
33 : [159, 162, 169, 176, 177, 185, 189] (124.0)
34 : [175, 178, 187, 193, 204] (116.0)
35 : [181, 182, 183, 186, 190, 192, 200] (115.0)
36 : [180, 184, 188, 191, 198, 201, 203, 206] (121.0)
37 : [194, 195, 199, 212, 216] (110.0)
38 : [196, 202, 205, 225] (94.0)
39 : [208, 211, 215, 220] (114.0)
40 : [207, 209, 210, 213, 218, 227] (122.0)
41 : [197, 214, 217, 219, 222, 226, 232] (114.0)
42 : [221, 223, 229, 233, 235, 240] (117.0)
43 : [228, 231, 236, 239] (124.0)
44 : [224, 230, 234, 237, 241, 243, 246] (116.0)
45 : [238, 242, 244, 245, 247, 248, 249] (119.0)
