Name: 250-40-75
Time: 12.752400636672974 
Result: 31
Solution:  0 0 1 0 0 1 0 0 1 0 4 4 2 2 2 3 2 3 4 1 5 6 0 7 3 3 4 6 8 8 2 7 7 7 6 7 7 10 7 5 6 11 6 7 8 9 6 7 13 11 7 9 10 10 10 12 14 9 11 8 9 7 8 15 10 11 12 13 13 14 13 13 14 14 16 15 14 16 12 16 14 12 15 12 16 13 17 14 17 16 14 16 16 19 17 18 17 20 18 13 16 20 18 17 18 16 18 16 19 21 19 18 21 20 23 20 22 22 17 21 23 19 22 18 21 22 22 22 23 23 22 24 23 21 23 26 23 24 26 23 21 25 24 27 24 25 26 26 22 26 27 25 26 27 27 27 26 28 23 27 26 27 28 31 27 32 32 28 29 29 29 28 29 31 30 31 29 30 28 32 30 31 30 31 33 29 35 32 29 30 33 33 32 36 36 35 34 33 32 35 34 34 37 37 35 35 36 33 34 37 36 36 39 35 36 38 41 37 37 34 40 36 40 36 41 39 40 38 41 39 39 40 41 40 40 39 38 40 39 40 41 38 41 42 41 42 40 42 42 41
0 : [0, 1, 3, 4, 6, 7, 9, 22] (44.0)
1 : [2, 5, 8, 19] (48.0)
2 : [12, 13, 14, 16, 30] (47.0)
3 : [15, 17, 24, 25] (46.0)
4 : [10, 11, 18, 26] (45.0)
5 : [20, 39] (46.0)
6 : [21, 27, 34, 40, 42, 46] (44.0)
7 : [23, 31, 32, 33, 35, 36, 38, 43, 47, 50, 61] (44.0)
8 : [28, 29, 44, 59, 62] (48.0)
9 : [45, 51, 57, 60] (47.0)
10 : [37, 52, 53, 54, 64] (46.0)
11 : [41, 49, 58, 65] (47.0)
12 : [55, 66, 78, 81, 83] (55.0)
13 : [48, 67, 68, 70, 71, 85, 99] (47.0)
14 : [56, 69, 72, 73, 76, 80, 87, 90] (56.0)
15 : [63, 75, 82] (52.0)
16 : [74, 77, 79, 84, 89, 91, 92, 100, 105, 107] (46.0)
17 : [86, 88, 94, 96, 103, 118] (47.0)
18 : [95, 98, 102, 104, 106, 111, 123] (66.0)
19 : [93, 108, 110, 121] (50.0)
20 : [97, 101, 113, 115] (61.0)
21 : [109, 112, 119, 124, 133, 140] (61.0)
22 : [116, 117, 122, 125, 126, 127, 130, 148] (65.0)
23 : [114, 120, 128, 129, 132, 134, 136, 139, 158] (74.0)
24 : [131, 137, 142, 144] (58.0)
25 : [141, 145, 151] (54.0)
26 : [135, 138, 146, 147, 149, 152, 156, 160] (75.0)
27 : [143, 150, 153, 154, 155, 159, 161, 164] (58.0)
28 : [157, 162, 167, 171, 178] (60.0)
29 : [168, 169, 170, 172, 176, 185, 188] (69.0)
30 : [174, 177, 180, 182, 189] (57.0)
31 : [163, 173, 175, 181, 183] (75.0)
32 : [165, 166, 179, 187, 192, 198] (70.0)
33 : [184, 190, 191, 197, 207] (68.0)
34 : [196, 200, 201, 208, 219] (66.0)
35 : [186, 195, 199, 204, 205, 213] (67.0)
36 : [193, 194, 206, 210, 211, 214, 221, 223] (71.0)
37 : [202, 203, 209, 217, 218] (74.0)
38 : [215, 227, 236, 241] (68.0)
39 : [212, 225, 229, 230, 235, 238] (71.0)
40 : [220, 222, 226, 231, 233, 234, 237, 239, 246] (68.0)
41 : [216, 224, 228, 232, 240, 242, 244, 249] (74.0)
42 : [243, 245, 247, 248] (60.0)
