Name: 250-20-30
Time: 10.654648303985596 
Result: 12
Solution:  0 3 0 0 2 0 3 4 2 2 2 2 3 3 5 3 6 4 3 4 5 4 6 7 6 9 3 6 4 7 8 9 7 11 8 8 8 6 7 11 12 11 10 11 10 8 13 9 12 15 10 12 13 12 11 16 14 17 13 14 11 12 17 14 14 12 16 18 17 15 16 18 15 19 16 18 19 19 19 21 20 23 18 19 21 22 23 22 22 23 23 20 24 23 26 24 22 23 24 27 27 22 26 25 25 26 28 26 28 26 26 26 29 26 29 29 31 26 31 26 34 27 30 32 30 33 31 29 30 32 33 33 36 30 30 33 32 37 31 32 36 35 34 37 35 34 37 36 39 37 33 36 42 35 38 38 39 38 38 38 40 37 42 40 42 40 39 43 43 42 45 44 45 45 44 41 45 45 44 40 41 42 46 46 44 48 46 47 46 48 48 51 48 50 46 46 47 47 49 49 49 48 50 48 54 50 52 49 49 48 52 51 53 51 53 52 53 49 53 52 54 54 53 54 55 58 57 56 53 51 56 58 59 54 57 56 57 56 55 57 58 58 55 58 54 59 58 56 58 59
0 : [0, 2, 3, 5] (22.0)
1 : [] (0.0)
2 : [4, 8, 9, 10, 11] (24.0)
3 : [1, 6, 12, 13, 15, 18, 26] (21.0)
4 : [7, 17, 19, 21, 28] (26.0)
5 : [14, 20] (20.0)
6 : [16, 22, 24, 27, 37] (30.0)
7 : [23, 29, 32, 38] (22.0)
8 : [30, 34, 35, 36, 45] (20.0)
9 : [25, 31, 47] (21.0)
10 : [42, 44, 50] (21.0)
11 : [33, 39, 41, 43, 54, 60] (27.0)
12 : [40, 48, 51, 53, 61, 65] (20.0)
13 : [46, 52, 58] (25.0)
14 : [56, 59, 63, 64] (28.0)
15 : [49, 69, 72] (21.0)
16 : [55, 66, 70, 74] (25.0)
17 : [57, 62, 68] (21.0)
18 : [67, 71, 75, 82] (22.0)
19 : [73, 76, 77, 78, 83] (24.0)
20 : [80, 91] (22.0)
21 : [79, 84] (21.0)
22 : [85, 87, 88, 96, 101] (22.0)
23 : [81, 86, 89, 90, 93, 97] (23.0)
24 : [92, 95, 98] (22.0)
25 : [103, 104] (21.0)
26 : [94, 102, 105, 107, 109, 110, 111, 113, 117, 119] (21.0)
27 : [99, 100, 121] (24.0)
28 : [106, 108] (32.0)
29 : [112, 114, 115, 127] (30.0)
30 : [122, 124, 128, 133, 134] (30.0)
31 : [116, 118, 126, 138] (30.0)
32 : [123, 129, 136, 139] (29.0)
33 : [125, 130, 131, 135, 150] (27.0)
34 : [120, 142, 145] (28.0)
35 : [141, 144, 153] (30.0)
36 : [132, 140, 147, 151] (22.0)
37 : [137, 143, 146, 149, 161] (30.0)
38 : [154, 155, 157, 158, 159] (21.0)
39 : [148, 156, 166] (30.0)
40 : [160, 163, 165, 179] (25.0)
41 : [175, 180] (31.0)
42 : [152, 162, 164, 169, 181] (24.0)
43 : [167, 168] (29.0)
44 : [171, 174, 178, 184] (30.0)
45 : [170, 172, 173, 176, 177] (30.0)
46 : [182, 183, 186, 188, 194, 195] (27.0)
47 : [187, 196, 197] (30.0)
48 : [185, 189, 190, 192, 201, 203, 209] (30.0)
49 : [198, 199, 200, 207, 208, 217] (30.0)
50 : [193, 202, 205] (26.0)
51 : [191, 211, 213, 229] (30.0)
52 : [206, 210, 215, 219] (30.0)
53 : [212, 214, 216, 218, 222, 228] (30.0)
54 : [204, 220, 221, 223, 233, 244] (30.0)
55 : [224, 238, 242] (30.0)
56 : [227, 230, 235, 237, 247] (30.0)
57 : [226, 234, 236, 239] (30.0)
58 : [225, 231, 240, 241, 243, 246, 248] (28.0)
59 : [232, 245, 249] (30.0)
