Name: 500-50-100
Time: 25.77604842185974 
Result: 52
Solution:  2 2 2 1 1 2 1 4 2 2 2 6 4 2 3 3 6 2 3 7 4 3 4 5 9 7 5 5 4 8 7 10 5 7 9 8 11 10 7 8 9 10 11 8 12 13 12 13 10 13 13 9 12 13 13 10 14 16 13 14 19 13 13 15 17 16 15 16 15 16 16 17 21 20 14 18 16 21 15 17 20 20 20 17 20 23 19 19 18 22 21 23 25 22 22 22 23 24 23 25 24 21 28 26 28 26 26 24 27 27 25 27 28 26 26 30 27 29 29 31 30 31 32 30 32 31 30 29 36 33 32 30 36 31 33 35 31 33 32 32 36 36 34 37 34 36 36 38 37 36 38 38 37 39 39 35 39 42 41 36 40 36 43 41 42 42 43 42 39 42 44 40 47 40 46 47 43 46 44 45 46 44 45 49 43 46 45 48 47 51 44 46 51 48 48 51 46 48 48 49 50 50 48 50 51 52 51 47 52 51 53 52 54 55 53 51 55 54 56 54 53 54 56 58 58 55 55 57 56 59 61 57 56 57 58 61 59 55 59 62 58 64 62 56 58 61 62 63 61 61 63 60 65 63 67 62 64 63 64 63 66 63 65 65 66 69 66 67 64 65 65 70 69 66 68 66 65 67 68 68 73 69 72 70 72 71 70 71 70 71 74 73 75 73 76 76 74 76 73 72 75 79 75 75 73 74 78 72 77 76 75 74 79 80 77 77 80 78 81 76 81 77 77 83 80 78 82 82 78 77 81 81 81 81 80 79 84 82 82 82 84 86 86 83 83 84 84 83 85 83 86 88 87 83 85 85 85 87 85 84 86 87 88 86 88 84 87 88 85 89 91 90 89 88 88 90 90 89 90 88 91 92 94 89 94 95 92 92 90 92 92 93 90 94 90 93 95 91 93 94 96 96 94 92 94 99 95 92 93 93 97 100 98 101 96 99 96 98 98 99 98 101 98 102 97 99 100 100 97 101 101 100 99 98 99 103 100 103 105 102 103 104 105 103 104 106 104 102 103 102 106 107 104 103 105 105 108 110 102 105 109 106 107 106 107 107 112 108 107 106 112 106 109 109 108 113 108 107 110 109 109 111 111 109 111 113 110 110 111 110 113 112 113 114 112 114 114 114 114 113
0 : [] (0.0)
1 : [3, 4, 6] (62.0)
2 : [0, 1, 2, 5, 8, 9, 10, 13, 17] (60.0)
3 : [14, 15, 18, 21] (66.0)
4 : [7, 12, 20, 22, 28] (58.0)
5 : [23, 26, 27, 32] (66.0)
6 : [11, 16] (54.0)
7 : [19, 25, 30, 33, 38] (50.0)
8 : [29, 35, 39, 43] (52.0)
9 : [24, 34, 40, 51] (57.0)
10 : [31, 37, 41, 48, 55] (52.0)
11 : [36, 42] (52.0)
12 : [44, 46, 52] (68.0)
13 : [45, 47, 49, 50, 53, 54, 58, 61, 62] (62.0)
14 : [56, 59, 74] (50.0)
15 : [63, 66, 68, 78] (78.0)
16 : [57, 65, 67, 69, 70, 76] (94.0)
17 : [64, 71, 79, 83] (70.0)
18 : [75, 88] (58.0)
19 : [60, 86, 87] (71.0)
20 : [73, 80, 81, 82, 84] (53.0)
21 : [72, 77, 90, 101] (59.0)
22 : [89, 93, 94, 95] (50.0)
23 : [85, 91, 96, 98] (50.0)
24 : [97, 100, 107] (51.0)
25 : [92, 99, 110] (50.0)
26 : [103, 105, 106, 113, 114] (50.0)
27 : [108, 109, 111, 116] (58.0)
28 : [102, 104, 112] (53.0)
29 : [117, 118, 127] (58.0)
30 : [115, 120, 123, 126, 131] (76.0)
31 : [119, 121, 125, 133, 136] (85.0)
32 : [122, 124, 130, 138, 139] (70.0)
33 : [129, 134, 137] (51.0)
34 : [142, 144] (73.0)
35 : [135, 155] (56.0)
36 : [128, 132, 140, 141, 145, 146, 149, 159, 161] (66.0)
37 : [143, 148, 152] (50.0)
38 : [147, 150, 151] (66.0)
39 : [153, 154, 156, 168] (64.0)
40 : [160, 171, 173] (81.0)
41 : [158, 163] (61.0)
42 : [157, 164, 165, 167, 169] (79.0)
43 : [162, 166, 176, 184] (67.0)
44 : [170, 178, 181, 190] (56.0)
45 : [179, 182, 186] (63.0)
46 : [174, 177, 180, 185, 191, 196] (86.0)
47 : [172, 175, 188, 207] (84.0)
48 : [187, 193, 194, 197, 198, 202] (67.0)
49 : [183, 199] (56.0)
50 : [200, 201, 203] (64.0)
51 : [189, 192, 195, 204, 206, 209, 215] (81.0)
52 : [205, 208, 211] (60.0)
53 : [210, 214, 220] (59.0)
54 : [212, 217, 219, 221] (80.0)
55 : [213, 216, 225, 226, 237] (69.0)
56 : [218, 222, 228, 232, 243] (76.0)
57 : [227, 231, 233] (79.0)
58 : [223, 224, 234, 240, 244] (75.0)
59 : [229, 236, 238] (78.0)
60 : [251] (51.0)
61 : [230, 235, 245, 248, 249] (78.0)
62 : [239, 242, 246, 255] (96.0)
63 : [247, 250, 253, 257, 259, 261] (100.0)
64 : [241, 256, 258, 268] (98.0)
65 : [252, 262, 263, 269, 270, 276] (100.0)
66 : [260, 264, 266, 273, 275] (86.0)
67 : [254, 267, 277] (72.0)
68 : [274, 278, 279] (72.0)
69 : [265, 272, 281] (61.0)
70 : [271, 283, 286, 288] (60.0)
71 : [285, 287, 289] (90.0)
72 : [282, 284, 299, 307] (71.0)
73 : [280, 291, 293, 298, 304] (93.0)
74 : [290, 296, 305, 311] (90.0)
75 : [292, 300, 302, 303, 310] (100.0)
76 : [294, 295, 297, 309, 319] (81.0)
77 : [308, 314, 315, 321, 322, 329] (96.0)
78 : [306, 317, 325, 328] (63.0)
79 : [301, 312, 335] (70.0)
80 : [313, 316, 324, 334] (65.0)
81 : [318, 320, 330, 331, 332, 333] (88.0)
82 : [326, 327, 337, 338, 339] (66.0)
83 : [323, 343, 344, 347, 349, 353] (98.0)
84 : [336, 340, 345, 346, 359, 365] (100.0)
85 : [348, 354, 355, 356, 358, 368] (79.0)
86 : [341, 342, 350, 360, 363] (98.0)
87 : [352, 357, 361, 366] (83.0)
88 : [351, 362, 364, 367, 373, 374, 379] (99.0)
89 : [369, 372, 377, 383] (100.0)
90 : [371, 375, 376, 378, 388, 392, 394] (97.0)
91 : [370, 380, 397] (88.0)
92 : [381, 386, 387, 389, 390, 403, 407] (100.0)
93 : [391, 395, 398, 408, 409] (99.0)
94 : [382, 384, 393, 399, 402, 404] (100.0)
95 : [385, 396, 406] (92.0)
96 : [400, 401, 414, 416] (88.0)
97 : [410, 424, 428] (66.0)
98 : [412, 417, 418, 420, 422, 433] (88.0)
99 : [405, 415, 419, 425, 432, 434] (90.0)
100 : [411, 426, 427, 431, 436] (92.0)
101 : [413, 421, 429, 430] (95.0)
102 : [423, 439, 447, 449, 458] (99.0)
103 : [435, 437, 440, 443, 448, 453] (97.0)
104 : [441, 444, 446, 452] (100.0)
105 : [438, 442, 454, 455, 459] (102.0)
106 : [445, 450, 461, 463, 469, 471] (96.0)
107 : [451, 462, 464, 465, 468, 477] (100.0)
108 : [456, 467, 474, 476] (100.0)
109 : [460, 472, 473, 479, 480, 483] (98.0)
110 : [457, 478, 486, 487, 489] (100.0)
111 : [481, 482, 484, 488] (90.0)
112 : [466, 470, 491, 494] (100.0)
113 : [475, 485, 490, 492, 499] (93.0)
114 : [493, 495, 496, 497, 498] (87.0)
