Name: 500-40-75
Time: 22.855963468551636 
Result: 38
Solution:  1 2 4 0 1 1 2 2 3 1 3 2 3 4 1 0 4 4 2 4 3 8 5 7 7 10 6 5 3 9 8 8 6 7 7 10 6 10 9 8 11 8 8 8 10 11 10 13 7 12 12 10 13 10 11 13 13 12 10 15 13 13 14 14 15 15 13 17 13 14 14 13 18 17 17 16 13 13 19 16 17 18 19 15 19 20 19 19 19 18 20 19 19 21 19 22 21 21 19 21 25 21 22 19 24 20 23 22 23 24 22 23 25 23 24 23 26 21 25 24 26 26 26 27 25 31 24 27 26 28 27 27 27 30 28 29 31 27 27 29 27 29 30 31 32 35 32 33 33 30 33 31 33 28 33 32 34 34 33 33 34 34 36 34 31 36 36 36 35 32 34 34 38 35 35 38 39 38 38 37 39 38 38 37 38 39 43 40 39 40 41 40 41 41 40 40 40 42 41 42 42 43 40 42 38 42 47 40 44 43 43 45 43 48 47 44 45 47 46 44 48 44 50 46 50 47 50 45 45 46 51 48 48 48 47 49 49 49 49 50 53 47 52 50 52 51 51 54 49 51 52 52 53 53 56 55 53 54 52 55 53 54 58 51 54 54 59 53 53 58 55 57 56 56 57 58 58 60 60 57 57 58 60 57 59 62 59 59 60 61 59 64 60 59 61 63 60 64 59 61 62 62 62 64 58 66 62 67 63 63 65 64 63 67 60 66 65 64 66 63 65 62 62 69 64 68 70 67 67 67 66 69 70 70 70 68 69 69 71 68 69 70 67 69 67 73 73 71 70 73 71 70 74 72 71 75 72 72 74 72 72 76 72 72 76 78 78 72 74 77 74 75 72 76 77 78 77 77 75 75 79 79 77 80 77 79 80 79 80 79 82 79 79 81 78 83 81 83 80 81 82 82 82 78 81 83 84 80 84 82 87 83 80 86 84 85 86 83 86 84 86 87 85 85 88 84 87 87 89 86 85 90 88 88 88 90 87 88 90 86 91 92 91 89 89 95 90 89 90 91 92 88 92 90 89 93 94 97 93 92 95 94 96 94 94 93 94 94 96 95 99 96 94 93 97 95 100 97 97 96 101 98 98 97 95 97 100 98 98 99 99 98 98 101 101 100 97 99 101 100
0 : [3, 15] (41.0)
1 : [0, 4, 5, 9, 14] (45.0)
2 : [1, 6, 7, 11, 18] (42.0)
3 : [8, 10, 12, 20, 28] (40.0)
4 : [2, 13, 16, 17, 19] (43.0)
5 : [22, 27] (41.0)
6 : [26, 32, 36] (45.0)
7 : [23, 24, 33, 34, 48] (43.0)
8 : [21, 30, 31, 39, 41, 42, 43] (41.0)
9 : [29, 38] (40.0)
10 : [25, 35, 37, 44, 46, 51, 53, 58] (41.0)
11 : [40, 45, 54] (48.0)
12 : [49, 50, 57] (42.0)
13 : [47, 52, 55, 56, 60, 61, 66, 68, 71, 76, 77] (48.0)
14 : [62, 63, 69, 70] (43.0)
15 : [59, 64, 65, 83] (40.0)
16 : [75, 79] (40.0)
17 : [67, 73, 74, 80] (47.0)
18 : [72, 81, 89] (42.0)
19 : [78, 82, 84, 86, 87, 88, 91, 92, 94, 98, 103] (40.0)
20 : [85, 90, 105] (45.0)
21 : [93, 96, 97, 99, 101, 117] (39.0)
22 : [95, 102, 107, 110] (51.0)
23 : [106, 108, 111, 113, 115] (47.0)
24 : [104, 109, 114, 119, 126] (47.0)
25 : [100, 112, 118, 124] (42.0)
26 : [116, 120, 121, 122, 128] (49.0)
27 : [123, 127, 130, 131, 132, 137, 138, 140] (46.0)
28 : [129, 134, 153] (49.0)
29 : [135, 139, 141] (41.0)
30 : [133, 142, 149] (44.0)
31 : [125, 136, 143, 151, 164] (48.0)
32 : [144, 146, 155, 169] (46.0)
33 : [147, 148, 150, 152, 154, 158, 159] (43.0)
34 : [156, 157, 160, 161, 163, 170, 171] (41.0)
35 : [145, 168, 173, 174] (58.0)
36 : [162, 165, 166, 167] (50.0)
37 : [179, 183] (56.0)
38 : [172, 175, 177, 178, 181, 182, 184, 204] (48.0)
39 : [176, 180, 185, 188] (45.0)
40 : [187, 189, 191, 194, 195, 196, 202, 207] (59.0)
41 : [190, 192, 193, 198] (46.0)
42 : [197, 199, 200, 203, 205] (51.0)
43 : [186, 201, 209, 210, 212] (57.0)
44 : [208, 215, 219, 221] (40.0)
45 : [211, 216, 227, 228] (61.0)
46 : [218, 223, 229] (50.0)
47 : [206, 214, 217, 225, 234, 241] (44.0)
48 : [213, 220, 231, 232, 233] (48.0)
49 : [235, 236, 237, 238, 248] (47.0)
50 : [222, 224, 226, 239, 243] (51.0)
51 : [230, 245, 246, 249, 263] (51.0)
52 : [242, 244, 250, 251, 258] (50.0)
53 : [240, 252, 253, 256, 260, 267, 268] (63.0)
54 : [247, 257, 261, 264, 265] (61.0)
55 : [255, 259, 270] (42.0)
56 : [254, 272, 273] (57.0)
57 : [271, 274, 279, 280, 283] (74.0)
58 : [262, 269, 275, 276, 281, 304] (73.0)
59 : [266, 284, 286, 287, 290, 293, 298] (56.0)
60 : [277, 278, 282, 288, 292, 296, 314] (50.0)
61 : [289, 294, 299] (42.0)
62 : [285, 300, 301, 302, 306, 321, 322] (63.0)
63 : [295, 308, 309, 312, 319] (67.0)
64 : [291, 297, 303, 311, 317, 324] (65.0)
65 : [310, 316, 320] (65.0)
66 : [305, 315, 318, 330] (73.0)
67 : [307, 313, 327, 328, 329, 342, 344] (75.0)
68 : [325, 335, 339] (60.0)
69 : [323, 331, 336, 337, 340, 343] (49.0)
70 : [326, 332, 333, 334, 341, 348, 351] (55.0)
71 : [338, 347, 350, 354] (60.0)
72 : [353, 356, 357, 359, 360, 362, 363, 367, 372] (44.0)
73 : [345, 346, 349] (50.0)
74 : [352, 358, 368, 370] (55.0)
75 : [355, 371, 378, 379] (58.0)
76 : [361, 364, 373] (51.0)
77 : [369, 374, 376, 377, 382, 384] (75.0)
78 : [365, 366, 375, 394, 403] (68.0)
79 : [380, 381, 385, 387, 389, 391, 392] (64.0)
80 : [383, 386, 388, 398, 407, 412] (75.0)
81 : [393, 396, 399, 404] (75.0)
82 : [390, 400, 401, 402, 409] (72.0)
83 : [395, 397, 405, 411, 417] (74.0)
84 : [406, 408, 414, 419, 425] (73.0)
85 : [415, 422, 423, 430] (73.0)
86 : [413, 416, 418, 420, 429, 439] (74.0)
87 : [410, 421, 426, 427, 436] (71.0)
88 : [424, 432, 433, 434, 437, 451] (73.0)
89 : [428, 443, 444, 447, 454] (70.0)
90 : [431, 435, 438, 446, 448, 453] (75.0)
91 : [440, 442, 449] (51.0)
92 : [441, 450, 452, 459] (61.0)
93 : [455, 458, 465, 473] (65.0)
94 : [456, 461, 463, 464, 466, 467, 472] (75.0)
95 : [445, 460, 469, 475, 484] (75.0)
96 : [462, 468, 471, 479] (75.0)
97 : [457, 474, 477, 478, 483, 485, 496] (73.0)
98 : [481, 482, 487, 488, 491, 492] (72.0)
99 : [470, 489, 490, 497] (75.0)
100 : [476, 486, 495, 499] (77.0)
101 : [480, 493, 494, 498] (74.0)
