Name: 500-60-125
Time: 25.776323080062866 
Result: 61
Solution:  0 0 0 3 1 1 3 1 0 2 3 3 0 0 5 1 1 6 0 2 4 3 6 4 3 2 5 6 6 7 5 6 6 6 5 4 9 6 7 11 8 6 7 9 7 8 8 9 6 9 10 11 9 10 9 12 13 9 15 15 12 15 8 13 10 13 11 9 14 12 14 13 13 14 13 17 16 11 16 16 13 17 18 18 14 14 17 17 15 19 16 16 15 20 19 18 18 20 21 19 22 20 21 21 21 18 23 22 23 22 24 20 24 21 20 21 23 24 25 23 22 24 24 23 27 27 26 25 22 24 26 26 26 26 27 25 29 25 26 28 29 30 29 26 28 29 27 32 27 31 30 29 31 30 33 32 30 30 31 28 32 31 34 31 30 32 32 36 31 33 34 33 35 36 35 34 35 37 33 36 35 36 34 36 33 35 38 37 37 39 42 36 39 38 36 39 39 42 42 37 40 40 41 44 37 41 39 39 42 41 42 41 39 46 44 46 43 40 42 43 43 45 43 43 44 44 46 48 43 47 48 48 45 45 45 49 48 50 45 46 47 48 46 50 47 49 51 48 51 51 53 50 52 49 50 49 50 51 50 52 53 51 52 51 52 53 55 54 55 51 53 53 55 53 54 52 57 54 53 54 56 58 55 57 55 55 56 55 55 56 57 61 61 60 58 58 62 59 59 57 61 59 61 58 59 60 64 61 62 63 62 63 59 61 59 64 60 63 60 63 64 64 63 62 62 61 64 66 66 65 69 64 67 66 66 67 68 66 67 67 67 69 65 69 66 71 67 72 68 69 70 70 68 72 71 71 72 68 68 73 73 73 76 70 72 71 72 72 76 73 72 73 72 73 71 75 72 74 75 70 74 72 76 78 75 71 75 79 76 79 74 74 77 81 73 76 77 78 77 80 76 79 77 75 78 79 81 78 77 79 80 80 80 81 77 81 82 80 83 85 81 77 82 80 79 83 84 82 82 83 81 83 85 79 84 88 80 82 85 85 85 83 83 87 85 88 83 88 89 86 86 86 84 89 87 88 90 88 86 85 87 87 90 88 93 88 90 86 92 87 91 91 90 89 88 90 94 91 89 91 92 90 94 92 91 94 92 92 89 90 93 94 92 93 94 94 92 93 94 93
0 : [0, 1, 2, 8, 12, 13, 18] (66.0)
1 : [4, 5, 7, 15, 16] (66.0)
2 : [9, 19, 25] (79.0)
3 : [3, 6, 10, 11, 21, 24] (67.0)
4 : [20, 23, 35] (74.0)
5 : [14, 26, 30, 34] (75.0)
6 : [17, 22, 27, 28, 31, 32, 33, 37, 41, 48] (65.0)
7 : [29, 38, 42, 44] (64.0)
8 : [40, 45, 46, 62] (64.0)
9 : [36, 43, 47, 49, 52, 54, 57, 67] (64.0)
10 : [50, 53, 64] (71.0)
11 : [39, 51, 66, 77] (64.0)
12 : [55, 60, 69] (72.0)
13 : [56, 63, 65, 71, 72, 74, 80] (81.0)
14 : [68, 70, 73, 84, 85] (70.0)
15 : [58, 59, 61, 88, 92] (76.0)
16 : [76, 78, 79, 90, 91] (65.0)
17 : [75, 81, 86, 87] (71.0)
18 : [82, 83, 95, 96, 105] (82.0)
19 : [89, 94, 99] (70.0)
20 : [93, 97, 101, 111, 114] (64.0)
21 : [98, 102, 103, 104, 113, 115] (79.0)
22 : [100, 107, 109, 120, 128] (71.0)
23 : [106, 108, 116, 119, 123] (83.0)
24 : [110, 112, 117, 121, 122, 129] (95.0)
25 : [118, 127, 135, 137] (75.0)
26 : [126, 130, 131, 132, 133, 138, 143] (99.0)
27 : [124, 125, 134, 146, 148] (92.0)
28 : [139, 144, 159] (75.0)
29 : [136, 140, 142, 145, 151] (105.0)
30 : [141, 150, 153, 156, 157, 164] (104.0)
31 : [149, 152, 158, 161, 163, 168] (83.0)
32 : [147, 155, 160, 165, 166] (125.0)
33 : [154, 169, 171, 178, 184] (85.0)
34 : [162, 170, 175, 182] (90.0)
35 : [172, 174, 176, 180, 185] (75.0)
36 : [167, 173, 179, 181, 183, 191, 194] (74.0)
37 : [177, 187, 188, 199, 204] (78.0)
38 : [186, 193] (87.0)
39 : [189, 192, 195, 196, 206, 207, 212] (100.0)
40 : [200, 201, 217] (77.0)
41 : [202, 205, 209, 211] (115.0)
42 : [190, 197, 198, 208, 210, 218] (70.0)
43 : [216, 219, 220, 222, 223, 228] (80.0)
44 : [203, 214, 224, 225] (75.0)
45 : [221, 232, 233, 234, 238] (106.0)
46 : [213, 215, 226, 239, 242] (92.0)
47 : [229, 240, 244] (95.0)
48 : [227, 230, 231, 236, 241, 247] (110.0)
49 : [235, 245, 253, 255] (120.0)
50 : [237, 243, 251, 254, 256, 258] (122.0)
51 : [246, 248, 249, 257, 261, 263, 269] (123.0)
52 : [252, 259, 262, 264, 275] (100.0)
53 : [250, 260, 265, 270, 271, 273, 278] (119.0)
54 : [267, 274, 277, 279] (84.0)
55 : [266, 268, 272, 282, 284, 285, 287, 288] (115.0)
56 : [280, 286, 289] (123.0)
57 : [276, 283, 290, 299] (115.0)
58 : [281, 294, 295, 303] (115.0)
59 : [297, 298, 301, 304, 312, 314] (98.0)
60 : [293, 305, 316, 318] (112.0)
61 : [291, 292, 300, 302, 307, 313, 325] (91.0)
62 : [296, 308, 310, 323, 324] (83.0)
63 : [309, 311, 317, 319, 322] (123.0)
64 : [306, 315, 320, 321, 326, 331] (125.0)
65 : [329, 342] (83.0)
66 : [327, 328, 333, 334, 337, 344] (101.0)
67 : [332, 335, 338, 339, 340, 346] (125.0)
68 : [336, 348, 352, 357, 358] (91.0)
69 : [330, 341, 343, 349] (125.0)
70 : [350, 351, 363, 379] (103.0)
71 : [345, 354, 355, 365, 374, 385] (105.0)
72 : [347, 353, 356, 364, 366, 367, 370, 372, 376, 381] (122.0)
73 : [359, 360, 361, 369, 371, 373, 394] (124.0)
74 : [377, 380, 390, 391] (105.0)
75 : [375, 378, 384, 386, 403] (123.0)
76 : [362, 368, 382, 388, 395, 400] (125.0)
77 : [392, 396, 398, 402, 408, 414, 421] (108.0)
78 : [383, 397, 404, 407] (119.0)
79 : [387, 389, 401, 405, 409, 424, 433] (108.0)
80 : [399, 410, 411, 412, 417, 423, 436] (124.0)
81 : [393, 406, 413, 415, 420, 430] (125.0)
82 : [416, 422, 427, 428, 437] (120.0)
83 : [418, 425, 429, 431, 441, 442, 446] (110.0)
84 : [426, 434, 452] (125.0)
85 : [419, 432, 438, 439, 440, 444, 459] (124.0)
86 : [449, 450, 451, 458, 467] (125.0)
87 : [443, 454, 460, 461, 469] (123.0)
88 : [435, 445, 447, 455, 457, 463, 465, 474] (123.0)
89 : [448, 453, 473, 478, 488] (116.0)
90 : [456, 462, 466, 472, 475, 481, 489] (125.0)
91 : [470, 471, 477, 479, 484] (124.0)
92 : [468, 480, 483, 486, 487, 492, 496] (116.0)
93 : [464, 490, 493, 497, 499] (121.0)
94 : [476, 482, 485, 491, 494, 495, 498] (100.0)
