Name: 750-60-125
Time: 33.83202123641968 
Result: 78
Solution:  0 1 2 1 2 2 0 0 1 4 2 5 0 1 2 5 6 4 5 4 7 4 5 3 3 8 7 6 8 7 5 6 7 6 8 9 10 10 8 11 9 9 11 10 11 8 12 9 12 14 12 13 12 15 14 16 14 15 12 17 15 17 14 15 18 16 14 16 13 17 15 21 15 19 17 17 19 17 19 21 20 22 20 18 23 19 22 20 21 22 22 23 25 22 22 23 24 24 23 27 26 25 25 23 26 23 22 26 28 24 24 24 27 26 29 31 31 26 32 29 30 31 31 29 31 30 33 28 32 28 31 30 33 33 35 36 34 33 35 34 33 38 35 31 35 38 36 38 38 38 36 38 40 38 38 39 42 41 42 37 37 38 39 39 37 44 42 44 40 39 42 43 42 46 39 44 42 41 47 46 45 44 46 46 46 44 46 43 46 44 45 47 49 48 52 49 48 50 48 47 52 51 49 51 53 55 50 51 54 50 53 49 49 54 53 57 55 53 57 50 52 57 54 54 56 55 52 54 56 58 58 58 58 56 60 59 63 61 59 55 61 60 60 60 59 59 57 61 60 59 63 62 62 59 61 64 68 64 64 67 67 67 69 66 68 67 66 66 64 67 67 71 70 69 66 65 69 66 69 65 71 67 70 70 73 70 73 72 69 69 70 72 71 77 75 73 76 74 75 78 75 77 77 73 74 74 79 75 77 78 77 80 74 80 76 79 78 76 78 79 81 79 77 82 78 82 81 83 81 81 83 80 83 82 83 82 83 84 84 86 81 87 86 84 86 87 86 86 84 87 89 86 85 89 88 89 85 89 88 88 90 88 93 92 91 91 89 92 88 92 95 90 95 93 91 93 94 94 93 92 98 95 94 94 95 95 96 95 98 93 93 100 98 98 99 97 96 99 102 103 101 100 97 102 97 102 101 101 104 101 105 101 99 106 102 107 105 102 104 106 104 104 103 105 107 105 104 106 107 108 103 108 108 107 109 108 110 108 110 111 109 110 113 113 111 108 111 110 114 111 112 113 113 112 110 110 114 112 112 114 115 113 115 116 117 112 113 115 118 117 119 120 119 115 114 116 119 119 118 119 122 120 119 120 120 122 124 124 122 122 125 121 121 123 123 123 122 126 123 124 122 125 124 125 124 126 126 127 126 126 126 128 128 131 130 128 130 128 125 129 131 130 127 132 130 128 131 129 131 133 128 130 134 133 133 134 135 134 134 134 135 136 136 132 134 135 135 136 137 140 137 138 142 136 139 136 139 138 139 141 141 140 139 138 140 137 141 142 140 142 142 143 141 143 142 143 142 144 144 144 149 144 145 145 147 145 146 146 145 148 145 144 147 144 148 148 151 149 148 151 147 150 150 150 152 147 151 153 151 150 154 150 155 152 149 155 154 154 153 154 159 153 153 156 156 155 153 152 157 155 159 159 157 159 156 158 156 159 158 161 157 161 160 160 163 161 160 157 158 163 162 162 165 166 161 164 161 166 163 164 162 162 165 164 165 165 168 169 167 166 164 171 170 166 172 168 167 173 169 168 172 171 170 169 168 171 171 174 175 173 172 171 173 172 169 170 172 174 172 173 174 175 175 172 176 174 175 175 177 172 177 177 176 180 174 177 178 177 174 179 176 175 182 181 179 180 178 178 179 178 182 179 177 181 181 183 181 180 182 180 183 182 183 181 178 182 183 181 183 181
0 : [0, 6, 7, 12] (64.0)
1 : [1, 3, 8, 13] (67.0)
2 : [2, 4, 5, 10, 14] (59.0)
3 : [23, 24] (63.0)
4 : [9, 17, 19, 21] (62.0)
5 : [11, 15, 18, 22, 30] (59.0)
6 : [16, 27, 31, 33] (63.0)
7 : [20, 26, 29, 32] (60.0)
8 : [25, 28, 34, 38, 45] (56.0)
9 : [35, 40, 41, 47] (61.0)
10 : [36, 37, 43] (62.0)
11 : [39, 42, 44] (69.0)
12 : [46, 48, 50, 52, 58] (63.0)
13 : [51, 68] (90.0)
14 : [49, 54, 56, 62, 66] (64.0)
15 : [53, 57, 60, 63, 70, 72] (61.0)
16 : [55, 65, 67] (64.0)
17 : [59, 61, 69, 74, 75, 77] (61.0)
18 : [64, 83] (63.0)
19 : [73, 76, 78, 85] (62.0)
20 : [80, 82, 87] (61.0)
21 : [71, 79, 88] (73.0)
22 : [81, 86, 89, 90, 93, 94, 106] (67.0)
23 : [84, 91, 95, 98, 103, 105] (61.0)
24 : [96, 97, 109, 110, 111] (68.0)
25 : [92, 101, 102] (90.0)
26 : [100, 104, 107, 113, 117] (63.0)
27 : [99, 112] (61.0)
28 : [108, 127, 129] (62.0)
29 : [114, 119, 123] (76.0)
30 : [120, 125, 131] (70.0)
31 : [115, 116, 121, 122, 124, 130, 143] (88.0)
32 : [118, 128] (76.0)
33 : [126, 132, 133, 137, 140] (71.0)
34 : [136, 139] (66.0)
35 : [134, 138, 142, 144] (76.0)
36 : [135, 146, 150] (64.0)
37 : [159, 160, 164] (63.0)
38 : [141, 145, 147, 148, 149, 151, 153, 154, 161] (67.0)
39 : [155, 162, 163, 169, 174] (81.0)
40 : [152, 168] (92.0)
41 : [157, 177] (75.0)
42 : [156, 158, 166, 170, 172, 176] (90.0)
43 : [171, 187] (61.0)
44 : [165, 167, 175, 181, 185, 189] (83.0)
45 : [180, 190] (71.0)
46 : [173, 179, 182, 183, 184, 186, 188] (74.0)
47 : [178, 191, 199] (68.0)
48 : [193, 196, 198] (69.0)
49 : [192, 195, 202, 211, 212] (97.0)
50 : [197, 206, 209, 219] (76.0)
51 : [201, 203, 207] (79.0)
52 : [194, 200, 220, 226] (83.0)
53 : [204, 210, 214, 217] (83.0)
54 : [208, 213, 222, 223, 227] (70.0)
55 : [205, 216, 225, 239] (60.0)
56 : [224, 228, 233] (78.0)
57 : [215, 218, 221, 246] (75.0)
58 : [229, 230, 231, 232] (96.0)
59 : [235, 238, 244, 245, 249, 253] (63.0)
60 : [234, 241, 242, 243, 248] (62.0)
61 : [237, 240, 247, 254] (87.0)
62 : [251, 252] (101.0)
63 : [236, 250] (61.0)
64 : [255, 257, 258, 268] (113.0)
65 : [275, 279] (73.0)
66 : [263, 266, 267, 274, 277] (93.0)
67 : [259, 260, 261, 265, 269, 270, 281] (82.0)
68 : [256, 264] (74.0)
69 : [262, 273, 276, 278, 288, 289] (67.0)
70 : [272, 282, 283, 285, 290] (109.0)
71 : [271, 280, 292] (73.0)
72 : [287, 291] (108.0)
73 : [284, 286, 295, 303] (60.0)
74 : [297, 304, 305, 312] (74.0)
75 : [294, 298, 300, 307] (120.0)
76 : [296, 314, 317] (89.0)
77 : [293, 301, 302, 308, 310, 322] (105.0)
78 : [299, 309, 316, 318, 324] (102.0)
79 : [306, 315, 319, 321] (88.0)
80 : [311, 313, 331] (85.0)
81 : [320, 326, 328, 329, 340] (102.0)
82 : [323, 325, 333, 335] (114.0)
83 : [327, 330, 332, 334, 336] (125.0)
84 : [337, 338, 343, 348] (91.0)
85 : [352, 356] (98.0)
86 : [339, 342, 344, 346, 347, 351] (116.0)
87 : [341, 345, 349] (79.0)
88 : [354, 358, 359, 361, 368] (66.0)
89 : [350, 353, 355, 357, 366] (66.0)
90 : [360, 371] (95.0)
91 : [364, 365, 374] (80.0)
92 : [363, 367, 369, 379] (106.0)
93 : [362, 373, 375, 378, 389, 390] (124.0)
94 : [376, 377, 382, 383] (98.0)
95 : [370, 372, 381, 384, 385, 387] (121.0)
96 : [386, 396] (75.0)
97 : [395, 402, 404] (64.0)
98 : [380, 388, 392, 393] (83.0)
99 : [394, 397, 412] (106.0)
100 : [391, 401] (79.0)
101 : [400, 406, 407, 409, 411] (122.0)
102 : [398, 403, 405, 414, 417] (80.0)
103 : [399, 422, 430] (65.0)
104 : [408, 418, 420, 421, 426] (116.0)
105 : [410, 416, 423, 425] (125.0)
106 : [413, 419, 427] (125.0)
107 : [415, 424, 428, 433] (118.0)
108 : [429, 431, 432, 435, 437, 445] (120.0)
109 : [434, 440] (60.0)
110 : [436, 438, 441, 447, 454, 455] (114.0)
111 : [439, 444, 446, 449] (124.0)
112 : [450, 453, 457, 458, 465] (125.0)
113 : [442, 443, 451, 452, 461, 466] (121.0)
114 : [448, 456, 459, 474] (115.0)
115 : [460, 462, 467, 473] (120.0)
116 : [463, 475] (65.0)
117 : [464, 469] (87.0)
118 : [468, 478] (102.0)
119 : [470, 472, 476, 477, 479, 482] (124.0)
120 : [471, 481, 483, 484] (120.0)
121 : [491, 492] (69.0)
122 : [480, 485, 488, 489, 496, 500] (125.0)
123 : [493, 494, 495, 498] (120.0)
124 : [486, 487, 499, 502, 504] (117.0)
125 : [490, 501, 503, 518] (118.0)
126 : [497, 505, 506, 508, 509, 510] (123.0)
127 : [507, 522] (77.0)
128 : [511, 512, 515, 517, 525, 530] (118.0)
129 : [519, 527] (122.0)
130 : [514, 516, 521, 524, 531] (115.0)
131 : [513, 520, 526, 528] (120.0)
132 : [523, 543] (84.0)
133 : [529, 533, 534] (124.0)
134 : [532, 535, 537, 538, 539, 544] (117.0)
135 : [536, 540, 545, 546] (122.0)
136 : [541, 542, 547, 553, 555] (120.0)
137 : [548, 550, 565] (90.0)
138 : [551, 557, 563] (120.0)
139 : [554, 556, 558, 562] (118.0)
140 : [549, 561, 564, 568] (106.0)
141 : [559, 560, 566, 572] (122.0)
142 : [552, 567, 569, 570, 574, 576] (110.0)
143 : [571, 573, 575] (123.0)
144 : [577, 578, 579, 581, 591, 593] (125.0)
145 : [582, 583, 585, 588, 590] (109.0)
146 : [586, 587] (80.0)
147 : [584, 592, 600, 605] (123.0)
148 : [589, 594, 595, 598] (116.0)
149 : [580, 597, 614] (117.0)
150 : [601, 602, 603, 609, 611] (125.0)
151 : [596, 599, 606, 608] (114.0)
152 : [604, 613, 627] (121.0)
153 : [607, 618, 621, 622, 626] (123.0)
154 : [610, 616, 617, 619] (134.0)
155 : [612, 615, 625, 629] (114.0)
156 : [623, 624, 634, 636] (120.0)
157 : [628, 632, 640, 647] (119.0)
158 : [635, 638, 648] (121.0)
159 : [620, 630, 631, 633, 637] (120.0)
160 : [642, 643, 646] (115.0)
161 : [639, 641, 645, 654, 656] (120.0)
162 : [650, 651, 660, 661] (121.0)
163 : [644, 649, 658] (121.0)
164 : [655, 659, 663, 670] (118.0)
165 : [652, 662, 664, 665] (121.0)
166 : [653, 657, 669, 673] (78.0)
167 : [668, 676] (111.0)
168 : [666, 675, 679, 684] (122.0)
169 : [667, 678, 683, 694] (103.0)
170 : [672, 682, 695] (126.0)
171 : [671, 681, 685, 686, 691] (126.0)
172 : [674, 680, 690, 693, 696, 698, 703, 709] (121.0)
173 : [677, 689, 692, 699] (125.0)
174 : [687, 697, 700, 705, 714, 718] (123.0)
175 : [688, 701, 702, 706, 707, 721] (126.0)
176 : [704, 712, 720] (125.0)
177 : [708, 710, 711, 715, 717, 732] (125.0)
178 : [716, 726, 727, 729, 744] (125.0)
179 : [719, 724, 728, 731] (125.0)
180 : [713, 725, 737, 739] (125.0)
181 : [723, 733, 734, 736, 743, 747, 749] (125.0)
182 : [722, 730, 738, 741, 745] (125.0)
183 : [735, 740, 742, 746, 748] (129.0)
