Name: 750-50-100
Time: 34.5306441783905 
Result: 53
Solution:  1 2 0 3 0 1 2 1 2 3 1 3 4 1 4 3 2 4 5 0 4 4 4 4 5 8 9 6 6 8 8 5 8 5 10 10 8 13 9 10 11 10 12 6 12 12 10 9 14 10 13 12 14 12 13 13 11 16 13 15 19 13 15 16 18 15 15 13 13 17 16 18 17 16 18 19 17 16 17 18 21 17 20 20 22 25 20 21 22 22 25 23 21 20 24 25 26 20 22 25 23 24 24 24 25 28 27 23 23 23 28 27 27 27 26 28 24 30 24 27 27 33 30 30 29 27 30 30 28 32 29 32 35 30 30 33 30 31 30 32 30 33 33 31 36 35 30 34 33 32 34 36 31 37 38 38 37 38 40 36 34 36 38 39 36 35 39 38 40 38 42 38 39 38 38 39 43 38 43 40 37 37 42 42 39 38 41 40 42 43 43 44 45 42 44 44 47 41 41 41 46 42 48 45 45 46 44 46 45 45 46 49 50 47 48 44 50 49 45 48 47 50 51 50 47 47 51 50 53 53 49 50 54 50 51 52 53 50 52 49 53 54 51 56 50 52 58 52 55 54 58 56 54 55 55 56 54 56 57 55 55 61 55 57 57 57 60 57 60 59 61 59 58 57 60 62 56 61 60 60 65 62 62 63 64 61 64 63 61 62 64 63 63 62 61 61 61 64 66 64 65 62 65 66 65 65 66 64 63 68 68 66 67 67 67 68 68 70 66 69 67 66 69 69 66 67 73 73 68 69 74 75 72 68 70 72 73 71 72 72 74 72 72 71 71 72 74 74 73 77 78 77 73 76 76 78 75 76 75 79 76 81 78 78 78 79 74 79 77 75 79 79 83 81 79 82 81 81 83 80 83 81 82 81 81 80 81 82 82 81 80 82 85 82 82 84 82 82 85 85 87 86 86 85 85 86 88 86 82 87 87 83 90 86 84 88 91 88 91 86 89 89 86 89 88 90 88 88 91 89 93 92 91 94 91 92 95 95 93 90 94 93 93 93 92 95 93 94 94 93 97 95 93 95 92 96 99 95 96 99 95 97 99 97 97 98 96 97 99 98 99 101 97 100 101 101 99 97 101 98 102 100 97 100 104 103 103 105 102 104 100 102 104 106 103 104 104 105 106 107 103 103 108 109 106 106 105 106 104 105 108 109 107 103 107 107 109 110 107 110 112 110 107 108 113 107 107 110 109 113 111 109 110 111 111 112 113 109 114 113 114 111 112 114 110 113 116 111 114 114 115 116 116 115 112 116 118 117 118 115 120 117 118 117 116 117 120 118 119 121 118 116 120 119 117 120 123 123 121 119 118 118 122 122 119 119 123 125 122 126 125 119 126 127 121 124 122 126 124 122 125 125 122 127 123 124 126 125 122 126 125 129 127 130 123 128 127 128 128 127 129 127 128 126 128 130 131 130 130 130 131 132 133 130 134 131 132 132 132 131 134 133 135 137 129 133 132 133 134 133 135 135 139 138 132 138 139 136 135 135 137 134 138 137 139 137 138 142 138 138 136 139 140 140 136 143 138 139 137 138 140 142 139 142 139 141 142 141 141 144 143 145 141 142 145 147 141 142 144 144 147 145 148 147 144 149 146 146 146 146 146 144 144 148 148 145 148 149 149 145 147 147 150 145 149 150 150 150 151 150 154 153 151 152 151 154 152 153 152 150 152 154 153 149 153 153 153 154 154 154
0 : [2, 4, 19] (55.0)
1 : [0, 5, 7, 10, 13] (54.0)
2 : [1, 6, 8, 16] (54.0)
3 : [3, 9, 11, 15] (56.0)
4 : [12, 14, 17, 20, 21, 22, 23] (83.0)
5 : [18, 24, 31, 33] (51.0)
6 : [27, 28, 43] (55.0)
7 : [] (0.0)
8 : [25, 29, 30, 32, 36] (50.0)
9 : [26, 38, 47] (55.0)
10 : [34, 35, 39, 41, 46, 49] (54.0)
11 : [40, 56] (52.0)
12 : [42, 44, 45, 51, 53] (51.0)
13 : [37, 50, 54, 55, 58, 61, 67, 68] (53.0)
14 : [48, 52] (57.0)
15 : [59, 62, 65, 66] (53.0)
16 : [57, 63, 70, 73, 77] (55.0)
17 : [69, 72, 76, 78, 81] (55.0)
18 : [64, 71, 74, 79] (49.0)
19 : [60, 75] (63.0)
20 : [82, 83, 86, 93, 97] (58.0)
21 : [80, 87, 92] (68.0)
22 : [84, 88, 89, 98] (54.0)
23 : [91, 100, 107, 108, 109] (54.0)
24 : [94, 101, 102, 103, 116, 118] (64.0)
25 : [85, 90, 95, 99, 104] (65.0)
26 : [96, 114] (57.0)
27 : [106, 111, 112, 113, 119, 120, 125] (53.0)
28 : [105, 110, 115, 128] (61.0)
29 : [124, 130] (61.0)
30 : [117, 122, 123, 126, 127, 133, 134, 136, 138, 140, 146] (47.0)
31 : [137, 143, 152] (55.0)
32 : [129, 131, 139, 149] (60.0)
33 : [121, 135, 141, 142, 148] (50.0)
34 : [147, 150, 160] (51.0)
35 : [132, 145, 165] (78.0)
36 : [144, 151, 159, 161, 164] (55.0)
37 : [153, 156, 180, 181] (54.0)
38 : [154, 155, 157, 162, 167, 169, 171, 173, 174, 177, 185] (57.0)
39 : [163, 166, 172, 175, 184] (57.0)
40 : [158, 168, 179, 187] (51.0)
41 : [186, 197, 198, 199] (64.0)
42 : [170, 182, 183, 188, 193, 201] (71.0)
43 : [176, 178, 189, 190] (63.0)
44 : [191, 194, 195, 206, 215] (77.0)
45 : [192, 203, 204, 208, 209, 218] (55.0)
46 : [200, 205, 207, 210] (54.0)
47 : [196, 213, 220, 224, 225] (51.0)
48 : [202, 214, 219] (60.0)
49 : [211, 217, 230, 239] (57.0)
50 : [212, 216, 221, 223, 227, 231, 233, 237, 244] (51.0)
51 : [222, 226, 234, 242] (63.0)
52 : [235, 238, 245, 247] (53.0)
53 : [228, 229, 236, 240] (65.0)
54 : [232, 241, 249, 252, 256] (78.0)
55 : [248, 253, 254, 259, 260, 262] (63.0)
56 : [243, 251, 255, 257, 276] (57.0)
57 : [258, 263, 264, 265, 267, 273] (65.0)
58 : [246, 250, 272] (64.0)
59 : [269, 271] (53.0)
60 : [266, 268, 274, 278, 279] (55.0)
61 : [261, 270, 277, 285, 288, 294, 295, 296] (78.0)
62 : [275, 281, 282, 289, 293, 301] (70.0)
63 : [283, 287, 291, 292, 308] (81.0)
64 : [284, 286, 290, 297, 299, 307] (100.0)
65 : [280, 300, 302, 304, 305] (79.0)
66 : [298, 303, 306, 311, 318, 321, 324] (87.0)
67 : [312, 313, 314, 320, 325] (96.0)
68 : [309, 310, 315, 316, 328, 333] (83.0)
69 : [319, 322, 323, 329] (51.0)
70 : [317, 334] (57.0)
71 : [337, 343, 344] (54.0)
72 : [332, 335, 338, 339, 341, 342, 345] (59.0)
73 : [326, 327, 336, 348, 352] (76.0)
74 : [330, 340, 346, 347, 366] (64.0)
75 : [331, 356, 358, 369] (55.0)
76 : [353, 354, 357, 360] (63.0)
77 : [349, 351, 368] (69.0)
78 : [350, 355, 362, 363, 364] (73.0)
79 : [359, 365, 367, 370, 371, 374] (81.0)
80 : [379, 385, 390] (98.0)
81 : [361, 373, 376, 377, 381, 383, 384, 386, 389] (81.0)
82 : [375, 382, 387, 388, 391, 393, 394, 396, 397, 408] (88.0)
83 : [372, 378, 380, 411] (74.0)
84 : [395, 414] (68.0)
85 : [392, 398, 399, 403, 404] (69.0)
86 : [401, 402, 405, 407, 413, 419, 422] (86.0)
87 : [400, 409, 410] (80.0)
88 : [406, 415, 417, 424, 426, 427] (57.0)
89 : [420, 421, 423, 429] (74.0)
90 : [412, 425, 439] (51.0)
91 : [416, 418, 428, 432, 434] (72.0)
92 : [431, 435, 444, 454] (97.0)
93 : [430, 438, 441, 442, 443, 446, 449, 452] (84.0)
94 : [433, 440, 447, 448] (84.0)
95 : [436, 437, 445, 451, 453, 457, 460] (100.0)
96 : [455, 458, 466] (55.0)
97 : [450, 461, 463, 464, 467, 472, 477, 482] (86.0)
98 : [465, 469, 479] (68.0)
99 : [456, 459, 462, 468, 470, 476] (95.0)
100 : [473, 481, 483, 490] (65.0)
101 : [471, 474, 475, 478] (67.0)
102 : [480, 488, 491] (53.0)
103 : [485, 486, 494, 500, 501, 513] (85.0)
104 : [484, 489, 492, 495, 496, 508] (67.0)
105 : [487, 497, 506, 509] (65.0)
106 : [493, 498, 504, 505, 507] (71.0)
107 : [499, 512, 514, 515, 518, 522, 525, 526] (100.0)
108 : [502, 510, 523] (100.0)
109 : [503, 511, 516, 528, 531, 537] (79.0)
110 : [517, 519, 521, 527, 532, 544] (99.0)
111 : [530, 533, 534, 541, 547] (100.0)
112 : [520, 535, 542, 554] (100.0)
113 : [524, 529, 536, 539, 545] (80.0)
114 : [538, 540, 543, 548, 549] (100.0)
115 : [550, 553, 559] (96.0)
116 : [546, 551, 552, 555, 564, 571] (67.0)
117 : [557, 561, 563, 565, 574] (69.0)
118 : [556, 558, 562, 567, 570, 580, 581] (97.0)
119 : [568, 573, 579, 584, 585, 591] (85.0)
120 : [560, 566, 572, 575] (66.0)
121 : [569, 578, 594] (96.0)
122 : [582, 583, 588, 596, 599, 602, 608] (75.0)
123 : [576, 577, 586, 604, 614] (100.0)
124 : [595, 598, 605] (100.0)
125 : [587, 590, 600, 601, 607, 610] (100.0)
126 : [589, 592, 597, 606, 609, 623] (75.0)
127 : [593, 603, 612, 616, 619, 621] (89.0)
128 : [615, 617, 618, 622, 624] (81.0)
129 : [611, 620, 644] (99.0)
130 : [613, 625, 627, 628, 629, 633] (90.0)
131 : [626, 630, 635, 639] (69.0)
132 : [631, 636, 637, 638, 646, 654] (94.0)
133 : [632, 641, 645, 647, 649] (81.0)
134 : [634, 640, 648, 661] (99.0)
135 : [642, 650, 651, 658, 659] (97.0)
136 : [657, 670, 674] (64.0)
137 : [643, 660, 663, 665, 678] (91.0)
138 : [653, 655, 662, 666, 668, 669, 676, 679] (100.0)
139 : [652, 656, 664, 671, 677, 682, 684] (97.0)
140 : [672, 673, 680] (66.0)
141 : [685, 687, 688, 692, 696] (96.0)
142 : [667, 681, 683, 686, 693, 697] (100.0)
143 : [675, 690] (92.0)
144 : [689, 698, 699, 704, 711, 712] (95.0)
145 : [691, 694, 701, 715, 719, 723] (95.0)
146 : [706, 707, 708, 709, 710] (99.0)
147 : [695, 700, 703, 720, 721] (98.0)
148 : [702, 713, 714, 716] (99.0)
149 : [705, 717, 718, 724, 743] (100.0)
150 : [722, 725, 726, 727, 729, 739] (99.0)
151 : [728, 732, 734] (100.0)
152 : [733, 736, 738, 740] (96.0)
153 : [731, 737, 742, 744, 745, 746] (99.0)
154 : [730, 735, 741, 747, 748, 749] (81.0)
