Name: 750-20-30
Time: 37.07312774658203 
Result: 13
Solution:  0 0 2 0 2 1 1 1 2 5 4 0 5 1 3 2 4 5 4 4 5 6 2 3 8 9 7 6 6 6 8 6 7 6 10 7 9 9 10 8 8 13 7 10 10 11 10 11 11 8 12 16 11 16 13 16 13 14 13 16 12 13 13 13 17 16 13 16 13 15 13 16 16 17 17 15 17 20 14 16 14 17 19 21 18 18 19 22 15 19 20 17 19 20 21 22 20 20 23 18 18 22 23 24 23 21 23 22 23 20 25 24 22 25 24 21 26 22 22 24 29 26 26 25 25 28 27 28 26 24 26 25 28 28 26 27 29 29 27 28 32 33 29 31 27 30 33 33 29 30 32 33 33 29 30 31 33 35 33 33 35 31 36 35 32 34 35 36 36 33 34 35 36 36 35 39 38 36 35 37 36 41 38 39 38 40 40 39 42 37 40 41 38 38 39 44 38 39 40 41 43 38 39 41 42 42 40 40 46 43 45 43 41 40 46 45 46 44 46 44 44 49 46 47 45 47 47 47 47 48 48 47 46 49 48 51 48 49 49 51 50 50 49 49 50 54 50 49 54 47 51 55 49 52 52 53 53 55 53 55 54 54 50 52 53 55 55 54 53 56 59 57 53 56 53 60 61 57 56 57 58 59 58 58 57 58 62 63 58 59 59 62 60 61 56 60 61 62 61 62 65 63 61 66 60 61 64 63 64 61 63 65 61 64 67 62 65 62 65 66 63 64 66 63 66 69 67 67 64 68 71 64 68 66 68 71 68 67 66 66 68 67 71 69 70 70 74 74 69 72 73 70 71 75 71 69 72 71 73 74 71 74 74 74 74 75 74 75 74 76 73 78 76 77 75 77 77 76 79 77 76 79 78 74 78 78 76 79 81 81 80 81 79 78 81 80 80 81 80 82 82 81 81 83 83 83 82 85 85 86 83 84 83 84 85 86 86 84 87 86 87 83 84 87 84 88 87 91 87 86 88 87 87 90 89 90 86 88 91 89 91 90 91 90 89 89 92 91 93 95 92 89 93 94 92 95 94 93 97 94 94 93 91 91 93 99 97 94 95 95 94 96 97 94 96 97 97 96 98 97 95 98 100 98 99 98 96 96 100 100 98 97 101 100 101 103 104 98 100 100 101 102 101 103 104 102 107 107 101 102 102 101 107 105 104 102 105 107 105 106 108 108 110 103 105 108 103 107 105 108 109 106 109 106 108 107 109 109 108 108 111 110 111 110 111 109 112 108 110 113 112 112 112 110 114 109 116 113 115 113 112 116 112 113 112 117 112 112 113 115 114 115 116 116 115 117 115 116 114 113 119 118 114 121 120 120 120 116 118 122 119 123 121 123 120 124 118 123 121 121 118 121 121 122 120 123 121 124 125 122 128 124 122 122 123 125 125 122 127 124 126 123 126 127 127 128 130 129 123 127 126 128 130 125 128 129 127 129 129 129 131 131 131 131 128 130 131 130 128 132 132 133 135 131 132 134 133 131 131 135 133 133 135 130 137 137 133 134 136 134 139 137 134 133 134 137 136 134 137 136 137 138 139 136 138 135 140 138 140 140 140 140 142 139 139 142 142 145 141 138 144 143 143 143 145 145 145 144 144 141 146 145 145 145 144 145 143 142 147 141 143 147 146 144 147 151 148 146 146 148 148 147 147 149 149 146 150 148 147 150 146 150 151 151 149 151 149 148 151 150
0 : [0, 1, 3, 11] (21.0)
1 : [5, 6, 7, 13] (20.0)
2 : [2, 4, 8, 15, 22] (19.0)
3 : [14, 23] (20.0)
4 : [10, 16, 18, 19] (20.0)
5 : [9, 12, 17, 20] (19.0)
6 : [21, 27, 28, 29, 31, 33] (18.0)
7 : [26, 32, 35, 42] (21.0)
8 : [24, 30, 39, 40, 49] (19.0)
9 : [25, 36, 37] (24.0)
10 : [34, 38, 43, 44, 46] (20.0)
11 : [45, 47, 48, 52] (21.0)
12 : [50, 60] (25.0)
13 : [41, 54, 56, 58, 61, 62, 63, 66, 68, 70] (20.0)
14 : [57, 78, 80] (27.0)
15 : [69, 75, 88] (22.0)
16 : [51, 53, 55, 59, 65, 67, 71, 72, 79] (20.0)
17 : [64, 73, 74, 76, 81, 91] (20.0)
18 : [84, 85, 99, 100] (21.0)
19 : [82, 86, 89, 92] (22.0)
20 : [77, 90, 93, 96, 97, 109] (23.0)
21 : [83, 94, 105, 115] (22.0)
22 : [87, 95, 101, 107, 112, 117, 118] (20.0)
23 : [98, 102, 104, 106, 108] (22.0)
24 : [103, 111, 114, 119, 129] (22.0)
25 : [110, 113, 123, 124, 131] (21.0)
26 : [116, 121, 122, 128, 130, 134] (20.0)
27 : [126, 135, 138, 144] (21.0)
28 : [125, 127, 132, 133, 139] (21.0)
29 : [120, 136, 137, 142, 148, 153] (23.0)
30 : [145, 149, 154] (24.0)
31 : [143, 155, 161] (22.0)
32 : [140, 150, 164] (20.0)
33 : [141, 146, 147, 151, 152, 156, 158, 159, 169] (20.0)
34 : [165, 170] (20.0)
35 : [157, 160, 163, 166, 171, 174, 178] (18.0)
36 : [162, 167, 168, 172, 173, 177, 180] (19.0)
37 : [179, 189] (21.0)
38 : [176, 182, 184, 192, 193, 196, 201] (20.0)
39 : [175, 183, 187, 194, 197, 202] (21.0)
40 : [185, 186, 190, 198, 206, 207, 213] (20.0)
41 : [181, 191, 199, 203, 212] (21.0)
42 : [188, 204, 205] (21.0)
43 : [200, 209, 211] (20.0)
44 : [195, 217, 219, 220] (25.0)
45 : [210, 215, 224] (26.0)
46 : [208, 214, 216, 218, 222, 232] (21.0)
47 : [223, 225, 226, 227, 228, 231, 249] (26.0)
48 : [229, 230, 234, 236] (22.0)
49 : [221, 233, 237, 238, 242, 243, 247, 252] (22.0)
50 : [240, 241, 244, 246, 262] (23.0)
51 : [235, 239, 250] (20.0)
52 : [253, 254, 263] (21.0)
53 : [255, 256, 258, 264, 268, 272, 274] (24.0)
54 : [245, 248, 260, 261, 267] (24.0)
55 : [251, 257, 259, 265, 266] (24.0)
56 : [269, 273, 278, 294] (21.0)
57 : [271, 277, 279, 284] (25.0)
58 : [280, 282, 283, 285, 288] (24.0)
59 : [270, 281, 289, 290] (21.0)
60 : [275, 292, 295, 304] (24.0)
61 : [276, 293, 296, 298, 302, 305, 309, 312] (30.0)
62 : [286, 291, 297, 299, 315, 317] (23.0)
63 : [287, 301, 307, 310, 320, 323] (29.0)
64 : [306, 308, 313, 321, 328, 331] (24.0)
65 : [300, 311, 316, 318] (25.0)
66 : [303, 319, 322, 324, 333, 338, 339] (30.0)
67 : [314, 326, 327, 337, 341] (24.0)
68 : [329, 332, 334, 336, 340] (27.0)
69 : [325, 343, 348, 355] (29.0)
70 : [344, 345, 351] (24.0)
71 : [330, 335, 342, 352, 354, 357, 360] (21.0)
72 : [349, 356] (20.0)
73 : [350, 358, 370] (20.0)
74 : [346, 347, 359, 361, 362, 363, 364, 366, 368, 383] (30.0)
75 : [353, 365, 367, 374] (26.0)
76 : [369, 372, 377, 380, 386] (30.0)
77 : [373, 375, 376, 379] (24.0)
78 : [371, 382, 384, 385, 393] (21.0)
79 : [378, 381, 387, 392] (23.0)
80 : [390, 395, 396, 398] (25.0)
81 : [388, 389, 391, 394, 397, 401, 402] (21.0)
82 : [399, 400, 406] (22.0)
83 : [403, 404, 405, 410, 412, 421] (29.0)
84 : [411, 413, 417, 422, 424] (25.0)
85 : [407, 408, 414] (22.0)
86 : [409, 415, 416, 419, 429, 436] (25.0)
87 : [418, 420, 423, 426, 428, 431, 432] (27.0)
88 : [425, 430, 437] (25.0)
89 : [434, 439, 444, 445, 451] (30.0)
90 : [433, 435, 441, 443] (25.0)
91 : [427, 438, 440, 442, 447, 462, 463] (28.0)
92 : [446, 450, 454] (26.0)
93 : [448, 452, 457, 461, 464] (30.0)
94 : [453, 456, 459, 460, 467, 470, 473] (28.0)
95 : [449, 455, 468, 469, 480] (24.0)
96 : [471, 474, 477, 486, 487] (25.0)
97 : [458, 466, 472, 475, 476, 479, 491] (25.0)
98 : [478, 481, 483, 485, 490, 497] (30.0)
99 : [465, 484] (31.0)
100 : [482, 488, 489, 493, 498, 499] (28.0)
101 : [492, 494, 500, 502, 508, 511] (29.0)
102 : [501, 505, 509, 510, 515] (30.0)
103 : [495, 503, 523, 526] (30.0)
104 : [496, 504, 514] (23.0)
105 : [513, 516, 518, 524, 528] (27.0)
106 : [519, 531, 533] (29.0)
107 : [506, 507, 512, 517, 527, 535] (30.0)
108 : [520, 521, 525, 529, 534, 538, 539, 547] (29.0)
109 : [530, 532, 536, 537, 545, 555] (30.0)
110 : [522, 541, 543, 548, 553] (24.0)
111 : [540, 542, 544] (21.0)
112 : [546, 550, 551, 552, 560, 562, 564, 566, 567] (29.0)
113 : [549, 557, 559, 563, 568, 579] (30.0)
114 : [554, 570, 578, 582] (30.0)
115 : [558, 569, 571, 574, 576] (30.0)
116 : [556, 561, 572, 573, 577, 587] (29.0)
117 : [565, 575] (29.0)
118 : [581, 588, 596, 600] (26.0)
119 : [580, 590] (27.0)
120 : [584, 585, 586, 594, 604] (29.0)
121 : [583, 592, 598, 599, 601, 602, 606] (30.0)
122 : [589, 603, 609, 612, 613, 617] (29.0)
123 : [591, 593, 597, 605, 614, 621, 628] (29.0)
124 : [595, 607, 611, 619] (30.0)
125 : [608, 615, 616, 633] (26.0)
126 : [620, 622, 630] (28.0)
127 : [618, 623, 624, 629, 636] (30.0)
128 : [610, 625, 631, 634, 644, 648] (29.0)
129 : [627, 635, 637, 638, 639] (27.0)
130 : [626, 632, 645, 647, 663] (30.0)
131 : [640, 641, 642, 643, 646, 653, 657, 658] (30.0)
132 : [649, 650, 654] (24.0)
133 : [651, 656, 660, 661, 666, 673] (30.0)
134 : [655, 667, 669, 672, 674, 677] (30.0)
135 : [652, 659, 662, 685] (30.0)
136 : [668, 676, 679, 683] (28.0)
137 : [664, 665, 671, 675, 678, 680] (30.0)
138 : [681, 684, 687, 699] (30.0)
139 : [670, 682, 693, 694] (30.0)
140 : [686, 688, 689, 690, 691] (27.0)
141 : [698, 709, 719] (30.0)
142 : [692, 695, 696, 717] (29.0)
143 : [701, 702, 703, 716, 720] (30.0)
144 : [700, 707, 708, 714, 723] (28.0)
145 : [697, 704, 705, 706, 711, 712, 713, 715] (27.0)
146 : [710, 722, 727, 728, 735, 740] (30.0)
147 : [718, 721, 724, 731, 732, 738] (30.0)
148 : [726, 729, 730, 737, 747] (31.0)
149 : [733, 734, 744, 746] (30.0)
150 : [736, 739, 741, 749] (31.0)
151 : [725, 742, 743, 745, 748] (31.0)
