Name: 750-30-50
Time: 35.18418860435486 
Result: 26
Solution:  0 2 1 0 2 1 0 4 3 2 2 0 4 1 3 2 5 6 3 2 6 5 2 3 7 6 10 9 7 10 6 6 5 8 9 4 11 9 8 9 8 10 10 11 14 11 8 10 14 10 15 12 12 14 16 14 11 14 14 17 16 16 16 15 18 16 14 15 20 20 17 17 19 18 19 16 20 18 19 18 22 22 20 21 18 21 23 23 21 22 22 20 20 24 23 23 24 27 20 21 26 22 27 25 26 27 26 25 28 26 27 27 27 29 29 28 30 29 31 29 32 27 29 29 30 34 33 32 30 33 34 31 32 34 33 30 38 35 34 34 35 35 36 35 34 39 36 34 38 40 34 37 41 39 36 37 39 41 36 40 41 40 42 36 43 41 43 41 41 45 45 42 44 41 43 40 42 46 43 45 45 41 47 47 45 47 48 46 44 44 47 46 49 52 50 48 50 50 52 49 50 50 50 52 53 48 52 49 51 50 54 54 50 56 52 56 52 56 51 50 52 54 56 51 55 53 54 55 55 55 55 57 57 57 55 57 57 59 57 53 58 61 59 56 59 58 61 59 59 59 59 62 57 63 60 62 58 61 61 62 63 64 62 63 62 64 63 63 65 63 65 63 66 64 60 66 66 65 65 67 65 68 69 62 68 67 68 70 65 66 68 70 66 67 66 69 73 69 70 68 71 69 70 71 69 73 71 70 73 71 73 69 68 70 72 75 73 72 73 75 74 74 73 75 73 79 73 74 73 75 77 74 80 76 79 76 76 78 77 77 76 78 76 78 82 77 78 82 76 80 80 77 79 77 81 84 82 83 84 85 84 80 82 82 81 84 83 83 79 85 84 85 87 82 83 86 82 86 82 87 86 89 87 85 89 84 83 85 86 86 89 88 86 88 90 89 92 90 89 91 89 93 90 93 90 88 90 91 92 91 92 92 94 89 93 91 93 95 92 92 92 92 95 94 93 98 95 94 92 95 98 94 97 95 96 97 96 94 97 95 101 95 96 96 97 102 99 100 100 99 100 100 100 103 99 100 101 98 102 101 102 102 100 103 104 103 102 106 105 103 104 104 104 106 102 105 108 103 102 105 107 106 107 107 107 108 105 105 109 110 110 104 106 106 106 109 106 105 111 113 108 110 106 107 108 112 113 113 109 109 115 114 111 115 112 113 111 114 113 111 116 113 114 112 115 116 118 115 111 119 116 114 114 115 118 114 117 119 116 116 121 118 118 117 118 119 119 116 122 117 116 120 121 124 121 121 123 121 122 119 122 123 120 124 123 122 122 125 119 123 124 123 123 123 124 128 125 125 125 128 126 126 128 125 127 130 127 127 129 125 129 132 129 125 127 132 131 127 127 127 134 131 130 126 126 130 132 131 130 129 133 132 131 134 132 137 135 135 130 134 131 134 130 131 133 133 132 135 135 135 133 136 138 138 136 137 140 138 140 138 139 138 140 137 137 139 136 139 139 140 136 136 137 140 141 141 140 143 139 141 142 142 144 142 145 143 144 144 144 144 142 145 143 143 143 149 143 145 147 145 146 146 147 146 146 147 145 144 146 147 150 144 147 147 148 148 150 147 150 153 149 151 150 150 150 152 150 149 150 154 155 151 156 151 153 151 150 151 153 153 154 152 153 153 152 158 157 152 156 159 156 155 158 155 155 156 158 156 159 157 157 159 156 158 158 158 159 159 159 159
0 : [0, 3, 6, 11] (33.0)
1 : [2, 5, 13] (29.0)
2 : [1, 4, 9, 10, 15, 19, 22] (30.0)
3 : [8, 14, 18, 23] (32.0)
4 : [7, 12, 35] (35.0)
5 : [16, 21, 32] (35.0)
6 : [17, 20, 25, 30, 31] (32.0)
7 : [24, 28] (30.0)
8 : [33, 38, 40, 46] (33.0)
9 : [27, 34, 37, 39] (30.0)
10 : [26, 29, 41, 42, 47, 49] (30.0)
11 : [36, 43, 45, 56] (30.0)
12 : [51, 52] (33.0)
13 : [] (0.0)
14 : [44, 48, 53, 55, 57, 58, 66] (32.0)
15 : [50, 63, 67] (35.0)
16 : [54, 60, 61, 62, 65, 75] (30.0)
17 : [59, 70, 71] (31.0)
18 : [64, 73, 77, 79, 84] (32.0)
19 : [72, 74, 78] (31.0)
20 : [68, 69, 76, 82, 91, 92, 98] (31.0)
21 : [83, 85, 88, 99] (34.0)
22 : [80, 81, 89, 90, 101] (31.0)
23 : [86, 87, 94, 95] (38.0)
24 : [93, 96] (35.0)
25 : [103, 107] (42.0)
26 : [100, 104, 106, 109] (30.0)
27 : [97, 102, 105, 110, 111, 112, 121] (27.0)
28 : [108, 115] (40.0)
29 : [113, 114, 117, 119, 122, 123] (27.0)
30 : [116, 124, 128, 135] (31.0)
31 : [118, 131] (30.0)
32 : [120, 127, 132] (37.0)
33 : [126, 129, 134] (31.0)
34 : [125, 130, 133, 138, 139, 144, 147, 150] (29.0)
35 : [137, 140, 141, 143] (29.0)
36 : [142, 146, 154, 158, 163] (30.0)
37 : [151, 155] (34.0)
38 : [136, 148] (40.0)
39 : [145, 153, 156] (39.0)
40 : [149, 159, 161, 175] (30.0)
41 : [152, 157, 160, 165, 167, 168, 173, 181] (36.0)
42 : [162, 171, 176] (32.0)
43 : [164, 166, 174, 178] (36.0)
44 : [172, 188, 189] (34.0)
45 : [169, 170, 179, 180, 184] (33.0)
46 : [177, 187, 191] (39.0)
47 : [182, 183, 185, 190] (35.0)
48 : [186, 195, 205] (31.0)
49 : [192, 199, 207] (35.0)
50 : [194, 196, 197, 200, 201, 202, 209, 212, 219] (33.0)
51 : [208, 218, 223] (31.0)
52 : [193, 198, 203, 206, 214, 216, 220] (31.0)
53 : [204, 225, 239] (39.0)
54 : [210, 211, 221, 226] (48.0)
55 : [224, 227, 228, 229, 230, 234] (44.0)
56 : [213, 215, 217, 222, 243] (42.0)
57 : [231, 232, 233, 235, 236, 238, 252] (41.0)
58 : [240, 245, 256] (34.0)
59 : [237, 242, 244, 247, 248, 249, 250] (42.0)
60 : [254, 274] (38.0)
61 : [241, 246, 257, 258] (32.0)
62 : [251, 255, 259, 262, 264, 283] (32.0)
63 : [253, 260, 263, 266, 267, 269, 271] (42.0)
64 : [261, 265, 273] (34.0)
65 : [268, 270, 277, 278, 280, 288] (34.0)
66 : [272, 275, 276, 289, 292, 294] (40.0)
67 : [279, 285, 293] (35.0)
68 : [281, 284, 286, 290, 299, 312] (41.0)
69 : [282, 295, 297, 301, 304, 311] (33.0)
70 : [287, 291, 298, 302, 307, 313] (47.0)
71 : [300, 303, 306, 309] (46.0)
72 : [314, 317] (32.0)
73 : [296, 305, 308, 310, 316, 318, 322, 324, 326, 328] (44.0)
74 : [320, 321, 327, 331] (42.0)
75 : [315, 319, 323, 329] (36.0)
76 : [333, 335, 336, 340, 342, 348] (37.0)
77 : [330, 338, 339, 345, 351, 353] (43.0)
78 : [337, 341, 343, 346] (38.0)
79 : [325, 334, 352, 368] (39.0)
80 : [332, 349, 350, 361] (49.0)
81 : [354, 364] (35.0)
82 : [344, 347, 356, 362, 363, 373, 376, 378] (33.0)
83 : [357, 366, 367, 374, 386] (40.0)
84 : [355, 358, 360, 365, 370, 385] (43.0)
85 : [359, 369, 371, 383, 387] (48.0)
86 : [375, 377, 380, 388, 389, 392] (50.0)
87 : [372, 379, 382] (46.0)
88 : [391, 393, 405] (49.0)
89 : [381, 384, 390, 395, 398, 400, 413] (50.0)
90 : [394, 397, 402, 404, 406] (41.0)
91 : [399, 407, 409, 415] (49.0)
92 : [396, 408, 410, 411, 418, 419, 420, 421, 428] (46.0)
93 : [401, 403, 414, 416, 424] (42.0)
94 : [412, 423, 427, 431, 437] (32.0)
95 : [417, 422, 426, 429, 433, 439, 441] (36.0)
96 : [434, 436, 442, 443] (32.0)
97 : [432, 435, 438, 444] (35.0)
98 : [425, 430, 457] (46.0)
99 : [446, 449, 454] (50.0)
100 : [447, 448, 450, 451, 452, 455, 462] (46.0)
101 : [440, 456, 459] (39.0)
102 : [445, 458, 460, 461, 466, 474, 478] (49.0)
103 : [453, 463, 465, 469, 477] (47.0)
104 : [464, 470, 471, 472, 491] (44.0)
105 : [468, 475, 479, 486, 487, 497] (43.0)
106 : [467, 473, 481, 492, 493, 494, 496, 502] (47.0)
107 : [480, 482, 483, 484, 503] (50.0)
108 : [476, 485, 500, 504] (44.0)
109 : [488, 495, 508, 509] (49.0)
110 : [489, 490, 501] (45.0)
111 : [498, 512, 516, 519, 528] (42.0)
112 : [505, 514, 523] (35.0)
113 : [499, 506, 507, 515, 518, 521] (50.0)
114 : [511, 517, 522, 531, 532, 535] (43.0)
115 : [510, 513, 524, 527, 533] (47.0)
116 : [520, 525, 530, 538, 539, 547, 550] (49.0)
117 : [536, 543, 549] (41.0)
118 : [526, 534, 541, 542, 544] (44.0)
119 : [529, 537, 545, 546, 559, 568] (48.0)
120 : [551, 562] (35.0)
121 : [540, 552, 554, 555, 557] (48.0)
122 : [548, 558, 560, 565, 566] (50.0)
123 : [556, 561, 564, 569, 571, 572, 573] (50.0)
124 : [553, 563, 570, 574] (50.0)
125 : [567, 576, 577, 578, 583, 589, 593] (50.0)
126 : [580, 581, 603, 604] (45.0)
127 : [584, 586, 587, 594, 597, 598, 599] (50.0)
128 : [575, 579, 582] (49.0)
129 : [588, 590, 592, 609] (50.0)
130 : [585, 602, 605, 608, 618, 622] (50.0)
131 : [596, 601, 607, 612, 620, 623] (50.0)
132 : [591, 595, 606, 611, 614, 626] (50.0)
133 : [610, 624, 625, 630] (49.0)
134 : [600, 613, 619, 621] (41.0)
135 : [616, 617, 627, 628, 629] (50.0)
136 : [631, 634, 646, 650, 651] (43.0)
137 : [615, 635, 643, 644, 652] (44.0)
138 : [632, 633, 637, 639, 641] (47.0)
139 : [640, 645, 647, 648, 658] (50.0)
140 : [636, 638, 642, 649, 653, 656] (48.0)
141 : [654, 655, 659] (50.0)
142 : [660, 661, 663, 670] (50.0)
143 : [657, 665, 672, 673, 674, 676] (50.0)
144 : [662, 666, 667, 668, 669, 687, 691] (44.0)
145 : [664, 671, 677, 679, 686] (50.0)
146 : [680, 681, 683, 684, 688] (50.0)
147 : [678, 682, 685, 689, 692, 693, 697] (50.0)
148 : [694, 695] (51.0)
149 : [675, 700, 707] (53.0)
150 : [690, 696, 698, 702, 703, 704, 706, 708, 716] (50.0)
151 : [701, 711, 713, 715, 717] (50.0)
152 : [705, 721, 724, 727] (50.0)
153 : [699, 714, 718, 719, 722, 723] (50.0)
154 : [709, 720] (51.0)
155 : [710, 731, 733, 734] (49.0)
156 : [712, 728, 730, 735, 737, 742] (50.0)
157 : [726, 739, 740] (50.0)
158 : [725, 732, 736, 743, 744, 745] (49.0)
159 : [729, 738, 741, 746, 747, 748, 749] (49.0)
