Name: 750-40-75
Time: 34.45139479637146 
Result: 38
Solution:  2 3 0 1 0 3 2 2 0 3 3 1 3 2 4 3 1 3 4 1 5 7 7 5 8 6 8 6 9 5 7 5 9 9 10 11 7 6 7 8 10 10 12 8 8 7 14 13 13 14 11 13 12 13 11 12 11 17 15 15 19 13 17 14 18 17 19 15 15 15 15 18 20 19 17 21 22 17 19 18 23 22 19 20 21 22 17 21 20 23 22 24 23 22 23 26 26 23 22 23 25 25 24 22 27 25 24 29 30 24 30 30 28 31 29 28 32 29 29 29 30 33 30 28 32 32 33 27 31 30 30 35 35 33 32 29 37 37 31 36 33 37 35 36 35 37 36 37 34 37 37 37 37 37 41 38 41 37 41 42 38 39 38 40 41 43 42 39 44 40 39 41 40 43 44 43 44 42 43 43 48 45 43 46 49 44 48 46 47 47 48 45 46 47 48 48 49 51 47 49 53 50 52 46 52 50 50 52 52 51 52 52 54 51 52 56 53 51 54 50 56 54 55 56 55 54 55 55 56 56 57 59 58 58 55 56 58 59 61 55 60 61 62 60 58 61 60 58 64 59 57 63 62 61 61 62 60 62 62 59 62 63 62 63 63 62 62 64 63 65 64 65 66 65 66 68 68 62 67 65 67 65 67 64 68 68 72 68 66 70 66 69 70 66 73 71 68 70 74 70 71 71 69 71 72 71 70 75 68 72 70 73 71 72 72 74 74 73 77 76 74 75 75 77 75 77 77 76 76 76 75 78 77 78 74 79 77 80 79 78 77 78 78 77 79 81 83 83 83 79 80 80 85 82 79 80 82 81 79 86 87 83 80 86 83 84 81 84 84 82 85 83 85 86 84 86 88 87 84 88 83 84 89 86 88 87 88 92 91 87 89 90 92 89 88 92 88 91 90 86 95 93 90 95 92 93 92 93 93 89 96 93 89 96 97 94 92 93 95 94 95 95 95 98 95 96 94 96 94 98 93 96 97 98 98 98 100 97 97 102 97 99 98 101 99 101 100 100 100 100 101 104 103 103 97 103 101 103 100 99 103 103 99 104 101 104 106 104 103 106 105 105 104 102 103 109 108 108 109 107 107 107 104 109 109 106 109 109 108 105 106 109 110 109 107 111 107 110 110 111 110 112 112 109 111 110 111 110 114 112 112 112 113 114 113 117 114 115 114 113 112 113 113 115 116 116 114 117 116 116 118 117 115 118 117 115 118 117 121 119 119 119 118 119 119 120 122 121 123 120 122 121 117 121 120 121 121 122 123 121 123 121 119 122 125 124 126 122 123 122 125 124 125 125 127 128 127 126 127 128 128 129 129 129 129 131 129 124 127 127 126 128 129 130 126 131 130 133 127 129 131 133 128 130 130 132 132 130 131 135 135 133 135 133 135 138 134 134 132 133 134 133 135 134 134 133 140 136 134 133 136 136 136 138 137 140 138 137 138 137 138 137 141 139 137 142 140 138 141 140 141 141 142 141 143 140 143 139 140 144 143 143 143 140 145 141 142 146 142 144 146 145 147 145 146 147 144 146 145 143 144 145 147 148 145 152 145 148 150 148 149 151 148 149 150 154 146 150 149 152 149 150 151 150 151 149 153 155 151 152 150 155 155 154 153 154 153 151 153 153 155 152 156 155 154 156 158 157 158 157 157 160 160 156 156 156 158 158 156 160 159 159 155 158 160 159 158 158 159 158
0 : [2, 4, 8] (43.0)
1 : [3, 11, 16, 19] (40.0)
2 : [0, 6, 7, 13] (39.0)
3 : [1, 5, 9, 10, 12, 15, 17] (40.0)
4 : [14, 18] (40.0)
5 : [20, 23, 29, 31] (40.0)
6 : [25, 27, 37] (45.0)
7 : [21, 22, 30, 36, 38, 45] (42.0)
8 : [24, 26, 39, 43, 44] (44.0)
9 : [28, 32, 33] (47.0)
10 : [34, 40, 41] (42.0)
11 : [35, 50, 54, 56] (49.0)
12 : [42, 52, 55] (43.0)
13 : [47, 48, 51, 53, 61] (42.0)
14 : [46, 49, 63] (41.0)
15 : [58, 59, 67, 68, 69, 70] (58.0)
16 : [] (0.0)
17 : [57, 62, 65, 74, 77, 86] (42.0)
18 : [64, 71, 79] (43.0)
19 : [60, 66, 73, 78, 82] (45.0)
20 : [72, 83, 88] (41.0)
21 : [75, 84, 87] (46.0)
22 : [76, 81, 85, 90, 93, 98, 103] (40.0)
23 : [80, 89, 92, 94, 97, 99] (41.0)
24 : [91, 102, 106, 109] (49.0)
25 : [100, 101, 105] (42.0)
26 : [95, 96] (52.0)
27 : [104, 127] (47.0)
28 : [112, 115, 123] (49.0)
29 : [107, 114, 117, 118, 119, 135] (55.0)
30 : [108, 110, 111, 120, 122, 129, 130] (70.0)
31 : [113, 128, 138] (43.0)
32 : [116, 124, 125, 134] (41.0)
33 : [121, 126, 133, 140] (45.0)
34 : [148] (41.0)
35 : [131, 132, 142, 144] (61.0)
36 : [139, 143, 146] (44.0)
37 : [136, 137, 141, 145, 147, 149, 150, 151, 152, 153, 157] (40.0)
38 : [155, 160, 162] (42.0)
39 : [161, 167, 170] (48.0)
40 : [163, 169, 172] (52.0)
41 : [154, 156, 158, 164, 171] (56.0)
42 : [159, 166, 177] (50.0)
43 : [165, 173, 175, 178, 179, 182] (51.0)
44 : [168, 174, 176, 185] (40.0)
45 : [181, 191] (45.0)
46 : [183, 187, 192, 203] (45.0)
47 : [188, 189, 193, 198] (46.0)
48 : [180, 186, 190, 194, 195] (42.0)
49 : [184, 196, 199] (54.0)
50 : [201, 205, 206, 219] (49.0)
51 : [197, 209, 213, 217] (52.0)
52 : [202, 204, 207, 208, 210, 211, 214] (61.0)
53 : [200, 216] (49.0)
54 : [212, 218, 221, 225] (57.0)
55 : [222, 224, 226, 227, 234, 239] (56.0)
56 : [215, 220, 223, 228, 229, 235] (67.0)
57 : [230, 250] (45.0)
58 : [232, 233, 236, 244, 247] (45.0)
59 : [231, 237, 249, 259] (46.0)
60 : [240, 243, 246, 256] (42.0)
61 : [238, 241, 245, 253, 254] (42.0)
62 : [242, 252, 255, 257, 258, 260, 262, 265, 266, 277] (48.0)
63 : [251, 261, 263, 264, 268] (69.0)
64 : [248, 267, 270, 283] (42.0)
65 : [269, 271, 273, 279, 281] (44.0)
66 : [272, 274, 288, 290, 293] (47.0)
67 : [278, 280, 282] (50.0)
68 : [275, 276, 284, 285, 287, 296, 308] (50.0)
69 : [291, 302] (42.0)
70 : [289, 292, 297, 299, 306, 310] (70.0)
71 : [295, 300, 301, 303, 305, 312] (52.0)
72 : [286, 304, 309, 313, 314] (70.0)
73 : [294, 311, 317] (44.0)
74 : [298, 315, 316, 320, 334] (60.0)
75 : [307, 321, 322, 324, 330] (59.0)
76 : [319, 327, 328, 329] (61.0)
77 : [318, 323, 325, 326, 332, 336, 340, 343] (71.0)
78 : [331, 333, 339, 341, 342] (48.0)
79 : [335, 338, 344, 349, 354, 358] (55.0)
80 : [337, 350, 351, 355, 362] (61.0)
81 : [345, 357, 366] (54.0)
82 : [353, 356, 369] (50.0)
83 : [346, 347, 348, 361, 364, 371, 380] (57.0)
84 : [365, 367, 368, 374, 378, 381] (47.0)
85 : [352, 370, 372] (47.0)
86 : [359, 363, 373, 375, 383, 399] (55.0)
87 : [360, 377, 385, 389] (50.0)
88 : [376, 379, 384, 386, 394, 396] (75.0)
89 : [382, 390, 393, 409, 412] (52.0)
90 : [391, 398, 402] (44.0)
91 : [388, 397] (43.0)
92 : [387, 392, 395, 404, 406, 416] (64.0)
93 : [401, 405, 407, 408, 411, 417, 430] (75.0)
94 : [415, 419, 426, 428] (48.0)
95 : [400, 403, 418, 420, 421, 422, 424] (62.0)
96 : [410, 413, 425, 427, 431] (72.0)
97 : [414, 432, 437, 438, 440, 454] (75.0)
98 : [423, 429, 433, 434, 435, 442] (75.0)
99 : [441, 444, 459, 462] (66.0)
100 : [436, 446, 447, 448, 449, 458] (57.0)
101 : [443, 445, 450, 456, 464] (54.0)
102 : [439, 473] (52.0)
103 : [452, 453, 455, 457, 460, 461, 468, 474] (75.0)
104 : [451, 463, 465, 467, 472, 482] (65.0)
105 : [470, 471, 489] (59.0)
106 : [466, 469, 485, 490] (53.0)
107 : [479, 480, 481, 494, 496] (74.0)
108 : [476, 477, 488] (48.0)
109 : [475, 478, 483, 484, 486, 487, 491, 493, 503] (64.0)
110 : [492, 497, 498, 500, 505, 507] (55.0)
111 : [495, 499, 504, 506] (66.0)
112 : [501, 502, 509, 510, 511, 520] (47.0)
113 : [512, 514, 519, 521, 522] (75.0)
114 : [508, 513, 516, 518, 526] (74.0)
115 : [517, 523, 532, 535] (71.0)
116 : [524, 525, 528, 529] (58.0)
117 : [515, 527, 531, 534, 537, 552] (75.0)
118 : [530, 533, 536, 542] (68.0)
119 : [539, 540, 541, 543, 544, 562] (59.0)
120 : [545, 549, 554] (51.0)
121 : [538, 547, 551, 553, 555, 556, 559, 561] (70.0)
122 : [546, 550, 557, 563, 567, 569] (63.0)
123 : [548, 558, 560, 568] (60.0)
124 : [565, 571, 587] (49.0)
125 : [564, 570, 572, 573] (75.0)
126 : [566, 577, 590, 594] (63.0)
127 : [574, 576, 578, 588, 589, 598] (74.0)
128 : [575, 579, 580, 591, 602] (72.0)
129 : [581, 582, 583, 584, 586, 592, 599] (75.0)
130 : [593, 596, 603, 604, 607] (67.0)
131 : [585, 595, 600, 608] (64.0)
132 : [605, 606, 618] (73.0)
133 : [597, 601, 611, 613, 619, 621, 625, 629] (75.0)
134 : [616, 617, 620, 623, 624, 628] (74.0)
135 : [609, 610, 612, 614, 622] (75.0)
136 : [627, 630, 631, 632] (68.0)
137 : [634, 637, 639, 641, 644] (59.0)
138 : [615, 633, 636, 638, 640, 647] (73.0)
139 : [643, 657] (76.0)
140 : [626, 635, 646, 649, 655, 658, 663] (62.0)
141 : [642, 648, 650, 651, 653, 665] (45.0)
142 : [645, 652, 666, 668] (65.0)
143 : [654, 656, 660, 661, 662, 679] (72.0)
144 : [659, 669, 676, 680] (75.0)
145 : [664, 671, 673, 678, 681, 684, 686] (75.0)
146 : [667, 670, 674, 677, 696] (73.0)
147 : [672, 675, 682] (75.0)
148 : [683, 687, 689, 692] (74.0)
149 : [690, 693, 698, 700, 705] (75.0)
150 : [688, 694, 697, 701, 703, 710] (75.0)
151 : [691, 702, 704, 708, 717] (76.0)
152 : [685, 699, 709, 721] (72.0)
153 : [706, 714, 716, 718, 719] (73.0)
154 : [695, 713, 715, 724] (75.0)
155 : [707, 711, 712, 720, 723, 742] (75.0)
156 : [722, 725, 733, 734, 735, 738] (75.0)
157 : [727, 729, 730] (70.0)
158 : [726, 728, 736, 737, 743, 746, 747, 749] (69.0)
159 : [740, 741, 745, 748] (77.0)
160 : [731, 732, 739, 744] (75.0)
