Name: 100-40-75
Time: 8.419360399246216 
Result: 28
Solution:  2 0 1 0 0 0 0 1 2 2 2 1 0 3 2 5 3 4 6 7 8 3 4 7 5 4 3 3 6 7 8 4 9 9 7 6 11 10 8 7 8 9 7 10 11 10 13 9 10 12 9 9 13 12 12 13 12 12 13 10 15 15 12 13 15 15 12 14 17 19 17 18 16 18 16 18 18 15 14 16 16 15 18 18 14 19 17 21 18 19 17 17 20 20 20 20 20 21 21 19
0: 1 3 4 5 6 12 (48.0)
1: 2 7 11 (46.0)
2: 0 8 9 10 14 (44.0)
3: 13 16 21 26 27 (47.0)
4: 17 22 25 31 (44.0)
5: 15 24 (47.0)
6: 18 28 35 (52.0)
7: 19 23 29 34 39 42 (60.0)
8: 20 30 38 40 (54.0)
9: 32 33 41 47 50 51 (46.0)
10: 37 43 45 48 59 (64.0)
11: 36 44 (59.0)
12: 49 53 54 56 57 62 66 (66.0)
13: 46 52 55 58 63 (57.0)
14: 67 78 84 (45.0)
15: 60 61 64 65 77 81 (66.0)
16: 72 74 79 80 (72.0)
17: 68 70 86 90 91 (68.0)
18: 71 73 75 76 82 83 88 (69.0)
19: 69 85 89 99 (68.0)
20: 92 93 94 95 96 (71.0)
21: 87 97 98 (66.0)
