Name: 1000-60-125
Time: 62.51335597038269 
Result: 95
Solution:  0 0 2 1 2 0 1 0 1 4 2 2 3 3 2 4 3 3 2 5 5 6 6 5 4 8 6 6 7 4 7 8 6 11 8 7 10 8 6 8 9 7 9 11 8 14 10 14 9 12 12 11 15 12 16 11 13 14 15 13 14 12 15 13 17 16 16 16 19 19 17 15 15 19 22 20 18 20 18 18 17 23 19 18 20 17 22 21 21 22 23 22 25 23 22 23 22 22 23 24 23 22 23 26 24 25 24 28 25 27 28 26 30 27 28 28 29 32 28 29 29 27 30 30 31 34 31 31 30 34 34 32 33 33 33 35 34 35 32 33 34 32 34 36 34 35 34 36 39 37 36 40 42 39 39 38 39 39 40 37 43 40 41 36 44 44 43 38 41 45 44 43 40 43 42 43 45 44 42 48 44 42 47 47 46 42 44 48 48 45 47 50 49 49 48 47 47 45 48 47 52 49 49 46 53 53 54 51 55 52 52 52 51 54 53 53 50 54 54 58 57 56 57 55 54 57 54 55 54 53 57 59 61 58 57 61 60 56 57 57 63 60 59 59 60 62 57 61 65 62 62 58 65 61 63 60 64 68 61 65 67 69 65 64 66 65 66 63 69 68 65 67 67 67 70 71 73 66 69 67 74 69 70 74 70 67 72 72 70 72 68 73 69 72 76 73 72 75 74 77 78 75 73 78 77 77 76 76 77 79 78 78 75 80 78 81 81 82 80 76 82 79 81 83 82 79 79 83 81 84 84 83 82 80 85 83 80 83 88 84 85 82 86 83 84 87 84 85 89 87 88 85 90 90 85 87 86 90 90 89 88 90 90 91 91 89 91 90 92 92 88 90 97 92 93 91 92 96 93 96 94 95 95 95 95 95 95 96 95 98 97 99 98 96 97 98 99 97 100 103 100 97 100 102 101 100 104 97 102 101 102 101 104 101 101 102 101 103 103 104 107 106 106 106 105 104 108 108 107 110 109 109 105 108 111 106 110 109 108 111 112 111 110 111 108 114 112 108 114 111 110 113 113 111 111 109 114 116 114 113 115 114 114 115 114 116 116 115 117 117 120 117 120 122 116 118 119 116 122 120 118 120 122 123 123 122 117 123 119 121 121 122 121 126 124 124 126 121 123 124 127 124 123 125 126 127 127 124 127 128 125 127 125 128 130 127 129 129 130 129 129 130 130 127 132 133 131 131 132 131 133 132 131 132 132 134 133 136 134 137 135 133 136 135 136 135 135 136 137 137 137 138 138 138 139 142 137 142 139 138 139 140 143 141 140 139 143 139 142 142 138 141 141 141 141 144 145 143 147 145 146 145 143 142 144 147 146 144 145 148 150 148 151 147 148 149 150 151 147 149 152 148 150 152 150 150 152 151 149 153 154 148 154 152 153 155 154 156 154 157 153 155 153 156 157 160 158 157 153 161 159 157 159 158 159 160 158 155 157 161 163 158 162 158 159 165 159 160 162 163 163 161 163 164 161 161 164 164 162 164 165 166 164 165 170 167 167 166 168 168 167 168 166 166 167 172 171 172 169 168 170 171 171 171 171 169 173 172 170 171 170 171 173 169 172 169 175 176 172 173 174 174 173 172 172 175 178 173 176 177 174 179 175 178 176 177 175 175 178 176 177 174 178 178 178 177 179 181 181 180 182 179 181 179 179 182 181 181 182 183 182 181 183 184 182 180 183 181 185 182 184 185 185 185 187 189 187 182 184 184 186 183 189 188 187 187 186 185 184 184 188 187 188 188 188 191 188 187 190 185 189 190 191 189 186 191 192 190 194 192 193 195 191 191 190 195 193 191 196 192 192 194 192 193 194 194 198 196 196 193 192 196 193 199 199 195 196 197 195 197 201 196 196 196 197 199 201 200 200 198 204 200 197 200 204 197 201 199 201 198 202 202 201 200 199 203 203 203 206 200 200 203 206 207 202 205 205 205 207 208 205 205 206 209 206 203 204 207 208 207 208 207 211 207 209 211 210 210 211 208 211 209 209 210 210 211 213 209 210 212 209 214 210 212 213 210 212 213 213 217 213 214 215 215 212 216 214 214 217 216 217 215 219 216 215 220 214 216 215 218 219 216 219 219 216 217 217 221 221 221 220 220 223 223 216 223 221 218 219 223 223 225 222 224 222 222 221 223 224 220 225 220 224 227 222 226 227 224 228 225 222 228 226 223 228 226 227 226 227 229 225 227 224 227 228 229 228 230 231 230 229 229 231 230 230 232 233 229 233 232 230 231 233 232 231 232 233 233 233 233
0: 0 1 5 7 (62.0)
1: 3 6 8 (72.0)
2: 2 4 10 11 14 18 (53.0)
3: 12 13 16 17 (87.0)
4: 9 15 24 29 (63.0)
5: 19 20 23 (66.0)
6: 21 22 26 27 32 38 (58.0)
7: 28 30 35 41 (40.0)
8: 25 31 34 37 39 44 (61.0)
9: 40 42 48 (57.0)
10: 36 46 (66.0)
11: 33 43 51 55 (67.0)
12: 49 50 53 61 (61.0)
13: 56 59 63 (75.0)
14: 45 47 57 60 (62.0)
15: 52 58 62 71 72 (73.0)
16: 54 65 66 67 (60.0)
17: 64 70 80 85 (61.0)
18: 76 78 79 83 (64.0)
19: 68 69 73 82 (69.0)
20: 75 77 84 (71.0)
21: 87 88 (66.0)
22: 74 86 89 91 94 96 97 101 (65.0)
23: 81 90 93 95 98 100 102 (76.0)
24: 99 104 106 (76.0)
25: 92 105 108 (53.0)
26: 103 111 (61.0)
27: 109 113 121 (64.0)
28: 107 110 114 115 118 (72.0)
29: 116 119 120 (61.0)
30: 112 122 123 128 (67.0)
31: 124 126 127 (64.0)
32: 117 131 138 141 (82.0)
33: 132 133 134 139 (60.0)
34: 125 129 130 136 140 142 144 146 (56.0)
35: 135 137 145 (65.0)
36: 143 147 150 163 (73.0)
37: 149 159 (73.0)
38: 155 167 (54.0)
39: 148 153 154 156 157 (62.0)
40: 151 158 161 172 (59.0)
41: 162 168 (60.0)
42: 152 174 178 181 185 (64.0)
43: 160 166 171 173 175 (89.0)
44: 164 165 170 177 180 186 (82.0)
45: 169 176 189 197 (70.0)
46: 184 203 (67.0)
47: 182 183 190 195 196 199 (106.0)
48: 179 187 188 194 198 (85.0)
49: 192 193 201 202 (72.0)
50: 191 216 (64.0)
51: 207 212 (76.0)
52: 200 209 210 211 (69.0)
53: 204 205 214 215 229 (79.0)
54: 206 213 217 218 224 226 228 (78.0)
55: 208 223 227 (73.0)
56: 221 237 (83.0)
57: 220 222 225 230 234 238 239 246 (71.0)
58: 219 233 251 (70.0)
59: 231 242 243 (84.0)
60: 236 241 244 255 (67.0)
61: 232 235 247 253 258 (87.0)
62: 245 249 250 (69.0)
63: 240 254 267 (68.0)
64: 256 263 (100.0)
65: 248 252 259 262 265 270 (78.0)
66: 264 266 277 (76.0)
67: 260 271 272 273 279 285 (66.0)
68: 257 269 290 (72.0)
69: 261 268 278 281 292 (77.0)
70: 274 282 284 288 (75.0)
71: 275 (60.0)
72: 286 287 289 293 296 (82.0)
73: 276 291 295 302 (95.0)
74: 280 283 298 (84.0)
75: 297 301 312 (71.0)
76: 294 306 307 319 (101.0)
77: 299 304 305 308 (117.0)
78: 300 303 310 311 314 (67.0)
79: 309 321 325 326 (91.0)
80: 313 318 333 336 (78.0)
81: 315 316 322 328 (75.0)
82: 317 320 324 332 341 (87.0)
83: 323 327 331 335 337 343 (104.0)
84: 329 330 339 344 346 (95.0)
85: 334 340 347 351 354 (80.0)
86: 342 356 (71.0)
87: 345 349 355 (113.0)
88: 338 350 360 370 (74.0)
89: 348 359 365 (77.0)
90: 352 353 357 358 361 362 367 371 (86.0)
91: 363 364 366 375 (95.0)
92: 368 369 373 376 (107.0)
93: 374 378 (69.0)
94: 380 (64.0)
95: 381 382 383 384 385 386 388 (82.0)
96: 377 379 387 393 (64.0)
97: 372 390 394 397 401 407 (68.0)
98: 389 392 395 (76.0)
99: 391 396 (112.0)
100: 398 400 402 405 (66.0)
101: 404 409 411 413 414 416 (94.0)
102: 403 408 410 415 (125.0)
103: 399 417 418 (68.0)
104: 406 412 419 425 (89.0)
105: 424 432 (64.0)
106: 421 422 423 435 (82.0)
107: 420 428 (70.0)
108: 426 427 433 438 444 447 (119.0)
109: 430 431 437 455 (110.0)
110: 429 436 442 450 (101.0)
111: 434 439 441 443 449 453 454 (101.0)
112: 440 446 (81.0)
113: 451 452 459 (70.0)
114: 445 448 456 458 461 462 464 (68.0)
115: 460 463 467 (115.0)
116: 457 465 466 474 477 (106.0)
117: 468 469 471 486 (108.0)
118: 475 480 (87.0)
119: 476 488 (106.0)
120: 470 472 479 481 (74.0)
121: 489 490 492 497 (88.0)
122: 473 478 482 485 491 (92.0)
123: 483 484 487 498 502 (109.0)
124: 494 495 499 501 507 (96.0)
125: 503 510 512 (63.0)
126: 493 496 504 (115.0)
127: 500 505 506 508 511 515 523 (107.0)
128: 509 513 (66.0)
129: 516 517 519 520 (121.0)
130: 514 518 521 522 (82.0)
131: 526 527 529 532 (77.0)
132: 524 528 531 533 534 (108.0)
133: 525 530 536 541 (100.0)
134: 535 538 (80.0)
135: 540 543 545 546 (105.0)
136: 537 542 544 547 (109.0)
137: 539 548 549 550 556 (119.0)
138: 551 552 553 559 570 (125.0)
139: 554 558 560 565 567 (122.0)
140: 561 564 (98.0)
141: 563 571 572 573 574 (122.0)
142: 555 557 568 569 583 (100.0)
143: 562 566 577 582 (74.0)
144: 575 584 587 (115.0)
145: 576 579 581 588 (110.0)
146: 580 586 (67.0)
147: 578 585 593 598 (73.0)
148: 589 591 594 601 611 (85.0)
149: 595 599 608 (109.0)
150: 590 596 602 604 605 (85.0)
151: 592 597 607 (87.0)
152: 600 603 606 613 (121.0)
153: 609 614 620 622 628 (116.0)
154: 610 612 616 618 (123.0)
155: 615 621 637 (121.0)
156: 617 623 (83.0)
157: 619 624 627 631 638 (125.0)
158: 626 633 636 641 643 (121.0)
159: 630 632 634 644 646 (95.0)
160: 625 635 647 (120.0)
161: 629 639 651 654 655 (125.0)
162: 642 648 658 (107.0)
163: 640 649 650 652 (115.0)
164: 653 656 657 659 662 (89.0)
165: 645 660 663 (80.0)
166: 661 667 672 673 (124.0)
167: 665 666 670 674 (102.0)
168: 668 669 671 679 (120.0)
169: 678 685 693 695 (125.0)
170: 664 680 688 690 (125.0)
171: 676 681 682 683 684 689 691 (121.0)
172: 675 677 687 694 698 703 704 (108.0)
173: 686 692 699 702 707 (109.0)
174: 700 701 710 721 (95.0)
175: 696 705 712 716 717 (102.0)
176: 697 708 714 719 (116.0)
177: 709 715 720 725 (117.0)
178: 706 713 718 722 723 724 (123.0)
179: 711 726 731 733 734 (118.0)
180: 729 745 (105.0)
181: 727 728 732 736 737 741 747 (123.0)
182: 730 735 738 740 744 749 757 (122.0)
183: 739 742 746 761 (108.0)
184: 743 750 758 759 768 769 (119.0)
185: 748 751 752 753 767 779 (111.0)
186: 760 766 784 (96.0)
187: 754 756 764 765 771 777 (123.0)
188: 763 770 772 773 774 776 (122.0)
189: 755 762 780 783 (124.0)
190: 778 781 787 794 (121.0)
191: 775 782 785 792 793 797 (103.0)
192: 786 789 799 800 802 810 (107.0)
193: 790 796 803 809 812 (107.0)
194: 788 801 804 805 (107.0)
195: 791 795 815 818 (125.0)
196: 798 807 808 811 816 821 822 823 (125.0)
197: 817 819 824 832 835 (109.0)
198: 806 829 839 (123.0)
199: 813 814 825 837 844 (124.0)
200: 827 828 831 833 843 849 850 (118.0)
201: 820 826 836 838 842 (124.0)
202: 840 841 854 (124.0)
203: 845 846 847 851 865 (134.0)
204: 830 834 866 (105.0)
205: 855 856 857 860 861 (100.0)
206: 848 852 862 864 (102.0)
207: 853 858 867 869 871 873 (124.0)
208: 859 868 870 879 (129.0)
209: 863 874 881 882 887 890 (121.0)
210: 876 877 883 884 888 892 895 (113.0)
211: 872 875 878 880 885 (124.0)
212: 889 893 896 904 (112.0)
213: 886 894 897 898 900 (135.0)
214: 891 901 906 907 916 (124.0)
215: 902 903 911 914 918 (121.0)
216: 905 909 913 917 921 924 934 (125.0)
217: 899 908 910 925 926 (133.0)
218: 919 937 (121.0)
219: 912 920 922 923 938 (124.0)
220: 915 930 931 949 951 (124.0)
221: 927 928 929 936 946 (125.0)
222: 942 944 945 954 960 (124.0)
223: 932 933 935 939 940 947 963 (123.0)
224: 943 948 952 957 972 (118.0)
225: 941 950 959 970 (116.0)
226: 955 962 965 967 (125.0)
227: 953 956 966 968 971 973 (125.0)
228: 958 961 964 974 976 (109.0)
229: 969 975 980 981 987 (123.0)
230: 977 979 983 984 990 (125.0)
231: 978 982 991 994 (134.0)
232: 985 989 993 995 (125.0)
233: 986 988 992 996 997 998 999 (128.0)
