Name: 1000-60-125
Time: 63.34994149208069 
Result: 117
Solution:  0 1 1 1 4 1 1 0 0 2 4 3 3 3 2 5 6 2 4 4 5 5 4 7 6 9 4 2 6 10 7 7 7 9 8 7 8 10 10 9 8 10 9 10 10 13 11 11 13 12 13 10 13 16 11 12 14 15 13 14 15 14 15 15 16 17 16 17 17 16 15 18 21 19 16 18 19 19 19 20 16 17 22 20 21 19 19 20 23 26 20 26 24 23 26 24 21 21 27 22 26 22 27 23 25 26 26 25 25 30 28 27 28 24 26 27 30 28 28 29 30 29 30 28 31 34 32 32 32 36 32 31 36 29 33 33 34 33 34 34 35 32 34 35 34 35 35 36 35 37 37 37 40 39 38 38 38 39 39 39 43 40 40 41 42 38 42 41 41 43 43 45 39 43 42 45 45 42 42 47 45 45 44 48 46 42 47 48 44 50 47 48 49 48 50 47 47 49 50 50 51 50 50 46 52 51 51 54 55 50 51 52 52 53 53 53 53 51 51 50 55 56 56 55 59 57 59 54 55 55 55 58 59 58 59 60 57 60 58 59 64 61 61 61 61 62 63 57 62 64 62 59 66 62 63 62 67 63 63 63 62 62 65 65 65 65 66 63 69 70 65 67 67 69 68 68 73 66 71 66 70 69 74 74 72 67 73 69 69 72 71 70 72 72 70 71 75 76 75 74 79 75 73 75 76 79 77 78 76 77 79 79 77 80 78 81 82 82 82 77 83 80 82 81 79 81 78 81 86 80 82 83 84 79 85 83 85 81 85 84 82 83 87 85 84 86 83 82 89 87 91 87 88 90 91 86 88 87 91 88 89 90 92 91 89 93 90 91 91 92 88 90 93 92 92 96 92 90 93 95 94 95 95 95 96 95 93 98 96 96 95 101 97 95 98 99 99 95 95 101 100 99 102 101 100 104 97 102 102 100 98 102 102 103 103 103 105 103 104 105 108 105 105 106 104 102 107 107 107 109 110 111 106 108 106 108 109 108 106 113 110 111 110 111 114 113 112 109 115 113 111 113 113 114 112 112 114 110 117 115 115 115 116 116 114 117 116 114 118 117 119 118 116 117 117 121 119 120 115 117 121 122 122 123 123 123 121 122 119 121 123 122 124 124 124 123 124 120 124 123 122 125 124 125 127 127 122 125 127 126 125 125 129 128 125 130 129 129 131 128 129 127 131 128 132 130 130 130 132 131 133 132 130 132 134 134 135 133 136 136 135 137 131 135 136 138 135 138 139 136 141 136 141 140 140 142 137 137 140 139 140 139 143 139 138 143 141 141 143 142 142 143 145 143 145 145 147 142 144 142 146 147 145 148 144 146 147 145 149 147 150 144 151 144 147 148 150 147 146 149 152 148 151 150 152 148 155 152 153 152 151 155 155 151 154 154 154 155 157 153 152 153 153 156 155 158 157 157 153 159 160 159 158 156 159 158 160 163 156 157 162 161 162 157 161 164 159 160 163 164 163 161 161 165 164 162 164 164 168 165 166 162 165 165 167 167 167 168 169 169 166 169 165 166 166 172 169 169 170 168 171 172 170 169 170 173 171 173 171 171 172 171 173 173 172 170 174 173 173 172 176 174 173 175 174 176 175 172 176 178 174 178 174 178 176 177 175 178 179 175 177 178 177 180 182 180 181 180 177 177 181 179 181 179 179 182 182 182 179 178 181 183 181 181 181 180 186 181 185 182 184 186 185 184 187 184 186 183 185 185 187 184 183 187 187 183 186 191 186 183 188 188 190 189 190 189 188 189 187 191 188 191 190 189 186 192 195 191 192 191 190 193 190 193 192 194 193 192 195 193 192 196 192 194 194 194 199 196 191 198 197 198 195 199 196 197 196 198 197 197 195 198 196 198 196 195 203 198 200 198 202 200 198 200 200 204 201 201 200 199 201 201 200 201 200 202 203 203 205 202 203 203 205 206 204 205 205 202 206 202 204 206 208 204 206 207 204 208 208 207 209 207 207 205 205 211 208 210 208 211 212 209 210 208 210 211 208 210 209 209 214 210 216 212 213 211 215 213 211 217 216 212 214 215 212 213 215 214 217 214 217 216 220 217 213 219 217 215 217 216 218 217 219 219 215 219 219 217 218 218 220 220 218 220 222 221 223 221 220 223 223 219 221 222 224 221 222 221 224 223 225 222 226 224 222 225 225 224 224 224 226 226 227 224 227 230 226 227 228 226 225 229 227 224 228 231 230 228 229 228 232 229 230 232 229 232 232 231 233 229 230 233 233 231 229 231 232 233 233 233
0: 0 7 8 (84.0)
1: 1 2 3 5 6 (61.0)
2: 9 14 17 27 (62.0)
3: 11 12 13 (62.0)
4: 4 10 18 19 22 26 (29.0)
5: 15 20 21 (61.0)
6: 16 24 28 (62.0)
7: 23 30 31 32 35 (71.0)
8: 34 36 40 (64.0)
9: 25 33 39 42 (66.0)
10: 29 37 38 41 43 44 51 (81.0)
11: 46 47 54 (57.0)
12: 49 55 (16.0)
13: 45 48 50 52 58 (74.0)
14: 56 59 61 (69.0)
15: 57 60 62 63 70 (63.0)
16: 53 64 66 69 74 80 (81.0)
17: 65 67 68 81 (70.0)
18: 71 75 (63.0)
19: 73 76 77 78 85 86 (83.0)
20: 79 83 87 90 (63.0)
21: 72 84 96 97 (62.0)
22: 82 99 101 (67.0)
23: 88 93 103 (81.0)
24: 92 95 113 (71.0)
25: 104 107 108 (61.0)
26: 89 91 94 100 105 106 114 (62.0)
27: 98 102 111 115 (70.0)
28: 110 112 117 118 123 (61.0)
29: 119 121 133 (64.0)
30: 109 116 120 122 (65.0)
31: 124 131 (72.0)
32: 126 127 128 130 141 (75.0)
33: 134 135 137 (63.0)
34: 125 136 138 139 142 144 (68.0)
35: 140 143 145 146 148 (62.0)
36: 129 132 147 (61.0)
37: 149 150 151 (61.0)
38: 154 155 156 165 (67.0)
39: 153 157 158 159 172 (84.0)
40: 152 161 162 (64.0)
41: 163 167 168 (78.0)
42: 164 166 174 177 178 185 (61.0)
43: 160 169 170 173 (73.0)
44: 182 188 (65.0)
45: 171 175 176 180 181 (68.0)
46: 184 203 (67.0)
47: 179 186 190 195 196 (65.0)
48: 183 187 191 193 (85.0)
49: 192 197 (90.0)
50: 189 194 198 199 201 202 209 219 (82.0)
51: 200 205 206 210 217 218 (69.0)
52: 204 211 212 (91.0)
53: 213 214 215 216 (69.0)
54: 207 227 (67.0)
55: 208 220 223 228 229 230 (95.0)
56: 221 222 (61.0)
57: 225 236 247 (69.0)
58: 231 233 238 (65.0)
59: 224 226 232 234 239 251 (65.0)
60: 235 237 (71.0)
61: 241 242 243 244 (85.0)
62: 245 248 250 253 255 260 261 (84.0)
63: 246 254 257 258 259 267 (73.0)
64: 240 249 (67.0)
65: 262 263 264 265 270 (114.0)
66: 252 266 277 279 (70.0)
67: 256 271 272 285 (92.0)
68: 274 275 (65.0)
69: 268 273 281 287 288 (75.0)
70: 269 280 291 294 (79.0)
71: 278 290 295 (76.0)
72: 284 289 292 293 (83.0)
73: 276 286 302 (77.0)
74: 282 283 299 (66.0)
75: 296 298 301 303 (95.0)
76: 297 304 308 (84.0)
77: 306 309 312 319 (90.0)
78: 307 314 326 (100.0)
79: 300 305 310 311 324 333 (67.0)
80: 313 321 329 (68.0)
81: 315 323 325 327 337 (65.0)
82: 316 317 318 322 330 340 347 (82.0)
83: 320 331 335 341 346 (102.0)
84: 332 339 344 (90.0)
85: 334 336 338 343 (70.0)
86: 328 345 355 (123.0)
87: 342 349 351 357 (85.0)
88: 352 356 359 370 (88.0)
89: 348 360 364 (73.0)
90: 353 361 366 371 377 (87.0)
91: 350 354 358 363 367 368 (110.0)
92: 362 369 373 374 376 (117.0)
93: 365 372 378 386 (72.0)
94: 380 (64.0)
95: 379 381 382 383 385 390 393 397 398 (70.0)
96: 375 384 388 389 (81.0)
97: 392 406 (79.0)
98: 387 394 410 (91.0)
99: 395 396 401 (90.0)
100: 400 404 409 (63.0)
101: 391 399 403 (107.0)
102: 402 407 408 411 412 425 (102.0)
103: 413 414 415 417 (89.0)
104: 405 418 424 (85.0)
105: 416 419 421 422 (67.0)
106: 423 432 434 438 (61.0)
107: 426 427 428 (81.0)
108: 420 433 435 437 (82.0)
109: 429 436 447 (100.0)
110: 430 440 442 457 (122.0)
111: 431 441 443 450 (108.0)
112: 446 454 455 (97.0)
113: 439 445 449 451 452 (99.0)
114: 444 453 456 464 467 (71.0)
115: 448 459 460 461 478 (67.0)
116: 462 463 466 472 (98.0)
117: 458 465 469 473 474 479 (117.0)
118: 468 471 (63.0)
119: 470 476 488 (112.0)
120: 477 497 (69.0)
121: 475 480 486 489 (110.0)
122: 481 482 487 491 500 506 (108.0)
123: 483 484 485 490 495 499 (118.0)
124: 492 493 494 496 498 502 (118.0)
125: 501 503 507 510 511 514 (118.0)
126: 509 (63.0)
127: 504 505 508 521 (99.0)
128: 513 519 523 (76.0)
129: 512 516 517 520 (107.0)
130: 515 525 526 527 532 (95.0)
131: 518 522 529 542 (72.0)
132: 524 528 531 533 (101.0)
133: 530 537 (72.0)
134: 534 535 (77.0)
135: 536 540 543 546 (123.0)
136: 538 539 544 549 551 (115.0)
137: 541 556 557 (87.0)
138: 545 547 564 (75.0)
139: 548 559 561 563 (118.0)
140: 553 554 558 560 (121.0)
141: 550 552 566 567 (80.0)
142: 555 569 570 577 579 (102.0)
143: 562 565 568 571 573 (117.0)
144: 578 584 591 593 (88.0)
145: 572 574 575 582 587 (102.0)
146: 580 585 598 (102.0)
147: 576 581 586 589 594 597 (118.0)
148: 583 595 601 605 (102.0)
149: 588 599 (109.0)
150: 590 596 603 (79.0)
151: 592 602 610 613 (89.0)
152: 600 604 607 609 620 (120.0)
153: 608 619 621 622 628 (124.0)
154: 614 615 616 (119.0)
155: 606 611 612 617 624 (122.0)
156: 623 633 638 (81.0)
157: 618 626 627 639 643 (122.0)
158: 625 632 635 (103.0)
159: 629 631 634 646 (82.0)
160: 630 636 647 (93.0)
161: 641 644 651 652 (91.0)
162: 640 642 655 661 (114.0)
163: 637 648 650 (125.0)
164: 645 649 654 656 657 (82.0)
165: 653 659 662 663 672 (115.0)
166: 660 670 673 674 (123.0)
167: 664 665 666 (85.0)
168: 658 667 679 (121.0)
169: 668 669 671 676 677 683 (120.0)
170: 678 682 684 695 (125.0)
171: 680 686 688 689 691 (115.0)
172: 675 681 690 694 699 707 (125.0)
173: 685 687 692 693 697 698 702 (118.0)
174: 696 701 704 710 712 (126.0)
175: 703 706 716 719 (121.0)
176: 700 705 708 714 (125.0)
177: 715 720 722 728 729 (125.0)
178: 709 711 713 717 721 739 (122.0)
179: 718 731 733 734 738 (117.0)
180: 723 725 727 745 (107.0)
181: 726 730 732 740 742 743 744 747 (107.0)
182: 724 735 736 737 749 (100.0)
183: 741 757 762 765 769 (119.0)
184: 750 753 755 761 (125.0)
185: 748 752 758 759 (102.0)
186: 746 751 756 766 768 784 (122.0)
187: 754 760 763 764 778 (122.0)
188: 770 771 776 780 (94.0)
189: 773 775 777 783 (95.0)
190: 772 774 782 790 792 (114.0)
191: 767 779 781 787 789 808 (123.0)
192: 785 788 794 797 800 802 (125.0)
193: 791 793 796 799 (108.0)
194: 795 803 804 805 (125.0)
195: 786 798 812 820 825 (96.0)
196: 801 807 814 816 822 824 (119.0)
197: 810 815 818 819 (123.0)
198: 809 811 817 821 823 827 829 832 (125.0)
199: 806 813 839 (120.0)
200: 828 831 833 834 838 842 844 (129.0)
201: 836 837 840 841 843 (123.0)
202: 830 845 849 857 859 (121.0)
203: 826 846 847 850 851 (127.0)
204: 835 854 860 863 866 (119.0)
205: 848 852 855 856 873 874 (98.0)
206: 853 858 861 864 (123.0)
207: 865 869 871 872 (123.0)
208: 862 867 868 876 878 883 886 (105.0)
209: 870 881 888 889 (108.0)
210: 877 882 884 887 891 (128.0)
211: 875 879 885 895 898 (115.0)
212: 880 893 901 904 (125.0)
213: 894 897 905 914 (125.0)
214: 890 902 907 909 (131.0)
215: 896 903 906 917 924 (124.0)
216: 892 900 911 919 (122.0)
217: 899 908 910 913 916 918 921 927 (121.0)
218: 920 928 929 932 (125.0)
219: 915 922 923 925 926 941 (125.0)
220: 912 930 931 933 938 (124.0)
221: 935 937 942 945 947 (125.0)
222: 934 943 946 951 954 (107.0)
223: 936 939 940 949 (123.0)
224: 944 948 953 957 958 959 963 973 (115.0)
225: 950 955 956 970 (125.0)
226: 952 960 961 966 969 (129.0)
227: 962 964 967 972 (122.0)
228: 968 974 977 979 (124.0)
229: 971 978 981 984 989 994 (124.0)
230: 965 976 982 990 (124.0)
231: 975 987 993 995 (123.0)
232: 980 983 985 986 996 (123.0)
233: 988 991 992 997 998 999 (133.0)
