Name: 100-50-100
Time: 3.6516029834747314 
Result: 28
Solution:  0 1 1 2 2 1 0 4 0 0 5 2 1 1 2 0 3 4 3 0 3 1 6 5 4 0 3 2 5 5 4 5 5 6 3 8 4 6 6 6 4 8 6 10 7 6 8 6 9 4 8 7 8 13 10 9 7 11 7 12 10 6 11 8 9 9 11 11 9 14 12 11 12 15 10 11 10 11 13 15 12 13 14 15 15 15 13 13 14 15 16 15 14 12 16 16 14 15 16 16
0: 0 6 8 9 15 19 25 (63.0)
1: 1 2 5 12 13 21 (61.0)
2: 3 4 11 14 27 (65.0)
3: 16 18 20 26 34 (62.0)
4: 7 17 24 30 36 40 49 (81.0)
5: 10 23 28 29 31 32 (62.0)
6: 22 33 37 38 39 42 45 47 61 (72.0)
7: 44 51 56 58 (87.0)
8: 35 41 46 50 52 63 (71.0)
9: 48 55 64 65 68 (64.0)
10: 43 54 60 74 76 (63.0)
11: 57 62 66 67 71 75 77 (84.0)
12: 59 70 72 80 93 (69.0)
13: 53 78 81 86 87 (71.0)
14: 69 82 88 92 96 (89.0)
15: 73 79 83 84 85 89 91 97 (85.0)
16: 90 94 95 98 99 (83.0)
