Name: 100-30-50
Time: 3.859384775161743 
Result: 16
Solution:  0 1 1 1 1 4 0 0 2 3 1 2 7 1 4 3 4 4 6 1 5 9 2 3 6 6 4 6 7 8 3 8 5 7 7 10 9 8 9 8 9 9 10 11 10 10 12 9 11 11 15 14 10 12 10 11 12 12 13 14 13 14 15 12 13 14 16 15 16 17 16 17 13 15 15 16 18 17 19 16 15 18 17 20 19 18 20 19 18 19 20 20 20 18 20 21 21 21 19 21
0: 0 6 7 (34.0)
1: 1 2 3 4 10 13 19 (30.0)
2: 8 11 22 (31.0)
3: 9 15 23 30 (32.0)
4: 5 14 16 17 26 (36.0)
5: 20 32 (33.0)
6: 18 24 25 27 (32.0)
7: 12 28 33 34 (35.0)
8: 29 31 37 39 (36.0)
9: 21 36 38 40 41 47 (40.0)
10: 35 42 44 45 52 54 (40.0)
11: 43 48 49 55 (40.0)
12: 46 53 56 57 63 (32.0)
13: 58 60 64 72 (45.0)
14: 51 59 61 65 (30.0)
15: 50 62 67 73 74 80 (45.0)
16: 66 68 70 75 79 (37.0)
17: 69 71 77 82 (45.0)
18: 76 81 85 88 93 (45.0)
19: 78 84 87 89 98 (43.0)
20: 83 86 90 91 92 94 (41.0)
21: 95 96 97 99 (46.0)
