Name: 100-60-125
Time: 6.669524669647217 
Result: 55
Solution:  1 1 1 1 3 5 3 0 3 5 1 2 3 2 2 5 2 0 4 4 5 7 9 7 4 4 7 7 4 6 8 7 7 8 9 12 8 5 8 10 9 9 8 5 5 10 10 6 9 10 7 10 13 9 11 14 12 9 13 15 13 12 14 12 10 14 11 14 14 13 16 14 17 12 12 15 16 12 15 16 17 15 17 17 15 16 20 17 20 20 18 17 19 19 18 18 20 19 20 19
0: 7 17 (70.0)
1: 0 1 2 3 10 (74.0)
2: 11 13 14 16 (71.0)
3: 4 6 8 12 (73.0)
4: 18 19 24 25 28 (100.0)
5: 5 9 15 20 37 43 44 (73.0)
6: 29 47 (94.0)
7: 21 23 26 27 31 32 50 (81.0)
8: 30 33 36 38 42 (71.0)
9: 22 34 40 41 48 53 57 (104.0)
10: 39 45 46 49 51 64 (108.0)
11: 54 66 (91.0)
12: 35 56 61 63 73 74 77 (125.0)
13: 52 58 60 69 (78.0)
14: 55 62 65 67 68 71 (106.0)
15: 59 75 78 81 84 (125.0)
16: 70 76 79 85 (125.0)
17: 72 80 82 83 87 91 (105.0)
18: 90 94 95 (125.0)
19: 92 93 97 99 (83.0)
20: 86 88 89 96 98 (92.0)
