Name: 1000-50-100
Time: 60.998058557510376 
Result: 86
Solution:  2 1 0 0 1 3 0 1 3 2 6 0 4 2 1 7 1 2 0 4 8 4 6 7 5 6 9 6 5 8 11 9 8 12 6 8 11 9 10 11 11 9 14 10 10 14 12 11 13 12 10 13 12 12 10 12 14 15 17 13 14 13 16 18 17 12 17 16 15 17 17 14 17 18 21 18 22 17 19 19 19 21 17 23 22 20 23 17 21 23 23 23 24 24 25 20 22 22 24 26 24 24 25 21 27 27 28 24 24 31 26 26 29 31 24 28 27 32 31 30 28 29 31 27 30 31 31 32 34 33 31 31 32 31 32 33 34 33 32 32 37 33 37 35 37 34 35 39 36 37 37 37 41 41 37 38 38 40 36 39 40 41 37 41 39 40 41 43 45 40 42 46 45 41 44 44 47 44 43 46 42 43 45 42 43 48 46 44 47 47 47 46 45 50 48 48 51 51 49 50 51 51 49 49 52 50 51 53 52 48 53 51 54 52 55 51 52 57 53 54 54 55 55 57 53 57 54 56 58 57 57 56 59 55 58 58 57 57 60 59 60 63 62 59 61 59 63 60 63 61 60 61 65 64 62 63 62 64 63 61 62 67 62 65 67 63 67 66 67 66 67 64 68 67 69 64 68 69 67 69 73 72 72 69 70 70 70 71 72 73 70 72 72 72 74 71 76 72 73 74 75 73 74 75 76 75 77 76 76 78 78 77 78 74 81 78 79 79 76 82 80 81 78 83 78 79 80 81 81 81 79 82 83 80 85 84 86 85 85 87 85 82 85 83 88 82 85 90 88 86 88 84 86 91 91 86 87 85 89 89 89 89 90 91 90 93 92 92 90 89 93 92 94 92 91 95 93 95 95 95 98 91 97 94 96 94 92 95 97 99 97 99 101 98 97 100 99 99 99 96 100 101 98 99 101 102 101 104 102 100 103 105 102 103 101 105 103 102 103 108 102 104 105 106 107 102 106 107 109 103 106 110 107 111 108 108 111 112 113 110 110 113 109 112 114 114 109 112 112 113 110 112 113 110 109 114 114 116 113 114 118 111 116 115 120 114 112 117 115 113 117 117 116 119 118 118 122 118 120 120 117 118 121 117 120 121 119 121 123 121 120 124 119 123 125 125 125 125 126 123 124 124 125 124 124 129 126 128 129 128 129 128 125 128 131 126 130 130 131 126 133 130 131 131 127 132 130 130 132 134 131 130 134 133 130 136 132 133 134 132 134 137 136 138 136 138 136 135 138 135 137 135 140 135 137 138 139 137 139 139 140 140 141 140 143 141 139 141 142 142 143 141 144 144 146 144 148 143 143 143 144 146 146 143 145 148 145 145 147 145 147 147 148 145 150 149 148 148 151 149 150 151 148 152 155 148 150 151 150 151 152 152 150 155 155 153 156 155 152 154 159 154 156 153 158 152 154 160 153 158 156 154 156 157 157 157 159 159 162 156 161 159 157 158 162 161 160 160 163 161 164 165 165 165 164 162 161 163 165 164 164 165 165 166 166 163 167 162 164 167 169 168 170 167 168 172 170 172 168 171 168 171 170 171 171 172 169 169 176 173 172 171 176 173 173 177 173 173 176 175 175 171 172 172 179 177 174 176 179 180 177 179 177 181 177 179 176 179 179 182 183 179 181 180 183 179 181 178 183 181 181 182 182 184 183 181 184 186 187 185 185 186 185 184 186 188 188 183 185 186 188 187 192 184 187 191 191 190 186 189 187 190 190 188 192 192 188 189 193 192 189 194 196 194 197 193 191 190 191 195 197 192 196 195 196 199 195 195 194 196 197 198 199 197 196 194 200 200 199 200 202 200 199 198 203 201 201 199 202 205 202 201 202 204 201 202 203 204 203 206 205 205 202 205 204 206 206 209 207 207 207 206 208 209 209 207 212 210 206 211 210 207 209 210 209 208 212 212 211 213 214 208 213 213 212 217 213 214 214 211 211 216 215 216 215 215 215 217 218 216 219 216 217 216 216 218 216 217 217 218 219 220 221 222 219 218 220 221 222 222 225 220 220 219 225 221 223 223 224 224 221 220 223 221 226 222 225 223 223 225 223 223 227 224 226 229 228 224 224 230 227 226 227 227 226 230 228 227 228 227 231 229 229 230 228 230 227 229 234 229 231 228 230 231 228 232 232 236 233 233 233 237 236 235 231 235 234 237 234 233 235 238 234 232 232 238 236 239 232 236 234 237 234 236 238 240 237 241 237 238 238 239 239 239 237 240 242 242 242 241 241 241 242 240 241 242 242 240 242 239
0: 2 3 6 11 18 (43.0)
1: 1 4 7 14 16 (52.0)
2: 0 9 13 17 (25.0)
3: 5 8 (53.0)
4: 12 19 21 (50.0)
5: 24 28 (46.0)
6: 10 22 25 27 34 (48.0)
7: 15 23 (63.0)
8: 20 29 32 35 (61.0)
9: 26 31 37 41 (43.0)
10: 38 43 44 50 54 (71.0)
11: 30 36 39 40 47 (45.0)
12: 33 46 49 52 53 55 65 (70.0)
13: 48 51 59 61 (49.0)
14: 42 45 56 60 71 (66.0)
15: 57 68 (51.0)
16: 62 67 (55.0)
17: 58 64 66 69 70 72 77 82 87 (53.0)
18: 63 73 75 (54.0)
19: 78 79 80 (59.0)
20: 85 95 (55.0)
21: 74 81 88 103 (52.0)
22: 76 84 96 97 (53.0)
23: 83 86 89 90 91 (59.0)
24: 92 93 98 100 101 107 108 114 (51.0)
25: 94 102 (51.0)
26: 99 110 111 (55.0)
27: 104 105 116 123 (55.0)
28: 106 115 120 (51.0)
29: 112 121 (56.0)
30: 119 124 (59.0)
31: 109 113 118 122 125 126 130 131 133 (38.0)
32: 117 127 132 134 138 139 (54.0)
33: 129 135 137 141 (61.0)
34: 128 136 145 (69.0)
35: 143 146 (51.0)
36: 148 158 (54.0)
37: 140 142 144 149 150 151 154 162 (53.0)
38: 155 156 (68.0)
39: 147 159 164 (60.0)
40: 157 160 165 169 (57.0)
41: 152 153 161 163 166 173 (54.0)
42: 170 180 183 (67.0)
43: 167 178 181 184 (54.0)
44: 174 175 177 187 (67.0)
45: 168 172 182 192 (61.0)
46: 171 179 186 191 (67.0)
47: 176 188 189 190 (50.0)
48: 185 194 195 209 (54.0)
49: 198 202 203 (64.0)
50: 193 199 205 (62.0)
51: 196 197 200 201 206 211 215 (48.0)
52: 204 208 213 216 (81.0)
53: 207 210 218 224 (58.0)
54: 212 219 220 226 (50.0)
55: 214 221 222 233 (56.0)
56: 227 231 (73.0)
57: 217 223 225 229 230 236 237 (58.0)
58: 228 234 235 (60.0)
59: 232 239 243 245 (59.0)
60: 238 240 247 250 (72.0)
61: 244 249 251 259 (79.0)
62: 242 254 256 260 262 (72.0)
63: 241 246 248 255 258 265 (62.0)
64: 253 257 271 275 (58.0)
65: 252 263 (70.0)
66: 267 269 (76.0)
67: 261 264 266 268 270 273 278 (58.0)
68: 272 276 (51.0)
69: 274 277 279 283 (66.0)
70: 284 285 286 290 (64.0)
71: 287 295 (61.0)
72: 281 282 288 291 292 293 297 (65.0)
73: 280 289 298 301 (59.0)
74: 294 299 302 313 (54.0)
75: 300 303 305 (61.0)
76: 296 304 307 308 318 (75.0)
77: 306 311 (52.0)
78: 309 310 312 315 322 324 (95.0)
79: 316 317 325 330 (69.0)
80: 320 326 333 (73.0)
81: 314 321 327 328 329 (68.0)
82: 319 331 341 345 (51.0)
83: 323 332 343 (56.0)
84: 335 351 (79.0)
85: 334 337 338 340 342 346 357 (54.0)
86: 336 349 352 355 (76.0)
87: 339 356 (58.0)
88: 344 348 350 (55.0)
89: 358 359 360 361 369 (56.0)
90: 347 362 364 368 (65.0)
91: 353 354 363 374 381 (72.0)
92: 366 367 371 373 386 (54.0)
93: 365 370 376 (65.0)
94: 372 383 385 (81.0)
95: 375 377 378 379 387 (68.0)
96: 384 399 (59.0)
97: 382 388 390 394 (80.0)
98: 380 393 402 (81.0)
99: 389 391 396 397 398 403 (69.0)
100: 395 400 409 (54.0)
101: 392 401 404 406 414 (73.0)
102: 405 408 412 417 420 425 (58.0)
103: 410 413 416 418 429 (60.0)
104: 407 421 (51.0)
105: 411 415 422 (85.0)
106: 423 426 430 (78.0)
107: 424 427 432 (58.0)
108: 419 434 435 (69.0)
109: 428 442 446 454 (68.0)
110: 431 439 440 450 453 (75.0)
111: 433 436 461 (69.0)
112: 437 443 447 448 451 466 (96.0)
113: 438 441 449 452 458 469 (98.0)
114: 444 445 455 456 459 465 (99.0)
115: 463 468 (60.0)
116: 457 462 472 (70.0)
117: 467 470 471 480 483 (91.0)
118: 460 474 475 477 481 (74.0)
119: 473 486 492 (56.0)
120: 464 478 479 484 490 (74.0)
121: 482 485 487 489 (77.0)
122: 476 (56.0)
123: 488 493 499 (94.0)
124: 491 500 501 503 504 (100.0)
125: 494 495 496 497 502 512 (100.0)
126: 498 506 515 519 (95.0)
127: 524 (53.0)
128: 507 509 511 513 (56.0)
129: 505 508 510 (60.0)
130: 516 517 521 526 527 531 534 (79.0)
131: 514 518 522 523 530 (71.0)
132: 525 528 536 539 (93.0)
133: 520 533 537 (59.0)
134: 529 532 538 540 (55.0)
135: 547 549 551 553 (94.0)
136: 535 542 544 546 (73.0)
137: 541 550 554 557 (71.0)
138: 543 545 548 555 (88.0)
139: 556 558 559 566 (91.0)
140: 552 560 561 563 (69.0)
141: 562 565 567 571 (71.0)
142: 568 569 (67.0)
143: 564 570 577 578 579 583 (94.0)
144: 572 573 575 580 (78.0)
145: 584 586 587 589 593 (90.0)
146: 574 581 582 (53.0)
147: 588 590 591 (72.0)
148: 576 585 592 596 597 602 605 (98.0)
149: 595 599 (78.0)
150: 594 600 606 608 612 (97.0)
151: 598 601 607 609 (83.0)
152: 603 610 611 618 625 (92.0)
153: 615 623 628 (75.0)
154: 619 621 626 631 (97.0)
155: 604 613 614 617 (70.0)
156: 616 622 630 632 639 (95.0)
157: 633 634 635 642 (69.0)
158: 624 629 643 (97.0)
159: 620 636 637 641 (83.0)
160: 627 646 647 (64.0)
161: 640 645 649 656 (91.0)
162: 638 644 655 667 (95.0)
163: 648 657 665 (92.0)
164: 650 654 659 660 668 (60.0)
165: 651 652 653 658 661 662 (70.0)
166: 663 664 (91.0)
167: 666 669 673 (74.0)
168: 671 674 678 680 (84.0)
169: 670 686 687 (81.0)
170: 672 676 682 (98.0)
171: 679 681 683 684 691 701 (100.0)
172: 675 677 685 690 702 703 (90.0)
173: 689 693 694 696 697 (100.0)
174: 706 (52.0)
175: 699 700 (95.0)
176: 688 692 698 707 716 (63.0)
177: 695 705 710 712 714 (90.0)
178: 727 (50.0)
179: 704 708 711 715 717 718 721 725 (93.0)
180: 709 723 (66.0)
181: 713 722 726 729 730 735 (99.0)
182: 719 731 732 (99.0)
183: 720 724 728 734 747 (95.0)
184: 733 736 743 753 (99.0)
185: 739 740 742 748 (98.0)
186: 737 741 744 749 758 (92.0)
187: 738 751 754 760 (92.0)
188: 745 746 750 763 766 (99.0)
189: 759 767 770 (99.0)
190: 757 761 762 777 (98.0)
191: 755 756 776 778 (78.0)
192: 752 764 765 769 781 (98.0)
193: 768 775 (69.0)
194: 771 773 788 795 (99.0)
195: 779 783 786 787 (99.0)
196: 772 782 784 789 794 (99.0)
197: 774 780 790 793 (71.0)
198: 791 803 (75.0)
199: 785 792 798 802 807 (81.0)
200: 796 797 799 801 (88.0)
201: 805 806 811 814 (100.0)
202: 800 808 810 812 815 822 (97.0)
203: 804 816 818 (97.0)
204: 813 817 824 (97.0)
205: 809 820 821 823 (90.0)
206: 819 825 826 831 838 (99.0)
207: 828 829 830 835 841 (88.0)
208: 832 845 851 (96.0)
209: 827 833 834 842 844 (83.0)
210: 837 840 843 (91.0)
211: 839 848 859 860 (89.0)
212: 836 846 847 854 (98.0)
213: 849 852 853 856 (99.0)
214: 850 857 858 (62.0)
215: 862 864 865 866 (87.0)
216: 861 863 869 871 873 874 876 (100.0)
217: 855 867 872 877 878 (100.0)
218: 868 875 879 885 (97.0)
219: 870 880 884 893 (99.0)
220: 881 886 891 892 901 (100.0)
221: 882 887 895 900 903 (105.0)
222: 883 888 889 905 (67.0)
223: 896 897 902 907 908 910 911 (97.0)
224: 898 899 913 917 918 (95.0)
225: 890 894 906 909 (100.0)
226: 904 914 921 924 (100.0)
227: 912 920 922 923 927 929 936 (100.0)
228: 916 926 928 934 941 944 (110.0)
229: 915 931 932 937 939 (101.0)
230: 919 925 933 935 942 (105.0)
231: 930 940 943 954 (103.0)
232: 945 946 963 964 968 (98.0)
233: 948 949 950 959 (98.0)
234: 938 956 958 962 970 972 (103.0)
235: 953 955 960 (86.0)
236: 947 952 966 969 973 (93.0)
237: 951 957 971 976 978 984 (100.0)
238: 961 965 974 979 980 (100.0)
239: 967 981 982 983 999 (101.0)
240: 975 985 993 997 (99.0)
241: 977 989 990 991 994 (98.0)
242: 986 987 988 992 995 996 998 (111.0)
