Name: 100-30-50
Time: 8.865331172943115 
Result: 16
Solution:  0 0 2 2 2 1 2 1 0 2 1 1 7 6 2 3 3 4 5 2 4 6 5 6 6 3 9 4 6 8 5 7 5 7 8 9 11 10 9 9 8 10 8 12 10 9 14 12 13 10 14 14 12 12 14 11 11 13 10 12 13 14 14 11 13 13 19 14 12 15 14 17 16 16 16 16 17 16 17 21 15 15 18 17 15 17 21 20 20 20 20 18 18 19 19 21 20 19 20 21
0: 0 1 8 (33.0)
1: 5 7 10 11 (31.0)
2: 2 3 4 6 9 14 19 (32.0)
3: 15 16 25 (33.0)
4: 17 20 27 (39.0)
5: 18 22 30 32 (32.0)
6: 13 21 23 24 28 (31.0)
7: 12 31 33 (32.0)
8: 29 34 40 42 (36.0)
9: 26 35 38 39 45 (35.0)
10: 37 41 44 49 58 (42.0)
11: 36 55 56 63 (39.0)
12: 43 47 52 53 59 68 (37.0)
13: 48 57 60 64 65 (46.0)
14: 46 50 51 54 61 62 67 70 (45.0)
15: 69 80 81 84 (43.0)
16: 72 73 74 75 77 (47.0)
17: 71 76 78 83 85 (35.0)
18: 82 91 92 (37.0)
19: 66 93 94 97 (40.0)
20: 87 88 89 90 96 98 (36.0)
21: 79 86 95 99 (47.0)
