Name: 1000-20-30
Time: 30.69036102294922 
Result: 54019
Solution:  0 1 1 3 4 0 1 1 6 0 1 3 4 4 0 3 3 6 1 5 7 1 1 4 5 8 5 8 7 7 11 7 6 7 8 7 8 9 8 10 10 8 10 10 11 14 13 9 11 10 14 13 15 14 13 13 16 14 17 11 17 13 14 16 17 15 17 14 19 20 17 15 22 20 20 18 19 21 19 17 17 19 19 22 23 18 20 24 20 21 21 23 22 23 20 20 25 24 23 25 26 24 24 25 27 25 26 30 27 25 26 26 28 27 28 31 33 31 27 29 28 29 31 31 30 31 32 31 34 32 29 36 35 37 33 32 30 33 32 32 33 35 35 34 36 36 34 38 36 37 36 39 38 34 40 41 39 37 35 40 40 37 37 39 44 42 42 41 40 42 46 43 42 44 41 41 45 41 41 43 46 48 46 45 44 49 50 45 51 48 47 47 50 48 46 48 47 49 51 46 51 49 49 51 50 51 52 52 54 52 53 52 54 53 56 54 55 56 54 52 55 56 55 55 56 57 56 55 56 57 59 53 57 57 56 58 59 58 61 58 58 61 59 58 60 58 61 64 61 64 64 62 60 64 60 63 63 64 65 65 64 67 64 62 66 65 67 65 65 67 69 68 68 67 67 66 69 67 72 70 73 71 66 70 71 68 72 71 72 71 74 69 72 72 73 73 75 76 73 75 76 74 75 74 74 77 75 78 78 77 75 76 80 78 75 75 79 79 77 81 79 78 80 79 81 77 82 83 86 81 84 82 80 84 83 84 85 84 82 83 84 85 86 85 89 88 86 87 90 88 84 86 88 85 88 87 89 87 89 89 91 93 90 89 87 93 88 93 89 93 92 92 96 90 92 95 93 93 96 92 94 98 91 94 95 94 95 95 94 94 96 93 95 96 92 100 97 95 98 96 97 101 95 102 98 99 97 100 100 98 100 100 100 98 99 103 101 100 100 103 104 101 100 102 102 101 106 107 105 101 101 105 102 101 104 105 108 106 104 104 106 102 106 109 107 111 106 106 106 108 110 107 107 107 109 109 112 106 110 108 107 108 109 110 114 113 111 112 110 114 112 112 112 113 109 114 113 114 109 116 112 117 113 116 118 111 114 113 117 115 117 119 120 114 115 116 117 115 119 115 118 117 120 120 120 121 117 119 120 117 121 122 120 118 121 122 122 119 119 120 123 122 123 126 122 125 124 126 126 121 127 123 120 123 122 126 122 125 129 124 124 122 126 126 127 129 127 127 127 126 130 128 132 132 128 125 128 127 130 126 128 128 130 128 129 131 129 131 130 133 130 131 131 129 133 136 135 133 135 131 134 133 132 136 132 135 136 134 135 138 136 132 135 138 134 140 135 137 137 135 139 139 138 137 140 138 140 139 138 139 136 137 144 140 142 141 144 145 141 139 141 141 143 138 141 143 144 142 142 142 143 144 146 145 143 146 145 143 146 144 147 148 148 144 145 146 146 144 147 147 148 147 147 146 149 146 151 151 151 149 151 148 150 150 147 150 152 152 152 150 152 154 152 152 154 153 149 153 152 152 153 154 156 157 153 157 155 153 154 156 155 155 158 158 156 157 159 158 154 154 158 156 158 157 159 160 155 161 160 158 159 160 157 163 162 165 163 161 159 162 162 164 161 164 160 163 162 166 161 162 161 168 163 165 164 167 166 165 162 164 162 166 168 167 164 166 167 167 167 167 166 168 172 169 171 169 168 168 171 168 170 168 170 170 173 170 168 169 171 170 172 175 169 169 172 171 177 172 172 173 174 174 174 175 170 175 176 171 176 172 177 172 177 177 174 179 175 177 176 176 178 178 175 177 179 179 180 179 179 176 184 180 177 180 180 178 179 181 179 182 181 184 182 182 182 182 182 184 184 183 184 181 187 186 186 188 189 183 185 183 186 185 186 185 184 187 187 185 188 187 188 187 189 188 185 191 185 189 190 189 192 190 190 189 192 191 191 192 188 194 190 196 190 193 194 194 196 196 190 191 193 193 192 192 193 195 194 195 194 195 196 196 195 197 194 197 197 196 198 197 198 198 198 194 197 199 200 200 198 198 200 199 202 200 199 201 201 202 200 201 204 201 200 202 203 202 203 201 205 202 205 201 201 205 203 204 204 206 204 209 204 208 206 208 209 206 207 205 206 207 208 208 205 207 207 210 209 205 208 210 210 207 214 207 211 209 213 212 214 210 215 216 216 214 213 211 215 212 213 212 211 215 211 210 214 213 213 216 214 212 215 215 217 217 216 215 216 217 215 216
0: 0 5 9 14 (21.0)
1: 1 2 6 7 10 18 21 22 (18.0)
2: (0.0)
3: 3 11 15 16 (22.0)
4: 4 12 13 23 (29.0)
5: 19 24 26 (26.0)
6: 8 17 32 (24.0)
7: 20 28 29 31 33 35 (21.0)
8: 25 27 34 36 38 41 (22.0)
9: 37 47 (21.0)
10: 39 40 42 43 49 (22.0)
11: 30 44 48 59 (32.0)
12: (0.0)
13: 46 51 54 55 61 (19.0)
14: 45 50 53 57 62 67 (16.0)
15: 52 65 71 (25.0)
16: 56 63 (21.0)
17: 58 60 64 66 70 79 80 (21.0)
18: 75 85 (20.0)
19: 68 76 78 81 82 (20.0)
20: 69 73 74 86 88 94 95 (18.0)
21: 77 89 90 (20.0)
22: 72 83 92 (25.0)
23: 84 91 93 98 (22.0)
24: 87 97 101 102 (13.0)
25: 96 99 103 105 109 (25.0)
26: 100 106 110 111 (21.0)
27: 104 108 113 118 (25.0)
28: 112 114 120 (23.0)
29: 119 121 130 (20.0)
30: 107 124 136 (20.0)
31: 115 117 122 123 125 127 (26.0)
32: 126 129 135 138 139 (16.0)
33: 116 134 137 140 (23.0)
34: 128 143 146 153 (17.0)
35: 132 141 142 158 (23.0)
36: 131 144 145 148 150 (23.0)
37: 133 149 157 161 162 (19.0)
38: 147 152 (21.0)
39: 151 156 163 (23.0)
40: 154 159 160 168 (22.0)
41: 155 167 174 175 177 178 (17.0)
42: 165 166 169 172 (23.0)
43: 171 179 (22.0)
44: 164 173 184 (22.0)
45: 176 183 187 (20.0)
46: 170 180 182 194 199 (16.0)
47: 190 191 196 (26.0)
48: 181 189 193 195 (20.0)
49: 185 197 201 202 (17.0)
50: 186 192 204 (24.0)
51: 188 198 200 203 205 (19.0)
52: 206 207 209 211 219 (28.0)
53: 210 213 231 (25.0)
54: 208 212 215 218 (30.0)
55: 216 220 222 223 227 (27.0)
56: 214 217 221 224 226 228 234 (28.0)
57: 225 229 232 233 (26.0)
58: 235 237 239 240 243 245 (21.0)
59: 230 236 242 (30.0)
60: 244 252 254 (22.0)
61: 238 241 246 248 (17.0)
62: 251 263 (27.0)
63: 255 256 (24.0)
64: 247 249 250 253 257 260 262 (20.0)
65: 258 259 265 267 268 (21.0)
66: 264 275 282 (23.0)
67: 261 266 269 273 274 277 (21.0)
68: 271 272 285 (20.0)
69: 270 276 291 (22.0)
70: 279 283 (23.0)
71: 281 284 287 289 (22.0)
72: 278 286 288 292 293 (21.0)
73: 280 294 295 298 (22.0)
74: 290 301 303 304 (21.0)
75: 296 299 302 306 310 314 315 (20.0)
76: 297 300 311 (20.0)
77: 305 309 318 325 (28.0)
78: 307 308 313 321 (22.0)
79: 316 317 320 323 (27.0)
80: 312 322 332 (27.0)
81: 319 324 329 (21.0)
82: 326 331 338 (21.0)
83: 327 334 339 (27.0)
84: 330 333 335 337 340 350 (20.0)
85: 336 341 343 353 (20.0)
86: 328 342 346 351 (22.0)
87: 347 355 357 364 (28.0)
88: 345 349 352 354 366 (21.0)
89: 344 356 358 359 363 368 (29.0)
90: 348 362 373 (26.0)
91: 360 382 (30.0)
92: 370 371 374 379 394 (28.0)
93: 361 365 367 369 376 377 391 (29.0)
94: 380 383 385 388 389 (24.0)
95: 375 384 386 387 392 397 402 (20.0)
96: 372 378 390 393 399 (23.0)
97: 396 400 406 (20.0)
98: 381 398 404 409 413 (22.0)
99: 405 414 (20.0)
100: 395 407 408 410 411 412 417 418 422 (20.0)
101: 401 416 421 425 429 430 433 (20.0)
102: 403 423 424 432 441 (29.0)
103: 415 419 (21.0)
104: 420 434 438 439 (25.0)
105: 428 431 435 (25.0)
106: 426 437 440 442 446 447 448 457 (27.0)
107: 427 444 451 452 453 460 (26.0)
108: 436 449 459 461 (25.0)
109: 443 454 455 462 474 478 (24.0)
110: 450 458 463 468 (22.0)
111: 445 466 485 (23.0)
112: 456 467 470 471 472 480 (26.0)
113: 465 473 476 482 487 (27.0)
114: 464 469 475 477 486 493 (28.0)
115: 489 494 497 499 (25.0)
116: 479 483 495 (23.0)
117: 481 488 490 496 501 506 509 (31.0)
118: 484 500 513 (31.0)
119: 491 498 507 517 518 (22.0)
120: 492 502 503 504 508 512 519 532 (24.0)
121: 505 510 514 529 (24.0)
122: 511 515 516 521 524 534 536 541 (24.0)
123: 520 522 531 533 (30.0)
124: 526 539 540 (25.0)
125: 525 537 555 (23.0)
126: 523 527 528 535 542 543 549 559 (26.0)
127: 530 544 546 547 548 557 (30.0)
128: 551 554 556 560 561 563 (30.0)
129: 538 545 564 566 573 (30.0)
130: 550 558 562 568 570 (26.0)
131: 565 567 571 572 579 (30.0)
132: 552 553 582 584 591 (25.0)
133: 569 574 577 581 (22.0)
134: 580 587 594 (30.0)
135: 576 578 585 588 592 596 599 (21.0)
136: 575 583 586 590 610 (24.0)
137: 597 598 603 611 (24.0)
138: 589 593 602 605 608 623 (29.0)
139: 600 601 607 609 619 (25.0)
140: 595 604 606 613 (29.0)
141: 615 618 620 621 624 (30.0)
142: 614 627 628 629 (29.0)
143: 622 625 630 634 637 (30.0)
144: 612 616 626 631 639 643 647 (27.0)
145: 617 633 636 644 (23.0)
146: 632 635 638 645 646 653 655 (25.0)
147: 640 648 649 651 652 664 (30.0)
148: 641 642 650 661 (23.0)
149: 654 659 676 (30.0)
150: 662 663 665 669 (29.0)
151: 656 657 658 660 (29.0)
152: 666 667 668 670 672 673 678 679 (29.0)
153: 675 677 680 684 687 (25.0)
154: 671 674 681 688 698 699 (24.0)
155: 686 690 691 706 (25.0)
156: 682 689 694 701 (29.0)
157: 683 685 695 703 712 (30.0)
158: 692 693 697 700 702 709 (28.0)
159: 696 704 710 718 (27.0)
160: 705 708 711 724 (31.0)
161: 707 717 722 728 730 (24.0)
162: 714 719 720 726 729 738 740 (27.0)
163: 713 716 725 732 (23.0)
164: 721 723 734 739 744 (29.0)
165: 715 733 737 (31.0)
166: 727 736 741 745 750 (26.0)
167: 735 743 746 747 748 749 (30.0)
168: 731 742 751 756 757 759 761 766 (30.0)
169: 753 755 767 772 773 (26.0)
170: 760 762 763 765 769 784 (29.0)
171: 754 758 768 775 787 (26.0)
172: 752 770 774 777 778 789 791 (30.0)
173: 764 779 (32.0)
174: 780 781 782 794 (30.0)
175: 771 783 785 796 802 (26.0)
176: 786 788 798 799 809 (30.0)
177: 776 790 792 793 797 803 812 (29.0)
178: 800 801 815 (30.0)
179: 795 804 805 807 808 816 818 (27.0)
180: 806 811 813 814 (30.0)
181: 817 820 831 (30.0)
182: 819 822 823 824 825 826 (30.0)
183: 829 837 839 (24.0)
184: 810 821 827 828 830 844 (30.0)
185: 838 841 843 847 854 856 (25.0)
186: 833 834 840 842 (25.0)
187: 832 845 846 849 851 (28.0)
188: 835 848 850 853 868 (23.0)
189: 836 852 857 859 863 (32.0)
190: 858 861 862 870 872 878 (30.0)
191: 855 865 866 879 (30.0)
192: 860 864 867 882 883 (29.0)
193: 873 880 881 884 (29.0)
194: 869 874 875 886 888 894 903 (30.0)
195: 885 887 889 892 (30.0)
196: 871 876 877 890 891 897 (30.0)
197: 893 895 896 899 904 (31.0)
198: 898 900 901 902 908 909 (32.0)
199: 905 911 914 (30.0)
200: 906 907 910 913 918 922 (29.0)
201: 915 916 919 921 927 931 932 (30.0)
202: 912 917 923 925 929 (29.0)
203: 924 926 934 (30.0)
204: 920 935 936 938 940 (32.0)
205: 928 930 933 947 952 957 (30.0)
206: 937 942 945 948 (31.0)
207: 946 949 953 954 961 963 (30.0)
208: 941 943 950 951 958 (25.0)
209: 939 944 956 965 (30.0)
210: 955 959 960 969 983 (29.0)
211: 964 975 980 982 (30.0)
212: 967 977 979 989 (30.0)
213: 966 974 978 985 986 (30.0)
214: 962 968 973 984 988 (29.0)
215: 970 976 981 990 991 995 998 (30.0)
216: 971 972 987 994 996 999 (30.0)
217: 992 993 997 (23.0)
