Name: 100-40-75
Time: 8.541450262069702 
Result: 29
Solution:  4 0 1 0 2 1 1 2 0 3 2 1 4 1 3 0 3 4 4 8 4 4 6 3 7 8 2 3 8 7 9 5 7 10 9 5 11 9 7 9 6 12 8 9 7 10 11 9 10 13 8 9 9 11 12 16 11 15 13 10 15 14 13 11 14 17 15 12 16 17 13 17 18 18 14 15 17 16 13 16 17 19 16 18 19 19 20 20 20 18 21 19 20 18 21 21 19 20 21 19
0: 1 3 8 15 (50.0)
1: 2 5 6 11 13 (52.0)
2: 4 7 10 26 (48.0)
3: 9 14 16 23 27 (68.0)
4: 0 12 17 18 20 21 (43.0)
5: 31 35 (51.0)
6: 22 40 (43.0)
7: 24 29 32 38 44 (59.0)
8: 19 25 28 42 50 (51.0)
9: 30 34 37 39 43 47 51 52 (47.0)
10: 33 45 48 59 (60.0)
11: 36 46 53 56 63 (59.0)
12: 41 54 67 (49.0)
13: 49 58 62 70 78 (53.0)
14: 61 64 74 (52.0)
15: 57 60 66 75 (56.0)
16: 55 68 77 79 82 (71.0)
17: 65 69 71 76 80 (72.0)
18: 72 73 83 89 93 (62.0)
19: 81 84 85 91 96 99 (72.0)
20: 86 87 88 92 97 (69.0)
21: 90 94 95 98 (72.0)
