Name: 1000-60-125
Time: 63.23046922683716 
Result: 96
Solution:  0 0 2 0 2 4 0 1 1 2 2 5 3 0 4 3 3 2 6 4 5 6 4 6 10 6 6 4 8 7 7 7 6 10 8 8 9 8 6 6 10 7 9 14 11 11 12 11 14 12 13 8 15 14 11 12 13 16 17 12 15 17 15 14 18 17 16 13 19 16 16 19 21 18 16 15 18 20 19 19 17 16 21 18 20 20 21 23 22 21 26 26 22 23 21 24 20 26 26 23 25 24 24 25 24 26 26 25 27 28 29 28 29 27 26 27 29 29 29 28 30 30 30 30 31 34 33 32 31 33 34 32 35 32 33 34 33 34 35 34 33 33 36 36 35 35 35 37 35 37 37 38 38 42 38 40 38 39 39 39 36 40 40 38 41 40 42 39 41 43 43 42 42 41 44 44 46 42 44 43 47 47 45 43 46 45 44 46 48 44 47 51 45 49 47 47 47 48 49 47 49 49 50 50 52 55 54 49 53 50 52 52 51 56 53 54 57 55 54 55 53 55 56 53 54 56 59 57 53 53 56 56 59 58 59 58 61 63 59 59 59 62 60 61 61 60 59 62 60 64 62 60 65 63 64 62 66 65 61 67 62 62 65 63 66 65 66 65 67 69 65 67 67 67 65 71 67 70 68 65 68 68 71 68 69 75 73 72 73 69 72 71 70 70 74 72 74 76 74 75 78 75 74 78 77 75 77 77 76 76 80 74 76 77 78 79 78 82 80 80 78 81 80 81 79 80 79 83 82 84 84 82 83 84 85 83 81 81 88 84 82 82 86 85 84 87 83 85 89 84 89 85 89 88 88 87 86 91 89 90 90 88 92 92 88 92 93 92 91 92 89 95 91 93 91 95 94 92 93 93 96 91 96 96 94 94 92 100 95 95 95 97 98 99 101 99 99 102 100 100 101 98 97 104 102 103 97 101 102 103 98 101 103 102 101 102 102 106 104 104 105 107 105 103 106 108 108 105 107 109 108 110 105 108 104 105 108 108 105 110 109 110 111 111 114 110 111 113 109 113 110 109 113 111 113 112 113 114 115 114 115 116 115 116 115 116 113 115 118 116 117 119 121 119 117 119 119 118 117 117 117 120 122 122 121 123 119 122 120 122 120 122 123 123 120 124 125 121 124 121 125 125 124 125 126 125 129 125 127 131 124 125 125 128 127 130 129 129 130 128 126 128 130 130 134 129 132 129 132 132 132 132 134 136 134 133 133 136 137 136 135 137 133 134 135 134 135 136 136 136 141 137 137 135 138 142 138 137 140 139 140 140 141 141 139 143 141 141 140 141 142 145 141 142 142 144 147 143 143 145 146 146 144 147 144 147 147 144 145 148 148 143 151 150 147 148 151 150 151 149 154 150 146 149 151 150 152 152 154 152 153 152 154 151 154 153 155 155 156 152 153 153 154 156 154 160 159 157 155 160 157 158 158 160 157 157 159 161 157 158 164 156 162 159 160 164 160 162 166 162 162 161 163 165 165 164 167 164 163 167 166 161 164 162 164 168 167 166 165 170 167 168 168 166 167 169 171 169 170 170 169 170 168 172 172 169 170 175 170 171 171 170 172 169 173 172 171 173 171 173 174 174 174 174 175 177 174 176 175 173 173 178 176 179 177 177 176 175 176 178 176 175 177 176 178 177 179 175 178 180 183 182 181 179 180 183 178 182 178 179 180 181 183 181 182 181 185 180 182 182 184 186 183 183 185 189 187 188 184 187 186 186 184 188 188 183 185 189 187 186 188 188 188 186 190 191 188 188 190 187 187 189 189 189 190 191 191 190 191 193 192 196 192 193 194 194 193 193 193 193 192 193 194 195 194 191 199 196 197 199 192 199 196 197 197 195 194 197 196 195 201 197 194 195 196 199 201 199 201 198 203 198 197 200 203 204 201 198 201 199 200 199 200 199 200 205 203 202 206 200 205 202 207 202 202 204 205 206 203 208 206 210 206 205 206 204 203 207 208 207 208 207 207 208 210 213 208 211 209 213 209 211 210 207 210 212 213 211 209 212 209 210 209 212 211 210 215 215 211 212 215 212 214 213 215 214 214 214 217 215 218 216 217 215 217 214 215 216 217 216 220 218 219 218 219 218 221 216 216 221 219 220 222 221 218 224 222 217 219 220 221 223 223 224 223 222 219 221 223 220 225 220 225 224 226 226 224 225 224 223 222 230 225 227 227 228 226 224 227 230 225 229 227 225 228 228 232 229 228 226 232 231 233 230 232 232 232 231 232 229 231 231 233 232 229 230 230 233 233 233
0: 0 1 3 6 13 (91.0)
1: 7 8 (65.0)
2: 2 4 9 10 17 (39.0)
3: 12 15 16 (62.0)
4: 5 14 19 22 27 (61.0)
5: 11 20 (68.0)
6: 18 21 23 25 26 32 38 39 (47.0)
7: 29 30 31 41 (62.0)
8: 28 34 35 37 51 (64.0)
9: 36 42 (66.0)
10: 24 33 40 (60.0)
11: 44 45 47 54 (46.0)
12: 46 49 55 59 (68.0)
13: 50 56 67 (61.0)
14: 43 48 53 63 (72.0)
15: 52 60 62 75 (96.0)
16: 57 66 69 70 74 81 (48.0)
17: 58 61 65 80 (54.0)
18: 64 73 76 83 (67.0)
19: 68 71 78 79 (65.0)
20: 77 84 85 96 (67.0)
21: 72 82 86 89 94 (64.0)
22: 88 92 (68.0)
23: 87 93 99 (68.0)
24: 95 101 102 104 (77.0)
25: 100 103 107 (61.0)
26: 90 91 97 98 105 106 114 (62.0)
27: 108 113 115 (60.0)
28: 109 111 119 (74.0)
29: 110 112 116 117 118 (57.0)
30: 120 121 122 123 (68.0)
31: 124 128 (68.0)
32: 127 131 133 (69.0)
33: 126 129 134 136 140 141 (65.0)
34: 125 130 135 137 139 (75.0)
35: 132 138 144 145 146 148 (66.0)
36: 142 143 160 (60.0)
37: 147 149 150 (81.0)
38: 151 152 154 156 163 (82.0)
39: 157 158 159 167 (85.0)
40: 155 161 162 165 (76.0)
41: 164 168 173 (67.0)
42: 153 166 171 172 177 (62.0)
43: 169 170 179 183 (70.0)
44: 174 175 178 186 189 (68.0)
45: 182 185 192 (85.0)
46: 176 184 187 (76.0)
47: 180 181 190 194 195 196 199 (65.0)
48: 188 197 (76.0)
49: 193 198 200 201 207 (69.0)
50: 202 203 209 (63.0)
51: 191 212 (72.0)
52: 204 210 211 (62.0)
53: 208 214 220 223 228 229 (80.0)
54: 206 215 218 224 (67.0)
55: 205 217 219 221 (81.0)
56: 213 222 225 230 231 (73.0)
57: 216 227 (73.0)
58: 233 235 (63.0)
59: 226 232 234 238 239 240 246 (60.0)
60: 242 245 248 251 (60.0)
61: 236 243 244 258 (82.0)
62: 241 247 250 255 260 261 (90.0)
63: 237 253 263 (95.0)
64: 249 254 (82.0)
65: 252 257 262 265 267 270 274 279 (86.0)
66: 256 264 266 (109.0)
67: 259 268 271 272 273 276 (103.0)
68: 278 280 281 283 (80.0)
69: 269 284 289 (81.0)
70: 277 292 293 (64.0)
71: 275 282 291 (74.0)
72: 287 290 295 (78.0)
73: 286 288 (61.0)
74: 294 296 298 302 311 (76.0)
75: 285 299 301 305 (78.0)
76: 297 308 309 312 (90.0)
77: 304 306 307 313 (109.0)
78: 300 303 314 316 320 (77.0)
79: 315 324 326 (75.0)
80: 310 318 319 322 325 (87.0)
81: 321 323 336 337 (88.0)
82: 317 328 331 340 341 (102.0)
83: 327 332 335 346 (102.0)
84: 329 330 333 339 344 349 (103.0)
85: 334 343 347 351 (62.0)
86: 342 356 (71.0)
87: 345 355 (79.0)
88: 338 353 354 361 364 (67.0)
89: 348 350 352 358 370 (65.0)
90: 359 360 (71.0)
91: 357 368 372 374 381 (121.0)
92: 362 363 365 367 369 377 386 (85.0)
93: 366 373 378 379 (69.0)
94: 376 384 385 (85.0)
95: 371 375 388 389 390 (71.0)
96: 380 382 383 (69.0)
97: 391 402 406 (100.0)
98: 392 401 410 (96.0)
99: 393 395 396 (87.0)
100: 387 398 399 (69.0)
101: 394 400 407 411 414 (83.0)
102: 397 404 408 413 415 416 (88.0)
103: 405 409 412 423 (93.0)
104: 403 418 419 434 (101.0)
105: 420 422 427 432 435 438 (123.0)
106: 417 424 (72.0)
107: 421 428 (70.0)
108: 425 426 430 433 436 437 (117.0)
109: 429 440 448 451 (93.0)
110: 431 439 441 445 450 (117.0)
111: 442 443 446 453 (68.0)
112: 455 (63.0)
113: 447 449 452 454 456 466 (96.0)
114: 444 457 459 (76.0)
115: 458 460 462 464 467 (87.0)
116: 461 463 465 469 (124.0)
117: 470 474 478 479 480 (94.0)
118: 468 477 (68.0)
119: 471 473 475 476 486 (124.0)
120: 481 488 490 494 (91.0)
121: 472 484 497 499 (123.0)
122: 482 483 487 489 491 (95.0)
123: 485 492 493 (90.0)
124: 495 498 502 510 (79.0)
125: 496 500 501 503 505 507 511 512 (121.0)
126: 504 520 (110.0)
127: 508 514 (63.0)
128: 513 519 521 (64.0)
129: 506 516 517 525 527 (60.0)
130: 515 518 522 523 (84.0)
131: 509 (63.0)
132: 526 528 529 530 531 (125.0)
133: 535 536 542 (112.0)
134: 524 532 534 543 545 (121.0)
135: 540 544 546 553 (107.0)
136: 533 537 539 547 548 549 (116.0)
137: 538 541 551 552 557 (118.0)
138: 554 556 (97.0)
139: 559 564 (94.0)
140: 558 560 561 568 (104.0)
141: 550 562 563 566 567 569 572 (123.0)
142: 555 570 573 574 (84.0)
143: 565 577 578 591 (71.0)
144: 575 582 584 587 (119.0)
145: 571 579 588 (111.0)
146: 580 581 602 (79.0)
147: 576 583 585 586 594 (117.0)
148: 589 590 595 (69.0)
149: 599 603 (120.0)
150: 593 597 601 605 (80.0)
151: 592 596 598 604 613 (92.0)
152: 606 607 609 611 619 (121.0)
153: 610 615 620 621 (120.0)
154: 600 608 612 614 622 624 (126.0)
155: 616 617 628 (122.0)
156: 618 623 641 (83.0)
157: 627 630 634 635 638 (119.0)
158: 631 632 639 (70.0)
159: 626 636 643 (89.0)
160: 625 629 633 644 646 (117.0)
161: 637 651 661 (115.0)
162: 642 647 649 650 663 (124.0)
163: 652 658 (82.0)
164: 640 645 655 657 662 664 (111.0)
165: 653 654 668 (110.0)
166: 648 660 667 673 (120.0)
167: 656 659 666 670 674 (124.0)
168: 665 671 672 682 (122.0)
169: 675 677 680 685 693 (126.0)
170: 669 678 679 681 686 688 691 (124.0)
171: 676 689 690 696 698 (123.0)
172: 683 684 692 695 (125.0)
173: 694 697 699 709 710 (124.0)
174: 700 701 702 703 706 (125.0)
175: 687 704 708 717 721 727 (104.0)
176: 707 712 716 718 720 723 (113.0)
177: 705 714 715 722 725 (125.0)
178: 711 719 724 728 736 738 (118.0)
179: 713 726 733 739 (117.0)
180: 729 734 740 747 (122.0)
181: 732 741 743 745 (124.0)
182: 731 737 744 748 749 (68.0)
183: 730 735 742 752 753 765 (110.0)
184: 750 758 762 (83.0)
185: 746 754 766 (92.0)
186: 751 760 761 769 773 (107.0)
187: 756 759 768 779 780 (125.0)
188: 757 763 764 770 771 772 776 777 (127.0)
189: 755 767 781 782 783 (112.0)
190: 774 778 784 787 (124.0)
191: 775 785 786 788 805 (124.0)
192: 790 792 800 810 (90.0)
193: 789 793 796 797 798 799 801 (115.0)
194: 794 795 802 804 816 822 (121.0)
195: 803 815 819 823 (124.0)
196: 791 807 812 818 824 (124.0)
197: 808 813 814 817 821 832 (125.0)
198: 829 831 837 (97.0)
199: 806 809 811 825 827 839 841 843 (125.0)
200: 833 840 842 844 849 (124.0)
201: 820 826 828 836 838 (121.0)
202: 847 851 853 854 (119.0)
203: 830 834 846 858 866 (135.0)
204: 835 855 865 (122.0)
205: 845 850 856 863 (93.0)
206: 848 857 860 862 864 (109.0)
207: 852 867 869 871 872 883 (125.0)
208: 859 868 870 873 876 (124.0)
209: 878 880 888 890 892 (96.0)
210: 861 874 882 884 891 895 (120.0)
211: 877 881 887 894 898 (131.0)
212: 885 889 893 899 901 (121.0)
213: 875 879 886 903 (122.0)
214: 902 905 906 907 915 (131.0)
215: 896 897 900 904 909 913 916 (125.0)
216: 911 917 919 927 928 (126.0)
217: 908 912 914 918 937 (129.0)
218: 910 921 923 925 934 (125.0)
219: 922 924 930 938 946 (123.0)
220: 920 931 939 949 951 (125.0)
221: 926 929 933 940 947 (125.0)
222: 932 936 945 960 (121.0)
223: 941 942 944 948 959 (115.0)
224: 935 943 953 956 958 967 (121.0)
225: 950 952 957 962 970 973 (125.0)
226: 954 955 966 979 (123.0)
227: 963 964 968 972 (131.0)
228: 965 974 975 978 (126.0)
229: 971 977 989 994 (123.0)
230: 961 969 983 995 996 (127.0)
231: 981 987 990 991 (119.0)
232: 976 980 984 985 986 988 993 (124.0)
233: 982 992 997 998 999 (110.0)
