Name: 100-20-30
Time: 9.620873928070068 
Result: 6
Solution:  1 1 0 1 2 2 1 1 0 1 3 3 1 2 0 0 3 5 2 4 5 4 4 6 5 2 6 0 3 7 4 4 4 5 6 4 4 7 7 5 8 10 5 5 7 6 8 5 10 8 6 7 8 9 9 9 12 8 9 10 7 12 11 6 10 12 12 10 11 9 10 12 15 11 10 13 11 13 12 11 15 16 13 15 15 14 16 13 12 11 16 15 15 16 16 14 16 15 14 14
0: 2 8 14 15 27 (21.0)
1: 0 1 3 6 7 9 12 (27.0)
2: 4 5 13 18 25 (24.0)
3: 10 11 16 28 (22.0)
4: 19 21 22 30 31 32 35 36 (22.0)
5: 17 20 24 33 39 42 43 47 (22.0)
6: 23 26 34 45 50 63 (23.0)
7: 29 37 38 44 51 60 (23.0)
8: 40 46 49 52 57 (25.0)
9: 53 54 55 58 69 (27.0)
10: 41 48 59 64 67 70 74 (21.0)
11: 62 68 73 76 79 89 (23.0)
12: 56 61 65 66 71 78 88 (27.0)
13: 75 77 82 87 (23.0)
14: 85 95 98 99 (26.0)
15: 72 80 83 84 91 92 97 (25.0)
16: 81 86 90 93 94 96 (23.0)
