Name: 1000-30-50
Time: 30.749377727508545 
Result: 50037
Solution:  0 0 3 0 0 3 3 1 1 4 3 2 3 3 1 2 0 3 3 1 6 4 4 6 4 8 2 6 4 4 8 9 5 3 6 7 9 6 7 7 6 7 9 10 8 8 11 9 9 5 11 14 10 9 9 12 12 10 9 15 9 13 13 12 11 14 16 13 16 12 16 13 15 18 16 15 15 12 17 16 14 14 12 13 19 16 18 18 16 17 17 20 18 18 16 17 20 20 19 19 20 18 21 19 23 21 24 22 20 21 19 21 22 21 24 22 24 25 25 22 24 21 27 23 23 26 27 24 26 25 24 29 28 27 27 24 28 27 27 25 28 29 27 30 28 26 28 27 26 29 33 33 30 30 32 31 30 30 30 32 28 31 32 33 32 31 30 34 30 35 34 33 35 35 35 34 36 33 33 36 35 36 33 37 39 36 35 39 37 36 39 38 38 34 37 41 41 40 38 38 44 42 37 37 41 41 40 40 39 41 42 42 42 39 39 45 43 40 44 42 45 43 46 43 43 44 47 44 45 46 46 45 46 46 45 48 48 47 47 47 47 47 49 51 44 48 49 51 50 49 50 49 49 50 53 49 48 52 53 52 50 49 54 53 54 51 51 53 54 53 52 54 52 53 53 55 55 55 53 56 57 55 58 55 56 56 55 55 57 57 54 61 55 57 58 60 60 62 57 59 60 59 62 61 59 61 61 61 60 60 62 63 62 64 63 63 63 61 64 62 64 65 65 64 67 66 65 65 65 68 66 67 67 68 67 69 66 65 67 67 68 71 69 68 68 69 67 69 70 72 73 70 72 69 70 70 70 70 71 71 69 73 74 74 75 74 70 73 71 73 77 74 73 70 77 74 76 71 76 75 78 80 73 76 76 76 78 76 77 78 75 75 78 80 78 78 82 80 78 83 79 82 79 80 79 77 83 81 80 84 82 85 79 80 81 83 81 81 85 82 85 84 85 82 84 87 86 83 81 85 86 86 86 84 89 88 89 90 86 86 90 86 88 88 91 89 89 86 87 89 92 87 89 92 87 90 90 91 94 89 93 96 91 91 91 90 92 97 94 94 95 96 96 94 96 92 94 94 97 99 93 95 96 96 97 95 97 100 100 96 97 96 100 97 98 100 100 100 98 99 99 101 100 98 99 103 101 101 100 101 102 99 102 101 101 101 104 104 101 105 103 104 107 104 102 108 107 107 105 104 106 109 106 109 104 107 109 107 105 111 105 109 108 106 110 108 111 111 109 109 110 109 111 109 109 113 109 111 114 111 114 112 112 109 112 113 116 116 112 113 114 110 115 111 114 117 115 115 115 116 118 119 112 116 120 114 115 117 117 116 116 118 121 121 118 122 119 117 123 120 116 117 123 120 120 119 121 119 120 122 125 122 122 121 122 125 122 121 119 124 127 121 125 122 126 126 121 121 123 125 126 127 123 128 128 126 127 128 131 129 129 131 126 127 127 127 128 129 128 130 130 130 127 134 132 132 133 131 132 130 132 135 128 134 133 133 133 133 131 134 131 137 131 132 135 135 138 135 137 136 136 136 137 139 136 135 137 135 137 137 138 137 138 139 141 136 142 140 140 141 139 138 138 141 142 141 141 140 145 142 139 143 138 141 146 142 144 147 141 143 143 144 144 143 143 149 143 145 144 146 145 147 148 149 146 148 145 149 146 146 147 152 147 148 147 150 153 149 148 147 151 150 150 152 149 155 150 152 150 150 151 151 154 150 151 153 157 155 150 150 155 154 154 156 153 159 155 154 154 156 154 158 155 156 153 157 159 160 156 160 157 157 156 159 159 160 156 157 158 156 158 161 160 161 161 162 162 158 158 162 165 162 163 166 162 164 163 163 166 161 165 164 163 164 165 161 165 165 161 164 166 166 165 163 170 168 163 168 168 167 165 167 164 167 170 165 172 169 167 169 168 171 169 171 165 167 168 170 173 171 169 168 172 170 175 169 170 171 174 169 172 172 172 171 174 172 169 170 173 170 174 175 174 171 171 176 175 175 171 173 175 173 180 173 180 175 174 176 177 179 178 177 181 176 176 176 179 180 178 178 179 177 179 180 178 178 179 180 181 180 181 181 178 181 178 181 182 177 184 180 182 183 184 182 183 184 181 183 185 183 183 182 182 187 180 184 186 185 185 184 185 186 187 187 185 184 184 187 186 183 187 188 184 186 188 189 190 188 188 188 187 187 189 190 192 187 189 192 188 191 190 192 190 190 192 191 191 192 192 192 191 189 189 193 193 192 193 193 193 193
0: 0 1 3 4 16 (30.0)
1: 7 8 14 19 (34.0)
2: 11 15 26 (33.0)
3: 2 5 6 10 12 13 17 18 33 (31.0)
4: 9 21 22 24 28 29 (25.0)
5: 32 49 (30.0)
6: 20 23 27 34 37 40 (27.0)
7: 35 38 39 41 (32.0)
8: 25 30 44 45 (30.0)
9: 31 36 42 47 48 53 54 58 60 (26.0)
10: 43 52 57 (30.0)
11: 46 50 64 (35.0)
12: 55 56 63 69 77 82 (31.0)
13: 61 62 67 71 83 (18.0)
14: 51 65 80 81 (26.0)
15: 59 72 75 76 (33.0)
16: 66 68 70 74 79 85 88 94 (33.0)
17: 78 89 90 95 (34.0)
18: 73 86 87 92 93 101 (40.0)
19: 84 98 99 103 110 (42.0)
20: 91 96 97 100 108 (31.0)
21: 102 105 109 111 113 121 (33.0)
22: 107 112 115 119 (30.0)
23: 104 123 124 (36.0)
24: 106 114 116 120 127 130 135 (33.0)
25: 117 118 129 139 (35.0)
26: 125 128 145 148 (34.0)
27: 122 126 133 134 137 138 142 147 (30.0)
28: 132 136 140 144 146 160 (43.0)
29: 131 141 149 (32.0)
30: 143 152 153 156 157 158 166 168 (30.0)
31: 155 161 165 (32.0)
32: 154 159 162 164 (30.0)
33: 150 151 163 171 177 178 182 (34.0)
34: 167 170 175 193 (31.0)
35: 169 172 173 174 180 186 (35.0)
36: 176 179 181 185 189 (42.0)
37: 183 188 194 202 203 (31.0)
38: 191 192 198 199 (33.0)
39: 184 187 190 208 213 214 (43.0)
40: 197 206 207 217 (35.0)
41: 195 196 204 205 209 (30.0)
42: 201 210 211 212 219 (33.0)
43: 216 221 223 224 (33.0)
44: 200 218 225 227 244 (38.0)
45: 215 220 228 231 234 (32.0)
46: 222 229 230 232 233 (37.0)
47: 226 237 238 239 240 241 (39.0)
48: 235 236 245 256 (35.0)
49: 242 246 249 251 252 255 261 (46.0)
50: 248 250 253 260 (41.0)
51: 243 247 265 266 (38.0)
52: 257 259 270 272 (35.0)
53: 254 258 263 267 269 273 274 278 (31.0)
54: 262 264 268 271 290 (32.0)
55: 275 276 277 281 283 286 287 292 (29.0)
56: 279 284 285 (36.0)
57: 280 288 289 293 298 (30.0)
58: 282 294 (36.0)
59: 299 301 304 (39.0)
60: 295 296 300 308 309 (35.0)
61: 291 303 305 306 307 317 (32.0)
62: 297 302 310 312 319 (35.0)
63: 311 314 315 316 (37.0)
64: 313 318 320 323 (26.0)
65: 321 322 326 327 328 337 (28.0)
66: 325 330 336 (47.0)
67: 324 331 332 334 338 339 346 (39.0)
68: 329 333 340 343 344 (30.0)
69: 335 342 345 347 353 360 (32.0)
70: 348 351 354 355 356 357 366 373 (40.0)
71: 341 358 359 368 377 (38.0)
72: 349 352 (39.0)
73: 350 361 367 369 372 382 (38.0)
74: 362 363 365 371 375 (49.0)
75: 364 379 390 391 (39.0)
76: 376 378 383 384 385 387 (43.0)
77: 370 374 388 405 (37.0)
78: 380 386 389 392 394 395 398 (43.0)
79: 400 402 404 412 (33.0)
80: 381 393 397 403 408 413 (46.0)
81: 407 414 416 417 428 (48.0)
82: 396 401 410 419 423 (44.0)
83: 399 406 415 427 (38.0)
84: 409 421 424 433 (32.0)
85: 411 418 420 422 429 (34.0)
86: 426 430 431 432 438 439 441 447 (50.0)
87: 425 448 451 454 (39.0)
88: 435 442 443 (37.0)
89: 434 436 445 446 449 452 459 (44.0)
90: 437 440 455 456 465 (37.0)
91: 444 457 462 463 464 (43.0)
92: 450 453 466 475 (44.0)
93: 460 480 (35.0)
94: 458 468 469 473 476 477 (46.0)
95: 470 481 485 (33.0)
96: 461 471 472 474 482 483 489 491 (49.0)
97: 467 478 484 486 490 493 (35.0)
98: 494 498 503 (44.0)
99: 479 499 500 504 511 (44.0)
100: 487 488 492 495 496 497 502 508 (38.0)
101: 501 506 507 509 513 514 515 518 (32.0)
102: 510 512 524 (38.0)
103: 505 520 (43.0)
104: 516 517 521 523 529 534 (36.0)
105: 519 528 538 540 (36.0)
106: 530 532 543 (34.0)
107: 522 526 527 535 537 (33.0)
108: 525 542 545 (50.0)
109: 531 533 536 541 548 549 551 553 554 556 563 (35.0)
110: 544 550 571 (50.0)
111: 539 546 547 552 557 559 573 (45.0)
112: 561 562 564 568 582 (48.0)
113: 555 565 569 (50.0)
114: 558 560 570 574 585 (48.0)
115: 572 576 577 578 586 (47.0)
116: 566 567 579 583 589 590 600 (43.0)
117: 575 587 588 597 601 (38.0)
118: 580 591 594 (35.0)
119: 581 596 605 607 618 (39.0)
120: 584 599 603 604 608 (43.0)
121: 592 593 606 613 617 621 626 627 (44.0)
122: 595 609 611 612 614 616 623 (42.0)
123: 598 602 628 632 (41.0)
124: 619 (31.0)
125: 610 615 622 629 (48.0)
126: 624 625 630 635 642 (44.0)
127: 620 631 636 643 644 645 652 (50.0)
128: 633 634 637 646 648 662 (50.0)
129: 639 640 647 (52.0)
130: 649 650 651 659 (49.0)
131: 638 641 657 668 670 672 (45.0)
132: 654 655 658 660 673 (50.0)
133: 656 664 665 666 667 (45.0)
134: 653 663 669 (37.0)
135: 661 674 675 677 685 687 (43.0)
136: 679 680 681 684 695 (55.0)
137: 671 678 682 686 688 689 691 (37.0)
138: 676 690 692 701 702 712 (44.0)
139: 683 693 700 710 (50.0)
140: 697 698 707 (38.0)
141: 694 699 703 705 706 713 718 (50.0)
142: 696 704 709 715 (50.0)
143: 711 719 720 723 724 726 (44.0)
144: 716 721 722 728 (49.0)
145: 708 727 730 736 (42.0)
146: 714 729 734 738 739 (48.0)
147: 717 731 740 742 744 749 (50.0)
148: 732 735 743 748 (41.0)
149: 725 733 737 747 754 (50.0)
150: 745 751 752 756 758 759 763 768 769 (48.0)
151: 750 760 761 764 (50.0)
152: 741 753 757 (39.0)
153: 746 765 774 784 (43.0)
154: 762 771 772 777 778 780 (45.0)
155: 755 767 770 776 782 (47.0)
156: 773 779 783 788 792 796 799 (48.0)
157: 766 785 790 791 797 (35.0)
158: 781 798 800 807 808 (41.0)
159: 775 786 793 794 (50.0)
160: 787 789 795 802 (49.0)
161: 801 803 804 819 825 828 (45.0)
162: 805 806 809 811 814 (50.0)
163: 812 816 817 822 833 836 (50.0)
164: 815 821 823 829 842 (50.0)
165: 810 820 824 826 827 832 840 845 854 (51.0)
166: 813 818 830 831 (50.0)
167: 839 841 843 848 855 (50.0)
168: 835 837 838 850 856 861 (50.0)
169: 847 849 852 860 865 869 876 (50.0)
170: 834 844 857 863 866 877 879 (50.0)
171: 851 853 859 867 873 883 884 888 (48.0)
172: 846 862 870 871 872 875 (51.0)
173: 858 878 889 891 893 (50.0)
174: 868 874 880 882 896 (50.0)
175: 864 881 886 887 890 895 (50.0)
176: 885 897 903 904 905 (51.0)
177: 898 901 911 927 (50.0)
178: 900 908 909 914 915 922 924 (50.0)
179: 899 906 910 912 916 (50.0)
180: 892 894 907 913 917 919 929 944 (46.0)
181: 902 918 920 921 923 925 936 (44.0)
182: 926 930 933 941 942 (50.0)
183: 931 934 937 939 940 959 (50.0)
184: 928 932 935 945 949 955 956 962 (50.0)
185: 938 947 948 950 954 (49.0)
186: 946 951 958 963 (49.0)
187: 943 952 953 957 960 970 971 975 (48.0)
188: 961 964 967 968 969 978 (50.0)
189: 965 972 976 991 992 (42.0)
190: 966 973 980 982 983 (55.0)
191: 979 985 986 990 (40.0)
192: 974 977 981 984 987 988 989 995 (50.0)
193: 993 994 996 997 998 999 (50.0)
