Name: 1000-30-50
Time: 60.78496479988098 
Result: 27
Solution:  0 0 2 1 0 0 1 1 3 3 3 1 1 4 2 2 1 7 1 7 6 1 4 4 4 4 5 7 7 4 3 9 5 4 7 6 10 9 7 5 9 8 9 11 8 10 7 9 9 9 8 13 10 9 9 10 10 12 7 12 11 12 13 12 11 15 14 14 13 13 12 13 16 17 14 14 13 14 16 15 15 15 13 13 18 17 18 16 17 18 17 19 20 16 19 17 19 19 19 21 17 19 20 19 23 21 24 23 19 18 20 21 22 22 22 22 22 23 25 25 22 25 22 24 24 26 28 24 25 21 26 27 27 25 28 24 28 29 25 26 28 28 26 31 28 30 31 26 25 30 29 33 31 30 31 27 31 30 31 29 29 31 32 31 32 32 34 36 31 34 33 37 36 36 35 33 37 34 34 35 34 36 37 34 37 40 38 37 39 36 39 38 36 36 34 41 39 39 40 40 41 40 38 37 41 38 39 42 38 40 44 43 42 38 42 44 43 41 40 43 45 44 45 43 45 45 43 44 42 44 48 44 43 46 47 48 48 47 47 46 47 47 49 46 48 53 49 49 47 49 50 51 49 49 51 47 51 52 52 50 51 51 56 49 54 52 54 56 54 53 52 55 53 54 55 56 58 54 57 53 59 54 57 57 57 56 54 55 58 55 55 58 57 58 59 62 59 56 56 61 60 59 63 58 60 63 58 63 60 60 62 62 63 65 62 64 63 63 65 61 64 65 63 63 66 67 66 65 65 63 66 70 66 66 70 70 67 65 67 67 68 68 71 72 68 68 70 69 73 69 73 71 66 71 68 71 71 71 71 69 72 71 76 74 75 73 72 73 71 77 75 75 72 72 76 76 75 71 77 74 77 80 75 79 78 76 77 76 76 80 78 77 79 79 78 79 78 80 78 80 80 82 81 80 79 81 81 81 82 83 83 83 84 81 82 83 81 82 84 81 83 84 84 85 84 85 86 85 86 84 86 85 86 84 88 89 84 90 86 86 90 85 88 88 87 88 87 86 89 90 87 91 90 92 87 92 89 91 90 89 91 92 90 89 95 90 92 95 93 94 93 94 94 94 93 95 96 95 97 96 97 95 94 95 96 98 99 93 95 96 97 96 99 97 100 97 102 99 98 99 101 101 102 101 99 104 98 99 100 102 102 99 101 100 102 104 102 104 102 100 103 103 105 103 102 105 103 105 104 105 106 108 107 105 105 107 109 108 106 107 109 111 107 107 106 109 111 112 109 108 110 108 111 108 108 113 109 113 108 112 115 112 111 112 113 114 113 113 110 111 112 115 116 112 114 117 116 117 113 118 120 118 112 114 118 114 113 117 117 114 120 115 122 119 118 122 122 116 120 121 118 119 116 121 122 119 122 118 123 120 119 123 121 124 121 123 123 124 123 123 126 124 125 122 125 124 121 128 125 125 124 127 127 124 129 128 127 127 128 129 126 132 126 127 129 127 128 129 129 128 131 130 130 128 131 132 134 131 131 131 132 133 133 134 134 133 134 136 130 133 130 133 134 135 137 136 133 134 137 134 137 136 136 136 136 135 135 135 137 140 140 136 141 138 139 137 140 140 138 140 138 138 140 140 143 140 144 141 142 142 141 142 139 142 143 142 142 147 140 143 144 141 143 144 147 146 146 146 144 145 145 145 148 145 149 147 146 145 146 147 148 152 148 146 147 152 153 149 151 149 153 148 149 146 150 151 152 148 150 152 153 149 153 149 154 150 153 155 156 150 156 154 152 154 153 151 154 154 154 155 159 155 155 157 157 158 157 154 156 156 157 158 158 159 159 160 159 158 158 155 157 162 160 161 162 161 161 159 158 160 163 164 164 162 162 163 162 163 163 165 161 166 164 164 165 166 162 163 161 165 169 167 164 169 170 168 167 167 167 167 164 166 168 166 166 164 167 168 168 165 168 173 168 171 170 165 170 170 170 171 168 169 171 172 171 172 175 169 175 169 172 172 173 171 173 172 169 170 176 172 177 174 175 171 176 171 175 177 174 173 175 173 180 177 179 176 179 178 179 175 177 176 180 175 176 177 175 180 178 177 179 178 180 180 182 175 176 184 180 180 178 181 185 181 180 181 182 179 181 180 182 181 185 182 183 185 182 183 182 183 186 183 185 184 181 184 187 186 186 186 184 186 187 185 184 183 185 187 187 185 189 185 185 186 188 189 191 187 188 184 188 188 187 190 188 192 189 192 191 189 190 190 191 188 192 193 191 192 190 193 192 191 192 193 190 193 193 193 193 192
0: 0 1 4 5 (29.0)
1: 3 6 7 11 12 16 18 21 (25.0)
2: 2 14 15 (33.0)
3: 8 9 10 30 (33.0)
4: 13 22 23 24 25 29 33 (32.0)
5: 26 32 39 (34.0)
6: 20 35 (33.0)
7: 17 19 27 28 34 38 46 58 (25.0)
8: 41 44 50 (30.0)
9: 31 37 40 42 47 48 49 53 54 (26.0)
10: 36 45 52 55 56 (32.0)
11: 43 60 64 (35.0)
12: 57 59 61 63 70 (33.0)
13: 51 62 68 69 71 76 82 83 (27.0)
14: 66 67 74 75 77 (31.0)
15: 65 79 80 81 (30.0)
16: 72 78 87 93 (31.0)
17: 73 85 88 90 95 100 (38.0)
18: 84 86 89 109 (36.0)
19: 91 94 96 97 98 101 103 108 (27.0)
20: 92 102 110 (31.0)
21: 99 105 111 129 (33.0)
22: 112 113 114 115 116 120 122 (34.0)
23: 104 107 117 (34.0)
24: 106 123 124 127 135 (38.0)
25: 118 119 121 128 133 138 148 (34.0)
26: 125 130 139 142 147 (35.0)
27: 131 132 155 (32.0)
28: 126 134 136 140 141 144 (38.0)
29: 137 150 159 160 (31.0)
30: 145 149 153 157 (38.0)
31: 143 146 152 154 156 158 161 163 168 (25.0)
32: 162 164 165 (33.0)
33: 151 170 175 (30.0)
34: 166 169 177 178 180 183 194 (33.0)
35: 174 179 (32.0)
36: 167 172 173 181 189 192 193 (34.0)
37: 171 176 182 184 187 203 (31.0)
38: 186 191 202 205 208 213 (32.0)
39: 188 190 196 197 206 (33.0)
40: 185 198 199 201 209 218 (43.0)
41: 195 200 204 217 (30.0)
42: 207 212 214 228 (37.0)
43: 211 216 219 223 226 232 (44.0)
44: 210 215 221 227 229 231 (34.0)
45: 220 222 224 225 (39.0)
46: 233 239 243 (36.0)
47: 234 237 238 240 241 248 255 (37.0)
48: 230 235 236 244 (34.0)
49: 242 246 247 249 252 253 263 (36.0)
50: 250 259 (36.0)
51: 251 254 256 260 261 (32.0)
52: 257 258 265 270 (39.0)
53: 245 269 272 279 (38.0)
54: 264 266 268 273 277 281 286 (34.0)
55: 271 274 287 289 290 (31.0)
56: 262 267 275 285 297 298 (33.0)
57: 278 282 283 284 292 (41.0)
58: 276 288 291 293 303 306 (36.0)
59: 280 294 296 301 (32.0)
60: 300 304 308 309 (40.0)
61: 299 319 (33.0)
62: 295 310 311 314 (32.0)
63: 302 305 307 312 316 317 322 323 329 (28.0)
64: 315 320 (32.0)
65: 313 318 321 327 328 337 (30.0)
66: 324 326 330 332 333 352 (32.0)
67: 325 336 338 339 (46.0)
68: 340 341 344 345 354 (37.0)
69: 347 349 359 (48.0)
70: 331 334 335 346 (37.0)
71: 342 351 353 355 356 357 358 361 368 377 (35.0)
72: 343 360 366 372 373 (33.0)
73: 348 350 365 367 (38.0)
74: 363 379 (41.0)
75: 364 370 371 376 382 (31.0)
76: 362 374 375 385 387 388 (46.0)
77: 369 378 380 386 391 (37.0)
78: 384 390 394 396 398 (40.0)
79: 383 392 393 395 404 (37.0)
80: 381 389 397 399 400 403 (45.0)
81: 402 405 406 407 413 416 419 (49.0)
82: 401 408 414 417 (43.0)
83: 409 410 411 415 420 (43.0)
84: 412 418 421 422 424 429 433 436 (49.0)
85: 423 425 427 431 441 (35.0)
86: 426 428 430 432 438 439 447 (48.0)
87: 444 446 450 454 (34.0)
88: 434 442 443 445 (36.0)
89: 435 448 456 459 463 (50.0)
90: 437 440 449 452 458 462 465 (50.0)
91: 451 457 460 (36.0)
92: 453 455 461 466 (30.0)
93: 468 470 474 487 (36.0)
94: 469 471 472 473 482 (40.0)
95: 464 467 475 477 481 483 488 (47.0)
96: 476 479 484 489 491 (34.0)
97: 478 480 490 493 495 (41.0)
98: 485 498 506 (36.0)
99: 486 492 497 499 504 507 511 (36.0)
100: 494 508 513 519 (50.0)
101: 500 501 503 512 (50.0)
102: 496 502 509 510 514 516 518 524 (45.0)
103: 520 521 523 526 (33.0)
104: 505 515 517 528 (37.0)
105: 522 525 527 529 533 534 (46.0)
106: 530 538 544 (42.0)
107: 532 535 539 542 543 (48.0)
108: 531 537 549 551 553 554 558 (32.0)
109: 536 540 545 548 556 (45.0)
110: 550 568 (33.0)
111: 541 546 552 562 569 (37.0)
112: 547 559 561 563 570 573 582 (37.0)
113: 555 557 564 566 567 578 586 (49.0)
114: 565 574 583 585 589 (50.0)
115: 560 571 591 (35.0)
116: 572 576 597 602 (38.0)
117: 575 577 587 588 (52.0)
118: 579 581 584 594 600 607 (50.0)
119: 593 601 605 610 (43.0)
120: 580 590 598 609 (33.0)
121: 599 603 612 614 626 (42.0)
122: 592 595 596 604 606 623 (38.0)
123: 608 611 615 616 618 619 (49.0)
124: 613 617 621 625 630 633 (43.0)
125: 622 624 628 629 (49.0)
126: 620 640 642 (48.0)
127: 631 632 636 637 643 645 (44.0)
128: 627 635 638 646 649 653 (47.0)
129: 634 639 644 647 648 (49.0)
130: 651 652 668 670 (45.0)
131: 650 654 657 658 659 (46.0)
132: 641 655 660 (34.0)
133: 661 662 665 669 671 676 (47.0)
134: 656 663 664 666 672 677 679 (50.0)
135: 673 685 686 687 (38.0)
136: 667 675 681 682 683 684 691 (49.0)
137: 674 678 680 688 695 (45.0)
138: 693 698 700 701 (50.0)
139: 694 712 (32.0)
140: 689 690 696 697 699 702 703 705 718 (49.0)
141: 692 707 710 721 (50.0)
142: 708 709 711 713 715 716 (51.0)
143: 704 714 719 722 (50.0)
144: 706 720 723 728 (41.0)
145: 729 730 731 733 737 (49.0)
146: 725 726 727 736 738 743 753 (49.0)
147: 717 724 735 739 744 (50.0)
148: 732 740 742 751 757 (46.0)
149: 734 747 749 752 761 763 (50.0)
150: 754 758 765 769 (50.0)
151: 748 755 775 (34.0)
152: 741 745 756 759 772 (41.0)
153: 746 750 760 762 766 774 (43.0)
154: 764 771 773 776 777 778 787 (48.0)
155: 767 779 781 782 799 (44.0)
156: 768 770 788 789 (40.0)
157: 783 784 786 790 800 (50.0)
158: 785 791 792 797 798 808 (49.0)
159: 780 793 794 796 807 (50.0)
160: 795 802 809 (50.0)
161: 803 805 806 820 828 (44.0)
162: 801 804 813 814 816 826 (51.0)
163: 810 815 817 818 827 (51.0)
164: 811 812 822 823 832 840 845 (50.0)
165: 819 824 829 849 855 (50.0)
166: 821 825 841 843 844 (50.0)
167: 831 836 837 838 839 846 (50.0)
168: 835 842 847 848 850 852 860 (42.0)
169: 830 833 861 867 869 876 (39.0)
170: 834 854 856 857 858 877 (50.0)
171: 853 859 862 864 873 883 885 (34.0)
172: 863 865 870 871 875 879 (52.0)
173: 851 872 874 889 891 (47.0)
174: 881 888 (50.0)
175: 866 868 882 886 890 899 903 906 915 (50.0)
176: 878 884 895 901 904 916 (50.0)
177: 880 887 893 900 905 909 (50.0)
178: 897 908 911 920 (50.0)
179: 894 896 898 910 927 (50.0)
180: 892 902 907 912 913 918 919 924 929 (52.0)
181: 921 923 925 928 931 944 (50.0)
182: 914 926 930 933 936 938 (50.0)
183: 934 937 939 941 955 (51.0)
184: 917 943 945 950 954 969 (48.0)
185: 922 932 935 942 953 956 959 961 962 (49.0)
186: 940 947 948 949 951 963 (49.0)
187: 946 952 957 958 967 972 (49.0)
188: 964 968 970 971 974 983 (43.0)
189: 960 965 976 979 (42.0)
190: 973 980 981 988 994 (49.0)
191: 966 978 982 986 991 (50.0)
192: 975 977 984 987 990 992 999 (49.0)
193: 985 989 993 995 996 997 998 (50.0)
