Name: 100-30-50
Time: 8.160513877868652 
Result: 19
Solution:  0 1 2 4 2 2 1 1 2 1 6 3 0 1 4 3 5 4 5 1 6 7 4 4 7 3 5 6 4 9 7 7 8 8 7 9 9 7 9 8 11 10 12 11 11 11 13 10 15 10 15 12 10 12 11 12 14 12 10 13 13 14 15 13 14 15 15 13 19 14 13 19 14 16 16 15 16 17 16 19 18 14 17 20 18 17 19 20 19 20 19 20 18 21 20 21 21 20 17 21
0: 0 12 (31.0)
1: 1 6 7 9 13 19 (31.0)
2: 2 4 5 8 (30.0)
3: 11 15 25 (31.0)
4: 3 14 17 22 23 28 (31.0)
5: 16 18 26 (32.0)
6: 10 20 27 (36.0)
7: 21 24 30 31 34 37 (30.0)
8: 32 33 39 (38.0)
9: 29 35 36 38 (39.0)
10: 41 47 49 52 58 (38.0)
11: 40 43 44 45 54 (39.0)
12: 42 51 53 55 57 (49.0)
13: 46 59 60 63 67 70 (44.0)
14: 56 61 64 69 72 81 (44.0)
15: 48 50 62 65 66 75 (42.0)
16: 73 74 76 78 (39.0)
17: 77 82 85 98 (40.0)
18: 80 84 92 (34.0)
19: 68 71 79 86 88 90 (37.0)
20: 83 87 89 91 94 97 (46.0)
21: 93 95 96 99 (47.0)
