Name: 100-40-75
Time: 3.972238302230835 
Result: 31
Solution:  2 0 0 0 1 2 2 2 1 2 0 3 1 3 3 1 2 4 6 7 6 2 5 4 8 8 3 3 8 7 7 4 9 10 7 5 11 8 9 7 6 11 9 10 7 10 11 8 10 15 9 9 13 11 12 13 12 13 13 12 14 13 13 14 14 18 14 16 17 16 14 14 19 18 15 16 18 19 15 17 15 18 15 18 20 19 18 17 19 17 19 19 21 18 20 20 20 20 21 21
0: 1 2 3 10 (45.0)
1: 4 8 12 15 (51.0)
2: 0 5 6 7 9 16 21 (62.0)
3: 11 13 14 26 27 (55.0)
4: 17 23 31 (50.0)
5: 22 35 (43.0)
6: 18 20 40 (49.0)
7: 19 29 30 34 39 44 (54.0)
8: 24 25 28 37 47 (48.0)
9: 32 38 42 50 51 (49.0)
10: 33 43 45 48 (51.0)
11: 36 41 46 53 (50.0)
12: 54 56 59 (52.0)
13: 52 55 57 58 61 62 (74.0)
14: 60 63 64 66 70 71 (62.0)
15: 49 74 78 80 82 (74.0)
16: 67 69 75 (73.0)
17: 68 79 87 89 (74.0)
18: 65 73 76 81 83 86 93 (60.0)
19: 72 77 85 88 90 91 (57.0)
20: 84 94 95 96 97 (74.0)
21: 92 98 99 (52.0)
