Name: 1000-60-125
Time: 31.48773217201233 
Result: 88104
Solution:  0 0 2 1 5 3 1 1 0 2 4 3 3 3 5 4 2 2 6 5 4 6 6 6 9 6 6 5 9 8 7 7 6 10 8 7 8 10 6 10 7 9 9 12 11 12 11 13 12 12 10 13 15 12 16 11 14 16 13 14 15 13 15 17 16 16 15 14 18 17 18 16 20 19 17 21 18 19 19 17 17 19 19 20 20 23 19 20 22 19 26 22 23 23 23 24 22 21 23 23 27 23 27 26 25 25 24 27 27 30 27 26 32 25 27 24 30 33 32 29 28 28 30 28 31 34 32 30 29 36 33 33 34 32 32 29 34 34 31 35 34 33 35 35 34 35 36 36 38 37 36 40 40 42 39 38 39 39 39 37 41 43 41 39 39 42 44 38 42 42 44 42 40 41 39 44 45 43 44 43 48 43 43 45 45 46 47 48 47 50 46 48 46 49 50 47 50 49 51 46 51 48 49 47 53 51 51 53 52 48 53 52 50 54 53 52 54 51 53 55 56 56 59 51 54 56 59 56 54 55 55 59 60 58 60 62 61 58 59 60 64 63 61 60 57 63 57 57 61 62 62 60 64 63 63 64 68 65 62 63 69 66 65 65 65 66 66 64 69 68 65 68 66 68 66 67 71 71 68 66 74 69 70 70 70 73 72 75 73 70 72 74 69 71 75 73 76 74 75 74 76 75 73 76 76 77 78 77 77 77 78 74 78 79 78 81 81 79 80 80 83 81 82 79 81 83 78 83 80 84 79 83 82 80 85 83 82 82 85 84 83 82 84 85 86 87 86 85 88 86 91 84 87 92 85 89 88 92 87 87 90 88 88 91 91 89 94 92 90 92 92 95 91 91 93 95 93 90 93 93 96 92 96 95 94 99 92 97 95 97 96 98 98 97 98 97 99 98 101 100 101 100 104 100 101 103 101 100 104 99 103 102 104 101 102 103 102 108 102 103 103 104 106 106 105 102 106 105 107 109 110 107 106 108 106 106 111 107 105 108 112 110 109 110 109 108 111 111 114 115 109 113 113 113 112 112 114 113 114 114 115 114 118 115 114 116 113 116 117 120 120 121 121 116 117 118 119 118 116 121 118 117 119 122 122 122 122 120 123 122 121 122 121 126 120 120 125 124 123 122 127 125 125 125 126 127 130 125 127 129 123 124 130 128 130 127 131 129 131 128 131 130 131 127 128 134 131 129 132 133 133 132 132 134 133 134 133 137 133 134 134 133 132 132 135 136 135 138 137 138 141 136 136 135 140 137 142 138 139 138 140 139 141 140 139 141 141 141 144 141 138 143 140 144 141 143 144 142 143 142 145 148 146 142 146 147 145 146 148 148 149 144 150 147 147 148 151 151 149 149 154 151 151 147 149 151 150 151 153 153 152 150 154 152 155 153 156 156 156 152 154 154 153 155 154 158 157 157 159 160 157 159 157 160 157 158 159 158 159 160 163 163 161 156 160 164 160 162 164 162 162 161 164 165 165 161 167 162 167 165 164 161 164 166 163 165 166 168 169 167 167 169 166 168 166 172 172 173 170 168 171 172 171 171 172 168 175 173 171 171 170 170 173 169 169 173 170 175 171 173 174 177 174 175 174 177 177 172 176 172 174 176 174 176 176 179 175 176 180 175 179 177 178 180 181 179 181 178 183 180 184 180 180 178 180 182 178 181 178 183 182 181 183 186 182 182 186 179 184 180 185 186 184 184 187 188 188 184 185 186 186 183 185 188 187 184 187 190 187 184 188 187 189 189 189 191 188 190 185 188 190 190 189 189 187 191 194 191 192 192 192 193 190 196 190 194 192 193 194 193 195 196 190 198 194 196 197 194 196 192 197 199 192 196 200 197 195 197 197 195 201 197 195 199 197 199 195 198 200 199 204 199 200 200 200 198 201 201 201 198 202 203 200 200 201 203 203 202 202 203 205 204 207 202 203 204 205 205 204 206 204 210 208 209 206 205 204 207 207 207 208 209 206 208 209 210 211 211 208 208 210 210 207 207 210 209 214 209 209 212 211 209 214 212 211 212 212 213 213 215 216 212 215 213 214 215 213 214 217 215 213 216 217 215 216 219 217 217 217 218 220 217 219 220 217 215 215 220 218 219 216 220 222 222 221 221 222 221 223 219 222 220 223 221 222 225 219 224 224 219 224 221 224 227 227 225 226 224 225 223 223 230 227 223 226 227 226 230 228 227 226 228 227 225 228 229 233 229 229 225 230 229 233 230 229 232 233 228 233 232 232 231 231 231 229 231 230 232 233 233
0: 0 1 8 (60.0)
1: 3 6 7 (71.0)
2: 2 9 16 17 (63.0)
3: 5 11 12 13 (65.0)
4: 10 15 20 (61.0)
5: 4 14 19 27 (61.0)
6: 18 21 22 23 25 26 32 38 (39.0)
7: 30 31 35 40 (62.0)
8: 29 34 36 (72.0)
9: 24 28 41 42 (63.0)
10: 33 37 39 50 (62.0)
11: 44 46 55 (37.0)
12: 43 45 48 49 53 (68.0)
13: 47 51 58 61 (63.0)
14: 56 59 67 (71.0)
15: 52 60 62 66 (70.0)
16: 54 57 64 65 71 (67.0)
17: 63 69 74 79 80 (66.0)
18: 68 70 76 (76.0)
19: 73 77 78 81 82 86 89 (61.0)
20: 72 83 84 87 (70.0)
21: 75 97 (55.0)
22: 88 91 96 (67.0)
23: 85 92 93 94 98 99 101 (104.0)
24: 95 106 115 (60.0)
25: 104 105 113 (62.0)
26: 90 103 111 (74.0)
27: 100 102 107 108 110 114 (69.0)
28: 120 121 123 (63.0)
29: 119 128 135 (78.0)
30: 109 116 122 127 (68.0)
31: 124 138 (63.0)
32: 112 118 126 133 134 (62.0)
33: 117 130 131 141 (62.0)
34: 125 132 136 137 140 144 (60.0)
35: 139 142 143 145 (67.0)
36: 129 146 147 150 (63.0)
37: 149 159 (73.0)
38: 148 155 167 (62.0)
39: 154 156 157 158 163 164 174 (60.0)
40: 151 152 172 (66.0)
41: 160 162 173 (72.0)
42: 153 165 168 169 171 (85.0)
43: 161 177 179 181 182 (76.0)
44: 166 170 175 178 (71.0)
45: 176 183 184 (81.0)
46: 185 190 192 199 (82.0)
47: 186 188 195 203 (100.0)
48: 180 187 191 201 209 (74.0)
49: 193 197 202 (65.0)
50: 189 194 196 212 (57.0)
51: 198 200 205 206 217 223 (61.0)
52: 208 211 215 (77.0)
53: 204 207 210 214 218 (80.0)
54: 213 216 224 228 (77.0)
55: 219 229 230 (61.0)
56: 220 221 225 227 (92.0)
57: 244 246 247 (66.0)
58: 233 237 (76.0)
59: 222 226 231 238 (64.0)
60: 232 234 239 243 251 (61.0)
61: 236 242 248 (63.0)
62: 235 249 250 258 (88.0)
63: 241 245 253 254 259 (77.0)
64: 240 252 255 267 (68.0)
65: 257 262 263 264 270 (103.0)
66: 261 265 266 272 274 279 (72.0)
67: 275 (60.0)
68: 256 269 271 273 278 (116.0)
69: 260 268 281 292 (69.0)
70: 282 283 284 289 (76.0)
71: 276 277 293 (77.0)
72: 286 290 (64.0)
73: 285 288 295 302 (88.0)
74: 280 291 297 299 311 (95.0)
75: 287 294 298 301 (67.0)
76: 296 300 303 304 (81.0)
77: 305 307 308 309 (101.0)
78: 306 310 312 314 326 (104.0)
79: 313 317 323 330 (66.0)
80: 318 319 328 333 (114.0)
81: 315 316 321 324 (66.0)
82: 322 332 336 337 341 (86.0)
83: 320 325 327 331 335 340 (111.0)
84: 329 339 342 351 (93.0)
85: 334 338 343 347 354 (71.0)
86: 344 346 349 (75.0)
87: 345 352 358 359 (77.0)
88: 348 356 361 362 (82.0)
89: 355 365 (76.0)
90: 360 368 377 (80.0)
91: 350 363 364 372 373 (74.0)
92: 353 357 367 369 370 381 386 (74.0)
93: 374 376 378 379 (125.0)
94: 366 384 (66.0)
95: 371 375 383 388 (66.0)
96: 380 382 390 (69.0)
97: 387 389 393 395 (83.0)
98: 391 392 394 397 (120.0)
99: 385 396 409 (84.0)
100: 399 401 403 407 (82.0)
101: 398 400 404 406 413 (93.0)
102: 411 414 416 418 425 (88.0)
103: 405 410 415 419 420 (115.0)
104: 402 408 412 421 (93.0)
105: 424 427 438 (75.0)
106: 422 423 426 432 434 435 (98.0)
107: 428 431 437 (70.0)
108: 417 433 439 445 (104.0)
109: 429 442 444 450 (58.0)
110: 430 441 443 (60.0)
111: 436 446 447 (126.0)
112: 440 454 455 (116.0)
113: 451 452 453 457 466 (107.0)
114: 448 456 458 459 461 464 (73.0)
115: 449 460 463 (86.0)
116: 465 467 473 478 (90.0)
117: 468 474 481 (74.0)
118: 462 475 477 480 (101.0)
119: 476 482 (79.0)
120: 469 470 487 494 495 (91.0)
121: 471 472 479 490 492 (89.0)
122: 483 484 485 486 489 491 499 (107.0)
123: 488 498 510 (79.0)
124: 497 511 (66.0)
125: 496 501 502 503 507 (114.0)
126: 493 504 (113.0)
127: 500 505 508 515 523 (88.0)
128: 513 519 524 (97.0)
129: 509 517 527 (78.0)
130: 506 512 514 521 (98.0)
131: 516 518 520 522 526 (125.0)
132: 528 531 532 542 543 (125.0)
133: 529 530 534 536 538 541 (125.0)
134: 525 533 535 539 540 (119.0)
135: 544 546 553 (97.0)
136: 545 551 552 (68.0)
137: 537 548 555 (91.0)
138: 547 549 557 559 570 (82.0)
139: 558 561 564 (111.0)
140: 554 560 563 572 (124.0)
141: 550 562 565 566 567 569 574 (102.0)
142: 556 577 579 583 (116.0)
143: 571 575 578 (100.0)
144: 568 573 576 591 (121.0)
145: 580 586 (67.0)
146: 582 584 587 (81.0)
147: 585 593 594 603 (127.0)
148: 581 588 589 595 (123.0)
149: 590 598 599 604 (98.0)
150: 592 606 611 (74.0)
151: 596 597 601 602 605 607 (107.0)
152: 610 613 619 (71.0)
153: 608 609 615 622 (120.0)
154: 600 612 620 621 624 (109.0)
155: 614 623 (72.0)
156: 616 617 618 643 (115.0)
157: 626 627 630 632 634 (101.0)
158: 625 635 637 (124.0)
159: 628 631 636 638 (113.0)
160: 629 633 639 644 646 (119.0)
161: 642 651 655 661 (103.0)
162: 647 649 650 657 (104.0)
163: 640 641 664 (90.0)
164: 645 648 652 660 662 (123.0)
165: 653 654 659 665 (105.0)
166: 663 666 672 674 (117.0)
167: 656 658 669 670 (122.0)
168: 667 673 679 685 (112.0)
169: 668 671 693 694 (115.0)
170: 678 690 691 696 (112.0)
171: 680 682 683 688 689 698 (123.0)
172: 675 676 681 684 707 709 (125.0)
173: 677 687 692 695 699 (125.0)
174: 700 702 704 710 712 (94.0)
175: 686 697 703 716 719 (87.0)
176: 708 711 713 714 717 (112.0)
177: 701 705 706 721 (111.0)
178: 722 727 733 736 738 (118.0)
179: 715 720 725 747 (85.0)
180: 718 723 729 731 732 734 749 (123.0)
181: 724 726 737 741 (124.0)
182: 735 740 744 745 (125.0)
183: 728 739 742 761 (98.0)
184: 730 748 752 753 757 765 769 (125.0)
185: 750 758 762 778 (124.0)
186: 743 746 751 759 760 (90.0)
187: 754 764 766 768 771 784 (122.0)
188: 755 756 763 770 776 779 (125.0)
189: 772 773 774 782 783 (118.0)
190: 767 777 780 781 792 794 802 (109.0)
191: 775 785 787 (110.0)
192: 788 789 790 796 809 812 (104.0)
193: 791 797 799 (122.0)
194: 786 795 798 804 807 (125.0)
195: 800 816 819 822 826 (125.0)
196: 793 801 805 808 813 (124.0)
197: 806 810 815 817 818 821 824 (124.0)
198: 803 827 835 839 (123.0)
199: 811 823 825 829 831 (105.0)
200: 814 828 832 833 834 842 843 (119.0)
201: 820 836 837 838 844 (120.0)
202: 840 847 848 853 (125.0)
203: 841 845 846 849 854 (134.0)
204: 830 851 855 858 860 866 (123.0)
205: 850 856 857 865 (120.0)
206: 859 864 872 (123.0)
207: 852 867 868 869 882 883 (112.0)
208: 862 870 873 878 879 (112.0)
209: 863 871 874 885 887 888 891 (125.0)
210: 861 875 880 881 884 (118.0)
211: 876 877 890 894 (125.0)
212: 889 893 895 896 901 (124.0)
213: 897 898 903 906 910 (129.0)
214: 886 892 904 907 (124.0)
215: 899 902 905 909 913 925 926 (141.0)
216: 900 911 914 930 (126.0)
217: 908 912 916 917 918 921 924 (122.0)
218: 919 928 (112.0)
219: 915 922 929 939 946 949 (120.0)
220: 920 923 927 931 941 (125.0)
221: 934 935 937 943 951 (116.0)
222: 932 933 936 940 944 (107.0)
223: 938 942 959 960 963 (125.0)
224: 947 948 950 952 957 (108.0)
225: 945 955 958 973 979 (120.0)
226: 956 964 966 970 (125.0)
227: 953 954 962 965 969 972 (125.0)
228: 968 971 974 987 (124.0)
229: 975 977 978 981 984 994 (121.0)
230: 961 967 980 983 996 (126.0)
231: 991 992 993 995 (124.0)
232: 985 989 990 997 (121.0)
233: 976 982 986 988 998 999 (124.0)
