Name: 1000-40-75
Time: 58.573670864105225 
Result: 56
Solution:  2 2 0 1 2 2 0 1 1 3 5 3 7 3 4 1 4 4 6 0 2 2 4 6 8 4 4 6 6 7 5 7 5 10 4 8 7 5 11 10 10 11 7 10 11 13 11 12 8 12 11 11 14 12 14 15 12 10 13 13 15 15 14 14 17 12 14 18 16 11 15 14 16 12 13 17 14 19 14 19 16 16 21 18 17 16 16 19 19 20 19 24 21 18 17 20 19 21 20 21 19 21 23 24 22 23 23 22 27 21 25 20 23 22 24 25 25 24 26 24 25 26 23 24 26 27 28 30 29 24 28 24 30 29 27 31 26 30 27 30 31 32 32 30 30 32 32 31 31 29 35 32 32 28 32 33 32 29 32 36 33 35 32 32 34 37 36 33 37 34 36 35 35 35 38 39 35 39 35 34 39 39 39 37 37 43 35 41 40 39 40 39 39 40 38 41 44 41 40 42 42 43 45 44 42 40 44 42 45 44 41 43 45 44 45 45 47 47 43 46 44 46 49 44 46 47 44 49 46 48 51 49 49 48 48 52 50 48 49 48 50 49 53 47 52 52 50 51 50 50 53 53 54 55 53 52 52 54 54 50 52 54 54 55 51 55 54 54 52 56 56 56 56 57 57 56 56 60 57 60 58 57 58 57 59 59 62 57 60 58 60 60 62 57 58 63 64 62 64 62 61 63 60 60 65 65 63 64 63 61 63 64 63 66 68 62 64 65 65 66 64 66 65 66 66 68 67 67 64 71 70 69 68 68 68 71 69 67 67 69 70 72 70 74 69 68 72 74 67 72 72 72 72 74 74 73 73 75 73 73 74 75 76 71 73 76 75 75 71 75 75 76 76 77 80 78 77 76 78 76 80 82 77 77 78 79 80 81 76 81 80 77 81 77 79 80 79 82 81 81 86 82 79 82 82 83 82 84 85 84 83 85 84 87 83 84 85 89 85 84 86 82 86 84 85 87 88 86 86 89 85 87 88 86 87 91 90 88 90 89 88 91 90 91 91 91 90 91 93 92 90 95 93 93 92 94 96 92 91 95 93 97 97 92 98 96 97 97 93 91 98 97 99 94 96 97 100 96 96 97 96 99 99 98 94 100 99 99 101 101 101 99 99 99 102 102 99 102 101 98 104 104 103 106 106 102 102 103 106 101 106 107 106 106 107 105 102 103 103 105 105 108 104 103 107 104 108 107 103 107 111 108 109 107 106 108 108 110 107 108 109 108 107 110 108 110 111 109 111 111 113 111 112 110 112 113 116 112 112 114 118 110 113 113 114 114 116 113 118 114 112 115 118 116 120 116 113 117 119 115 117 115 119 120 119 122 119 117 117 122 121 120 118 118 120 119 119 124 120 120 120 119 122 122 124 122 122 123 123 122 128 127 123 123 127 126 124 126 126 124 125 126 124 128 126 125 124 129 127 126 130 126 128 128 127 131 129 128 127 129 130 130 131 130 130 131 131 129 128 131 131 132 128 132 131 134 134 130 134 133 134 138 132 133 136 137 139 133 135 137 138 135 136 133 136 134 136 137 137 135 140 138 140 139 138 141 142 139 141 135 140 141 141 138 138 139 142 144 142 140 146 139 143 142 143 145 142 144 144 144 143 142 144 145 145 143 142 147 148 146 145 145 143 148 147 146 148 146 147 147 145 150 148 148 151 149 149 150 149 150 152 150 150 151 148 151 151 151 150 150 153 152 154 149 156 156 155 153 155 152 153 151 157 157 155 154 153 154 156 158 154 155 155 155 159 155 157 158 160 154 158 157 156 157 157 157 159 156 162 159 158 159 163 160 161 162 161 160 161 161 164 160 160 166 161 163 163 162 163 160 162 164 163 165 164 165 163 164 165 166 165 166 164 166 165 164 164 167 168 168 169 169 168 168 166 169 167 172 168 168 171 172 172 168 167 172 172 173 170 171 175 173 170 174 171 170 171 170 174 171 176 173 176 175 173 176 174 174 177 176 175 176 176 177 175 175 179 176 176 176 178 177 178 177 178 177 179 180 179 180 179 177 183 183 179 181 181 182 182 182 182 183 182 180 184 181 183 185 183 183 186 186 186 185 185 181 187 186 186 189 187 187 187 186 188 188 184 184 191 190 185 189 188 186 186 188 191 189 189 190 192 191 191 188 188 189 191 192 192 191 191 190 192 193 191 194 193 193 189 194 196 193 196 194 194 195 196 196 196 197 193 199 195 196 197 198 195 197 197 198 199 196 199 199 199 197 198 201 197 200 200 199 201 201 198 200 200 199 201 201
0: 2 6 19 (44.0)
1: 3 7 8 15 (46.0)
2: 0 1 4 5 20 21 (54.0)
3: 9 11 13 (43.0)
4: 14 16 17 22 25 26 34 (41.0)
5: 10 30 32 37 (46.0)
6: 18 23 27 28 (49.0)
7: 12 29 31 36 42 (36.0)
8: 24 35 48 (50.0)
9: (0.0)
10: 33 39 40 43 57 (42.0)
11: 38 41 44 46 50 51 69 (34.0)
12: 47 49 53 56 65 73 (42.0)
13: 45 58 59 74 (51.0)
14: 52 54 62 63 66 71 76 78 (48.0)
15: 55 60 61 70 (40.0)
16: 68 72 80 81 85 86 (43.0)
17: 64 75 84 94 (46.0)
18: 67 83 93 (52.0)
19: 77 79 87 88 90 96 100 (40.0)
20: 89 95 98 111 (40.0)
21: 82 92 97 99 101 109 (55.0)
22: 104 107 113 (43.0)
23: 102 105 106 112 122 (42.0)
24: 91 103 114 117 119 123 129 131 (40.0)
25: 110 115 116 120 (48.0)
26: 118 121 124 136 (43.0)
27: 108 125 134 138 (44.0)
28: 126 130 153 (48.0)
29: 128 133 149 157 (43.0)
30: 127 132 137 139 143 144 (42.0)
31: 135 140 147 148 (44.0)
32: 141 142 145 146 151 152 154 156 158 162 163 (39.0)
33: 155 160 167 (49.0)
34: 164 169 179 (43.0)
35: 150 161 171 172 173 176 178 186 (46.0)
36: 159 166 170 (45.0)
37: 165 168 183 184 (46.0)
38: 174 194 (54.0)
39: 175 177 180 181 182 189 191 192 (48.0)
40: 188 190 193 198 205 (44.0)
41: 187 195 197 210 (44.0)
42: 199 200 204 207 (46.0)
43: 185 201 211 218 (42.0)
44: 196 203 206 209 213 220 223 226 (41.0)
45: 202 208 212 214 215 (54.0)
46: 219 221 224 228 (47.0)
47: 216 217 225 243 (40.0)
48: 229 233 234 237 239 (43.0)
49: 222 227 231 232 238 241 (41.0)
50: 236 240 246 248 249 259 (50.0)
51: 230 247 264 (57.0)
52: 235 244 245 255 256 260 268 (58.0)
53: 242 250 251 254 (56.0)
54: 252 257 258 261 262 266 267 (56.0)
55: 253 263 265 (50.0)
56: 269 270 271 272 275 276 (47.0)
57: 273 274 278 281 283 287 293 (47.0)
58: 280 282 289 294 (51.0)
59: 284 285 (44.0)
60: 277 279 288 290 291 302 303 (63.0)
61: 300 309 (45.0)
62: 286 292 297 299 315 (71.0)
63: 295 301 306 308 310 312 (52.0)
64: 296 298 307 311 316 320 328 (43.0)
65: 304 305 317 318 322 (44.0)
66: 313 319 321 323 324 (48.0)
67: 326 327 337 338 348 (45.0)
68: 314 325 332 333 334 345 (56.0)
69: 331 336 339 344 (54.0)
70: 330 340 342 (53.0)
71: 329 335 363 368 (52.0)
72: 341 346 349 350 351 352 (61.0)
73: 355 356 358 359 364 (52.0)
74: 343 347 353 354 360 (50.0)
75: 357 361 366 367 369 370 (60.0)
76: 362 365 371 372 377 379 388 (57.0)
77: 373 376 382 383 391 393 (49.0)
78: 375 378 384 (49.0)
79: 385 394 396 402 (55.0)
80: 374 380 386 390 395 (53.0)
81: 387 389 392 398 399 (75.0)
82: 381 397 401 403 404 406 421 (49.0)
83: 405 410 414 (75.0)
84: 407 409 412 415 419 423 (53.0)
85: 408 411 416 418 424 430 (47.0)
86: 400 420 422 427 428 433 (51.0)
87: 413 425 431 434 (54.0)
88: 426 432 437 440 (55.0)
89: 417 429 439 (51.0)
90: 436 438 442 446 450 (45.0)
91: 435 441 443 444 445 447 458 469 (41.0)
92: 449 454 457 463 (53.0)
93: 448 452 453 460 468 (56.0)
94: 455 473 484 (42.0)
95: 451 459 (51.0)
96: 456 465 474 477 478 480 (74.0)
97: 461 462 466 467 471 475 479 (63.0)
98: 464 470 483 499 (65.0)
99: 472 481 482 486 487 491 492 493 496 (69.0)
100: 476 485 (43.0)
101: 488 489 490 498 509 (66.0)
102: 494 495 497 505 506 516 (71.0)
103: 502 507 517 518 523 528 (47.0)
104: 500 501 522 525 (73.0)
105: 515 519 520 (73.0)
106: 503 504 508 510 512 513 534 (75.0)
107: 511 514 524 527 529 533 538 542 (64.0)
108: 521 526 531 535 536 539 541 544 (74.0)
109: 532 540 547 (53.0)
110: 537 543 545 553 561 (51.0)
111: 530 546 548 549 551 (58.0)
112: 552 554 557 558 570 (51.0)
113: 550 555 562 563 567 576 (64.0)
114: 559 564 565 569 (52.0)
115: 571 579 581 (49.0)
116: 556 566 573 575 (58.0)
117: 577 580 587 588 (47.0)
118: 560 568 572 592 593 (54.0)
119: 578 582 584 586 595 596 601 (72.0)
120: 574 583 591 594 598 599 600 (64.0)
121: 590 (46.0)
122: 585 589 602 603 605 606 609 (74.0)
123: 607 608 612 613 (72.0)
124: 597 604 616 619 622 626 (65.0)
125: 620 625 (57.0)
126: 615 617 618 621 624 629 631 (60.0)
127: 611 614 628 634 638 (64.0)
128: 610 623 632 633 637 648 652 (67.0)
129: 627 636 639 647 (66.0)
130: 630 640 641 643 644 657 (60.0)
131: 635 642 645 646 649 650 654 (68.0)
132: 651 653 662 (43.0)
133: 659 663 667 673 (46.0)
134: 655 656 658 660 675 (66.0)
135: 668 671 679 689 (70.0)
136: 664 672 674 676 (68.0)
137: 665 669 677 678 (44.0)
138: 661 670 681 684 693 694 (69.0)
139: 666 683 687 695 701 (61.0)
140: 680 682 690 699 (74.0)
141: 685 688 691 692 (43.0)
142: 686 696 698 703 706 711 716 (66.0)
143: 702 704 710 715 722 (65.0)
144: 697 707 708 709 712 (75.0)
145: 705 713 714 720 721 730 (60.0)
146: 700 719 725 727 (49.0)
147: 717 724 728 729 (65.0)
148: 718 723 726 732 733 744 (74.0)
149: 735 736 738 753 (50.0)
150: 731 737 739 741 742 748 749 (75.0)
151: 734 743 745 746 747 761 (73.0)
152: 740 751 759 (45.0)
153: 750 757 760 766 (74.0)
154: 752 765 767 770 779 (75.0)
155: 756 758 764 771 772 773 775 (75.0)
156: 754 755 768 782 787 (75.0)
157: 762 763 776 781 783 784 785 (75.0)
158: 769 777 780 790 (76.0)
159: 774 786 789 791 (77.0)
160: 778 793 797 801 802 809 (75.0)
161: 794 796 798 799 804 (70.0)
162: 788 795 807 810 (46.0)
163: 792 805 806 808 812 816 (72.0)
164: 800 811 814 817 822 825 826 (75.0)
165: 813 815 818 820 824 (75.0)
166: 803 819 821 823 834 (72.0)
167: 827 836 844 (54.0)
168: 828 829 832 833 838 839 843 (68.0)
169: 830 831 835 (72.0)
170: 848 852 855 857 (72.0)
171: 840 849 854 856 859 (59.0)
172: 837 841 842 845 846 (75.0)
173: 847 851 861 864 (74.0)
174: 853 858 866 867 (57.0)
175: 850 863 870 874 875 (62.0)
176: 860 862 865 869 871 872 877 878 879 (65.0)
177: 868 873 881 883 885 891 (66.0)
178: 880 882 884 (67.0)
179: 876 886 888 890 894 (69.0)
180: 887 889 903 (72.0)
181: 895 896 905 915 (73.0)
182: 897 898 899 900 902 (75.0)
183: 892 893 901 906 908 909 (75.0)
184: 904 926 927 (75.0)
185: 907 913 914 930 (75.0)
186: 910 911 912 917 918 923 933 934 (76.0)
187: 916 920 921 922 (74.0)
188: 924 925 932 935 943 944 (80.0)
189: 919 931 937 938 945 958 (90.0)
190: 929 939 951 (73.0)
191: 928 936 941 942 946 949 950 954 (72.0)
192: 940 947 948 952 (56.0)
193: 953 956 957 961 970 (74.0)
194: 955 959 963 964 (73.0)
195: 965 972 976 (74.0)
196: 960 962 966 967 968 973 981 (74.0)
197: 969 974 977 978 985 988 (75.0)
198: 975 979 986 994 (71.0)
199: 971 980 982 983 984 991 997 (73.0)
200: 989 990 995 996 (75.0)
201: 987 992 993 998 999 (76.0)
