Name: 1000-20-30
Time: 30.857818841934204 
Result: 61021
Solution:  0 1 3 0 2 2 3 3 6 1 1 2 7 4 1 3 4 5 3 4 8 1 5 5 2 9 5 7 7 3 9 7 6 5 11 9 8 10 8 11 11 11 11 10 11 12 13 12 13 9 12 11 14 11 14 11 16 14 17 15 17 12 13 19 13 20 17 14 16 17 17 15 22 17 19 18 21 19 18 18 17 22 19 24 21 25 21 18 20 20 22 25 21 22 25 23 23 22 24 26 25 21 24 23 26 25 26 23 27 26 29 29 31 27 28 27 28 29 30 29 28 30 30 32 32 31 30 31 34 30 31 33 35 36 32 32 35 30 33 35 34 37 33 33 37 36 34 39 33 37 34 36 38 42 40 42 40 36 36 41 40 37 41 39 38 42 43 42 42 43 40 44 45 43 39 40 44 41 42 46 45 44 45 46 46 48 50 45 50 48 47 49 49 46 47 48 47 48 48 48 47 50 50 53 52 55 53 52 53 52 51 52 54 53 56 51 54 54 54 52 55 59 55 55 55 59 57 55 57 57 58 56 57 56 60 59 58 59 60 60 60 62 56 63 58 59 61 62 64 62 62 60 64 60 62 63 68 63 65 62 67 65 65 61 64 65 65 66 65 70 67 65 69 67 67 66 72 67 67 68 72 67 67 71 69 69 72 73 72 70 74 71 76 72 70 76 74 73 75 73 75 74 75 73 74 77 75 74 79 77 80 76 78 79 75 79 80 80 77 80 79 81 80 82 85 80 78 83 82 83 79 81 85 83 81 81 83 83 83 86 82 84 84 86 88 84 87 87 88 90 85 84 87 87 90 89 89 86 90 88 93 92 90 91 90 93 90 88 91 94 89 92 95 91 90 90 92 94 96 91 91 94 92 92 95 95 94 94 92 94 96 96 94 94 95 100 96 93 98 98 97 101 101 97 98 99 97 97 99 95 101 101 100 100 99 102 101 101 101 102 105 101 101 104 103 100 104 103 104 105 101 104 103 101 103 106 107 107 107 104 106 105 105 105 109 110 107 108 106 107 109 107 107 109 109 112 113 111 109 108 108 113 110 108 112 110 111 110 108 111 112 111 115 114 115 113 113 112 110 112 111 113 112 115 117 111 114 113 117 116 120 119 116 116 116 117 119 118 116 115 114 119 121 118 121 117 117 119 120 118 121 123 123 123 121 120 118 121 119 121 122 122 123 124 119 126 125 127 124 121 120 124 123 122 124 127 124 124 125 124 129 123 127 128 129 127 128 126 127 127 132 126 128 132 128 130 126 128 129 127 127 130 130 134 127 131 133 128 129 134 130 132 131 136 131 132 133 133 134 133 135 134 134 133 134 133 138 136 137 137 136 135 133 137 135 138 139 137 139 136 140 142 139 142 136 139 139 140 138 140 136 138 143 140 142 140 142 143 140 139 138 139 142 142 141 143 140 144 143 141 143 145 144 145 146 148 145 143 146 144 146 144 146 144 145 148 145 147 147 147 147 148 150 148 150 146 151 148 149 149 151 147 148 149 146 150 150 150 153 149 152 153 152 151 152 153 151 153 151 155 152 153 153 156 155 156 156 157 154 156 157 155 158 155 155 154 156 157 154 154 160 158 158 157 158 159 157 161 160 157 159 160 159 161 160 158 164 160 161 161 161 161 163 161 165 160 161 164 162 164 161 163 163 162 167 169 165 165 168 164 166 163 168 164 163 167 167 167 165 166 168 169 166 169 166 170 168 168 168 167 170 169 174 170 173 170 168 169 173 175 171 174 173 169 172 173 174 172 172 171 172 172 172 176 174 175 176 175 176 173 174 178 177 177 175 176 175 174 177 177 178 178 177 177 176 180 178 179 180 179 184 179 177 180 181 181 178 185 183 180 180 182 181 182 182 183 184 182 183 181 184 183 184 182 186 185 189 185 183 185 184 186 186 185 182 190 186 187 188 187 187 186 189 188 188 190 186 189 191 189 191 191 191 190 190 194 191 190 188 192 192 192 188 192 196 197 196 192 192 191 193 194 195 197 193 194 194 195 193 192 196 199 193 196 195 199 199 198 197 196 198 198 198 199 197 202 200 195 199 195 200 199 199 204 198 200 200 202 199 201 204 204 203 204 203 202 205 206 205 205 207 201 203 201 201 203 208 204 205 205 205 205 207 206 206 208 211 207 207 207 208 207 204 208 206 211 209 209 209 209 210 207 212 212 214 211 209 211 214 210 215 215 211 210 214 210 213 211 212 213 213 212 212 214 214 215 217 217 215 213 216 213 217 215 216 217 217 216 216 217
0: 0 3 (17.0)
1: 1 9 10 14 21 (12.0)
2: 4 5 11 24 (23.0)
3: 2 6 7 15 18 29 (18.0)
4: 13 16 19 (20.0)
5: 17 22 23 26 33 (21.0)
6: 8 32 (22.0)
7: 12 27 28 31 (20.0)
8: 20 36 38 (21.0)
9: 25 30 35 49 (21.0)
10: 37 43 (21.0)
11: 34 39 40 41 42 44 51 53 55 (20.0)
12: 45 47 50 61 (19.0)
13: 46 48 62 64 (22.0)
14: 52 54 57 67 (21.0)
15: 59 71 (17.0)
16: 56 68 (16.0)
17: 58 60 66 69 70 73 80 (16.0)
18: 75 78 79 87 (22.0)
19: 63 74 77 82 (28.0)
20: 65 88 89 (21.0)
21: 76 84 86 92 101 (22.0)
22: 72 81 90 93 97 (20.0)
23: 95 96 103 107 (20.0)
24: 83 98 102 (22.0)
25: 85 91 94 100 105 (23.0)
26: 99 104 106 109 (22.0)
27: 108 113 115 (21.0)
28: 114 116 120 (21.0)
29: 110 111 117 119 (21.0)
30: 118 121 122 126 129 137 (14.0)
31: 112 125 127 130 (30.0)
32: 123 124 134 135 (20.0)
33: 131 138 142 143 148 (17.0)
34: 128 140 146 150 (21.0)
35: 132 136 139 (26.0)
36: 133 145 151 157 158 (18.0)
37: 141 144 149 161 (21.0)
38: 152 164 (21.0)
39: 147 163 174 (20.0)
40: 154 156 160 170 175 (20.0)
41: 159 162 177 (20.0)
42: 153 155 165 167 168 178 (17.0)
43: 166 169 173 (24.0)
44: 171 176 181 (21.0)
45: 172 180 182 187 (21.0)
46: 179 183 184 193 (28.0)
47: 190 194 196 200 (23.0)
48: 185 189 195 197 198 199 (23.0)
49: 191 192 (22.0)
50: 186 188 201 202 (22.0)
51: 210 215 (21.0)
52: 204 207 209 211 219 (25.0)
53: 203 206 208 213 (20.0)
54: 212 216 217 218 (23.0)
55: 205 220 222 223 224 227 (28.0)
56: 214 231 233 242 (27.0)
57: 226 228 229 232 (29.0)
58: 230 236 244 (30.0)
59: 221 225 235 237 245 (26.0)
60: 234 238 239 240 251 253 (23.0)
61: 246 263 (20.0)
62: 241 247 249 250 254 259 (16.0)
63: 243 255 257 (20.0)
64: 248 252 264 (22.0)
65: 258 261 262 265 266 268 271 (19.0)
66: 267 275 (22.0)
67: 260 270 273 274 277 278 281 282 (18.0)
68: 256 279 (25.0)
69: 272 284 285 (22.0)
70: 269 289 294 (21.0)
71: 283 291 (24.0)
72: 276 280 286 288 293 (23.0)
73: 287 297 299 303 (23.0)
74: 290 296 301 304 307 (26.0)
75: 298 300 302 306 314 (21.0)
76: 292 295 311 (21.0)
77: 305 309 318 (27.0)
78: 312 326 (25.0)
79: 308 313 315 320 330 (20.0)
80: 310 316 317 319 322 325 (20.0)
81: 321 331 334 335 (26.0)
82: 323 328 340 (22.0)
83: 327 329 333 336 337 338 (22.0)
84: 341 342 345 351 (22.0)
85: 324 332 350 (25.0)
86: 339 343 357 (23.0)
87: 346 347 352 353 (26.0)
88: 344 348 359 367 (25.0)
89: 355 356 370 (24.0)
90: 349 354 358 362 364 366 374 375 (30.0)
91: 363 368 373 379 380 (29.0)
92: 361 371 376 382 383 388 (27.0)
93: 360 365 397 (30.0)
94: 369 377 381 386 387 389 392 393 (22.0)
95: 372 384 385 394 409 (21.0)
96: 378 390 391 396 (24.0)
97: 400 403 406 407 (22.0)
98: 398 399 404 (20.0)
99: 405 408 414 (21.0)
100: 395 412 413 425 (22.0)
101: 401 402 410 411 416 417 418 421 422 430 433 (21.0)
102: 415 419 (21.0)
103: 424 427 432 434 (27.0)
104: 423 426 428 431 439 (25.0)
105: 420 429 441 442 443 (21.0)
106: 435 440 448 (23.0)
107: 436 437 438 446 449 451 452 (24.0)
108: 447 459 460 463 468 (27.0)
109: 444 450 453 454 458 (30.0)
110: 445 462 465 467 478 (30.0)
111: 457 466 469 471 480 485 (30.0)
112: 455 464 470 477 479 482 (25.0)
113: 456 461 475 476 481 487 (26.0)
114: 473 486 500 (29.0)
115: 472 474 483 499 (24.0)
116: 489 492 493 494 498 (22.0)
117: 484 488 495 505 506 (29.0)
118: 497 503 509 516 (22.0)
119: 491 496 501 507 518 524 (23.0)
120: 490 508 515 530 (27.0)
121: 502 504 510 514 517 519 529 (21.0)
122: 520 521 533 (27.0)
123: 511 512 513 522 532 541 (27.0)
124: 523 528 531 534 536 537 539 (21.0)
125: 526 538 (21.0)
126: 525 547 551 556 (26.0)
127: 527 535 542 545 548 549 559 560 564 (30.0)
128: 543 546 552 554 557 567 (27.0)
129: 540 544 558 568 (25.0)
130: 555 561 562 570 (29.0)
131: 565 572 574 (27.0)
132: 550 553 571 575 (22.0)
133: 566 576 577 579 583 585 592 (29.0)
134: 563 569 578 581 582 584 (24.0)
135: 580 591 594 (30.0)
136: 573 587 590 599 604 610 (28.0)
137: 588 589 593 597 (30.0)
138: 586 595 608 611 620 (27.0)
139: 596 598 602 605 606 619 621 (30.0)
140: 600 607 609 613 615 618 626 (29.0)
141: 624 629 (30.0)
142: 601 603 614 616 622 623 (30.0)
143: 612 617 625 628 630 637 (30.0)
144: 627 632 639 641 643 (30.0)
145: 631 633 636 644 646 (23.0)
146: 634 638 640 642 655 664 (23.0)
147: 647 648 649 650 661 (27.0)
148: 635 645 651 653 657 662 (27.0)
149: 658 659 663 669 (28.0)
150: 652 654 665 666 667 (29.0)
151: 656 660 673 676 678 (30.0)
152: 670 672 674 680 (30.0)
153: 668 671 675 677 681 682 (28.0)
154: 688 695 698 699 (24.0)
155: 679 684 691 693 694 (30.0)
156: 683 685 686 689 696 (23.0)
157: 687 690 697 703 706 709 (30.0)
158: 692 701 702 704 715 (31.0)
159: 705 710 712 (26.0)
160: 700 708 711 714 717 725 (24.0)
161: 707 713 718 719 720 721 723 726 730 (23.0)
162: 728 733 (20.0)
163: 722 731 732 741 744 (23.0)
164: 716 727 729 739 743 (30.0)
165: 724 736 737 748 (30.0)
166: 740 749 752 754 (29.0)
167: 734 745 746 747 759 (29.0)
168: 738 742 750 756 757 758 766 (30.0)
169: 735 751 753 761 767 773 (28.0)
170: 755 760 763 765 (29.0)
171: 770 779 (29.0)
172: 774 777 778 780 781 782 (30.0)
173: 764 768 772 775 789 (30.0)
174: 762 771 776 784 790 797 (24.0)
175: 769 785 787 794 796 (30.0)
176: 783 786 788 795 804 (30.0)
177: 792 793 798 799 802 803 812 (32.0)
178: 791 800 801 806 816 (30.0)
179: 807 809 811 (21.0)
180: 805 808 813 819 820 (30.0)
181: 814 815 822 829 (30.0)
182: 821 823 824 827 833 844 (27.0)
183: 818 825 828 831 838 (30.0)
184: 810 826 830 832 840 (29.0)
185: 817 835 837 839 843 (30.0)
186: 834 841 842 846 851 856 (27.0)
187: 847 849 850 (23.0)
188: 848 853 854 868 872 (22.0)
189: 836 852 857 859 (30.0)
190: 845 855 863 864 867 (32.0)
191: 858 860 861 862 866 879 (29.0)
192: 869 870 871 873 877 878 889 (30.0)
193: 880 884 888 892 (28.0)
194: 865 881 885 886 (27.0)
195: 882 887 894 907 909 (30.0)
196: 874 876 890 893 899 (33.0)
197: 875 883 898 904 (30.0)
198: 897 900 901 902 914 (31.0)
199: 891 895 896 903 908 911 912 918 (29.0)
200: 906 910 915 916 (22.0)
201: 919 931 933 934 (30.0)
202: 905 917 925 (28.0)
203: 922 924 932 935 (30.0)
204: 913 920 921 923 937 952 (30.0)
205: 926 928 929 938 939 940 941 (30.0)
206: 927 943 944 954 (28.0)
207: 930 942 947 948 949 951 961 (30.0)
208: 936 945 950 953 (29.0)
209: 956 957 958 959 966 (31.0)
210: 960 969 973 975 (30.0)
211: 946 955 965 967 972 977 (30.0)
212: 962 963 978 981 982 (32.0)
213: 976 979 980 989 991 (30.0)
214: 964 968 974 983 984 (33.0)
215: 970 971 985 988 993 (30.0)
216: 990 994 997 998 (30.0)
217: 986 987 992 995 996 999 (26.0)
