Name: 1000-20-30
Time: 30.47045588493347 
Result: 61024
Solution:  0 0 1 1 2 2 2 4 3 1 0 2 6 4 1 4 4 7 0 3 8 7 2 5 9 4 6 7 7 7 11 7 5 10 10 6 8 8 7 10 10 11 9 12 11 9 11 10 13 9 10 14 13 11 14 13 15 14 17 14 17 12 12 18 17 20 16 16 19 16 14 15 21 22 18 17 19 18 19 21 16 16 19 23 23 23 22 21 25 21 24 26 20 20 22 19 27 26 22 24 27 26 24 25 28 26 25 22 27 28 28 26 30 26 28 28 30 29 29 29 32 26 29 32 30 31 32 31 31 29 33 35 34 34 33 31 33 35 35 31 36 36 35 34 39 36 34 38 37 37 37 35 38 35 40 34 37 36 35 39 40 39 41 40 43 40 42 41 41 43 41 42 45 43 42 45 46 45 41 44 44 44 45 46 45 46 48 46 50 48 47 47 51 48 50 47 49 48 50 45 52 47 50 49 49 55 53 52 53 52 51 53 50 55 57 52 55 55 54 53 54 59 55 56 55 57 56 58 60 57 56 54 57 58 59 56 59 59 60 60 60 60 61 56 58 58 63 64 64 64 64 62 63 63 63 65 62 63 65 64 66 66 65 61 66 67 67 66 65 69 69 64 68 65 67 67 71 70 67 69 72 67 71 68 71 68 72 70 72 75 69 70 74 72 73 75 73 72 73 75 77 74 75 74 73 76 75 75 76 77 76 77 80 78 78 78 79 79 76 81 78 81 78 81 82 79 79 83 82 84 78 82 80 86 83 82 87 84 84 83 85 85 85 84 90 84 87 86 89 90 87 85 88 87 90 86 89 87 90 88 91 94 90 92 90 93 90 87 92 91 92 92 94 95 88 94 91 95 96 91 92 95 98 92 94 95 95 97 94 92 96 94 97 95 93 97 97 94 97 96 97 96 101 100 98 102 99 96 96 100 101 100 99 100 99 103 102 100 102 102 105 101 100 104 103 103 104 103 101 101 104 104 105 101 104 108 107 104 109 103 106 102 107 105 108 106 106 108 105 107 107 109 105 108 108 109 109 105 109 107 110 110 110 112 113 111 111 110 108 113 111 115 109 112 115 112 113 112 116 112 113 117 111 114 117 111 115 116 115 116 119 117 116 118 116 116 117 121 117 117 114 117 116 118 118 121 117 119 120 117 120 123 120 119 121 120 118 119 118 120 122 125 123 126 118 124 123 127 124 125 122 123 126 123 125 127 122 124 124 125 126 125 126 125 127 128 128 129 127 128 130 127 126 128 130 127 128 127 129 129 130 128 130 130 131 133 133 131 129 131 131 131 132 131 132 134 131 136 136 132 134 134 131 134 135 137 137 134 137 133 136 135 137 136 135 140 135 136 137 138 138 137 138 141 138 139 142 137 139 140 138 137 143 140 140 141 143 141 141 139 141 143 143 142 142 139 139 142 143 146 144 144 143 145 143 148 145 145 144 145 144 147 146 144 148 148 147 149 149 144 146 147 146 150 148 146 150 147 149 149 150 148 150 150 148 149 152 152 152 151 151 152 153 153 151 153 152 152 152 154 153 154 157 154 155 159 155 154 154 154 156 155 158 158 156 156 154 157 154 154 157 159 158 157 158 160 155 160 160 162 159 160 158 161 161 160 158 161 157 164 166 162 165 161 166 161 163 163 164 163 161 165 162 163 167 167 165 165 161 164 162 165 164 170 163 165 167 167 165 166 168 168 169 169 168 170 169 172 171 167 168 172 172 171 170 169 172 169 171 172 174 172 173 169 175 173 175 172 174 171 177 172 174 174 175 176 179 171 173 174 173 175 176 177 174 176 179 173 177 176 178 178 175 177 179 180 178 180 179 175 184 179 178 183 180 182 180 184 180 180 181 183 185 184 180 183 181 185 184 183 185 181 180 185 185 187 184 182 183 188 182 186 186 185 186 187 186 187 187 187 186 186 189 188 188 191 189 189 190 189 190 191 191 189 190 194 191 192 195 193 192 191 188 192 192 195 195 191 195 190 193 197 197 195 193 195 197 194 195 194 196 196 193 196 196 196 200 198 197 197 198 198 198 196 198 199 200 198 197 199 199 201 203 200 201 200 200 200 204 201 204 200 200 200 202 203 206 204 204 205 207 202 201 203 202 203 208 204 205 205 206 204 207 208 205 210 207 209 205 203 206 206 207 207 206 211 209 207 209 209 213 209 209 210 211 208 214 212 208 210 214 214 216 208 212 212 215 212 213 213 212 215 211 211 214 213 217 217 216 214 217 216 217 215 216 217 217 215 217 216
0: 0 1 10 18 (11.0)
1: 2 3 9 14 (20.0)
2: 4 5 6 11 22 (21.0)
3: 8 19 (21.0)
4: 7 13 15 16 25 (20.0)
5: 23 32 (22.0)
6: 12 26 35 (21.0)
7: 17 21 27 28 29 31 38 (20.0)
8: 20 36 37 (21.0)
9: 24 42 45 49 (12.0)
10: 33 34 39 40 47 50 (22.0)
11: 30 41 44 46 53 (17.0)
12: 43 61 62 (22.0)
13: 48 52 55 (25.0)
14: 51 54 57 59 70 (21.0)
15: 56 71 (21.0)
16: 66 67 69 80 81 (16.0)
17: 58 60 64 75 (20.0)
18: 63 74 77 (23.0)
19: 68 76 78 82 95 (20.0)
20: 65 92 93 (25.0)
21: 72 79 87 89 (20.0)
22: 73 86 94 98 107 (16.0)
23: 83 84 85 (22.0)
24: 90 99 102 (17.0)
25: 88 103 106 (20.0)
26: 91 97 101 105 111 113 121 (20.0)
27: 96 100 108 (24.0)
28: 104 109 110 114 115 (20.0)
29: 117 118 119 122 129 (16.0)
30: 112 116 124 (25.0)
31: 125 127 128 135 139 (29.0)
32: 120 123 126 (21.0)
33: 130 134 136 (24.0)
34: 132 133 143 146 155 (21.0)
35: 131 137 138 142 151 153 158 (20.0)
36: 140 141 145 157 (21.0)
37: 148 149 150 156 (22.0)
38: 147 152 (21.0)
39: 144 159 161 (20.0)
40: 154 160 163 165 (21.0)
41: 162 167 168 170 178 (16.0)
42: 166 171 174 (22.0)
43: 164 169 173 (24.0)
44: 179 180 181 (24.0)
45: 172 175 177 182 184 199 (22.0)
46: 176 183 185 187 (22.0)
47: 190 191 195 201 (26.0)
48: 186 189 193 197 (21.0)
49: 196 203 204 (22.0)
50: 188 194 198 202 212 (20.0)
51: 192 210 (21.0)
52: 200 207 209 215 (24.0)
53: 206 208 211 219 (27.0)
54: 218 220 231 (24.0)
55: 205 213 216 217 222 224 (20.0)
56: 223 226 230 235 243 (21.0)
57: 214 225 229 232 (26.0)
58: 227 233 244 245 (24.0)
59: 221 234 236 237 (25.0)
60: 228 238 239 240 241 (20.0)
61: 242 263 (30.0)
62: 251 256 (23.0)
63: 246 252 253 254 257 (20.0)
64: 247 248 249 250 259 271 (24.0)
65: 255 258 262 268 273 (21.0)
66: 260 261 264 267 (23.0)
67: 265 266 274 275 278 281 (22.0)
68: 272 283 285 (25.0)
69: 269 270 279 290 (27.0)
70: 277 287 291 (21.0)
71: 276 282 284 (20.0)
72: 280 286 288 293 297 (20.0)
73: 294 296 298 304 (24.0)
74: 292 301 303 (22.0)
75: 289 295 299 302 306 307 (23.0)
76: 305 308 310 318 (25.0)
77: 300 309 311 (24.0)
78: 313 314 315 320 322 330 (18.0)
79: 316 317 325 326 (23.0)
80: 312 332 (25.0)
81: 319 321 323 (22.0)
82: 324 328 331 335 (25.0)
83: 327 334 339 (27.0)
84: 329 337 338 343 345 (25.0)
85: 340 341 342 351 (22.0)
86: 333 347 355 (26.0)
87: 336 346 350 353 357 367 (21.0)
88: 352 359 374 (22.0)
89: 348 356 (20.0)
90: 344 349 354 358 362 364 366 (20.0)
91: 360 369 376 379 (27.0)
92: 363 368 370 371 380 383 389 (23.0)
93: 365 394 (23.0)
94: 361 372 375 384 388 391 397 (25.0)
95: 373 377 381 385 386 393 (24.0)
96: 378 390 399 401 407 408 (26.0)
97: 387 392 395 396 398 400 (24.0)
98: 382 404 (21.0)
99: 406 412 414 (20.0)
100: 403 409 411 413 417 422 (24.0)
101: 402 410 421 428 429 433 (21.0)
102: 405 416 418 419 441 (27.0)
103: 415 424 425 427 439 (29.0)
104: 423 426 430 431 434 437 (24.0)
105: 420 432 443 448 452 457 (30.0)
106: 440 445 446 (24.0)
107: 436 442 449 450 459 (30.0)
108: 435 444 447 453 454 468 (29.0)
109: 438 451 455 456 458 472 (25.0)
110: 460 461 462 467 (26.0)
111: 465 466 470 482 485 (22.0)
112: 463 473 475 477 479 (22.0)
113: 464 469 476 480 (26.0)
114: 483 500 (35.0)
115: 471 474 486 488 (28.0)
116: 478 487 489 492 494 495 502 (20.0)
117: 481 484 491 496 498 499 501 506 509 (20.0)
118: 493 503 504 516 518 524 (21.0)
119: 490 507 513 517 (30.0)
120: 508 510 512 515 519 (26.0)
121: 497 505 514 (29.0)
122: 520 530 536 (26.0)
123: 511 522 526 531 533 (25.0)
124: 525 528 537 538 (24.0)
125: 521 529 534 539 541 543 (23.0)
126: 523 532 540 542 552 (23.0)
127: 527 535 544 548 551 555 557 (29.0)
128: 545 546 549 553 556 561 (30.0)
129: 547 558 559 568 (26.0)
130: 550 554 560 562 563 (25.0)
131: 564 567 569 570 571 573 576 582 (29.0)
132: 572 574 579 (24.0)
133: 565 566 589 (30.0)
134: 575 580 581 583 587 (24.0)
135: 584 591 594 596 (28.0)
136: 577 578 590 593 597 (25.0)
137: 585 586 588 592 598 601 607 611 (26.0)
138: 599 600 602 604 610 (26.0)
139: 605 608 619 625 626 (24.0)
140: 595 609 613 614 (27.0)
141: 603 615 617 618 620 (24.0)
142: 606 623 624 627 (28.0)
143: 612 616 621 622 628 632 634 (29.0)
144: 630 631 638 640 643 649 (25.0)
145: 633 636 637 639 (30.0)
146: 629 642 650 652 655 (30.0)
147: 641 646 651 657 (30.0)
148: 635 644 645 654 661 664 (30.0)
149: 647 648 658 659 665 (30.0)
150: 653 656 660 662 663 (30.0)
151: 669 670 674 (27.0)
152: 666 667 668 671 676 677 678 (24.0)
153: 672 673 675 680 (23.0)
154: 679 681 683 687 688 689 696 698 699 (20.0)
155: 684 686 691 706 (26.0)
156: 690 694 695 (29.0)
157: 682 697 700 703 718 (30.0)
158: 692 693 702 704 712 716 (27.0)
159: 685 701 710 (30.0)
160: 705 707 708 711 715 (28.0)
161: 713 714 717 723 725 730 738 (26.0)
162: 709 721 732 740 (24.0)
163: 726 727 729 733 744 (30.0)
164: 719 728 739 742 (26.0)
165: 722 731 736 737 741 745 748 (29.0)
166: 720 724 749 (30.0)
167: 734 735 746 747 759 (30.0)
168: 750 751 754 760 (26.0)
169: 752 753 756 765 767 773 (29.0)
170: 743 755 764 (29.0)
171: 758 763 768 779 787 (27.0)
172: 757 761 762 766 769 771 777 781 (27.0)
173: 772 775 788 790 797 (25.0)
174: 770 778 782 783 789 794 (30.0)
175: 774 776 784 791 802 809 (28.0)
176: 785 792 795 799 (31.0)
177: 780 793 798 803 (30.0)
178: 800 801 806 812 (30.0)
179: 786 796 804 808 811 (30.0)
180: 805 807 814 816 818 819 824 832 (30.0)
181: 820 826 831 (30.0)
182: 815 837 840 (30.0)
183: 813 821 825 829 838 (30.0)
184: 810 817 823 828 836 (22.0)
185: 822 827 830 833 834 843 (25.0)
186: 841 842 844 846 850 851 (28.0)
187: 835 845 847 848 849 (27.0)
188: 839 853 854 872 (26.0)
189: 852 856 857 859 863 (32.0)
190: 858 860 864 879 (32.0)
191: 855 861 862 866 871 877 (24.0)
192: 867 870 873 874 (28.0)
193: 869 880 884 892 (30.0)
194: 865 887 889 (30.0)
195: 868 875 876 878 883 885 888 (30.0)
196: 890 891 893 894 895 903 (31.0)
197: 881 882 886 898 899 908 (30.0)
198: 897 900 901 902 904 907 (32.0)
199: 905 909 910 (26.0)
200: 896 906 913 915 916 917 921 922 923 (27.0)
201: 911 914 919 932 (30.0)
202: 924 931 934 (30.0)
203: 912 925 933 935 949 (30.0)
204: 918 920 927 928 937 941 (30.0)
205: 929 938 939 944 948 (32.0)
206: 926 940 950 951 954 (30.0)
207: 930 942 946 952 953 957 (31.0)
208: 936 943 965 968 973 (30.0)
209: 947 956 958 959 961 962 (28.0)
210: 945 963 969 (34.0)
211: 955 964 982 983 (30.0)
212: 967 974 975 977 980 (30.0)
213: 960 978 979 985 (30.0)
214: 966 970 971 984 989 (30.0)
215: 976 981 993 997 (25.0)
216: 972 988 991 994 999 (28.0)
217: 986 987 990 992 995 996 998 (29.0)
