Name: 1000-30-50
Time: 58.58644104003906 
Result: 30
Solution:  0 0 3 1 0 1 3 1 1 0 3 3 1 5 2 2 3 3 1 6 4 3 4 5 4 7 4 5 5 6 3 9 5 9 5 6 7 5 7 6 9 8 9 8 8 10 12 8 9 9 7 12 10 11 9 10 11 10 10 12 13 11 12 11 13 11 16 14 12 14 15 14 13 17 18 16 15 15 17 14 17 14 12 18 18 17 17 16 18 18 17 15 19 15 15 16 23 20 23 22 19 18 21 23 21 20 23 19 20 21 26 20 21 20 23 22 23 22 23 25 27 23 27 25 24 24 23 27 27 24 27 30 27 25 28 25 27 29 29 26 28 27 27 29 28 29 27 27 29 26 32 33 29 30 32 31 29 31 32 28 31 33 35 33 32 30 33 34 33 34 32 33 36 35 34 35 39 33 33 37 36 36 33 34 35 37 36 38 39 36 39 38 36 36 38 41 39 40 39 40 39 39 38 42 40 41 38 43 41 41 43 42 42 41 40 46 44 42 41 42 46 43 47 43 42 44 47 45 47 44 43 47 46 45 47 48 48 47 47 49 47 48 50 45 45 49 48 51 47 51 50 51 46 50 52 52 51 51 54 50 53 48 52 53 51 53 54 51 52 51 55 54 54 57 54 57 57 54 58 55 58 57 56 57 57 56 54 57 58 60 59 62 59 58 61 60 59 60 57 61 60 60 58 58 59 61 63 59 59 62 62 62 62 64 64 65 63 63 63 65 64 64 64 61 63 66 66 65 68 63 66 66 67 70 68 68 65 67 67 68 68 69 71 70 68 68 69 69 73 67 73 70 72 70 67 71 71 70 73 69 70 72 73 73 71 72 70 73 76 75 74 75 72 71 75 75 76 73 76 74 77 80 78 79 77 76 78 79 77 77 75 75 77 78 79 77 80 80 78 79 79 81 81 80 78 81 82 83 80 82 85 86 85 79 84 83 82 81 79 81 84 86 83 83 84 85 86 82 82 88 85 84 86 82 85 87 90 89 90 86 88 88 88 87 92 89 88 87 93 89 90 90 88 92 86 90 89 91 91 90 90 89 95 93 94 91 92 97 91 94 93 94 96 92 91 92 95 95 96 99 94 97 96 92 96 95 99 96 94 96 97 96 97 95 98 99 99 101 98 99 97 100 103 99 99 102 100 100 101 101 102 100 104 102 100 99 105 103 100 101 104 103 106 103 103 109 105 103 104 105 106 108 107 109 105 107 106 105 108 106 109 110 108 105 108 107 109 111 109 110 108 109 110 111 110 112 111 112 111 111 113 113 115 111 113 114 112 114 111 111 114 110 116 115 114 116 116 118 115 113 119 116 115 113 117 118 114 117 117 115 119 115 119 122 118 120 120 119 117 119 120 118 120 124 118 122 123 120 124 122 122 121 124 123 121 124 122 123 123 121 126 126 123 123 123 126 124 124 123 125 126 127 124 128 129 128 127 127 128 125 129 131 130 128 128 127 128 129 131 127 133 131 127 134 130 132 133 131 132 130 132 134 129 134 132 133 133 134 130 130 131 134 130 135 135 135 133 134 137 135 136 136 135 139 136 136 137 137 137 141 139 137 139 138 138 139 140 141 140 141 140 137 143 141 138 141 141 139 141 142 143 142 139 140 142 144 146 142 141 142 143 144 143 144 147 148 145 146 145 146 145 144 148 146 147 150 145 144 149 145 146 151 147 147 147 149 146 148 149 148 152 148 148 149 151 151 148 150 151 149 149 152 152 149 152 154 157 156 151 154 157 155 153 154 153 153 151 155 155 155 156 156 155 157 155 158 158 156 157 154 157 158 157 160 159 160 155 158 158 156 160 164 161 162 161 161 160 158 161 159 163 161 161 162 165 162 162 162 167 166 163 163 166 164 163 165 163 164 161 165 169 165 165 164 168 166 169 166 168 166 167 167 164 166 168 169 166 169 165 169 168 172 169 170 167 170 171 172 171 170 170 168 172 174 169 170 172 168 173 171 172 172 173 169 173 173 172 174 173 175 174 177 174 171 171 174 175 174 175 174 178 174 180 177 180 173 178 176 177 176 179 176 175 174 176 176 180 175 179 178 178 181 180 181 181 176 178 177 182 181 180 179 182 182 182 181 182 179 183 179 184 183 182 186 183 185 182 183 180 183 182 185 181 185 184 184 189 185 185 182 184 186 186 186 187 184 183 186 187 189 185 185 185 187 188 188 188 189 187 184 189 187 188 190 187 189 190 190 188 191 190 186 191 191 192 191 191 192 192 192 193 191 190 192 193 192 193 193 193 191
0: 0 1 4 9 (30.0)
1: 3 5 7 8 12 18 (30.0)
2: 14 15 (31.0)
3: 2 6 10 11 16 17 21 30 (31.0)
4: 20 22 24 26 (36.0)
5: 13 23 27 28 32 34 37 (29.0)
6: 19 29 35 39 (32.0)
7: 25 36 38 50 (33.0)
8: 41 43 44 47 (28.0)
9: 31 33 40 42 48 49 54 (25.0)
10: 45 52 55 57 58 (32.0)
11: 53 56 61 63 65 (24.0)
12: 46 51 59 62 68 82 (30.0)
13: 60 64 72 (31.0)
14: 67 69 71 79 81 (30.0)
15: 70 76 77 91 93 94 (30.0)
16: 66 75 87 95 (32.0)
17: 73 78 80 85 86 90 (38.0)
18: 74 83 84 88 89 101 (34.0)
19: 92 100 107 (32.0)
20: 97 105 108 111 113 (30.0)
21: 102 104 109 112 (31.0)
22: 99 115 117 (30.0)
23: 96 98 103 106 114 116 118 121 126 (26.0)
24: 124 125 129 (34.0)
25: 119 123 133 135 (35.0)
26: 110 139 149 (42.0)
27: 120 122 127 128 130 132 136 141 142 146 147 (28.0)
28: 134 140 144 159 (37.0)
29: 137 138 143 145 148 152 156 (31.0)
30: 131 153 165 (36.0)
31: 155 157 160 (35.0)
32: 150 154 158 164 170 (41.0)
33: 151 161 163 166 168 171 177 178 182 (33.0)
34: 167 169 174 183 (34.0)
35: 162 173 175 184 (34.0)
36: 172 180 181 186 189 192 193 (33.0)
37: 179 185 (31.0)
38: 187 191 194 202 206 (36.0)
39: 176 188 190 196 198 200 201 (39.0)
40: 197 199 204 214 (41.0)
41: 195 205 208 209 213 218 (25.0)
42: 203 211 212 217 219 224 (35.0)
43: 207 210 221 223 230 (40.0)
44: 216 225 229 (37.0)
45: 227 233 243 244 (32.0)
46: 215 220 232 252 (31.0)
47: 222 226 228 231 234 237 238 240 248 (30.0)
48: 235 236 241 246 261 (34.0)
49: 239 245 (32.0)
50: 242 250 253 259 (46.0)
51: 247 249 251 256 257 264 267 269 (30.0)
52: 254 255 262 268 (33.0)
53: 260 263 265 (34.0)
54: 258 266 271 272 274 277 286 (31.0)
55: 270 279 (38.0)
56: 282 285 (34.0)
57: 273 275 276 281 283 284 287 298 (26.0)
58: 278 280 288 293 302 303 (32.0)
59: 290 292 296 304 307 308 (39.0)
60: 289 295 297 300 301 (33.0)
61: 294 299 305 323 (37.0)
62: 291 309 310 311 312 (37.0)
63: 306 316 317 318 324 329 (31.0)
64: 313 314 320 321 322 (47.0)
65: 315 319 327 336 (49.0)
66: 325 326 330 331 (48.0)
67: 332 337 338 349 354 (38.0)
68: 328 334 335 339 340 344 345 (50.0)
69: 341 346 347 359 (37.0)
70: 333 343 351 353 357 360 366 (35.0)
71: 342 355 356 364 373 (31.0)
72: 352 361 365 372 (39.0)
73: 348 350 358 362 363 367 377 (44.0)
74: 370 379 (32.0)
75: 369 371 374 375 390 391 (38.0)
76: 368 376 378 385 (33.0)
77: 380 384 388 389 392 395 (48.0)
78: 382 386 393 398 404 (38.0)
79: 383 387 394 399 400 413 418 (39.0)
80: 381 396 397 403 408 (39.0)
81: 401 402 405 417 419 (47.0)
82: 406 409 416 427 428 433 (40.0)
83: 407 415 422 423 (32.0)
84: 414 420 424 431 (37.0)
85: 410 412 425 430 434 (47.0)
86: 411 421 426 432 439 454 (43.0)
87: 435 443 447 (32.0)
88: 429 440 441 442 446 452 (45.0)
89: 437 445 449 456 461 (32.0)
90: 436 438 450 451 455 459 460 (47.0)
91: 457 458 465 468 474 (40.0)
92: 444 453 466 473 475 483 (49.0)
93: 448 463 470 (39.0)
94: 464 469 471 480 488 (46.0)
95: 462 476 477 485 493 (42.0)
96: 472 478 482 484 487 489 491 (49.0)
97: 467 481 490 492 500 (40.0)
98: 494 498 (43.0)
99: 479 486 495 496 499 503 504 515 (34.0)
100: 501 506 507 511 514 518 (31.0)
101: 497 508 509 519 (38.0)
102: 505 510 513 (39.0)
103: 502 517 521 523 524 527 (40.0)
104: 512 520 528 (36.0)
105: 516 526 529 534 537 543 (33.0)
106: 522 530 536 539 (47.0)
107: 532 535 545 (51.0)
108: 531 538 542 544 550 (50.0)
109: 525 533 540 546 548 551 (40.0)
110: 541 549 552 554 571 (31.0)
111: 547 553 556 558 559 563 568 569 (39.0)
112: 555 557 566 (30.0)
113: 560 561 564 579 583 (43.0)
114: 565 567 570 574 586 (45.0)
115: 562 573 578 582 589 591 (49.0)
116: 572 575 576 581 (41.0)
117: 584 587 588 598 (49.0)
118: 577 585 594 601 604 (37.0)
119: 580 590 592 597 599 (36.0)
120: 595 596 600 602 607 (46.0)
121: 611 614 619 (39.0)
122: 593 605 609 610 616 (50.0)
123: 606 613 617 618 622 623 624 628 (45.0)
124: 603 608 612 615 626 627 632 (49.0)
125: 629 639 (44.0)
126: 620 621 625 630 (42.0)
127: 631 636 637 645 649 652 (43.0)
128: 633 635 638 643 644 646 (42.0)
129: 634 640 647 662 (49.0)
130: 642 654 659 668 669 672 (46.0)
131: 641 648 651 657 670 (46.0)
132: 655 658 660 664 (48.0)
133: 650 656 665 666 676 (50.0)
134: 653 661 663 667 671 677 (41.0)
135: 673 674 675 679 682 (43.0)
136: 680 681 684 685 (48.0)
137: 678 686 687 688 691 701 (35.0)
138: 693 694 704 (49.0)
139: 683 690 692 695 707 712 (44.0)
140: 696 698 700 713 (49.0)
141: 689 697 699 703 705 706 708 718 (50.0)
142: 709 711 714 717 719 (44.0)
143: 702 710 720 722 (44.0)
144: 715 721 723 731 737 (47.0)
145: 726 728 730 736 739 (50.0)
146: 716 727 729 733 740 746 (45.0)
147: 724 734 742 743 744 (50.0)
148: 725 732 747 749 751 752 756 (40.0)
149: 738 745 748 753 759 760 763 (44.0)
150: 735 757 (50.0)
151: 741 754 755 758 768 776 (49.0)
152: 750 761 762 764 (44.0)
153: 772 774 775 (49.0)
154: 765 769 773 789 (50.0)
155: 771 777 778 779 782 784 796 (47.0)
156: 767 780 781 787 799 (44.0)
157: 766 770 783 788 790 792 (43.0)
158: 785 786 791 797 798 807 (48.0)
159: 794 809 (52.0)
160: 793 795 800 806 (42.0)
161: 802 804 805 808 811 812 828 (49.0)
162: 803 813 815 816 817 (35.0)
163: 810 820 821 824 826 (40.0)
164: 801 823 827 833 842 (50.0)
165: 814 825 829 831 832 848 (40.0)
166: 819 822 835 837 839 843 846 (50.0)
167: 818 840 841 854 (50.0)
168: 834 838 844 850 861 867 (50.0)
169: 830 836 845 847 849 852 864 873 (49.0)
170: 853 855 859 860 865 (37.0)
171: 856 858 869 883 884 (50.0)
172: 851 857 862 866 870 871 876 (50.0)
173: 868 872 874 875 878 895 (50.0)
174: 863 877 880 882 885 887 889 891 903 (46.0)
175: 879 886 888 902 907 (50.0)
176: 897 899 901 904 905 915 (50.0)
177: 881 893 898 917 (50.0)
178: 890 896 909 910 916 (50.0)
179: 900 908 921 927 929 (50.0)
180: 892 894 906 912 920 938 (49.0)
181: 911 913 914 919 925 942 (49.0)
182: 918 922 923 924 926 932 936 940 949 (49.0)
183: 928 931 934 937 939 956 (53.0)
184: 930 944 945 950 955 969 (50.0)
185: 935 941 943 947 948 960 961 962 (50.0)
186: 933 951 952 953 957 981 (51.0)
187: 954 958 963 968 971 974 (51.0)
188: 964 965 966 972 978 (50.0)
189: 946 959 967 970 975 (45.0)
190: 973 976 977 980 992 (48.0)
191: 979 982 983 985 986 991 999 (50.0)
192: 984 987 988 989 993 995 (48.0)
193: 990 994 996 997 998 (54.0)
