Name: 1000-50-100
Time: 60.47037982940674 
Result: 71
Solution:  1 1 0 1 1 2 1 0 3 2 2 2 4 1 3 7 4 3 2 6 9 4 4 7 8 5 4 4 5 8 5 5 9 12 6 8 13 8 11 9 11 10 12 10 13 11 8 11 13 12 11 10 12 12 17 13 16 14 17 16 16 17 14 13 16 13 17 15 15 17 17 14 17 18 22 18 23 20 18 19 20 20 17 21 22 20 22 22 19 22 23 26 24 24 25 21 24 23 24 24 22 24 25 23 30 27 26 27 29 27 31 26 28 27 27 29 27 27 27 30 29 28 27 27 34 31 32 31 33 29 35 33 33 31 32 32 34 33 32 37 39 33 33 38 35 33 39 36 35 37 36 37 35 39 37 38 36 42 37 39 43 42 37 40 40 41 39 40 40 38 42 46 43 41 39 42 44 45 45 40 41 46 46 43 47 48 45 44 47 47 49 45 46 49 48 48 49 47 49 53 47 52 50 49 48 51 50 47 52 50 51 56 52 50 56 51 53 56 54 55 57 55 58 58 55 55 55 54 55 57 60 57 61 56 58 58 56 62 59 59 59 62 61 61 61 57 63 60 60 61 62 60 65 63 62 64 63 63 62 62 64 68 65 65 68 64 67 66 68 67 66 64 67 68 68 66 68 69 70 70 73 71 70 69 71 74 72 72 70 70 72 71 71 77 74 75 74 76 73 74 77 73 74 77 75 75 76 76 76 79 80 76 79 77 79 78 80 79 79 79 81 83 80 79 80 80 81 78 82 82 79 82 85 80 85 83 84 85 85 83 86 86 83 82 87 86 85 89 84 87 87 87 88 86 88 87 90 87 88 90 90 89 91 92 91 95 92 89 92 91 93 91 94 91 91 94 95 96 97 95 93 93 96 95 96 94 93 94 97 100 97 98 98 99 98 95 101 99 102 96 99 100 99 102 100 104 101 101 100 106 100 104 102 103 100 104 107 102 104 103 104 106 106 106 108 105 103 109 107 106 106 108 108 111 108 108 105 112 113 110 109 114 110 112 111 113 114 111 112 109 110 115 112 110 110 113 115 113 110 117 113 116 117 118 118 115 112 116 115 116 118 114 115 117 117 119 122 117 117 123 119 116 120 120 123 122 117 121 120 121 121 122 119 123 123 125 127 123 125 124 127 125 124 125 128 126 126 126 129 126 126 127 129 126 132 125 127 127 130 128 130 132 129 130 131 130 127 131 134 129 132 132 133 133 134 135 135 133 132 132 137 136 137 133 138 136 136 134 137 137 138 136 138 140 138 139 142 139 141 138 140 139 140 140 141 139 143 139 142 141 143 143 144 145 144 146 146 146 142 144 144 145 147 145 147 143 143 144 149 150 146 143 148 149 149 151 147 149 146 150 151 149 149 149 148 148 150 154 152 152 148 152 151 152 155 153 154 155 154 153 156 153 156 153 158 155 152 158 155 157 157 160 155 159 157 156 159 158 157 157 164 158 162 159 160 160 159 161 163 162 160 164 162 164 165 161 161 164 162 165 164 164 164 166 166 165 167 165 165 167 168 164 168 167 168 172 169 172 169 172 168 170 170 169 174 173 170 171 175 173 169 170 175 173 171 176 175 174 176 176 175 174 172 172 174 179 174 180 177 180 180 178 177 177 177 177 179 182 179 179 181 177 181 178 182 178 181 183 181 181 185 182 185 184 183 182 184 183 183 184 186 187 183 186 189 190 188 185 188 189 187 185 188 187 189 190 190 193 186 187 186 188 188 193 191 191 191 188 194 192 191 195 196 193 196 192 191 192 195 195 194 196 195 198 197 198 195 194 194 195 197 198 199 196 198 196 200 201 202 199 204 199 201 197 200 200 202 199 204 204 201 201 202 203 204 203 202 206 204 204 205 205 205 204 207 206 206 203 207 206 207 209 208 209 209 210 208 210 208 211 213 211 209 210 207 211 212 211 212 213 213 209 210 214 212 214 214 216 216 211 212 215 217 216 216 215 218 217 217 212 219 218 216 216 215 219 220 215 217 217 220 219 220 219 218 218 221 221 218 218 221 224 219 219 222 220 222 223 225 225 224 221 223 222 223 224 226 224 222 222 223 225 226 224 229 229 227 225 225 230 226 229 227 223 226 227 228 225 228 229 230 230 228 230 230 231 229 229 234 228 233 231 232 230 231 232 232 235 235 229 232 236 233 236 231 234 232 237 233 235 236 233 234 231 236 238 239 239 236 235 239 240 241 235 237 239 237 239 237 234 236 238 241 238 242 240 241 241 242 242 241 242 239 237 240 241 241 242 242 242
0: 2 7 (46.0)
1: 0 1 3 4 6 13 (38.0)
2: 5 9 10 11 18 (40.0)
3: 8 14 17 (48.0)
4: 12 16 21 22 26 27 (37.0)
5: 25 28 30 31 (51.0)
6: 19 34 (54.0)
7: 15 23 (63.0)
8: 24 29 35 37 46 (75.0)
9: 20 32 39 (53.0)
10: 41 43 51 (66.0)
11: 38 40 45 47 50 (60.0)
12: 33 42 49 52 53 (49.0)
13: 36 44 48 55 63 65 (50.0)
14: 57 62 71 (59.0)
15: 67 68 (60.0)
16: 56 59 60 64 (51.0)
17: 54 58 61 66 69 70 72 82 (46.0)
18: 73 75 78 (53.0)
19: 79 88 (52.0)
20: 77 80 81 85 (58.0)
21: 83 95 (51.0)
22: 74 84 86 87 89 100 (42.0)
23: 76 90 97 103 (48.0)
24: 92 93 96 98 99 101 (45.0)
25: 94 102 (51.0)
26: 91 106 111 (60.0)
27: 105 107 109 113 114 116 117 118 122 123 (56.0)
28: 112 121 (56.0)
29: 108 115 120 129 (64.0)
30: 104 119 (59.0)
31: 110 125 127 133 (52.0)
32: 126 134 135 138 (51.0)
33: 128 131 132 137 141 142 145 (63.0)
34: 124 136 (65.0)
35: 130 144 148 152 (55.0)
36: 147 150 156 (64.0)
37: 139 149 151 154 158 162 (52.0)
38: 143 155 169 (79.0)
39: 140 146 153 159 166 174 (52.0)
40: 163 164 167 168 179 (68.0)
41: 165 173 180 (51.0)
42: 157 161 170 175 (66.0)
43: 160 172 183 (66.0)
44: 176 187 (50.0)
45: 177 178 186 191 (67.0)
46: 171 181 182 192 (51.0)
47: 184 188 189 197 200 207 (51.0)
48: 185 194 195 204 (58.0)
49: 190 193 196 198 203 (66.0)
50: 202 206 209 213 (54.0)
51: 205 210 215 (59.0)
52: 201 208 212 (51.0)
53: 199 216 (57.0)
54: 218 227 (66.0)
55: 219 221 224 225 226 228 (56.0)
56: 211 214 217 233 236 (58.0)
57: 220 229 231 245 (61.0)
58: 222 223 234 235 (57.0)
59: 238 239 240 (66.0)
60: 230 247 248 251 (62.0)
61: 232 242 243 244 249 (86.0)
62: 237 241 250 254 258 259 (61.0)
63: 246 253 256 257 (67.0)
64: 255 260 265 271 (54.0)
65: 252 262 263 (71.0)
66: 267 270 275 (70.0)
67: 266 269 272 (63.0)
68: 261 264 268 273 274 276 (66.0)
69: 277 283 (50.0)
70: 278 279 282 288 289 (52.0)
71: 281 284 291 292 (53.0)
72: 286 287 290 (68.0)
73: 280 298 301 (52.0)
74: 285 294 296 299 302 (73.0)
75: 295 304 305 (84.0)
76: 297 306 307 308 311 (71.0)
77: 293 300 303 313 (55.0)
78: 315 327 (61.0)
79: 309 312 314 317 318 319 323 330 (64.0)
80: 310 316 322 324 325 333 (95.0)
81: 320 326 (66.0)
82: 328 329 331 343 (90.0)
83: 321 335 339 342 (63.0)
84: 336 348 (52.0)
85: 332 334 337 338 346 (50.0)
86: 340 341 345 353 (56.0)
87: 344 349 350 351 355 357 (74.0)
88: 352 354 358 (51.0)
89: 347 361 367 (56.0)
90: 356 359 360 (80.0)
91: 362 364 369 371 373 374 (52.0)
92: 363 366 368 (67.0)
93: 370 380 381 386 (79.0)
94: 372 375 385 387 (98.0)
95: 365 376 379 383 395 (89.0)
96: 377 382 384 399 (76.0)
97: 378 388 390 (69.0)
98: 391 392 394 (55.0)
99: 393 397 400 402 (68.0)
100: 389 401 404 408 410 414 (93.0)
101: 396 406 407 (54.0)
102: 398 403 412 417 (54.0)
103: 413 419 426 (75.0)
104: 405 411 415 418 420 (97.0)
105: 425 436 (54.0)
106: 409 421 422 423 429 430 (81.0)
107: 416 428 (63.0)
108: 424 431 432 434 435 (80.0)
109: 427 440 449 (58.0)
110: 439 442 450 453 454 458 (71.0)
111: 433 444 447 (59.0)
112: 437 443 448 452 466 (74.0)
113: 438 445 455 457 460 (72.0)
114: 441 446 471 (60.0)
115: 451 456 465 468 472 (98.0)
116: 461 467 469 481 (67.0)
117: 459 462 473 474 477 478 486 (85.0)
118: 463 464 470 (78.0)
119: 475 480 492 (58.0)
120: 482 483 488 (57.0)
121: 487 489 490 (68.0)
122: 476 485 491 (75.0)
123: 479 484 493 494 497 (96.0)
124: 499 502 (70.0)
125: 495 498 501 503 515 (94.0)
126: 505 506 507 509 510 513 (70.0)
127: 496 500 511 516 517 526 (74.0)
128: 504 519 (86.0)
129: 508 512 522 529 (69.0)
130: 518 520 523 525 (71.0)
131: 524 527 (60.0)
132: 514 521 530 531 538 539 (78.0)
133: 532 533 537 543 (85.0)
134: 528 534 547 (83.0)
135: 535 536 (80.0)
136: 541 545 546 551 (59.0)
137: 540 542 548 549 (85.0)
138: 544 550 552 554 559 (78.0)
139: 555 557 561 565 567 (71.0)
140: 553 560 562 563 (78.0)
141: 558 564 569 (81.0)
142: 556 568 578 (66.0)
143: 566 570 571 585 586 591 (99.0)
144: 572 574 579 580 587 (94.0)
145: 573 581 583 (71.0)
146: 575 576 577 590 598 (92.0)
147: 582 584 596 (67.0)
148: 592 604 605 610 (68.0)
149: 588 593 594 597 601 602 603 (99.0)
150: 589 599 606 (67.0)
151: 595 600 612 (90.0)
152: 608 609 611 613 626 (94.0)
153: 615 619 621 623 (100.0)
154: 607 616 618 (68.0)
155: 614 617 625 628 632 (91.0)
156: 620 622 635 (71.0)
157: 629 630 634 638 639 (53.0)
158: 624 627 637 641 (90.0)
159: 633 636 643 646 (99.0)
160: 631 644 645 650 (96.0)
161: 647 655 656 (98.0)
162: 642 649 652 658 (78.0)
163: 648 (67.0)
164: 640 651 653 657 660 661 662 671 (97.0)
165: 654 659 665 667 668 (76.0)
166: 663 664 (91.0)
167: 666 669 673 (74.0)
168: 670 672 674 680 (91.0)
169: 676 678 683 690 (82.0)
170: 681 682 686 691 (78.0)
171: 687 694 (63.0)
172: 675 677 679 702 703 (90.0)
173: 685 689 693 (74.0)
174: 684 697 701 704 706 (81.0)
175: 688 692 696 700 (97.0)
176: 695 698 699 (57.0)
177: 708 712 713 714 715 721 (98.0)
178: 711 723 725 (86.0)
179: 705 716 718 719 (90.0)
180: 707 709 710 (68.0)
181: 720 722 726 728 729 (72.0)
182: 717 724 731 735 (79.0)
183: 727 734 737 738 742 (88.0)
184: 733 736 739 (99.0)
185: 730 732 747 751 (99.0)
186: 740 743 758 760 (99.0)
187: 741 750 753 759 (94.0)
188: 746 748 752 761 762 767 (97.0)
189: 744 749 754 (71.0)
190: 745 755 756 (79.0)
191: 764 765 766 770 776 (94.0)
192: 769 775 777 (99.0)
193: 757 763 773 (96.0)
194: 768 780 787 788 (98.0)
195: 771 778 779 782 786 789 (90.0)
196: 772 774 781 793 795 (96.0)
197: 784 790 803 (98.0)
198: 783 785 791 794 (94.0)
199: 792 799 801 807 (85.0)
200: 796 804 805 (100.0)
201: 797 802 810 811 (90.0)
202: 798 806 812 816 (91.0)
203: 813 815 827 (90.0)
204: 800 808 809 814 818 819 823 (99.0)
205: 820 821 822 (82.0)
206: 817 825 826 829 (51.0)
207: 824 828 830 844 (92.0)
208: 832 836 838 (100.0)
209: 831 833 834 842 851 (96.0)
210: 835 837 843 852 (97.0)
211: 839 841 845 847 859 (91.0)
212: 846 848 854 860 869 (100.0)
213: 840 849 850 (98.0)
214: 853 855 856 (87.0)
215: 861 865 874 877 (90.0)
216: 857 858 863 864 872 873 (108.0)
217: 862 867 868 878 879 (99.0)
218: 866 871 884 885 888 889 (87.0)
219: 870 875 881 883 892 893 (97.0)
220: 876 880 882 895 (92.0)
221: 886 887 890 901 (100.0)
222: 894 896 903 908 909 (95.0)
223: 897 902 904 910 923 (100.0)
224: 891 900 905 907 913 (99.0)
225: 898 899 911 917 918 927 (99.0)
226: 906 912 920 924 (98.0)
227: 916 922 925 (90.0)
228: 926 928 932 939 (107.0)
229: 914 915 921 929 936 937 949 (101.0)
230: 919 930 931 933 934 943 (103.0)
231: 935 941 944 954 963 (100.0)
232: 942 945 946 950 956 (81.0)
233: 940 952 958 961 (105.0)
234: 938 955 962 979 (99.0)
235: 947 948 959 969 973 (100.0)
236: 951 953 960 964 968 980 (98.0)
237: 957 974 976 978 993 (100.0)
238: 965 981 983 (100.0)
239: 966 967 970 975 977 992 (108.0)
240: 971 985 994 (99.0)
241: 972 982 986 987 990 995 996 (102.0)
242: 984 988 989 991 997 998 999 (95.0)
