Name: 1000-50-100
Time: 60.76367688179016 
Result: 89
Solution:  1 0 0 1 0 1 0 1 4 3 6 2 3 3 0 4 2 2 3 7 5 5 6 2 9 5 9 3 5 6 8 8 10 12 7 8 12 8 9 9 10 11 12 10 11 15 11 10 13 12 8 13 16 12 12 12 14 15 12 12 14 13 14 13 17 19 19 16 17 15 19 17 19 19 19 18 22 19 17 18 20 19 21 22 21 23 21 21 20 22 26 25 22 26 23 24 22 23 26 25 22 25 24 21 30 29 25 26 29 30 31 27 28 26 26 28 29 26 29 27 29 32 26 30 32 30 32 32 34 28 30 33 33 35 33 31 34 35 33 33 37 34 37 36 37 34 33 36 35 37 37 35 37 39 37 38 39 37 38 39 41 43 39 37 43 40 39 37 40 43 42 40 45 43 46 44 47 45 42 40 41 45 46 47 43 47 46 45 47 46 48 48 45 49 48 44 51 46 49 49 46 47 50 52 50 51 48 48 50 51 54 56 53 51 56 53 53 56 54 55 52 55 59 57 54 56 59 55 58 57 59 54 59 56 58 56 58 57 59 57 60 63 59 61 61 61 62 60 63 63 62 60 62 64 63 65 63 62 64 62 69 67 64 65 67 65 67 66 67 69 67 68 66 65 72 64 68 69 67 70 71 74 68 67 70 72 73 72 71 72 72 70 71 75 71 73 77 75 75 73 76 73 76 75 77 75 76 76 76 76 78 74 79 76 79 78 81 79 79 79 80 79 82 80 78 79 83 81 79 78 82 82 87 80 84 84 84 85 84 83 86 86 85 85 88 86 86 82 83 86 86 85 87 89 90 86 89 90 88 90 88 90 88 91 90 94 91 93 92 92 92 91 93 90 90 94 95 90 96 95 98 96 96 94 94 98 96 96 97 95 97 98 102 100 97 100 100 98 101 103 99 100 101 103 99 101 102 104 100 100 101 104 102 104 102 103 103 100 104 107 107 102 105 106 105 106 105 107 109 105 108 107 106 111 108 105 108 110 110 106 111 114 109 113 110 112 109 110 112 113 111 113 112 112 112 111 115 114 118 115 117 115 113 116 119 115 114 117 116 114 118 117 118 115 116 119 121 117 120 118 118 117 122 122 120 118 117 120 121 122 121 125 122 123 123 124 125 125 122 124 126 123 126 127 123 126 124 130 129 127 130 127 125 125 130 124 126 129 131 131 129 133 129 132 128 131 128 130 134 131 130 131 134 132 131 134 135 133 136 134 133 136 139 133 137 138 136 135 136 139 137 136 138 137 137 138 139 137 138 138 140 140 139 140 144 140 141 140 142 141 144 143 144 143 144 140 145 145 143 141 142 145 143 143 146 144 145 144 147 148 145 147 149 146 150 151 151 148 150 152 149 150 149 151 148 147 148 153 151 156 148 152 150 155 150 154 155 154 152 154 156 156 156 153 158 155 154 157 161 155 156 160 154 161 157 159 159 159 156 156 161 158 157 158 160 159 161 161 162 162 163 164 165 164 163 162 163 164 164 164 164 168 164 166 166 167 165 164 165 167 170 167 170 165 168 172 169 170 168 170 168 171 171 172 170 175 171 171 176 173 168 169 176 173 172 177 173 176 176 175 174 172 176 174 177 178 172 177 175 177 179 176 177 181 181 179 176 179 179 178 177 179 180 181 185 180 178 182 183 184 180 182 180 184 186 182 184 183 187 186 185 187 183 187 183 185 189 186 189 186 187 190 186 184 189 188 191 193 186 192 187 191 189 189 193 191 190 190 194 192 190 196 195 193 196 192 193 191 192 195 194 196 197 194 195 198 196 195 195 197 197 197 198 198 198 198 199 200 200 200 202 200 199 199 202 201 200 201 201 204 202 204 201 206 201 202 203 203 203 201 205 204 204 204 206 206 204 203 207 207 205 211 208 207 206 207 208 210 209 209 211 208 213 210 208 209 211 210 212 210 213 212 212 213 213 216 214 212 214 214 213 214 215 214 213 214 215 216 217 213 217 215 217 216 220 219 216 217 216 217 218 218 220 216 218 217 219 219 222 218 224 224 220 219 222 222 223 221 222 223 223 220 223 221 226 221 221 227 221 223 225 225 226 224 227 229 225 229 224 230 226 227 227 229 227 229 228 226 228 230 225 228 229 229 228 231 229 229 230 231 232 230 232 230 228 232 232 233 230 228 235 235 236 233 231 234 235 237 233 236 239 233 234 235 235 238 237 237 234 236 233 240 235 240 241 239 237 242 237 234 237 238 241 238 241 240 240 242 242 241 241 241 239 242 241 239 242 240 242 242
0: 1 2 4 6 14 (51.0)
1: 0 3 5 7 (59.0)
2: 11 16 17 23 (50.0)
3: 9 12 13 18 27 (33.0)
4: 8 15 (66.0)
5: 20 21 25 28 (55.0)
6: 10 22 29 (17.0)
7: 19 34 (54.0)
8: 30 31 35 37 50 (53.0)
9: 24 26 38 39 (51.0)
10: 32 40 43 47 (62.0)
11: 41 44 46 (52.0)
12: 33 36 42 49 53 54 55 58 59 (38.0)
13: 48 51 61 63 (54.0)
14: 56 60 62 (53.0)
15: 45 57 69 (52.0)
16: 52 67 (76.0)
17: 64 68 71 78 (56.0)
18: 75 79 (50.0)
19: 65 66 70 72 73 74 77 81 (50.0)
20: 80 88 (54.0)
21: 82 84 86 87 103 (50.0)
22: 76 83 89 92 96 100 (49.0)
23: 85 94 97 (58.0)
24: 95 102 (68.0)
25: 91 99 101 106 (55.0)
26: 90 93 98 107 113 114 117 122 (39.0)
27: 111 119 (54.0)
28: 112 115 129 (67.0)
29: 105 108 116 118 120 (50.0)
30: 104 109 123 125 130 (53.0)
31: 110 135 (59.0)
32: 121 124 126 127 (70.0)
33: 131 132 134 138 139 146 (56.0)
34: 128 136 141 145 (74.0)
35: 133 137 148 151 (53.0)
36: 143 147 (70.0)
37: 140 142 144 149 150 152 154 157 163 167 (72.0)
38: 155 158 (56.0)
39: 153 156 159 162 166 (61.0)
40: 165 168 171 179 (56.0)
41: 160 180 (54.0)
42: 170 178 (52.0)
43: 161 164 169 173 184 (51.0)
44: 175 195 (69.0)
45: 172 177 181 187 192 (63.0)
46: 174 182 186 189 197 200 (51.0)
47: 176 183 185 188 201 (65.0)
48: 190 191 194 206 207 (57.0)
49: 193 198 199 (56.0)
50: 202 204 208 (54.0)
51: 196 205 209 213 (59.0)
52: 203 220 (55.0)
53: 212 215 216 (51.0)
54: 210 218 224 231 (77.0)
55: 219 221 227 (69.0)
56: 211 214 217 225 233 235 (64.0)
57: 223 229 237 239 (52.0)
58: 228 234 236 (55.0)
59: 222 226 230 232 238 242 (52.0)
60: 240 247 251 (60.0)
61: 243 244 245 (66.0)
62: 246 250 252 257 259 (69.0)
63: 241 248 249 254 256 (72.0)
64: 253 258 262 275 (56.0)
65: 255 263 265 273 (72.0)
66: 267 272 (63.0)
67: 261 264 266 268 270 278 283 (76.0)
68: 271 276 282 (51.0)
69: 260 269 277 (74.0)
70: 279 284 291 (55.0)
71: 280 288 292 294 (57.0)
72: 274 285 287 289 290 (77.0)
73: 286 295 299 301 (64.0)
74: 281 311 (51.0)
75: 293 297 298 303 305 (74.0)
76: 300 302 306 307 308 309 313 (63.0)
77: 296 304 (57.0)
78: 310 315 324 329 (79.0)
79: 312 314 317 318 319 321 325 328 (76.0)
80: 320 323 333 (66.0)
81: 316 327 (67.0)
82: 322 330 331 347 (54.0)
83: 326 339 348 (51.0)
84: 334 335 336 338 (86.0)
85: 337 342 343 351 (95.0)
86: 340 341 345 346 349 350 355 (49.0)
87: 332 352 (56.0)
88: 344 358 360 362 (55.0)
89: 353 356 (64.0)
90: 354 357 359 361 364 373 374 377 (54.0)
91: 363 366 371 (53.0)
92: 368 369 370 (59.0)
93: 367 372 (77.0)
94: 365 375 383 384 (59.0)
95: 376 379 389 (51.0)
96: 378 381 382 386 387 (58.0)
97: 388 390 394 (67.0)
98: 380 385 391 397 (96.0)
99: 400 404 (50.0)
100: 393 395 396 401 408 409 417 (79.0)
101: 398 402 405 410 (74.0)
102: 392 406 412 414 421 (71.0)
103: 399 403 415 416 (97.0)
104: 407 411 413 418 (80.0)
105: 422 424 426 429 435 (99.0)
106: 423 425 432 439 (78.0)
107: 419 420 427 431 (67.0)
108: 430 434 436 (70.0)
109: 428 442 446 (62.0)
110: 437 438 444 447 (66.0)
111: 433 440 450 455 (63.0)
112: 445 448 452 453 454 (72.0)
113: 443 449 451 462 (82.0)
114: 441 457 466 469 (76.0)
115: 456 459 461 465 473 (80.0)
116: 463 468 474 (69.0)
117: 460 467 471 477 481 486 (92.0)
118: 458 470 472 479 480 485 (63.0)
119: 464 475 (69.0)
120: 478 484 487 (53.0)
121: 476 488 490 (77.0)
122: 482 483 489 492 498 (100.0)
123: 493 494 501 504 (88.0)
124: 495 499 506 515 (93.0)
125: 491 496 497 512 513 (65.0)
126: 500 502 505 516 (70.0)
127: 503 509 511 (62.0)
128: 524 526 (66.0)
129: 508 517 520 522 (66.0)
130: 507 510 514 527 530 (67.0)
131: 518 519 525 529 531 534 (97.0)
132: 523 533 (63.0)
133: 521 537 540 543 (74.0)
134: 528 532 535 539 (82.0)
135: 536 547 (94.0)
136: 538 541 546 548 551 (99.0)
137: 544 550 553 554 557 (60.0)
138: 545 552 555 558 559 (92.0)
139: 542 549 556 562 (99.0)
140: 560 561 563 565 567 575 (82.0)
141: 566 569 579 (86.0)
142: 568 580 (51.0)
143: 571 573 578 582 583 (75.0)
144: 564 570 572 574 585 587 (87.0)
145: 576 577 581 586 590 (79.0)
146: 584 593 (59.0)
147: 588 591 605 (78.0)
148: 589 597 604 606 610 (70.0)
149: 592 600 602 (65.0)
150: 594 598 601 612 614 (88.0)
151: 595 596 603 608 (100.0)
152: 599 611 618 (81.0)
153: 607 623 (63.0)
154: 615 617 619 626 632 (92.0)
155: 613 616 625 629 (69.0)
156: 609 620 621 622 630 638 639 (100.0)
157: 627 634 642 (62.0)
158: 624 641 643 (97.0)
159: 635 636 637 645 (98.0)
160: 631 644 (79.0)
161: 628 633 640 646 647 (72.0)
162: 648 649 655 (99.0)
163: 650 654 656 (71.0)
164: 651 653 657 658 659 660 662 667 (99.0)
165: 652 666 668 673 (99.0)
166: 663 664 (91.0)
167: 665 669 671 (66.0)
168: 661 674 678 680 690 (83.0)
169: 676 691 (85.0)
170: 670 672 677 679 684 (84.0)
171: 681 682 686 687 (100.0)
172: 675 683 694 701 706 (85.0)
173: 689 693 696 (90.0)
174: 700 703 (71.0)
175: 685 699 708 (65.0)
176: 688 692 697 698 702 711 716 (90.0)
177: 695 704 707 709 712 720 (70.0)
178: 705 719 726 (82.0)
179: 710 715 717 718 721 (71.0)
180: 722 725 730 732 (68.0)
181: 713 714 723 (96.0)
182: 727 731 735 (98.0)
183: 728 737 742 744 (92.0)
184: 729 733 736 753 (96.0)
185: 724 740 745 (89.0)
186: 734 739 747 749 752 758 (78.0)
187: 738 741 743 750 760 (97.0)
188: 755 (54.0)
189: 746 748 754 762 763 (96.0)
190: 751 766 767 770 (97.0)
191: 756 761 765 777 (100.0)
192: 759 769 775 778 (93.0)
193: 757 764 773 776 (95.0)
194: 768 780 783 (96.0)
195: 772 779 784 787 788 (97.0)
196: 771 774 781 786 (71.0)
197: 782 789 790 791 (96.0)
198: 785 792 793 794 795 (97.0)
199: 796 802 803 (94.0)
200: 797 798 799 801 806 (79.0)
201: 805 807 808 812 814 819 (100.0)
202: 800 804 810 815 (100.0)
203: 816 817 818 827 (99.0)
204: 809 811 821 822 823 826 (98.0)
205: 820 830 (80.0)
206: 813 824 825 834 (99.0)
207: 828 829 833 835 (102.0)
208: 832 836 841 844 (97.0)
209: 838 839 845 (89.0)
210: 837 843 847 849 (97.0)
211: 831 840 846 (105.0)
212: 848 851 852 857 (96.0)
213: 842 850 853 854 860 864 869 (94.0)
214: 856 858 859 861 863 865 (96.0)
215: 862 866 871 (55.0)
216: 855 867 873 876 878 883 (100.0)
217: 868 870 872 877 879 885 (101.0)
218: 880 881 884 889 (92.0)
219: 875 886 887 893 (99.0)
220: 874 882 892 901 (99.0)
221: 897 903 905 906 908 (95.0)
222: 888 894 895 898 (100.0)
223: 896 899 900 902 909 (100.0)
224: 890 891 913 918 (99.0)
225: 910 911 916 930 (99.0)
226: 904 912 920 927 (82.0)
227: 907 914 921 922 924 (100.0)
228: 926 928 931 934 944 949 (106.0)
229: 915 917 923 925 932 933 936 937 (96.0)
230: 919 929 938 941 943 948 (100.0)
231: 935 939 954 (100.0)
232: 940 942 945 946 (90.0)
233: 947 953 958 961 970 (94.0)
234: 955 962 968 979 (100.0)
235: 950 951 956 963 964 972 (95.0)
236: 952 959 969 (100.0)
237: 957 966 967 976 978 980 (98.0)
238: 965 981 983 (100.0)
239: 960 975 992 995 (99.0)
240: 971 973 985 986 997 (99.0)
241: 974 982 984 989 990 991 994 (95.0)
242: 977 987 988 993 996 998 999 (100.0)
