Name: 1000-40-75
Time: 61.50771713256836 
Result: 53
Solution:  1 1 0 3 3 1 1 2 1 2 0 5 4 3 6 6 8 4 4 0 2 3 4 5 4 3 7 6 9 9 8 7 7 10 7 10 7 5 10 8 9 10 9 13 11 12 13 10 8 12 12 16 14 11 13 16 12 12 13 11 13 16 14 14 15 15 14 18 16 14 17 14 12 12 19 17 15 18 14 16 15 17 19 15 17 19 19 19 19 21 20 19 20 20 19 19 18 21 21 24 19 21 23 22 23 22 24 22 24 22 26 22 25 23 23 22 26 23 26 24 25 25 26 27 25 27 29 27 23 25 31 25 27 28 27 28 28 28 29 27 30 32 33 31 30 33 33 31 31 29 31 32 33 28 32 33 32 35 34 30 34 37 33 38 35 34 35 37 38 33 36 38 37 37 32 41 38 38 37 40 38 38 38 37 36 39 36 38 40 39 40 37 38 37 39 41 44 43 37 42 45 42 42 42 45 42 42 43 41 43 44 44 43 44 47 45 46 46 44 46 44 46 45 47 48 48 47 48 43 46 47 47 47 47 48 50 49 49 49 49 51 49 52 49 50 53 50 51 48 51 50 53 52 55 52 50 53 53 53 51 53 58 53 57 56 55 54 55 55 54 54 55 56 58 56 58 58 54 58 57 60 62 58 57 57 60 63 59 61 61 60 56 62 58 61 59 63 61 62 59 59 64 61 62 64 62 63 61 64 65 64 62 63 65 66 65 64 63 63 64 65 66 63 64 66 69 68 68 68 67 67 68 69 68 68 68 69 69 70 69 71 70 69 70 68 70 72 71 70 72 74 72 71 71 71 73 70 72 74 76 74 73 72 70 73 77 74 74 75 75 74 76 75 77 78 79 75 78 78 78 80 82 77 78 76 83 78 80 80 81 80 77 83 82 79 80 79 80 81 81 83 84 83 84 82 81 84 83 85 85 82 85 84 85 84 83 88 88 85 82 86 84 85 85 88 87 88 86 84 88 85 86 89 88 86 92 91 91 87 89 90 87 89 86 93 88 91 91 90 92 94 95 92 94 92 94 93 92 93 94 91 93 96 93 98 97 95 97 93 92 95 96 99 97 97 97 98 95 98 98 96 98 99 98 96 99 99 99 101 98 101 96 99 100 101 101 100 104 100 102 104 100 102 105 103 103 102 104 104 102 101 104 102 106 105 105 102 105 105 103 108 108 103 106 106 107 108 104 107 105 112 110 109 105 108 110 110 110 106 109 107 109 109 110 108 110 112 111 107 111 115 112 112 111 112 113 117 111 109 113 115 114 114 113 113 115 114 115 118 115 116 114 116 116 115 115 118 118 118 116 119 119 119 118 120 122 120 120 122 121 117 121 121 120 123 119 118 120 119 120 124 121 122 121 124 122 120 123 126 122 124 123 125 125 123 125 122 123 123 125 123 129 125 130 122 127 127 129 127 127 130 124 128 127 126 132 131 131 129 128 133 130 131 130 128 131 128 135 129 131 133 130 131 130 132 133 132 133 133 129 134 137 130 137 135 135 139 132 136 137 138 134 134 134 136 136 138 136 137 137 139 137 140 140 138 141 139 137 141 138 140 141 141 139 136 143 143 143 141 139 145 140 142 142 142 143 142 145 143 143 145 146 144 145 144 144 145 147 146 146 145 145 147 146 150 146 148 146 147 150 145 147 148 146 150 149 148 149 149 152 151 152 152 152 148 151 151 147 151 149 154 152 153 153 156 155 151 154 154 153 153 156 156 153 156 157 157 155 155 157 158 157 156 154 155 154 157 155 158 157 156 160 161 159 156 157 158 159 162 159 161 160 163 160 160 160 163 159 163 160 164 164 161 166 162 167 163 163 163 166 162 166 164 165 167 165 162 165 165 165 162 165 164 166 167 166 166 163 167 171 168 168 165 167 169 169 171 171 167 172 173 172 172 172 168 173 172 173 171 171 174 170 172 174 169 170 176 173 174 174 175 176 172 175 177 174 173 174 176 177 176 176 175 175 173 175 179 177 174 180 178 179 178 177 180 177 181 180 179 181 179 181 182 180 179 180 178 182 180 183 182 181 182 183 184 184 185 184 183 182 186 182 184 183 186 185 188 186 185 189 187 188 185 186 190 188 187 189 189 188 186 186 188 185 185 189 188 189 190 191 190 192 189 189 190 191 190 193 193 195 189 193 191 191 193 194 195 192 190 192 196 192 194 196 195 194 198 192 196 196 198 197 197 195 196 197 198 195 197 195 200 196 199 199 200 199 199 200 200 200 201 198 199 198 198 201 201 199 201 201
0: 2 10 19 (41.0)
1: 0 1 5 6 8 (41.0)
2: 7 9 20 (47.0)
3: 3 4 13 21 25 (40.0)
4: 12 17 18 22 24 (42.0)
5: 11 23 37 (44.0)
6: 14 15 27 (40.0)
7: 26 31 32 34 36 (30.0)
8: 16 30 39 48 (49.0)
9: 28 29 40 42 (32.0)
10: 33 35 38 41 47 (44.0)
11: 44 53 59 (40.0)
12: 45 49 50 56 57 72 73 (41.0)
13: 43 46 54 58 60 (48.0)
14: 52 62 63 66 69 71 78 (32.0)
15: 64 65 76 80 83 (49.0)
16: 51 55 61 68 79 (46.0)
17: 70 75 81 84 (40.0)
18: 67 77 96 (41.0)
19: 74 82 85 86 87 88 91 94 95 100 (39.0)
20: 90 92 93 (40.0)
21: 89 97 98 101 (52.0)
22: 103 105 107 109 111 115 (45.0)
23: 102 104 113 114 117 128 (54.0)
24: 99 106 108 119 (42.0)
25: 112 120 121 124 129 131 (46.0)
26: 110 116 118 122 (49.0)
27: 123 125 127 132 134 139 (53.0)
28: 133 135 136 137 153 (44.0)
29: 126 138 149 (51.0)
30: 140 144 159 (48.0)
31: 130 143 147 148 150 (46.0)
32: 141 151 154 156 174 (46.0)
33: 142 145 146 152 155 162 169 (42.0)
34: 158 160 165 (45.0)
35: 157 164 166 (46.0)
36: 170 184 186 (45.0)
37: 161 167 172 173 178 183 191 193 198 (29.0)
38: 163 168 171 176 177 180 181 182 187 192 (40.0)
39: 185 189 194 (45.0)
40: 179 188 190 (47.0)
41: 175 195 208 (48.0)
42: 199 201 202 203 205 206 (41.0)
43: 197 207 209 212 228 (50.0)
44: 196 210 211 213 218 220 (44.0)
45: 200 204 215 222 (62.0)
46: 216 217 219 221 229 (41.0)
47: 214 223 226 230 231 232 233 (61.0)
48: 224 225 227 234 248 (52.0)
49: 236 237 238 239 241 243 (48.0)
50: 235 244 246 250 255 (55.0)
51: 240 247 249 259 (46.0)
52: 242 252 254 (47.0)
53: 245 251 256 257 258 260 262 (56.0)
54: 266 269 270 277 (41.0)
55: 253 265 267 268 271 (44.0)
56: 264 272 274 291 (56.0)
57: 263 279 283 284 (55.0)
58: 261 273 275 276 278 282 293 (41.0)
59: 287 295 299 300 (45.0)
60: 280 285 290 (52.0)
61: 288 289 294 297 302 307 (49.0)
62: 281 292 298 303 305 311 (43.0)
63: 286 296 306 312 317 318 322 (56.0)
64: 301 304 308 310 316 319 323 (67.0)
65: 309 313 315 320 (52.0)
66: 314 321 324 (54.0)
67: 329 330 (46.0)
68: 326 327 328 331 333 334 335 344 (61.0)
69: 325 332 336 337 339 342 (54.0)
70: 338 341 343 345 348 356 363 (44.0)
71: 340 347 352 353 354 (68.0)
72: 346 349 351 357 362 (48.0)
73: 355 361 364 (46.0)
74: 350 358 360 366 367 370 (54.0)
75: 368 369 372 376 (48.0)
76: 359 371 384 (45.0)
77: 365 373 382 391 (54.0)
78: 374 377 378 379 383 386 (50.0)
79: 375 394 396 (52.0)
80: 380 387 388 390 395 397 (75.0)
81: 389 398 399 405 (74.0)
82: 381 393 404 410 419 (60.0)
83: 385 392 400 402 407 415 (49.0)
84: 401 403 406 412 414 421 428 (58.0)
85: 408 409 411 413 418 422 423 430 (54.0)
86: 420 427 431 434 443 (49.0)
87: 425 438 441 (49.0)
88: 416 417 424 426 429 433 445 (54.0)
89: 432 439 442 (55.0)
90: 440 448 (43.0)
91: 436 437 446 447 460 (45.0)
92: 435 449 452 454 457 469 (61.0)
93: 444 456 458 461 463 468 (45.0)
94: 450 453 455 459 (54.0)
95: 451 466 470 477 (72.0)
96: 462 471 480 484 491 (59.0)
97: 465 467 473 474 475 (61.0)
98: 464 476 478 479 481 483 489 (74.0)
99: 472 482 485 486 487 492 (69.0)
100: 493 496 498 501 (69.0)
101: 488 490 494 495 510 (54.0)
102: 499 502 506 509 512 516 (50.0)
103: 504 505 519 522 (71.0)
104: 497 500 507 508 511 527 (56.0)
105: 503 514 515 517 518 529 533 (62.0)
106: 513 523 524 538 (47.0)
107: 525 528 540 548 (69.0)
108: 520 521 526 534 544 (61.0)
109: 532 539 541 542 558 (61.0)
110: 531 535 536 537 543 545 (62.0)
111: 547 549 553 557 (53.0)
112: 530 546 551 552 554 (46.0)
113: 555 559 563 564 (58.0)
114: 561 562 566 571 (73.0)
115: 550 560 565 567 569 574 575 (75.0)
116: 570 572 573 579 (50.0)
117: 556 590 (50.0)
118: 568 576 577 578 583 596 (48.0)
119: 580 581 582 595 598 (68.0)
120: 584 586 587 593 597 599 606 (62.0)
121: 589 591 592 601 603 (51.0)
122: 585 588 602 605 609 616 624 (60.0)
123: 594 607 611 614 617 618 620 (64.0)
124: 600 604 610 631 (52.0)
125: 612 613 615 619 622 (65.0)
126: 608 634 (77.0)
127: 625 626 628 629 633 (62.0)
128: 632 639 644 646 (57.0)
129: 621 627 638 648 659 (45.0)
130: 623 630 641 643 651 653 662 (71.0)
131: 636 637 642 645 649 652 (45.0)
132: 635 654 656 667 (47.0)
133: 640 650 655 657 658 (50.0)
134: 660 671 672 673 (58.0)
135: 647 664 665 (71.0)
136: 668 674 675 677 694 (71.0)
137: 661 663 669 678 679 681 687 (65.0)
138: 670 676 684 689 (75.0)
139: 666 680 686 693 699 (67.0)
140: 682 683 690 701 (48.0)
141: 685 688 691 692 698 (46.0)
142: 702 703 704 706 (75.0)
143: 695 696 697 705 708 709 (75.0)
144: 712 714 715 (74.0)
145: 700 707 710 713 716 720 721 730 (70.0)
146: 711 718 719 723 725 727 733 (63.0)
147: 717 722 728 731 747 (62.0)
148: 726 732 736 744 (53.0)
149: 735 737 738 749 (62.0)
150: 724 729 734 (62.0)
151: 740 745 746 748 756 (53.0)
152: 739 741 742 743 751 (54.0)
153: 752 753 759 760 763 (74.0)
154: 750 757 758 773 775 (73.0)
155: 755 767 768 774 777 (75.0)
156: 754 761 762 764 772 780 784 (66.0)
157: 765 766 769 771 776 779 785 (70.0)
158: 770 778 786 (67.0)
159: 783 787 789 797 (75.0)
160: 781 791 793 794 795 799 (59.0)
161: 782 790 802 (75.0)
162: 788 804 810 816 820 (66.0)
163: 792 796 798 806 807 808 827 (64.0)
164: 800 801 812 822 (75.0)
165: 813 815 817 818 819 821 832 (71.0)
166: 803 809 811 823 825 826 (75.0)
167: 805 814 824 828 833 838 (61.0)
168: 830 831 844 (75.0)
169: 834 835 854 (63.0)
170: 851 855 (68.0)
171: 829 836 837 848 849 (75.0)
172: 839 841 842 843 846 852 862 (71.0)
173: 840 845 847 857 866 874 (69.0)
174: 850 853 858 859 865 867 878 (74.0)
175: 860 863 872 873 875 (69.0)
176: 856 861 868 870 871 (55.0)
177: 864 869 877 883 885 (72.0)
178: 880 882 896 (52.0)
179: 876 881 888 890 894 (69.0)
180: 879 884 887 893 895 898 (75.0)
181: 886 889 891 901 (74.0)
182: 892 897 900 902 909 911 (76.0)
183: 899 903 908 913 (74.0)
184: 904 905 907 912 (75.0)
185: 906 915 918 922 933 934 (79.0)
186: 910 914 917 923 930 931 (75.0)
187: 920 926 (74.0)
188: 916 921 925 929 932 936 (73.0)
189: 919 927 928 935 937 942 943 950 (75.0)
190: 924 938 940 944 946 958 (74.0)
191: 939 945 952 953 (72.0)
192: 941 957 959 961 967 (72.0)
193: 947 948 951 954 (75.0)
194: 955 962 965 (74.0)
195: 949 956 964 973 977 979 (76.0)
196: 960 963 968 969 974 981 (80.0)
197: 971 972 975 978 (82.0)
198: 966 970 976 991 993 994 (75.0)
199: 982 983 985 986 992 997 (75.0)
200: 980 984 987 988 989 (74.0)
201: 990 995 996 998 999 (81.0)
