Name: 1000-20-30
Time: 61.08005714416504 
Result: 22
Solution:  0 1 0 3 0 1 2 3 1 5 2 1 2 4 0 4 3 8 7 5 8 4 2 4 9 7 5 7 7 4 6 7 6 4 8 9 9 7 8 8 10 8 9 10 11 15 13 11 11 10 13 13 14 13 14 14 16 15 15 13 15 15 14 17 16 18 15 19 15 15 16 17 22 22 20 20 19 21 19 23 16 22 19 24 20 18 19 23 18 20 23 23 21 23 22 22 24 22 24 26 25 22 25 29 25 26 26 26 27 27 28 28 31 26 28 29 30 28 28 29 32 28 28 32 33 31 32 31 34 33 30 35 34 35 31 33 30 33 35 35 36 34 35 33 39 36 36 37 38 38 36 37 38 35 39 36 40 36 35 39 40 43 37 40 41 42 42 41 44 44 43 45 44 41 43 41 44 42 43 45 43 46 43 49 42 47 46 46 49 47 47 48 48 47 52 48 47 49 52 49 47 50 51 53 50 53 52 51 54 52 51 54 50 53 53 53 55 56 54 54 55 59 54 55 56 58 56 55 60 57 55 57 59 58 60 58 57 55 60 58 58 60 56 63 61 62 58 64 60 65 62 62 64 61 63 63 64 61 65 63 64 67 65 69 62 67 65 65 67 68 67 66 68 65 67 66 67 67 67 70 73 72 66 71 71 70 72 71 72 72 72 69 73 72 75 76 72 74 70 74 79 74 75 74 73 76 75 78 76 77 78 78 75 79 77 78 80 79 77 80 78 80 77 79 81 81 81 82 83 84 78 82 83 85 82 86 85 85 82 84 82 83 85 87 88 86 86 87 88 90 86 86 87 85 90 88 89 90 90 89 92 94 90 92 88 93 91 93 90 92 90 92 94 94 89 91 93 90 96 92 91 98 95 92 96 96 97 96 91 93 98 96 93 99 94 97 97 94 97 98 97 96 97 95 98 99 100 96 99 97 104 101 99 100 99 101 102 102 102 102 101 101 102 103 102 103 103 105 100 105 104 104 106 105 104 106 108 105 101 105 106 105 107 107 103 110 108 107 104 105 109 107 108 108 108 112 108 105 109 109 111 114 109 107 112 112 111 110 108 111 112 111 111 116 115 112 113 114 112 114 112 113 113 116 112 113 114 116 115 114 118 118 119 118 115 119 119 117 118 115 117 118 119 116 119 120 122 119 119 118 121 122 121 120 119 122 118 119 121 120 125 121 123 119 123 123 125 124 126 124 126 124 122 122 124 124 124 121 123 124 128 125 126 129 129 127 128 126 126 128 131 127 130 131 131 127 128 127 129 125 127 129 130 133 131 128 133 130 130 130 131 130 132 133 132 135 134 130 135 132 133 134 133 137 135 138 137 135 137 136 135 135 137 136 134 134 137 136 135 137 138 139 139 139 140 138 142 142 138 140 138 137 144 139 141 140 142 144 140 139 139 142 140 141 141 141 142 144 143 146 142 144 144 143 147 145 145 143 143 143 145 146 148 145 148 144 144 150 145 148 147 148 146 148 149 145 150 150 151 149 150 150 153 151 148 147 152 152 152 151 153 152 152 151 154 153 149 153 152 152 153 152 158 154 154 159 156 156 154 155 155 155 156 157 155 156 156 158 157 157 158 157 158 157 159 160 157 161 159 162 160 160 157 161 161 162 163 161 163 160 159 162 164 162 166 161 162 165 167 164 161 163 164 164 165 167 166 165 163 165 169 163 164 164 163 167 167 168 165 166 168 169 168 169 168 170 171 173 169 167 170 168 173 170 170 171 172 169 175 174 172 174 174 175 175 172 176 177 175 171 173 172 174 175 175 176 177 174 174 172 174 173 177 175 176 181 177 174 176 177 178 178 177 176 179 179 178 179 179 179 180 180 177 179 179 181 178 180 184 180 182 182 178 182 182 183 184 182 183 184 181 184 186 186 186 186 183 186 185 183 185 187 186 185 185 188 188 186 188 187 188 187 187 187 185 190 190 189 190 189 190 190 192 189 189 191 191 192 188 193 192 193 192 195 193 192 195 196 190 191 193 196 193 197 194 195 197 194 195 192 196 196 194 197 196 198 198 193 195 198 199 198 198 198 197 199 200 197 198 197 198 199 200 200 201 200 197 200 204 201 204 199 200 202 203 202 207 201 203 204 200 204 204 205 203 205 201 205 205 202 205 208 206 206 209 207 208 206 206 207 208 209 208 207 206 213 207 206 208 209 210 208 209 210 210 211 209 212 212 210 212 211 216 211 212 211 213 213 211 214 213 214 214 211 214 213 217 216 215 215 215 212 216 217 216 215 217 216 214 217
0: 0 2 4 14 (20.0)
1: 1 5 8 11 (18.0)
2: 6 10 12 22 (17.0)
3: 3 7 16 (20.0)
4: 13 15 21 23 29 33 (20.0)
5: 9 19 26 (24.0)
6: 30 32 (25.0)
7: 18 25 27 28 31 37 (18.0)
8: 17 20 34 38 39 41 (17.0)
9: 24 35 36 42 (23.0)
10: 40 43 49 (20.0)
11: 44 47 48 (30.0)
12: (0.0)
13: 46 50 51 53 59 (14.0)
14: 52 54 55 62 (24.0)
15: 45 57 58 60 61 66 68 69 (19.0)
16: 56 64 70 80 (20.0)
17: 63 71 (22.0)
18: 65 85 88 (23.0)
19: 67 76 78 82 86 (22.0)
20: 74 75 84 89 (24.0)
21: 77 92 (20.0)
22: 72 73 81 94 95 97 101 (14.0)
23: 79 87 90 91 93 (22.0)
24: 83 96 98 (22.0)
25: 100 102 104 (21.0)
26: 99 105 106 107 113 (25.0)
27: 108 109 (12.0)
28: 110 111 114 117 118 121 122 (19.0)
29: 103 115 119 (20.0)
30: 116 130 136 (27.0)
31: 112 125 127 134 (25.0)
32: 120 123 126 (21.0)
33: 124 129 135 137 143 (18.0)
34: 128 132 141 (27.0)
35: 131 133 138 139 142 153 158 (19.0)
36: 140 145 146 150 155 157 (21.0)
37: 147 151 162 (21.0)
38: 148 149 152 (25.0)
39: 144 154 159 (21.0)
40: 156 160 163 (20.0)
41: 164 167 173 175 (23.0)
42: 165 166 177 184 (20.0)
43: 161 170 174 178 180 182 (20.0)
44: 168 169 172 176 (21.0)
45: 171 179 (22.0)
46: 181 186 187 (20.0)
47: 185 189 190 193 196 200 (32.0)
48: 191 192 195 (29.0)
49: 183 188 197 199 (20.0)
50: 201 204 212 (20.0)
51: 202 207 210 (21.0)
52: 194 198 206 209 (12.0)
53: 203 205 213 214 215 (19.0)
54: 208 211 218 219 222 (28.0)
55: 216 220 223 227 230 237 (26.0)
56: 217 224 226 242 (24.0)
57: 229 231 236 (29.0)
58: 225 233 235 239 240 246 (23.0)
59: 221 232 (20.0)
60: 228 234 238 241 248 (25.0)
61: 244 253 257 (21.0)
62: 245 250 251 264 (25.0)
63: 243 254 255 259 (21.0)
64: 247 252 256 260 (24.0)
65: 249 258 262 266 267 273 (23.0)
66: 271 275 282 (21.0)
67: 261 265 268 270 274 276 277 278 (20.0)
68: 269 272 (20.0)
69: 263 291 (30.0)
70: 279 285 298 (25.0)
71: 283 284 287 (26.0)
72: 281 286 288 289 290 293 296 (25.0)
73: 280 292 304 (20.0)
74: 297 299 301 303 (23.0)
75: 294 302 306 312 (23.0)
76: 295 305 308 (21.0)
77: 309 314 318 322 (21.0)
78: 307 310 311 315 320 330 (22.0)
79: 300 313 317 323 (25.0)
80: 316 319 321 (21.0)
81: 324 325 326 (21.0)
82: 327 331 334 338 340 (28.0)
83: 328 332 341 (23.0)
84: 329 339 (21.0)
85: 333 336 337 342 353 (20.0)
86: 335 345 346 350 351 (21.0)
87: 343 347 352 (25.0)
88: 344 348 355 364 (27.0)
89: 356 359 374 (25.0)
90: 349 354 357 358 362 368 370 377 (23.0)
91: 366 375 380 388 (22.0)
92: 360 363 369 371 379 383 (30.0)
93: 365 367 376 389 392 (26.0)
94: 361 372 373 394 397 (25.0)
95: 382 403 (21.0)
96: 378 384 385 387 391 401 407 (26.0)
97: 386 395 396 398 400 402 409 (27.0)
98: 381 390 399 404 (23.0)
99: 393 405 408 412 414 (27.0)
100: 406 413 428 (24.0)
101: 411 415 420 421 438 (29.0)
102: 416 417 418 419 422 424 (26.0)
103: 423 425 426 444 (20.0)
104: 410 430 431 434 448 (20.0)
105: 427 429 433 437 439 441 449 457 (18.0)
106: 432 435 440 (29.0)
107: 442 443 447 451 463 (21.0)
108: 436 446 452 453 454 456 468 (18.0)
109: 450 458 459 462 (27.0)
110: 445 467 (23.0)
111: 460 466 469 471 472 (28.0)
112: 455 464 465 470 475 478 480 484 (25.0)
113: 476 481 482 485 (24.0)
114: 461 477 479 486 489 (23.0)
115: 474 488 494 499 (24.0)
116: 473 483 487 503 (26.0)
117: 497 500 (32.0)
118: 490 491 493 498 501 509 516 (27.0)
119: 492 495 496 502 504 507 508 514 517 523 (28.0)
120: 505 513 519 (30.0)
121: 510 512 518 521 537 (25.0)
122: 506 511 515 532 533 (25.0)
123: 522 524 525 538 (23.0)
124: 527 529 531 534 535 536 539 (23.0)
125: 520 526 541 559 (30.0)
126: 528 530 542 547 548 (24.0)
127: 545 551 555 557 560 (31.0)
128: 540 546 549 556 565 (30.0)
129: 543 544 558 561 (29.0)
130: 552 562 567 568 569 571 577 (24.0)
131: 550 553 554 564 570 (27.0)
132: 572 574 579 (24.0)
133: 563 566 573 580 582 (30.0)
134: 576 581 594 595 (27.0)
135: 575 578 584 587 590 591 598 (26.0)
136: 589 593 597 (27.0)
137: 583 586 588 592 596 599 611 (24.0)
138: 585 600 605 608 610 (26.0)
139: 601 602 603 613 619 620 (25.0)
140: 604 609 615 618 622 (29.0)
141: 614 623 624 625 (30.0)
142: 606 607 616 621 626 630 (28.0)
143: 628 633 637 638 639 (28.0)
144: 612 617 627 631 632 645 646 (25.0)
145: 635 636 640 643 648 655 (28.0)
146: 629 641 652 (30.0)
147: 634 650 665 (24.0)
148: 642 644 649 651 653 664 (26.0)
149: 654 659 676 (30.0)
150: 647 656 657 660 661 (29.0)
151: 658 663 669 673 (22.0)
152: 666 667 668 671 672 678 679 681 (22.0)
153: 662 670 675 677 680 (27.0)
154: 674 683 684 688 (22.0)
155: 689 690 691 694 (25.0)
156: 686 687 692 695 696 (24.0)
157: 693 698 699 701 703 706 712 (23.0)
158: 682 697 700 702 (27.0)
159: 685 704 708 720 (26.0)
160: 705 710 711 719 (25.0)
161: 707 713 714 717 725 730 (26.0)
162: 709 715 721 723 726 (30.0)
163: 716 718 731 738 741 744 (27.0)
164: 722 729 732 733 742 743 (30.0)
165: 727 734 737 739 748 (30.0)
166: 724 736 749 (30.0)
167: 728 735 745 746 759 (29.0)
168: 747 750 752 754 761 (32.0)
169: 740 751 753 758 767 (30.0)
170: 755 760 763 764 (34.0)
171: 756 765 779 (30.0)
172: 766 770 775 781 789 (30.0)
173: 757 762 780 791 (26.0)
174: 769 771 772 782 787 788 790 797 (30.0)
175: 768 773 774 778 783 784 793 (25.0)
176: 776 785 794 798 803 (29.0)
177: 777 786 792 796 799 802 812 (29.0)
178: 800 801 806 816 822 (30.0)
179: 804 805 807 808 809 813 814 (30.0)
180: 810 811 817 819 (30.0)
181: 795 815 830 (30.0)
182: 820 821 823 824 827 (31.0)
183: 825 828 836 839 (30.0)
184: 818 826 829 831 (30.0)
185: 838 840 843 844 854 (29.0)
186: 832 833 834 835 837 842 847 (24.0)
187: 841 849 851 852 853 (30.0)
188: 845 846 848 850 868 (26.0)
189: 857 859 863 864 (29.0)
190: 855 856 858 860 861 878 (29.0)
191: 865 866 879 (25.0)
192: 862 867 870 872 875 889 (30.0)
193: 869 871 874 880 882 897 (30.0)
194: 884 887 892 (30.0)
195: 873 876 885 888 898 (31.0)
196: 877 881 890 891 894 (30.0)
197: 883 886 893 904 907 909 916 (31.0)
198: 895 896 899 901 902 903 908 910 (30.0)
199: 900 905 911 921 (30.0)
200: 906 912 913 915 917 922 930 (26.0)
201: 914 919 927 936 (34.0)
202: 923 925 939 (20.0)
203: 924 928 934 (30.0)
204: 918 920 929 931 932 (31.0)
205: 933 935 937 938 940 (30.0)
206: 942 943 947 948 954 957 (31.0)
207: 926 945 949 953 956 (30.0)
208: 941 946 950 952 958 961 (29.0)
209: 944 951 959 962 966 (30.0)
210: 960 963 964 969 (30.0)
211: 965 971 973 975 978 983 (30.0)
212: 967 968 970 974 991 (29.0)
213: 955 976 977 980 985 (30.0)
214: 979 981 982 984 998 (31.0)
215: 988 989 990 995 (28.0)
216: 972 987 992 994 997 (32.0)
217: 986 993 996 999 (24.0)
