Name: 100-60-125
Time: 8.229201078414917 
Result: 58
Solution:  4 0 0 1 0 3 0 2 3 5 0 2 4 0 3 1 3 1 4 4 7 3 5 6 6 5 7 7 7 5 8 7 8 7 7 10 9 5 7 10 7 11 10 9 5 6 10 6 10 10 9 10 13 13 11 9 12 13 9 13 12 13 14 11 11 14 13 13 14 11 16 18 14 16 12 17 15 13 16 20 17 15 17 16 15 17 20 18 20 19 17 16 19 19 18 18 19 20 20 19
0: 1 2 4 6 10 13 (62.0)
1: 3 15 17 (66.0)
2: 7 11 (72.0)
3: 5 8 14 16 21 (67.0)
4: 0 12 18 19 (79.0)
5: 9 22 25 29 37 44 (101.0)
6: 23 24 45 47 (107.0)
7: 20 26 27 28 31 33 34 38 40 (115.0)
8: 30 32 (77.0)
9: 36 43 50 55 58 (91.0)
10: 35 39 42 46 48 49 51 (108.0)
11: 41 54 63 64 69 (112.0)
12: 56 60 74 (85.0)
13: 52 53 57 59 61 66 67 77 (114.0)
14: 62 65 68 72 (95.0)
15: 76 81 84 (106.0)
16: 70 73 78 83 91 (90.0)
17: 75 80 82 85 90 (79.0)
18: 71 87 94 95 (113.0)
19: 89 92 93 96 99 (120.0)
20: 79 86 88 97 98 (115.0)
