Name: 1000-30-50
Time: 62.483642578125 
Result: 32
Solution:  0 0 2 0 0 1 3 1 2 2 3 2 2 3 4 1 0 6 2 3 5 2 3 6 4 3 4 7 7 6 7 6 5 7 6 6 6 7 7 8 8 8 9 7 8 8 10 9 9 11 9 14 10 9 9 11 12 10 9 15 11 12 13 12 13 10 13 13 12 12 13 14 16 17 13 14 15 14 15 12 15 17 14 14 16 15 18 16 16 19 18 21 18 15 19 17 19 21 19 20 18 19 20 19 22 17 22 24 19 20 23 26 25 22 20 22 22 21 26 21 22 25 26 23 23 25 26 26 27 24 25 30 26 27 26 24 28 26 25 27 28 29 26 26 28 30 29 26 27 31 30 33 29 30 32 28 29 29 30 29 32 33 32 33 36 31 32 33 29 35 34 33 36 35 34 34 35 33 33 37 35 36 33 35 38 37 33 39 39 36 40 38 35 35 39 40 41 40 40 36 36 41 39 42 43 43 38 40 39 39 42 42 42 39 41 44 47 43 40 42 45 43 45 43 42 44 46 45 43 44 46 44 45 45 43 48 48 47 46 48 50 46 49 50 46 52 49 51 49 49 47 53 52 50 51 49 49 52 53 52 51 50 53 53 53 54 51 53 54 53 56 54 53 51 53 55 54 53 58 57 55 55 56 60 56 58 55 55 57 57 55 61 55 56 59 62 59 61 58 58 60 60 59 59 60 61 62 59 58 62 64 61 61 61 63 66 63 61 65 60 63 65 68 61 64 64 65 65 68 68 66 67 66 69 65 70 66 65 68 68 72 71 68 71 70 68 68 69 68 67 74 71 72 69 68 72 69 71 72 69 74 73 75 70 71 73 71 71 71 73 74 73 72 73 77 75 74 74 78 75 76 80 73 77 76 77 76 76 77 73 78 75 76 80 80 81 79 82 78 75 79 78 81 80 78 79 82 80 82 83 85 84 86 79 81 83 80 82 79 81 83 82 86 84 84 85 85 84 86 83 84 85 85 85 88 89 89 88 87 89 90 85 86 87 87 89 89 87 87 89 90 88 90 91 88 90 90 91 94 88 92 96 90 91 91 92 94 93 92 94 93 97 92 94 95 92 97 94 96 95 97 93 95 96 96 95 96 96 96 93 98 98 99 101 99 98 101 102 99 99 100 101 101 102 97 103 98 103 101 101 102 98 104 101 101 101 103 103 101 100 102 104 106 101 105 104 107 106 105 108 109 108 106 105 106 107 106 106 107 110 109 112 108 109 105 107 109 107 106 107 108 109 110 109 109 111 113 111 110 112 115 112 112 109 114 113 112 114 111 113 114 110 116 110 114 113 116 116 115 113 119 116 112 114 117 117 118 117 117 114 117 115 118 118 118 120 122 117 121 120 121 119 120 123 120 119 118 118 124 121 121 125 126 118 124 125 122 123 122 122 128 125 124 124 123 126 123 127 124 124 126 127 124 125 127 128 128 130 125 127 130 131 130 127 131 128 129 129 126 129 133 133 128 134 128 129 130 131 133 133 132 132 128 129 134 132 135 136 132 134 131 136 133 135 136 136 135 132 138 134 137 136 135 136 136 137 135 138 140 141 138 135 138 140 142 140 140 140 139 142 141 138 140 141 139 141 144 138 145 141 144 143 140 141 146 145 140 145 143 143 144 142 144 143 147 147 143 147 145 146 146 142 150 146 143 151 146 148 148 146 148 148 147 149 148 150 147 150 149 150 152 150 150 147 149 153 148 151 150 150 153 154 152 149 154 153 155 156 155 155 158 156 152 153 154 152 152 155 154 156 155 157 156 157 153 157 158 161 157 160 157 160 157 160 159 160 158 156 158 156 158 163 161 157 161 163 161 159 160 162 163 161 159 166 164 161 164 164 162 163 164 167 163 163 164 161 166 165 164 165 166 166 169 167 169 166 163 169 168 166 167 165 170 167 167 170 168 167 168 165 169 169 166 169 165 168 172 172 171 170 169 169 171 170 172 172 174 170 171 170 172 175 173 173 174 173 170 172 174 170 173 178 174 171 174 172 175 176 173 172 176 171 176 177 176 173 176 176 179 176 177 177 175 175 179 178 175 179 177 177 180 180 180 180 178 178 179 184 180 181 177 181 184 180 182 181 182 178 184 181 183 181 185 182 182 184 183 183 183 183 188 182 184 184 181 184 186 185 184 185 185 186 187 187 189 186 183 187 187 184 190 185 189 186 188 188 191 186 187 185 189 187 188 190 192 192 191 190 188 191 190 193 192 192 192 187 189 187 192 193 191 189 192 193 190 192 193 193 193 193
0: 0 1 3 4 16 (30.0)
1: 5 7 15 (30.0)
2: 2 8 9 11 12 18 21 (30.0)
3: 6 10 13 19 22 25 (31.0)
4: 14 24 26 (30.0)
5: 20 32 (35.0)
6: 17 23 29 31 34 35 36 (30.0)
7: 27 28 30 33 37 38 43 (32.0)
8: 39 40 41 44 45 (30.0)
9: 42 47 48 50 53 54 58 (24.0)
10: 46 52 57 65 (36.0)
11: 49 55 60 (32.0)
12: 56 61 63 68 69 79 (32.0)
13: 62 64 66 67 70 74 (32.0)
14: 51 71 75 77 82 83 (24.0)
15: 59 76 78 80 85 93 (35.0)
16: 72 84 87 88 (35.0)
17: 73 81 95 105 (33.0)
18: 86 90 92 100 (34.0)
19: 89 94 96 98 101 103 108 (25.0)
20: 99 102 109 114 (32.0)
21: 91 97 117 119 (33.0)
22: 104 106 113 115 116 120 (33.0)
23: 110 123 124 (38.0)
24: 107 129 135 (30.0)
25: 112 121 125 130 138 (30.0)
26: 111 118 122 126 127 132 134 137 142 143 147 (30.0)
27: 128 133 139 148 (30.0)
28: 136 140 144 155 (42.0)
29: 141 146 152 156 157 159 168 (23.0)
30: 131 145 150 153 158 (42.0)
31: 149 165 (31.0)
32: 154 160 162 166 (31.0)
33: 151 161 163 167 171 177 178 182 186 (36.0)
34: 170 174 175 (36.0)
35: 169 173 176 180 183 192 193 (34.0)
36: 164 172 181 189 199 200 (45.0)
37: 179 185 (31.0)
38: 184 191 206 (37.0)
39: 187 188 194 202 208 209 213 (30.0)
40: 190 195 197 198 207 218 (34.0)
41: 196 201 214 (33.0)
42: 203 210 211 212 219 224 (37.0)
43: 204 205 217 221 223 228 234 (37.0)
44: 215 225 229 231 (34.0)
45: 220 222 227 232 233 (35.0)
46: 226 230 238 241 244 (33.0)
47: 216 237 250 (38.0)
48: 235 236 239 (31.0)
49: 242 246 248 249 255 256 (38.0)
50: 240 243 253 261 (31.0)
51: 247 254 260 266 273 (32.0)
52: 245 252 257 259 (33.0)
53: 251 258 262 263 264 267 269 272 274 277 (30.0)
54: 265 268 271 276 (35.0)
55: 275 280 281 286 287 290 292 (33.0)
56: 270 282 284 293 (50.0)
57: 279 288 289 (34.0)
58: 278 285 298 299 308 (42.0)
59: 294 296 302 303 307 (30.0)
60: 283 300 301 304 319 (50.0)
61: 291 297 305 311 312 313 317 323 (37.0)
62: 295 306 309 (35.0)
63: 314 316 320 (32.0)
64: 310 324 325 (34.0)
65: 318 321 326 327 334 337 (35.0)
66: 315 330 332 336 (38.0)
67: 331 349 (41.0)
68: 322 328 329 338 339 342 345 346 348 354 (30.0)
69: 333 347 353 356 359 (34.0)
70: 335 344 363 (37.0)
71: 341 343 351 357 364 366 367 368 (45.0)
72: 340 352 355 358 372 (37.0)
73: 361 365 369 371 373 382 389 (48.0)
74: 350 360 370 376 377 (39.0)
75: 362 375 379 391 399 (43.0)
76: 380 384 386 387 392 (36.0)
77: 374 383 385 388 (39.0)
78: 378 390 398 401 404 (41.0)
79: 396 400 405 413 418 (34.0)
80: 381 393 394 403 407 416 (47.0)
81: 395 402 414 419 (47.0)
82: 397 406 408 417 421 (32.0)
83: 409 415 420 429 (39.0)
84: 411 423 424 427 430 (40.0)
85: 410 425 426 431 432 433 441 (44.0)
86: 412 422 428 442 (35.0)
87: 438 443 444 447 448 (38.0)
88: 434 437 451 454 459 (37.0)
89: 435 436 439 445 446 449 (46.0)
90: 440 450 452 455 456 462 (50.0)
91: 453 457 463 464 (39.0)
92: 460 465 468 472 475 (41.0)
93: 467 470 481 489 (38.0)
94: 458 466 469 473 477 (45.0)
95: 474 479 482 485 (36.0)
96: 461 478 483 484 486 487 488 (39.0)
97: 471 476 480 504 (30.0)
98: 490 491 495 506 511 (33.0)
99: 492 494 498 499 (49.0)
100: 500 519 (45.0)
101: 493 496 501 502 508 509 513 514 515 518 523 (44.0)
102: 497 503 510 520 (33.0)
103: 505 507 516 517 (41.0)
104: 512 521 525 (46.0)
105: 524 528 533 544 (34.0)
106: 522 527 532 534 536 537 548 (44.0)
107: 526 535 538 545 547 549 (49.0)
108: 529 531 542 550 (34.0)
109: 530 540 543 546 551 553 554 563 (49.0)
110: 539 552 558 571 573 (44.0)
111: 555 557 568 (36.0)
112: 541 559 561 562 566 582 (42.0)
113: 556 565 569 575 579 (50.0)
114: 564 567 570 574 583 589 (44.0)
115: 560 578 591 (33.0)
116: 572 576 577 581 (45.0)
117: 584 585 587 588 590 597 (49.0)
118: 586 592 593 594 606 607 613 (49.0)
119: 580 601 605 (35.0)
120: 595 599 602 604 (39.0)
121: 598 600 609 610 (42.0)
122: 596 616 618 619 (41.0)
123: 603 617 624 626 (35.0)
124: 608 614 622 623 628 629 632 (49.0)
125: 611 615 621 633 638 (31.0)
126: 612 625 630 648 (34.0)
127: 627 631 634 639 643 (43.0)
128: 620 635 636 645 652 654 662 (49.0)
129: 646 647 649 655 663 (55.0)
130: 637 640 642 656 (47.0)
131: 641 644 657 670 (40.0)
132: 660 661 665 668 677 (38.0)
133: 650 651 658 659 672 (49.0)
134: 653 664 669 679 (50.0)
135: 666 673 676 682 686 691 (39.0)
136: 667 671 674 675 681 683 684 (47.0)
137: 680 685 (32.0)
138: 678 687 690 692 701 707 (39.0)
139: 698 704 (49.0)
140: 688 693 695 696 697 702 712 716 (50.0)
141: 689 700 703 705 709 713 (50.0)
142: 694 699 721 731 (48.0)
143: 711 718 719 723 726 734 (47.0)
144: 706 710 720 722 (50.0)
145: 708 715 717 728 (48.0)
146: 714 729 730 733 736 739 (50.0)
147: 724 725 727 742 746 753 (38.0)
148: 737 738 740 741 744 756 (42.0)
149: 743 748 754 763 (41.0)
150: 732 745 747 749 751 752 758 759 (48.0)
151: 735 757 (50.0)
152: 750 762 772 775 776 (50.0)
153: 755 760 765 773 784 (46.0)
154: 761 764 774 778 (50.0)
155: 766 768 769 777 780 (50.0)
156: 767 771 779 782 797 799 (50.0)
157: 781 783 785 788 790 792 803 (44.0)
158: 770 786 796 798 800 (50.0)
159: 794 807 812 (50.0)
160: 789 791 793 795 808 (49.0)
161: 787 802 804 806 811 815 825 (45.0)
162: 809 818 (55.0)
163: 801 805 810 819 822 823 836 (50.0)
164: 814 816 817 820 824 828 (39.0)
165: 827 829 841 849 854 (45.0)
166: 813 826 830 831 835 839 852 (49.0)
167: 821 833 840 843 844 847 (47.0)
168: 838 846 848 855 (35.0)
169: 832 834 837 850 851 853 860 861 (50.0)
170: 842 845 859 863 867 869 876 879 (47.0)
171: 858 862 868 883 891 (47.0)
172: 856 857 864 865 870 877 885 889 (46.0)
173: 872 873 875 880 888 895 (50.0)
174: 866 874 878 882 884 (50.0)
175: 871 886 902 903 906 (50.0)
176: 887 890 892 894 896 897 899 (50.0)
177: 893 900 901 908 909 920 (50.0)
178: 881 905 914 915 927 (52.0)
179: 898 904 907 916 (50.0)
180: 910 911 912 913 918 923 (50.0)
181: 919 921 925 929 931 944 (50.0)
182: 924 926 933 934 941 (54.0)
183: 930 936 937 938 939 956 (53.0)
184: 917 922 928 935 942 943 945 948 959 (50.0)
185: 932 947 949 950 961 969 (49.0)
186: 946 951 955 963 967 (49.0)
187: 952 953 957 958 968 971 985 987 (49.0)
188: 940 964 965 972 978 (49.0)
189: 954 962 970 986 991 (48.0)
190: 960 973 977 980 994 (48.0)
191: 966 976 979 990 (50.0)
192: 974 975 982 983 984 988 992 995 (44.0)
193: 981 989 993 996 997 998 999 (50.0)
