Name: 100-60-125
Time: 8.560368776321411 
Result: 47
Solution:  0 4 0 1 0 1 3 1 4 2 6 2 4 0 2 1 2 0 3 4 6 3 7 6 5 5 4 6 5 3 8 7 8 7 6 10 9 5 7 9 7 9 9 9 5 9 10 6 12 10 9 10 11 13 11 11 12 9 9 15 13 13 14 13 12 14 12 13 14 12 15 19 15 16 16 15 16 13 16 19 17 17 17 18 14 17 20 18 20 20 17 15 19 19 18 18 17 20 19 19
0: 0 2 4 13 17 (80.0)
1: 3 5 7 15 (78.0)
2: 9 11 14 16 (70.0)
3: 6 18 21 29 (70.0)
4: 1 8 12 19 26 (84.0)
5: 24 25 28 37 44 (101.0)
6: 10 20 23 27 34 47 (90.0)
7: 22 31 33 38 40 (88.0)
8: 30 32 (77.0)
9: 36 39 41 42 43 45 50 57 58 (98.0)
10: 35 46 49 51 (78.0)
11: 52 54 55 (99.0)
12: 48 56 64 66 69 (105.0)
13: 53 60 61 63 67 77 (91.0)
14: 62 65 68 84 (114.0)
15: 59 70 72 75 91 (117.0)
16: 73 74 76 78 (86.0)
17: 80 81 82 85 90 96 (99.0)
18: 83 87 94 95 (117.0)
19: 71 79 92 93 98 99 (115.0)
20: 86 88 89 97 (117.0)
