Name: 100-60-125
Time: 5.325927734375 
Result: 56
Solution:  1 0 1 1 0 1 1 0 5 3 5 2 3 1 2 4 4 6 3 4 9 5 8 6 3 4 2 7 8 2 8 7 6 8 7 12 8 5 4 9 7 12 11 10 5 7 10 8 11 10 9 10 12 13 11 14 12 9 12 13 10 12 13 14 9 14 13 14 14 12 16 18 16 16 13 17 15 17 15 17 17 15 17 20 15 16 19 18 17 20 18 18 19 20 19 18 18 20 19 19
0: 1 4 7 (70.0)
1: 0 2 3 5 6 13 (60.0)
2: 11 14 26 29 (91.0)
3: 9 12 18 24 (101.0)
4: 15 16 19 25 38 (84.0)
5: 8 10 21 37 44 (60.0)
6: 17 23 32 (77.0)
7: 27 31 34 40 45 (95.0)
8: 22 28 30 33 36 47 (116.0)
9: 20 39 50 57 64 (91.0)
10: 43 46 49 51 60 (104.0)
11: 42 48 54 (62.0)
12: 35 41 52 56 58 61 69 (87.0)
13: 53 59 62 66 74 (103.0)
14: 55 63 65 67 68 (97.0)
15: 76 78 81 84 (116.0)
16: 70 72 73 85 (112.0)
17: 75 77 79 80 82 88 (113.0)
18: 71 87 90 91 95 96 (108.0)
19: 86 92 94 98 99 (115.0)
20: 83 89 93 97 (112.0)
