Name: 1000-30-50
Time: 58.1330349445343 
Result: 37
Solution:  0 0 0 0 0 1 4 1 0 1 3 1 3 3 2 4 1 3 1 1 6 2 3 4 4 8 5 3 3 5 7 9 6 3 7 5 9 3 7 8 9 8 9 10 8 11 7 9 9 11 7 12 10 9 9 11 12 12 9 10 9 11 13 12 13 14 14 13 15 14 15 14 14 13 15 13 12 12 15 15 17 16 12 16 16 15 17 18 17 20 17 21 18 18 15 17 21 20 21 19 16 21 20 21 19 18 21 17 21 22 19 21 23 21 23 22 22 23 21 22 23 23 21 25 24 25 28 24 29 22 27 26 27 25 28 24 28 27 29 24 28 29 27 27 28 30 29 27 29 26 32 31 29 30 30 27 30 29 31 30 31 34 33 34 33 31 33 34 29 33 32 34 34 34 35 32 35 34 34 38 37 36 34 37 35 37 33 36 36 36 40 38 39 34 38 39 36 40 40 36 41 39 39 37 42 42 40 42 40 40 43 41 42 40 41 46 44 42 45 43 44 43 46 43 46 44 45 44 45 43 46 45 46 45 45 48 48 47 47 47 49 48 48 51 49 53 48 51 50 50 47 48 46 49 50 50 48 50 54 52 51 49 55 51 55 54 53 50 54 50 52 53 51 58 54 58 56 54 57 57 60 58 56 56 58 56 55 55 58 59 59 58 59 57 61 62 59 62 58 55 60 60 60 59 61 61 60 58 61 64 63 63 62 63 63 65 63 63 62 62 64 65 67 61 66 66 65 65 68 68 66 66 67 69 65 68 67 65 67 68 68 70 69 68 70 69 70 69 69 67 72 70 70 69 68 73 69 71 72 71 69 73 73 75 71 72 73 76 74 73 77 74 73 71 75 76 76 72 79 74 76 79 77 75 77 76 75 80 77 81 74 76 79 78 80 80 81 79 79 76 78 82 78 80 80 83 82 83 81 80 82 80 84 80 82 83 79 81 86 81 85 82 84 85 84 87 83 83 89 84 85 84 85 82 89 88 88 86 86 88 87 91 87 89 91 90 90 88 86 90 88 88 93 92 87 92 92 91 92 89 90 96 95 93 91 92 92 96 92 93 94 96 95 94 96 97 94 95 95 99 93 99 96 93 96 95 99 97 99 94 98 97 96 97 100 99 99 99 98 99 98 100 103 102 99 101 98 102 101 102 102 102 104 100 100 105 103 104 101 102 104 104 105 101 105 103 106 105 105 107 105 109 106 106 106 107 110 110 106 108 107 110 108 105 106 108 107 109 107 111 109 107 109 111 110 113 111 111 110 112 113 112 112 112 112 114 113 113 110 111 112 111 116 110 114 115 113 118 112 111 117 116 116 114 119 117 119 117 117 114 115 115 118 121 118 120 122 119 121 119 121 118 122 120 119 122 119 120 122 120 123 123 121 120 120 125 123 125 125 125 127 122 124 123 123 124 125 125 125 124 126 126 128 126 126 127 127 128 124 127 129 132 127 127 128 128 129 129 128 130 131 130 128 134 131 130 131 131 132 130 131 129 131 134 133 133 136 135 133 134 132 134 131 136 137 136 135 134 136 133 137 136 134 137 136 135 135 137 137 137 140 135 141 139 142 139 140 139 138 139 139 140 142 141 138 141 141 139 141 142 144 142 141 140 140 143 145 146 139 143 144 140 144 144 146 146 144 146 143 147 145 146 149 147 145 149 146 150 146 145 147 151 148 148 147 150 146 148 147 148 152 150 148 152 149 151 152 150 150 150 151 152 154 151 155 154 152 151 154 153 158 157 154 153 153 154 153 153 155 155 156 154 156 156 157 157 157 153 156 156 157 158 157 159 158 159 155 160 159 159 160 162 161 162 162 161 160 158 161 161 162 161 160 162 165 164 164 164 163 165 166 163 166 163 165 162 164 164 161 165 167 164 165 170 169 165 163 169 168 165 166 167 165 166 168 168 172 167 168 166 168 170 167 170 166 167 171 170 169 168 172 168 172 171 170 171 175 170 173 172 172 171 174 170 173 173 170 172 175 173 176 178 174 176 170 171 175 174 174 173 176 172 177 176 180 174 175 176 178 177 177 176 175 174 179 177 180 174 177 177 175 179 180 179 180 175 181 176 180 181 179 180 185 180 184 181 182 178 183 180 184 180 183 182 182 183 181 183 184 183 188 182 182 185 183 184 188 186 185 184 187 186 186 185 185 188 186 185 187 185 184 190 187 187 189 189 191 188 185 186 187 185 188 189 189 185 191 192 188 190 190 192 192 191 192 193 190 190 190 192 193 188 190 193 191 192 193 193 193 192
0: 0 1 2 3 4 8 (41.0)
1: 5 7 9 11 16 18 19 (30.0)
2: 14 21 (15.0)
3: 10 12 13 17 22 27 28 33 37 (28.0)
4: 6 15 23 24 (30.0)
5: 26 29 35 (31.0)
6: 20 32 (35.0)
7: 30 34 38 46 50 (35.0)
8: 25 39 41 44 (31.0)
9: 31 36 40 42 47 48 53 54 58 60 (29.0)
10: 43 52 59 (32.0)
11: 45 49 55 61 (33.0)
12: 51 56 57 63 76 77 82 (31.0)
13: 62 64 67 73 75 (34.0)
14: 65 66 69 71 72 (34.0)
15: 68 70 74 78 79 85 94 (33.0)
16: 81 83 84 100 (32.0)
17: 80 86 88 90 95 107 (39.0)
18: 87 92 93 105 (37.0)
19: 99 104 110 (39.0)
20: 89 97 102 (30.0)
21: 91 96 98 101 103 106 108 111 113 118 122 (25.0)
22: 109 115 116 119 129 (32.0)
23: 112 114 117 120 121 (30.0)
24: 124 127 135 139 (39.0)
25: 123 125 133 (30.0)
26: 131 149 (31.0)
27: 130 132 137 142 143 147 155 (31.0)
28: 126 134 136 140 144 (37.0)
29: 128 138 141 146 148 152 157 168 (29.0)
30: 145 153 154 156 159 (31.0)
31: 151 158 160 165 (40.0)
32: 150 170 175 (30.0)
33: 162 164 166 169 186 (32.0)
34: 161 163 167 171 172 173 177 178 182 193 (33.0)
35: 174 176 184 (33.0)
36: 181 187 188 189 196 199 (38.0)
37: 180 183 185 203 (31.0)
38: 179 191 194 (34.0)
39: 192 195 201 202 (32.0)
40: 190 197 198 206 208 209 213 (28.0)
41: 200 211 214 (30.0)
42: 204 205 207 212 217 (35.0)
43: 210 219 221 223 229 (35.0)
44: 216 220 225 227 (43.0)
45: 218 226 228 231 233 234 (31.0)
46: 215 222 224 230 232 252 (35.0)
47: 237 238 239 250 (42.0)
48: 235 236 241 242 246 251 256 (33.0)
49: 240 244 253 261 (33.0)
50: 248 249 254 255 257 267 269 (37.0)
51: 243 247 260 263 272 (32.0)
52: 259 270 (33.0)
53: 245 266 271 (32.0)
54: 258 265 268 274 277 (35.0)
55: 262 264 286 287 299 (33.0)
56: 276 282 283 285 (37.0)
57: 278 279 293 (33.0)
58: 273 275 281 284 288 291 298 307 (32.0)
59: 289 290 292 296 303 (30.0)
60: 280 300 301 302 306 (36.0)
61: 294 304 305 308 323 (39.0)
62: 295 297 312 318 319 (35.0)
63: 310 311 313 314 316 317 (36.0)
64: 309 320 (32.0)
65: 315 321 326 327 334 337 (48.0)
66: 324 325 330 331 (50.0)
67: 322 332 336 338 349 (47.0)
68: 328 329 335 339 340 343 354 (37.0)
69: 333 342 345 347 348 353 356 360 (34.0)
70: 341 344 346 351 352 (41.0)
71: 357 359 364 373 (35.0)
72: 350 358 365 377 (36.0)
73: 355 361 362 366 369 372 (34.0)
74: 368 371 379 390 (37.0)
75: 363 374 383 386 (39.0)
76: 367 375 376 380 385 391 399 (50.0)
77: 370 382 384 388 (38.0)
78: 393 400 402 (32.0)
79: 378 381 392 397 398 416 (39.0)
80: 387 394 395 403 404 409 411 413 (47.0)
81: 389 396 408 417 419 (47.0)
82: 401 406 410 414 421 433 (45.0)
83: 405 407 415 426 427 (38.0)
84: 412 422 424 429 431 (34.0)
85: 420 423 430 432 (37.0)
86: 418 437 438 448 (36.0)
87: 425 440 442 454 (31.0)
88: 435 436 439 447 450 451 (41.0)
89: 428 434 443 459 (40.0)
90: 445 446 449 460 (35.0)
91: 441 444 457 464 (40.0)
92: 453 455 456 458 465 466 468 (43.0)
93: 452 463 469 480 483 (49.0)
94: 470 473 476 489 (40.0)
95: 462 472 477 478 485 (46.0)
96: 461 467 471 474 482 484 492 (40.0)
97: 475 487 491 493 (32.0)
98: 490 498 500 506 (50.0)
99: 479 481 486 488 495 496 497 499 504 (42.0)
100: 494 501 513 514 (36.0)
101: 505 508 518 523 (43.0)
102: 503 507 509 510 511 519 (50.0)
103: 502 516 525 (34.0)
104: 512 517 520 521 (42.0)
105: 515 522 524 527 528 530 543 (46.0)
106: 526 532 533 534 538 544 (50.0)
107: 529 535 540 546 548 551 (36.0)
108: 539 542 545 (50.0)
109: 531 547 550 552 (34.0)
110: 536 537 541 554 558 568 573 (43.0)
111: 549 553 556 557 569 571 579 (33.0)
112: 559 561 562 563 564 570 578 (43.0)
113: 555 560 566 567 576 (48.0)
114: 565 574 583 589 (44.0)
115: 575 590 591 (34.0)
116: 572 581 582 (36.0)
117: 580 585 587 588 (38.0)
118: 577 592 594 601 (36.0)
119: 584 586 597 599 604 606 (41.0)
120: 595 603 607 609 613 614 (48.0)
121: 593 598 600 612 (41.0)
122: 596 602 605 608 621 (50.0)
123: 610 611 616 623 624 (41.0)
124: 622 625 629 638 (45.0)
125: 615 617 618 619 626 627 628 (48.0)
126: 630 631 633 634 (34.0)
127: 620 635 636 639 642 643 (50.0)
128: 632 637 644 645 648 652 (50.0)
129: 640 646 647 661 (50.0)
130: 649 651 655 659 (50.0)
131: 650 654 656 657 660 662 672 (44.0)
132: 641 658 670 (39.0)
133: 664 665 668 679 (43.0)
134: 653 663 669 671 677 682 (46.0)
135: 667 676 685 686 691 (47.0)
136: 666 673 675 678 681 684 (43.0)
137: 674 680 683 687 688 689 (50.0)
138: 698 704 (49.0)
139: 693 695 697 699 700 707 718 (44.0)
140: 690 696 701 713 714 721 (48.0)
141: 692 703 705 706 708 712 (46.0)
142: 694 702 709 711 (38.0)
143: 715 719 728 (47.0)
144: 710 720 722 723 726 (50.0)
145: 716 730 734 739 (48.0)
146: 717 724 725 727 731 736 738 746 (47.0)
147: 729 733 740 744 748 (39.0)
148: 742 743 747 749 752 (47.0)
149: 732 735 754 (50.0)
150: 737 745 751 757 758 759 (50.0)
151: 741 755 760 763 767 (38.0)
152: 750 753 756 761 766 (32.0)
153: 769 773 774 776 777 787 (44.0)
154: 762 765 768 772 775 781 (49.0)
155: 764 778 779 796 (50.0)
156: 780 782 783 788 789 (52.0)
157: 771 784 785 786 790 792 (50.0)
158: 770 791 794 807 (50.0)
159: 793 795 798 799 (39.0)
160: 797 800 806 812 (50.0)
161: 802 805 808 809 811 828 (50.0)
162: 801 803 804 810 813 825 (47.0)
163: 818 821 823 836 (50.0)
164: 815 816 817 826 827 831 (44.0)
165: 814 819 824 829 832 835 839 842 (46.0)
166: 820 822 840 843 849 854 (49.0)
167: 830 841 847 852 855 (50.0)
168: 838 844 845 848 850 859 861 (46.0)
169: 834 837 858 (48.0)
170: 833 851 853 857 864 867 873 876 884 (50.0)
171: 856 863 865 871 885 (50.0)
172: 846 860 862 869 870 877 891 (43.0)
173: 868 874 875 879 889 (47.0)
174: 872 882 887 888 895 903 907 (50.0)
175: 866 878 886 896 902 910 915 (49.0)
176: 880 883 890 893 897 901 917 (49.0)
177: 892 899 900 905 908 909 (48.0)
178: 881 898 927 (50.0)
179: 904 911 913 920 (50.0)
180: 894 906 912 914 918 921 923 929 931 (45.0)
181: 916 919 925 936 (43.0)
182: 926 933 934 941 942 (50.0)
183: 928 932 935 937 939 944 (49.0)
184: 924 930 938 945 949 960 (49.0)
185: 922 943 948 953 954 957 959 968 971 975 (50.0)
186: 947 951 952 956 969 (50.0)
187: 950 958 962 963 970 (50.0)
188: 940 946 955 967 972 978 991 (50.0)
189: 964 965 973 974 (49.0)
190: 961 979 980 986 987 988 992 (50.0)
191: 966 976 983 994 (50.0)
192: 977 981 982 984 989 995 999 (51.0)
193: 985 990 993 996 997 998 (50.0)
