Name: 100-60-125
Time: 4.1771039962768555 
Result: 53
Solution:  2 0 0 2 1 1 1 0 5 5 1 2 4 0 3 0 4 1 3 4 5 6 5 7 3 9 6 7 5 3 7 7 7 8 5 11 10 5 5 9 8 9 8 5 5 6 10 6 8 10 15 10 13 10 11 14 12 12 9 11 12 12 13 13 9 14 12 15 14 13 16 17 14 13 13 15 16 16 16 18 18 15 17 16 15 16 19 18 17 17 18 16 19 20 19 19 17 20 20 20
0: 1 2 7 13 15 (82.0)
1: 4 5 6 10 17 (77.0)
2: 0 3 11 (72.0)
3: 14 18 24 29 (111.0)
4: 12 16 19 (71.0)
5: 8 9 20 22 28 34 37 38 43 44 (71.0)
6: 21 26 45 47 (71.0)
7: 23 27 30 31 32 (89.0)
8: 33 40 42 48 (83.0)
9: 25 39 41 58 64 (83.0)
10: 36 46 49 51 53 (87.0)
11: 35 54 59 (102.0)
12: 56 57 60 61 66 (124.0)
13: 52 62 63 69 73 74 (101.0)
14: 55 65 68 72 (124.0)
15: 50 67 75 81 84 (112.0)
16: 70 76 77 78 83 85 91 (123.0)
17: 71 82 88 89 96 (95.0)
18: 79 80 87 90 (92.0)
19: 86 92 94 95 (122.0)
20: 93 97 98 99 (82.0)
