Name: 1000-20-30
Time: 31.253312587738037 
Result: 57020
Solution:  0 0 1 0 3 1 1 3 2 0 2 1 7 4 1 4 3 4 4 2 8 1 6 5 5 4 6 9 7 4 11 9 7 4 4 8 9 6 7 10 6 6 9 10 11 15 10 12 11 12 12 13 14 17 16 14 17 15 15 14 17 15 15 13 13 16 17 15 19 15 14 16 22 22 20 20 19 21 19 17 18 22 19 24 21 18 22 23 18 21 25 26 20 23 22 19 27 25 23 25 26 22 24 27 24 25 26 23 27 25 30 26 29 25 28 31 30 32 25 28 28 30 30 31 33 31 32 31 33 30 29 35 35 35 32 32 33 32 35 31 36 34 34 34 37 36 34 36 38 38 34 36 39 35 37 35 37 37 35 39 40 37 38 40 41 41 43 40 38 43 44 44 44 41 40 42 45 40 44 42 43 46 44 45 42 46 45 48 46 48 47 50 50 46 46 48 47 49 50 48 47 49 49 53 49 52 52 51 53 52 52 53 54 55 56 51 57 55 51 51 55 57 55 53 56 58 57 54 54 57 57 55 56 58 56 57 58 59 56 59 60 60 60 57 59 59 63 63 63 64 63 59 64 66 63 64 62 60 65 63 66 65 64 67 62 67 66 65 65 67 69 65 68 68 68 66 69 68 73 69 73 73 68 68 70 71 72 71 72 72 73 70 71 72 72 75 72 74 74 74 78 75 75 73 78 76 76 75 74 77 78 77 76 78 75 75 79 79 77 82 82 81 77 83 83 80 80 82 81 85 78 80 81 82 79 82 82 85 83 84 85 85 84 87 87 86 86 87 90 88 86 86 87 88 88 89 89 87 88 89 91 93 90 92 88 91 88 93 93 93 92 92 91 92 88 95 93 92 93 90 92 93 98 93 94 96 94 99 94 94 97 95 93 94 96 99 95 93 99 97 99 99 95 96 98 102 97 99 98 99 102 103 99 100 100 101 98 98 102 101 103 102 104 104 103 104 105 105 102 104 103 105 100 105 103 106 105 106 105 102 106 103 105 104 110 109 108 108 107 108 108 108 107 110 109 111 108 108 110 107 107 110 110 112 110 112 111 112 111 115 112 113 109 115 111 114 113 111 117 114 114 118 114 116 115 111 114 113 116 116 117 115 118 114 115 117 117 120 118 116 121 117 117 117 118 119 119 119 119 118 120 123 118 122 119 122 119 120 121 121 123 122 122 125 118 126 124 126 122 125 120 124 122 123 123 126 124 125 127 126 124 124 126 125 128 129 127 128 125 131 129 126 129 130 130 130 128 129 128 126 127 129 130 132 131 133 134 132 130 132 131 131 131 134 132 136 135 137 135 131 134 134 134 137 131 138 135 137 135 133 135 135 137 138 136 139 138 137 135 135 141 136 138 139 142 139 140 143 139 140 138 138 140 140 143 141 140 144 141 141 138 142 141 138 142 139 142 143 142 144 143 145 143 144 143 146 145 145 147 145 148 147 148 146 146 146 146 148 145 149 148 148 147 146 151 146 149 150 150 149 150 148 149 148 146 147 151 152 151 149 153 154 152 151 151 153 152 152 153 154 153 150 158 157 154 155 155 158 154 156 157 155 158 155 156 156 155 158 157 154 157 157 158 158 159 160 160 161 157 161 159 160 157 160 160 163 163 161 159 164 165 162 162 161 164 160 160 163 167 162 161 163 162 166 167 169 165 165 161 164 168 165 169 170 162 166 167 168 166 165 166 167 166 168 169 170 168 172 168 167 170 169 172 171 172 171 168 170 171 170 171 173 175 172 175 174 173 175 173 175 174 174 172 174 173 176 177 171 173 172 176 176 177 177 173 177 179 173 176 176 178 178 175 178 179 179 181 180 180 178 183 180 181 179 180 181 178 184 180 180 182 183 178 184 179 182 180 185 184 184 185 183 185 186 185 185 186 185 185 184 182 187 186 185 186 188 186 187 186 187 188 188 188 188 190 189 187 189 189 189 189 191 189 190 190 192 191 191 191 190 191 194 188 195 193 195 193 192 191 192 195 195 192 198 194 193 196 194 194 196 196 196 193 196 196 199 200 197 195 199 198 198 198 194 197 197 200 201 199 199 199 200 203 202 198 200 200 201 200 201 202 200 200 200 202 204 206 203 203 203 203 203 204 203 201 205 202 205 204 209 205 207 207 209 206 206 211 204 205 205 208 209 204 208 208 213 207 209 208 210 210 209 208 207 209 210 211 211 210 210 212 216 215 213 214 212 209 212 213 215 212 212 211 214 214 213 214 217 216 214 215 216 216 216 216 217 217 217 215 217
0: 0 1 3 9 (24.0)
1: 2 5 6 11 14 21 (17.0)
2: 8 10 19 (22.0)
3: 4 7 16 (18.0)
4: 13 15 17 18 25 29 33 34 (16.0)
5: 23 24 (17.0)
6: 22 26 37 40 41 (17.0)
7: 12 28 32 38 (30.0)
8: 20 35 (12.0)
9: 27 31 36 42 (18.0)
10: 39 43 46 (18.0)
11: 30 44 48 (26.0)
12: 47 49 50 (19.0)
13: 51 63 64 (20.0)
14: 52 55 59 70 (21.0)
15: 45 57 58 61 62 67 69 (18.0)
16: 54 65 71 (24.0)
17: 53 56 60 66 79 (20.0)
18: 80 85 88 (20.0)
19: 68 76 78 82 95 (20.0)
20: 74 75 92 (23.0)
21: 77 84 89 (21.0)
22: 72 73 81 86 94 101 (15.0)
23: 87 93 98 107 (22.0)
24: 83 102 104 (24.0)
25: 90 97 99 105 109 113 118 (21.0)
26: 91 100 106 111 (20.0)
27: 96 103 108 (25.0)
28: 114 119 120 (21.0)
29: 112 130 (20.0)
30: 110 116 121 122 129 (18.0)
31: 115 123 125 127 139 (27.0)
32: 117 126 134 135 137 (20.0)
33: 124 128 136 (25.0)
34: 141 142 143 146 150 (21.0)
35: 131 132 133 138 153 155 158 (20.0)
36: 140 145 147 151 (24.0)
37: 144 154 156 157 161 (25.0)
38: 148 149 162 168 (22.0)
39: 152 159 (24.0)
40: 160 163 167 174 177 (23.0)
41: 164 165 173 (22.0)
42: 175 179 184 (20.0)
43: 166 169 180 (21.0)
44: 170 171 172 178 182 (19.0)
45: 176 183 186 (21.0)
46: 181 185 188 193 194 (16.0)
47: 190 196 200 (22.0)
48: 187 189 195 199 (22.0)
49: 197 201 202 204 (21.0)
50: 191 192 198 (23.0)
51: 207 215 218 219 (29.0)
52: 205 206 209 210 (23.0)
53: 203 208 211 223 (21.0)
54: 212 227 228 (23.0)
55: 213 217 220 222 231 (27.0)
56: 214 224 232 234 238 (25.0)
57: 216 221 226 229 230 235 243 (25.0)
58: 225 233 236 (26.0)
59: 237 239 244 245 251 (32.0)
60: 240 241 242 257 (24.0)
61: (0.0)
62: 256 264 (21.0)
63: 246 247 248 250 254 259 (21.0)
64: 249 252 255 262 (22.0)
65: 258 261 267 268 271 (24.0)
66: 253 260 266 275 (20.0)
67: 263 265 269 (30.0)
68: 272 273 274 277 282 283 (28.0)
69: 270 276 279 (21.0)
70: 284 291 (21.0)
71: 285 287 292 (22.0)
72: 286 288 289 293 294 296 (25.0)
73: 278 280 281 290 303 (18.0)
74: 297 298 299 308 (23.0)
75: 295 301 302 307 314 315 (23.0)
76: 305 306 312 (26.0)
77: 309 311 318 322 (26.0)
78: 300 304 310 313 330 (22.0)
79: 316 317 334 (21.0)
80: 325 326 331 (21.0)
81: 321 328 332 (23.0)
82: 319 320 327 333 335 336 (20.0)
83: 323 324 338 (21.0)
84: 339 342 (20.0)
85: 329 337 340 341 (23.0)
86: 345 346 350 351 (20.0)
87: 343 344 347 352 357 (29.0)
88: 349 353 354 358 364 366 374 (24.0)
89: 355 356 359 (31.0)
90: 348 362 379 (21.0)
91: 360 365 372 (30.0)
92: 363 370 371 373 377 380 (27.0)
93: 361 367 368 369 376 378 381 383 392 397 (21.0)
94: 384 386 388 389 393 (21.0)
95: 375 391 396 402 (21.0)
96: 385 394 403 (21.0)
97: 390 399 406 (22.0)
98: 382 404 408 416 417 (25.0)
99: 387 395 398 400 401 407 409 412 (27.0)
100: 413 414 432 (25.0)
101: 415 419 (21.0)
102: 405 410 418 421 428 439 (30.0)
103: 411 420 424 430 434 441 (28.0)
104: 422 423 425 429 443 (22.0)
105: 426 427 431 433 436 438 442 (26.0)
106: 435 437 440 (21.0)
107: 448 452 459 460 (25.0)
108: 446 447 449 450 451 456 457 (24.0)
109: 445 454 472 (21.0)
110: 444 453 458 461 462 464 (27.0)
111: 455 466 468 474 477 485 (24.0)
112: 463 465 467 470 (23.0)
113: 471 476 487 (21.0)
114: 475 479 480 482 486 493 (22.0)
115: 469 473 484 491 494 (25.0)
116: 483 488 489 499 (30.0)
117: 478 490 495 496 501 502 503 (23.0)
118: 481 492 498 504 509 512 524 (24.0)
119: 505 506 507 508 514 516 (27.0)
120: 497 510 517 530 (30.0)
121: 500 518 519 (29.0)
122: 513 515 521 522 528 532 (28.0)
123: 511 520 533 534 (30.0)
124: 526 531 536 540 541 (27.0)
125: 523 529 537 543 548 (23.0)
126: 525 527 535 539 542 551 559 (26.0)
127: 538 546 560 (20.0)
128: 544 547 556 558 (27.0)
129: 545 550 552 557 561 (27.0)
130: 553 554 555 562 568 (30.0)
131: 549 564 570 571 572 579 584 (31.0)
132: 563 567 569 574 (25.0)
133: 565 589 (27.0)
134: 566 573 580 581 582 (26.0)
135: 576 578 586 588 590 591 598 599 (22.0)
136: 575 594 601 (27.0)
137: 577 583 587 592 597 (23.0)
138: 585 593 596 602 610 611 620 623 (26.0)
139: 595 603 605 608 625 (29.0)
140: 606 609 612 613 616 (30.0)
141: 600 615 618 619 622 (27.0)
142: 604 621 624 626 628 (29.0)
143: 607 614 627 630 632 634 (30.0)
144: 617 629 633 (30.0)
145: 631 636 637 639 648 (30.0)
146: 635 643 644 645 646 653 655 664 (30.0)
147: 638 641 652 665 (25.0)
148: 640 642 647 650 651 661 663 (30.0)
149: 649 656 659 662 669 (29.0)
150: 657 658 660 681 (27.0)
151: 654 666 668 673 674 (27.0)
152: 667 672 676 677 (21.0)
153: 670 675 678 680 (27.0)
154: 671 679 684 688 699 (20.0)
155: 685 686 691 693 696 (30.0)
156: 689 694 695 (24.0)
157: 683 690 698 700 701 708 712 (28.0)
158: 682 687 692 697 702 703 (25.0)
159: 704 710 718 (26.0)
160: 705 706 711 713 714 725 726 (31.0)
161: 707 709 717 723 730 738 (24.0)
162: 721 722 729 732 744 (23.0)
163: 715 716 727 731 (27.0)
164: 719 724 739 (30.0)
165: 720 736 737 741 749 (28.0)
166: 733 745 748 750 752 (28.0)
167: 728 734 746 751 759 (30.0)
168: 740 747 753 756 758 766 (30.0)
169: 735 742 754 761 (24.0)
170: 743 755 760 767 769 (29.0)
171: 763 765 768 770 787 (30.0)
172: 757 762 764 773 782 789 (30.0)
173: 771 776 778 784 788 794 797 (30.0)
174: 775 780 781 783 (29.0)
175: 772 774 777 779 802 (30.0)
176: 785 790 791 798 799 (30.0)
177: 786 792 793 795 (29.0)
178: 800 801 803 809 816 822 (30.0)
179: 796 804 805 813 824 (27.0)
180: 807 808 811 814 818 819 826 (30.0)
181: 806 812 815 (30.0)
182: 820 825 840 (29.0)
183: 810 821 831 (30.0)
184: 817 823 828 829 839 (30.0)
185: 827 830 832 834 835 837 838 843 (30.0)
186: 833 836 842 844 846 848 (31.0)
187: 841 847 849 856 (24.0)
188: 845 850 851 852 853 872 (30.0)
189: 855 857 858 859 860 862 (30.0)
190: 854 863 864 869 (26.0)
191: 861 866 867 868 870 878 (29.0)
192: 865 877 879 882 (29.0)
193: 874 876 885 892 (30.0)
194: 871 884 887 888 903 (31.0)
195: 873 875 880 881 898 (30.0)
196: 886 889 890 891 893 894 (31.0)
197: 897 904 905 (30.0)
198: 883 900 901 902 914 (32.0)
199: 895 899 908 909 910 (30.0)
200: 896 906 911 915 916 918 921 922 923 (31.0)
201: 907 917 919 934 (30.0)
202: 913 920 924 936 (29.0)
203: 912 927 928 929 930 931 933 (29.0)
204: 925 932 938 947 952 (30.0)
205: 935 937 940 948 949 (28.0)
206: 926 944 945 (30.0)
207: 941 942 956 963 (29.0)
208: 950 953 954 958 962 (27.0)
209: 939 943 951 957 961 964 976 (29.0)
210: 959 960 965 968 969 (30.0)
211: 946 966 967 982 (26.0)
212: 970 975 977 980 981 (30.0)
213: 955 973 978 985 (26.0)
214: 974 983 984 986 989 (32.0)
215: 972 979 990 998 (28.0)
216: 971 988 991 992 993 994 (27.0)
217: 987 995 996 997 999 (30.0)
