Name: 1000-40-75
Time: 58.92447066307068 
Result: 52
Solution:  2 2 0 1 2 3 0 1 1 4 2 2 2 3 6 4 5 4 3 0 5 5 4 6 3 4 4 2 8 5 7 8 5 8 6 10 7 6 10 8 7 10 7 13 11 14 13 11 12 11 11 16 11 11 13 12 12 12 13 10 16 15 14 11 13 15 16 17 15 12 15 18 14 12 14 17 16 19 15 17 18 15 19 15 16 15 19 19 19 21 19 19 20 20 19 18 18 21 20 24 19 22 23 22 22 19 24 23 24 20 25 25 24 22 25 24 25 24 26 25 23 27 25 22 28 27 29 27 28 28 30 28 29 29 27 28 28 29 29 26 31 30 28 30 26 33 33 31 27 31 34 30 33 34 30 33 35 30 33 36 32 33 35 33 35 34 32 33 35 35 36 35 35 33 37 39 35 40 40 38 35 36 39 37 38 39 36 42 41 39 39 37 41 42 40 41 42 41 40 42 46 42 42 43 44 43 45 42 46 42 45 43 47 43 48 45 43 45 44 46 45 47 49 45 47 49 45 50 45 46 51 51 47 48 48 49 52 52 52 48 50 48 53 47 53 51 51 51 53 50 50 53 54 55 50 52 52 50 53 52 51 55 54 55 53 54 58 56 52 56 55 55 56 57 57 56 56 58 56 60 59 60 56 58 57 58 60 59 61 59 60 61 60 58 61 63 61 62 63 59 62 65 62 60 65 63 63 63 64 67 64 63 62 66 65 64 63 66 63 64 69 66 63 68 66 70 64 67 68 68 65 67 69 68 68 70 69 69 70 69 73 70 69 74 71 70 72 72 71 71 72 74 71 70 72 73 70 71 71 75 76 75 76 70 72 78 73 73 74 75 74 78 75 77 78 78 76 77 78 77 81 78 82 78 76 82 82 80 76 79 81 78 83 78 79 81 79 81 81 79 86 82 84 85 84 83 80 83 87 83 80 85 84 86 83 82 82 85 84 85 86 84 85 84 87 90 85 88 83 88 87 88 88 86 87 91 88 89 86 89 90 91 90 88 93 92 91 90 93 89 91 92 92 94 92 94 94 92 89 93 91 93 95 94 95 95 98 97 94 91 97 96 98 92 98 97 100 97 100 100 98 98 101 99 96 99 99 100 101 100 98 98 100 100 96 101 101 105 102 101 104 99 102 101 101 103 104 103 103 107 101 106 106 104 105 105 102 101 107 104 106 107 104 106 106 103 108 105 108 110 108 108 107 105 109 110 108 108 110 108 107 110 106 110 109 109 110 108 111 111 112 109 110 111 110 113 113 114 112 112 113 110 114 114 113 113 114 116 117 115 113 115 116 115 116 115 116 119 117 117 117 116 119 118 118 120 123 119 116 122 120 124 121 119 122 121 119 125 120 122 118 119 122 121 125 122 121 120 119 123 127 127 125 123 125 126 122 125 123 124 124 130 124 126 122 123 129 128 127 128 130 126 130 128 126 129 131 129 128 129 128 131 132 130 127 130 129 135 130 128 131 132 131 134 130 131 134 134 134 130 134 136 130 137 133 134 139 135 136 136 135 136 135 133 136 137 138 137 137 138 139 137 140 136 140 141 139 139 141 138 140 139 141 140 136 143 143 141 141 142 146 143 142 142 146 144 144 146 144 141 145 148 143 146 145 144 145 147 148 145 145 145 143 145 150 147 148 147 147 146 146 148 148 146 151 149 150 151 151 152 151 150 153 147 148 152 151 150 152 151 156 152 156 151 153 155 152 156 155 151 154 154 155 157 155 154 154 155 153 154 158 156 156 154 153 155 158 155 157 160 158 160 157 159 158 159 160 156 160 159 162 159 161 160 161 160 163 160 163 161 164 164 159 161 163 167 167 164 160 161 163 165 162 167 168 165 164 165 166 166 167 166 164 166 166 164 166 163 167 165 169 168 168 166 166 169 167 171 167 173 170 170 173 173 170 171 172 169 170 171 175 172 169 173 168 172 176 172 174 173 174 175 175 174 175 179 176 174 177 177 180 176 175 174 176 176 178 176 174 175 178 179 178 176 179 179 181 179 176 177 182 182 179 181 179 179 179 180 180 181 181 180 180 180 183 181 185 181 183 183 184 183 186 184 186 182 187 187 185 184 185 186 189 187 190 186 185 187 187 186 189 187 187 187 188 188 193 189 189 192 190 189 190 190 190 187 191 191 193 195 194 188 194 194 193 192 196 192 192 194 196 191 196 191 191 194 198 193 196 196 193 196 197 195 195 197 196 198 197 195 198 201 198 198 195 201 195 199 196 200 201 198 199 198 200 199 200 200 201 201
0: 2 6 19 (44.0)
1: 3 7 8 (32.0)
2: 0 1 4 10 11 12 27 (65.0)
3: 5 13 18 24 (40.0)
4: 9 15 17 22 25 26 (58.0)
5: 16 20 21 29 32 (44.0)
6: 14 23 34 37 (46.0)
7: 30 36 40 42 (29.0)
8: 28 31 33 39 (40.0)
9: (0.0)
10: 35 38 41 59 (44.0)
11: 44 47 49 50 52 53 63 (40.0)
12: 48 55 56 57 69 73 (41.0)
13: 43 46 54 58 64 (50.0)
14: 45 62 72 74 (45.0)
15: 61 65 68 70 78 81 83 85 (43.0)
16: 51 60 66 76 84 (50.0)
17: 67 75 79 (44.0)
18: 71 80 95 96 (44.0)
19: 77 82 86 87 88 90 91 94 100 105 (35.0)
20: 92 93 98 109 (49.0)
21: 89 97 (46.0)
22: 101 103 104 113 123 (45.0)
23: 102 107 120 (43.0)
24: 99 106 108 112 115 117 (51.0)
25: 110 111 114 116 119 122 (47.0)
26: 118 139 144 (48.0)
27: 121 125 127 134 148 (47.0)
28: 124 128 129 131 135 136 142 (42.0)
29: 126 132 133 137 138 (41.0)
30: 130 141 143 151 154 157 (46.0)
31: 140 147 149 (52.0)
32: 160 166 (47.0)
33: 145 146 152 155 158 161 163 167 173 (37.0)
34: 150 153 165 (42.0)
35: 156 162 164 168 169 171 172 176 180 (40.0)
36: 159 170 181 186 (43.0)
37: 174 183 191 (40.0)
38: 179 184 (40.0)
39: 175 182 185 189 190 (50.0)
40: 177 178 194 198 (41.0)
41: 188 192 195 197 (53.0)
42: 187 193 196 199 201 202 207 209 (39.0)
43: 203 205 211 213 216 (40.0)
44: 204 218 (40.0)
45: 206 210 215 217 220 223 226 228 (44.0)
46: 200 208 219 229 (47.0)
47: 212 221 224 232 243 (49.0)
48: 214 233 234 239 241 (41.0)
49: 222 225 235 (52.0)
50: 227 240 249 250 254 257 (73.0)
51: 230 231 245 246 247 260 (68.0)
52: 236 237 238 255 256 259 268 (62.0)
53: 242 244 248 251 258 264 (53.0)
54: 252 262 265 (46.0)
55: 253 261 263 270 271 (44.0)
56: 267 269 272 275 276 278 282 (44.0)
57: 273 274 284 (44.0)
58: 266 277 283 285 293 (49.0)
59: 280 287 289 299 (54.0)
60: 279 281 286 290 292 303 (58.0)
61: 288 291 294 296 (44.0)
62: 297 300 302 312 (53.0)
63: 295 298 305 306 307 311 316 318 322 (41.0)
64: 308 310 315 319 326 (63.0)
65: 301 304 314 330 (53.0)
66: 313 317 321 324 (50.0)
67: 309 327 331 (41.0)
68: 323 328 329 333 334 (55.0)
69: 320 332 336 337 339 342 (52.0)
70: 325 335 338 341 345 353 356 363 (42.0)
71: 344 348 349 352 357 358 (60.0)
72: 346 347 350 354 364 (46.0)
73: 340 355 366 367 (65.0)
74: 343 351 368 370 (43.0)
75: 359 361 369 372 (61.0)
76: 360 362 376 384 388 (67.0)
77: 373 377 379 (41.0)
78: 365 371 374 375 378 381 383 391 393 (64.0)
79: 389 394 396 399 (62.0)
80: 387 406 410 (71.0)
81: 380 390 395 397 398 (51.0)
82: 382 385 386 401 415 416 (52.0)
83: 392 405 407 409 414 428 (65.0)
84: 402 404 412 418 421 423 (57.0)
85: 403 411 417 419 422 426 (50.0)
86: 400 413 420 433 438 (55.0)
87: 408 424 430 434 (45.0)
88: 427 429 431 432 436 443 (54.0)
89: 437 439 449 458 (54.0)
90: 425 440 442 447 (65.0)
91: 435 441 446 450 460 469 (58.0)
92: 445 451 452 454 457 473 (54.0)
93: 444 448 459 461 (52.0)
94: 453 455 456 463 468 (54.0)
95: 462 464 465 (45.0)
96: 471 484 494 (40.0)
97: 467 470 475 477 (74.0)
98: 466 472 474 480 481 490 491 (65.0)
99: 483 485 486 501 (74.0)
100: 476 478 479 487 489 492 493 (68.0)
101: 482 488 495 496 499 503 504 510 517 (52.0)
102: 498 502 516 (44.0)
103: 505 507 508 525 (75.0)
104: 500 506 513 519 522 (75.0)
105: 497 514 515 527 533 (64.0)
106: 511 512 520 523 524 542 (72.0)
107: 509 518 521 532 540 (60.0)
108: 526 528 530 531 536 537 539 547 (70.0)
109: 534 544 545 551 (47.0)
110: 529 535 538 541 543 546 552 554 561 (71.0)
111: 548 549 553 (48.0)
112: 550 558 559 (55.0)
113: 555 556 560 564 565 570 (68.0)
114: 557 562 563 566 (61.0)
115: 569 571 573 575 (50.0)
116: 567 572 574 576 581 588 (55.0)
117: 568 578 579 580 (54.0)
118: 583 584 600 (48.0)
119: 577 582 587 593 596 601 608 (70.0)
120: 585 590 598 607 (59.0)
121: 592 595 603 606 (67.0)
122: 589 594 599 602 605 616 624 (75.0)
123: 586 609 613 618 625 (73.0)
124: 591 619 620 622 (52.0)
125: 597 604 612 614 617 (57.0)
126: 615 623 631 634 (66.0)
127: 610 611 628 644 (51.0)
128: 627 629 633 638 640 649 (46.0)
129: 626 635 637 639 646 (56.0)
130: 621 630 632 643 645 648 654 659 662 (60.0)
131: 636 641 650 652 655 (51.0)
132: 642 651 (53.0)
133: 664 673 (47.0)
134: 653 656 657 658 660 665 (47.0)
135: 647 667 670 672 (67.0)
136: 661 668 669 671 674 683 694 (67.0)
137: 663 675 677 678 681 (50.0)
138: 676 679 689 (61.0)
139: 666 680 686 687 691 (49.0)
140: 682 684 690 693 (74.0)
141: 685 688 692 697 698 709 (60.0)
142: 699 702 703 (70.0)
143: 695 696 701 712 722 (75.0)
144: 705 706 708 715 (74.0)
145: 710 714 716 719 720 721 723 (75.0)
146: 700 704 707 713 729 730 733 (65.0)
147: 717 725 727 728 743 (54.0)
148: 711 718 726 731 732 744 (75.0)
149: 735 (47.0)
150: 724 736 741 747 (65.0)
151: 734 737 738 740 746 749 753 759 (67.0)
152: 739 745 748 751 756 (55.0)
153: 742 754 768 774 (61.0)
154: 760 761 765 766 769 773 (66.0)
155: 755 758 762 764 767 775 777 (75.0)
156: 750 752 757 771 772 787 (71.0)
157: 763 778 782 (65.0)
158: 770 776 780 784 (73.0)
159: 783 785 789 791 802 (68.0)
160: 779 781 786 788 793 795 797 808 (70.0)
161: 792 794 799 803 809 (75.0)
162: 790 812 (70.0)
163: 796 798 804 810 827 (74.0)
164: 800 801 807 816 822 825 (75.0)
165: 811 815 817 829 (75.0)
166: 818 819 821 823 824 826 833 834 (71.0)
167: 805 806 813 820 828 836 838 (69.0)
168: 814 831 832 854 (53.0)
169: 830 835 847 852 (74.0)
170: 840 841 844 848 (59.0)
171: 837 845 849 (74.0)
172: 846 851 855 857 (75.0)
173: 839 842 843 853 859 (57.0)
174: 858 860 863 867 873 878 (75.0)
175: 850 861 862 864 872 879 (75.0)
176: 856 866 871 874 875 877 883 888 (69.0)
177: 868 869 889 (75.0)
178: 876 880 882 (79.0)
179: 865 881 884 885 887 892 894 895 896 (75.0)
180: 870 897 898 901 902 903 (80.0)
181: 886 893 899 900 905 907 (74.0)
182: 890 891 915 (75.0)
183: 904 908 909 911 (75.0)
184: 910 913 919 (70.0)
185: 906 918 920 926 (81.0)
186: 912 914 921 925 929 (76.0)
187: 916 917 923 927 928 931 932 933 945 (73.0)
188: 934 935 951 (75.0)
189: 922 930 937 938 941 (74.0)
190: 924 940 942 943 944 (61.0)
191: 946 947 961 963 964 (64.0)
192: 939 955 957 958 (74.0)
193: 936 948 954 967 970 (75.0)
194: 950 952 953 959 965 (73.0)
195: 949 973 974 979 984 986 (56.0)
196: 956 960 962 968 969 971 976 988 (75.0)
197: 972 975 978 (78.0)
198: 966 977 980 982 983 991 993 (68.0)
199: 987 992 995 (70.0)
200: 989 994 996 997 (79.0)
201: 981 985 990 998 999 (80.0)
