Name: 1000-60-125
Time: 63.71403121948242 
Result: 103
Solution:  0 0 3 0 2 4 0 1 1 2 2 5 3 3 4 3 4 2 4 5 6 5 4 4 6 5 5 8 7 9 7 7 7 9 8 7 8 10 5 9 10 7 13 12 11 12 12 11 10 12 11 10 15 15 16 11 13 17 15 14 14 14 15 15 18 16 16 13 17 18 18 17 21 20 20 19 19 20 20 18 16 20 21 20 20 18 18 24 23 20 22 22 24 23 22 23 21 27 24 22 25 22 22 26 25 26 26 25 27 28 27 28 29 24 27 27 31 27 29 30 31 31 30 29 32 34 30 32 30 28 34 33 33 29 31 34 33 34 35 36 33 34 35 36 38 35 36 40 35 37 36 39 40 39 40 39 38 38 39 37 42 42 41 39 39 38 43 38 41 43 44 43 43 41 39 44 45 44 42 43 48 43 46 45 46 43 44 48 50 49 48 45 51 48 49 48 49 47 49 49 50 49 49 47 52 51 51 53 54 50 52 52 49 54 53 55 56 51 51 58 58 54 55 52 59 56 58 54 53 53 55 56 60 58 55 60 59 57 57 60 61 63 61 62 59 60 62 57 61 63 61 59 63 61 62 64 66 64 63 65 62 64 65 64 65 66 66 67 68 70 66 68 67 68 68 67 69 66 68 68 71 68 71 70 69 73 73 74 73 70 72 74 72 72 72 71 74 74 74 77 79 75 73 76 76 79 77 76 77 77 78 74 75 80 78 81 79 81 81 78 79 80 81 81 81 79 78 82 83 81 82 83 82 81 85 84 85 81 86 84 84 84 82 85 85 86 85 85 89 88 87 86 90 90 89 87 88 91 91 86 90 89 91 92 89 94 95 90 91 92 91 93 97 93 92 95 93 94 94 93 99 97 95 96 94 99 92 98 95 97 96 100 96 95 99 97 98 102 96 101 101 101 97 103 99 102 102 101 103 105 100 100 103 102 101 103 104 104 102 105 108 107 106 105 106 108 106 104 107 106 109 108 108 108 106 105 111 108 108 110 109 110 110 112 110 110 112 109 114 112 111 110 113 114 112 113 114 117 114 114 115 114 115 115 114 116 113 115 119 116 120 120 120 119 118 118 119 116 118 118 117 121 121 120 122 121 120 121 123 122 121 122 124 125 121 120 126 122 124 123 127 124 124 125 126 125 128 125 127 131 125 124 128 127 130 127 126 129 128 129 130 127 131 126 129 130 132 129 132 132 133 133 132 134 135 134 133 137 134 133 135 137 132 135 135 135 136 136 137 138 140 136 140 137 139 142 138 142 139 138 140 140 143 142 141 141 143 141 141 142 142 146 144 139 145 143 144 142 143 143 145 149 149 148 144 146 146 147 149 147 149 151 150 144 148 148 150 150 151 149 153 151 148 151 152 151 150 152 148 152 153 152 154 155 155 153 154 156 153 154 155 152 154 156 155 157 156 157 158 160 159 160 158 155 159 159 155 163 158 157 161 162 163 157 159 162 160 160 164 162 162 161 164 165 162 163 163 162 167 164 164 161 164 162 166 167 166 167 169 166 166 169 165 167 166 168 169 168 170 168 170 173 169 172 168 171 173 174 171 171 170 172 173 173 172 171 172 175 172 173 175 176 172 172 174 176 174 176 177 176 173 177 176 178 175 176 177 174 180 179 179 175 178 177 181 180 181 178 182 180 182 182 181 178 180 182 178 182 181 177 181 183 182 180 181 183 186 179 182 183 185 187 184 185 184 185 187 182 184 184 187 185 189 187 184 189 186 189 186 187 189 190 188 186 190 190 189 190 186 187 188 191 191 190 188 192 192 191 191 191 193 196 192 190 188 196 192 192 195 193 193 197 192 194 194 195 195 194 191 198 192 198 192 197 197 201 193 198 197 196 195 198 201 199 196 195 198 200 199 198 200 199 200 201 201 202 202 203 200 199 199 200 200 202 199 205 203 202 204 203 203 203 206 206 204 204 205 204 205 205 206 210 206 204 206 207 204 208 208 207 207 209 205 205 211 213 208 211 210 209 210 210 209 211 210 213 210 208 209 211 209 208 212 212 211 213 216 214 212 213 214 216 213 215 214 214 214 212 215 215 215 215 217 216 216 214 215 217 214 218 219 216 219 220 216 217 223 220 219 222 219 220 217 220 221 222 222 217 221 217 223 220 218 221 218 221 225 222 226 220 224 223 225 224 224 226 227 224 227 228 223 227 225 223 226 229 226 224 227 225 227 227 224 225 228 231 229 229 228 229 231 229 232 231 231 233 230 229 228 233 230 232 230 231 232 230 233 230 233 233
0: 0 1 3 6 (66.0)
1: 7 8 (65.0)
2: 4 9 10 17 (28.0)
3: 2 12 13 15 (65.0)
4: 5 14 16 18 22 23 (62.0)
5: 11 19 21 25 26 38 (40.0)
6: 20 24 (66.0)
7: 28 30 31 32 35 41 (76.0)
8: 27 34 36 (85.0)
9: 29 33 39 (60.0)
10: 37 40 48 51 (62.0)
11: 44 47 50 55 (49.0)
12: 43 45 46 49 (60.0)
13: 42 56 67 (71.0)
14: 59 60 61 (61.0)
15: 52 53 58 62 63 (78.0)
16: 54 65 66 80 (62.0)
17: 57 68 71 (64.0)
18: 64 69 70 79 85 86 (65.0)
19: 75 76 (82.0)
20: 73 74 77 78 81 83 84 89 (55.0)
21: 72 82 96 (64.0)
22: 90 91 94 99 101 102 (83.0)
23: 88 93 95 (71.0)
24: 87 92 98 113 (74.0)
25: 100 104 107 (59.0)
26: 103 105 106 (54.0)
27: 97 108 110 114 115 117 (71.0)
28: 109 111 129 (58.0)
29: 112 118 123 133 (70.0)
30: 119 122 126 128 (59.0)
31: 116 120 121 134 (72.0)
32: 124 127 (61.0)
33: 131 132 136 140 (59.0)
34: 125 130 135 137 141 (79.0)
35: 138 142 145 148 (58.0)
36: 139 143 146 150 (51.0)
37: 149 159 (73.0)
38: 144 156 157 165 167 (88.0)
39: 151 153 155 158 163 164 174 (81.0)
40: 147 152 154 (77.0)
41: 162 168 173 (83.0)
42: 160 161 178 (64.0)
43: 166 169 171 172 179 181 185 (66.0)
44: 170 175 177 186 (63.0)
45: 176 183 191 (79.0)
46: 182 184 (60.0)
47: 197 203 (80.0)
48: 180 187 190 193 195 (67.0)
49: 189 194 196 198 199 201 202 212 (96.0)
50: 188 200 209 (67.0)
51: 192 205 206 217 218 (79.0)
52: 204 210 211 223 (70.0)
53: 207 214 228 229 (66.0)
54: 208 213 221 227 (109.0)
55: 215 222 230 234 (70.0)
56: 216 225 231 (71.0)
57: 237 238 247 (84.0)
58: 219 220 226 233 (82.0)
59: 224 236 244 251 (80.0)
60: 232 235 239 245 (57.0)
61: 240 242 248 250 253 (77.0)
62: 243 246 254 260 (77.0)
63: 241 249 252 258 (71.0)
64: 255 257 261 263 (74.0)
65: 259 262 264 (72.0)
66: 256 265 266 270 277 (108.0)
67: 267 272 275 (88.0)
68: 268 271 273 274 278 279 281 (81.0)
69: 276 284 (70.0)
70: 269 283 289 (74.0)
71: 280 282 295 (73.0)
72: 290 292 293 294 (74.0)
73: 285 286 288 302 (80.0)
74: 287 291 296 297 298 311 (82.0)
75: 301 312 (68.0)
76: 303 304 307 (88.0)
77: 299 306 308 309 (93.0)
78: 310 314 319 326 (115.0)
79: 300 305 316 320 325 (69.0)
80: 313 321 (60.0)
81: 315 317 318 322 323 324 329 333 337 (95.0)
82: 327 330 332 342 (92.0)
83: 328 331 (68.0)
84: 335 339 340 341 (85.0)
85: 334 336 343 344 346 347 (119.0)
86: 338 345 351 359 (78.0)
87: 350 355 (71.0)
88: 349 356 (71.0)
89: 348 354 361 364 (69.0)
90: 352 353 360 367 (66.0)
91: 357 358 362 368 370 (69.0)
92: 363 369 374 386 (85.0)
93: 371 373 376 379 (75.0)
94: 365 377 378 384 (85.0)
95: 366 375 382 388 393 (90.0)
96: 383 390 392 398 (70.0)
97: 372 381 389 395 402 (73.0)
98: 387 396 (101.0)
99: 380 385 394 404 (94.0)
100: 391 410 411 (98.0)
101: 399 400 401 407 414 (90.0)
102: 397 405 406 413 418 (92.0)
103: 403 408 412 415 (119.0)
104: 416 417 427 (81.0)
105: 409 419 423 435 (78.0)
106: 422 424 426 429 434 (76.0)
107: 421 428 (70.0)
108: 420 425 431 432 433 437 438 (120.0)
109: 430 440 447 (117.0)
110: 439 441 442 444 445 451 (82.0)
111: 436 450 (95.0)
112: 443 446 449 454 (74.0)
113: 452 455 466 (90.0)
114: 448 453 456 458 459 461 464 (75.0)
115: 460 462 463 467 (122.0)
116: 465 469 477 (67.0)
117: 457 480 (88.0)
118: 474 475 478 479 (101.0)
119: 468 473 476 (111.0)
120: 470 471 472 483 486 495 (99.0)
121: 481 482 485 487 490 494 (122.0)
122: 484 489 491 497 (88.0)
123: 488 499 (83.0)
124: 492 498 501 502 511 (83.0)
125: 493 503 505 507 510 (113.0)
126: 496 504 516 523 (99.0)
127: 500 508 513 515 521 (78.0)
128: 506 512 518 (77.0)
129: 517 519 524 527 (109.0)
130: 514 520 525 (106.0)
131: 509 522 (64.0)
132: 526 528 529 532 542 (104.0)
133: 530 531 536 539 (101.0)
134: 533 535 538 (84.0)
135: 534 540 543 544 545 (102.0)
136: 546 547 551 (97.0)
137: 537 541 548 553 (122.0)
138: 549 556 559 (81.0)
139: 554 558 573 (119.0)
140: 550 552 560 561 (119.0)
141: 564 565 567 568 (85.0)
142: 555 557 563 569 570 577 (118.0)
143: 562 566 575 578 579 (108.0)
144: 572 576 584 593 (105.0)
145: 574 580 (69.0)
146: 571 585 586 (70.0)
147: 587 589 (71.0)
148: 583 594 595 602 608 (117.0)
149: 581 582 588 590 599 (117.0)
150: 592 596 597 606 (92.0)
151: 591 598 601 603 605 (125.0)
152: 604 607 609 611 621 (124.0)
153: 600 610 615 618 (124.0)
154: 612 616 619 622 (122.0)
155: 613 614 620 624 633 636 (119.0)
156: 617 623 626 (97.0)
157: 625 627 639 643 (119.0)
158: 628 632 638 (77.0)
159: 630 634 635 644 (99.0)
160: 629 631 646 647 (121.0)
161: 640 651 661 (107.0)
162: 641 645 649 650 654 657 663 (124.0)
163: 637 642 655 656 (113.0)
164: 648 652 659 660 662 (125.0)
165: 653 672 (94.0)
166: 664 666 669 670 674 (124.0)
167: 658 665 667 673 (112.0)
168: 675 677 679 684 (106.0)
169: 668 671 676 682 (104.0)
170: 678 680 690 (121.0)
171: 685 688 689 695 (126.0)
172: 683 691 694 696 698 702 703 (104.0)
173: 681 686 692 693 699 710 (116.0)
174: 687 704 706 717 (87.0)
175: 697 700 714 721 (115.0)
176: 701 705 707 709 712 715 (119.0)
177: 708 711 716 723 739 (117.0)
178: 713 722 727 733 736 (113.0)
179: 719 720 747 (79.0)
180: 718 725 729 734 743 (122.0)
181: 724 726 732 738 740 744 (122.0)
182: 728 730 731 735 737 742 748 757 (100.0)
183: 741 745 749 (124.0)
184: 752 754 758 759 764 (115.0)
185: 750 753 755 761 (125.0)
186: 746 766 768 773 778 (107.0)
187: 751 756 760 763 769 779 (106.0)
188: 772 780 784 794 (124.0)
189: 762 765 767 770 776 (123.0)
190: 771 774 775 777 783 793 (120.0)
191: 781 782 787 788 789 808 (117.0)
192: 785 786 792 796 797 802 810 812 (101.0)
193: 790 799 800 816 (118.0)
194: 803 804 807 (122.0)
195: 798 805 806 820 825 (125.0)
196: 791 795 819 824 (125.0)
197: 801 813 814 818 (124.0)
198: 809 811 817 821 826 829 (125.0)
199: 823 828 831 839 840 844 (131.0)
200: 827 830 832 838 841 842 (97.0)
201: 815 822 833 834 (125.0)
202: 835 836 843 847 (119.0)
203: 837 846 849 850 851 (110.0)
204: 848 854 855 857 863 866 (108.0)
205: 845 856 858 859 872 873 (123.0)
206: 852 853 860 862 864 (124.0)
207: 865 869 870 (127.0)
208: 867 868 876 887 891 (128.0)
209: 871 879 882 888 890 (126.0)
210: 861 878 880 881 884 886 (125.0)
211: 874 877 883 889 894 (123.0)
212: 892 893 898 907 (120.0)
213: 875 885 895 899 902 (125.0)
214: 897 900 904 905 906 915 918 (122.0)
215: 903 908 909 910 911 916 (101.0)
216: 896 901 913 914 921 924 (123.0)
217: 912 917 925 932 937 939 (121.0)
218: 919 942 944 (125.0)
219: 920 922 928 930 (123.0)
220: 923 927 931 933 941 949 (125.0)
221: 934 938 943 945 (122.0)
222: 929 935 936 947 (124.0)
223: 926 940 951 960 963 (123.0)
224: 950 953 954 957 967 972 (115.0)
225: 946 952 962 969 973 (114.0)
226: 948 955 964 966 (125.0)
227: 956 958 961 968 970 971 (123.0)
228: 959 974 978 988 (118.0)
229: 965 976 977 979 981 987 (122.0)
230: 986 990 992 995 997 (122.0)
231: 975 980 983 984 993 (120.0)
232: 982 991 994 (118.0)
233: 985 989 996 998 999 (129.0)
