Name: 100-20-30
Time: 3.7627716064453125 
Result: 6
Solution:  3 3 0 3 2 0 1 2 1 3 0 3 0 2 1 1 1 4 2 4 4 0 3 7 7 3 4 6 2 4 4 5 4 4 5 8 8 8 7 6 8 7 6 4 6 7 8 6 6 10 10 5 10 8 9 10 11 9 10 6 7 13 10 7 8 12 10 11 11 9 12 12 11 11 13 13 12 13 16 14 15 14 14 14 14 12 15 10 11 14 15 15 14 15 16 16 16 15 13 16
0: 2 5 10 12 21 (21.0)
1: 6 8 14 15 16 (21.0)
2: 4 7 13 18 28 (26.0)
3: 0 1 3 9 11 22 25 (21.0)
4: 17 19 20 26 29 30 32 33 43 (23.0)
5: 31 34 51 (24.0)
6: 27 39 42 44 47 48 59 (22.0)
7: 23 24 38 41 45 60 63 (22.0)
8: 35 36 37 40 46 53 64 (26.0)
9: 54 57 69 (22.0)
10: 49 50 52 55 58 62 66 87 (27.0)
11: 56 67 68 72 73 88 (24.0)
12: 65 70 71 76 85 (25.0)
13: 61 74 75 77 98 (25.0)
14: 79 81 82 83 84 89 92 (24.0)
15: 80 86 90 91 93 97 (24.0)
16: 78 94 95 96 99 (27.0)
