Name: 100-20-30
Time: 3.66446590423584 
Result: 5
Solution:  4 1 0 3 0 1 0 1 1 2 1 3 4 2 1 3 2 3 4 3 4 3 1 6 3 2 5 5 2 7 3 3 7 4 6 6 8 7 6 10 7 7 3 4 7 7 8 9 9 12 8 5 8 9 9 10 9 8 11 8 11 10 11 6 8 10 10 12 8 12 10 14 9 11 9 10 12 13 14 11 15 11 13 16 14 13 14 13 15 11 16 16 15 15 16 15 16 15 14 14
0: 2 4 6 (22.0)
1: 1 5 7 8 10 14 22 (23.0)
2: 9 13 16 25 28 (22.0)
3: 3 11 15 17 19 21 24 30 31 42 (22.0)
4: 0 12 18 20 33 43 (24.0)
5: 26 27 51 (22.0)
6: 23 34 35 38 63 (24.0)
7: 29 32 37 40 41 44 45 (25.0)
8: 36 46 50 52 57 59 64 68 (27.0)
9: 47 48 53 54 56 72 74 (22.0)
10: 39 55 61 65 66 70 75 (25.0)
11: 58 60 62 73 79 81 89 (24.0)
12: 49 67 69 76 (23.0)
13: 77 82 85 87 (24.0)
14: 71 78 84 86 98 99 (27.0)
15: 80 88 92 93 95 97 (23.0)
16: 83 90 91 94 96 (25.0)
