Name: 100-20-30
Time: 8.285074949264526 
Result: 5
Solution:  0 1 0 1 1 2 0 1 2 3 1 3 3 2 0 3 3 3 2 4 5 3 1 4 4 5 4 7 2 5 3 3 4 6 5 4 4 8 6 6 7 6 4 4 5 7 8 6 6 11 6 8 8 9 9 9 9 9 11 6 9 10 10 6 9 12 10 7 10 11 10 13 10 10 14 12 12 12 12 15 13 15 14 15 13 14 15 13 14 15 15 13 15 16 16 16 16 15 13 16
0: 0 2 6 14 (23.0)
1: 1 3 4 7 10 22 (23.0)
2: 5 8 13 18 28 (22.0)
3: 9 11 12 15 16 17 21 30 31 (22.0)
4: 19 23 24 26 32 35 36 42 43 (24.0)
5: 20 25 29 34 44 (24.0)
6: 33 38 39 41 47 48 50 59 63 (21.0)
7: 27 40 45 67 (24.0)
8: 37 46 51 52 (24.0)
9: 53 54 55 56 57 60 64 (23.0)
10: 61 62 66 68 70 72 73 (25.0)
11: 49 58 69 (22.0)
12: 65 75 76 77 78 (26.0)
13: 71 80 84 87 91 98 (25.0)
14: 74 82 85 88 (26.0)
15: 79 81 83 86 89 90 92 97 (26.0)
16: 93 94 95 96 99 (24.0)
