Name: 100-50-100
Time: 3.6894028186798096 
Result: 31
Solution:  0 3 0 1 0 1 0 2 1 2 3 3 1 0 1 0 3 4 4 2 1 2 4 3 4 2 3 2 3 4 4 6 6 6 5 4 5 4 6 8 7 5 7 6 10 6 9 8 7 8 8 5 11 10 9 8 8 9 7 11 11 10 8 9 13 11 11 11 8 14 11 14 14 11 10 10 11 11 13 14 10 13 12 13 15 15 16 14 14 15 15 15 15 16 16 12 15 15 16 16
0: 0 2 4 6 13 15 (58.0)
1: 3 5 8 12 14 20 (77.0)
2: 7 9 19 21 25 27 (58.0)
3: 1 10 11 16 23 26 28 (61.0)
4: 17 18 22 24 29 30 35 37 (89.0)
5: 34 36 41 51 (79.0)
6: 31 32 33 38 43 45 (69.0)
7: 40 42 48 58 (72.0)
8: 39 47 49 50 55 56 62 68 (59.0)
9: 46 54 57 63 (72.0)
10: 44 53 61 74 75 80 (68.0)
11: 52 59 60 65 66 67 70 73 76 77 (84.0)
12: 82 95 (62.0)
13: 64 78 81 83 (87.0)
14: 69 71 72 79 87 88 (74.0)
15: 84 85 89 90 91 92 96 97 (74.0)
16: 86 93 94 98 99 (89.0)
