Name: 100-20-30
Time: 6.794045448303223 
Result: 5
Solution:  2 2 0 0 3 3 1 0 2 0 1 2 1 2 2 0 0 6 7 6 0 6 3 0 7 4 3 4 2 5 6 5 6 7 4 3 5 7 4 9 8 5 5 6 7 7 8 7 6 12 8 5 8 9 9 9 11 9 10 9 6 11 10 6 8 9 12 12 11 12 11 12 14 9 9 14 10 14 12 16 14 14 13 14 15 13 13 10 15 11 16 16 16 16 15 15 16 14 13 15
0: 2 3 7 9 15 16 20 23 (23.0)
1: 6 10 12 (21.0)
2: 0 1 8 11 13 14 28 (23.0)
3: 4 5 22 26 35 (23.0)
4: 25 27 34 38 (25.0)
5: 29 31 36 41 42 51 (25.0)
6: 17 19 21 30 32 43 48 60 63 (22.0)
7: 18 24 33 37 44 45 47 (24.0)
8: 40 46 50 52 64 (24.0)
9: 39 53 54 55 57 59 65 73 74 (24.0)
10: 58 62 76 87 (21.0)
11: 56 61 68 70 89 (22.0)
12: 49 66 67 69 71 78 (25.0)
13: 82 85 86 98 (25.0)
14: 72 75 77 80 81 83 97 (26.0)
15: 84 88 94 95 99 (25.0)
16: 79 90 91 92 93 96 (26.0)
