Name: 1000-40-75
Time: 30.614723920822144 
Result: 46051
Solution:  1 1 0 1 1 0 1 0 2 3 1 4 6 3 4 5 6 4 4 2 2 6 4 3 5 6 8 9 7 8 5 8 4 10 6 7 8 9 6 8 7 11 7 10 11 11 11 8 12 8 12 13 14 10 14 12 12 14 13 11 15 13 13 14 16 15 14 16 15 14 15 12 13 14 19 17 16 19 14 15 18 14 21 17 17 20 20 20 19 17 20 20 21 18 20 20 21 19 21 20 20 21 22 23 23 21 24 22 21 25 24 20 23 22 26 25 26 25 24 25 26 27 23 27 25 27 26 27 30 27 31 28 27 27 28 30 28 29 27 29 31 32 28 31 30 34 35 31 30 29 32 30 34 32 32 33 34 36 35 30 33 35 33 36 35 37 33 36 36 35 37 34 36 35 34 39 34 36 40 35 36 40 40 36 37 38 39 40 39 39 41 40 36 40 38 41 40 44 40 45 45 43 43 43 42 41 43 41 46 44 44 44 43 43 48 45 43 46 42 46 43 47 48 47 48 47 47 48 45 46 50 49 47 47 48 52 51 52 49 48 49 49 49 46 52 53 50 51 49 51 51 52 52 54 52 50 52 54 53 53 53 57 53 56 55 54 57 57 51 53 55 56 56 56 56 58 55 58 58 59 57 57 56 58 58 59 61 58 61 61 60 60 62 61 63 63 65 63 59 62 60 62 60 61 61 67 66 66 63 64 64 67 62 66 67 61 64 64 66 65 67 66 63 63 65 67 67 65 66 66 69 69 67 68 68 66 68 68 69 70 72 71 70 70 68 69 71 71 71 70 74 71 71 74 75 73 73 74 71 75 73 72 73 74 74 78 75 72 79 76 76 80 74 77 74 76 74 78 76 78 82 81 81 79 78 83 81 79 76 79 79 77 79 77 77 81 81 80 81 80 83 85 80 83 86 82 80 82 83 83 84 87 84 87 83 85 86 85 86 86 87 84 88 85 86 88 88 85 86 90 85 89 89 88 87 90 90 88 90 89 88 91 90 91 91 91 92 91 91 93 92 94 92 89 92 93 95 92 89 97 93 96 93 92 98 96 95 96 95 91 94 96 96 95 97 97 100 95 98 97 95 100 101 98 97 99 99 101 100 102 99 100 99 100 102 102 101 101 100 101 102 98 102 101 101 103 102 103 105 101 101 104 103 106 105 105 105 103 105 104 106 108 105 104 104 107 106 105 103 108 108 108 108 106 107 110 109 111 106 109 109 110 106 110 108 110 112 112 107 111 110 111 111 114 112 113 113 114 113 114 114 111 113 114 113 117 116 115 115 115 113 112 116 116 115 115 115 118 118 119 117 117 119 117 121 120 118 117 122 120 118 121 119 119 120 120 120 122 123 122 122 120 121 121 125 123 121 123 119 122 124 126 124 123 124 127 124 124 124 125 123 129 124 128 122 126 129 129 127 127 128 124 129 128 126 132 129 130 129 130 128 129 131 130 127 132 128 130 129 133 133 131 128 134 129 134 133 131 131 133 134 134 131 138 132 139 135 132 136 137 138 136 134 133 136 137 137 137 139 135 138 137 140 139 138 139 141 138 139 136 140 139 141 139 137 144 141 141 142 140 141 141 142 142 145 141 142 145 143 143 143 147 144 145 141 145 146 145 144 146 146 147 145 143 149 147 148 146 147 146 145 148 149 145 147 150 149 149 151 152 151 150 152 148 148 152 151 151 152 147 156 152 156 154 152 153 152 155 154 153 153 155 156 155 154 154 155 155 155 154 158 156 157 153 158 156 158 157 159 154 157 160 160 157 157 157 161 156 160 159 160 159 158 161 161 162 162 159 162 163 164 163 162 163 162 165 165 163 164 166 163 166 161 167 164 165 165 164 166 166 167 166 164 162 167 166 166 170 166 167 170 168 164 168 168 169 167 171 168 173 171 168 172 168 169 173 172 170 171 171 174 173 172 171 169 172 174 170 173 174 175 175 176 174 175 178 176 173 176 177 176 176 174 174 174 177 177 176 175 176 178 179 178 178 179 179 178 179 179 183 180 181 179 180 178 180 179 184 177 182 186 182 184 180 181 181 180 182 184 182 184 183 182 185 186 188 184 183 185 184 187 185 185 186 186 186 187 183 189 188 190 189 185 189 186 189 190 189 190 192 189 191 191 189 191 194 191 190 192 194 190 188 194 193 191 193 193 193 192 194 194 195 192 190 193 196 195 191 196 198 197 196 195 196 195 197 198 197 197 198 201 200 199 199 199 196 198 198 200 199 201 198 200 200 199 201 200 201 201 201
0: 2 5 7 (43.0)
1: 0 1 3 4 6 10 (38.0)
2: 8 19 20 (42.0)
3: 9 13 23 (49.0)
4: 11 14 17 18 22 32 (40.0)
5: 15 24 30 (42.0)
6: 12 16 21 25 34 38 (41.0)
7: 28 35 40 42 (45.0)
8: 26 29 31 36 39 47 49 (41.0)
9: 27 37 (43.0)
10: 33 43 53 (42.0)
11: 41 44 45 46 59 (46.0)
12: 48 50 55 56 71 (49.0)
13: 51 58 61 62 72 (40.0)
14: 52 54 57 63 66 69 73 78 81 (33.0)
15: 60 65 68 70 79 (41.0)
16: 64 67 76 (46.0)
17: 75 83 84 89 (63.0)
18: 80 93 (43.0)
19: 74 77 88 97 (41.0)
20: 85 86 87 90 91 94 95 99 100 111 (38.0)
21: 82 92 96 98 101 105 108 (41.0)
22: 102 107 113 (40.0)
23: 103 104 112 122 (40.0)
24: 106 110 118 (44.0)
25: 109 115 117 119 124 (42.0)
26: 114 116 120 126 (47.0)
27: 121 123 125 127 129 132 133 138 (41.0)
28: 131 134 136 142 (40.0)
29: 137 139 149 (44.0)
30: 128 135 144 148 151 159 (46.0)
31: 130 140 143 147 (43.0)
32: 141 150 153 154 (45.0)
33: 155 160 162 166 (66.0)
34: 145 152 156 171 174 176 (43.0)
35: 146 158 161 164 169 173 179 (50.0)
36: 157 163 167 168 172 177 180 183 192 (41.0)
37: 165 170 184 (48.0)
38: 185 194 (41.0)
39: 175 186 188 189 (44.0)
40: 178 181 182 187 191 193 196 198 (33.0)
41: 190 195 205 207 (49.0)
42: 204 218 (40.0)
43: 201 202 203 206 212 213 216 220 (43.0)
44: 197 209 210 211 (42.0)
45: 199 200 215 228 (43.0)
46: 208 217 219 229 243 (46.0)
47: 221 223 225 226 232 233 (49.0)
48: 214 222 224 227 234 239 (64.0)
49: 231 238 240 241 242 248 (53.0)
50: 230 246 255 (50.0)
51: 236 247 249 250 268 (50.0)
52: 235 237 244 251 252 254 256 (60.0)
53: 245 258 259 260 262 269 (50.0)
54: 253 257 265 (48.0)
55: 264 270 276 (41.0)
56: 263 271 272 273 274 282 (56.0)
57: 261 266 267 280 281 (46.0)
58: 275 277 278 283 284 287 (46.0)
59: 279 285 298 (47.0)
60: 290 291 300 302 (51.0)
61: 286 288 289 293 303 304 315 (74.0)
62: 292 299 301 312 (41.0)
63: 294 295 297 308 322 323 (54.0)
64: 309 310 316 317 (55.0)
65: 296 319 324 327 (46.0)
66: 306 307 313 318 321 328 329 335 (65.0)
67: 305 311 314 320 325 326 332 (50.0)
68: 333 334 336 337 344 (51.0)
69: 330 331 338 345 (41.0)
70: 339 342 343 349 (44.0)
71: 341 346 347 348 351 352 358 (53.0)
72: 340 361 367 (52.0)
73: 355 356 360 362 (56.0)
74: 350 353 357 363 364 372 374 376 (49.0)
75: 354 359 366 (45.0)
76: 369 370 375 378 388 (67.0)
77: 373 391 393 394 (61.0)
78: 365 377 379 384 (60.0)
79: 368 383 387 389 390 392 (61.0)
80: 371 397 399 402 406 (58.0)
81: 381 382 386 395 396 398 (50.0)
82: 380 405 407 (50.0)
83: 385 400 403 408 409 414 (48.0)
84: 410 412 421 (50.0)
85: 401 415 417 423 427 430 (50.0)
86: 404 416 418 419 424 428 (59.0)
87: 411 413 420 434 (52.0)
88: 422 425 426 433 437 440 (64.0)
89: 431 432 439 453 458 (53.0)
90: 429 435 436 438 442 (50.0)
91: 441 443 444 445 447 448 469 (48.0)
92: 446 450 452 454 457 463 (48.0)
93: 449 455 460 462 (73.0)
94: 451 470 (62.0)
95: 456 466 468 473 477 480 (53.0)
96: 461 465 467 471 472 (58.0)
97: 459 474 475 479 484 (75.0)
98: 464 478 483 501 (59.0)
99: 485 486 490 492 (74.0)
100: 476 481 488 491 493 498 (74.0)
101: 482 487 496 497 499 503 504 509 510 (58.0)
102: 489 494 495 500 502 506 (54.0)
103: 505 507 512 517 528 (58.0)
104: 511 519 523 524 (64.0)
105: 508 514 515 516 518 522 527 (64.0)
106: 513 520 526 533 538 542 (61.0)
107: 525 534 548 (54.0)
108: 521 529 530 531 532 544 (55.0)
109: 536 539 540 (56.0)
110: 535 541 543 545 550 (59.0)
111: 537 549 551 552 561 (54.0)
112: 546 547 554 571 (52.0)
113: 555 556 558 562 564 570 (73.0)
114: 553 557 559 560 563 (69.0)
115: 567 568 569 574 575 576 (58.0)
116: 566 572 573 (54.0)
117: 565 580 581 583 587 (59.0)
118: 577 578 586 590 (53.0)
119: 579 582 592 593 608 (73.0)
120: 585 589 594 595 596 601 (75.0)
121: 584 591 602 603 606 (51.0)
122: 588 597 599 600 609 624 (64.0)
123: 598 605 607 613 620 (57.0)
124: 610 612 614 616 617 618 622 631 (75.0)
125: 604 619 (43.0)
126: 611 625 634 (74.0)
127: 615 628 629 644 (51.0)
128: 623 630 633 640 646 652 (51.0)
129: 621 626 627 632 636 638 641 648 654 (58.0)
130: 637 639 643 647 (58.0)
131: 642 651 657 658 662 (67.0)
132: 635 645 664 667 (64.0)
133: 649 650 656 659 673 (55.0)
134: 653 655 660 661 672 (69.0)
135: 666 679 (44.0)
136: 668 671 674 689 (58.0)
137: 669 675 676 677 681 694 (69.0)
138: 663 670 680 684 687 (58.0)
139: 665 678 683 685 688 691 693 (60.0)
140: 682 690 699 (65.0)
141: 686 692 696 697 700 701 705 714 (53.0)
142: 698 702 703 706 (75.0)
143: 708 709 710 723 (53.0)
144: 695 712 718 (72.0)
145: 704 707 713 715 717 722 730 733 (68.0)
146: 716 719 720 727 729 (56.0)
147: 711 721 725 728 734 749 (57.0)
148: 726 731 743 744 (69.0)
149: 724 732 736 737 (57.0)
150: 735 741 (49.0)
151: 738 740 746 747 (47.0)
152: 739 742 745 748 751 754 756 (78.0)
153: 755 759 760 773 (65.0)
154: 753 758 764 765 769 779 (67.0)
155: 757 761 763 766 767 768 (59.0)
156: 750 752 762 771 775 787 (65.0)
157: 772 777 780 783 784 785 (74.0)
158: 770 774 776 792 (74.0)
159: 778 789 791 797 (76.0)
160: 781 782 788 790 (74.0)
161: 786 793 794 812 (72.0)
162: 795 796 798 802 804 823 (76.0)
163: 799 801 803 807 810 (72.0)
164: 800 808 814 817 822 832 (59.0)
165: 805 806 815 816 (72.0)
166: 809 811 818 819 821 825 826 828 (70.0)
167: 813 820 824 829 836 (59.0)
168: 831 833 834 838 841 843 (74.0)
169: 835 844 854 (73.0)
170: 827 830 847 857 (66.0)
171: 837 840 848 849 853 (74.0)
172: 842 846 852 855 (75.0)
173: 839 845 851 858 867 (74.0)
174: 850 856 859 863 872 873 874 (73.0)
175: 860 861 864 878 (68.0)
176: 862 866 868 870 871 877 879 (75.0)
177: 869 875 876 898 (74.0)
178: 865 880 882 883 886 894 (68.0)
179: 881 884 885 887 888 892 896 (48.0)
180: 890 893 895 903 906 (75.0)
181: 891 904 905 (75.0)
182: 899 901 907 909 912 (63.0)
183: 889 911 917 927 (73.0)
184: 897 902 908 910 916 919 (80.0)
185: 913 918 921 922 932 (75.0)
186: 900 914 923 924 925 934 (75.0)
187: 920 926 (74.0)
188: 915 929 951 (74.0)
189: 928 931 933 935 937 940 943 (75.0)
190: 930 936 938 947 950 963 (62.0)
191: 941 942 944 946 954 967 (67.0)
192: 939 948 958 962 (75.0)
193: 953 955 956 957 964 (78.0)
194: 945 949 952 959 960 (75.0)
195: 961 966 972 974 (73.0)
196: 965 968 971 973 985 (84.0)
197: 970 975 977 978 (78.0)
198: 969 976 979 986 987 991 (75.0)
199: 982 983 984 989 994 (75.0)
200: 981 988 992 993 996 (75.0)
201: 980 990 995 997 998 999 (78.0)
