Name: 100-40-75
Time: 3.8532655239105225 
Result: 26
Solution:  3 0 1 0 0 0 0 1 0 0 2 1 3 3 3 5 2 4 5 3 7 2 6 4 6 8 3 2 5 7 10 8 7 12 6 4 9 11 8 9 8 9 7 9 6 10 13 11 11 14 10 10 13 11 12 13 10 12 13 10 14 12 12 14 15 19 16 11 17 18 14 16 15 15 15 18 17 18 13 14 16 19 17 18 14 19 21 17 20 16 21 19 20 19 21 20 19 20 21 21
0: 1 3 4 5 6 8 9 (54.0)
1: 2 7 11 (46.0)
2: 10 16 21 27 (49.0)
3: 0 12 13 14 19 26 (49.0)
4: 17 23 35 (59.0)
5: 15 18 28 (50.0)
6: 22 24 34 44 (53.0)
7: 20 29 32 42 (45.0)
8: 25 31 38 40 (55.0)
9: 36 39 41 43 (51.0)
10: 30 45 50 51 56 59 (62.0)
11: 37 47 48 53 67 (56.0)
12: 33 54 57 61 62 (63.0)
13: 46 52 55 58 78 (68.0)
14: 49 60 63 70 79 84 (63.0)
15: 64 72 73 74 (71.0)
16: 66 71 80 89 (59.0)
17: 68 76 82 87 (50.0)
18: 69 75 77 83 (66.0)
19: 65 81 85 91 93 96 (66.0)
20: 88 92 95 97 (58.0)
21: 86 90 94 98 99 (66.0)
