Name: 100-40-75
Time: 3.7780659198760986 
Result: 28
Solution:  2 0 1 0 1 2 0 1 2 1 0 2 3 3 3 0 3 4 7 5 6 2 5 6 5 5 3 6 8 7 10 4 8 11 10 4 9 10 7 7 7 12 7 11 8 14 11 10 15 12 10 10 10 11 12 11 12 12 13 10 14 14 12 11 13 13 14 13 16 15 16 17 16 17 14 17 18 18 13 18 18 18 15 18 16 19 17 20 19 19 17 19 21 20 20 20 18 21 21 21
0: 1 3 6 10 15 (62.0)
1: 2 4 7 9 (44.0)
2: 0 5 8 11 21 (47.0)
3: 12 13 14 16 26 (43.0)
4: 17 31 35 (59.0)
5: 19 22 24 25 (47.0)
6: 20 23 27 (50.0)
7: 18 29 38 39 40 42 (60.0)
8: 28 32 44 (49.0)
9: 36 (43.0)
10: 30 34 37 47 50 51 52 59 (60.0)
11: 33 43 46 53 55 63 (53.0)
12: 41 49 54 56 57 62 (64.0)
13: 58 64 65 67 78 (60.0)
14: 45 60 61 66 74 (64.0)
15: 48 69 82 (57.0)
16: 68 70 72 84 (63.0)
17: 71 73 75 86 90 (67.0)
18: 76 77 79 80 81 83 96 (71.0)
19: 85 88 89 91 (60.0)
20: 87 93 94 95 (69.0)
21: 92 97 98 99 (67.0)
