Name: 100-50-100
Time: 8.028591632843018 
Result: 21
Solution:  0 0 1 0 2 0 0 1 3 2 6 0 1 0 4 0 4 2 4 0 0 1 4 3 1 3 3 5 3 4 6 5 6 5 8 7 5 6 7 8 6 4 5 7 5 3 8 8 6 8 9 6 10 6 9 8 7 7 9 10 10 6 13 10 9 12 11 12 11 11 11 11 10 11 10 12 10 12 13 13 16 13 14 15 15 13 10 13 16 16 16 16 14 14 15 12 14 15 16 16
0: 0 1 3 5 6 11 13 15 19 20 (62.0)
1: 2 7 12 21 24 (62.0)
2: 4 9 17 (64.0)
3: 8 23 25 26 28 45 (68.0)
4: 14 16 18 22 29 41 (65.0)
5: 27 31 33 36 42 44 (64.0)
6: 10 30 32 37 40 48 51 53 61 (82.0)
7: 35 38 43 56 57 (71.0)
8: 34 39 46 47 49 55 (71.0)
9: 50 54 58 64 (83.0)
10: 52 59 60 63 72 74 76 86 (79.0)
11: 66 68 69 70 71 73 (68.0)
12: 65 67 75 77 95 (72.0)
13: 62 78 79 81 85 87 (79.0)
14: 82 92 93 96 (80.0)
15: 83 84 94 97 (81.0)
16: 80 88 89 90 91 98 99 (81.0)
