Name: 100-30-50
Time: 3.6908812522888184 
Result: 18
Solution:  0 0 2 1 4 0 0 1 2 2 2 1 1 2 5 3 3 4 6 2 4 6 2 4 7 2 5 6 5 8 6 7 5 7 7 9 9 9 9 8 10 9 8 12 10 11 11 11 12 10 13 14 11 12 10 11 14 13 13 13 16 14 14 13 11 14 14 15 13 15 12 17 12 16 16 17 17 17 17 14 18 15 18 18 15 20 19 19 18 19 18 19 21 20 19 21 21 19 18 21
0: 0 1 5 6 (34.0)
1: 3 7 11 12 (39.0)
2: 2 8 9 10 13 19 22 25 (34.0)
3: 15 16 (32.0)
4: 4 17 20 23 (40.0)
5: 14 26 28 32 (35.0)
6: 18 21 27 30 (31.0)
7: 24 31 33 34 (31.0)
8: 29 39 42 (34.0)
9: 35 36 37 38 41 (34.0)
10: 40 44 49 54 (40.0)
11: 45 46 47 52 55 64 (49.0)
12: 43 48 53 70 72 (31.0)
13: 50 57 58 59 63 68 (36.0)
14: 51 56 61 62 65 66 79 (43.0)
15: 67 69 81 84 (43.0)
16: 60 73 74 (44.0)
17: 71 75 76 77 78 (33.0)
18: 80 82 83 88 90 98 (37.0)
19: 86 87 89 91 94 97 (49.0)
20: 85 93 (31.0)
21: 92 95 96 99 (48.0)
