Name: 100-50-100
Time: 6.394481182098389 
Result: 30
Solution:  0 1 0 0 2 0 2 0 0 1 3 1 2 0 1 0 5 3 6 3 1 2 2 4 1 3 4 3 3 6 5 5 7 6 4 7 5 7 7 6 6 4 7 5 4 6 9 8 7 6 8 5 9 11 9 9 9 8 7 12 10 9 12 8 15 12 11 11 9 14 12 9 11 10 10 11 10 15 13 14 10 13 12 16 13 15 10 14 14 14 16 16 14 11 15 13 15 16 16 16
0: 0 2 3 5 7 8 13 15 (68.0)
1: 1 9 11 14 20 24 (60.0)
2: 4 6 12 21 22 (78.0)
3: 10 17 19 25 27 28 (67.0)
4: 23 26 34 41 44 (62.0)
5: 16 30 31 36 43 51 (86.0)
6: 18 29 33 39 40 45 49 (82.0)
7: 32 35 37 38 42 48 58 (78.0)
8: 47 50 57 63 (63.0)
9: 46 52 54 55 56 61 68 71 (70.0)
10: 60 73 74 76 80 86 (59.0)
11: 53 66 67 72 75 93 (78.0)
12: 59 62 65 70 82 (68.0)
13: 78 81 84 95 (86.0)
14: 69 79 87 88 89 92 (85.0)
15: 64 77 85 94 96 (86.0)
16: 83 90 91 97 98 99 (56.0)
