Name: 250-60-125
Time: 7.743292570114136 
Result: 5069
Solution:  3 0 0 0 0 0 0 1 5 0 4 0 0 6 2 4 2 2 5 1 2 2 6 3 6 6 5 5 5 4 5 8 3 7 3 7 5 5 6 6 9 6 8 9 8 11 9 10 8 10 9 11 11 10 10 7 11 10 9 8 14 13 14 15 13 12 14 14 11 16 15 12 15 14 13 13 16 18 12 14 17 14 16 16 16 17 19 17 20 15 18 18 21 18 19 18 15 20 17 19 18 20 22 18 16 21 21 23 21 20 22 21 22 23 20 24 22 22 24 19 23 25 23 23 23 24 23 21 25 26 26 25 25 27 26 26 28 27 25 25 28 26 28 25 29 28 28 28 30 25 32 31 27 31 31 32 31 30 29 29 27 27 30 31 32 32 31 32 29 30 31 34 34 33 33 34 35 33 34 33 34 32 32 33 36 33 33 36 35 36 34 38 36 36 32 35 38 38 37 37 37 36 37 39 40 38 37 39 39 39 38 40 41 39 44 41 37 38 40 40 41 42 42 40 38 43 42 42 43 42 40 44 41 43 45 41 42 45 44 42 44 44 44 43 45 45 43 45 43 45
0: 1 2 3 4 5 6 9 11 12 (59.0)
1: 7 19 (60.0)
2: 14 16 17 20 21 (56.0)
3: 0 23 32 34 (64.0)
4: 10 15 29 (71.0)
5: 8 18 26 27 28 30 36 37 (60.0)
6: 13 22 24 25 38 39 41 (61.0)
7: 33 35 55 (68.0)
8: 31 42 44 48 59 (71.0)
9: 40 43 46 50 58 (72.0)
10: 47 49 53 54 57 (79.0)
11: 45 51 52 56 68 (67.0)
12: 65 71 78 (71.0)
13: 61 64 74 75 (73.0)
14: 60 62 66 67 73 79 81 (68.0)
15: 63 70 72 89 96 (70.0)
16: 69 76 82 83 84 104 (86.0)
17: 80 85 87 98 (109.0)
18: 77 90 91 93 95 100 103 (111.0)
19: 86 94 99 119 (71.0)
20: 88 97 101 109 114 (94.0)
21: 92 105 106 108 111 127 (91.0)
22: 102 110 112 116 117 (75.0)
23: 107 113 120 122 123 124 126 (101.0)
24: 115 118 125 (104.0)
25: 121 128 131 132 138 139 143 149 (107.0)
26: 129 130 134 135 141 (102.0)
27: 133 137 152 160 161 (76.0)
28: 136 140 142 145 146 147 (99.0)
29: 144 158 159 168 (84.0)
30: 148 157 162 169 (92.0)
31: 151 153 154 156 163 166 170 (113.0)
32: 150 155 164 165 167 181 182 194 (112.0)
33: 173 174 177 179 183 185 186 (114.0)
34: 171 172 175 178 180 190 (125.0)
35: 176 188 195 (97.0)
36: 184 187 189 192 193 201 (125.0)
37: 198 199 200 202 206 216 (119.0)
38: 191 196 197 205 210 217 224 (105.0)
39: 203 207 208 209 213 (122.0)
40: 204 211 218 219 223 230 (123.0)
41: 212 215 220 232 235 (125.0)
42: 221 222 226 227 229 236 239 (125.0)
43: 225 228 233 243 246 248 (125.0)
44: 214 231 238 240 241 242 (122.0)
45: 234 237 244 245 247 249 (100.0)
