Name: 250-60-125
Time: 16.027838468551636 
Result: 74
Solution:  2 0 0 0 0 0 0 1 4 0 3 0 0 4 4 3 2 6 6 1 6 3 4 2 6 2 2 5 5 4 6 9 6 9 4 5 6 6 7 6 7 7 9 8 8 6 9 13 9 12 9 10 9 10 7 7 11 11 9 8 9 13 13 13 11 10 14 16 11 16 14 12 16 13 15 13 15 18 12 18 15 14 18 17 16 17 18 19 17 14 17 18 17 18 16 19 16 19 18 20 16 20 22 18 19 21 24 24 21 22 20 21 19 26 19 25 22 24 21 24 24 25 24 26 22 23 25 23 25 24 26 26 29 28 25 26 26 29 27 26 27 27 28 25 28 28 28 30 29 27 26 31 29 29 31 30 30 32 32 29 27 32 30 31 31 31 32 32 30 33 30 34 33 37 30 34 33 33 36 37 34 36 35 33 35 35 36 35 32 33 34 36 35 36 37 34 35 37 37 37 40 35 38 37 41 38 37 38 40 37 39 39 38 39 43 36 39 39 40 42 39 41 43 42 44 39 41 41 41 40 44 38 42 42 43 40 43 45 44 41 43 43 45 44 45 44 44 45 43 45
0: 1 2 3 4 5 6 9 11 12 (59.0)
1: 7 19 (60.0)
2: 0 16 23 25 26 (61.0)
3: 10 15 21 (72.0)
4: 8 13 14 22 29 34 (62.0)
5: 27 28 35 (70.0)
6: 17 18 20 24 30 32 36 37 39 45 (61.0)
7: 38 40 41 54 55 (64.0)
8: 43 44 59 (65.0)
9: 31 33 42 46 48 50 52 58 60 (100.0)
10: 51 53 65 (55.0)
11: 56 57 64 68 (66.0)
12: 49 71 78 (82.0)
13: 47 61 62 63 73 75 (74.0)
14: 66 70 81 89 (66.0)
15: 74 76 80 (72.0)
16: 67 69 72 84 94 96 100 (91.0)
17: 83 85 88 90 92 (71.0)
18: 77 79 82 86 91 93 98 103 (81.0)
19: 87 95 97 104 112 114 (114.0)
20: 99 101 110 (113.0)
21: 105 108 111 118 (112.0)
22: 102 109 116 124 (78.0)
23: 125 127 (68.0)
24: 106 107 117 119 120 122 129 (77.0)
25: 115 121 126 128 134 143 (87.0)
26: 113 123 130 131 135 136 139 150 (120.0)
27: 138 140 141 149 160 (85.0)
28: 133 142 144 145 146 (105.0)
29: 132 137 148 152 153 159 (81.0)
30: 147 155 156 162 168 170 174 (98.0)
31: 151 154 163 164 165 (94.0)
32: 157 158 161 166 167 188 (125.0)
33: 169 172 176 177 183 189 (125.0)
34: 171 175 180 190 195 (129.0)
35: 182 184 185 187 192 196 201 (124.0)
36: 178 181 186 191 193 215 (125.0)
37: 173 179 194 197 198 199 203 206 209 (116.0)
38: 202 205 207 212 231 (124.0)
39: 210 211 213 216 217 220 225 (114.0)
40: 200 208 218 229 235 (124.0)
41: 204 221 226 227 228 239 (106.0)
42: 219 223 232 233 (122.0)
43: 214 222 234 236 240 241 248 (112.0)
44: 224 230 238 243 245 246 (104.0)
45: 237 242 244 247 249 (110.0)
