Name: 250-20-30
Time: 16.165989637374878 
Result: 15
Solution:  0 2 0 0 0 1 3 1 3 2 2 1 3 7 3 2 6 4 5 4 2 5 5 6 4 5 5 5 5 7 8 7 8 11 11 9 9 6 6 10 11 7 10 12 9 7 13 9 12 12 8 12 11 12 15 17 18 14 15 14 11 14 14 14 15 12 15 18 17 17 16 13 21 16 19 18 19 19 17 16 19 23 17 24 21 18 21 22 22 25 23 20 20 22 23 24 24 25 22 23 27 24 26 25 23 24 27 29 26 25 26 29 31 29 28 29 30 27 29 29 33 27 32 26 31 32 29 35 31 30 32 28 37 32 34 31 34 34 32 35 34 36 33 35 36 37 39 34 39 37 34 36 36 40 34 35 38 39 38 40 38 37 38 40 41 40 41 42 42 39 45 43 43 43 44 41 45 43 44 41 45 44 47 46 44 48 46 46 44 44 46 51 48 48 46 47 47 47 49 51 50 48 50 48 54 50 49 47 49 49 50 52 54 52 52 54 55 51 53 54 54 57 54 53 53 59 52 58 55 53 56 56 58 55 57 56 57 59 57 57 57 56 55 59 58 59 58 58 58 57
0: 0 2 3 4 (19.0)
1: 5 7 11 (26.0)
2: 1 9 10 15 20 (24.0)
3: 6 8 12 14 (18.0)
4: 17 19 24 (23.0)
5: 18 21 22 25 26 27 28 (19.0)
6: 16 23 37 38 (21.0)
7: 13 29 31 41 45 (24.0)
8: 30 32 50 (20.0)
9: 35 36 44 47 (23.0)
10: 39 42 (20.0)
11: 33 34 40 52 60 (25.0)
12: 43 48 49 51 53 65 (24.0)
13: 46 71 (21.0)
14: 57 59 61 62 63 (22.0)
15: 54 58 64 66 (26.0)
16: 70 73 79 (20.0)
17: 55 68 69 78 82 (24.0)
18: 56 67 75 85 (22.0)
19: 74 76 77 80 (25.0)
20: 91 92 (27.0)
21: 72 84 86 (24.0)
22: 87 88 93 98 (20.0)
23: 81 90 94 99 104 (28.0)
24: 83 95 96 101 105 (23.0)
25: 89 97 103 109 (22.0)
26: 102 108 110 123 (26.0)
27: 100 106 117 121 (25.0)
28: 114 131 (23.0)
29: 107 111 113 115 118 119 126 (24.0)
30: 116 129 (25.0)
31: 112 124 128 135 (26.0)
32: 122 125 130 133 138 (25.0)
33: 120 142 (25.0)
34: 134 136 137 140 147 150 154 (29.0)
35: 127 139 143 155 (28.0)
36: 141 144 151 152 (31.0)
37: 132 145 149 161 (27.0)
38: 156 158 160 162 (30.0)
39: 146 148 157 169 (30.0)
40: 153 159 163 165 (24.0)
41: 164 166 175 179 (29.0)
42: 167 168 (29.0)
43: 171 172 173 177 (25.0)
44: 174 178 181 184 188 189 (30.0)
45: 170 176 180 (28.0)
46: 183 186 187 190 194 (30.0)
47: 182 195 196 197 207 (27.0)
48: 185 192 193 201 203 (29.0)
49: 198 206 208 209 (30.0)
50: 200 202 205 210 (33.0)
51: 191 199 217 (27.0)
52: 211 213 214 226 (30.0)
53: 218 223 224 229 (30.0)
54: 204 212 215 219 220 222 (30.0)
55: 216 228 233 242 (27.0)
56: 230 231 235 241 (26.0)
57: 221 234 236 238 239 240 249 (30.0)
58: 227 232 244 246 247 248 (29.0)
59: 225 237 243 245 (28.0)
