Name: 250-20-30
Time: 8.00445294380188 
Result: 8017
Solution:  0 1 0 2 1 0 1 0 3 2 2 1 3 4 3 4 3 4 5 4 2 8 5 5 5 8 7 7 5 7 7 6 6 8 7 10 9 7 8 11 9 8 10 13 8 8 13 11 15 14 9 9 10 13 16 12 15 16 14 14 11 15 14 15 12 15 13 16 17 16 16 18 22 16 19 20 19 19 17 17 20 24 18 19 21 18 20 18 23 24 23 22 21 20 24 24 24 23 24 23 27 25 26 25 28 24 26 24 28 27 26 25 29 26 27 27 31 27 32 26 33 30 29 26 30 32 29 32 30 32 32 30 36 33 29 33 32 34 34 31 37 35 34 37 35 33 37 37 35 37 33 36 38 36 34 34 39 39 38 39 38 43 38 40 40 41 39 41 42 40 40 41 43 43 43 44 43 45 45 44 42 45 45 44 46 46 46 47 47 46 50 49 48 46 48 51 47 49 50 46 51 49 50 48 53 48 52 48 49 52 53 52 53 53 51 52 52 51 50 55 55 56 54 53 54 58 54 58 53 55 57 59 59 56 56 58 56 59 57 57 56 57 55 56 55 59 56 58 58 57
0: 0 2 5 7 (23.0)
1: 1 4 6 11 (23.0)
2: 3 9 10 20 (21.0)
3: 8 12 14 16 (24.0)
4: 13 15 17 19 (20.0)
5: 18 22 23 24 28 (20.0)
6: 31 32 (23.0)
7: 26 27 29 30 34 37 (20.0)
8: 21 25 33 38 41 44 45 (20.0)
9: 36 40 50 51 (21.0)
10: 35 42 52 (27.0)
11: 39 47 60 (24.0)
12: 55 64 (22.0)
13: 43 46 53 66 (22.0)
14: 49 58 59 62 (27.0)
15: 48 56 61 63 65 (20.0)
16: 54 57 67 69 70 73 (18.0)
17: 68 78 79 (24.0)
18: 71 82 85 87 (25.0)
19: 74 76 77 83 (27.0)
20: 75 80 86 93 (24.0)
21: 84 92 (21.0)
22: 72 91 (24.0)
23: 88 90 97 99 (25.0)
24: 81 89 94 95 96 98 105 107 (20.0)
25: 101 103 111 (22.0)
26: 102 106 110 113 119 123 (28.0)
27: 100 109 114 115 117 (23.0)
28: 104 108 (26.0)
29: 112 122 126 134 (25.0)
30: 121 124 128 131 (29.0)
31: 116 139 (30.0)
32: 118 125 127 129 130 136 (28.0)
33: 120 133 135 145 150 (29.0)
34: 137 138 142 154 155 (29.0)
35: 141 144 148 (35.0)
36: 132 151 153 (24.0)
37: 140 143 146 147 149 (27.0)
38: 152 158 160 162 (28.0)
39: 156 157 159 166 (27.0)
40: 163 164 169 170 (24.0)
41: 165 167 171 (22.0)
42: 168 180 (31.0)
43: 161 172 173 174 176 (25.0)
44: 175 179 183 (25.0)
45: 177 178 181 182 (23.0)
46: 184 185 186 189 193 199 (29.0)
47: 187 188 196 (30.0)
48: 192 194 203 205 207 (28.0)
49: 191 197 201 208 (30.0)
50: 190 198 202 218 (30.0)
51: 195 200 214 217 (30.0)
52: 206 209 211 215 216 (25.0)
53: 204 210 212 213 223 228 (30.0)
54: 222 224 226 (30.0)
55: 219 220 229 242 244 (29.0)
56: 221 233 234 236 240 243 246 (30.0)
57: 230 238 239 241 249 (30.0)
58: 225 227 235 247 248 (29.0)
59: 231 232 237 245 (30.0)
