Name: 250-30-50
Time: 15.78856897354126 
Result: 26
Solution:  0 3 1 1 1 1 1 2 0 2 1 0 3 5 4 1 4 5 2 5 3 6 5 5 6 5 5 4 7 5 7 9 10 8 9 8 8 9 9 6 10 12 9 7 10 15 11 11 12 11 10 9 13 15 13 13 14 11 12 15 14 15 15 16 16 15 18 19 15 18 17 17 18 15 15 15 17 22 16 19 20 20 20 20 21 21 18 19 23 22 25 25 23 21 23 23 26 23 21 27 21 21 25 24 26 28 25 25 29 24 29 31 28 26 26 30 29 30 30 27 32 29 27 29 32 31 31 29 31 29 33 28 37 35 35 34 34 34 36 34 36 33 33 35 37 36 34 33 39 37 36 38 35 38 37 36 40 40 38 40 40 38 39 40 41 41 38 41 41 41 42 44 43 43 38 45 46 43 43 42 43 44 42 45 42 45 45 44 44 48 46 47 49 45 46 49 46 47 47 44 50 52 47 47 49 48 49 49 49 51 47 51 50 51 53 51 49 51 50 51 52 52 56 52 52 53 51 53 55 57 51 53 50 54 54 55 54 55 55 56 56 55 56 54 54 57 54 57 55 57
0: 0 8 11 (40.0)
1: 2 3 4 5 6 10 15 (26.0)
2: 7 9 18 (32.0)
3: 1 12 20 (30.0)
4: 14 16 27 (33.0)
5: 13 17 19 22 23 25 26 29 (29.0)
6: 21 24 39 (32.0)
7: 28 30 43 (33.0)
8: 33 35 36 (32.0)
9: 31 34 37 38 42 51 (30.0)
10: 32 40 44 50 (33.0)
11: 46 47 49 57 (33.0)
12: 41 48 58 (35.0)
13: 52 54 55 (31.0)
14: 56 60 (30.0)
15: 45 53 59 61 62 65 68 73 74 75 (31.0)
16: 63 64 78 (36.0)
17: 70 71 76 (35.0)
18: 66 69 72 86 (46.0)
19: 67 79 87 (31.0)
20: 80 81 82 83 (37.0)
21: 84 85 93 98 100 101 (37.0)
22: 77 89 (31.0)
23: 88 92 94 95 97 (42.0)
24: 103 109 (45.0)
25: 90 91 102 106 107 (32.0)
26: 96 104 113 114 (38.0)
27: 99 119 122 (36.0)
28: 105 112 131 (32.0)
29: 108 110 116 121 123 127 129 (44.0)
30: 115 117 118 (31.0)
31: 111 125 126 128 (31.0)
32: 120 124 (52.0)
33: 130 141 142 147 (34.0)
34: 135 136 137 139 146 (46.0)
35: 133 134 143 152 (48.0)
36: 138 140 145 150 155 (47.0)
37: 132 144 149 154 (49.0)
38: 151 153 158 161 166 174 (37.0)
39: 148 162 (44.0)
40: 156 157 159 160 163 (49.0)
41: 164 165 167 168 169 (49.0)
42: 170 179 182 184 (43.0)
43: 172 173 177 178 180 (47.0)
44: 171 181 187 188 199 (38.0)
45: 175 183 185 186 193 (48.0)
46: 176 190 194 196 (42.0)
47: 191 197 198 202 203 210 (49.0)
48: 189 205 (46.0)
49: 192 195 204 206 207 208 216 (39.0)
50: 200 212 218 232 (50.0)
51: 209 211 213 215 217 219 226 230 (49.0)
52: 201 220 221 223 224 (50.0)
53: 214 225 227 231 (51.0)
54: 233 234 236 243 244 246 (50.0)
55: 228 235 237 238 241 248 (50.0)
56: 222 239 240 242 (50.0)
57: 229 245 247 249 (48.0)
