Name: 250-40-75
Time: 15.703969240188599 
Result: 35
Solution:  1 0 1 0 0 0 0 0 2 4 2 4 2 1 4 3 2 3 4 1 7 7 0 1 3 5 5 6 8 8 5 3 2 7 4 9 7 7 6 6 6 12 4 5 8 9 12 12 13 9 12 9 11 10 10 8 13 10 11 8 11 13 11 12 12 13 12 13 11 16 13 13 12 12 13 10 15 16 15 16 11 13 16 14 18 12 17 14 17 15 15 18 17 18 14 19 17 16 14 20 19 19 18 17 19 17 19 19 20 20 20 16 20 19 23 18 18 21 17 21 21 22 21 20 22 23 23 22 25 24 23 24 22 21 22 25 24 23 23 22 25 24 26 24 24 25 25 23 23 25 27 29 24 25 25 27 29 27 27 28 26 32 28 29 30 31 31 30 30 27 31 28 30 33 30 32 30 32 28 34 28 31 30 30 33 31 35 32 32 32 35 32 33 36 35 31 34 37 34 32 34 34 34 35 35 35 35 33 39 37 35 36 39 36 36 38 37 37 38 41 40 36 39 35 40 39 39 42 39 37 40 40 40 42 41 38 41 39 37 40 39 41 40 38 41 42 40 42 42 41
0: 1 3 4 5 6 7 22 (44.0)
1: 0 2 13 19 23 (40.0)
2: 8 10 12 16 32 (41.0)
3: 15 17 24 31 (40.0)
4: 9 11 14 18 34 42 (46.0)
5: 25 26 30 43 (47.0)
6: 27 38 39 40 (47.0)
7: 20 21 33 36 37 (44.0)
8: 28 29 44 55 59 (43.0)
9: 35 45 49 51 (53.0)
10: 53 54 57 75 (69.0)
11: 52 58 60 62 68 80 (49.0)
12: 41 46 47 50 63 64 66 72 73 85 (52.0)
13: 48 56 61 65 67 70 71 74 81 (44.0)
14: 83 87 94 98 (52.0)
15: 76 78 89 90 (50.0)
16: 69 77 79 82 97 111 (48.0)
17: 86 88 92 96 103 105 118 (48.0)
18: 84 91 93 102 115 116 (52.0)
19: 95 100 101 104 106 107 113 (66.0)
20: 99 108 109 110 112 123 (63.0)
21: 117 119 120 122 133 (51.0)
22: 121 124 127 132 134 139 (64.0)
23: 114 125 126 130 137 138 147 148 (75.0)
24: 129 131 136 141 143 144 152 (71.0)
25: 128 135 140 145 146 149 153 154 (74.0)
26: 142 160 (45.0)
27: 150 155 157 158 169 (54.0)
28: 159 162 171 178 180 (53.0)
29: 151 156 163 (49.0)
30: 164 167 168 172 174 176 182 183 (66.0)
31: 165 166 170 181 185 195 (73.0)
32: 161 175 177 187 188 189 191 199 (70.0)
33: 173 184 192 207 (73.0)
34: 179 196 198 200 201 202 (73.0)
35: 186 190 194 203 204 205 206 210 223 (64.0)
36: 193 211 213 214 221 (75.0)
37: 197 209 216 217 229 238 (75.0)
38: 215 218 235 243 (71.0)
39: 208 212 222 225 226 228 237 240 (68.0)
40: 220 224 230 231 232 239 242 246 (64.0)
41: 219 234 236 241 244 249 (75.0)
42: 227 233 245 247 248 (74.0)
