Name: 250-50-100
Time: 7.912663221359253 
Result: 45
Solution:  1 0 1 0 1 0 0 1 1 3 2 2 4 1 5 2 6 1 1 2 5 5 3 0 3 6 5 5 6 3 6 6 7 6 4 8 8 5 7 4 8 8 8 6 11 7 9 7 10 9 10 10 9 13 11 12 10 12 8 11 9 12 11 14 12 13 10 14 11 10 10 12 16 15 17 14 18 13 14 16 16 14 15 13 16 15 16 17 14 18 17 20 18 19 19 20 20 20 18 20 17 19 22 19 20 21 19 22 20 22 23 24 25 24 24 21 25 22 22 23 24 22 25 25 21 26 25 23 25 25 27 29 27 26 24 27 25 25 29 31 29 25 29 28 26 28 29 30 31 31 30 30 29 27 28 29 29 32 31 31 29 34 32 28 32 32 33 30 32 35 33 35 35 33 31 33 36 34 37 35 35 33 35 35 37 34 36 36 34 36 39 35 37 39 38 39 38 39 42 37 37 34 41 39 42 41 35 42 38 40 37 40 41 37 41 38 39 42 42 38 41 40 44 40 42 44 39 44 46 41 44 43 45 46 46 43 45 43 45 43 41 45 46 44 44 46 45 45 46 46
0: 1 3 5 6 23 (55.0)
1: 0 2 4 7 8 13 17 18 (56.0)
2: 10 11 15 19 (57.0)
3: 9 22 24 29 (58.0)
4: 12 34 39 (59.0)
5: 14 20 21 26 27 37 (66.0)
6: 16 25 28 30 31 33 43 (63.0)
7: 32 38 45 47 (56.0)
8: 35 36 40 41 42 58 (62.0)
9: 46 49 52 60 (62.0)
10: 48 50 51 56 66 69 70 (66.0)
11: 44 54 59 62 68 (66.0)
12: 55 57 61 64 71 (65.0)
13: 53 65 77 83 (56.0)
14: 63 67 75 78 81 88 (71.0)
15: 73 82 85 (69.0)
16: 72 79 80 84 86 (59.0)
17: 74 87 90 100 (60.0)
18: 76 89 92 98 (55.0)
19: 93 94 101 103 106 (81.0)
20: 91 95 96 97 99 104 108 (100.0)
21: 105 115 124 (78.0)
22: 102 107 109 117 118 121 (64.0)
23: 110 119 127 (68.0)
24: 111 113 114 120 134 (77.0)
25: 112 116 122 123 126 128 129 136 137 141 (100.0)
26: 125 133 144 (76.0)
27: 130 132 135 153 (92.0)
28: 143 145 154 163 (62.0)
29: 131 138 140 142 146 152 155 156 160 (89.0)
30: 147 150 151 167 (81.0)
31: 139 148 149 158 159 174 (98.0)
32: 157 162 164 165 168 (88.0)
33: 166 170 173 175 181 (64.0)
34: 161 177 185 188 201 (99.0)
35: 169 171 172 179 180 182 183 191 206 (94.0)
36: 176 186 187 189 (73.0)
37: 178 184 192 199 200 210 213 (97.0)
38: 194 196 208 215 219 (100.0)
39: 190 193 195 197 203 216 226 (87.0)
40: 209 211 221 223 (79.0)
41: 202 205 212 214 220 229 240 (100.0)
42: 198 204 207 217 218 224 (90.0)
43: 231 235 237 239 (99.0)
44: 222 225 227 230 243 244 (89.0)
45: 232 236 238 241 246 247 (78.0)
46: 228 233 234 242 245 248 249 (83.0)
