Name: 250-40-75
Time: 7.966680288314819 
Result: 35
Solution:  0 1 2 1 0 0 2 0 1 1 3 1 2 1 4 3 2 3 2 1 5 7 6 6 2 2 4 5 7 5 3 6 6 7 6 11 7 7 6 4 6 11 7 8 7 8 6 8 13 10 6 9 11 10 9 12 9 8 11 8 9 13 9 8 12 13 12 13 9 16 13 13 13 13 13 10 12 15 12 17 14 16 16 15 17 13 16 14 16 17 17 17 18 15 14 18 18 19 14 14 19 19 18 18 20 18 19 18 20 17 17 19 20 20 17 20 19 18 18 21 22 20 17 17 21 21 23 22 24 21 22 26 23 23 22 20 23 23 25 26 24 25 23 28 22 25 25 23 22 27 27 24 24 28 26 26 29 27 28 30 24 28 25 28 30 29 26 32 29 28 29 31 30 32 32 27 28 30 32 31 32 31 29 30 34 35 34 32 33 30 35 31 33 36 35 32 34 33 32 32 31 33 36 39 35 35 35 33 34 37 35 36 35 36 36 38 41 37 38 40 40 40 41 35 42 41 42 38 41 42 41 39 39 42 41 42 38 39 37 41 41 37 42 39 41 42 40 42 42 40
0: 0 4 5 7 (40.0)
1: 1 3 8 9 11 13 19 (45.0)
2: 2 6 12 16 18 24 25 (53.0)
3: 10 15 17 30 (74.0)
4: 14 26 39 (40.0)
5: 20 27 29 (47.0)
6: 22 23 31 32 34 38 40 46 50 (40.0)
7: 21 28 33 36 37 42 44 (45.0)
8: 43 45 47 57 59 63 (51.0)
9: 51 54 56 60 62 68 (48.0)
10: 49 53 75 (66.0)
11: 35 41 52 58 (43.0)
12: 55 64 66 76 78 (49.0)
13: 48 61 65 67 70 71 72 73 74 85 (42.0)
14: 80 87 94 98 99 (48.0)
15: 77 83 93 (49.0)
16: 69 81 82 86 88 (49.0)
17: 79 84 89 90 91 109 110 114 122 123 (61.0)
18: 92 95 96 102 103 105 107 117 118 (59.0)
19: 97 100 101 106 111 116 (75.0)
20: 104 108 112 113 115 121 135 (75.0)
21: 119 124 125 129 (52.0)
22: 120 127 130 134 144 148 (56.0)
23: 126 132 133 136 137 142 147 (75.0)
24: 128 140 151 152 160 (53.0)
25: 138 141 145 146 162 (51.0)
26: 131 139 154 155 166 (60.0)
27: 149 150 157 175 (62.0)
28: 143 153 158 161 163 169 176 (69.0)
29: 156 165 168 170 182 (44.0)
30: 159 164 172 177 183 189 (58.0)
31: 171 179 181 191 200 (40.0)
32: 167 173 174 178 180 187 195 198 199 (74.0)
33: 188 192 197 201 207 (74.0)
34: 184 186 196 208 (57.0)
35: 185 190 194 204 205 206 210 212 223 (64.0)
36: 193 202 211 213 214 (75.0)
37: 209 217 238 241 (75.0)
38: 215 218 227 236 (73.0)
39: 203 231 232 237 243 (75.0)
40: 219 220 221 246 249 (75.0)
41: 216 222 225 228 230 234 239 240 244 (64.0)
42: 224 226 229 233 235 242 245 247 248 (70.0)
