Name: 250-30-50
Time: 15.87930941581726 
Result: 30
Solution:  0 4 3 0 1 3 0 1 2 2 1 4 5 0 3 6 2 3 3 5 6 3 5 3 4 5 5 7 7 5 10 10 8 7 9 9 8 10 12 6 12 9 10 10 11 12 9 14 12 11 9 12 13 13 15 15 14 15 13 15 13 17 12 11 16 16 18 20 17 17 13 19 18 17 20 15 16 21 18 17 22 17 20 20 21 22 22 19 22 21 24 24 24 21 25 24 26 24 25 23 25 24 25 23 26 28 24 26 30 25 27 27 29 27 27 28 32 26 27 30 29 29 27 27 33 33 32 31 31 31 31 28 36 32 33 32 34 34 32 35 39 34 32 34 35 40 37 37 38 38 37 37 36 38 37 38 40 37 42 39 40 40 44 44 38 42 39 41 42 41 42 44 41 43 40 45 46 43 43 45 41 42 43 43 42 46 41 46 44 49 47 46 47 46 47 45 46 45 48 44 48 45 51 47 50 48 49 49 49 51 50 50 51 53 52 51 51 49 50 51 52 56 51 50 52 53 54 53 55 53 57 51 51 57 54 57 56 53 56 54 55 53 56 56 54 55 56 57 56 53
0: 0 3 6 13 (26.0)
1: 4 7 10 (29.0)
2: 8 9 16 (33.0)
3: 2 5 14 17 18 21 23 (30.0)
4: 1 11 24 (33.0)
5: 12 19 22 25 26 29 (32.0)
6: 15 20 39 (30.0)
7: 27 28 33 (32.0)
8: 32 36 (31.0)
9: 34 35 41 46 50 (38.0)
10: 30 31 37 42 43 (31.0)
11: 44 49 63 (30.0)
12: 38 40 45 48 51 62 (29.0)
13: 52 53 58 60 70 (32.0)
14: 47 56 (35.0)
15: 54 55 57 59 75 (35.0)
16: 64 65 76 (38.0)
17: 61 68 69 73 79 81 (30.0)
18: 66 72 78 (31.0)
19: 71 87 (32.0)
20: 67 74 82 83 (36.0)
21: 77 84 89 93 (46.0)
22: 80 85 86 88 (37.0)
23: 99 103 (41.0)
24: 90 91 92 95 97 101 106 (47.0)
25: 94 98 100 102 109 (42.0)
26: 96 104 107 117 (49.0)
27: 110 111 113 114 118 122 123 (30.0)
28: 105 115 131 (39.0)
29: 112 120 121 (41.0)
30: 108 119 (33.0)
31: 127 128 129 130 (35.0)
32: 116 126 133 135 138 142 (36.0)
33: 124 125 134 (34.0)
34: 136 137 141 143 (39.0)
35: 139 144 (43.0)
36: 132 152 (42.0)
37: 146 147 150 151 154 157 (38.0)
38: 148 149 153 155 164 (47.0)
39: 140 159 166 (42.0)
40: 145 156 160 161 174 (45.0)
41: 167 169 172 180 186 (49.0)
42: 158 165 168 170 181 184 (44.0)
43: 173 177 178 182 183 (42.0)
44: 162 163 171 188 199 (46.0)
45: 175 179 195 197 201 (49.0)
46: 176 185 187 191 193 196 (49.0)
47: 190 192 194 203 (48.0)
48: 198 200 205 (48.0)
49: 189 206 207 208 217 (49.0)
50: 204 210 211 218 223 (50.0)
51: 202 209 212 215 216 219 222 231 232 (44.0)
52: 214 220 224 (56.0)
53: 213 225 227 229 237 241 249 (48.0)
54: 226 234 239 244 (49.0)
55: 228 240 245 (49.0)
56: 221 236 238 242 243 246 248 (49.0)
57: 230 233 235 247 (51.0)
