Name: 250-30-50
Time: 17.258094310760498 
Result: 32
Solution:  0 1 0 0 1 4 1 3 1 2 0 2 7 0 2 6 4 2 2 5 3 4 6 8 6 5 4 5 7 8 8 10 10 8 8 9 5 11 11 9 11 9 12 11 8 11 11 13 12 8 10 11 13 16 15 16 14 11 10 16 15 16 16 14 13 13 16 17 17 17 15 15 18 16 17 16 19 20 19 18 20 19 20 22 21 21 18 19 22 22 21 26 24 21 26 24 25 23 21 23 24 26 25 23 26 28 26 24 28 25 28 27 26 26 29 30 32 31 27 27 32 32 31 29 34 29 27 30 31 33 33 28 30 29 33 35 34 34 35 33 38 31 39 35 36 39 36 35 37 39 39 35 36 39 38 37 40 39 39 41 41 38 42 44 39 42 38 40 42 39 43 42 42 45 38 46 45 43 43 44 43 44 43 47 44 44 44 41 46 48 46 47 50 44 45 45 51 45 46 51 49 46 51 47 46 49 49 50 50 51 47 51 47 49 48 55 49 50 52 51 52 50 54 50 52 53 54 53 53 54 57 54 56 53 53 56 56 56 51 55 54 56 56 56 57 55 54 57 57 55
0: 0 2 3 10 13 (28.0)
1: 1 4 6 8 (23.0)
2: 9 11 14 17 18 (32.0)
3: 7 20 (34.0)
4: 5 16 21 26 (30.0)
5: 19 25 27 36 (35.0)
6: 15 22 24 (31.0)
7: 12 28 (34.0)
8: 23 29 30 33 34 44 49 (30.0)
9: 35 39 41 (35.0)
10: 31 32 50 58 (30.0)
11: 37 38 40 43 45 46 51 57 (28.0)
12: 42 48 (31.0)
13: 47 52 64 65 (49.0)
14: 56 63 (31.0)
15: 54 60 70 71 (39.0)
16: 53 55 59 61 62 66 73 75 (32.0)
17: 67 68 69 74 (33.0)
18: 72 79 86 (40.0)
19: 76 78 81 87 (36.0)
20: 77 80 82 (40.0)
21: 84 85 90 93 98 (34.0)
22: 83 88 89 (34.0)
23: 97 99 103 (43.0)
24: 92 95 100 107 (43.0)
25: 96 102 109 (36.0)
26: 91 94 101 104 106 112 113 (45.0)
27: 111 118 119 126 (32.0)
28: 105 108 110 131 (37.0)
29: 114 123 125 133 (33.0)
30: 115 127 132 (42.0)
31: 117 122 128 141 (40.0)
32: 116 120 121 (38.0)
33: 129 130 134 139 (40.0)
34: 124 136 137 (43.0)
35: 135 138 143 147 151 (41.0)
36: 144 146 152 (50.0)
37: 148 155 (40.0)
38: 140 154 161 166 174 (42.0)
39: 142 145 149 150 153 157 158 164 169 (30.0)
40: 156 167 (32.0)
41: 159 160 187 (42.0)
42: 162 165 168 171 172 (48.0)
43: 170 177 178 180 182 (55.0)
44: 163 179 181 184 185 186 193 (38.0)
45: 173 176 194 195 197 (49.0)
46: 175 188 190 198 201 204 (50.0)
47: 183 191 203 210 212 (42.0)
48: 189 214 (49.0)
49: 200 205 206 213 216 (51.0)
50: 192 207 208 217 221 223 (50.0)
51: 196 199 202 209 211 219 238 (50.0)
52: 218 220 224 (50.0)
53: 225 227 228 233 234 (52.0)
54: 222 226 229 231 240 246 (50.0)
55: 215 239 245 249 (50.0)
56: 232 235 236 237 241 242 243 (49.0)
57: 230 244 247 248 (48.0)
