Name: 250-30-50
Time: 8.274114847183228 
Result: 14030
Solution:  0 1 0 0 0 1 0 2 3 2 1 3 2 1 5 7 4 5 6 6 3 1 5 8 8 6 6 4 7 6 8 8 9 8 8 9 5 11 6 6 11 11 12 9 10 11 11 10 12 11 13 11 14 13 13 16 14 10 14 16 13 16 15 15 15 17 19 20 16 17 17 17 18 19 19 16 17 20 17 19 23 19 18 20 21 22 21 19 21 22 25 23 23 21 25 24 25 22 25 24 22 24 26 24 26 27 25 27 29 28 26 30 30 28 26 29 30 26 30 28 31 30 29 27 32 27 27 31 31 30 34 30 36 34 32 32 32 34 35 37 35 33 37 34 33 36 34 35 39 39 37 36 38 40 38 38 40 37 42 39 40 37 41 43 38 44 39 40 41 40 43 43 40 43 44 42 45 43 43 45 42 43 45 43 41 44 43 44 45 46 49 49 47 44 45 50 48 46 48 46 49 44 48 47 49 50 49 48 48 51 48 51 51 52 47 55 51 51 50 51 52 56 53 51 53 52 52 53 54 54 53 55 51 56 54 56 54 55 57 57 52 53 56 55 57 55 55 57 55 54
0: 0 2 3 4 6 (30.0)
1: 1 5 10 13 21 (20.0)
2: 7 9 12 (39.0)
3: 8 11 20 (35.0)
4: 16 27 (26.0)
5: 14 17 22 36 (34.0)
6: 18 19 25 26 29 38 39 (30.0)
7: 15 28 (31.0)
8: 23 24 30 31 33 34 (32.0)
9: 32 35 43 (33.0)
10: 44 47 57 (36.0)
11: 37 40 41 45 46 49 51 (30.0)
12: 42 48 (31.0)
13: 50 53 54 60 (30.0)
14: 52 56 58 (31.0)
15: 62 63 64 (36.0)
16: 55 59 61 68 75 (34.0)
17: 65 69 70 71 76 78 (45.0)
18: 72 82 (40.0)
19: 66 73 74 79 81 87 (30.0)
20: 67 77 83 (34.0)
21: 84 86 88 93 (32.0)
22: 85 89 97 100 (33.0)
23: 80 91 92 (37.0)
24: 95 99 101 103 (49.0)
25: 90 94 96 98 106 (42.0)
26: 102 104 110 114 117 (35.0)
27: 105 107 123 125 126 (40.0)
28: 109 113 119 (42.0)
29: 108 115 122 (33.0)
30: 111 112 116 118 121 129 131 (45.0)
31: 120 127 128 (47.0)
32: 124 134 135 136 (45.0)
33: 141 144 (35.0)
34: 130 133 137 143 146 (41.0)
35: 138 140 147 (34.0)
36: 132 145 151 (36.0)
37: 139 142 150 157 161 (38.0)
38: 152 154 155 164 (47.0)
39: 148 149 159 166 (48.0)
40: 153 156 160 167 169 172 (50.0)
41: 162 168 184 (38.0)
42: 158 175 180 (48.0)
43: 163 170 171 173 177 178 181 183 186 (50.0)
44: 165 174 185 187 193 201 (49.0)
45: 176 179 182 188 194 (47.0)
46: 189 197 199 (49.0)
47: 192 203 214 (48.0)
48: 196 198 202 207 208 210 (48.0)
49: 190 191 200 204 206 (42.0)
50: 195 205 218 (50.0)
51: 209 211 212 216 217 219 223 232 (48.0)
52: 213 220 225 226 240 (50.0)
53: 222 224 227 230 241 (42.0)
54: 228 229 234 236 249 (50.0)
55: 215 231 237 243 245 246 248 (47.0)
56: 221 233 235 242 (50.0)
57: 238 239 244 247 (47.0)
