Name: 250-50-100
Time: 7.776996374130249 
Result: 47
Solution:  2 0 0 0 0 0 1 1 1 2 2 4 0 4 3 4 1 4 4 3 7 4 1 2 4 2 4 5 4 5 4 5 5 5 8 8 6 7 8 6 6 8 9 7 10 10 9 10 9 9 11 10 7 8 11 12 8 13 8 9 12 12 14 14 9 17 11 15 11 11 13 14 13 15 13 15 14 13 13 17 16 12 15 15 17 14 18 14 17 19 18 17 20 17 16 16 19 19 19 18 18 22 19 18 19 21 20 24 22 22 24 19 22 25 23 19 23 24 23 20 24 23 25 24 21 28 22 25 24 23 26 28 26 27 26 29 24 25 29 30 27 25 27 28 25 31 31 28 32 32 30 30 29 29 27 34 29 31 30 27 29 28 36 28 32 30 34 32 33 33 32 32 33 34 35 33 35 34 38 33 35 33 37 35 36 37 39 35 33 37 38 40 34 37 37 37 38 39 42 39 38 36 40 40 36 39 36 41 38 40 39 41 43 37 42 41 41 43 42 43 42 40 44 41 42 44 39 42 41 42 44 41 44 44 45 45 44 44 46 42 44 44 45 43 46 45 45 44 46 46
0: 1 2 3 4 5 12 (53.0)
1: 6 7 8 16 22 (54.0)
2: 0 9 10 23 25 (58.0)
3: 14 19 (53.0)
4: 11 13 15 17 18 21 24 26 28 30 (59.0)
5: 27 29 31 32 33 (57.0)
6: 36 39 40 (57.0)
7: 20 37 43 52 (62.0)
8: 34 35 38 41 53 56 58 (55.0)
9: 42 46 48 49 59 64 (62.0)
10: 44 45 47 51 (64.0)
11: 50 54 66 68 69 (66.0)
12: 55 60 61 81 (53.0)
13: 57 70 72 74 77 78 (82.0)
14: 62 63 71 76 85 87 (80.0)
15: 67 73 75 82 83 (81.0)
16: 80 94 95 (72.0)
17: 65 79 84 88 91 93 (79.0)
18: 86 90 99 100 103 (61.0)
19: 89 96 97 98 102 104 111 115 (82.0)
20: 92 106 119 (67.0)
21: 105 124 (69.0)
22: 101 108 109 112 126 (69.0)
23: 114 116 118 121 129 (79.0)
24: 107 110 117 120 123 128 136 (78.0)
25: 113 122 127 137 141 144 (82.0)
26: 130 132 134 (73.0)
27: 133 140 142 154 159 (70.0)
28: 125 131 143 147 161 163 (94.0)
29: 135 138 152 153 156 160 (94.0)
30: 139 150 151 158 165 (93.0)
31: 145 146 157 (60.0)
32: 148 149 164 167 170 171 (94.0)
33: 168 169 172 175 179 181 188 (91.0)
34: 155 166 173 177 192 (77.0)
35: 174 176 180 183 187 (59.0)
36: 162 184 201 204 206 (77.0)
37: 182 185 189 193 194 195 213 (98.0)
38: 178 190 196 200 208 (92.0)
39: 186 197 199 205 210 226 (90.0)
40: 191 202 203 209 221 (100.0)
41: 207 211 215 216 223 228 231 (86.0)
42: 198 214 218 220 224 227 229 239 (99.0)
43: 212 217 219 243 (100.0)
44: 222 225 230 232 233 236 237 240 241 247 (90.0)
45: 234 235 242 245 246 (98.0)
46: 238 244 248 249 (78.0)
