Name: 250-50-100
Time: 7.889652967453003 
Result: 46
Solution:  3 0 4 0 0 3 1 1 0 0 2 2 4 3 2 3 2 4 1 1 5 4 6 4 3 2 4 4 4 5 4 6 6 9 5 4 6 6 8 7 6 5 5 8 11 10 10 7 12 11 10 10 8 14 9 8 7 13 11 11 9 12 12 12 15 13 12 15 12 9 10 13 10 14 16 15 18 12 12 17 16 12 16 16 18 15 18 14 15 17 18 19 20 19 17 16 19 17 19 19 18 17 17 18 20 21 20 20 23 21 19 22 23 22 25 23 24 22 23 25 24 22 21 25 24 27 23 22 24 22 27 24 25 25 24 26 26 23 28 24 29 28 29 29 28 30 26 26 32 31 31 30 30 28 32 34 29 28 29 29 32 30 35 30 29 33 32 33 35 34 32 33 36 33 36 30 36 34 34 35 35 35 37 37 36 34 37 35 34 37 40 35 35 37 37 40 38 39 41 40 34 39 41 40 36 38 40 38 39 40 41 41 43 36 41 38 42 37 41 39 41 38 43 40 42 44 44 44 44 42 42 43 45 43 46 42 45 42 46 46 46 45 45 45 44 46 46 45 46 45
0: 1 3 4 8 9 (54.0)
1: 6 7 18 19 (57.0)
2: 10 11 14 16 25 (59.0)
3: 0 5 13 15 24 (55.0)
4: 2 12 17 21 23 26 27 28 30 35 (55.0)
5: 20 29 34 41 42 (69.0)
6: 22 31 32 36 37 40 (64.0)
7: 39 47 56 (63.0)
8: 38 43 52 55 (66.0)
9: 33 54 60 69 (62.0)
10: 45 46 50 51 70 72 (60.0)
11: 44 49 58 59 (54.0)
12: 48 61 62 63 66 68 77 78 81 (89.0)
13: 57 65 71 (56.0)
14: 53 73 87 (62.0)
15: 64 67 75 85 88 (65.0)
16: 74 80 82 83 95 (75.0)
17: 79 89 94 97 101 102 (97.0)
18: 76 84 86 90 100 103 (74.0)
19: 91 93 96 98 99 110 (79.0)
20: 92 104 106 107 (61.0)
21: 105 109 122 (55.0)
22: 111 113 117 121 127 129 (56.0)
23: 108 112 115 118 126 137 (62.0)
24: 116 120 124 128 131 134 139 (90.0)
25: 114 119 123 132 133 (83.0)
26: 135 136 146 147 (60.0)
27: 125 130 (89.0)
28: 138 141 144 153 157 (99.0)
29: 140 142 143 156 158 159 164 (82.0)
30: 145 151 152 161 163 175 (81.0)
31: 149 150 (61.0)
32: 148 154 160 166 170 (74.0)
33: 165 167 171 173 (87.0)
34: 155 169 177 178 185 188 200 (100.0)
35: 162 168 179 180 181 187 191 192 (83.0)
36: 172 174 176 184 204 213 (99.0)
37: 182 183 186 189 193 194 217 (99.0)
38: 196 205 207 215 221 (100.0)
39: 197 201 208 219 (97.0)
40: 190 195 199 203 206 209 223 (100.0)
41: 198 202 210 211 214 218 220 (96.0)
42: 216 224 229 230 235 237 (84.0)
43: 212 222 231 233 (64.0)
44: 225 226 227 228 244 (82.0)
45: 232 236 241 242 243 247 249 (92.0)
46: 234 238 239 240 245 246 248 (96.0)
