Name: 250-30-50
Time: 7.9979963302612305 
Result: 14028
Solution:  1 0 0 0 3 4 0 1 2 2 0 0 7 0 4 2 3 3 2 3 4 6 5 8 4 5 5 5 7 5 10 8 10 8 8 9 6 10 10 6 8 8 12 8 11 15 9 9 12 10 13 10 13 14 15 11 14 14 11 15 13 14 15 17 16 15 17 18 15 17 15 20 18 17 19 17 16 21 17 19 21 19 19 19 21 22 24 20 24 22 23 23 24 23 23 23 25 24 24 25 23 25 24 22 26 26 25 26 29 28 28 28 27 26 27 28 30 26 32 30 29 33 31 27 31 34 27 29 31 33 33 32 36 30 33 34 32 34 34 35 39 33 32 34 35 40 34 32 37 39 39 38 37 38 38 36 40 40 42 40 40 39 41 42 39 43 38 38 42 38 43 42 43 45 44 41 47 43 43 43 42 45 44 41 43 44 46 44 45 45 47 46 50 46 47 50 46 44 46 48 49 46 49 47 48 48 50 50 50 52 46 51 50 53 49 55 52 51 50 51 52 54 56 51 53 52 56 53 54 51 51 57 56 55 52 54 54 55 56 56 53 56 57 52 57 55 56 57 57 53
0: 1 2 3 6 10 11 13 (30.0)
1: 0 7 (39.0)
2: 8 9 15 18 (30.0)
3: 4 16 17 19 (30.0)
4: 5 14 20 24 (36.0)
5: 22 25 26 27 29 (24.0)
6: 21 36 39 (34.0)
7: 12 28 (34.0)
8: 23 31 33 34 40 41 43 (30.0)
9: 35 46 47 (35.0)
10: 30 32 37 38 49 51 (35.0)
11: 44 55 58 (31.0)
12: 42 48 (31.0)
13: 50 52 60 (30.0)
14: 53 56 57 61 (29.0)
15: 45 54 59 62 65 68 70 (25.0)
16: 64 76 (37.0)
17: 63 66 69 73 75 78 (30.0)
18: 67 72 (40.0)
19: 74 79 81 82 83 (31.0)
20: 71 87 (32.0)
21: 77 80 84 (36.0)
22: 85 89 103 (49.0)
23: 90 91 93 94 95 100 (40.0)
24: 86 88 92 97 98 102 (45.0)
25: 96 99 101 106 (39.0)
26: 104 105 107 113 117 (49.0)
27: 112 114 123 126 (32.0)
28: 109 110 111 115 (43.0)
29: 108 120 127 (47.0)
30: 116 119 133 (38.0)
31: 122 124 128 (40.0)
32: 118 131 136 142 147 (38.0)
33: 121 129 130 134 141 (35.0)
34: 125 135 137 138 143 146 (33.0)
35: 139 144 (43.0)
36: 132 155 (36.0)
37: 148 152 (46.0)
38: 151 153 154 166 167 169 (41.0)
39: 140 149 150 161 164 (40.0)
40: 145 156 157 159 160 (50.0)
41: 162 175 183 (48.0)
42: 158 163 168 171 180 (46.0)
43: 165 170 172 177 178 179 184 (44.0)
44: 174 182 185 187 197 (50.0)
45: 173 181 188 189 (41.0)
46: 186 191 193 196 198 201 210 (48.0)
47: 176 190 194 203 (48.0)
48: 199 204 205 (50.0)
49: 200 202 214 (49.0)
50: 192 195 206 207 208 212 218 (50.0)
51: 211 217 219 223 229 230 (52.0)
52: 209 216 220 225 234 243 (50.0)
53: 213 224 227 240 249 (47.0)
54: 221 228 235 236 (49.0)
55: 215 233 237 245 (36.0)
56: 222 226 232 238 239 241 246 (49.0)
57: 231 242 244 247 248 (49.0)
