Name: 250-50-100
Time: 7.960498571395874 
Result: 46
Solution:  0 1 3 0 1 0 0 1 1 5 2 4 1 1 3 2 6 5 1 3 2 5 6 0 3 2 4 4 2 4 6 4 5 5 4 5 6 8 11 8 5 6 7 6 7 7 9 8 12 9 13 10 7 11 11 10 9 11 10 10 11 12 14 12 9 15 12 11 11 9 10 12 12 14 13 15 13 17 13 15 16 12 14 13 12 15 17 16 16 18 17 18 18 19 18 17 20 17 17 20 17 19 17 21 16 21 19 21 22 22 19 24 26 24 25 23 22 25 22 20 24 24 24 26 22 27 23 23 24 23 26 29 25 27 25 26 23 23 27 29 27 30 26 31 29 28 32 27 30 30 31 30 31 31 34 32 31 30 31 28 29 33 35 28 33 29 32 32 33 34 33 35 33 35 33 33 35 34 35 33 35 34 37 37 37 35 40 34 36 37 39 37 39 38 37 38 38 38 35 38 36 38 41 39 42 39 36 36 39 40 37 40 40 39 42 38 41 43 42 41 42 41 43 40 42 44 44 43 46 42 43 43 45 46 46 44 43 40 46 41 46 44 46 43 45 45 45 45 46 45
0: 0 3 5 6 23 (54.0)
1: 1 4 7 8 12 13 18 (56.0)
2: 10 15 20 25 28 (65.0)
3: 2 14 19 24 (67.0)
4: 11 26 27 29 31 34 (62.0)
5: 9 17 21 32 33 35 40 (62.0)
6: 16 22 30 36 41 43 (69.0)
7: 42 44 45 52 (66.0)
8: 37 39 47 (60.0)
9: 46 49 56 64 69 (61.0)
10: 51 55 58 59 70 (63.0)
11: 38 53 54 57 60 67 68 (69.0)
12: 48 61 63 66 71 72 81 84 (54.0)
13: 50 74 76 78 83 (59.0)
14: 62 73 82 (72.0)
15: 65 75 79 85 (68.0)
16: 80 87 88 104 (76.0)
17: 77 86 90 95 97 98 100 102 (98.0)
18: 89 91 92 94 (66.0)
19: 93 101 106 110 (70.0)
20: 96 99 119 (82.0)
21: 103 105 107 (55.0)
22: 108 109 116 118 124 (72.0)
23: 115 126 127 129 136 137 (58.0)
24: 111 113 120 121 122 128 (67.0)
25: 114 117 132 134 (59.0)
26: 112 123 130 135 142 (94.0)
27: 125 133 138 140 147 (87.0)
28: 145 159 163 (57.0)
29: 131 139 144 160 165 (99.0)
30: 141 148 149 151 157 (92.0)
31: 143 150 152 153 156 158 (86.0)
32: 146 155 166 167 (72.0)
33: 161 164 168 170 172 174 175 179 (80.0)
34: 154 169 177 181 187 (56.0)
35: 162 171 173 176 178 180 185 198 (95.0)
36: 188 200 206 207 (68.0)
37: 182 183 184 189 191 194 210 (86.0)
38: 193 195 196 197 199 201 215 (100.0)
39: 190 192 203 205 208 213 (96.0)
40: 186 209 211 212 223 237 (100.0)
41: 202 216 219 221 239 (93.0)
42: 204 214 218 220 224 229 (100.0)
43: 217 222 227 230 231 236 243 (99.0)
44: 225 226 235 241 (100.0)
45: 232 244 245 246 247 249 (99.0)
46: 228 233 234 238 240 242 248 (78.0)
