Name: 250-40-75
Time: 7.530120372772217 
Result: 34
Solution:  1 1 0 0 1 2 2 0 3 0 4 1 2 1 1 3 2 3 3 1 7 6 0 0 2 5 5 6 7 5 7 3 2 6 6 10 3 10 7 4 6 5 8 9 10 9 6 11 7 11 8 9 11 10 9 13 10 8 11 8 10 10 9 11 9 14 12 14 8 13 14 13 14 12 13 12 12 15 15 14 10 16 16 14 15 13 17 15 16 13 17 19 19 15 19 17 16 21 16 20 16 20 18 19 21 15 18 19 19 21 20 18 20 20 17 18 24 22 19 21 22 24 17 17 21 22 22 22 22 24 23 26 22 21 23 24 22 23 24 26 27 24 25 28 25 25 24 26 26 26 27 27 24 27 23 27 27 25 27 23 28 31 27 29 26 31 29 28 29 30 33 30 29 33 33 28 28 30 31 32 29 31 30 31 32 30 36 32 30 31 34 34 32 34 34 32 33 33 33 31 32 34 37 34 35 35 35 34 38 36 34 36 37 35 37 38 38 37 38 37 41 38 39 39 41 36 39 39 39 41 40 40 40 40 42 42 38 38 40 40 40 41 38 41 42 42 41 42 42 40
0: 2 3 7 9 22 23 (42.0)
1: 0 1 4 11 13 14 19 (46.0)
2: 5 6 12 16 24 32 (46.0)
3: 8 15 17 18 31 36 (43.0)
4: 10 39 (47.0)
5: 25 26 29 41 (41.0)
6: 21 27 33 34 40 46 (43.0)
7: 20 28 30 38 48 (55.0)
8: 42 50 57 59 68 (43.0)
9: 43 45 51 54 62 64 (44.0)
10: 35 37 44 53 56 60 61 80 (57.0)
11: 47 49 52 58 63 (59.0)
12: 66 73 75 76 (70.0)
13: 55 69 71 74 85 89 (44.0)
14: 65 67 70 72 79 83 (45.0)
15: 77 78 84 87 93 105 (53.0)
16: 81 82 88 96 98 100 (52.0)
17: 86 90 95 114 122 123 (52.0)
18: 102 106 111 115 (51.0)
19: 91 92 94 103 107 108 118 (52.0)
20: 99 101 110 112 113 (70.0)
21: 97 104 109 119 124 133 (53.0)
22: 117 120 125 126 127 128 132 136 (72.0)
23: 130 134 137 154 159 (64.0)
24: 116 121 129 135 138 141 146 152 (60.0)
25: 142 144 145 157 (66.0)
26: 131 139 147 148 149 164 (53.0)
27: 140 150 151 153 155 156 158 162 (53.0)
28: 143 160 167 175 176 (62.0)
29: 163 166 168 172 180 (62.0)
30: 169 171 177 182 185 188 (71.0)
31: 161 165 178 181 183 189 199 (75.0)
32: 179 184 187 192 195 200 (66.0)
33: 170 173 174 196 197 198 (74.0)
34: 190 191 193 194 201 203 207 210 (65.0)
35: 204 205 206 213 (58.0)
36: 186 209 211 225 (56.0)
37: 202 212 214 217 219 (63.0)
38: 208 215 216 218 221 236 237 242 (69.0)
39: 222 223 226 227 228 (75.0)
40: 230 231 232 233 238 239 240 249 (75.0)
41: 220 224 229 241 243 246 (74.0)
42: 234 235 244 245 247 248 (74.0)
