Name: 250-20-30
Time: 10.215482234954834 
Result: 11017
Solution:  0 2 0 0 3 1 1 2 2 2 2 1 3 3 5 4 4 4 3 4 5 7 6 3 7 6 3 6 5 6 6 8 11 10 6 9 9 9 6 8 9 9 10 12 7 7 14 12 13 12 13 12 11 13 13 10 11 15 15 13 16 13 16 15 14 15 16 15 17 15 20 17 21 18 18 18 19 19 19 20 19 21 18 23 21 18 23 19 21 23 22 20 22 22 21 24 24 24 24 27 26 24 26 25 27 24 26 24 25 28 27 28 30 26 29 29 31 27 30 29 32 28 28 28 30 31 30 32 30 28 32 29 33 33 33 32 32 37 31 35 33 35 35 36 36 37 39 34 34 37 35 37 40 34 38 37 38 39 39 38 41 37 44 40 40 40 39 43 42 39 44 44 45 44 39 42 45 44 41 41 43 42 47 45 45 48 46 47 47 44 47 46 48 47 48 48 52 46 52 49 49 49 50 49 49 50 51 48 49 51 50 51 48 53 53 50 55 51 51 55 57 54 53 54 55 54 53 58 52 56 56 57 54 56 57 59 56 55 54 57 54 57 59 56 57 58 58 57 58 59
0: 0 2 3 (15.0)
1: 5 6 11 (21.0)
2: 1 7 8 9 10 (20.0)
3: 4 12 13 18 23 26 (19.0)
4: 15 16 17 19 (24.0)
5: 14 20 28 (22.0)
6: 22 25 27 29 30 34 38 (21.0)
7: 21 24 44 45 (22.0)
8: 31 39 (23.0)
9: 35 36 37 40 41 (25.0)
10: 33 42 55 (21.0)
11: 32 52 56 (27.0)
12: 43 47 49 51 (23.0)
13: 48 50 53 54 59 61 (20.0)
14: 46 64 (22.0)
15: 57 58 63 65 67 69 (23.0)
16: 60 62 66 (21.0)
17: 68 71 (20.0)
18: 73 74 75 82 85 (21.0)
19: 76 77 78 80 87 (25.0)
20: 70 79 91 (30.0)
21: 72 81 84 88 94 (24.0)
22: 90 92 93 (23.0)
23: 83 86 89 (21.0)
24: 95 96 97 98 101 105 107 (21.0)
25: 103 108 (31.0)
26: 100 102 106 113 (25.0)
27: 99 104 110 117 (26.0)
28: 109 111 121 122 123 129 (27.0)
29: 114 115 119 131 (30.0)
30: 112 118 124 126 128 (30.0)
31: 116 125 138 (28.0)
32: 120 127 130 135 136 (29.0)
33: 132 133 134 140 (30.0)
34: 147 148 153 (30.0)
35: 139 141 142 150 (29.0)
36: 143 144 (22.0)
37: 137 145 149 151 155 161 (27.0)
38: 154 156 159 (21.0)
39: 146 157 158 166 169 174 (21.0)
40: 152 163 164 165 (27.0)
41: 160 178 179 (30.0)
42: 168 175 181 (29.0)
43: 167 180 (32.0)
44: 162 170 171 173 177 189 (28.0)
45: 172 176 183 184 (28.0)
46: 186 191 197 (30.0)
47: 182 187 188 190 193 (30.0)
48: 185 192 194 195 207 212 (26.0)
49: 199 200 201 203 204 208 (27.0)
50: 202 205 210 215 (31.0)
51: 206 209 211 217 218 (31.0)
52: 196 198 228 (28.0)
53: 213 214 222 226 (30.0)
54: 221 223 225 232 238 240 (29.0)
55: 216 219 224 237 (26.0)
56: 229 230 233 236 243 (25.0)
57: 220 231 234 239 241 244 247 (29.0)
58: 227 245 246 248 (30.0)
59: 235 242 249 (29.0)
