Name: 250-50-100
Time: 7.975047826766968 
Result: 48
Solution:  0 1 3 0 1 3 1 1 0 0 2 0 3 1 2 4 5 1 0 2 4 2 4 5 3 3 3 5 1 5 6 6 5 8 6 8 8 7 7 7 5 8 10 8 11 8 8 6 9 11 13 10 7 14 10 9 10 13 10 10 11 12 12 15 9 16 13 15 12 9 13 13 12 15 14 14 15 12 12 15 16 12 14 16 18 16 18 14 17 17 18 16 19 16 17 20 19 18 17 17 17 18 16 22 20 21 18 20 24 24 19 24 25 22 23 20 24 24 22 21 24 24 22 25 23 26 26 25 25 22 27 28 29 26 25 25 24 24 29 26 28 27 27 29 26 27 26 28 30 30 30 30 28 28 28 32 31 31 31 29 32 28 35 29 36 32 33 31 34 33 32 35 36 35 33 33 34 34 34 33 35 35 36 35 36 34 36 35 36 40 38 35 41 37 37 40 38 35 35 40 37 39 39 40 37 38 36 38 38 40 42 41 39 37 42 38 42 37 42 39 41 41 44 41 42 43 42 44 45 40 44 43 45 46 46 43 44 42 46 43 45 44 44 44 44 45 45 45 45 46
0: 0 3 8 9 11 18 (58.0)
1: 1 4 6 7 13 17 28 (51.0)
2: 10 14 19 21 (68.0)
3: 2 5 12 24 25 26 (51.0)
4: 15 20 22 (54.0)
5: 16 23 27 29 32 40 (59.0)
6: 30 31 34 47 (59.0)
7: 37 38 39 52 (58.0)
8: 33 35 36 41 43 45 46 (79.0)
9: 48 55 64 69 (58.0)
10: 42 51 54 56 58 59 (55.0)
11: 44 49 60 (51.0)
12: 61 62 68 72 77 78 81 (75.0)
13: 50 57 66 70 71 (61.0)
14: 53 74 75 82 87 (78.0)
15: 63 67 73 76 79 (75.0)
16: 65 80 83 85 91 93 102 (77.0)
17: 88 89 94 98 99 100 (99.0)
18: 84 86 90 97 101 106 (91.0)
19: 92 96 110 (61.0)
20: 95 104 107 115 (66.0)
21: 105 119 (78.0)
22: 103 113 118 122 129 (55.0)
23: 114 124 (62.0)
24: 108 109 111 116 117 120 121 136 137 (81.0)
25: 112 123 127 128 134 135 (80.0)
26: 125 126 133 139 144 146 (97.0)
27: 130 141 142 145 (87.0)
28: 131 140 147 152 153 154 161 (91.0)
29: 132 138 143 159 163 (67.0)
30: 148 149 150 151 (78.0)
31: 156 157 158 167 (74.0)
32: 155 160 165 170 (73.0)
33: 166 169 174 175 179 (71.0)
34: 168 176 177 178 185 (83.0)
35: 162 171 173 180 181 183 187 191 197 198 (87.0)
36: 164 172 182 184 186 188 206 (94.0)
37: 193 194 200 204 213 217 (80.0)
38: 190 196 205 207 208 215 (99.0)
39: 201 202 212 219 (99.0)
40: 189 195 199 203 209 229 (98.0)
41: 192 211 220 221 223 (93.0)
42: 210 214 216 218 224 226 237 (99.0)
43: 225 231 235 239 (99.0)
44: 222 227 230 236 241 242 243 244 (94.0)
45: 228 232 240 245 246 247 248 (81.0)
46: 233 234 238 249 (63.0)
