Name: 250-40-75
Time: 16.95056438446045 
Result: 34
Solution:  1 0 4 0 0 1 1 0 0 0 2 2 2 2 1 3 3 3 4 1 8 5 7 0 2 3 4 5 7 5 7 5 3 5 4 8 5 9 5 6 6 6 4 9 7 8 11 11 9 10 9 9 10 10 9 10 14 10 11 14 11 11 9 14 11 13 12 11 13 16 13 13 10 13 14 12 12 14 14 14 10 15 17 16 18 13 15 14 16 14 14 18 17 18 20 18 15 20 15 13 17 17 18 19 18 18 18 16 19 19 17 17 20 19 19 18 20 21 20 21 23 20 20 19 22 23 22 22 22 21 21 24 22 21 22 21 24 24 26 27 25 23 25 24 24 25 23 27 26 26 27 26 23 25 25 26 26 30 31 26 28 32 27 28 24 29 29 32 30 27 30 30 29 30 32 33 30 29 33 34 32 31 31 30 33 32 35 32 29 32 33 31 32 35 36 35 34 34 36 31 33 34 38 37 35 35 34 31 39 37 34 37 38 36 36 37 39 37 38 39 39 36 40 35 40 35 39 41 39 37 38 40 42 40 42 38 41 42 37 41 42 41 38 40 40 42 41 42 42 40
0: 1 3 4 7 8 9 23 (43.0)
1: 0 5 6 14 19 (45.0)
2: 10 11 12 13 24 (46.0)
3: 15 16 17 25 32 (47.0)
4: 2 18 26 34 42 (43.0)
5: 21 27 29 31 33 36 38 (45.0)
6: 39 40 41 (41.0)
7: 22 28 30 44 (44.0)
8: 20 35 45 (41.0)
9: 37 43 48 50 51 54 62 (45.0)
10: 49 52 53 55 57 72 80 (62.0)
11: 46 47 58 60 61 64 67 (41.0)
12: 66 75 76 (69.0)
13: 65 68 70 71 73 85 99 (49.0)
14: 56 59 63 74 77 78 79 87 89 90 (66.0)
15: 81 86 96 98 (46.0)
16: 69 83 88 107 (56.0)
17: 82 92 100 101 110 111 (75.0)
18: 84 91 93 95 102 104 105 106 115 (68.0)
19: 103 108 109 113 114 123 (50.0)
20: 94 97 112 116 118 121 122 (46.0)
21: 117 119 129 130 133 135 (52.0)
22: 124 126 127 128 132 134 (65.0)
23: 120 125 141 146 152 (45.0)
24: 131 136 137 143 144 164 (61.0)
25: 140 142 145 153 154 (67.0)
26: 138 148 149 151 155 156 159 (70.0)
27: 139 147 150 162 169 (42.0)
28: 160 163 (46.0)
29: 165 166 172 177 188 (51.0)
30: 157 168 170 171 173 176 183 (74.0)
31: 158 181 182 191 199 207 (73.0)
32: 161 167 174 180 185 187 189 192 (74.0)
33: 175 178 184 190 200 (75.0)
34: 179 196 197 201 206 210 (70.0)
35: 186 193 195 204 205 223 225 (68.0)
36: 194 198 213 214 221 (75.0)
37: 203 209 211 215 217 229 238 (75.0)
38: 202 212 218 230 235 242 (57.0)
39: 208 216 219 220 226 228 (65.0)
40: 222 224 231 233 243 244 249 (72.0)
41: 227 236 239 241 246 (75.0)
42: 232 234 237 240 245 247 248 (75.0)
