Name: 250-60-125
Time: 15.39393162727356 
Result: 73
Solution:  4 1 0 1 0 0 3 1 3 1 2 1 3 3 1 3 3 5 3 0 7 2 2 0 5 5 3 5 5 4 5 7 3 8 3 6 4 7 6 7 6 9 7 8 8 7 9 10 12 9 8 11 9 10 9 12 10 13 13 10 15 12 12 13 11 11 12 15 12 17 15 13 14 13 14 13 13 14 16 14 19 14 16 16 15 17 18 19 18 15 18 18 20 19 18 17 18 23 19 20 21 20 23 21 16 21 25 24 21 21 23 22 23 21 21 25 22 22 20 24 24 22 24 25 22 26 21 25 24 26 26 22 29 28 26 27 27 29 25 28 28 29 28 25 29 30 27 30 30 25 32 32 28 30 31 28 31 33 30 33 27 27 29 31 32 32 31 30 31 33 33 34 34 32 30 33 37 35 31 34 36 33 32 35 35 34 35 34 33 33 34 35 35 35 32 38 36 38 35 37 39 37 36 40 40 38 38 42 37 40 37 40 38 39 42 36 39 40 40 39 39 41 42 41 41 39 38 42 41 43 42 44 42 43 43 42 43 44 44 41 43 43 45 44 45 44 44 43 45 45
0: 2 4 5 19 23 (81.0)
1: 1 3 7 9 11 14 (61.0)
2: 10 21 22 (61.0)
3: 6 8 12 13 15 16 18 26 32 34 (61.0)
4: 0 29 36 (61.0)
5: 17 24 25 27 28 30 (52.0)
6: 35 38 40 (63.0)
7: 20 31 37 39 42 45 (63.0)
8: 33 43 44 50 (87.0)
9: 41 46 49 52 54 (61.0)
10: 47 53 56 59 (61.0)
11: 51 64 65 (76.0)
12: 48 55 61 62 66 68 (63.0)
13: 57 58 63 71 73 75 76 (70.0)
14: 72 74 77 79 81 (70.0)
15: 60 67 70 84 89 (68.0)
16: 78 82 83 104 (79.0)
17: 69 85 95 (75.0)
18: 86 88 90 91 94 96 (81.0)
19: 80 87 93 98 (107.0)
20: 92 99 101 118 (124.0)
21: 100 103 105 108 109 113 114 126 (123.0)
22: 111 116 117 121 124 131 (90.0)
23: 97 102 110 112 (69.0)
24: 107 119 120 122 128 (67.0)
25: 106 115 123 127 138 143 149 (83.0)
26: 125 129 130 134 (95.0)
27: 135 136 146 160 161 (81.0)
28: 133 139 140 142 152 155 (97.0)
29: 132 137 141 144 162 (91.0)
30: 145 147 148 153 158 167 174 (110.0)
31: 154 156 163 166 168 178 (125.0)
32: 150 151 164 165 173 182 194 (123.0)
33: 157 159 169 170 175 181 188 189 (125.0)
34: 171 172 179 185 187 190 (125.0)
35: 177 183 184 186 191 192 193 198 (123.0)
36: 180 196 202 215 (117.0)
37: 176 199 201 208 210 (125.0)
38: 195 197 205 206 212 226 (106.0)
39: 200 213 216 219 220 225 (122.0)
40: 203 204 209 211 217 218 (122.0)
41: 221 223 224 228 239 (113.0)
42: 207 214 222 227 230 232 235 (124.0)
43: 229 233 234 236 240 241 247 (120.0)
44: 231 237 238 243 245 246 (115.0)
45: 242 244 248 249 (108.0)
