Name: 250-20-30
Time: 16.38645839691162 
Result: 14
Solution:  0 1 0 1 3 0 0 0 4 2 2 1 3 3 2 4 3 4 5 5 2 6 5 5 4 5 3 8 5 6 7 7 6 11 11 8 9 7 6 10 9 11 10 11 9 11 12 9 13 14 8 11 13 12 13 17 15 15 14 13 12 11 14 14 16 17 13 15 15 19 21 18 16 18 18 21 19 19 18 17 19 23 18 19 21 23 23 20 23 24 23 21 20 22 23 24 24 24 24 22 26 24 26 25 28 24 27 28 25 26 26 30 30 26 27 29 29 28 30 26 32 27 30 26 31 33 30 29 33 32 33 28 34 33 36 32 33 35 35 31 36 36 34 36 38 33 36 34 37 37 36 37 40 35 34 39 38 37 38 39 39 40 39 40 43 40 39 41 42 42 40 42 45 45 42 44 46 45 41 41 43 44 45 44 45 46 46 47 44 44 46 48 48 46 46 50 47 47 49 52 51 49 50 49 52 50 50 51 49 49 54 51 52 52 51 54 54 51 54 52 56 56 53 54 53 59 53 55 55 57 57 55 55 55 59 58 56 57 55 57 56 57 58 56 58 59 56 59 59 56
0: 0 2 5 6 7 (25.0)
1: 1 3 11 (23.0)
2: 9 10 14 20 (25.0)
3: 4 12 13 16 26 (21.0)
4: 8 15 17 24 (21.0)
5: 18 19 22 23 25 28 (20.0)
6: 21 29 32 38 (22.0)
7: 30 31 37 (20.0)
8: 27 35 50 (22.0)
9: 36 40 44 47 (20.0)
10: 39 42 (20.0)
11: 33 34 41 43 45 51 61 (18.0)
12: 46 53 60 (21.0)
13: 48 52 54 59 66 (20.0)
14: 49 58 62 63 (28.0)
15: 56 57 67 68 (27.0)
16: 64 72 (23.0)
17: 55 65 79 (26.0)
18: 71 73 74 78 82 (25.0)
19: 69 76 77 80 83 (30.0)
20: 87 92 (20.0)
21: 70 75 84 91 (26.0)
22: 93 99 (21.0)
23: 81 85 86 88 90 94 (20.0)
24: 89 95 96 97 98 101 105 (23.0)
25: 103 108 (31.0)
26: 100 102 109 110 113 119 123 (23.0)
27: 106 114 121 (24.0)
28: 104 107 117 131 (27.0)
29: 115 116 127 (29.0)
30: 111 112 118 122 126 (28.0)
31: 124 139 (22.0)
32: 120 129 135 (23.0)
33: 125 128 130 133 136 145 (24.0)
34: 132 142 147 154 (29.0)
35: 137 138 153 (22.0)
36: 134 140 141 143 146 150 (27.0)
37: 148 149 151 157 (32.0)
38: 144 156 158 (30.0)
39: 155 159 160 162 166 (27.0)
40: 152 161 163 165 170 (29.0)
41: 167 178 179 (30.0)
42: 168 169 171 174 (25.0)
43: 164 180 (27.0)
44: 175 181 183 188 189 (28.0)
45: 172 173 177 182 184 (30.0)
46: 176 185 186 190 193 194 (26.0)
47: 187 196 197 (30.0)
48: 191 192 (32.0)
49: 198 201 203 208 209 (29.0)
50: 195 202 205 206 (31.0)
51: 200 207 211 214 217 (26.0)
52: 199 204 212 213 219 (23.0)
53: 222 224 226 (30.0)
54: 210 215 216 218 223 (30.0)
55: 227 228 231 232 233 238 (30.0)
56: 220 221 236 240 243 246 249 (27.0)
57: 229 230 237 239 241 (29.0)
58: 235 242 244 (28.0)
59: 225 234 245 247 248 (30.0)
