Name: 500-60-125
Time: 15.089150667190552 
Result: 6068
Solution:  1 0 2 0 0 1 4 3 0 1 4 3 0 0 2 1 6 3 1 3 5 3 6 6 3 5 5 3 3 2 8 3 7 6 4 7 7 4 9 7 7 8 8 8 10 8 9 8 5 13 10 12 8 10 9 13 13 8 12 9 11 11 8 11 11 12 12 10 15 16 14 12 14 12 16 15 16 11 19 13 14 14 15 17 14 14 16 18 17 17 18 16 16 18 20 17 20 22 20 19 18 20 22 20 20 19 25 19 21 23 23 19 21 26 20 26 21 23 23 19 25 23 23 27 24 24 25 25 26 25 26 26 29 22 25 25 27 27 27 28 28 30 30 30 29 29 29 27 27 27 30 30 30 32 31 32 28 30 33 31 32 33 33 33 31 31 33 36 30 33 35 33 36 33 36 34 35 36 36 34 40 36 36 34 34 40 37 37 36 35 41 40 40 38 35 38 38 43 41 37 39 42 39 42 36 41 41 43 41 39 40 43 39 45 43 46 43 41 42 42 47 45 43 43 44 47 45 45 44 45 44 42 47 48 44 48 47 49 46 45 47 48 48 52 52 50 47 48 52 52 51 49 51 47 49 50 50 51 49 51 52 51 50 55 54 57 50 55 54 53 53 53 53 55 54 52 55 58 57 55 56 58 55 58 58 55 56 57 57 56 61 60 57 59 58 57 59 58 58 59 59 62 61 60 59 59 62 60 62 64 62 62 58 65 59 63 62 62 61 63 60 63 63 62 63 62 65 63 64 66 64 66 66 65 66 67 67 68 67 70 71 68 66 66 68 70 67 70 69 69 69 68 68 67 67 69 72 68 68 70 72 73 70 72 73 72 72 72 75 73 71 73 73 72 71 76 75 75 74 74 74 77 74 76 75 71 77 77 76 76 75 77 77 73 77 77 77 78 80 80 75 80 77 76 80 78 79 83 77 79 82 80 78 82 80 78 81 79 83 81 79 79 82 81 78 82 83 82 81 83 80 83 83 80 86 88 81 84 87 85 85 83 85 84 85 86 84 86 90 82 84 84 85 90 87 87 89 83 89 92 87 89 86 88 89 91 88 89 87 88 87 92 91 89 89 89 92 91 92 89 90 90 94 92 91 92 90 93 93 92 94 94 93 93 94 94 91 94 94 93
0: 1 3 4 8 12 13 (61.0)
1: 0 5 9 15 18 (62.0)
2: 2 14 29 (61.0)
3: 7 11 17 19 21 24 27 28 31 (61.0)
4: 6 10 34 37 (68.0)
5: 20 25 26 48 (71.0)
6: 16 22 23 33 (61.0)
7: 32 35 36 39 40 (84.0)
8: 30 41 42 43 45 47 52 57 62 (72.0)
9: 38 46 54 59 (76.0)
10: 44 50 53 67 (98.0)
11: 60 61 63 64 77 (79.0)
12: 51 58 65 66 71 73 (78.0)
13: 49 55 56 79 (80.0)
14: 70 72 80 81 84 85 (78.0)
15: 68 75 82 (67.0)
16: 69 74 76 86 91 92 (80.0)
17: 83 88 89 95 (68.0)
18: 87 90 93 100 (70.0)
19: 78 99 105 107 111 119 (84.0)
20: 94 96 98 101 103 104 114 (70.0)
21: 108 112 116 (71.0)
22: 97 102 133 (66.0)
23: 109 110 117 118 121 122 (87.0)
24: 124 125 (64.0)
25: 106 120 126 127 129 134 135 (96.0)
26: 113 115 128 130 131 (93.0)
27: 123 136 137 138 147 148 149 (83.0)
28: 139 140 156 (73.0)
29: 132 144 145 146 (73.0)
30: 141 142 143 150 151 152 157 168 (124.0)
31: 154 159 164 165 (72.0)
32: 153 155 160 (86.0)
33: 158 161 162 163 166 169 171 173 (93.0)
34: 175 179 183 184 (80.0)
35: 170 176 189 194 (86.0)
36: 167 172 174 177 178 181 182 188 204 (124.0)
37: 186 187 199 (66.0)
38: 193 195 196 (96.0)
39: 200 202 209 212 (108.0)
40: 180 185 191 192 210 (72.0)
41: 190 198 205 206 208 217 (74.0)
42: 201 203 218 219 231 (83.0)
43: 197 207 211 214 216 222 223 (102.0)
44: 224 228 230 234 (100.0)
45: 213 221 226 227 229 239 (120.0)
46: 215 238 (62.0)
47: 220 225 232 236 240 246 253 (107.0)
48: 233 235 241 242 247 (82.0)
49: 237 251 254 258 (90.0)
50: 245 255 256 262 266 (109.0)
51: 250 252 257 259 261 (84.0)
52: 243 244 248 249 260 275 (124.0)
53: 269 270 271 272 (118.0)
54: 264 268 274 (89.0)
55: 263 267 273 276 279 282 285 (106.0)
56: 280 286 289 (123.0)
57: 265 278 287 288 292 295 (122.0)
58: 277 281 283 284 294 297 298 312 (113.0)
59: 293 296 299 300 304 305 314 (119.0)
60: 291 303 307 320 (124.0)
61: 290 302 318 (125.0)
62: 301 306 308 310 311 316 317 323 325 (115.0)
63: 315 319 321 322 324 327 (93.0)
64: 309 328 330 (125.0)
65: 313 326 333 (74.0)
66: 329 331 332 334 342 343 (124.0)
67: 335 336 338 346 353 354 (111.0)
68: 337 341 344 351 352 357 358 (110.0)
69: 348 349 350 355 (117.0)
70: 339 345 347 359 362 (125.0)
71: 340 370 374 385 (75.0)
72: 356 360 363 365 366 367 373 (98.0)
73: 361 364 369 371 372 393 (123.0)
74: 378 379 380 382 (113.0)
75: 368 376 377 384 390 400 (125.0)
76: 375 383 388 389 403 (125.0)
77: 381 386 387 391 392 394 395 396 402 408 (123.0)
78: 397 405 412 415 424 (96.0)
79: 406 409 417 420 421 (124.0)
80: 398 399 401 404 411 414 430 433 (125.0)
81: 416 419 423 428 436 (125.0)
82: 410 413 422 425 427 449 (125.0)
83: 407 418 426 429 431 432 441 457 (126.0)
84: 437 443 446 450 451 (129.0)
85: 439 440 442 444 452 (126.0)
86: 434 445 447 462 (125.0)
87: 438 454 455 460 468 470 (125.0)
88: 435 463 466 469 (125.0)
89: 456 458 461 464 467 473 474 475 479 (123.0)
90: 448 453 480 481 486 (93.0)
91: 465 472 477 484 496 (97.0)
92: 459 471 476 478 483 485 489 (114.0)
93: 487 488 492 493 499 (121.0)
94: 482 490 491 494 495 497 498 (108.0)
