Name: 500-30-50
Time: 31.276215076446533 
Result: 36
Solution:  0 0 2 0 1 1 2 0 2 2 4 6 2 0 4 3 1 4 5 6 3 4 5 6 2 7 6 6 7 8 10 8 12 8 10 9 9 10 8 5 10 14 11 13 10 11 9 11 10 10 12 9 17 11 16 10 16 17 16 14 14 14 15 15 13 16 16 18 18 19 15 14 20 20 16 18 19 20 17 19 18 20 20 22 23 21 25 21 21 24 23 19 24 25 24 20 26 24 25 25 23 29 23 25 22 25 26 25 28 27 29 28 27 28 28 32 26 29 32 29 31 29 30 30 32 33 30 30 32 29 29 28 31 33 33 35 34 32 36 33 35 35 31 36 36 37 33 39 37 40 37 34 36 38 40 37 38 43 39 36 40 40 40 38 41 40 39 41 42 42 42 42 43 43 43 41 46 45 45 45 44 44 45 43 44 44 45 47 46 47 45 45 47 48 48 52 48 50 49 45 47 48 48 48 50 49 50 51 52 55 51 51 56 52 50 53 50 52 56 52 54 55 56 55 56 57 60 53 58 56 57 56 55 58 61 58 60 59 63 59 61 62 57 58 58 63 62 57 59 63 63 60 63 63 61 65 64 66 65 63 61 64 68 62 63 65 66 67 67 68 67 64 68 67 71 69 66 66 71 70 69 69 68 71 68 72 68 73 70 71 71 72 72 76 75 74 74 72 75 73 76 75 75 71 77 74 75 76 77 77 77 76 78 79 79 79 83 75 82 78 82 80 79 79 81 82 85 81 81 81 84 80 82 87 82 83 80 85 87 85 83 85 86 84 86 87 87 84 87 87 85 86 88 87 87 89 89 91 90 91 90 90 88 90 88 92 91 90 91 92 92 92 93 92 92 91 96 96 94 93 95 95 94 96 94 95 93 96 97 96 95 97 97 97 97 98 98 95 100 99 100 99 101 97 102 105 102 103 103 99 100 101 101 102 104 102 103 105 103 103 101 102 102 104 104 104 107 105 101 104 106 106 105 108 105 108 107 108 104 105 108 110 106 106 107 109 106 109 110 109 109 110 110 108 111 108 110 110 114 109 113 112 110 112 113 112 113 113 113 115 118 111 112 116 114 117 118 117 112 112 116 116 114 115 113 116 115 119 119 118 119 119 119 118 116 117 117 118 119 117
0: 0 1 3 7 13 (33.0)
1: 4 5 16 (37.0)
2: 2 6 8 9 12 24 (23.0)
3: 15 20 (37.0)
4: 10 14 17 21 (33.0)
5: 18 22 39 (28.0)
6: 11 19 23 26 27 (27.0)
7: 25 28 (30.0)
8: 29 31 33 38 (18.0)
9: 35 36 46 51 (31.0)
10: 30 34 37 40 44 48 49 55 (28.0)
11: 42 45 47 53 (27.0)
12: 32 50 (30.0)
13: 43 64 (30.0)
14: 41 59 60 61 71 (37.0)
15: 62 63 70 (31.0)
16: 54 56 58 65 66 74 (36.0)
17: 52 57 78 (50.0)
18: 67 68 75 80 (42.0)
19: 69 76 79 91 (32.0)
20: 72 73 77 81 82 95 (31.0)
21: 85 87 88 (31.0)
22: 83 104 (30.0)
23: 84 90 100 102 (39.0)
24: 89 92 94 97 (38.0)
25: 86 93 98 99 103 105 107 (42.0)
26: 96 106 116 (34.0)
27: 109 112 (39.0)
28: 108 111 113 114 131 (38.0)
29: 101 110 117 119 121 129 130 (34.0)
30: 122 123 126 127 (31.0)
31: 120 132 142 (31.0)
32: 115 118 124 128 137 (39.0)
33: 125 133 134 139 146 (31.0)
34: 136 151 (31.0)
35: 135 140 141 (38.0)
36: 138 143 144 152 159 (39.0)
37: 145 148 150 155 (49.0)
38: 153 156 163 (34.0)
39: 147 158 166 (30.0)
40: 149 154 160 161 162 165 (42.0)
41: 164 167 175 (37.0)
42: 168 169 170 171 (37.0)
43: 157 172 173 174 183 (42.0)
44: 180 181 184 185 (47.0)
45: 177 178 179 182 186 190 191 199 (37.0)
46: 176 188 (51.0)
47: 187 189 192 200 (40.0)
48: 193 194 196 201 202 203 (40.0)
49: 198 205 (30.0)
50: 197 204 206 214 216 (43.0)
51: 207 210 211 (46.0)
52: 195 208 213 217 219 (40.0)
53: 215 227 (34.0)
54: 220 (33.0)
55: 209 221 223 232 (42.0)
56: 212 218 222 224 229 231 (41.0)
57: 225 230 242 247 (35.0)
58: 228 233 235 243 244 (38.0)
59: 237 239 248 (44.0)
60: 226 236 251 (36.0)
61: 234 240 254 260 (43.0)
62: 241 246 263 (43.0)
63: 238 245 249 250 252 253 259 264 (26.0)
64: 256 261 271 (38.0)
65: 255 258 265 (39.0)
66: 257 266 276 277 (30.0)
67: 267 268 270 273 (54.0)
68: 262 269 272 282 284 286 (47.0)
69: 275 280 281 (40.0)
70: 279 288 (37.0)
71: 274 278 283 289 290 303 (36.0)
72: 285 291 292 297 (50.0)
73: 287 299 (52.0)
74: 295 296 305 (37.0)
75: 294 298 301 302 306 317 (38.0)
76: 293 300 307 311 (50.0)
77: 304 308 309 310 (50.0)
78: 312 319 (38.0)
79: 313 314 315 322 323 (37.0)
80: 321 331 336 (51.0)
81: 324 327 328 329 (50.0)
82: 318 320 325 332 334 (49.0)
83: 316 335 340 (38.0)
84: 330 343 347 (49.0)
85: 326 337 339 341 350 (35.0)
86: 342 344 351 (45.0)
87: 333 338 345 346 348 349 353 354 (49.0)
88: 352 362 364 (48.0)
89: 355 356 (51.0)
90: 358 360 361 363 367 (49.0)
91: 357 359 366 368 375 (47.0)
92: 365 369 370 371 373 374 (46.0)
93: 372 379 386 (49.0)
94: 378 382 384 (49.0)
95: 380 381 385 390 397 (46.0)
96: 376 377 383 387 389 (43.0)
97: 388 391 392 393 394 403 (50.0)
98: 395 396 (47.0)
99: 399 401 409 (50.0)
100: 398 400 410 (50.0)
101: 402 411 412 420 428 (50.0)
102: 404 406 413 415 421 422 (47.0)
103: 407 408 416 418 419 (42.0)
104: 414 423 424 425 429 438 (50.0)
105: 405 417 427 432 434 439 (49.0)
106: 430 431 442 443 446 (41.0)
107: 426 436 444 (49.0)
108: 433 435 437 440 453 455 (42.0)
109: 445 447 449 450 459 (50.0)
110: 441 448 451 452 456 457 462 (41.0)
111: 454 471 (49.0)
112: 461 463 465 472 478 479 (48.0)
113: 460 464 466 467 468 484 (45.0)
114: 458 474 482 (48.0)
115: 469 483 486 (47.0)
116: 473 480 481 485 494 (50.0)
117: 475 477 495 496 499 (47.0)
118: 470 476 489 493 497 (52.0)
119: 487 488 490 491 492 498 (50.0)
