Name: 500-30-50
Time: 15.684648275375366 
Result: 39031
Solution:  0 0 1 0 1 1 4 0 2 0 5 3 4 2 4 3 2 5 4 6 7 4 4 2 2 5 6 6 8 6 4 6 7 8 11 10 10 8 8 9 10 12 8 12 10 9 10 11 10 11 13 11 14 11 14 13 15 13 13 13 15 17 15 14 18 17 16 16 19 18 21 18 20 20 21 17 18 20 16 20 17 22 20 23 22 21 20 19 20 22 22 19 26 23 26 23 24 25 22 24 21 22 24 25 29 25 26 24 29 27 24 30 28 28 28 29 27 30 29 31 32 30 30 30 32 31 30 30 33 34 34 28 34 35 32 31 34 32 33 33 36 35 35 33 39 37 35 38 37 35 35 38 37 39 39 40 36 39 38 39 39 40 41 40 42 41 37 41 43 41 42 43 39 39 42 43 45 46 46 44 44 44 49 44 45 44 49 46 46 49 48 46 48 46 48 47 47 49 50 47 50 50 48 47 49 49 51 52 51 55 53 54 55 53 52 54 51 50 54 53 56 53 55 59 58 57 57 53 59 57 58 57 55 57 61 56 59 59 58 60 60 61 58 59 63 60 62 57 62 63 62 65 61 64 61 63 64 62 65 63 61 64 67 67 65 67 65 66 64 67 67 66 68 67 68 69 71 71 71 72 70 70 68 68 71 71 68 69 75 72 73 73 72 70 75 76 70 75 78 73 74 75 74 74 78 76 75 78 77 76 77 77 78 74 80 76 81 78 81 79 81 80 77 79 82 84 77 81 79 82 81 83 82 82 83 80 85 84 82 84 83 87 85 84 86 85 87 85 88 87 85 86 88 86 86 91 88 90 90 90 87 92 93 90 89 92 88 93 93 91 92 93 92 94 91 90 91 96 94 95 96 95 96 94 98 97 94 94 99 96 97 95 97 99 96 98 100 95 100 101 97 99 103 96 102 103 102 102 105 99 101 104 101 100 104 106 103 103 105 105 100 104 103 104 105 104 102 107 102 103 105 106 107 109 104 107 107 106 107 107 110 110 105 106 108 109 106 110 110 111 113 112 110 110 111 110 110 113 109 115 114 111 110 112 108 112 113 115 113 112 117 114 111 113 115 118 113 117 114 116 115 119 116 114 117 116 115 116 117 116 119 119 118 118 119 119 118 118 118 117
0: 0 1 3 7 9 (31.0)
1: 2 4 5 (30.0)
2: 8 13 16 23 24 (31.0)
3: 11 15 (33.0)
4: 6 12 14 18 21 22 30 (26.0)
5: 10 17 25 (39.0)
6: 19 26 27 29 31 (26.0)
7: 20 32 (34.0)
8: 28 33 37 38 42 (23.0)
9: 39 45 (38.0)
10: 35 36 40 44 46 48 (30.0)
11: 34 47 49 51 53 (30.0)
12: 41 43 (27.0)
13: 50 55 57 58 59 (34.0)
14: 52 54 63 (42.0)
15: 56 60 62 (27.0)
16: 66 67 78 (28.0)
17: 61 65 75 80 (40.0)
18: 64 69 71 76 (35.0)
19: 68 87 91 (38.0)
20: 72 73 77 79 82 86 88 (31.0)
21: 70 74 85 100 (36.0)
22: 81 84 89 90 98 101 (31.0)
23: 83 93 95 (34.0)
24: 96 99 102 107 110 (31.0)
25: 97 103 105 (30.0)
26: 92 94 106 (35.0)
27: 109 116 (32.0)
28: 112 113 114 131 (46.0)
29: 104 108 115 118 (36.0)
30: 111 117 121 122 123 126 127 (39.0)
31: 119 125 135 (35.0)
32: 120 124 134 137 (36.0)
33: 128 138 139 143 (30.0)
34: 129 130 132 136 (43.0)
35: 133 141 142 146 149 150 (28.0)
36: 140 156 (39.0)
37: 145 148 152 166 (37.0)
38: 147 151 158 (37.0)
39: 144 153 154 157 159 160 172 173 (30.0)
40: 155 161 163 (46.0)
41: 162 165 167 169 (33.0)
42: 164 170 174 (32.0)
43: 168 171 175 (42.0)
44: 179 180 181 183 185 (41.0)
45: 176 184 (51.0)
46: 177 178 187 188 191 193 (50.0)
47: 195 196 199 203 (35.0)
48: 190 192 194 202 (33.0)
49: 182 186 189 197 204 205 (30.0)
50: 198 200 201 217 (47.0)
51: 206 208 216 (34.0)
52: 207 214 (35.0)
53: 210 213 219 221 227 (32.0)
54: 211 215 218 (43.0)
55: 209 212 222 232 (49.0)
56: 220 235 (37.0)
57: 225 226 229 231 233 247 (37.0)
58: 224 230 238 242 (33.0)
59: 223 228 236 237 243 (37.0)
60: 239 240 245 (41.0)
61: 234 241 252 254 260 (38.0)
62: 246 248 250 257 (50.0)
63: 244 249 255 259 (47.0)
64: 253 256 261 268 (37.0)
65: 251 258 264 266 (41.0)
66: 267 271 (46.0)
67: 262 263 265 269 270 273 (46.0)
68: 272 274 282 283 286 (40.0)
69: 275 287 (49.0)
70: 280 281 293 296 (34.0)
71: 276 277 278 284 285 (36.0)
72: 279 289 292 (40.0)
73: 290 291 299 (48.0)
74: 300 302 303 313 (36.0)
75: 288 294 297 301 306 (44.0)
76: 295 305 309 315 (48.0)
77: 308 310 311 322 326 (46.0)
78: 298 304 307 312 317 (50.0)
79: 319 323 328 (47.0)
80: 314 321 335 (50.0)
81: 316 318 320 327 330 (49.0)
82: 324 329 332 333 338 (50.0)
83: 331 334 340 (36.0)
84: 325 337 339 343 (47.0)
85: 336 342 345 347 350 (50.0)
86: 344 351 353 354 (50.0)
87: 341 346 349 360 (37.0)
88: 348 352 356 366 (49.0)
89: 364 (37.0)
90: 357 358 359 363 375 (38.0)
91: 355 369 374 376 (47.0)
92: 361 365 370 372 (40.0)
93: 362 367 368 371 (42.0)
94: 373 378 383 386 387 (41.0)
95: 379 381 391 397 (43.0)
96: 377 380 382 389 394 403 (49.0)
97: 385 390 392 400 (50.0)
98: 384 395 (51.0)
99: 388 393 401 409 (52.0)
100: 396 398 413 420 (53.0)
101: 399 410 412 (49.0)
102: 404 406 407 426 428 (50.0)
103: 402 405 416 417 422 429 (50.0)
104: 411 414 421 423 425 434 (50.0)
105: 408 418 419 424 430 442 (46.0)
106: 415 431 437 443 446 (49.0)
107: 427 432 435 436 438 439 (48.0)
108: 444 464 (48.0)
109: 433 445 458 (41.0)
110: 440 441 447 448 452 453 455 456 462 (49.0)
111: 449 454 461 472 (50.0)
112: 451 463 465 469 (50.0)
113: 450 457 466 468 473 476 (40.0)
114: 460 471 478 483 (49.0)
115: 459 467 474 480 486 (50.0)
116: 479 482 485 487 489 (49.0)
117: 470 477 484 488 499 (42.0)
118: 475 492 493 496 497 498 (53.0)
119: 481 490 491 494 495 (54.0)
