Name: 500-60-125
Time: 14.847556114196777 
Result: 2067
Solution:  2 0 0 3 2 1 0 3 2 1 3 3 0 3 4 2 1 6 3 4 5 3 8 7 2 2 5 6 3 5 6 6 8 7 4 9 8 4 3 5 7 6 8 9 9 7 8 6 8 12 10 13 8 10 8 10 11 10 13 11 14 12 8 13 12 11 15 9 13 12 15 12 14 13 16 16 14 15 18 14 15 17 14 16 15 13 16 16 20 18 17 17 16 17 18 19 20 20 19 19 18 19 21 19 20 20 25 21 23 21 25 22 25 26 22 22 24 23 21 24 22 24 21 25 24 23 26 25 28 23 26 26 26 22 28 27 26 25 27 28 28 29 27 29 27 29 29 27 29 29 30 29 29 32 30 30 32 29 31 33 33 31 31 30 31 32 35 34 32 33 34 34 34 32 31 34 32 33 37 34 38 35 39 35 36 35 37 38 38 36 40 35 40 38 35 39 39 43 40 42 39 40 39 41 37 39 39 37 40 41 43 41 40 45 44 42 45 40 42 43 45 44 43 44 44 46 46 48 44 43 48 47 45 47 46 49 47 48 47 45 47 48 46 52 45 52 50 48 50 50 53 49 49 50 49 51 51 52 50 48 50 50 50 49 51 54 55 54 54 52 55 53 54 53 54 53 59 56 53 53 56 58 54 56 55 55 57 55 55 57 60 54 58 59 58 57 60 58 58 58 61 58 61 63 61 59 64 64 64 62 61 64 64 62 64 64 62 62 60 62 63 64 64 62 67 63 69 66 64 66 68 66 67 65 66 67 67 65 66 70 68 68 66 67 65 71 69 71 68 70 69 70 68 72 71 67 70 69 71 73 73 69 71 72 73 73 74 72 74 74 73 74 75 70 74 76 75 75 77 73 75 76 73 75 74 72 75 76 77 78 78 72 77 80 78 74 76 78 76 79 76 81 77 76 75 80 79 78 83 79 81 83 80 80 80 79 81 81 84 85 81 77 82 82 78 80 84 82 82 84 83 87 83 80 83 86 80 85 85 84 85 83 84 87 85 85 86 89 85 87 86 86 88 87 86 87 89 84 88 92 86 88 91 88 91 91 89 88 92 87 91 90 93 89 87 89 94 91 90 92 93 90 93 92 92 92 89 93 90 92 94 93 94 94 93 94 94 93 94 92
0: 1 2 6 12 (60.0)
1: 5 9 16 (70.0)
2: 0 4 8 15 24 25 (83.0)
3: 3 7 10 11 13 18 21 28 38 (62.0)
4: 14 19 34 37 (73.0)
5: 20 26 29 39 (72.0)
6: 17 27 30 31 41 47 (61.0)
7: 23 33 40 45 (62.0)
8: 22 32 36 42 46 48 52 54 62 (62.0)
9: 35 43 44 67 (77.0)
10: 50 53 55 57 (76.0)
11: 56 59 65 (61.0)
12: 49 61 64 69 71 (77.0)
13: 51 58 63 68 73 85 (69.0)
14: 60 72 76 79 82 (98.0)
15: 66 70 77 80 84 (70.0)
16: 74 75 83 86 87 92 (85.0)
17: 81 90 91 93 (65.0)
18: 78 89 94 100 (75.0)
19: 95 98 99 101 103 (61.0)
20: 88 96 97 104 105 (86.0)
21: 102 107 109 118 122 (67.0)
22: 111 114 115 120 133 (64.0)
23: 108 117 125 129 (90.0)
24: 116 119 121 124 (83.0)
25: 106 110 112 123 127 137 (95.0)
26: 113 126 130 131 132 136 (93.0)
27: 135 138 142 144 147 (91.0)
28: 128 134 139 140 (84.0)
29: 141 143 145 146 148 149 151 152 157 (95.0)
30: 150 154 155 163 (97.0)
31: 158 161 162 164 174 (87.0)
32: 153 156 165 168 173 176 (99.0)
33: 159 160 169 177 (85.0)
34: 167 170 171 172 175 179 (99.0)
35: 166 181 183 185 191 194 (71.0)
36: 184 189 (67.0)
37: 178 186 204 207 (89.0)
38: 180 187 188 193 (88.0)
39: 182 195 196 200 202 205 206 (113.0)
40: 190 192 198 201 208 212 217 (95.0)
41: 203 209 211 (95.0)
42: 199 215 218 (78.0)
43: 197 210 219 222 229 (91.0)
44: 214 221 223 224 228 (86.0)
45: 213 216 220 232 239 244 (118.0)
46: 225 226 234 242 (89.0)
47: 231 233 236 238 240 (82.0)
48: 227 230 237 241 247 259 (125.0)
49: 235 251 252 254 263 (88.0)
50: 246 248 249 253 258 260 261 262 (120.0)
51: 255 256 264 (87.0)
52: 243 245 257 269 (124.0)
53: 250 271 273 275 278 279 (83.0)
54: 265 267 268 272 274 282 291 (123.0)
55: 266 270 284 285 287 288 (91.0)
56: 277 280 283 (88.0)
57: 286 289 295 (122.0)
58: 281 292 294 297 298 299 301 (95.0)
59: 276 293 305 (91.0)
60: 290 296 318 (114.0)
61: 300 302 304 310 (82.0)
62: 309 313 316 317 319 323 (112.0)
63: 303 320 325 (120.0)
64: 306 307 308 311 312 314 315 321 322 328 (114.0)
65: 333 337 344 (65.0)
66: 327 329 331 334 338 342 (125.0)
67: 324 332 335 336 343 355 (111.0)
68: 330 340 341 348 352 (124.0)
69: 326 346 350 357 361 (125.0)
70: 339 349 351 356 373 (124.0)
71: 345 347 354 358 362 (125.0)
72: 353 363 367 385 391 (123.0)
73: 359 360 364 365 370 379 382 (123.0)
74: 366 368 369 371 374 384 395 (125.0)
75: 372 376 377 380 383 386 404 (101.0)
76: 375 381 387 396 398 400 403 (115.0)
77: 378 388 392 402 421 (111.0)
78: 389 390 394 397 407 424 (122.0)
79: 399 406 409 415 (106.0)
80: 393 405 412 413 414 425 433 436 (125.0)
81: 401 410 416 417 420 (110.0)
82: 422 423 427 428 (124.0)
83: 408 411 430 432 434 441 (101.0)
84: 418 426 429 439 442 457 (123.0)
85: 419 437 438 440 444 445 448 (125.0)
86: 435 446 450 451 454 460 (125.0)
87: 431 443 449 453 455 469 474 (111.0)
88: 452 458 461 463 467 (125.0)
89: 447 456 466 473 475 486 (125.0)
90: 471 478 481 488 (124.0)
91: 462 464 465 470 477 (123.0)
92: 459 468 479 483 484 485 489 499 (122.0)
93: 472 480 482 487 491 494 497 (111.0)
94: 476 490 492 493 495 496 498 (127.0)
