Name: 500-60-125
Time: 15.194189310073853 
Result: 7071
Solution:  0 0 1 1 1 1 2 1 1 2 3 3 0 1 4 2 3 5 1 0 4 5 8 6 2 5 5 3 5 3 8 7 7 7 4 5 7 5 7 9 6 6 7 7 10 8 9 7 7 12 11 11 7 10 8 14 10 7 11 13 13 12 10 13 8 12 11 9 14 14 15 14 13 12 14 17 16 19 17 15 14 15 16 16 14 16 16 18 18 19 18 16 18 22 15 18 19 21 17 19 17 19 20 20 20 21 21 24 20 23 25 22 22 24 22 25 23 24 23 21 23 24 21 25 27 27 26 25 22 24 26 26 30 23 26 26 25 28 29 28 28 31 32 26 28 32 27 29 30 29 30 29 32 31 31 31 31 31 34 29 32 33 32 30 31 31 35 36 33 33 34 34 35 33 37 33 34 37 36 37 35 34 33 34 35 38 37 38 37 36 37 38 40 39 38 40 39 38 41 40 38 41 41 40 36 40 41 38 39 39 41 42 42 44 41 42 42 41 45 43 45 44 42 43 44 47 46 47 44 43 47 44 47 48 48 51 49 50 46 45 46 47 46 52 45 48 51 50 51 52 49 47 52 46 49 52 50 51 49 49 50 52 48 53 53 54 50 53 54 53 51 51 55 55 54 54 56 58 57 52 56 58 55 56 57 54 56 55 55 59 62 56 55 58 58 58 57 58 59 57 57 61 60 61 58 59 64 57 63 60 60 64 64 65 64 64 61 62 61 63 62 63 64 64 64 65 63 63 66 65 68 64 66 65 66 67 66 66 67 67 67 69 69 65 67 71 69 73 68 69 70 70 70 66 72 68 72 68 70 72 72 70 74 70 73 70 71 72 72 73 71 73 75 73 73 74 75 73 75 71 75 73 76 78 74 75 77 76 77 73 76 74 77 81 79 75 78 76 76 79 75 77 75 77 79 81 79 77 79 79 80 83 80 81 77 78 81 80 78 85 78 83 82 81 80 81 84 82 82 84 85 83 85 82 88 85 83 85 86 83 85 84 84 87 85 87 83 89 88 85 87 86 84 87 85 85 88 83 87 85 92 87 86 88 90 93 90 85 91 89 91 91 92 89 90 91 92 91 87 92 93 90 93 92 92 90 94 93 90 93 89 93 92 94 93 94 92 93 94 94
0: 0 1 12 19 (61.0)
1: 2 3 4 5 7 8 13 18 (58.0)
2: 6 9 15 24 (65.0)
3: 10 11 16 27 29 (87.0)
4: 14 20 34 (75.0)
5: 17 21 25 26 28 35 37 (75.0)
6: 23 40 41 (65.0)
7: 31 32 33 36 38 42 43 47 48 52 57 (60.0)
8: 22 30 45 54 64 (62.0)
9: 39 46 67 (61.0)
10: 44 53 56 62 (62.0)
11: 50 51 58 66 (63.0)
12: 49 61 65 73 (69.0)
13: 59 60 63 72 (88.0)
14: 55 68 69 71 74 80 84 (101.0)
15: 70 79 81 94 (81.0)
16: 76 82 83 85 86 91 (84.0)
17: 75 78 98 100 (68.0)
18: 87 88 90 92 95 (72.0)
19: 77 89 96 99 101 (68.0)
20: 102 103 104 108 (77.0)
21: 97 105 106 119 122 (82.0)
22: 93 111 112 114 128 (74.0)
23: 109 116 118 120 133 (70.0)
24: 107 113 117 121 129 (60.0)
25: 110 115 123 127 136 (75.0)
26: 126 130 131 134 135 143 (107.0)
27: 124 125 146 (73.0)
28: 137 139 140 144 (103.0)
29: 138 147 149 151 159 (75.0)
30: 132 148 150 163 (70.0)
31: 141 153 154 155 156 157 164 165 (114.0)
32: 142 145 152 160 162 (95.0)
33: 161 168 169 173 175 182 (102.0)
34: 158 170 171 176 181 183 (99.0)
35: 166 172 180 184 (78.0)
36: 167 178 189 204 (85.0)
37: 174 177 179 186 188 190 (95.0)
38: 185 187 191 194 197 200 207 (94.0)
39: 193 196 208 209 (122.0)
40: 192 195 199 203 205 (87.0)
41: 198 201 202 206 210 214 217 (113.0)
42: 211 212 215 216 222 (98.0)
43: 219 223 229 (77.0)
44: 213 221 224 228 231 (79.0)
45: 218 220 239 244 (103.0)
46: 226 238 240 242 253 (84.0)
47: 225 227 230 232 241 251 (102.0)
48: 233 234 245 262 (113.0)
49: 236 250 254 258 259 (116.0)
50: 237 247 256 260 266 (86.0)
51: 235 246 248 257 270 271 (82.0)
52: 243 249 252 255 261 279 (101.0)
53: 263 264 267 269 (112.0)
54: 265 268 274 275 285 (99.0)
55: 272 273 282 287 288 292 (80.0)
56: 276 280 283 286 291 (122.0)
57: 278 284 296 299 300 307 (76.0)
58: 277 281 293 294 295 297 304 (121.0)
59: 289 298 305 (120.0)
60: 302 309 310 (110.0)
61: 301 303 316 318 (125.0)
62: 290 317 320 (123.0)
63: 308 319 321 326 327 (87.0)
64: 306 311 312 314 315 322 323 324 331 (124.0)
65: 313 325 329 333 343 (94.0)
66: 328 332 334 336 337 353 (93.0)
67: 335 338 339 340 344 (122.0)
68: 330 348 355 357 (116.0)
69: 341 342 346 349 (123.0)
70: 350 351 352 358 361 363 365 (124.0)
71: 345 366 370 379 (95.0)
72: 354 356 359 360 367 368 (125.0)
73: 347 364 369 371 373 374 377 381 389 (125.0)
74: 362 375 384 391 (112.0)
75: 372 376 378 380 385 395 400 402 (109.0)
76: 382 387 390 397 398 (121.0)
77: 386 388 392 401 403 407 414 (120.0)
78: 383 396 415 418 420 (114.0)
79: 394 399 404 406 408 409 (119.0)
80: 410 412 417 424 (74.0)
81: 393 405 413 416 423 425 (122.0)
82: 422 427 428 433 (129.0)
83: 411 421 431 436 439 446 457 (98.0)
84: 426 429 441 442 452 (125.0)
85: 419 430 432 435 437 440 444 449 454 455 459 467 (124.0)
86: 438 451 462 (124.0)
87: 443 445 450 453 458 461 478 (126.0)
88: 434 448 456 463 (125.0)
89: 447 469 473 490 (125.0)
90: 464 466 474 481 485 488 (125.0)
91: 468 470 471 475 477 (123.0)
92: 460 472 476 479 483 484 492 496 (113.0)
93: 465 480 482 487 489 491 494 497 (121.0)
94: 486 493 495 498 499 (120.0)
