Name: 500-50-100
Time: 29.953609943389893 
Result: 65
Solution:  1 0 2 0 1 2 1 1 2 3 2 4 7 0 3 4 3 2 5 2 7 3 8 5 5 6 6 6 7 8 9 9 7 9 7 9 6 12 8 9 13 12 10 8 11 11 12 12 11 13 13 10 16 13 14 10 17 12 17 14 19 17 12 16 15 15 15 15 14 17 16 14 21 22 14 18 19 20 17 17 20 21 20 20 22 23 23 19 18 25 21 20 24 22 22 23 27 22 23 23 26 21 26 25 29 29 25 24 28 27 26 27 25 25 27 30 33 32 29 29 31 31 31 30 33 31 32 28 31 35 32 31 33 30 32 34 33 32 33 34 36 38 35 39 40 36 36 39 37 35 36 38 37 38 38 36 39 38 37 38 40 39 43 44 45 42 41 41 40 45 42 42 40 44 42 47 43 41 43 45 44 45 43 48 46 47 49 47 47 47 45 44 48 49 49 48 46 48 50 47 50 50 48 49 54 51 49 52 52 51 51 51 54 53 54 49 57 54 52 54 53 54 59 56 58 55 56 58 56 58 58 57 59 59 61 62 55 57 59 62 57 59 60 56 59 64 63 60 61 61 63 61 59 62 65 62 66 63 60 63 67 69 65 67 65 68 66 68 64 65 65 70 69 72 66 70 71 67 68 66 71 70 72 70 69 71 72 71 69 68 74 70 74 73 70 72 73 72 74 73 76 77 74 76 73 75 79 76 76 76 75 75 76 79 77 78 75 74 77 78 81 76 75 80 81 82 80 80 77 78 81 79 80 81 79 79 83 79 80 80 85 86 84 87 83 84 84 82 85 85 83 83 83 83 85 87 86 84 88 84 87 86 90 88 88 90 88 88 92 87 89 87 88 88 88 90 93 89 91 91 89 92 94 90 90 91 92 93 91 91 95 93 90 93 93 94 95 92 92 95 96 96 94 95 93 95 97 96 92 96 97 97 95 100 97 100 96 98 99 98 99 103 98 99 101 101 100 99 98 102 101 98 100 98 100 99 104 101 105 103 101 104 103 107 104 105 102 101 102 105 105 106 103 103 107 102 106 109 106 104 107 107 108 106 107 107 109 108 111 109 112 106 110 109 109 111 111 109 110 109 112 110 111 111 108 112 112 110 111 113 113 111 112 112 113 114 114 114 114 114
0: 1 3 13 (42.0)
1: 0 4 6 7 (57.0)
2: 2 5 8 10 17 19 (35.0)
3: 9 14 16 21 (53.0)
4: 11 15 (53.0)
5: 18 23 24 (51.0)
6: 25 26 27 36 (66.0)
7: 12 20 28 32 34 (56.0)
8: 22 29 38 43 (54.0)
9: 30 31 33 35 39 (54.0)
10: 42 51 55 (60.0)
11: 44 45 48 (60.0)
12: 37 41 46 47 57 62 (50.0)
13: 40 49 50 53 (51.0)
14: 54 59 68 71 74 (58.0)
15: 64 65 66 67 (59.0)
16: 52 63 70 (79.0)
17: 56 58 61 69 78 79 (75.0)
18: 75 88 (58.0)
19: 60 76 87 (63.0)
20: 77 80 82 83 91 (58.0)
21: 72 81 90 101 (63.0)
22: 73 84 93 94 97 (50.0)
23: 85 86 95 98 99 (53.0)
24: 92 107 (51.0)
25: 89 103 106 112 113 (51.0)
26: 100 102 110 (51.0)
27: 96 109 111 114 (85.0)
28: 108 127 (58.0)
29: 104 105 118 119 (64.0)
30: 115 123 133 (51.0)
31: 120 121 122 125 128 131 (96.0)
32: 117 126 130 134 137 (58.0)
33: 116 124 132 136 138 (51.0)
34: 135 139 (57.0)
35: 129 142 149 (66.0)
36: 140 145 146 150 155 (76.0)
37: 148 152 158 (53.0)
38: 141 151 153 154 157 159 (64.0)
39: 143 147 156 161 (64.0)
40: 144 160 168 172 (74.0)
41: 166 167 177 (69.0)
42: 165 170 171 174 (68.0)
43: 162 176 178 182 (63.0)
44: 163 173 180 191 (97.0)
45: 164 169 179 181 190 (65.0)
46: 184 196 (50.0)
47: 175 185 187 188 189 199 (89.0)
48: 183 192 195 197 202 (79.0)
49: 186 193 194 203 206 215 (78.0)
50: 198 200 201 (68.0)
51: 205 209 210 211 (70.0)
52: 207 208 218 (71.0)
53: 213 220 (61.0)
54: 204 212 214 217 219 221 (100.0)
55: 225 236 (71.0)
56: 223 226 228 243 (67.0)
57: 216 231 237 240 (73.0)
58: 224 227 229 230 (66.0)
59: 222 232 233 238 241 244 252 (80.0)
60: 242 247 258 (100.0)
61: 234 248 249 251 (78.0)
62: 235 239 253 255 (95.0)
63: 246 250 257 259 (70.0)
64: 245 268 (46.0)
65: 254 262 264 269 270 (92.0)
66: 256 266 274 279 (100.0)
67: 260 263 277 (63.0)
68: 265 267 278 289 (88.0)
69: 261 272 284 288 (87.0)
70: 271 275 281 283 291 294 (80.0)
71: 276 280 285 287 (93.0)
72: 273 282 286 295 297 (75.0)
73: 293 296 299 304 (75.0)
74: 290 292 298 302 317 (80.0)
75: 305 310 311 316 322 (70.0)
76: 300 303 307 308 309 312 321 (88.0)
77: 301 314 318 328 (90.0)
78: 315 319 329 (72.0)
79: 306 313 331 334 335 337 (86.0)
80: 323 326 327 332 338 339 (85.0)
81: 320 324 330 333 (88.0)
82: 325 347 (54.0)
83: 336 344 350 351 352 353 (100.0)
84: 342 345 346 357 359 (80.0)
85: 340 348 349 354 (98.0)
86: 341 356 361 (97.0)
87: 343 355 360 369 371 (95.0)
88: 358 363 364 366 367 372 373 374 (72.0)
89: 370 377 380 (92.0)
90: 362 365 375 383 384 392 (98.0)
91: 378 379 385 388 389 (100.0)
92: 368 381 386 397 398 408 (94.0)
93: 376 387 391 393 394 404 (88.0)
94: 382 395 402 (62.0)
95: 390 396 399 403 405 412 (97.0)
96: 400 401 407 409 416 (92.0)
97: 406 410 411 414 (96.0)
98: 417 419 422 428 431 433 (96.0)
99: 418 420 423 427 435 (86.0)
100: 413 415 426 432 434 (80.0)
101: 424 425 430 437 440 447 (97.0)
102: 429 446 448 455 (96.0)
103: 421 439 442 452 453 (100.0)
104: 436 441 444 459 (96.0)
105: 438 445 449 450 (98.0)
106: 451 456 458 463 471 (100.0)
107: 443 454 460 461 464 465 (95.0)
108: 462 467 484 (96.0)
109: 457 466 469 473 474 477 479 (100.0)
110: 472 478 481 487 (99.0)
111: 468 475 476 482 483 488 491 (88.0)
112: 470 480 485 486 492 493 (99.0)
113: 489 490 494 (96.0)
114: 495 496 497 498 499 (100.0)
