Name: 500-20-30
Time: 29.057618618011475 
Result: 15
Solution:  0 0 0 4 0 2 4 5 1 1 2 4 1 1 0 3 5 2 3 6 3 1 5 4 4 2 3 4 5 6 5 2 10 6 5 8 5 7 8 8 8 5 4 8 7 6 8 8 5 5 12 11 10 9 7 11 10 11 8 11 11 13 9 12 11 11 10 11 13 12 14 14 12 9 12 13 13 14 13 11 14 15 13 13 16 15 14 16 14 13 15 13 17 16 16 16 15 16 18 14 17 18 16 20 19 18 20 19 19 18 19 21 21 20 19 18 18 20 20 17 17 22 23 21 23 21 20 18 22 26 24 22 25 24 19 20 24 23 23 22 23 24 27 23 25 27 26 24 26 24 25 22 25 26 23 25 24 23 27 27 25 25 28 23 28 27 30 25 28 26 30 28 28 28 30 29 30 32 31 30 29 30 28 33 31 32 30 32 34 33 34 30 33 29 32 31 33 32 33 34 35 33 34 35 36 31 38 33 33 35 35 33 35 36 36 35 37 35 37 37 34 33 34 37 38 39 34 39 38 41 39 40 42 36 39 40 41 39 42 39 41 39 40 40 42 43 43 38 43 43 42 41 42 40 41 45 43 44 42 47 44 42 44 42 43 47 45 48 46 47 45 47 42 44 46 43 46 47 49 46 45 48 46 48 48 47 47 45 48 50 48 48 52 49 45 49 51 48 47 53 53 52 52 50 51 48 50 49 54 54 53 51 50 55 51 52 55 53 54 50 51 52 51 53 55 58 57 55 55 55 55 52 53 55 55 57 56 55 56 61 57 56 58 57 58 56 61 58 60 56 61 59 61 59 59 59 60 63 62 58 63 59 61 58 60 63 65 62 65 63 63 65 62 64 63 64 63 66 64 62 61 64 64 64 64 65 66 62 65 62 64 66 68 68 66 62 64 67 65 64 68 63 69 68 70 68 69 68 69 72 70 70 68 65 69 69 67 73 70 71 73 72 71 75 73 72 70 73 70 70 70 73 72 71 74 72 70 77 73 74 72 73 74 78 75 76 74 74 75 73 78 74 72 78 76 78 78 78 75 81 81 78 76 77 79 78 80 76 82 79 76 79 80 80 79 83 82 80 79 82 81 77 80 83 79 81 80 81 82 81 80 82 79 81 83 83 82 81 83 83
0: 0 1 2 4 14 (21.0)
1: 8 9 12 13 21 (23.0)
2: 5 10 17 25 31 (17.0)
3: 15 18 20 26 (18.0)
4: 3 6 11 23 24 27 42 (21.0)
5: 7 16 22 28 30 34 36 41 48 49 (20.0)
6: 19 29 33 45 (20.0)
7: 37 44 54 (21.0)
8: 35 38 39 40 43 46 47 58 (23.0)
9: 53 62 73 (22.0)
10: 32 52 56 66 (21.0)
11: 51 55 57 59 60 64 65 67 79 (19.0)
12: 50 63 69 72 74 (20.0)
13: 61 68 75 76 78 82 83 89 91 (19.0)
14: 70 71 77 80 86 88 99 (20.0)
15: 81 85 90 96 (20.0)
16: 84 87 93 94 95 97 102 (21.0)
17: 92 100 119 120 (22.0)
18: 98 101 105 109 115 116 127 (22.0)
19: 104 107 108 110 114 134 (23.0)
20: 103 106 113 117 118 126 135 (22.0)
21: 111 112 123 125 (22.0)
22: 121 128 131 139 151 (21.0)
23: 122 124 137 138 140 143 154 157 163 (22.0)
24: 130 133 136 141 147 149 156 (23.0)
25: 132 144 150 152 155 160 161 167 (23.0)
26: 129 146 148 153 169 (24.0)
27: 142 145 158 159 165 (25.0)
28: 162 164 168 171 172 173 182 (22.0)
29: 175 180 193 (23.0)
30: 166 170 174 176 179 181 186 191 (27.0)
31: 178 184 195 205 (20.0)
32: 177 185 187 194 197 (22.0)
33: 183 189 192 196 198 201 207 208 211 221 (21.0)
34: 188 190 199 202 220 222 226 (20.0)
35: 200 203 209 210 212 215 217 (22.0)
36: 204 213 214 233 (21.0)
37: 216 218 219 223 (22.0)
38: 206 224 228 247 (22.0)
39: 225 227 230 234 237 239 241 (24.0)
40: 231 235 242 243 253 (20.0)
41: 229 236 240 251 254 (27.0)
42: 232 238 244 250 252 258 261 263 272 (28.0)
43: 245 246 248 249 256 264 275 (26.0)
44: 257 260 262 273 (26.0)
45: 255 266 270 280 287 294 (23.0)
46: 268 274 276 279 282 (25.0)
47: 259 265 269 271 277 285 286 298 (25.0)
48: 267 281 283 284 288 290 291 297 305 (21.0)
49: 278 293 295 307 (21.0)
50: 289 303 306 312 319 (27.0)
51: 296 304 311 314 320 322 (23.0)
52: 292 301 302 315 321 331 (30.0)
53: 299 300 310 317 323 332 (30.0)
54: 308 309 318 (23.0)
55: 313 316 324 327 328 329 330 333 334 337 (20.0)
56: 336 338 341 345 349 (21.0)
57: 326 335 340 343 (22.0)
58: 325 342 344 347 359 363 (25.0)
59: 351 353 354 355 361 (22.0)
60: 348 356 364 (30.0)
61: 339 346 350 352 362 380 (30.0)
62: 358 367 372 379 387 389 395 (28.0)
63: 357 360 365 369 370 374 376 401 (24.0)
64: 373 375 378 381 382 383 384 390 396 399 (30.0)
65: 366 368 371 385 388 398 413 (27.0)
66: 377 386 391 394 (27.0)
67: 397 416 (22.0)
68: 392 393 400 403 405 407 412 (30.0)
69: 402 406 408 414 415 (28.0)
70: 404 410 411 418 426 428 429 430 436 (30.0)
71: 419 422 433 (30.0)
72: 409 421 425 432 435 440 452 (30.0)
73: 417 420 424 427 431 438 441 449 (30.0)
74: 434 439 442 446 447 451 (24.0)
75: 423 444 448 458 (24.0)
76: 445 454 462 467 470 (31.0)
77: 437 463 481 (30.0)
78: 443 450 453 455 456 457 461 465 (30.0)
79: 464 469 471 474 478 484 492 (30.0)
80: 466 472 473 477 482 486 490 (30.0)
81: 459 460 480 485 487 489 493 497 (31.0)
82: 468 476 479 488 491 496 (32.0)
83: 475 483 494 495 498 499 (30.0)
