Name: 500-60-125
Time: 29.337663173675537 
Result: 68
Solution:  2 0 0 1 3 1 4 3 0 1 3 2 2 2 0 2 6 5 1 4 5 5 5 3 3 4 5 5 4 1 5 5 8 7 2 7 7 6 6 11 6 8 8 7 9 7 9 7 9 10 11 13 7 10 9 13 10 7 11 8 12 14 10 12 14 12 16 11 15 17 14 14 13 12 14 15 15 19 18 19 13 15 14 18 16 13 17 17 15 17 18 16 17 21 20 20 21 18 15 18 16 22 21 18 21 19 25 20 20 18 22 19 23 24 24 24 21 24 21 22 22 24 24 27 25 23 25 25 28 24 26 26 28 24 27 25 29 27 27 29 30 31 26 26 27 28 27 27 29 28 30 29 32 28 32 34 28 29 31 32 33 33 31 28 31 32 31 35 32 33 34 34 35 36 35 32 32 36 33 35 36 35 34 34 35 38 40 37 36 37 39 40 40 37 36 39 39 40 41 36 38 40 40 43 37 41 40 38 41 42 44 43 39 42 41 44 43 41 45 43 42 44 42 46 44 47 46 41 44 43 47 46 45 46 48 51 49 46 45 45 46 48 47 46 52 48 51 46 52 51 51 50 48 49 50 49 50 51 48 47 53 51 49 50 55 53 52 54 54 52 53 53 54 53 54 57 57 58 53 55 56 57 54 58 55 58 56 58 55 56 62 55 55 58 58 59 60 59 58 60 57 58 60 63 58 59 64 58 63 60 61 64 61 66 62 63 62 59 65 63 65 64 63 61 60 61 68 62 66 66 64 64 67 69 66 67 68 64 64 67 70 67 67 66 66 68 68 70 68 69 69 69 69 73 71 71 70 70 71 71 71 68 70 72 73 69 71 72 72 73 73 73 75 73 73 73 75 75 76 75 75 76 75 78 75 74 74 76 76 80 80 72 77 78 77 74 74 80 78 78 77 79 74 77 76 78 79 83 83 79 82 80 80 84 78 76 81 80 83 81 78 84 82 81 78 82 85 82 81 84 82 83 83 79 84 86 84 85 87 83 84 85 83 85 85 86 86 88 89 85 86 88 86 90 83 86 90 83 88 92 91 90 86 87 93 90 92 86 92 89 87 92 94 89 89 89 93 91 91 92 91 90 92 92 92 93 94 93 90 92 91 94 92 93 94 94 91 94 94 93
0: 1 2 8 14 (63.0)
1: 3 5 9 18 29 (76.0)
2: 0 11 12 13 15 34 (70.0)
3: 4 7 10 23 24 (67.0)
4: 6 19 25 28 (71.0)
5: 17 20 21 22 26 27 30 31 (70.0)
6: 16 37 38 40 (70.0)
7: 33 35 36 43 45 47 52 57 (60.0)
8: 32 41 42 59 (63.0)
9: 44 46 48 54 (61.0)
10: 49 53 56 62 (60.0)
11: 39 50 58 67 (76.0)
12: 60 63 65 73 (78.0)
13: 51 55 72 80 85 (72.0)
14: 61 64 70 71 74 82 (99.0)
15: 68 75 76 81 88 98 (81.0)
16: 66 84 91 100 (88.0)
17: 69 86 87 89 92 (68.0)
18: 78 83 90 97 99 103 109 (80.0)
19: 77 79 105 111 (65.0)
20: 94 95 107 108 (83.0)
21: 93 96 102 104 116 118 (82.0)
22: 101 110 119 120 (69.0)
23: 112 125 (70.0)
24: 113 114 115 117 121 122 129 133 (103.0)
25: 106 124 126 127 135 (90.0)
26: 130 131 142 143 (68.0)
27: 123 134 137 138 144 146 147 (95.0)
28: 128 132 145 149 153 156 163 (81.0)
29: 136 139 148 151 157 (66.0)
30: 140 150 (90.0)
31: 141 158 162 164 166 (82.0)
32: 152 154 159 165 168 175 176 (123.0)
33: 160 161 169 178 (72.0)
34: 155 170 171 182 183 (94.0)
35: 167 172 174 179 181 184 (91.0)
36: 173 177 180 188 194 199 (103.0)
37: 187 189 193 204 (111.0)
38: 185 200 207 (62.0)
39: 190 195 196 212 (61.0)
40: 186 191 192 197 201 202 206 (94.0)
41: 198 205 208 214 217 227 (124.0)
42: 209 213 220 222 (105.0)
43: 203 211 216 219 229 (116.0)
44: 210 215 221 224 228 (97.0)
45: 218 232 238 239 (70.0)
46: 223 226 231 233 237 240 243 247 (98.0)
47: 225 230 242 259 (78.0)
48: 234 241 245 252 258 (119.0)
49: 236 253 255 262 (79.0)
50: 251 254 256 263 (84.0)
51: 235 246 249 250 257 261 (85.0)
52: 244 248 266 269 (115.0)
53: 260 265 270 271 273 278 (103.0)
54: 267 268 272 274 282 (97.0)
55: 264 279 284 288 291 292 (117.0)
56: 280 286 289 (123.0)
57: 275 276 281 300 (74.0)
58: 277 283 285 287 293 294 298 301 304 307 (118.0)
59: 295 297 305 317 (125.0)
60: 296 299 302 309 324 (113.0)
61: 310 312 323 325 (84.0)
62: 290 314 316 327 (84.0)
63: 303 308 315 319 322 (108.0)
64: 306 311 321 330 331 337 338 (125.0)
65: 318 320 (111.0)
66: 313 328 329 334 343 344 (100.0)
67: 332 335 339 341 342 (123.0)
68: 326 336 345 346 348 361 (125.0)
69: 333 349 350 351 352 365 (128.0)
70: 340 347 356 357 362 (125.0)
71: 354 355 358 359 360 366 (115.0)
72: 363 367 368 391 (120.0)
73: 353 364 369 370 371 373 374 375 (115.0)
74: 385 386 395 396 402 (83.0)
75: 372 376 377 379 380 382 384 (123.0)
76: 378 381 387 388 404 415 (125.0)
77: 392 394 400 403 (84.0)
78: 383 393 398 399 405 414 420 424 (111.0)
79: 401 406 409 433 (121.0)
80: 389 390 397 411 412 417 (125.0)
81: 416 419 423 428 (122.0)
82: 410 422 425 427 430 (125.0)
83: 407 408 418 431 432 439 442 454 457 (107.0)
84: 413 421 429 434 436 440 (119.0)
85: 426 437 441 443 444 449 (109.0)
86: 435 445 446 450 452 455 462 467 (125.0)
87: 438 463 470 (123.0)
88: 447 451 458 (125.0)
89: 448 469 473 474 475 (125.0)
90: 453 456 461 465 481 488 (125.0)
91: 460 477 478 480 490 496 (125.0)
92: 459 466 468 471 479 482 483 484 489 492 (122.0)
93: 464 476 485 487 493 499 (122.0)
94: 472 486 491 494 495 497 498 (124.0)
