Name: 500-20-30
Time: 14.116060018539429 
Result: 10014
Solution:  0 1 0 3 0 2 3 0 1 1 2 3 3 1 3 2 7 3 6 5 3 1 6 7 4 6 2 4 7 5 7 3 4 7 6 7 7 8 8 8 6 6 4 6 5 6 7 7 6 10 7 7 8 10 9 10 10 13 9 11 11 12 12 12 10 11 9 15 9 11 11 11 11 14 11 15 15 15 15 12 14 16 16 14 13 14 16 19 13 16 13 16 17 16 19 15 15 15 16 16 17 19 13 20 19 15 20 19 19 21 21 16 18 20 19 17 23 19 20 17 17 19 24 18 24 22 20 21 22 20 23 22 24 24 22 21 23 24 24 22 23 22 27 24 24 25 27 24 26 25 23 24 25 25 26 24 23 23 26 28 27 25 27 30 27 28 30 30 28 27 31 28 29 28 30 29 28 34 30 29 29 27 32 30 28 32 30 35 31 33 33 30 33 32 32 31 34 36 33 30 38 34 34 33 36 33 36 33 36 33 34 35 33 34 34 34 37 35 38 34 35 33 33 37 39 40 35 41 38 39 37 37 41 37 42 39 40 38 41 41 41 38 38 42 41 43 44 43 42 45 42 40 42 41 40 43 44 44 39 41 45 40 42 43 41 44 45 47 44 46 47 46 45 43 46 47 46 43 47 49 44 49 48 47 48 46 48 47 44 46 51 47 53 49 49 50 51 49 53 51 48 50 51 49 53 49 51 49 54 51 51 53 51 53 53 53 56 54 52 50 55 53 54 53 55 54 58 56 55 55 55 53 52 56 53 55 55 56 57 57 57 55 57 56 61 57 59 59 61 57 61 62 59 59 60 59 60 56 60 56 59 59 61 60 58 61 63 61 63 63 63 61 63 62 63 63 62 66 63 66 62 62 63 64 64 64 67 63 65 63 67 64 66 69 66 65 65 64 67 65 65 69 69 67 68 72 69 68 70 70 67 69 70 70 72 69 68 73 70 70 68 73 71 75 75 71 68 72 73 71 72 70 70 71 73 73 72 72 73 73 74 73 78 71 74 75 75 75 76 74 75 75 77 76 76 73 76 77 76 78 76 78 77 77 79 77 80 79 79 81 79 79 80 80 78 78 83 80 80 83 82 78 81 83 80 80 82 80 81 82 83 82 79 82 82 83 82 79 83 83
0: 0 2 4 7 (21.0)
1: 1 8 9 13 21 (22.0)
2: 5 10 15 26 (22.0)
3: 3 6 11 12 14 17 20 31 (17.0)
4: 24 27 32 42 (20.0)
5: 19 29 44 (24.0)
6: 18 22 25 34 40 41 43 45 48 (18.0)
7: 16 23 28 30 33 35 36 46 47 50 51 (18.0)
8: 37 38 39 52 (20.0)
9: 54 58 66 68 (20.0)
10: 49 53 55 56 64 (22.0)
11: 59 60 65 69 70 71 72 74 (20.0)
12: 61 62 63 79 (20.0)
13: 57 84 88 90 102 (22.0)
14: 73 80 83 85 (25.0)
15: 67 75 76 77 78 95 96 97 105 (20.0)
16: 81 82 86 89 91 93 98 99 111 (19.0)
17: 92 100 115 119 120 (23.0)
18: 112 123 (20.0)
19: 87 94 101 104 107 108 114 117 121 (23.0)
20: 103 106 113 118 126 129 (21.0)
21: 109 110 127 135 (21.0)
22: 125 128 131 134 139 141 (23.0)
23: 116 130 136 140 150 156 157 (24.0)
24: 122 124 132 133 137 138 143 144 147 151 155 (23.0)
25: 145 149 152 153 161 (22.0)
26: 148 154 158 (22.0)
27: 142 146 160 162 164 169 181 (23.0)
28: 159 165 168 171 173 176 184 (23.0)
29: 172 175 179 180 (21.0)
30: 163 166 167 174 178 183 186 191 199 (22.0)
31: 170 188 195 (22.0)
32: 182 185 193 194 (24.0)
33: 189 190 192 198 203 205 207 209 212 221 222 (23.0)
34: 177 196 201 202 210 213 214 215 219 (23.0)
35: 187 211 217 220 226 (22.0)
36: 197 204 206 208 (21.0)
37: 216 223 230 231 233 (24.0)
38: 200 218 228 237 241 242 (25.0)
39: 224 229 235 258 (24.0)
40: 225 236 251 254 261 (24.0)
41: 227 232 238 239 240 244 253 259 264 (26.0)
42: 234 243 248 250 252 262 (23.0)
43: 245 247 255 263 273 277 (24.0)
44: 246 256 257 265 268 280 288 (21.0)
45: 249 260 266 272 (26.0)
46: 269 271 274 276 285 289 (24.0)
47: 267 270 275 278 283 287 291 (21.0)
48: 282 284 286 300 (22.0)
49: 279 281 293 294 297 303 305 307 (30.0)
50: 295 301 319 (26.0)
51: 290 296 299 302 306 309 310 312 (30.0)
52: 318 332 (26.0)
53: 292 298 304 311 313 314 315 321 323 331 334 (28.0)
54: 308 317 322 325 (24.0)
55: 320 324 328 329 330 335 336 341 (21.0)
56: 316 327 333 337 343 357 359 (22.0)
57: 338 339 340 342 345 349 (22.0)
58: 326 364 (21.0)
59: 346 347 352 353 355 360 361 (27.0)
60: 354 356 358 363 (24.0)
61: 344 348 350 362 365 367 371 (30.0)
62: 351 373 376 380 381 (27.0)
63: 366 368 369 370 372 374 375 378 382 387 389 (30.0)
64: 383 384 385 391 397 (30.0)
65: 388 395 396 399 400 (20.0)
66: 377 379 392 394 (27.0)
67: 386 390 398 403 410 (30.0)
68: 404 407 416 420 426 (30.0)
69: 393 401 402 406 411 415 (26.0)
70: 408 409 412 413 418 419 431 432 (25.0)
71: 422 425 429 433 443 (30.0)
72: 405 414 427 430 436 437 (26.0)
73: 417 421 428 434 435 438 439 441 455 (31.0)
74: 440 444 449 (24.0)
75: 423 424 445 446 447 450 451 (28.0)
76: 448 453 454 456 458 460 (29.0)
77: 452 457 462 463 465 (31.0)
78: 442 459 461 474 475 481 (30.0)
79: 464 467 468 470 471 492 497 (30.0)
80: 466 472 473 477 478 484 485 487 (29.0)
81: 469 482 488 (30.0)
82: 480 486 489 491 493 494 496 (30.0)
83: 476 479 483 490 495 498 499 (30.0)
