Name: 500-40-75
Time: 31.579046726226807 
Result: 53
Solution:  0 0 3 0 2 1 1 0 4 2 3 1 2 3 1 4 2 3 3 7 1 5 5 6 8 10 6 5 3 8 3 7 6 7 9 12 8 10 9 10 11 12 10 10 12 13 12 14 7 11 13 10 10 10 11 12 12 14 9 12 13 14 14 16 14 16 14 17 12 13 20 14 17 16 16 15 19 14 19 17 17 15 18 15 21 21 19 19 19 18 20 19 21 19 17 20 19 21 21 21 23 21 22 19 23 23 24 23 26 19 24 23 26 25 24 22 25 21 24 27 28 26 24 25 24 28 26 30 26 27 26 27 31 25 30 29 31 28 26 30 27 31 27 32 30 33 30 35 30 29 31 28 30 28 32 32 29 34 31 33 30 30 34 33 32 34 37 33 35 37 35 34 34 35 33 34 39 38 39 36 40 37 37 36 37 41 38 40 35 37 38 43 38 40 41 40 40 42 41 39 42 42 38 39 38 39 40 47 40 46 44 45 43 48 42 43 47 47 43 44 44 43 47 46 49 47 48 46 46 45 48 44 48 48 47 49 49 48 49 50 54 47 49 49 50 50 53 53 51 51 52 50 53 49 55 54 57 51 55 53 53 56 56 51 52 54 56 51 53 55 58 58 56 56 54 55 59 57 58 56 58 58 58 57 57 57 63 60 59 59 62 63 58 58 60 61 60 61 62 62 61 65 62 64 60 64 62 62 65 63 66 64 65 68 61 64 66 65 65 63 65 63 63 66 64 67 71 65 66 66 67 71 68 72 67 67 68 69 66 69 71 70 68 68 71 72 73 71 69 72 71 71 72 72 70 76 75 72 73 71 70 74 72 75 78 75 77 75 72 75 74 77 76 78 76 78 77 77 77 74 79 78 80 76 80 83 80 79 82 80 82 81 80 81 81 79 81 79 77 84 82 83 82 79 84 83 81 86 85 80 81 82 80 86 86 85 85 82 87 88 84 90 85 83 88 87 84 84 89 87 87 92 88 87 88 90 88 91 87 89 87 93 94 87 88 94 91 92 90 91 94 90 91 91 89 94 96 93 93 93 95 94 97 95 93 99 93 95 92 95 95 96 98 95 96 99 97 97 97 97 99 98 96 97 96 97 101 97 101 98 100 100 98 101 101 101 101 101 101 100
0: 0 1 3 7 (42.0)
1: 5 6 11 14 20 (42.0)
2: 4 9 12 16 (41.0)
3: 2 10 13 17 18 28 30 (29.0)
4: 8 15 (42.0)
5: 21 22 27 (44.0)
6: 23 26 32 (45.0)
7: 19 31 33 48 (45.0)
8: 24 29 36 (40.0)
9: 34 38 58 (40.0)
10: 25 37 39 42 43 51 52 53 (38.0)
11: 40 49 54 (49.0)
12: 35 41 44 46 55 56 59 68 (40.0)
13: 45 50 60 69 (48.0)
14: 47 57 61 62 64 66 71 77 (44.0)
15: 75 81 83 (52.0)
16: 63 65 73 74 (51.0)
17: 67 72 79 80 94 (47.0)
18: 82 89 (43.0)
19: 76 78 86 87 88 91 93 96 103 109 (43.0)
20: 70 90 95 (49.0)
21: 84 85 92 97 98 99 101 117 (37.0)
22: 102 115 (41.0)
23: 100 104 105 107 111 (48.0)
24: 106 110 114 118 122 124 (56.0)
25: 113 116 123 133 (48.0)
26: 108 112 121 126 128 130 138 (42.0)
27: 119 129 131 140 142 (51.0)
28: 120 125 137 151 153 (63.0)
29: 135 149 156 (42.0)
30: 127 134 139 144 146 148 152 160 161 (46.0)
31: 132 136 141 150 158 (43.0)
32: 143 154 155 164 (56.0)
33: 145 159 163 167 174 (59.0)
34: 157 162 165 171 172 175 (59.0)
35: 147 168 170 173 188 (57.0)
36: 179 183 (56.0)
37: 166 169 181 182 184 189 (42.0)
38: 177 186 190 192 202 204 (41.0)
39: 176 178 199 203 205 (44.0)
40: 180 187 193 195 196 206 208 (45.0)
41: 185 194 198 (48.0)
42: 197 200 201 214 (50.0)
43: 191 212 215 218 221 (55.0)
44: 210 219 220 231 (48.0)
45: 211 229 (46.0)
46: 209 223 227 228 (54.0)
47: 207 216 217 222 225 234 241 (40.0)
48: 213 226 230 232 233 237 (46.0)
49: 224 235 236 238 242 243 253 (46.0)
50: 239 244 245 251 (50.0)
51: 248 249 257 263 267 (60.0)
52: 250 264 (44.0)
53: 246 247 252 259 260 268 (53.0)
54: 240 255 265 274 (61.0)
55: 254 258 269 275 (51.0)
56: 261 262 266 272 273 279 (73.0)
57: 256 277 283 284 285 (52.0)
58: 270 271 278 280 281 282 292 293 (65.0)
59: 276 288 289 (43.0)
60: 287 294 296 304 (47.0)
61: 295 297 300 314 (52.0)
62: 290 298 299 302 306 307 (53.0)
63: 286 291 309 319 321 322 (69.0)
64: 303 305 311 315 324 (66.0)
65: 301 308 312 317 318 320 327 (75.0)
66: 310 316 323 328 329 338 (72.0)
67: 325 330 334 335 (71.0)
68: 313 332 336 342 343 (46.0)
69: 337 339 348 (49.0)
70: 341 354 360 (59.0)
71: 326 331 340 344 347 350 351 359 (61.0)
72: 333 345 349 352 353 357 362 368 (65.0)
73: 346 358 (52.0)
74: 361 370 379 (47.0)
75: 356 363 365 367 369 (59.0)
76: 355 372 374 383 (65.0)
77: 366 371 376 377 378 398 (57.0)
78: 364 373 375 381 (54.0)
79: 380 387 395 397 403 (69.0)
80: 382 384 386 389 392 409 412 (65.0)
81: 391 393 394 396 406 410 (75.0)
82: 388 390 400 402 411 417 (74.0)
83: 385 401 405 423 (55.0)
84: 399 404 420 426 427 (75.0)
85: 408 415 416 422 (72.0)
86: 407 413 414 (53.0)
87: 418 425 429 430 433 438 440 443 (72.0)
88: 419 424 432 434 436 444 (75.0)
89: 428 439 454 (74.0)
90: 421 435 448 451 (75.0)
91: 437 446 449 452 453 (68.0)
92: 431 447 468 (66.0)
93: 441 457 458 459 464 466 (74.0)
94: 442 445 450 455 461 (73.0)
95: 460 463 467 469 470 473 (73.0)
96: 456 471 474 482 484 (76.0)
97: 462 476 477 478 479 483 485 487 (78.0)
98: 472 481 489 492 (75.0)
99: 465 475 480 (75.0)
100: 490 491 499 (82.0)
101: 486 488 493 494 495 496 497 498 (67.0)
