Name: 500-30-50
Time: 32.35512375831604 
Result: 32
Solution:  0 0 1 0 1 1 4 0 3 4 4 6 4 0 4 2 2 3 6 6 3 5 5 4 8 7 6 6 7 10 9 6 5 8 8 9 10 8 9 8 9 13 9 11 10 13 10 10 15 9 14 11 12 10 13 11 14 15 16 13 16 15 12 15 14 18 15 18 16 19 20 16 20 19 19 17 19 15 18 19 19 20 20 22 20 21 23 17 21 24 19 22 25 25 23 23 24 24 23 26 21 25 24 28 29 26 27 23 25 27 24 30 28 28 27 30 26 27 30 30 31 30 30 33 31 31 29 29 33 31 31 32 32 33 33 29 34 32 34 34 35 35 32 38 38 37 38 33 37 41 36 35 36 38 42 40 37 38 39 38 41 40 40 36 39 41 39 42 42 41 42 42 39 43 43 43 45 46 46 45 44 44 46 45 44 45 46 48 48 46 47 46 47 48 49 50 49 50 50 46 47 49 49 48 51 49 50 51 53 54 54 52 53 53 51 55 55 56 56 53 54 55 54 54 56 57 53 52 57 56 59 57 59 58 56 58 58 59 57 60 61 61 58 59 64 62 63 59 60 64 62 58 62 64 61 63 66 62 64 62 62 66 68 65 62 67 67 67 65 65 67 68 68 68 72 69 72 66 66 70 69 68 71 72 72 72 71 73 76 71 74 70 71 72 75 75 74 74 78 73 75 76 74 72 77 78 76 78 77 76 77 78 80 80 79 78 81 77 79 79 83 80 80 81 78 83 80 81 81 82 82 82 81 80 81 83 84 84 87 85 84 84 87 85 86 85 87 82 87 87 87 86 88 87 86 89 89 87 90 91 90 92 93 90 88 87 88 92 92 93 92 93 91 90 96 91 92 96 95 93 95 94 95 96 98 95 97 94 99 96 94 96 100 100 100 98 97 96 100 97 100 100 99 99 99 102 103 103 101 101 104 102 103 102 102 105 103 105 106 106 101 103 104 103 104 104 102 106 103 103 106 105 108 107 108 105 107 106 107 105 111 107 106 107 108 109 109 110 109 111 110 112 112 108 111 107 114 107 109 111 112 110 113 112 110 112 113 115 113 114 115 116 114 113 114 113 113 117 115 115 116 116 115 115 119 117 118 117 119 117 114 117 118 118 118 117 119 119 119 119
0: 0 1 3 7 13 (33.0)
1: 2 4 5 (30.0)
2: 15 16 (39.0)
3: 8 17 20 (31.0)
4: 6 9 10 12 14 23 (20.0)
5: 21 22 32 (35.0)
6: 11 18 19 26 27 31 (29.0)
7: 25 28 (30.0)
8: 24 33 34 37 39 (30.0)
9: 30 35 38 40 42 49 (24.0)
10: 29 36 44 46 47 53 (33.0)
11: 43 51 55 (36.0)
12: 52 62 (35.0)
13: 41 45 54 59 (39.0)
14: 50 56 64 (31.0)
15: 48 57 61 63 66 77 (31.0)
16: 58 60 68 71 (34.0)
17: 75 87 (33.0)
18: 65 67 78 (39.0)
19: 69 73 74 76 79 80 90 (29.0)
20: 70 72 81 82 84 (30.0)
21: 85 88 100 (38.0)
22: 83 91 (38.0)
23: 86 94 95 98 107 (37.0)
24: 89 96 97 102 110 (34.0)
25: 92 93 101 108 (28.0)
26: 99 105 116 (29.0)
27: 106 109 114 117 (37.0)
28: 103 112 113 (31.0)
29: 104 126 127 135 (34.0)
30: 111 115 118 119 121 122 (42.0)
31: 120 124 125 129 130 (45.0)
32: 131 132 137 142 (41.0)
33: 123 128 133 134 147 (33.0)
34: 136 138 139 (31.0)
35: 140 141 151 (39.0)
36: 150 152 163 (34.0)
37: 145 148 156 (35.0)
38: 143 144 146 153 157 159 (30.0)
39: 158 164 166 172 (38.0)
40: 155 161 162 (37.0)
41: 149 160 165 169 (35.0)
42: 154 167 168 170 171 (40.0)
43: 173 174 175 (34.0)
44: 180 181 184 (46.0)
45: 176 179 183 185 (46.0)
46: 177 178 182 186 189 191 199 (33.0)
47: 190 192 200 (33.0)
48: 187 188 193 203 (46.0)
49: 194 196 201 202 205 (35.0)
50: 195 197 198 206 (42.0)
51: 204 207 214 (39.0)
52: 211 227 (36.0)
53: 208 212 213 219 226 (37.0)
54: 209 210 220 222 223 (47.0)
55: 215 216 221 (41.0)
56: 217 218 224 229 234 (29.0)
57: 225 228 231 238 (37.0)
58: 233 235 236 242 251 (48.0)
59: 230 232 237 243 247 (48.0)
60: 239 248 (40.0)
61: 240 241 254 (35.0)
62: 245 250 252 257 259 260 264 (36.0)
63: 246 255 (43.0)
64: 244 249 253 258 (35.0)
65: 263 268 269 (36.0)
66: 256 261 277 278 (36.0)
67: 265 266 267 270 (45.0)
68: 262 271 272 273 281 (45.0)
69: 275 280 (39.0)
70: 279 291 (40.0)
71: 282 286 289 292 (35.0)
72: 274 276 283 284 285 293 303 (41.0)
73: 287 299 (52.0)
74: 290 296 297 302 (30.0)
75: 294 295 300 (50.0)
76: 288 301 306 309 (49.0)
77: 304 308 310 317 (48.0)
78: 298 305 307 311 315 324 (52.0)
79: 314 318 319 (50.0)
80: 312 313 321 322 326 333 (50.0)
81: 316 323 327 328 332 334 (51.0)
82: 329 330 331 347 (50.0)
83: 320 325 335 (50.0)
84: 336 337 340 341 (40.0)
85: 339 343 345 (41.0)
86: 344 351 354 (48.0)
87: 338 342 346 348 349 350 353 357 365 (46.0)
88: 352 364 366 (49.0)
89: 355 356 (51.0)
90: 358 360 363 373 (44.0)
91: 359 372 375 (40.0)
92: 361 367 368 370 376 (47.0)
93: 362 369 371 379 (47.0)
94: 381 387 390 (37.0)
95: 378 380 382 385 (45.0)
96: 374 377 383 389 391 397 (40.0)
97: 386 396 399 (44.0)
98: 384 395 (51.0)
99: 388 402 403 404 (40.0)
100: 392 393 394 398 400 401 (49.0)
101: 408 409 420 (50.0)
102: 405 411 413 414 426 (48.0)
103: 406 407 412 416 421 423 428 429 (49.0)
104: 410 422 424 425 (47.0)
105: 415 417 431 435 439 (50.0)
106: 418 419 427 430 437 442 (50.0)
107: 433 436 438 441 443 455 457 (52.0)
108: 432 434 444 453 (50.0)
109: 445 446 448 458 (51.0)
110: 447 450 461 464 (45.0)
111: 440 449 454 459 (50.0)
112: 451 452 460 463 465 (47.0)
113: 462 466 468 473 475 476 (41.0)
114: 456 469 472 474 490 (50.0)
115: 467 470 478 479 482 483 (50.0)
116: 471 480 481 (49.0)
117: 477 485 487 489 491 495 (48.0)
118: 486 492 493 494 (49.0)
119: 484 488 496 497 498 499 (50.0)
