Name: 500-20-30
Time: 29.44098472595215 
Result: 12
Solution:  1 0 0 0 0 4 4 5 5 3 1 0 0 2 0 2 5 5 6 2 4 1 0 4 3 5 3 2 5 7 5 5 4 7 5 6 6 6 7 7 8 6 5 6 12 6 8 8 8 11 12 11 8 8 7 10 10 11 8 10 11 14 13 12 8 12 10 8 8 13 16 12 13 11 10 13 12 12 13 11 14 16 16 14 14 15 15 19 13 14 14 14 17 19 16 15 16 16 16 15 17 21 13 17 19 21 18 18 16 19 21 16 18 22 21 18 19 21 20 18 17 22 18 20 18 22 21 23 22 21 19 22 25 24 25 20 23 25 25 24 25 20 27 21 24 26 27 24 24 25 23 22 25 26 23 24 22 26 27 28 25 26 28 25 28 27 29 30 27 26 33 31 31 28 29 29 28 34 31 30 30 27 28 33 29 31 31 33 35 35 35 30 33 30 32 31 33 31 35 35 31 34 33 33 36 33 36 35 37 34 34 32 34 34 35 38 37 37 37 38 35 35 34 36 39 38 40 38 38 37 40 38 40 37 39 39 40 38 41 41 41 43 40 42 40 41 42 39 43 45 42 41 42 42 40 45 40 44 42 44 45 42 43 43 42 43 45 44 45 49 44 49 42 46 46 46 46 48 44 48 44 45 47 49 52 46 49 46 44 47 50 52 52 49 52 48 51 50 51 50 47 50 51 48 48 50 50 49 54 54 52 50 51 52 52 52 56 54 53 53 58 52 51 54 56 57 53 56 54 56 56 54 55 56 54 58 56 56 57 58 58 57 58 55 62 59 56 59 58 57 59 61 61 59 58 59 60 56 62 58 62 62 61 57 60 64 62 62 64 62 63 62 63 61 66 62 65 64 64 63 61 67 64 64 64 65 66 62 65 63 65 66 68 68 65 65 65 66 65 67 68 69 69 68 70 68 69 68 67 71 67 70 70 65 72 69 67 73 70 69 71 71 71 74 71 72 70 72 73 74 70 72 71 72 75 72 71 70 73 73 74 75 72 73 74 76 75 75 73 74 76 75 76 73 76 77 77 76 75 81 78 77 77 77 79 77 78 79 81 79 78 79 80 80 78 78 82 81 78 81 81 78 79 82 81 81 83 80 80 83 78 82 82 83 82 83 83 81 83 83
0: 1 2 3 4 11 12 14 22 (19.0)
1: 0 10 21 (22.0)
2: 13 15 19 27 (22.0)
3: 9 24 26 (20.0)
4: 5 6 20 23 32 (21.0)
5: 7 8 16 17 25 28 30 31 34 42 (18.0)
6: 18 35 36 37 41 43 45 (22.0)
7: 29 33 38 39 54 (23.0)
8: 40 46 47 48 52 53 58 64 67 68 (30.0)
9: (0.0)
10: 55 56 59 66 74 (26.0)
11: 49 51 57 60 73 79 (22.0)
12: 44 50 63 65 71 76 77 (20.0)
13: 62 69 72 75 78 88 102 (23.0)
14: 61 80 83 84 89 90 91 (24.0)
15: 85 86 95 99 (20.0)
16: 70 81 82 94 96 97 98 108 111 (19.0)
17: 92 100 103 120 (21.0)
18: 106 107 112 115 119 122 124 (26.0)
19: 87 93 104 109 116 130 (21.0)
20: 118 123 135 141 (21.0)
21: 101 105 110 114 117 126 129 143 (23.0)
22: 113 121 125 128 131 151 156 (23.0)
23: 127 136 150 154 (20.0)
24: 133 139 144 147 148 155 (21.0)
25: 132 134 137 138 140 149 152 160 163 (22.0)
26: 145 153 157 161 169 (23.0)
27: 142 146 158 165 168 181 (24.0)
28: 159 162 164 173 176 182 (21.0)
29: 166 174 175 184 (21.0)
30: 167 179 180 191 193 (22.0)
31: 171 172 178 185 186 195 197 200 (24.0)
32: 194 211 (20.0)
33: 170 183 187 192 196 202 203 205 (23.0)
34: 177 201 209 210 212 213 222 (22.0)
35: 188 189 190 198 199 207 214 220 221 (20.0)
36: 204 206 223 (24.0)
37: 208 216 217 218 229 233 (26.0)
38: 215 219 225 227 228 231 237 (24.0)
39: 224 234 235 247 (22.0)
40: 226 230 232 236 242 244 254 256 (30.0)
41: 238 239 240 245 251 (22.0)
42: 243 246 250 252 253 258 261 264 272 (27.0)
43: 241 248 262 263 265 (22.0)
44: 257 259 267 270 278 280 288 (21.0)
45: 249 255 260 266 268 281 (28.0)
46: 273 274 275 276 285 287 (24.0)
47: 282 289 300 (24.0)
48: 277 279 295 303 304 (24.0)
49: 269 271 283 286 293 307 (22.0)
50: 290 297 299 301 305 306 311 (22.0)
51: 296 298 302 312 322 (22.0)
52: 284 291 292 294 310 313 314 315 321 (22.0)
53: 318 319 326 (28.0)
54: 308 309 317 323 328 331 334 (25.0)
55: 332 343 (27.0)
56: 316 324 327 329 330 333 336 337 346 357 (22.0)
57: 325 338 341 349 363 (23.0)
58: 320 335 339 340 342 348 354 359 (24.0)
59: 345 347 350 353 355 (30.0)
60: 356 364 (26.0)
61: 351 352 362 373 380 (30.0)
62: 344 358 360 361 366 367 369 371 375 387 (29.0)
63: 370 372 379 389 (21.0)
64: 365 368 377 378 382 383 384 (28.0)
65: 376 385 388 390 394 395 396 398 413 (29.0)
66: 374 386 391 397 (29.0)
67: 381 399 408 410 416 (30.0)
68: 392 393 400 403 405 407 (29.0)
69: 401 402 406 415 419 (28.0)
70: 404 411 412 418 426 430 437 (28.0)
71: 409 420 421 422 424 432 436 (30.0)
72: 414 425 427 431 433 435 442 (30.0)
73: 417 428 438 439 443 448 453 (24.0)
74: 423 429 440 444 449 (28.0)
75: 434 441 446 447 451 458 (27.0)
76: 445 450 452 454 457 (29.0)
77: 455 456 461 462 463 465 (30.0)
78: 460 466 470 474 475 478 481 490 (30.0)
79: 464 467 469 471 482 (30.0)
80: 472 473 487 488 (30.0)
81: 459 468 477 479 480 484 485 497 (28.0)
82: 476 483 491 492 494 (29.0)
83: 486 489 493 495 496 498 499 (28.0)
