Name: 500-50-100
Time: 15.989312887191772 
Result: 34064
Solution:  2 0 0 0 2 1 1 4 2 0 2 1 6 1 3 4 5 3 3 1 6 4 3 5 7 6 6 5 8 11 9 6 7 7 8 6 9 10 8 9 10 8 13 10 8 12 11 10 9 16 13 11 12 13 15 13 15 15 16 14 18 11 13 14 19 16 16 15 18 14 17 17 17 20 19 18 20 20 16 17 20 22 19 19 20 21 23 18 24 21 22 21 24 22 23 22 21 20 24 23 26 27 25 25 29 27 26 25 27 28 28 27 30 26 26 28 33 28 29 32 31 30 30 30 34 31 31 29 31 34 32 30 33 34 33 35 33 33 34 32 38 32 35 37 38 36 40 40 39 38 38 41 42 37 38 36 37 42 41 36 41 36 39 43 45 41 43 41 40 42 42 40 40 39 44 44 46 45 43 44 47 42 44 46 43 46 49 48 47 50 44 44 46 45 48 48 47 49 52 51 49 50 48 50 52 52 54 50 52 53 51 49 54 55 54 49 56 53 52 54 53 55 56 55 57 53 56 58 56 60 60 54 56 58 60 60 59 55 57 63 57 57 58 60 57 64 61 63 61 61 62 62 64 63 65 61 67 63 63 61 67 66 65 65 66 68 66 64 64 67 63 70 69 72 67 66 67 65 69 68 72 69 72 70 69 71 70 71 70 73 72 71 75 77 70 74 76 72 74 74 76 77 75 76 73 73 74 74 76 76 77 75 81 80 77 78 78 77 78 75 78 76 76 79 80 81 80 78 78 84 82 79 80 81 79 80 85 82 83 79 84 83 84 85 83 84 84 83 85 82 86 88 85 83 84 85 85 83 86 85 87 86 88 89 87 84 89 88 86 89 90 91 88 88 88 89 91 87 91 90 91 93 94 90 92 93 91 95 89 92 92 94 92 93 93 95 94 93 92 92 96 96 95 94 95 95 95 94 97 93 96 99 96 101 98 97 98 100 100 99 98 102 99 98 98 99 97 100 99 100 101 101 100 97 104 99 103 103 102 102 105 104 104 103 101 106 102 103 102 103 106 108 105 104 106 102 104 106 107 106 109 106 105 105 105 108 112 107 109 106 109 110 111 108 107 113 107 109 110 108 114 111 110 109 110 113 110 112 111 111 113 113 113 114 112 114 114 114 114 112
0: 1 2 3 9 (43.0)
1: 5 6 11 13 19 (47.0)
2: 0 4 8 10 (59.0)
3: 14 17 18 22 (42.0)
4: 7 15 21 (51.0)
5: 16 23 27 (72.0)
6: 12 20 25 26 31 35 (49.0)
7: 24 32 33 (61.0)
8: 28 34 38 41 44 (48.0)
9: 30 36 39 48 (50.0)
10: 37 40 43 47 (46.0)
11: 29 46 51 61 (55.0)
12: 45 52 (59.0)
13: 42 50 53 55 62 (51.0)
14: 59 63 69 (68.0)
15: 54 56 57 67 (62.0)
16: 49 58 65 66 78 (65.0)
17: 70 71 72 79 (64.0)
18: 60 68 75 87 (76.0)
19: 64 74 82 83 (62.0)
20: 73 76 77 80 84 97 (55.0)
21: 85 89 91 96 (54.0)
22: 81 90 93 95 (61.0)
23: 86 94 99 (51.0)
24: 88 92 98 (61.0)
25: 102 103 107 (58.0)
26: 100 106 113 114 (54.0)
27: 101 105 108 111 (54.0)
28: 109 110 115 117 (62.0)
29: 104 118 127 (68.0)
30: 112 121 122 123 131 (56.0)
31: 120 125 126 128 (70.0)
32: 119 130 139 141 (71.0)
33: 116 132 134 136 137 (61.0)
34: 124 129 133 138 (57.0)
35: 135 142 (72.0)
36: 145 155 159 161 (51.0)
37: 143 153 156 (52.0)
38: 140 144 149 150 154 (83.0)
39: 148 162 173 (62.0)
40: 146 147 168 171 172 (77.0)
41: 151 158 160 165 167 (88.0)
42: 152 157 169 170 181 (66.0)
43: 163 166 178 184 (81.0)
44: 174 175 179 182 190 191 (85.0)
45: 164 177 193 (62.0)
46: 176 183 185 192 (62.0)
47: 180 188 196 (63.0)
48: 187 194 195 202 (67.0)
49: 186 197 200 211 215 (91.0)
50: 189 201 203 207 (86.0)
51: 199 210 (50.0)
52: 198 204 205 208 218 (73.0)
53: 209 217 220 225 (99.0)
54: 206 212 214 219 231 (87.0)
55: 213 221 223 237 (60.0)
56: 216 222 226 228 232 (74.0)
57: 224 238 240 241 244 (66.0)
58: 227 233 242 (81.0)
59: 236 (56.0)
60: 229 230 234 235 243 (82.0)
61: 246 248 249 255 259 (98.0)
62: 250 251 (58.0)
63: 239 247 253 257 258 270 (93.0)
64: 245 252 267 268 (98.0)
65: 254 262 263 277 (82.0)
66: 261 264 266 275 (63.0)
67: 256 260 269 274 276 (75.0)
68: 265 279 (70.0)
69: 272 278 281 284 (73.0)
70: 271 283 286 288 294 (66.0)
71: 285 287 291 (76.0)
72: 273 280 282 290 297 (74.0)
73: 289 304 305 (90.0)
74: 295 298 299 306 307 (84.0)
75: 292 302 311 319 (99.0)
76: 296 300 303 308 309 321 322 (96.0)
77: 293 301 310 314 317 (97.0)
78: 315 316 318 320 327 328 (67.0)
79: 323 331 334 339 (76.0)
80: 313 324 326 332 335 (77.0)
81: 312 325 333 (69.0)
82: 330 337 349 (97.0)
83: 338 341 344 347 353 357 (102.0)
84: 329 340 342 345 346 354 365 (99.0)
85: 336 343 348 352 355 356 359 (99.0)
86: 350 358 361 368 (90.0)
87: 360 364 377 (52.0)
88: 351 362 367 372 373 374 (63.0)
89: 363 366 369 375 388 (92.0)
90: 370 379 383 (92.0)
91: 371 376 378 380 386 (87.0)
92: 384 389 390 392 398 399 (90.0)
93: 381 385 393 394 397 409 (99.0)
94: 382 391 396 403 407 (92.0)
95: 387 395 402 404 405 406 (98.0)
96: 400 401 410 412 (86.0)
97: 408 415 426 433 (99.0)
98: 414 416 420 423 424 (100.0)
99: 411 419 422 425 428 435 (101.0)
100: 417 418 427 429 432 (99.0)
101: 413 430 431 444 (97.0)
102: 421 438 439 446 448 455 (100.0)
103: 436 437 443 447 449 (100.0)
104: 434 441 442 453 456 (106.0)
105: 440 452 462 463 464 (100.0)
106: 445 450 454 457 459 461 469 (97.0)
107: 458 467 474 476 (95.0)
108: 451 465 473 479 (82.0)
109: 460 468 470 477 483 (72.0)
110: 471 478 482 484 486 (95.0)
111: 472 481 488 489 (100.0)
112: 466 487 494 499 (97.0)
113: 475 485 490 491 492 (93.0)
114: 480 493 495 496 497 498 (100.0)
