Name: 500-50-100
Time: 15.795223712921143 
Result: 17060
Solution:  1 1 0 1 2 0 1 0 2 0 2 0 3 4 3 3 8 4 4 4 4 5 2 5 9 7 7 6 9 10 7 7 5 6 8 11 7 9 8 8 10 8 13 8 12 13 11 13 9 13 14 11 12 13 15 11 15 14 14 14 18 17 14 15 18 15 16 17 14 17 15 17 16 20 16 19 18 18 19 19 21 22 19 20 18 20 20 23 22 21 21 20 24 21 24 23 23 23 25 24 25 25 24 29 28 27 26 26 29 27 25 27 26 28 27 30 27 28 28 32 31 29 29 30 29 31 30 30 36 35 32 30 36 30 31 35 32 33 33 33 39 33 34 33 34 39 39 38 40 33 36 37 37 39 38 38 41 37 40 37 41 39 39 43 42 41 43 42 40 39 44 41 39 47 41 42 45 44 43 44 48 43 45 48 46 45 49 45 47 48 46 46 50 49 44 50 46 47 52 51 49 51 48 50 54 52 53 50 52 51 49 48 55 55 54 50 54 53 57 54 56 56 55 52 58 54 57 56 57 59 60 53 57 60 59 59 58 60 57 59 61 61 60 58 61 63 60 64 62 62 63 62 61 63 65 63 64 64 61 63 68 66 65 67 66 66 67 64 67 65 68 69 69 65 69 66 69 67 69 68 72 70 70 73 75 71 72 71 70 71 71 70 75 77 72 72 76 78 75 70 76 74 75 75 74 74 77 77 77 76 77 75 81 80 73 78 78 74 79 78 81 79 76 78 81 77 79 80 78 79 82 79 84 81 83 80 85 80 82 79 83 87 84 82 83 86 84 85 85 82 84 84 88 84 85 86 86 86 84 85 87 87 90 88 89 89 89 88 92 88 91 92 93 89 90 90 86 89 90 90 92 92 95 91 89 92 91 95 89 91 93 95 89 94 93 95 94 96 92 96 96 96 94 94 94 100 93 93 99 95 98 97 96 95 98 96 97 97 98 99 97 101 99 100 100 100 98 99 98 103 101 98 99 97 100 104 102 100 105 101 105 104 103 104 101 106 102 102 102 102 107 105 103 104 106 107 105 106 103 109 107 107 107 109 106 109 112 108 108 106 113 110 110 105 111 111 109 108 110 112 107 110 111 110 108 111 111 112 111 112 112 113 111 112 113 114 114 114 113 114
0: 2 5 7 9 11 (52.0)
1: 0 1 3 6 (51.0)
2: 4 8 10 22 (57.0)
3: 12 14 15 (45.0)
4: 13 17 18 19 20 (47.0)
5: 21 23 32 (50.0)
6: 27 33 (57.0)
7: 25 26 30 31 36 (49.0)
8: 16 34 38 39 41 43 (50.0)
9: 24 28 37 48 (53.0)
10: 29 40 (50.0)
11: 35 46 51 55 (50.0)
12: 44 52 (62.0)
13: 42 45 47 49 53 (75.0)
14: 50 57 58 59 62 68 (51.0)
15: 54 56 63 65 70 (78.0)
16: 66 72 74 (58.0)
17: 61 67 69 71 (56.0)
18: 60 64 76 77 84 (66.0)
19: 75 78 79 82 (68.0)
20: 73 83 85 86 91 (55.0)
21: 80 89 90 93 (56.0)
22: 81 88 (51.0)
23: 87 95 96 97 (76.0)
24: 92 94 99 102 (61.0)
25: 98 100 101 110 (56.0)
26: 106 107 112 (51.0)
27: 105 109 111 114 116 (58.0)
28: 104 113 117 118 (54.0)
29: 103 108 121 122 124 (65.0)
30: 115 123 126 127 131 133 (99.0)
31: 120 125 134 (58.0)
32: 119 130 136 (58.0)
33: 137 138 139 141 143 149 (71.0)
34: 142 144 (73.0)
35: 129 135 (51.0)
36: 128 132 150 (61.0)
37: 151 152 157 159 (51.0)
38: 147 154 155 (59.0)
39: 140 145 146 153 161 162 169 172 (53.0)
40: 148 158 168 (57.0)
41: 156 160 165 171 174 (85.0)
42: 164 167 175 (59.0)
43: 163 166 178 181 (66.0)
44: 170 177 179 194 (73.0)
45: 176 182 185 187 (67.0)
46: 184 190 191 196 (79.0)
47: 173 188 197 (84.0)
48: 180 183 189 202 211 (69.0)
49: 186 193 200 210 (80.0)
50: 192 195 203 207 215 (90.0)
51: 199 201 209 (79.0)
52: 198 205 208 223 (68.0)
53: 206 217 231 (85.0)
54: 204 214 216 219 225 (53.0)
55: 212 213 222 (70.0)
56: 220 221 227 (77.0)
57: 218 226 228 232 238 (74.0)
58: 224 236 243 (79.0)
59: 229 234 235 239 (80.0)
60: 230 233 237 242 246 (73.0)
61: 240 241 244 252 258 (81.0)
62: 248 249 251 (72.0)
63: 245 250 253 255 259 (74.0)
64: 247 256 257 267 (98.0)
65: 254 262 269 273 (74.0)
66: 261 264 265 275 (52.0)
67: 263 266 268 277 (99.0)
68: 260 270 279 (94.0)
69: 271 272 274 276 278 (75.0)
70: 281 282 288 291 299 (88.0)
71: 285 287 289 290 (94.0)
72: 280 286 294 295 (77.0)
73: 283 314 (64.0)
74: 301 304 305 317 (84.0)
75: 284 292 298 302 303 311 (95.0)
76: 296 300 309 322 (78.0)
77: 293 306 307 308 310 325 (98.0)
78: 297 315 316 319 323 328 (98.0)
79: 318 321 326 329 331 339 (77.0)
80: 313 327 335 337 (62.0)
81: 312 320 324 333 (61.0)
82: 330 338 343 349 (99.0)
83: 334 340 344 (59.0)
84: 332 342 346 350 351 353 358 (89.0)
85: 336 347 348 354 359 (72.0)
86: 345 355 356 357 376 (81.0)
87: 341 360 361 (92.0)
88: 352 363 367 369 (75.0)
89: 364 365 366 373 377 384 388 392 (96.0)
90: 362 374 375 378 379 (87.0)
91: 370 383 386 389 (99.0)
92: 368 371 380 381 385 398 (98.0)
93: 372 390 394 406 407 (95.0)
94: 393 396 402 403 404 (99.0)
95: 382 387 391 395 409 413 (85.0)
96: 397 399 400 401 412 415 (95.0)
97: 411 416 417 420 433 (99.0)
98: 410 414 418 426 428 431 (105.0)
99: 408 419 422 427 432 (103.0)
100: 405 423 424 425 434 437 (99.0)
101: 421 430 439 444 (100.0)
102: 436 446 447 448 449 (100.0)
103: 429 442 452 458 (100.0)
104: 435 441 443 453 (82.0)
105: 438 440 451 456 473 (100.0)
106: 445 454 457 464 469 (80.0)
107: 450 455 460 461 462 480 (100.0)
108: 467 468 477 484 (95.0)
109: 459 463 465 476 (97.0)
110: 471 472 478 481 483 (98.0)
111: 474 475 482 485 486 488 492 (97.0)
112: 466 479 487 489 490 493 (100.0)
113: 470 491 494 498 (98.0)
114: 495 496 497 499 (93.0)
