Name: 500-40-75
Time: 30.87737536430359 
Result: 44
Solution:  1 2 2 0 1 1 4 1 2 0 3 1 2 1 0 7 3 3 3 4 6 8 5 3 6 10 6 5 8 7 3 8 9 8 8 10 6 12 9 6 11 11 10 8 11 8 12 11 10 13 13 12 10 10 12 14 13 13 10 12 16 15 14 14 15 16 11 17 14 14 20 16 16 17 17 15 15 18 20 16 15 16 20 18 17 19 17 19 19 18 24 19 19 21 17 19 19 20 20 21 21 23 22 19 23 23 23 22 25 20 25 25 26 24 25 22 27 22 23 25 27 26 25 27 26 28 26 26 27 28 26 28 27 24 29 30 29 27 27 30 29 31 32 32 30 34 31 32 32 31 32 31 31 29 32 33 35 33 31 33 31 32 34 32 35 36 34 33 35 32 35 35 35 37 33 36 38 38 40 37 38 41 39 36 39 38 40 39 42 43 39 40 37 39 40 40 39 42 41 38 42 42 40 41 40 44 44 43 43 45 44 46 44 42 41 43 48 44 45 41 44 45 49 46 50 46 50 48 49 43 47 48 46 47 49 47 49 53 49 49 48 48 49 51 53 54 50 54 51 51 52 52 51 53 50 54 52 55 56 54 53 57 56 51 52 54 57 51 52 57 57 57 57 56 55 55 59 59 56 56 56 58 61 58 58 58 55 60 61 62 63 62 59 59 60 60 62 63 60 61 59 60 62 64 61 64 63 62 61 63 66 63 66 68 61 66 65 65 66 63 67 64 63 64 64 69 69 65 67 66 67 69 68 70 68 69 71 73 70 69 70 71 68 68 71 70 71 70 72 70 73 73 71 71 72 74 76 73 72 74 74 74 74 76 76 78 74 75 74 74 77 77 76 78 75 79 77 75 73 79 81 79 77 75 77 78 79 79 80 79 81 81 83 81 78 80 82 83 77 82 80 80 82 79 84 84 84 86 85 80 87 84 83 84 86 82 86 81 88 84 90 83 86 87 87 84 90 85 89 88 85 89 90 87 88 90 87 86 91 85 87 92 92 90 87 91 89 89 94 92 94 91 89 91 91 94 97 93 91 92 94 93 96 96 95 96 93 93 93 95 98 96 99 92 95 97 98 97 97 96 100 98 96 98 95 101 101 96 98 99 99 97 98 101 101 101 98 98 101 100
0: 3 9 14 (43.0)
1: 0 4 5 7 11 13 (33.0)
2: 1 2 8 12 (41.0)
3: 10 16 17 18 23 30 (40.0)
4: 6 19 (43.0)
5: 22 27 (41.0)
6: 20 24 26 36 39 (40.0)
7: 15 29 (42.0)
8: 21 28 31 33 34 43 45 (44.0)
9: 32 38 (46.0)
10: 25 35 42 48 52 53 58 (34.0)
11: 40 41 44 47 66 (42.0)
12: 37 46 51 54 59 (40.0)
13: 49 50 56 57 (44.0)
14: 55 62 63 68 69 (46.0)
15: 61 64 75 76 80 (48.0)
16: 60 65 71 72 79 81 (43.0)
17: 67 73 74 84 86 94 (52.0)
18: 77 83 89 (52.0)
19: 85 87 88 91 92 95 96 103 (41.0)
20: 70 78 82 97 98 109 (42.0)
21: 93 99 100 (46.0)
22: 102 107 115 117 (46.0)
23: 101 104 105 106 118 (43.0)
24: 90 113 133 (50.0)
25: 108 110 111 114 119 122 (41.0)
26: 112 121 124 126 127 130 (43.0)
27: 116 120 123 128 132 137 138 (53.0)
28: 125 129 131 (42.0)
29: 134 136 140 153 (44.0)
30: 135 139 144 (42.0)
31: 141 146 149 151 152 158 160 (51.0)
32: 142 143 147 148 150 154 161 163 169 (48.0)
33: 155 157 159 167 174 (58.0)
34: 145 162 166 (48.0)
35: 156 164 168 170 171 172 (62.0)
36: 165 175 183 (44.0)
37: 173 179 192 (56.0)
38: 176 177 180 185 199 (51.0)
39: 182 184 187 190 193 196 (48.0)
40: 178 186 191 194 195 202 204 (49.0)
41: 181 198 203 214 219 (45.0)
42: 188 197 200 201 213 (56.0)
43: 189 207 208 215 229 (48.0)
44: 205 206 210 212 217 220 (53.0)
45: 209 218 221 (45.0)
46: 211 223 225 232 (55.0)
47: 230 233 235 (42.0)
48: 216 227 231 240 241 (54.0)
49: 222 228 234 236 238 239 242 (63.0)
50: 224 226 246 254 (54.0)
51: 243 248 249 252 263 267 (55.0)
52: 250 251 256 264 268 (55.0)
53: 237 244 253 260 (47.0)
54: 245 247 255 259 265 (65.0)
55: 257 274 275 286 (47.0)
56: 258 262 273 278 279 280 (74.0)
57: 261 266 269 270 271 272 (55.0)
58: 281 283 284 285 (46.0)
59: 276 277 292 293 300 (57.0)
60: 287 294 295 298 301 (50.0)
61: 282 288 299 304 308 314 (44.0)
62: 289 291 296 302 307 (58.0)
63: 290 297 306 309 311 319 322 (69.0)
64: 303 305 321 323 324 (74.0)
65: 316 317 327 (41.0)
66: 310 312 315 318 329 (61.0)
67: 320 328 330 (71.0)
68: 313 332 334 342 343 (44.0)
69: 325 326 331 335 339 (69.0)
70: 333 338 340 345 347 349 (60.0)
71: 336 341 344 346 352 353 (58.0)
72: 348 354 358 (74.0)
73: 337 350 351 357 378 (56.0)
74: 355 359 360 361 362 366 368 369 (48.0)
75: 367 374 377 383 (67.0)
76: 356 363 364 372 (51.0)
77: 370 371 376 382 384 398 (60.0)
78: 365 373 385 394 (70.0)
79: 375 379 381 386 387 389 403 (75.0)
80: 388 395 400 401 409 (73.0)
81: 380 390 391 393 417 (74.0)
82: 396 399 402 415 (77.0)
83: 392 397 412 421 (66.0)
84: 404 405 406 411 413 419 425 (70.0)
85: 408 427 430 439 (72.0)
86: 407 414 416 422 437 (67.0)
87: 410 423 424 433 436 440 444 (75.0)
88: 418 429 434 (49.0)
89: 428 431 446 447 452 (75.0)
90: 420 426 432 435 443 (72.0)
91: 438 445 451 453 454 458 (70.0)
92: 441 442 449 459 473 (72.0)
93: 457 461 466 467 468 (64.0)
94: 448 450 455 460 (75.0)
95: 464 469 474 484 (75.0)
96: 462 463 465 471 479 482 487 (74.0)
97: 456 475 477 478 491 (75.0)
98: 470 476 481 483 488 492 496 497 (75.0)
99: 472 489 490 (74.0)
100: 480 499 (75.0)
101: 485 486 493 494 495 498 (58.0)
