Name: 500-30-50
Time: 29.8782696723938 
Result: 33
Solution:  0 0 2 0 1 1 3 2 3 4 0 1 4 7 4 3 4 2 4 4 5 6 6 9 7 7 6 6 10 8 6 4 8 7 9 10 11 11 7 5 9 13 11 12 10 9 10 12 13 12 14 11 15 13 13 11 16 12 13 16 14 13 14 15 16 17 15 18 20 18 20 19 20 19 16 18 19 17 17 21 21 21 22 23 19 21 22 21 20 21 22 18 25 26 24 19 24 23 25 25 22 26 26 25 24 26 26 24 28 27 30 30 27 27 28 31 28 30 30 28 29 31 30 31 32 34 34 31 33 31 30 29 35 34 34 32 33 33 33 34 35 36 33 32 38 36 38 36 37 37 37 37 36 34 38 39 39 38 38 41 41 40 43 40 40 41 37 44 42 41 42 43 41 41 44 43 47 48 45 44 42 44 47 45 46 46 45 47 49 49 46 45 46 48 52 48 47 48 50 45 49 48 48 48 50 51 50 51 54 52 51 52 54 53 50 57 56 52 56 54 53 55 55 57 57 58 54 56 60 57 58 57 55 57 59 57 60 58 60 59 58 61 61 60 63 58 61 58 63 64 59 62 62 64 62 65 65 64 64 66 67 65 64 62 65 65 64 66 67 67 67 66 68 67 68 69 67 71 71 68 70 69 70 68 72 71 70 69 73 72 74 71 73 73 73 72 74 74 78 77 76 75 74 71 75 78 76 78 77 76 74 77 79 77 79 75 81 75 81 78 84 80 80 83 79 79 80 81 80 81 83 82 81 86 83 83 82 83 82 85 84 85 81 85 86 88 86 83 88 87 90 87 88 88 87 91 88 87 90 91 89 93 94 90 90 91 89 91 93 92 92 89 92 93 94 91 92 94 94 95 97 94 96 94 95 94 97 97 97 97 96 96 99 100 99 98 98 99 100 102 99 100 101 98 103 105 99 101 99 102 101 106 100 102 103 103 101 101 101 105 100 100 106 103 105 104 104 103 104 103 105 106 107 109 106 107 107 109 107 104 106 110 107 108 109 108 107 113 106 111 108 110 112 111 111 109 113 107 110 108 113 111 110 112 112 113 114 113 113 112 115 116 114 115 114 118 119 115 115 116 114 119 114 116 113 115 117 116 117 118 118 119 118 118 117 119 119 115 119 119
0: 0 1 3 10 (33.0)
1: 4 5 11 (31.0)
2: 2 7 17 (28.0)
3: 6 8 15 (30.0)
4: 9 12 14 16 18 19 31 (28.0)
5: 20 39 (35.0)
6: 21 22 26 27 30 (33.0)
7: 13 24 25 33 38 (30.0)
8: 29 32 (28.0)
9: 23 34 40 45 (25.0)
10: 28 35 44 46 (31.0)
11: 36 37 42 51 55 (24.0)
12: 43 47 49 57 (31.0)
13: 41 48 53 54 58 61 (26.0)
14: 50 60 62 (27.0)
15: 52 63 66 (43.0)
16: 56 59 64 74 (34.0)
17: 65 77 78 (37.0)
18: 67 69 75 91 (50.0)
19: 71 73 76 84 95 (38.0)
20: 68 70 72 88 (33.0)
21: 79 80 81 85 87 89 (32.0)
22: 82 86 90 100 (33.0)
23: 83 97 (36.0)
24: 94 96 104 107 (33.0)
25: 92 98 99 103 (31.0)
26: 93 101 102 105 106 (34.0)
27: 109 112 113 (41.0)
28: 108 114 116 119 (41.0)
29: 120 131 (33.0)
30: 110 111 117 118 122 130 (30.0)
31: 115 121 123 127 129 (32.0)
32: 124 135 143 (31.0)
33: 128 136 137 138 142 (39.0)
34: 125 126 133 134 139 153 (33.0)
35: 132 140 (40.0)
36: 141 145 147 152 (37.0)
37: 148 149 150 151 166 (43.0)
38: 144 146 154 157 158 (32.0)
39: 155 156 (39.0)
40: 161 163 164 (36.0)
41: 159 160 165 169 172 173 (32.0)
42: 168 170 180 (32.0)
43: 162 171 175 (36.0)
44: 167 174 179 181 (34.0)
45: 178 183 186 191 199 (38.0)
46: 184 185 190 192 (46.0)
47: 176 182 187 196 (38.0)
48: 177 193 195 197 201 202 203 (45.0)
49: 188 189 200 (50.0)
50: 198 204 206 214 (40.0)
51: 205 207 210 (34.0)
52: 194 209 211 217 (39.0)
53: 213 220 (36.0)
54: 208 212 219 226 (34.0)
55: 221 222 232 (36.0)
56: 216 218 227 (42.0)
57: 215 223 224 229 231 233 235 (50.0)
58: 225 230 237 240 245 247 (46.0)
59: 234 239 250 (30.0)
60: 228 236 238 243 (33.0)
61: 241 242 246 (40.0)
62: 251 252 254 263 (47.0)
63: 244 248 (37.0)
64: 249 253 257 258 262 266 (48.0)
65: 255 256 261 264 265 (47.0)
66: 259 267 271 (50.0)
67: 260 268 269 270 273 276 (47.0)
68: 272 274 279 283 (45.0)
69: 275 281 287 (50.0)
70: 280 282 286 (34.0)
71: 277 278 285 291 303 (43.0)
72: 284 289 295 (31.0)
73: 288 292 293 294 (38.0)
74: 290 296 297 302 310 (35.0)
75: 301 304 315 317 (45.0)
76: 300 306 309 (51.0)
77: 299 308 311 313 (50.0)
78: 298 305 307 319 (45.0)
79: 312 314 324 325 (50.0)
80: 321 322 326 328 (45.0)
81: 316 318 327 329 332 342 (41.0)
82: 331 336 338 (43.0)
83: 323 330 334 335 337 347 (48.0)
84: 320 340 (45.0)
85: 339 341 343 (41.0)
86: 333 344 346 (32.0)
87: 349 351 354 357 (48.0)
88: 345 348 352 353 356 (50.0)
89: 360 366 371 (47.0)
90: 350 358 363 364 (49.0)
91: 355 359 365 367 375 (50.0)
92: 369 370 372 376 (41.0)
93: 361 368 373 (36.0)
94: 362 374 377 378 381 383 385 (42.0)
95: 379 384 (47.0)
96: 382 390 391 (48.0)
97: 380 386 387 388 389 (49.0)
98: 395 396 403 (50.0)
99: 392 394 397 400 406 408 (45.0)
100: 393 398 401 412 420 421 (47.0)
101: 402 407 410 416 417 418 (50.0)
102: 399 409 413 (49.0)
103: 404 414 415 423 427 429 (50.0)
104: 425 426 428 439 (49.0)
105: 405 419 424 430 (47.0)
106: 411 422 431 434 440 448 (57.0)
107: 432 435 436 438 442 446 457 (50.0)
108: 443 445 450 459 (36.0)
109: 433 437 444 455 (49.0)
110: 441 451 458 462 (46.0)
111: 449 453 454 461 (47.0)
112: 452 463 464 469 (51.0)
113: 447 456 460 465 467 468 484 (49.0)
114: 466 472 474 480 482 (50.0)
115: 470 473 477 478 485 497 (50.0)
116: 471 479 483 487 (50.0)
117: 486 488 494 (48.0)
118: 475 489 490 492 493 (50.0)
119: 476 481 491 495 496 498 499 (50.0)
