Name: 500-40-75
Time: 30.002750158309937 
Result: 41
Solution:  0 2 3 0 0 1 1 2 4 4 2 2 4 2 2 1 3 3 3 6 2 6 5 7 7 9 7 5 3 8 3 7 6 8 8 10 11 13 9 10 11 7 10 9 10 12 13 13 8 12 14 10 13 11 9 16 13 10 11 12 13 16 14 17 14 16 12 15 14 13 16 13 18 15 17 18 13 13 20 14 18 18 20 15 21 16 21 19 18 19 20 19 21 21 21 19 21 21 21 17 20 21 22 21 23 23 23 23 24 21 23 23 25 25 24 22 27 22 24 26 25 27 26 22 24 28 26 30 30 27 25 28 31 26 28 29 31 27 26 29 31 30 28 31 31 32 31 32 34 30 33 33 35 29 33 32 33 34 35 33 31 33 36 33 30 34 34 35 35 31 36 34 34 36 33 33 38 37 33 37 39 39 38 37 39 40 39 39 38 43 38 43 39 39 43 42 42 41 41 41 42 41 39 39 40 40 42 39 43 45 43 48 40 48 45 42 44 45 44 45 46 42 48 46 50 44 51 47 47 48 45 44 48 46 50 47 49 51 49 49 53 53 49 49 52 51 52 51 50 51 50 52 51 53 49 53 55 52 51 54 53 56 54 51 54 55 59 55 54 57 57 56 57 56 56 55 59 59 60 56 56 58 59 58 59 61 55 59 63 60 61 62 60 59 60 58 63 63 63 62 61 60 62 62 62 66 63 67 59 63 64 63 63 65 61 64 65 65 67 63 68 63 65 66 64 69 65 64 67 65 66 71 69 72 69 67 69 72 66 68 69 71 72 67 67 74 71 69 74 70 71 73 72 76 70 77 75 72 74 72 70 73 76 75 73 77 74 75 73 77 75 75 74 76 76 78 77 75 75 79 82 80 80 76 80 80 80 79 78 80 81 80 80 79 78 83 81 82 77 82 81 83 82 81 78 85 81 83 84 81 87 84 83 83 86 84 86 82 85 85 83 87 85 86 83 84 85 86 89 88 88 92 89 88 90 90 89 93 92 87 86 91 89 90 88 88 91 91 94 92 92 90 89 90 94 96 96 97 91 93 92 93 95 94 94 95 93 95 93 95 97 96 97 93 95 96 98 95 97 97 97 98 99 98 99 99 101 98 100 100 99 99 98 101 99 100 100 98 101 101
0: 0 3 4 (36.0)
1: 5 6 15 (45.0)
2: 1 7 10 11 13 14 20 (37.0)
3: 2 16 17 18 28 30 (35.0)
4: 8 9 12 (43.0)
5: 22 27 (41.0)
6: 19 21 32 (53.0)
7: 23 24 26 31 41 (41.0)
8: 29 33 34 48 (43.0)
9: 25 38 43 54 (40.0)
10: 35 39 42 44 51 57 (46.0)
11: 36 40 53 58 (45.0)
12: 45 49 59 66 (42.0)
13: 37 46 47 52 56 60 69 71 76 77 (39.0)
14: 50 62 64 68 79 (42.0)
15: 67 73 83 (42.0)
16: 55 61 65 70 85 (41.0)
17: 63 74 99 (51.0)
18: 72 75 80 81 88 (49.0)
19: 87 89 91 95 (55.0)
20: 78 82 90 100 (43.0)
21: 84 86 92 93 94 96 97 98 101 103 109 (53.0)
22: 102 115 117 123 (44.0)
23: 104 105 106 107 110 111 (45.0)
24: 108 114 118 124 (40.0)
25: 112 113 120 130 (45.0)
26: 119 122 126 133 138 (48.0)
27: 116 121 129 137 (44.0)
28: 125 131 134 142 (47.0)
29: 135 139 153 (52.0)
30: 127 128 141 149 164 (50.0)
31: 132 136 140 143 144 146 160 169 (43.0)
32: 145 147 155 (59.0)
33: 150 151 154 156 159 161 163 174 175 178 (42.0)
34: 148 157 165 166 171 172 (40.0)
35: 152 158 167 168 (48.0)
36: 162 170 173 (49.0)
37: 177 179 183 (57.0)
38: 176 182 188 190 (47.0)
39: 180 181 184 186 187 192 193 202 203 207 (40.0)
40: 185 204 205 212 (50.0)
41: 197 198 199 201 (70.0)
42: 195 196 200 206 215 221 (46.0)
43: 189 191 194 208 210 (52.0)
44: 216 218 225 231 (52.0)
45: 209 214 217 219 230 (53.0)
46: 220 223 233 (40.0)
47: 227 228 235 (42.0)
48: 211 213 222 229 232 (53.0)
49: 236 238 239 242 243 254 (57.0)
50: 224 234 248 250 (56.0)
51: 226 237 245 247 249 252 258 263 (61.0)
52: 244 246 251 257 (47.0)
53: 240 241 253 255 260 (64.0)
54: 259 262 264 268 (44.0)
55: 256 265 267 275 286 (64.0)
56: 261 271 273 274 279 280 (69.0)
57: 269 270 272 (44.0)
58: 281 283 295 (52.0)
59: 266 276 277 282 284 287 293 308 (55.0)
60: 278 289 292 294 301 (50.0)
61: 285 290 300 314 (61.0)
62: 291 299 302 303 304 (56.0)
63: 288 296 297 298 306 309 311 312 319 321 (73.0)
64: 310 315 324 327 (54.0)
65: 313 316 317 322 326 329 (74.0)
66: 305 323 330 338 (73.0)
67: 307 318 328 335 343 344 (53.0)
68: 320 339 (55.0)
69: 325 332 334 336 340 347 (57.0)
70: 349 354 360 (70.0)
71: 331 341 346 350 (55.0)
72: 333 337 342 352 357 359 (51.0)
73: 351 361 364 368 (52.0)
74: 345 348 358 366 372 (55.0)
75: 356 363 367 370 371 377 378 (58.0)
76: 353 362 373 374 383 (67.0)
77: 355 365 369 376 398 (71.0)
78: 375 388 394 404 (50.0)
79: 379 387 393 (73.0)
80: 381 382 384 385 386 389 391 392 (68.0)
81: 390 396 400 403 406 409 (72.0)
82: 380 397 399 402 417 (72.0)
83: 395 401 407 412 413 420 424 (62.0)
84: 408 411 415 425 (74.0)
85: 405 418 419 422 426 (60.0)
86: 414 416 423 427 440 (75.0)
87: 410 421 439 (74.0)
88: 429 430 433 444 445 (73.0)
89: 428 432 436 442 452 (63.0)
90: 434 435 443 451 453 (73.0)
91: 441 446 447 458 (75.0)
92: 431 438 449 450 460 (62.0)
93: 437 459 461 466 468 473 (73.0)
94: 448 454 463 464 (73.0)
95: 462 465 467 469 474 477 (72.0)
96: 455 456 471 475 (76.0)
97: 457 470 472 478 479 480 (74.0)
98: 476 481 483 487 492 497 (65.0)
99: 482 484 485 490 491 494 (73.0)
100: 488 489 495 496 (73.0)
101: 486 493 498 499 (72.0)
