Name: 500-50-100
Time: 30.136191844940186 
Result: 64
Solution:  0 0 0 1 1 0 1 0 2 2 2 2 3 5 3 4 8 4 5 0 3 9 4 5 3 6 5 7 4 8 10 5 6 6 7 9 7 12 10 10 12 10 11 10 12 11 11 13 9 11 10 9 13 13 14 10 15 15 14 14 17 14 13 14 19 15 16 17 17 16 17 16 19 21 19 18 20 17 18 18 21 23 20 20 21 21 22 18 21 19 22 20 22 24 23 23 27 21 23 23 25 25 25 26 27 27 23 24 28 27 28 27 26 26 26 28 31 31 29 29 30 31 31 30 35 31 31 29 32 34 32 29 35 32 34 33 30 32 33 34 37 39 33 36 38 39 39 36 37 34 38 37 36 39 39 35 35 37 39 37 41 36 41 42 45 41 44 40 41 45 45 40 44 46 41 42 47 44 44 46 47 42 43 48 44 45 43 45 47 44 45 45 49 48 48 50 46 48 50 51 49 49 49 48 52 52 54 50 52 48 51 52 55 54 53 49 57 55 57 54 53 54 55 52 56 53 59 54 57 60 58 56 59 58 60 61 58 61 59 57 61 60 60 58 63 63 60 59 62 62 64 62 64 62 67 63 64 63 63 64 66 68 65 66 66 68 67 65 65 67 64 68 68 70 68 66 69 68 67 69 74 69 72 70 68 71 72 71 71 70 72 71 76 73 74 75 73 77 75 72 75 74 75 77 73 73 74 74 77 76 77 77 78 77 76 77 78 74 78 77 80 78 78 81 80 79 81 84 77 78 82 80 82 81 81 80 82 81 81 81 85 85 83 87 83 84 84 84 84 83 83 82 84 83 85 87 86 86 85 84 87 86 87 86 89 88 89 88 90 87 91 92 89 89 88 90 92 88 90 88 90 93 92 89 89 91 92 92 90 91 95 93 92 94 93 93 94 92 94 96 96 95 95 97 94 100 94 95 99 93 96 97 96 96 97 100 97 98 98 99 98 100 98 103 102 101 97 100 98 99 101 98 100 97 100 103 101 102 104 103 105 102 104 106 101 105 102 105 105 104 107 107 102 106 106 105 108 107 103 103 109 106 107 110 105 109 107 108 108 107 113 112 109 106 111 113 110 112 110 110 114 111 112 109 108 113 110 112 112 109 113 113 112 112 111 114 114 114 111 114
0: 0 1 2 5 7 19 (42.0)
1: 3 4 6 (62.0)
2: 8 9 10 11 (51.0)
3: 12 14 20 24 (50.0)
4: 15 17 22 28 (51.0)
5: 13 18 23 26 31 (50.0)
6: 25 32 33 (52.0)
7: 27 34 36 (59.0)
8: 16 29 (54.0)
9: 21 35 48 51 (53.0)
10: 30 38 39 41 43 50 55 (50.0)
11: 42 45 46 49 (76.0)
12: 37 40 44 (61.0)
13: 47 52 53 62 (44.0)
14: 54 58 59 61 63 (50.0)
15: 56 57 65 (56.0)
16: 66 69 71 (69.0)
17: 60 67 68 70 77 (60.0)
18: 75 78 79 87 (75.0)
19: 64 72 74 89 (50.0)
20: 76 82 83 91 (58.0)
21: 73 80 84 85 88 97 (60.0)
22: 86 90 92 (64.0)
23: 81 94 95 98 99 106 (58.0)
24: 93 107 (54.0)
25: 100 101 102 (51.0)
26: 103 112 113 114 (53.0)
27: 96 104 105 109 111 (91.0)
28: 108 110 115 (59.0)
29: 118 119 127 131 (84.0)
30: 120 123 136 (59.0)
31: 116 117 121 122 125 126 (62.0)
32: 128 130 133 137 (67.0)
33: 135 138 142 (80.0)
34: 129 134 139 149 (66.0)
35: 124 132 155 156 (62.0)
36: 143 147 152 161 (58.0)
37: 140 148 151 157 159 (61.0)
38: 144 150 (64.0)
39: 141 145 146 153 154 158 (59.0)
40: 167 171 (61.0)
41: 160 162 165 168 174 (62.0)
42: 163 175 181 (57.0)
43: 182 186 (54.0)
44: 166 172 177 178 184 189 (80.0)
45: 164 169 170 185 187 190 191 (87.0)
46: 173 179 196 (69.0)
47: 176 180 188 (70.0)
48: 183 193 194 197 203 209 (78.0)
49: 192 200 201 202 215 (80.0)
50: 195 198 207 (79.0)
51: 199 210 (50.0)
52: 204 205 208 211 223 (100.0)
53: 214 220 225 (56.0)
54: 206 213 219 221 227 (76.0)
55: 212 217 222 (84.0)
56: 224 231 (53.0)
57: 216 218 228 239 (65.0)
58: 230 233 236 243 (68.0)
59: 226 232 238 247 (68.0)
60: 229 234 241 242 246 (99.0)
61: 235 237 240 (71.0)
62: 248 249 251 253 (84.0)
63: 244 245 255 257 258 (72.0)
64: 250 252 256 259 270 (74.0)
65: 262 267 268 (93.0)
66: 260 263 264 275 (98.0)
67: 254 266 269 278 (78.0)
68: 261 265 271 272 274 277 284 (90.0)
69: 276 279 281 (75.0)
70: 273 283 289 (66.0)
71: 285 287 288 291 (91.0)
72: 282 286 290 299 (67.0)
73: 293 296 304 305 (97.0)
74: 280 294 301 306 307 317 (94.0)
75: 295 298 300 302 (81.0)
76: 292 309 314 (99.0)
77: 297 303 308 310 311 313 315 319 328 (94.0)
78: 312 316 318 321 322 329 (65.0)
79: 325 (50.0)
80: 320 324 331 335 (79.0)
81: 323 326 333 334 337 338 339 (99.0)
82: 330 332 336 351 (82.0)
83: 342 344 349 350 353 (100.0)
84: 327 345 346 347 348 352 359 (96.0)
85: 340 341 354 358 (80.0)
86: 356 357 361 363 (99.0)
87: 343 355 360 362 369 (90.0)
88: 365 367 374 377 379 (82.0)
89: 364 366 372 373 383 384 (74.0)
90: 368 375 378 380 388 (81.0)
91: 370 385 389 (99.0)
92: 371 376 382 386 387 392 397 (100.0)
93: 381 391 394 395 409 (78.0)
94: 393 396 398 404 406 (94.0)
95: 390 401 402 407 (71.0)
96: 399 400 410 412 413 (84.0)
97: 403 411 414 416 426 433 (99.0)
98: 417 418 420 422 428 431 (97.0)
99: 408 419 429 (98.0)
100: 405 415 421 427 432 434 (103.0)
101: 425 430 436 444 (99.0)
102: 424 437 441 446 452 (100.0)
103: 423 435 439 458 459 (100.0)
104: 438 442 449 (97.0)
105: 440 445 447 448 455 464 (81.0)
106: 443 453 454 461 473 (76.0)
107: 450 451 457 462 466 469 (95.0)
108: 456 467 468 484 (100.0)
109: 460 465 472 483 489 (97.0)
110: 463 476 478 479 486 (96.0)
111: 474 481 494 498 (100.0)
112: 471 477 482 487 488 492 493 (100.0)
113: 470 475 485 490 491 (99.0)
114: 480 495 496 497 499 (106.0)
