Name: 500-40-75
Time: 15.715384721755981 
Result: 18045
Solution:  1 2 2 0 0 1 4 2 3 0 1 1 2 1 2 3 1 3 1 5 2 7 5 4 7 7 7 6 7 8 4 8 6 7 12 11 7 13 9 9 10 12 9 11 12 8 11 13 13 11 13 12 11 9 10 11 13 10 11 12 16 14 14 17 15 16 14 18 13 14 18 16 16 16 15 15 18 13 19 14 21 16 22 18 19 16 15 18 18 19 17 19 21 17 21 20 21 20 20 19 22 24 23 20 24 21 24 22 26 20 24 22 25 24 25 23 22 24 24 26 26 25 25 25 26 27 24 28 25 27 25 28 28 30 28 32 28 28 26 30 27 31 31 31 31 29 32 35 28 29 31 28 35 30 31 33 31 34 36 33 32 31 34 36 32 36 35 33 35 34 35 35 36 34 34 36 39 38 39 37 38 37 38 37 39 39 37 39 39 38 40 43 41 41 43 38 42 41 41 41 42 40 43 40 39 41 43 42 43 44 42 44 43 48 42 42 46 45 45 42 43 46 50 46 50 45 45 46 47 48 48 47 47 46 50 49 49 53 49 51 52 48 51 52 53 52 48 52 50 51 49 51 53 51 51 54 54 53 53 54 55 57 57 52 50 54 59 55 58 55 55 57 56 56 57 55 57 55 60 56 57 59 61 58 59 60 59 59 61 56 61 64 59 58 61 58 60 63 61 62 62 63 62 63 60 65 62 64 59 63 64 63 65 67 62 64 62 66 63 63 66 64 65 64 67 70 66 67 67 65 68 67 67 72 70 69 70 69 67 68 71 69 71 69 67 73 71 69 71 72 71 70 74 76 70 74 71 73 72 74 70 74 74 75 73 75 74 74 73 74 74 76 75 76 77 79 77 77 77 79 82 78 78 76 81 80 80 79 78 80 80 81 83 78 83 81 82 79 80 84 82 81 82 80 84 84 81 84 82 81 86 83 80 83 83 85 88 85 85 88 87 88 85 83 84 85 87 86 86 87 86 87 89 86 89 89 86 92 92 88 86 91 91 91 87 92 93 90 92 91 91 89 90 93 90 94 93 93 93 93 95 92 96 94 94 99 94 95 92 95 98 96 98 95 96 95 97 97 97 97 100 99 100 99 97 101 99 97 99 98 99 100 98 101 99 99 97 98 101 101
0: 3 4 9 (43.0)
1: 0 5 10 11 13 16 18 (32.0)
2: 1 2 7 12 14 20 (45.0)
3: 8 15 17 (45.0)
4: 6 23 30 (40.0)
5: 19 22 (43.0)
6: 27 32 (48.0)
7: 21 24 25 26 28 33 36 (39.0)
8: 29 31 45 (42.0)
9: 38 39 42 53 (34.0)
10: 40 54 57 (49.0)
11: 35 43 46 49 52 55 58 (39.0)
12: 34 41 44 51 59 (43.0)
13: 37 47 48 50 56 68 77 (42.0)
14: 61 62 66 69 79 (40.0)
15: 64 74 75 86 (50.0)
16: 60 65 71 72 73 81 85 (51.0)
17: 63 90 93 (48.0)
18: 67 70 76 83 87 88 (46.0)
19: 78 84 89 91 99 (55.0)
20: 95 97 98 103 109 (41.0)
21: 80 92 94 96 105 (41.0)
22: 82 100 107 111 116 (48.0)
23: 102 115 (41.0)
24: 101 104 106 110 113 117 118 126 (53.0)
25: 112 114 121 122 123 128 130 (48.0)
26: 108 119 120 124 138 (41.0)
27: 125 129 140 (43.0)
28: 127 131 132 134 136 137 148 151 (40.0)
29: 145 149 (43.0)
30: 133 139 153 (41.0)
31: 141 142 143 144 150 154 156 161 (58.0)
32: 135 146 160 164 (57.0)
33: 155 159 167 (49.0)
34: 157 162 169 173 174 (47.0)
35: 147 152 166 168 170 171 (44.0)
36: 158 163 165 172 175 (48.0)
37: 179 181 183 186 (64.0)
38: 177 180 182 189 195 (45.0)
39: 176 178 184 185 187 188 204 (49.0)
40: 190 201 203 (55.0)
41: 192 193 197 198 199 205 (65.0)
42: 196 200 207 210 214 215 219 (50.0)
43: 191 194 202 206 208 212 220 (56.0)
44: 209 211 (46.0)
45: 217 218 225 226 (42.0)
46: 216 221 223 227 233 (46.0)
47: 228 231 232 (45.0)
48: 213 229 230 241 246 (48.0)
49: 235 236 238 250 (47.0)
50: 222 224 234 248 264 (56.0)
51: 239 242 249 251 253 254 (60.0)
52: 240 243 245 247 263 (53.0)
53: 237 244 252 257 258 (48.0)
54: 255 256 259 265 (54.0)
55: 260 267 269 270 275 277 (68.0)
56: 272 273 279 289 (72.0)
57: 261 262 271 274 276 280 (66.0)
58: 268 283 293 295 (56.0)
59: 266 281 284 286 287 292 308 (50.0)
60: 278 285 296 304 (48.0)
61: 282 288 290 294 298 (44.0)
62: 299 300 302 306 314 316 (49.0)
63: 297 301 303 309 311 318 319 (66.0)
64: 291 307 310 315 321 323 (73.0)
65: 305 312 322 329 (58.0)
66: 317 320 326 (55.0)
67: 313 324 327 328 331 332 338 344 (54.0)
68: 330 339 (69.0)
69: 335 337 341 343 347 (59.0)
70: 325 334 336 351 354 360 (72.0)
71: 340 342 346 348 350 356 (64.0)
72: 333 349 358 (75.0)
73: 345 357 364 368 (54.0)
74: 352 355 359 361 362 366 367 369 370 (63.0)
75: 363 365 372 (47.0)
76: 353 371 373 383 (41.0)
77: 374 376 377 378 (63.0)
78: 381 382 388 393 (52.0)
79: 375 379 387 397 (75.0)
80: 385 386 389 390 398 403 412 (60.0)
81: 384 391 395 401 406 409 (61.0)
82: 380 396 400 402 408 (73.0)
83: 392 394 411 413 414 423 (74.0)
84: 399 404 405 407 424 (75.0)
85: 415 417 418 422 425 (75.0)
86: 410 427 428 430 433 436 440 (77.0)
87: 420 426 429 431 444 (74.0)
88: 416 419 421 439 (74.0)
89: 432 434 435 451 (75.0)
90: 447 452 454 (57.0)
91: 441 442 443 449 450 (69.0)
92: 437 438 445 448 461 468 (70.0)
93: 446 453 456 457 458 459 (74.0)
94: 455 463 464 466 (73.0)
95: 460 467 469 473 475 (75.0)
96: 462 471 474 (55.0)
97: 476 477 478 479 484 487 496 (74.0)
98: 470 472 489 492 497 (74.0)
99: 465 481 483 486 488 490 494 495 (69.0)
100: 480 482 491 (74.0)
101: 485 493 498 499 (74.0)
