Name: 500-20-30
Time: 30.684388160705566 
Result: 12
Solution:  0 1 0 1 0 0 4 4 3 1 2 1 3 2 5 3 1 1 7 6 4 2 5 5 4 1 6 1 5 3 5 5 3 9 5 6 5 6 7 5 7 7 4 9 8 11 7 7 7 9 12 9 7 8 8 11 10 9 9 11 9 8 14 11 9 12 12 12 10 13 9 11 9 12 10 12 15 15 11 11 14 15 15 14 16 15 14 16 13 14 13 11 17 20 16 15 16 16 18 14 17 20 13 17 21 16 18 19 16 19 21 17 19 23 19 18 20 20 20 17 21 20 19 18 20 21 20 18 22 21 23 22 20 24 19 23 22 24 23 22 23 20 26 26 24 25 27 24 25 26 23 24 24 26 22 26 23 26 26 27 26 25 26 27 27 24 28 27 27 28 30 29 27 28 29 29 31 28 32 27 30 30 29 33 29 31 30 32 32 33 33 28 33 30 34 31 33 31 33 33 31 35 35 33 34 31 36 33 33 33 35 36 32 33 33 35 38 35 37 35 35 34 35 37 40 37 36 38 38 36 41 37 42 38 42 41 41 40 43 38 41 44 38 42 42 41 42 39 39 43 43 41 40 42 40 42 43 44 39 47 45 43 42 43 44 42 45 43 44 43 47 49 44 48 46 43 46 43 49 46 46 49 47 47 49 48 46 46 46 45 50 47 50 49 49 48 50 50 50 53 51 50 52 53 51 52 51 50 56 52 51 52 50 52 49 53 57 53 51 53 53 52 51 53 54 54 56 57 52 56 53 55 54 56 56 57 58 57 58 58 58 57 57 55 57 55 58 59 58 57 60 62 60 59 57 59 60 58 62 60 59 61 61 61 59 61 65 61 66 62 64 61 64 61 63 62 65 65 63 62 63 67 64 64 64 65 65 63 68 62 63 63 66 62 66 66 70 64 69 69 66 71 67 68 68 67 64 67 70 69 67 69 72 70 70 68 69 70 72 71 69 69 71 74 72 71 70 74 70 73 68 70 74 72 76 73 70 73 73 72 73 72 72 76 75 76 71 76 74 75 76 74 75 75 77 76 73 77 76 81 76 78 77 77 78 78 78 78 82 79 77 79 80 80 78 81 79 81 82 82 82 79 83 83 81 82 82 80 80 82 82 82 81 82 81 83 82 82 83 83
0: 0 2 4 5 (21.0)
1: 1 3 9 11 16 17 25 27 (20.0)
2: 10 13 21 (20.0)
3: 8 12 15 29 32 (20.0)
4: 6 7 20 24 42 (20.0)
5: 14 22 23 28 30 31 34 36 39 (19.0)
6: 19 26 35 37 (24.0)
7: 18 38 40 41 46 47 48 52 (21.0)
8: 44 53 54 61 (23.0)
9: 33 43 49 51 57 58 60 64 70 72 (20.0)
10: 56 68 74 (22.0)
11: 45 55 59 63 71 78 79 91 (20.0)
12: 50 65 66 67 73 75 (20.0)
13: 69 88 90 102 (20.0)
14: 62 80 83 86 89 99 (21.0)
15: 76 77 81 82 85 95 (20.0)
16: 84 87 94 96 97 105 108 (20.0)
17: 92 100 103 111 119 (25.0)
18: 98 106 115 123 127 (23.0)
19: 107 109 112 114 122 134 (23.0)
20: 93 101 116 117 118 121 124 126 132 141 (23.0)
21: 104 110 120 125 129 (23.0)
22: 128 131 136 139 154 (26.0)
23: 113 130 135 138 140 150 156 (24.0)
24: 133 137 144 147 151 152 165 (22.0)
25: 145 148 161 (21.0)
26: 142 143 149 153 155 157 158 160 162 (21.0)
27: 146 159 163 164 167 168 172 179 (20.0)
28: 166 169 173 177 191 (20.0)
29: 171 174 175 182 184 (23.0)
30: 170 180 181 186 193 (26.0)
31: 176 185 195 197 200 205 (23.0)
32: 178 187 188 212 (24.0)
33: 183 189 190 192 196 198 199 203 207 208 209 213 214 (20.0)
34: 194 204 221 (21.0)
35: 201 202 210 215 217 219 220 222 (21.0)
36: 206 211 226 229 (25.0)
37: 218 223 225 231 (22.0)
38: 216 227 228 233 239 242 (25.0)
39: 247 248 258 (22.0)
40: 224 237 252 254 (20.0)
41: 230 235 236 240 245 251 (28.0)
42: 232 234 243 244 246 253 255 262 265 (20.0)
43: 238 249 250 256 261 263 267 269 275 277 (20.0)
44: 241 257 264 268 272 (21.0)
45: 260 266 289 (28.0)
46: 274 276 279 280 286 287 288 (25.0)
47: 259 270 282 283 291 (22.0)
48: 273 285 295 (21.0)
49: 271 278 281 284 293 294 314 (20.0)
50: 290 292 296 297 298 301 307 312 (30.0)
51: 300 304 306 310 318 322 (26.0)
52: 302 305 309 311 313 321 328 (26.0)
53: 299 303 315 317 319 320 323 330 (29.0)
54: 324 325 332 (28.0)
55: 331 343 345 (23.0)
56: 308 326 329 333 334 (25.0)
57: 316 327 335 337 341 342 344 349 354 (24.0)
58: 336 338 339 340 346 348 357 (23.0)
59: 347 353 355 360 364 (30.0)
60: 350 352 356 359 (25.0)
61: 361 362 363 365 367 371 373 (30.0)
62: 351 358 369 375 379 389 393 (25.0)
63: 374 378 380 387 390 391 (28.0)
64: 370 372 382 383 384 397 406 (30.0)
65: 366 376 377 385 386 (29.0)
66: 368 392 394 395 400 (22.0)
67: 381 402 405 407 410 (22.0)
68: 388 403 404 415 430 (30.0)
69: 398 399 409 411 416 420 421 (28.0)
70: 396 408 413 414 417 426 428 431 436 (28.0)
71: 401 419 422 425 446 (22.0)
72: 412 418 424 433 439 441 442 (30.0)
73: 429 435 437 438 440 456 (31.0)
74: 423 427 432 448 451 (26.0)
75: 444 449 452 453 (24.0)
76: 434 443 445 447 450 455 458 460 (30.0)
77: 454 457 462 463 470 (31.0)
78: 461 464 465 466 467 474 (30.0)
79: 469 471 476 481 (30.0)
80: 472 473 487 488 (30.0)
81: 459 475 477 484 492 494 (30.0)
82: 468 478 479 480 485 486 489 490 491 493 496 497 (31.0)
83: 482 483 495 498 499 (29.0)
