Name: 500-20-30
Time: 16.004441261291504 
Result: 12022
Solution:  1 1 0 0 0 1 0 0 2 3 2 1 0 1 3 2 3 6 5 7 4 1 0 6 4 6 2 5 6 3 6 3 4 6 6 8 5 8 8 5 6 6 4 6 7 9 8 7 6 5 6 6 9 8 7 10 10 12 11 11 11 14 9 13 9 11 9 12 13 8 12 12 12 11 10 12 12 17 11 13 14 16 12 14 16 15 17 17 13 15 14 12 16 17 16 14 16 14 18 16 17 20 15 17 18 15 19 20 17 21 20 16 21 19 21 17 23 22 20 19 19 20 19 18 23 21 21 22 23 24 23 22 19 20 22 22 25 24 23 22 23 23 24 20 24 26 27 23 24 26 23 23 25 26 25 26 24 26 27 27 26 25 28 26 26 27 28 26 27 28 33 29 29 29 30 29 30 31 30 28 30 29 28 33 29 31 31 32 32 33 33 32 33 34 35 31 33 30 33 31 35 31 32 33 36 31 36 33 33 35 36 34 37 34 35 35 37 38 39 38 35 37 33 37 38 38 34 40 38 41 38 40 40 35 37 42 40 38 43 40 41 42 39 40 40 43 44 43 41 43 41 42 40 41 39 44 44 44 42 46 45 44 44 44 41 47 45 48 43 46 47 49 45 46 46 44 46 44 48 48 46 46 47 48 51 48 47 46 44 49 51 51 49 48 51 50 52 48 47 50 49 52 51 50 51 48 50 50 56 55 52 52 51 55 49 52 57 54 54 53 58 53 54 54 52 55 58 58 54 56 53 52 53 55 55 58 56 55 57 59 57 55 57 57 58 60 60 54 61 56 59 59 59 59 57 59 60 56 60 58 59 61 61 57 62 61 62 61 65 63 64 63 64 61 66 60 63 62 64 63 63 62 64 64 64 65 66 62 65 65 66 66 66 70 67 62 65 64 65 64 65 67 67 67 68 66 67 67 71 69 69 71 69 71 69 69 68 72 70 71 73 68 70 74 71 73 70 73 72 72 72 71 69 72 73 71 73 70 73 73 77 76 72 72 74 75 71 74 73 74 74 74 75 80 77 76 79 76 75 77 80 79 76 77 78 78 79 76 78 79 76 80 80 79 78 79 83 80 82 82 82 81 82 79 79 83 80 80 81 81 82 82 79 80 83 82 82 79 83 83
0: 2 3 4 6 7 12 22 (21.0)
1: 0 1 5 11 13 21 (22.0)
2: 8 10 15 26 (21.0)
3: 9 14 16 29 31 (21.0)
4: 20 24 32 42 (21.0)
5: 18 27 36 39 49 (20.0)
6: 17 23 25 28 30 33 34 40 41 43 48 50 51 (20.0)
7: 19 44 47 54 (25.0)
8: 35 37 38 46 53 69 (23.0)
9: 45 52 62 64 66 (20.0)
10: 55 56 74 (20.0)
11: 58 59 60 65 73 78 (20.0)
12: 57 67 70 71 72 75 76 82 91 (11.0)
13: 63 68 79 88 (20.0)
14: 61 80 83 90 95 97 (23.0)
15: 85 89 102 105 (20.0)
16: 81 84 92 94 96 99 111 (22.0)
17: 77 86 87 93 100 103 108 115 (21.0)
18: 98 104 123 (20.0)
19: 106 113 119 120 122 132 (21.0)
20: 101 107 110 118 121 133 143 (20.0)
21: 109 112 114 125 126 (21.0)
22: 117 127 131 134 135 139 (22.0)
23: 116 124 128 130 138 140 141 147 150 151 (30.0)
24: 129 137 142 144 148 156 (23.0)
25: 136 152 154 161 (21.0)
26: 145 149 153 155 157 160 163 164 167 (22.0)
27: 146 158 159 165 168 (23.0)
28: 162 166 169 179 182 (23.0)
29: 171 172 173 175 181 184 (22.0)
30: 174 176 178 180 197 (22.0)
31: 177 185 186 195 199 201 205 (20.0)
32: 187 188 191 202 (20.0)
33: 170 183 189 190 192 196 198 203 207 208 222 (20.0)
34: 193 211 213 226 (23.0)
35: 194 200 209 214 215 220 233 (25.0)
36: 204 206 210 (20.0)
37: 212 216 221 223 234 (22.0)
38: 217 219 224 225 228 230 237 (24.0)
39: 218 242 254 (21.0)
40: 227 231 232 236 239 243 244 252 (26.0)
41: 229 240 248 250 253 264 (24.0)
42: 235 241 251 258 (22.0)
43: 238 245 247 249 268 (24.0)
44: 246 255 256 257 261 262 263 275 277 288 (20.0)
45: 260 266 272 (25.0)
46: 259 269 273 274 276 280 281 287 (27.0)
47: 265 270 282 286 298 (23.0)
48: 267 278 279 283 285 293 297 305 (24.0)
49: 271 289 292 300 314 (24.0)
50: 295 299 303 306 307 (24.0)
51: 284 290 291 294 302 304 312 (26.0)
52: 296 301 310 311 315 324 331 (28.0)
53: 319 321 330 332 (30.0)
54: 317 318 322 323 328 347 (24.0)
55: 309 313 325 333 334 337 341 (27.0)
56: 308 329 336 349 357 (21.0)
57: 316 338 340 342 343 354 363 (26.0)
58: 320 326 327 335 344 359 (25.0)
59: 339 350 351 352 353 355 360 (28.0)
60: 345 346 356 358 375 (26.0)
61: 348 361 362 365 367 373 (30.0)
62: 364 366 377 381 387 395 (30.0)
63: 369 371 376 379 380 (30.0)
64: 370 372 378 382 383 384 397 399 (29.0)
65: 368 385 388 389 396 398 400 (30.0)
66: 374 386 390 391 392 405 (29.0)
67: 394 401 402 403 406 407 (27.0)
68: 404 416 421 (24.0)
69: 409 410 412 414 415 432 (30.0)
70: 393 418 422 426 437 (30.0)
71: 408 411 413 419 424 431 435 446 (28.0)
72: 417 428 429 430 433 442 443 (30.0)
73: 420 425 427 434 436 438 439 448 (27.0)
74: 423 444 447 449 450 451 (29.0)
75: 445 452 458 (21.0)
76: 441 455 457 462 467 470 (25.0)
77: 440 454 459 463 (30.0)
78: 464 465 468 474 (24.0)
79: 456 461 466 469 473 475 483 484 492 497 (30.0)
80: 453 460 471 472 477 486 487 493 (29.0)
81: 481 488 489 (30.0)
82: 478 479 480 482 490 491 495 496 (29.0)
83: 476 485 494 498 499 (33.0)
