Name: 500-40-75
Time: 29.765142917633057 
Result: 47
Solution:  1 1 4 0 1 1 2 2 0 2 1 1 7 3 3 4 1 3 3 5 4 4 5 8 6 4 7 6 3 9 3 8 8 8 7 6 6 13 9 7 10 11 10 11 11 10 11 11 7 13 13 11 12 10 10 12 13 12 11 12 17 18 14 12 14 16 18 15 13 16 17 14 16 17 16 14 16 18 19 14 20 18 15 15 17 21 16 19 19 19 18 19 19 17 20 20 19 21 18 21 24 21 23 20 22 22 23 22 22 21 22 22 26 25 24 23 28 23 24 24 25 26 24 25 26 27 26 29 29 27 28 27 30 25 28 32 30 29 26 30 31 30 28 31 30 35 32 31 30 29 31 30 30 31 32 29 35 33 37 33 32 33 36 33 32 34 36 33 35 33 37 35 34 35 35 34 39 37 39 36 39 39 34 38 39 38 41 40 37 38 41 39 40 40 43 42 40 42 41 39 42 40 40 42 42 41 44 46 42 45 43 44 40 47 47 42 45 48 43 43 47 46 49 46 47 46 47 46 49 45 50 45 47 46 47 48 49 50 49 51 48 52 52 52 53 52 48 54 51 51 50 49 52 52 49 53 52 52 54 55 53 56 54 54 54 55 54 51 56 58 55 58 56 56 54 58 60 60 57 57 56 58 60 57 59 59 58 60 63 58 62 63 59 57 61 60 61 63 64 63 59 65 62 61 62 64 64 63 63 63 66 64 65 67 64 64 63 65 63 65 67 66 62 65 64 69 65 64 67 66 68 68 66 67 70 69 69 69 67 68 70 70 72 69 74 73 73 70 73 70 71 71 72 73 71 74 73 73 72 72 75 74 71 73 77 76 73 73 76 74 73 76 73 76 75 78 78 76 74 80 81 80 77 75 78 82 79 79 78 80 82 81 79 78 81 79 82 79 81 84 81 82 82 80 80 84 85 81 83 82 86 84 85 85 86 83 86 86 87 88 84 85 86 87 83 85 84 85 91 87 85 89 90 87 90 87 88 91 87 88 91 92 89 88 91 90 89 92 89 92 91 89 90 92 88 94 94 94 93 93 95 97 97 95 93 93 93 95 99 96 96 96 95 93 97 94 96 97 96 95 98 99 100 97 97 97 99 98 96 100 100 96 98 101 101 99 98 98 101 101
0: 3 8 (39.0)
1: 0 1 4 5 10 11 16 (42.0)
2: 6 7 9 (42.0)
3: 13 14 17 18 28 30 (30.0)
4: 2 15 20 21 25 (42.0)
5: 19 22 (43.0)
6: 24 27 35 36 (44.0)
7: 12 26 34 39 48 (42.0)
8: 23 31 32 33 (49.0)
9: 29 38 (40.0)
10: 40 42 45 53 54 (56.0)
11: 41 43 44 46 47 51 58 (40.0)
12: 52 55 57 59 63 (48.0)
13: 37 49 50 56 68 (40.0)
14: 62 64 71 75 79 (52.0)
15: 67 82 83 (42.0)
16: 65 69 72 74 76 86 (42.0)
17: 60 70 73 84 93 (48.0)
18: 61 66 77 81 90 98 (42.0)
19: 78 87 88 89 91 92 96 (42.0)
20: 80 94 95 103 (41.0)
21: 85 97 99 101 109 (44.0)
22: 104 105 107 108 110 111 (44.0)
23: 102 106 115 117 (47.0)
24: 100 114 118 119 122 (50.0)
25: 113 120 123 133 (51.0)
26: 112 121 124 126 138 (42.0)
27: 125 129 131 (42.0)
28: 116 130 134 142 (43.0)
29: 127 128 137 149 155 (48.0)
30: 132 136 139 141 144 148 151 152 (50.0)
31: 140 143 147 150 153 (45.0)
32: 135 146 154 160 164 (60.0)
33: 157 159 161 163 167 169 (43.0)
34: 165 172 175 182 (42.0)
35: 145 156 168 171 173 174 (64.0)
36: 162 166 179 (54.0)
37: 158 170 177 188 (43.0)
38: 183 185 189 (50.0)
39: 176 178 180 181 184 191 199 (56.0)
40: 187 192 193 196 201 202 212 (49.0)
41: 186 190 198 205 (68.0)
42: 195 197 200 203 204 208 215 (44.0)
43: 194 210 218 219 (48.0)
44: 206 211 (37.0)
45: 209 216 229 231 (54.0)
46: 207 221 223 225 227 233 (49.0)
47: 213 214 220 224 226 232 234 (51.0)
48: 217 235 240 246 (57.0)
49: 222 228 236 238 251 254 (56.0)
50: 230 237 250 (45.0)
51: 239 248 249 267 (58.0)
52: 241 242 243 245 252 253 256 257 (53.0)
53: 244 255 260 (51.0)
54: 247 258 262 263 264 266 274 (67.0)
55: 259 265 270 (41.0)
56: 261 268 272 273 280 (61.0)
57: 278 279 283 293 (48.0)
58: 269 271 275 281 286 289 (63.0)
59: 284 285 292 300 (47.0)
60: 276 277 282 287 295 (61.0)
61: 294 296 303 (56.0)
62: 290 302 304 322 (48.0)
63: 288 291 297 299 307 308 309 316 318 (62.0)
64: 298 305 306 311 314 315 324 327 (64.0)
65: 301 312 317 319 323 326 (68.0)
66: 310 321 329 332 (62.0)
67: 313 320 328 333 338 (51.0)
68: 330 331 339 (70.0)
69: 325 335 336 337 343 (59.0)
70: 334 340 341 347 349 (72.0)
71: 350 351 354 362 (60.0)
72: 342 352 358 359 (57.0)
73: 345 346 348 353 356 357 363 366 367 370 372 (72.0)
74: 344 355 361 369 378 (44.0)
75: 360 374 383 (59.0)
76: 365 368 371 373 377 (65.0)
77: 364 382 (45.0)
78: 375 376 384 388 393 (75.0)
79: 386 387 392 395 397 (75.0)
80: 379 381 389 403 404 (53.0)
81: 380 391 394 398 400 407 (73.0)
82: 385 390 396 401 402 409 (75.0)
83: 408 415 424 (70.0)
84: 399 405 411 420 426 (76.0)
85: 406 412 413 421 425 427 430 (72.0)
86: 410 414 416 417 422 (74.0)
87: 418 423 429 433 435 438 (71.0)
88: 419 436 439 443 454 (69.0)
89: 431 442 446 448 451 (66.0)
90: 432 434 445 452 (66.0)
91: 428 437 440 444 450 (61.0)
92: 441 447 449 453 (51.0)
93: 458 459 464 465 466 473 (71.0)
94: 455 456 457 475 (72.0)
95: 460 463 467 472 479 (74.0)
96: 469 470 471 476 478 488 491 (77.0)
97: 461 462 474 477 483 484 485 (75.0)
98: 480 487 492 496 497 (70.0)
99: 468 481 486 495 (76.0)
100: 482 489 490 (74.0)
101: 493 494 498 499 (73.0)
