Name: 750-40-75
Time: 47.80519437789917 
Result: 42
Solution:  2 0 0 2 0 5 0 2 1 1 3 0 1 3 4 3 3 3 4 5 6 7 6 5 8 7 8 3 9 7 7 9 6 11 8 9 7 8 7 6 10 10 11 8 10 12 14 12 13 13 10 10 11 14 10 16 12 17 18 17 16 14 17 13 16 17 17 14 19 15 15 17 18 20 19 20 19 17 17 15 22 20 18 20 22 21 21 21 22 22 22 24 21 19 22 23 23 24 20 25 27 25 26 21 27 26 24 26 30 25 29 29 26 31 32 27 28 28 29 29 32 32 30 30 27 33 34 28 33 33 33 35 34 33 31 31 34 33 32 34 38 33 35 37 35 35 32 34 36 36 36 38 42 37 40 37 38 43 39 40 38 40 38 40 42 43 41 41 42 43 39 42 45 43 39 44 43 44 42 44 47 45 43 47 50 47 46 43 48 43 48 46 49 48 48 48 49 50 47 46 49 50 51 52 52 49 51 53 52 55 53 51 56 51 52 55 54 51 54 53 56 55 53 56 56 54 57 53 56 56 57 57 57 56 53 59 58 60 60 61 60 60 58 63 58 56 60 63 59 59 61 58 61 63 57 62 59 60 63 58 59 62 62 60 61 63 66 65 65 66 64 63 65 65 64 66 68 63 67 66 68 65 69 67 64 68 71 71 67 68 66 69 68 69 70 70 67 71 71 67 72 71 69 70 70 71 70 76 70 73 70 72 71 72 74 75 76 72 77 71 75 75 74 77 75 80 76 73 76 76 74 79 77 77 75 82 78 77 79 78 79 78 78 81 77 79 81 78 78 81 80 78 78 81 82 83 83 80 81 85 81 83 80 83 82 86 85 83 85 82 86 86 84 86 83 89 85 87 89 86 84 91 90 87 85 88 85 90 88 87 90 93 87 88 86 87 89 89 90 93 92 90 90 94 91 92 92 92 92 91 96 93 89 95 89 96 92 95 95 93 99 95 95 95 97 95 93 94 96 95 94 98 97 98 97 98 96 97 95 98 97 99 99 102 99 100 100 102 102 100 101 104 101 101 101 103 100 100 101 105 103 103 102 103 107 104 107 102 102 104 105 106 104 103 102 107 109 108 107 109 105 103 107 105 104 106 105 109 108 106 109 108 109 109 111 112 109 110 110 112 112 109 113 108 110 109 109 110 111 111 113 114 113 116 113 114 113 116 114 113 116 114 115 115 116 117 116 116 116 114 117 117 115 119 118 115 121 118 120 116 119 119 117 120 120 120 121 121 123 120 122 118 125 123 118 121 121 122 120 123 123 125 123 124 122 124 122 121 123 126 125 125 122 128 127 124 126 126 126 127 128 126 130 129 128 128 129 126 125 125 129 129 129 129 128 133 126 132 127 130 131 133 132 132 130 131 132 130 132 128 132 133 134 134 135 137 134 134 131 134 135 136 132 134 134 132 136 137 133 132 136 137 136 135 138 138 139 138 135 137 136 140 142 139 138 142 138 140 141 139 139 138 141 141 141 140 143 140 141 144 143 146 147 141 143 142 145 144 142 142 144 145 145 143 146 146 145 143 144 146 144 146 145 147 147 150 147 148 150 147 148 147 151 149 149 152 148 151 148 151 149 152 150 155 152 149 154 155 156 149 156 150 155 153 153 152 150 152 157 154 154 151 156 157 155 155 156 152 160 153 157 159 159 157 155 159 158 157 156 160 158 159 158 157 159 160 158 159 160 158
0: 1 2 4 6 11 (37.0)
1: 8 9 12 (41.0)
2: 0 3 7 (42.0)
3: 10 13 15 16 17 27 (37.0)
4: 14 18 (40.0)
5: 5 19 23 (37.0)
6: 20 22 32 39 (40.0)
7: 21 25 29 30 36 38 (46.0)
8: 24 26 34 37 43 (49.0)
9: 28 31 35 (37.0)
10: 40 41 44 50 51 54 (62.0)
11: 33 42 52 (41.0)
12: 45 47 56 (40.0)
13: 48 49 63 (47.0)
14: 46 53 61 67 (44.0)
15: 69 70 79 (46.0)
16: 55 60 64 (44.0)
17: 57 59 62 65 66 71 77 78 (40.0)
18: 58 72 82 (41.0)
19: 68 74 76 93 (40.0)
20: 73 75 81 83 98 (37.0)
21: 85 86 87 92 103 (44.0)
22: 80 84 88 89 90 94 (40.0)
23: 95 96 (52.0)
24: 91 97 106 (47.0)
25: 99 101 109 (44.0)
26: 102 105 107 112 (42.0)
27: 100 104 115 124 (44.0)
28: 116 117 127 (49.0)
29: 110 111 118 119 (42.0)
30: 108 122 123 (44.0)
31: 113 134 135 (44.0)
32: 114 120 121 138 146 (53.0)
33: 125 128 129 130 133 137 141 (40.0)
34: 126 132 136 139 147 (42.0)
35: 131 142 144 145 (56.0)
36: 148 149 150 (43.0)
37: 143 153 155 (40.0)
38: 140 151 156 160 162 (69.0)
39: 158 170 174 (46.0)
40: 154 159 161 163 (51.0)
41: 166 167 (41.0)
42: 152 164 168 171 178 (50.0)
43: 157 165 169 173 176 182 187 189 (40.0)
44: 175 177 179 (44.0)
45: 172 181 (40.0)
46: 186 191 199 (54.0)
47: 180 183 185 198 (41.0)
48: 188 190 193 194 195 (55.0)
49: 192 196 200 205 (53.0)
50: 184 197 201 (45.0)
51: 202 206 211 213 217 (48.0)
52: 203 204 208 214 (50.0)
53: 207 210 219 222 227 234 (50.0)
54: 216 218 225 (62.0)
55: 209 215 221 (49.0)
56: 212 220 223 224 228 229 233 245 (66.0)
57: 226 230 231 232 254 (44.0)
58: 236 242 244 251 259 (53.0)
59: 235 248 249 256 260 (52.0)
60: 237 238 240 241 246 257 263 (51.0)
61: 239 250 252 264 (55.0)
62: 255 261 262 (61.0)
63: 243 247 253 258 265 271 277 (41.0)
64: 270 274 284 (45.0)
65: 267 268 272 273 281 (51.0)
66: 266 269 275 279 290 (48.0)
67: 278 283 288 296 299 (67.0)
68: 276 280 285 289 292 (72.0)
69: 282 291 293 302 (51.0)
70: 294 295 303 304 306 308 310 (48.0)
71: 286 287 297 298 301 305 312 319 (46.0)
72: 300 311 313 317 (62.0)
73: 309 327 (53.0)
74: 314 322 330 (49.0)
75: 315 320 321 324 334 (64.0)
76: 307 316 326 328 329 (46.0)
77: 318 323 332 333 337 344 (55.0)
78: 336 339 341 342 347 348 351 352 (64.0)
79: 331 338 340 345 (51.0)
80: 325 350 357 362 (61.0)
81: 343 346 349 353 358 360 (69.0)
82: 335 354 364 369 (51.0)
83: 355 356 361 363 367 374 (68.0)
84: 372 380 (49.0)
85: 359 366 368 376 384 386 (75.0)
86: 365 370 371 373 379 394 (50.0)
87: 377 383 389 392 395 (54.0)
88: 385 388 393 (48.0)
89: 375 378 396 397 412 414 (51.0)
90: 382 387 390 398 401 402 (46.0)
91: 381 404 409 (46.0)
92: 400 405 406 407 408 416 (48.0)
93: 391 399 411 419 426 (62.0)
94: 403 427 430 (44.0)
95: 413 417 418 421 422 423 425 429 438 (67.0)
96: 410 415 428 436 (66.0)
97: 424 432 434 437 440 (68.0)
98: 431 433 435 439 (54.0)
99: 420 441 442 444 (71.0)
100: 445 446 449 456 457 (51.0)
101: 450 452 453 454 458 (62.0)
102: 443 447 448 462 467 468 474 (73.0)
103: 455 460 461 463 473 481 (69.0)
104: 451 465 469 472 484 (67.0)
105: 459 470 480 483 486 (68.0)
106: 471 485 489 (63.0)
107: 464 466 475 478 482 (49.0)
108: 477 488 491 503 (56.0)
109: 476 479 487 490 492 493 496 501 505 506 (75.0)
110: 497 498 504 507 (43.0)
111: 494 508 509 (74.0)
112: 495 499 500 (54.0)
113: 502 510 512 514 516 519 (74.0)
114: 511 515 518 521 529 (75.0)
115: 522 523 532 535 (62.0)
116: 513 517 520 524 526 527 528 539 (74.0)
117: 525 530 531 542 (57.0)
118: 534 537 551 554 (60.0)
119: 533 540 541 (55.0)
120: 538 543 544 545 549 558 (74.0)
121: 536 546 547 555 556 567 (74.0)
122: 550 557 564 566 572 (66.0)
123: 548 553 559 560 562 568 (64.0)
124: 563 565 575 (47.0)
125: 552 561 570 571 588 589 (53.0)
126: 569 576 577 578 581 587 596 (71.0)
127: 574 579 598 (74.0)
128: 573 580 584 585 594 609 (71.0)
129: 583 586 590 591 592 593 (70.0)
130: 582 599 604 607 (75.0)
131: 600 605 618 (75.0)
132: 597 602 603 606 608 610 622 625 629 (72.0)
133: 595 601 611 628 (71.0)
134: 612 613 616 617 619 623 624 (69.0)
135: 614 620 633 638 (66.0)
136: 621 626 630 632 640 (75.0)
137: 615 627 631 639 (70.0)
138: 634 635 637 644 646 651 (62.0)
139: 636 643 649 650 (75.0)
140: 641 647 655 657 (69.0)
141: 648 652 653 654 658 663 (59.0)
142: 642 645 665 668 669 (75.0)
143: 656 660 664 673 677 (69.0)
144: 659 667 670 678 680 (74.0)
145: 666 671 672 676 682 (79.0)
146: 661 674 675 679 681 (75.0)
147: 662 683 684 686 689 691 (73.0)
148: 687 690 696 698 (66.0)
149: 693 694 700 705 709 (72.0)
150: 685 688 702 711 716 (72.0)
151: 692 697 699 721 (56.0)
152: 695 701 704 715 717 727 (75.0)
153: 713 714 729 (75.0)
154: 706 719 720 (72.0)
155: 703 707 712 724 725 734 (73.0)
156: 708 710 722 726 738 (62.0)
157: 718 723 730 733 737 743 (71.0)
158: 736 740 742 746 749 (75.0)
159: 731 732 735 741 744 747 (75.0)
160: 728 739 745 748 (79.0)
