Name: 750-30-50
Time: 46.16842293739319 
Result: 34
Solution:  0 4 1 1 1 1 3 4 2 0 1 0 2 3 3 5 4 6 3 0 6 5 4 5 7 5 6 5 8 5 8 6 7 8 6 12 10 8 8 9 9 10 10 9 14 9 11 10 11 11 11 13 12 11 13 15 14 13 12 13 18 15 16 15 17 15 18 16 21 16 17 17 18 14 15 16 19 19 19 20 20 16 19 21 20 19 21 23 22 22 20 20 23 23 23 24 25 28 22 22 27 22 28 24 26 28 26 25 27 30 26 26 26 28 27 28 26 26 33 31 31 29 31 29 33 34 31 29 30 34 34 32 30 34 32 34 36 35 35 34 34 35 35 37 40 38 36 33 36 35 37 37 37 40 40 39 39 42 35 37 40 41 41 38 43 41 42 40 40 42 40 43 44 41 44 40 42 46 45 41 45 46 47 47 45 45 44 46 48 44 47 49 45 48 48 47 50 51 51 49 50 46 51 52 53 48 51 50 52 51 56 51 51 52 51 53 52 55 51 51 54 54 55 50 56 57 58 54 53 54 55 53 57 54 57 56 59 60 58 54 58 61 58 59 58 57 60 58 59 59 59 60 60 62 57 61 60 64 60 62 62 62 63 63 61 61 64 62 60 63 62 62 62 65 66 66 61 65 64 65 65 66 63 63 67 67 67 69 68 70 68 66 68 68 67 68 66 69 71 67 70 73 70 69 69 73 69 70 74 70 72 68 73 73 71 73 70 74 74 73 75 76 73 75 75 77 74 72 74 75 78 77 80 79 79 74 81 76 77 77 75 78 76 78 81 83 78 81 75 78 80 76 81 77 81 77 82 85 84 84 79 82 79 82 82 83 82 83 83 87 86 84 87 82 85 85 81 85 89 84 87 89 90 86 86 86 88 86 88 86 89 88 86 85 87 89 90 92 88 87 88 93 91 92 90 93 89 91 91 91 91 92 93 89 92 95 92 95 93 92 91 94 95 94 96 96 92 94 93 95 99 93 96 96 100 94 97 97 100 97 101 95 96 95 98 103 98 99 99 99 98 100 100 102 97 98 102 102 102 100 101 104 101 103 105 106 104 102 101 100 104 106 104 105 105 105 103 104 102 104 107 107 107 107 106 108 103 108 109 110 111 107 108 111 107 109 107 113 108 112 114 110 108 108 110 108 111 114 115 109 113 113 110 114 112 117 113 117 111 111 115 116 112 115 114 116 117 114 111 117 119 116 118 116 116 115 118 119 118 116 117 117 119 122 116 119 122 119 120 120 123 120 122 118 119 119 123 123 124 122 125 121 121 121 125 122 122 124 125 123 124 123 121 126 124 125 124 124 121 127 125 123 129 126 125 129 127 127 125 127 129 131 128 125 131 130 130 126 128 128 131 131 130 126 126 132 131 132 130 128 133 134 130 132 136 133 135 134 132 135 130 131 134 137 133 133 132 133 134 137 132 137 136 136 135 138 138 135 140 141 139 140 140 138 136 139 137 139 139 140 138 136 137 136 140 141 139 142 138 141 142 143 142 142 144 146 143 143 143 142 143 142 144 144 145 149 143 145 146 144 145 143 147 147 146 147 144 145 146 145 150 152 148 147 148 149 150 148 145 153 148 151 147 152 153 151 151 153 148 155 154 155 155 152 154 151 153 152 153 154 150 154 152 152 152 156 152 158 155 156 157 154 158 153 156 155 154 156 158 158 159 155 157 159 157 159 157 156 159 157
0: 0 9 11 19 (30.0)
1: 2 3 4 5 10 (29.0)
2: 8 12 (24.0)
3: 6 13 14 18 (35.0)
4: 1 7 16 22 (31.0)
5: 15 21 23 25 27 29 (29.0)
6: 17 20 26 31 34 (23.0)
7: 24 32 (36.0)
8: 28 30 33 37 38 (38.0)
9: 39 40 43 45 (31.0)
10: 36 41 42 47 (33.0)
11: 46 48 49 50 53 (26.0)
12: 35 52 58 (32.0)
13: 51 54 57 59 (33.0)
14: 44 56 73 (30.0)
15: 55 61 63 65 74 (30.0)
16: 62 67 69 75 81 (19.0)
17: 64 70 71 (32.0)
18: 60 66 72 (39.0)
19: 76 77 78 82 85 (32.0)
20: 79 80 84 90 91 (41.0)
21: 68 83 86 (30.0)
22: 88 89 98 99 101 (23.0)
23: 87 92 93 94 (30.0)
24: 95 103 (34.0)
25: 96 107 (44.0)
26: 104 106 110 111 112 116 117 (31.0)
27: 100 108 114 (30.0)
28: 97 102 105 113 115 (30.0)
29: 121 123 127 (35.0)
30: 109 128 132 (31.0)
31: 119 120 122 126 (32.0)
32: 131 134 (34.0)
33: 118 124 147 (33.0)
34: 125 129 130 133 135 139 140 (28.0)
35: 137 138 141 142 149 158 (27.0)
36: 136 146 148 (43.0)
37: 143 150 151 152 159 (31.0)
38: 145 163 (32.0)
39: 155 156 (49.0)
40: 144 153 154 160 167 168 170 175 (32.0)
41: 161 162 165 173 179 (31.0)
42: 157 166 169 176 (31.0)
43: 164 171 (34.0)
44: 172 174 186 189 (33.0)
45: 178 180 184 185 192 (32.0)
46: 177 181 187 201 (39.0)
47: 182 183 190 195 (41.0)
48: 188 193 194 205 (31.0)
49: 191 199 (31.0)
50: 196 200 207 223 (33.0)
51: 197 198 202 206 209 211 212 214 218 219 (28.0)
52: 203 208 213 216 (33.0)
53: 204 215 228 231 (39.0)
54: 220 221 227 229 233 239 (44.0)
55: 217 222 230 (34.0)
56: 210 224 235 (45.0)
57: 225 232 234 245 254 (50.0)
58: 226 238 240 242 244 247 (48.0)
59: 236 243 248 249 250 (32.0)
60: 237 246 251 252 256 258 268 (33.0)
61: 241 255 264 265 276 (32.0)
62: 253 259 260 261 267 270 271 272 (29.0)
63: 262 263 269 282 283 (32.0)
64: 257 266 278 (37.0)
65: 273 277 279 280 (44.0)
66: 274 275 281 291 296 (41.0)
67: 284 285 286 294 299 (35.0)
68: 288 290 292 293 295 311 (50.0)
69: 287 297 303 304 306 (40.0)
70: 289 300 302 307 309 316 (39.0)
71: 298 314 (37.0)
72: 310 327 (34.0)
73: 301 305 312 313 315 319 322 (44.0)
74: 308 317 318 326 328 335 (38.0)
75: 320 323 324 329 340 348 (46.0)
76: 321 337 342 351 (38.0)
77: 325 331 338 339 353 355 (36.0)
78: 330 341 343 346 349 (44.0)
79: 333 334 360 362 (34.0)
80: 332 350 (31.0)
81: 336 344 347 352 354 376 (32.0)
82: 356 361 363 364 366 373 (40.0)
83: 345 365 367 368 (39.0)
84: 358 359 371 379 (50.0)
85: 357 374 375 377 393 (46.0)
86: 370 383 384 385 387 389 392 (36.0)
87: 369 372 380 394 399 (39.0)
88: 386 388 391 398 400 (50.0)
89: 378 381 390 395 406 413 (36.0)
90: 382 396 404 (50.0)
91: 402 407 408 409 410 420 (39.0)
92: 397 403 411 414 416 419 426 (46.0)
93: 401 405 412 418 428 431 (47.0)
94: 421 423 427 435 (36.0)
95: 415 417 422 429 441 443 (49.0)
96: 424 425 432 433 442 (50.0)
97: 436 437 439 454 (50.0)
98: 444 446 450 455 (49.0)
99: 430 447 448 449 (43.0)
100: 434 438 451 452 459 469 (50.0)
101: 440 460 462 468 (45.0)
102: 453 456 457 458 467 478 (33.0)
103: 445 463 476 486 (36.0)
104: 461 466 470 472 477 479 (49.0)
105: 464 473 474 475 (36.0)
106: 465 471 484 (38.0)
107: 480 481 482 483 491 494 496 (47.0)
108: 485 487 492 498 502 503 505 (37.0)
109: 488 495 509 (40.0)
110: 489 501 504 512 (46.0)
111: 490 493 506 518 519 528 (50.0)
112: 499 514 522 (36.0)
113: 497 510 511 516 (42.0)
114: 500 507 513 524 527 (50.0)
115: 508 520 523 535 (49.0)
116: 521 525 531 533 534 539 544 (53.0)
117: 515 517 526 529 540 541 (50.0)
118: 532 536 538 553 (51.0)
119: 530 537 542 545 547 554 555 (49.0)
120: 548 549 551 (53.0)
121: 561 562 563 572 578 (50.0)
122: 543 546 552 559 565 566 (49.0)
123: 550 556 557 569 571 581 (42.0)
124: 558 567 570 574 576 577 (50.0)
125: 560 564 568 575 580 584 588 593 (50.0)
126: 573 583 597 603 604 (46.0)
127: 579 586 587 589 (48.0)
128: 592 598 599 609 (50.0)
129: 582 585 590 (50.0)
130: 595 596 602 608 612 620 (38.0)
131: 591 594 600 601 606 621 (48.0)
132: 605 607 613 618 626 630 (50.0)
133: 610 615 624 625 627 (49.0)
134: 611 617 622 628 (47.0)
135: 616 619 634 637 (47.0)
136: 614 632 633 644 651 653 (41.0)
137: 623 629 631 646 652 (49.0)
138: 635 636 643 650 658 (48.0)
139: 640 645 647 648 656 (50.0)
140: 638 641 642 649 654 (48.0)
141: 639 655 659 (50.0)
142: 657 660 662 663 669 671 (47.0)
143: 661 666 667 668 670 676 681 (46.0)
144: 664 672 673 679 686 (50.0)
145: 674 677 680 687 689 698 (50.0)
146: 665 678 684 688 (50.0)
147: 682 683 685 693 702 (50.0)
148: 692 694 697 700 708 (51.0)
149: 675 695 (53.0)
150: 690 696 720 (50.0)
151: 701 705 706 715 (50.0)
152: 691 703 713 717 722 723 724 726 (45.0)
153: 699 704 707 716 718 733 (50.0)
154: 710 714 719 721 731 736 (47.0)
155: 709 711 712 728 735 741 (53.0)
156: 725 729 734 737 747 (51.0)
157: 730 742 744 746 749 (50.0)
158: 727 732 738 739 (50.0)
159: 740 743 745 748 (53.0)
