Name: 750-50-100
Time: 22.936256170272827 
Result: 27065
Solution:  0 0 0 3 1 1 3 0 2 5 4 3 3 1 3 2 5 4 5 1 5 5 1 6 5 5 9 7 4 7 7 8 8 8 10 10 9 12 9 7 11 10 10 6 12 12 10 11 13 10 14 12 13 12 14 12 18 15 13 15 14 13 16 16 19 16 16 15 17 18 15 18 17 17 19 21 17 16 19 20 22 22 20 19 22 22 20 18 20 23 25 22 21 24 22 24 23 24 22 26 27 24 24 25 26 28 27 29 24 23 28 27 27 27 25 28 29 28 28 27 27 33 29 28 30 28 29 30 26 31 30 32 31 29 29 33 31 31 28 32 32 31 33 36 34 34 36 34 32 33 35 36 33 36 36 36 39 36 35 36 33 34 39 38 37 37 40 36 39 39 43 36 39 39 38 38 40 40 40 41 40 42 39 42 38 40 41 40 42 43 41 44 44 42 44 45 41 41 41 45 44 42 46 46 45 46 45 44 45 48 48 48 50 46 48 46 45 48 46 47 51 49 47 46 49 51 51 50 50 52 51 50 49 49 50 56 52 49 54 52 53 53 51 57 51 50 50 56 54 55 55 55 54 55 55 56 53 59 56 55 54 61 54 57 59 58 59 58 60 58 57 57 60 58 60 56 56 60 59 60 62 60 62 63 61 62 66 64 59 62 61 63 64 61 61 61 63 63 66 68 65 63 63 65 63 65 66 64 64 68 67 65 68 70 65 68 66 70 72 70 67 70 72 69 70 67 72 71 69 70 73 71 70 67 69 71 71 73 72 72 74 71 74 72 75 72 74 76 75 77 79 74 76 73 76 77 76 76 76 76 79 81 80 81 79 80 78 76 74 77 80 79 82 77 78 83 80 79 81 80 82 81 83 81 77 83 82 85 82 80 81 82 84 85 81 84 80 84 85 83 86 83 85 85 84 86 86 86 86 87 85 85 90 87 88 86 88 88 90 89 87 89 88 89 88 88 89 88 91 92 92 90 91 94 91 90 96 95 95 92 94 93 93 93 92 92 93 93 96 93 96 95 95 95 94 98 99 95 99 96 97 99 99 95 99 98 97 97 96 97 95 102 101 101 100 103 99 99 100 101 99 100 98 100 104 102 104 102 102 101 102 102 104 105 103 104 104 105 105 106 104 105 106 109 105 108 106 108 106 108 107 105 110 103 107 108 110 111 106 107 110 110 108 109 111 111 110 111 112 112 111 109 107 111 110 113 112 110 114 110 113 113 113 114 112 114 114 112 115 115 116 114 115 112 112 117 116 114 117 116 118 117 118 118 119 117 118 118 118 120 119 122 118 122 117 122 120 119 121 119 117 123 120 121 121 121 123 121 118 122 123 123 123 122 124 120 124 123 125 125 126 126 128 123 124 124 126 126 122 125 126 128 131 123 127 128 128 131 127 125 129 129 128 128 128 129 132 131 128 131 134 132 132 131 133 132 133 131 130 133 133 132 135 135 130 134 132 134 132 137 134 135 135 136 137 136 140 136 132 135 136 135 136 139 137 139 136 142 138 137 136 138 142 139 138 139 138 142 142 140 141 137 138 142 141 142 142 139 143 140 143 141 140 145 145 147 141 144 145 144 146 144 143 147 146 148 146 148 147 144 148 144 147 149 145 146 149 147 148 145 146 149 148 147 150 149 146 149 150 150 152 153 152 153 151 148 154 154 152 151 153 151 153 149 152 153 154 154 154 152
0: 0 1 2 7 (51.0)
1: 4 5 13 19 22 (49.0)
2: 8 15 (50.0)
3: 3 6 11 12 14 (50.0)
4: 10 17 28 (52.0)
5: 9 16 18 20 21 24 25 (50.0)
6: 23 43 (58.0)
7: 27 29 30 39 (35.0)
8: 31 32 33 (50.0)
9: 26 36 38 (53.0)
10: 34 35 41 42 46 49 (50.0)
11: 40 47 (52.0)
12: 37 44 45 51 53 55 (58.0)
13: 48 52 58 61 (59.0)
14: 50 54 60 (48.0)
15: 57 59 67 70 (56.0)
16: 62 63 65 66 77 (50.0)
17: 68 72 73 76 (52.0)
18: 56 69 71 87 (70.0)
19: 64 74 78 83 (62.0)
20: 79 82 86 88 (68.0)
21: 75 92 (60.0)
22: 80 81 84 85 91 94 98 (55.0)
23: 89 96 109 (64.0)
24: 93 95 97 101 102 108 (45.0)
25: 90 103 114 (52.0)
26: 99 104 128 (58.0)
27: 100 106 111 112 113 119 120 (54.0)
28: 105 110 115 117 118 123 125 138 (50.0)
29: 107 116 122 126 133 134 (50.0)
30: 124 127 130 (64.0)
31: 129 132 136 137 141 (69.0)
32: 131 139 140 148 (56.0)
33: 121 135 142 149 152 160 (72.0)
34: 144 145 147 161 (56.0)
35: 150 158 (60.0)
36: 143 146 151 153 154 155 157 159 167 171 (46.0)
37: 164 165 (63.0)
38: 163 174 175 184 (57.0)
39: 156 162 168 169 172 173 182 (51.0)
40: 166 176 177 178 180 185 187 (51.0)
41: 179 186 190 196 197 198 (54.0)
42: 181 183 188 193 201 (68.0)
43: 170 189 (59.0)
44: 191 192 194 200 207 (57.0)
45: 195 199 204 206 208 216 (98.0)
46: 202 203 205 213 215 218 223 (65.0)
47: 219 222 (68.0)
48: 209 210 211 214 217 (55.0)
49: 221 224 232 233 237 (56.0)
50: 212 227 228 231 234 245 246 (80.0)
51: 220 225 226 230 242 244 (53.0)
52: 229 236 239 (75.0)
53: 240 241 256 (66.0)
54: 238 248 252 260 262 (57.0)
55: 249 250 251 253 254 259 (75.0)
56: 235 247 255 258 275 276 (67.0)
57: 243 263 270 271 (56.0)
58: 265 267 269 273 (59.0)
59: 257 264 266 278 288 (57.0)
60: 268 272 274 277 279 281 (66.0)
61: 261 284 290 293 294 295 (58.0)
62: 280 282 285 289 (62.0)
63: 283 291 296 297 301 302 304 (74.0)
64: 287 292 307 308 (75.0)
65: 300 303 305 311 314 (83.0)
66: 286 298 306 316 (71.0)
67: 310 320 325 333 (87.0)
68: 299 309 312 315 (69.0)
69: 323 328 334 (67.0)
70: 313 317 319 321 324 329 332 (68.0)
71: 327 331 335 336 341 (53.0)
72: 318 322 326 338 339 343 345 (52.0)
73: 330 337 353 (53.0)
74: 340 342 346 351 368 (70.0)
75: 344 348 (50.0)
76: 347 352 354 356 357 358 359 367 (100.0)
77: 349 355 369 373 384 (69.0)
78: 366 374 (60.0)
79: 350 360 364 371 377 (85.0)
80: 362 365 370 376 379 389 396 (77.0)
81: 361 363 378 381 383 390 394 (86.0)
82: 372 380 386 388 391 (81.0)
83: 375 382 385 399 401 (83.0)
84: 392 395 397 404 (70.0)
85: 387 393 398 402 403 410 411 (55.0)
86: 400 405 406 407 408 415 (75.0)
87: 409 413 420 (70.0)
88: 414 416 417 422 424 425 427 (94.0)
89: 419 421 423 426 (96.0)
90: 412 418 431 435 (69.0)
91: 428 432 434 (64.0)
92: 429 430 439 444 445 (66.0)
93: 441 442 443 446 447 449 (66.0)
94: 433 440 454 (94.0)
95: 437 438 451 452 453 457 463 470 (79.0)
96: 436 448 450 459 468 (100.0)
97: 460 466 467 469 (92.0)
98: 455 465 482 (63.0)
99: 456 458 461 462 464 476 477 480 (65.0)
100: 474 478 481 483 (73.0)
101: 472 473 479 489 (70.0)
102: 471 485 487 488 490 491 (87.0)
103: 475 494 513 (77.0)
104: 484 486 492 495 496 500 (72.0)
105: 493 497 498 501 504 511 (70.0)
106: 499 502 506 508 518 (94.0)
107: 510 514 519 532 (93.0)
108: 505 507 509 515 522 (72.0)
109: 503 523 531 (82.0)
110: 512 516 520 521 526 534 537 539 (98.0)
111: 517 524 525 527 530 533 (81.0)
112: 528 529 536 544 547 553 554 (97.0)
113: 535 540 541 542 (100.0)
114: 538 543 545 546 551 557 (66.0)
115: 548 549 552 (61.0)
116: 550 556 559 (89.0)
117: 555 558 561 565 574 580 (100.0)
118: 560 562 563 566 567 568 572 588 (96.0)
119: 564 570 577 579 (82.0)
120: 569 576 582 595 (97.0)
121: 578 583 584 585 587 (95.0)
122: 571 573 575 589 593 608 (100.0)
123: 581 586 590 591 592 597 603 613 (99.0)
124: 594 596 604 605 (100.0)
125: 598 599 609 619 (74.0)
126: 600 601 606 607 610 (85.0)
127: 614 618 (53.0)
128: 602 611 615 616 622 623 624 628 (57.0)
129: 620 621 625 (90.0)
130: 638 644 (74.0)
131: 612 617 627 629 633 637 (90.0)
132: 626 631 632 635 641 646 648 658 (92.0)
133: 634 636 639 640 (98.0)
134: 630 645 647 650 (98.0)
135: 642 643 651 652 659 661 (93.0)
136: 653 655 657 660 662 666 670 (94.0)
137: 649 654 664 669 681 (97.0)
138: 668 671 674 676 682 (86.0)
139: 663 665 673 675 687 (99.0)
140: 656 679 689 692 (97.0)
141: 680 684 691 696 (95.0)
142: 667 672 677 678 683 685 686 (98.0)
143: 688 690 702 (100.0)
144: 697 699 701 709 711 (93.0)
145: 693 694 698 714 719 (99.0)
146: 700 704 706 715 720 726 (100.0)
147: 695 703 708 712 717 723 (99.0)
148: 705 707 710 718 722 735 (98.0)
149: 713 716 721 725 727 743 (99.0)
150: 724 728 729 (99.0)
151: 734 739 741 (94.0)
152: 730 732 738 744 749 (98.0)
153: 731 733 740 742 745 (86.0)
154: 736 737 746 747 748 (66.0)
