Name: 750-40-75
Time: 23.240564346313477 
Result: 38051
Solution:  2 1 0 1 0 1 4 2 0 3 1 1 3 2 3 5 1 3 4 2 5 7 4 5 7 6 7 5 9 7 4 8 6 12 10 8 11 7 8 6 11 10 13 8 11 10 15 13 9 13 13 8 15 14 10 12 14 13 10 13 19 13 16 12 18 16 19 14 18 16 17 16 18 20 20 22 19 19 16 16 24 24 17 20 22 22 23 21 20 23 24 21 24 20 19 25 26 23 26 24 22 25 27 26 30 24 23 30 27 24 30 27 27 26 32 29 28 29 30 29 31 34 31 31 30 32 33 28 32 30 31 33 33 36 29 29 33 36 32 36 37 33 36 32 35 33 35 38 34 38 35 40 42 36 38 37 39 42 39 40 40 40 38 41 41 40 44 38 40 40 43 41 46 43 39 44 42 44 42 42 49 45 42 48 45 46 48 50 47 43 48 43 47 49 51 48 49 51 47 48 50 52 51 46 50 49 49 49 51 53 52 51 56 52 53 57 53 51 55 56 55 55 55 57 55 54 56 56 56 56 57 58 56 54 57 58 58 57 60 54 58 60 58 61 59 61 60 58 61 62 59 61 62 61 60 63 58 61 61 65 65 62 61 63 62 61 65 64 64 65 63 61 65 65 63 70 65 64 67 67 66 67 69 64 64 68 72 70 69 66 69 69 69 69 70 67 70 69 70 68 69 75 73 70 70 71 71 76 75 72 74 71 71 72 77 75 76 71 70 72 74 75 74 76 75 75 75 73 76 76 74 79 77 79 77 78 76 77 79 78 79 77 79 81 78 79 80 78 82 82 81 82 80 82 82 82 82 80 80 82 83 82 81 83 87 86 84 84 84 86 87 84 83 86 85 87 88 86 86 84 85 89 86 87 89 86 86 86 90 87 92 89 89 89 90 88 87 92 91 94 92 93 90 90 91 92 94 88 93 91 96 91 91 96 90 95 95 92 95 95 99 95 95 94 94 94 93 96 95 93 95 99 97 99 100 98 99 98 94 97 99 99 97 101 101 102 99 99 101 102 102 102 101 100 98 104 102 103 99 103 104 103 103 104 100 104 103 102 104 103 105 107 105 105 105 107 106 106 106 110 105 107 108 107 108 106 111 109 108 109 107 109 110 109 110 110 112 111 110 108 111 112 115 108 109 111 108 112 113 112 111 113 113 112 112 116 112 117 114 113 114 115 112 114 115 115 117 115 116 116 118 118 116 118 117 114 120 120 118 117 119 119 118 119 115 120 121 120 119 120 122 121 121 122 121 122 121 119 120 122 124 125 119 120 124 125 121 126 124 126 125 125 122 126 123 125 126 126 128 123 129 127 127 128 130 128 128 128 131 127 129 129 130 130 129 133 126 127 128 131 134 130 133 132 131 132 133 130 131 128 135 133 135 133 134 134 137 134 130 134 136 137 133 135 131 132 140 135 132 136 137 136 137 134 138 138 137 138 138 141 136 141 142 139 140 140 138 141 143 140 141 138 143 140 142 142 144 139 142 144 143 144 145 140 147 144 145 147 143 148 144 145 145 143 143 146 144 144 144 143 143 145 146 146 147 147 148 148 150 149 148 149 147 149 150 149 150 149 150 151 153 152 149 152 153 153 152 152 155 151 152 155 156 155 152 153 150 151 154 154 154 154 155 154 151 156 157 156 160 159 157 160 157 156 158 158 158 157 158 156 158 159 156 157 160 159 160 160 159 160
0: 2 4 8 (43.0)
1: 1 3 5 10 11 16 (35.0)
2: 0 7 13 19 (46.0)
3: 9 12 14 17 (44.0)
4: 6 18 22 30 (43.0)
5: 15 20 23 27 (44.0)
6: 25 32 39 (41.0)
7: 21 24 26 29 37 (39.0)
8: 31 35 38 43 51 (31.0)
9: 28 48 (45.0)
10: 34 41 45 54 58 (26.0)
11: 36 40 44 (48.0)
12: 33 55 63 (44.0)
13: 42 47 49 50 57 59 61 (42.0)
14: 53 56 67 (50.0)
15: 46 52 (44.0)
16: 62 65 69 71 78 79 (41.0)
17: 70 82 (47.0)
18: 64 68 72 (44.0)
19: 60 66 76 77 94 (42.0)
20: 73 74 83 88 93 (41.0)
21: 87 91 (42.0)
22: 75 84 85 100 (43.0)
23: 86 89 97 106 (44.0)
24: 80 81 90 92 99 105 109 (45.0)
25: 95 101 (51.0)
26: 96 98 103 113 (42.0)
27: 102 108 111 112 (52.0)
28: 116 127 (47.0)
29: 115 117 119 134 135 (60.0)
30: 104 107 110 118 124 129 (53.0)
31: 120 122 123 130 (48.0)
32: 114 125 128 138 143 (43.0)
33: 126 131 132 136 141 145 (44.0)
34: 121 148 (42.0)
35: 144 146 150 (43.0)
36: 133 137 139 142 153 (43.0)
37: 140 155 (56.0)
38: 147 149 154 162 167 (42.0)
39: 156 158 174 (45.0)
40: 151 159 160 161 165 168 169 (41.0)
41: 163 164 171 (50.0)
42: 152 157 176 178 179 182 (50.0)
43: 170 173 189 191 (53.0)
44: 166 175 177 (50.0)
45: 181 184 (46.0)
46: 172 185 203 (40.0)
47: 188 192 198 (53.0)
48: 183 186 190 195 199 (63.0)
49: 180 193 196 205 206 207 (51.0)
50: 187 200 204 (45.0)
51: 194 197 202 208 211 217 (39.0)
52: 201 210 213 (45.0)
53: 209 214 216 (53.0)
54: 225 233 239 (52.0)
55: 218 220 221 222 224 (52.0)
56: 212 219 226 227 228 229 232 (51.0)
57: 215 223 230 234 237 (54.0)
58: 231 235 236 240 242 247 256 (49.0)
59: 244 250 (54.0)
60: 238 241 246 254 (45.0)
61: 243 245 248 251 253 257 258 262 265 271 (55.0)
62: 249 252 261 264 (56.0)
63: 255 263 270 274 (53.0)
64: 267 268 277 283 284 (56.0)
65: 259 260 266 269 272 273 276 (59.0)
66: 280 289 (53.0)
67: 278 279 281 295 (56.0)
68: 285 299 (42.0)
69: 282 288 290 291 292 293 297 300 (75.0)
70: 275 287 294 296 298 303 304 318 (51.0)
71: 305 306 311 312 317 (47.0)
72: 286 309 313 319 (49.0)
73: 302 327 (50.0)
74: 310 320 322 330 (45.0)
75: 301 308 315 321 324 325 326 (47.0)
76: 307 316 323 328 329 336 (54.0)
77: 314 332 334 337 341 (61.0)
78: 335 339 344 347 (55.0)
79: 331 333 338 340 342 345 (73.0)
80: 346 352 357 358 (51.0)
81: 343 350 362 (53.0)
82: 348 349 351 353 354 355 356 359 361 (71.0)
83: 360 363 372 (56.0)
84: 366 367 368 371 379 (40.0)
85: 374 380 (40.0)
86: 365 369 373 377 378 382 385 386 387 (61.0)
87: 364 370 375 383 389 396 (51.0)
88: 376 395 407 (61.0)
89: 381 384 391 392 393 (60.0)
90: 388 394 402 403 414 (69.0)
91: 398 404 409 411 412 (57.0)
92: 390 397 400 405 417 (55.0)
93: 401 408 426 429 (45.0)
94: 399 406 423 424 425 438 (64.0)
95: 415 416 418 419 421 422 428 430 (73.0)
96: 410 413 427 (63.0)
97: 432 439 442 (59.0)
98: 435 437 454 (52.0)
99: 420 431 433 436 440 441 446 447 458 (75.0)
100: 434 453 464 (52.0)
101: 443 444 448 452 (57.0)
102: 445 449 450 451 456 467 (56.0)
103: 457 459 461 462 466 469 (63.0)
104: 455 460 463 465 468 (75.0)
105: 470 472 473 474 480 (74.0)
106: 476 477 478 485 (54.0)
107: 471 475 481 483 490 (57.0)
108: 482 484 488 499 503 506 (70.0)
109: 487 489 491 493 504 (72.0)
110: 479 492 494 495 498 (57.0)
111: 486 497 500 505 510 (48.0)
112: 496 501 507 509 513 514 516 522 (63.0)
113: 508 511 512 519 (74.0)
114: 518 520 523 535 (76.0)
115: 502 521 524 525 527 544 (74.0)
116: 515 528 529 532 (55.0)
117: 517 526 534 539 (56.0)
118: 530 531 533 538 542 (67.0)
119: 540 541 543 548 557 562 (65.0)
120: 536 537 545 547 549 558 563 (75.0)
121: 546 551 552 554 556 566 (75.0)
122: 550 553 555 559 572 (54.0)
123: 574 579 (70.0)
124: 560 564 568 (56.0)
125: 561 565 570 571 575 (58.0)
126: 567 569 573 576 577 596 (61.0)
127: 581 582 589 597 (53.0)
128: 578 583 585 586 587 598 609 (69.0)
129: 580 590 591 594 (72.0)
130: 584 592 593 601 607 618 (71.0)
131: 588 599 604 608 624 (76.0)
132: 603 605 625 628 (75.0)
133: 595 602 606 611 613 622 (61.0)
134: 600 614 615 617 619 633 (67.0)
135: 610 612 623 627 (72.0)
136: 620 629 631 640 (59.0)
137: 616 621 630 632 636 (72.0)
138: 634 635 637 638 646 651 (65.0)
139: 643 657 (76.0)
140: 626 644 645 649 653 663 (74.0)
141: 639 641 647 650 (54.0)
142: 642 654 655 658 (63.0)
143: 648 652 660 668 673 674 679 680 (66.0)
144: 656 659 661 665 670 676 677 678 (74.0)
145: 662 666 671 672 681 (77.0)
146: 675 682 683 (69.0)
147: 664 667 684 685 692 (75.0)
148: 669 686 687 690 (73.0)
149: 689 691 693 695 697 702 (75.0)
150: 688 694 696 698 716 (72.0)
151: 699 709 717 724 (75.0)
152: 701 703 706 707 710 714 (75.0)
153: 700 704 705 715 (75.0)
154: 718 719 720 721 723 (75.0)
155: 708 711 713 722 (72.0)
156: 712 725 727 733 739 742 (75.0)
157: 726 730 732 737 743 (73.0)
158: 734 735 736 738 740 (76.0)
159: 729 741 745 748 (77.0)
160: 728 731 744 746 747 749 (75.0)
