Name: 750-40-75
Time: 23.19562315940857 
Result: 47055
Solution:  2 0 0 1 0 3 2 2 1 0 3 2 3 2 5 3 2 3 4 4 3 7 4 7 7 8 6 3 5 4 5 8 6 12 8 11 10 6 7 9 10 10 12 11 9 7 14 11 9 12 12 13 11 15 12 14 13 13 12 16 17 12 15 14 18 16 15 17 17 17 15 16 18 21 21 20 18 16 15 16 23 23 19 20 22 21 19 21 19 23 23 22 21 26 20 26 25 24 20 24 22 25 26 23 24 26 27 30 29 24 27 27 28 27 30 28 28 29 30 29 34 30 31 31 31 31 30 32 33 31 31 34 32 34 30 32 37 30 33 36 37 33 35 39 36 35 33 37 35 38 34 34 38 39 40 38 39 40 39 42 38 38 37 41 42 42 42 40 43 39 41 42 45 43 43 43 46 40 44 42 46 45 43 46 44 48 46 48 47 45 48 44 50 49 51 48 49 49 46 47 50 53 51 49 49 51 51 49 52 52 53 51 53 54 54 56 54 51 54 50 57 55 53 57 55 55 56 53 56 55 56 58 55 53 56 57 58 58 60 58 61 60 57 61 59 61 60 61 60 62 59 58 60 61 57 63 61 62 62 58 66 62 66 59 61 61 65 64 64 64 63 65 65 64 63 66 67 65 67 66 68 68 68 65 65 68 68 68 66 67 69 69 71 67 70 69 70 72 74 66 71 74 73 70 70 68 70 74 72 71 71 72 72 72 76 72 75 70 74 76 75 75 71 77 74 76 78 77 76 76 73 78 77 80 79 78 77 77 79 78 80 79 78 79 79 83 82 79 83 82 81 78 84 82 83 82 82 79 81 85 80 80 84 84 81 85 83 85 85 81 87 85 83 85 85 87 86 86 87 89 90 90 88 89 87 84 89 85 88 88 91 91 90 88 89 90 88 89 91 86 95 91 92 92 92 89 94 95 91 89 93 93 89 96 94 96 92 94 94 96 93 95 94 94 95 95 94 95 92 97 96 97 97 98 97 99 97 97 98 102 97 99 98 99 100 98 99 99 100 98 101 97 99 101 101 103 98 99 101 99 104 103 101 104 103 104 103 106 102 106 105 106 105 103 103 104 104 108 106 110 107 107 104 104 109 106 110 109 107 105 109 109 110 109 107 110 108 113 110 111 111 110 112 109 109 110 108 111 114 112 112 113 113 112 112 116 116 117 114 113 117 113 113 115 115 115 116 115 115 116 117 117 113 121 119 114 118 117 119 115 119 120 118 119 120 120 120 120 118 120 121 118 117 123 121 122 121 120 123 123 124 121 119 126 124 122 128 123 123 126 125 124 125 126 128 125 126 126 128 122 127 129 130 129 125 131 127 128 131 126 127 128 129 131 126 134 130 131 128 129 130 131 132 129 130 133 134 131 131 129 132 133 132 131 135 136 136 134 133 135 137 136 132 132 131 132 136 135 132 134 138 137 138 138 138 136 137 138 137 139 136 135 141 139 138 142 137 143 143 139 141 141 143 140 144 141 141 140 140 143 143 144 144 144 147 144 145 144 142 140 145 145 142 142 143 146 145 147 146 143 148 147 144 146 145 148 145 148 150 149 149 148 151 148 150 152 150 151 148 151 147 151 149 150 152 153 152 154 156 151 157 154 152 155 153 153 153 150 155 154 154 152 157 151 152 155 158 153 155 156 157 159 160 156 160 160 158 157 154 159 158 159 156 158 160 159 157 158 160 158
0: 1 2 4 9 (43.0)
1: 3 8 (35.0)
2: 0 6 7 11 13 16 (47.0)
3: 5 10 12 15 17 20 27 (42.0)
4: 18 19 22 29 (44.0)
5: 14 28 30 (46.0)
6: 26 32 37 (41.0)
7: 21 23 24 38 45 (40.0)
8: 25 31 34 (41.0)
9: 39 44 48 (49.0)
10: 36 40 41 (41.0)
11: 35 43 47 52 (40.0)
12: 33 42 49 50 54 58 61 (40.0)
13: 51 56 57 (40.0)
14: 46 55 63 (52.0)
15: 53 62 66 70 78 (37.0)
16: 59 65 71 77 79 (44.0)
17: 60 67 68 69 (41.0)
18: 64 72 76 (51.0)
19: 82 86 88 (40.0)
20: 75 83 94 98 (34.0)
21: 73 74 85 87 92 (39.0)
22: 84 91 100 (50.0)
23: 80 81 89 90 103 (27.0)
24: 97 99 104 109 (49.0)
25: 96 101 (45.0)
26: 93 95 102 105 (40.0)
27: 106 110 111 113 (43.0)
28: 112 115 116 (49.0)
29: 108 117 119 (42.0)
30: 107 114 118 121 126 134 137 (40.0)
31: 122 123 124 125 129 130 (44.0)
32: 127 132 135 (53.0)
33: 128 138 141 146 (49.0)
34: 120 131 133 150 151 (54.0)
35: 142 145 148 (49.0)
36: 139 144 (45.0)
37: 136 140 147 162 (47.0)
38: 149 152 155 160 161 (48.0)
39: 143 153 156 158 169 (48.0)
40: 154 157 167 177 (52.0)
41: 163 170 (54.0)
42: 159 164 165 166 171 179 (59.0)
43: 168 173 174 175 182 (52.0)
44: 178 184 191 (57.0)
45: 172 181 189 (43.0)
46: 176 180 183 186 198 (44.0)
47: 188 199 (45.0)
48: 185 187 190 195 (44.0)
49: 193 196 197 203 204 207 (55.0)
50: 192 200 219 (45.0)
51: 194 202 205 206 211 217 (39.0)
52: 208 209 (38.0)
53: 201 210 212 222 227 233 (47.0)
54: 213 214 216 218 (63.0)
55: 221 224 225 229 232 (61.0)
56: 215 226 228 230 234 (51.0)
57: 220 223 235 242 254 (54.0)
58: 231 236 237 239 251 259 (61.0)
59: 244 250 263 (57.0)
60: 238 241 246 248 252 (46.0)
61: 240 243 245 247 253 256 264 265 (55.0)
62: 249 257 258 261 (53.0)
63: 255 270 274 (50.0)
64: 267 268 269 273 (46.0)
65: 266 271 272 277 283 284 (50.0)
66: 260 262 275 279 288 299 (64.0)
67: 276 278 289 293 (62.0)
68: 280 281 282 285 286 287 305 (59.0)
69: 290 291 295 (44.0)
70: 294 296 303 304 306 317 (48.0)
71: 292 300 309 310 322 (50.0)
72: 297 308 311 312 313 315 (43.0)
73: 302 330 (40.0)
74: 298 301 307 318 324 (41.0)
75: 316 320 321 (45.0)
76: 314 319 325 328 329 (60.0)
77: 323 327 332 336 337 (60.0)
78: 326 331 335 339 342 351 (68.0)
79: 334 338 341 343 344 347 357 (67.0)
80: 333 340 360 361 (50.0)
81: 350 358 364 369 (47.0)
82: 346 349 353 355 356 (57.0)
83: 345 348 354 366 372 (67.0)
84: 352 362 363 385 (59.0)
85: 359 365 367 368 371 373 374 387 (59.0)
86: 376 377 399 (48.0)
87: 370 375 378 384 (51.0)
88: 382 388 389 393 396 (64.0)
89: 379 383 386 394 397 405 409 412 (75.0)
90: 380 381 392 395 (55.0)
91: 390 391 398 401 408 (58.0)
92: 402 403 404 416 428 (53.0)
93: 410 411 420 (63.0)
94: 406 414 417 418 422 423 426 (67.0)
95: 400 407 421 424 425 427 (69.0)
96: 413 415 419 430 (51.0)
97: 429 431 432 434 436 437 440 451 (68.0)
98: 433 438 442 445 449 456 (53.0)
99: 435 441 443 446 447 452 457 459 (74.0)
100: 444 448 (46.0)
101: 450 453 454 458 462 (66.0)
102: 439 468 (52.0)
103: 455 461 464 466 473 474 (72.0)
104: 460 463 465 475 476 482 483 (71.0)
105: 470 472 489 (63.0)
106: 467 469 471 478 485 (53.0)
107: 480 481 488 494 (69.0)
108: 477 496 506 (48.0)
109: 484 487 490 491 493 503 504 (73.0)
110: 479 486 492 495 498 501 505 (62.0)
111: 499 500 507 (52.0)
112: 502 509 510 513 514 (47.0)
113: 497 511 512 519 521 522 532 (63.0)
114: 508 518 535 (82.0)
115: 523 524 525 527 528 539 (68.0)
116: 515 516 526 529 (75.0)
117: 517 520 530 531 537 552 (61.0)
118: 536 542 548 551 (64.0)
119: 534 538 540 543 562 (55.0)
120: 541 544 545 546 547 549 557 (61.0)
121: 533 550 554 556 561 (75.0)
122: 555 565 579 (75.0)
123: 553 558 559 567 568 (74.0)
124: 560 564 571 (54.0)
125: 570 572 575 584 (48.0)
126: 563 569 573 576 577 589 594 (65.0)
127: 580 586 590 (61.0)
128: 566 574 578 587 591 598 (77.0)
129: 581 583 592 599 603 609 (60.0)
130: 582 596 600 604 (67.0)
131: 585 588 593 597 601 607 608 613 624 (71.0)
132: 602 610 612 622 623 625 628 (75.0)
133: 605 611 618 (77.0)
134: 595 606 617 629 (54.0)
135: 614 619 627 641 (74.0)
136: 615 616 621 626 635 640 (74.0)
137: 620 631 636 638 646 (65.0)
138: 630 632 633 634 637 644 (68.0)
139: 639 643 649 (75.0)
140: 653 657 658 669 (74.0)
141: 642 650 651 655 656 (42.0)
142: 645 668 672 673 (75.0)
143: 647 648 652 659 660 674 679 (70.0)
144: 654 661 662 663 665 667 682 (75.0)
145: 666 670 671 676 684 686 (69.0)
146: 675 678 683 (73.0)
147: 664 677 681 700 (72.0)
148: 680 685 687 691 693 698 (74.0)
149: 689 690 702 (69.0)
150: 688 694 696 703 717 (74.0)
151: 692 697 699 701 709 723 (73.0)
152: 695 704 706 712 721 724 (75.0)
153: 705 714 715 716 727 (74.0)
154: 707 711 719 720 738 (75.0)
155: 713 718 725 728 (74.0)
156: 708 729 733 742 (75.0)
157: 710 722 730 737 746 (75.0)
158: 726 736 740 743 747 749 (77.0)
159: 731 739 741 745 (78.0)
160: 732 734 735 744 748 (72.0)
