Name: 750-60-125
Time: 26.168826580047607 
Result: 104098
Solution:  0 1 0 1 4 0 1 1 5 5 0 3 3 6 1 6 5 3 7 0 5 4 4 4 6 3 5 6 7 7 6 8 8 9 8 10 9 12 10 10 9 10 7 9 11 10 10 13 11 10 10 12 11 16 16 13 14 13 13 18 14 16 15 14 15 16 17 16 17 15 16 18 21 19 16 17 19 19 19 22 18 23 18 20 24 18 19 20 21 22 21 23 24 21 24 23 25 24 23 22 26 26 27 23 27 29 23 25 28 24 27 26 28 28 29 30 27 29 30 27 33 34 32 31 31 32 34 29 32 30 36 30 35 34 36 29 31 35 34 36 35 38 34 35 33 35 36 38 36 38 37 36 40 35 41 39 39 41 40 38 38 41 39 37 41 44 45 44 40 43 43 44 43 40 42 42 44 42 43 47 45 45 44 46 47 47 46 43 51 47 47 46 49 48 51 51 48 47 48 49 50 50 47 50 53 54 52 55 51 50 54 51 54 52 53 54 51 57 56 53 56 52 56 57 56 56 52 54 58 55 58 57 58 57 55 56 61 59 60 56 60 60 60 59 60 59 60 62 61 62 63 62 61 59 64 63 63 64 64 65 68 65 68 68 66 68 65 65 66 70 68 71 69 64 65 65 71 69 72 67 69 70 68 70 74 73 73 72 74 68 71 71 72 73 73 75 76 77 74 77 75 77 76 72 75 73 77 78 80 78 77 76 74 79 76 81 75 76 82 79 77 82 79 78 81 84 80 78 82 82 82 80 83 81 85 81 83 84 84 85 87 87 85 83 86 87 88 86 88 86 89 87 84 84 88 86 92 91 90 85 90 86 91 92 89 91 92 93 91 91 94 90 91 93 93 94 93 96 91 97 95 97 93 93 95 96 97 98 98 96 93 100 95 100 99 98 96 99 97 99 101 100 97 102 104 103 103 101 102 100 105 103 101 104 102 104 105 103 104 108 101 101 108 105 107 105 104 106 106 107 106 108 106 104 109 110 108 107 106 107 110 109 114 113 110 109 112 111 111 111 109 114 113 114 109 109 112 111 112 113 115 115 115 113 118 116 114 116 116 117 118 116 119 115 119 117 117 119 119 121 120 117 119 120 123 121 120 124 122 122 121 122 123 123 122 123 124 128 122 126 126 124 125 125 124 127 126 126 129 128 127 128 128 128 127 128 128 127 127 129 134 132 130 131 130 132 130 130 133 133 135 131 134 132 132 134 133 131 134 134 134 134 139 136 135 140 137 136 135 140 139 135 136 137 138 141 139 138 138 141 141 143 140 137 144 138 142 139 141 143 142 144 143 145 142 140 143 143 143 144 142 143 142 145 145 148 146 149 147 147 146 146 148 148 146 148 151 149 148 150 147 150 150 152 150 147 151 151 152 153 154 154 157 151 155 152 154 155 155 154 157 154 157 155 156 155 153 153 156 157 157 157 156 159 155 160 159 160 158 161 159 158 158 160 162 162 161 157 158 161 163 162 164 166 163 164 163 161 164 164 166 165 162 166 165 166 166 168 167 165 169 170 169 168 172 168 167 167 168 171 170 173 170 170 168 171 172 172 172 172 171 170 170 171 173 172 173 170 173 174 173 177 175 172 174 175 176 175 176 173 176 178 175 180 176 177 176 177 174 175 182 174 181 178 178 178 178 176 179 179 179 180 177 179 183 178 180 181 181 181 179 183 183 182 181 182 183 179 183 183
0: 0 2 5 10 19 (65.0)
1: 1 3 6 7 14 (61.0)
2: (0.0)
3: 11 12 17 25 (66.0)
4: 4 21 22 23 (82.0)
5: 8 9 16 20 26 (69.0)
6: 13 15 24 27 30 (87.0)
7: 18 28 29 42 (71.0)
8: 31 32 34 (51.0)
9: 33 36 40 43 (59.0)
10: 35 38 39 41 45 46 49 50 (64.0)
11: 44 48 52 (69.0)
12: 37 51 (80.0)
13: 47 55 57 58 (64.0)
14: 56 60 63 (67.0)
15: 62 64 69 (62.0)
16: 53 54 61 65 67 70 74 (62.0)
17: 66 68 75 (61.0)
18: 59 71 80 82 85 (63.0)
19: 73 76 77 78 86 (70.0)
20: 83 87 (66.0)
21: 72 88 90 93 (62.0)
22: 79 89 99 (89.0)
23: 81 91 95 98 103 106 (48.0)
24: 84 92 94 97 109 (61.0)
25: 96 107 (63.0)
26: 100 101 111 (77.0)
27: 102 104 110 116 119 (65.0)
28: 108 112 113 (66.0)
29: 105 114 117 127 135 (63.0)
30: 115 118 129 131 (65.0)
31: 123 124 136 (73.0)
32: 122 125 128 (93.0)
33: 120 144 (77.0)
34: 121 126 133 138 142 (75.0)
35: 132 137 140 143 145 153 (61.0)
36: 130 134 139 146 148 151 (69.0)
37: 150 163 (67.0)
38: 141 147 149 159 160 (66.0)
39: 155 156 162 (68.0)
40: 152 158 168 173 (111.0)
41: 154 157 161 164 (71.0)
42: 174 175 177 (90.0)
43: 169 170 172 178 187 (72.0)
44: 165 167 171 176 182 (66.0)
45: 166 180 181 (72.0)
46: 183 186 191 (67.0)
47: 179 184 185 189 190 197 202 (91.0)
48: 193 196 198 (69.0)
49: 192 199 (73.0)
50: 200 201 203 209 (76.0)
51: 188 194 195 208 211 216 (78.0)
52: 206 213 221 226 (63.0)
53: 204 214 219 (88.0)
54: 205 210 212 215 227 (74.0)
55: 207 229 234 (84.0)
56: 218 220 222 224 225 235 239 (118.0)
57: 217 223 231 233 (76.0)
58: 228 230 232 (71.0)
59: 237 243 245 253 (95.0)
60: 238 240 241 242 244 246 (79.0)
61: 236 248 252 (89.0)
62: 247 249 251 (80.0)
63: 250 255 256 (72.0)
64: 254 257 258 273 (73.0)
65: 259 261 266 267 274 275 (65.0)
66: 264 268 (93.0)
67: 279 (64.0)
68: 260 262 263 265 270 282 289 (102.0)
69: 272 277 280 (77.0)
70: 269 281 283 (75.0)
71: 271 276 290 291 (93.0)
72: 278 287 292 303 (107.0)
73: 285 286 293 294 305 (69.0)
74: 284 288 298 312 (67.0)
75: 295 300 304 316 (123.0)
76: 296 302 311 314 317 (107.0)
77: 297 299 301 306 310 320 (98.0)
78: 307 309 323 327 (108.0)
79: 313 319 322 (76.0)
80: 308 326 331 (85.0)
81: 315 324 333 335 (107.0)
82: 318 321 328 329 330 (108.0)
83: 332 336 343 (73.0)
84: 325 337 338 352 353 (103.0)
85: 334 339 342 359 (68.0)
86: 344 347 349 355 361 (118.0)
87: 340 341 345 351 (95.0)
88: 346 348 354 (66.0)
89: 350 364 (73.0)
90: 358 360 371 (100.0)
91: 357 362 365 368 369 372 378 (109.0)
92: 356 363 366 (110.0)
93: 367 373 374 376 382 383 390 (98.0)
94: 370 375 (70.0)
95: 380 384 392 (89.0)
96: 377 385 389 396 (101.0)
97: 379 381 386 398 402 (95.0)
98: 387 388 395 (81.0)
99: 394 397 399 (83.0)
100: 391 393 401 409 (109.0)
101: 400 407 412 420 421 (118.0)
102: 403 408 414 (124.0)
103: 405 406 411 417 (72.0)
104: 404 413 415 418 426 433 (124.0)
105: 410 416 423 425 (125.0)
106: 427 428 430 432 438 (123.0)
107: 424 429 437 439 (124.0)
108: 419 422 431 436 (113.0)
109: 434 441 445 450 454 455 (115.0)
110: 435 440 444 (119.0)
111: 447 448 449 457 (96.0)
112: 446 456 458 (91.0)
113: 443 452 459 463 (107.0)
114: 442 451 453 466 (94.0)
115: 460 461 462 473 (113.0)
116: 465 467 468 471 (119.0)
117: 469 475 476 481 (120.0)
118: 464 470 (63.0)
119: 472 474 477 478 482 (92.0)
120: 480 483 486 (89.0)
121: 479 485 490 (110.0)
122: 488 489 491 494 498 (120.0)
123: 484 492 493 495 (121.0)
124: 487 496 501 504 (99.0)
125: 502 503 (77.0)
126: 499 500 506 507 (124.0)
127: 505 510 514 517 518 (112.0)
128: 497 509 511 512 513 515 516 (113.0)
129: 508 519 (122.0)
130: 522 524 526 527 (112.0)
131: 523 531 537 (122.0)
132: 521 525 533 534 (119.0)
133: 528 529 536 (124.0)
134: 520 532 535 538 539 540 541 (107.0)
135: 530 544 548 551 (96.0)
136: 543 547 552 (90.0)
137: 546 553 563 (123.0)
138: 554 557 558 565 (128.0)
139: 542 550 556 567 (123.0)
140: 545 549 562 575 (124.0)
141: 555 559 560 568 (123.0)
142: 566 570 574 580 582 (125.0)
143: 561 569 572 576 577 578 581 (125.0)
144: 564 571 579 (116.0)
145: 573 583 584 (71.0)
146: 586 590 591 594 (100.0)
147: 588 589 600 605 (123.0)
148: 585 592 593 595 598 (103.0)
149: 587 597 (118.0)
150: 599 601 602 604 (119.0)
151: 596 606 607 613 (109.0)
152: 603 608 615 (115.0)
153: 609 626 627 (125.0)
154: 610 611 616 619 621 (138.0)
155: 614 617 618 623 625 634 (108.0)
156: 624 628 632 (125.0)
157: 612 620 622 629 630 631 647 (124.0)
158: 638 641 642 648 (123.0)
159: 633 636 640 (120.0)
160: 635 637 643 (119.0)
161: 639 646 649 657 (105.0)
162: 644 645 651 662 (121.0)
163: 650 654 656 (92.0)
164: 652 655 658 659 (121.0)
165: 661 664 669 (124.0)
166: 653 660 663 665 666 (124.0)
167: 668 676 677 (123.0)
168: 667 673 675 678 684 (118.0)
169: 670 672 (92.0)
170: 671 680 682 683 691 692 697 (114.0)
171: 679 685 690 693 (125.0)
172: 674 686 687 688 689 695 703 (127.0)
173: 681 694 696 698 700 709 (129.0)
174: 699 704 718 721 (129.0)
175: 702 705 707 712 719 (141.0)
176: 706 708 710 714 716 727 (125.0)
177: 701 715 717 732 (127.0)
178: 711 723 724 725 726 735 (124.0)
179: 728 729 730 733 740 747 (131.0)
180: 713 731 736 (79.0)
181: 722 737 738 739 744 (125.0)
182: 720 743 745 (146.0)
183: 734 741 742 746 748 749 (136.0)
