Name: 750-30-50
Time: 48.43798828125 
Result: 33
Solution:  1 0 1 1 1 0 0 4 2 0 0 2 7 3 3 6 8 6 4 0 3 2 6 5 6 7 6 9 5 4 8 5 7 8 6 8 11 8 9 10 9 10 11 11 11 9 11 10 12 11 12 13 13 14 12 14 16 12 14 12 18 14 14 15 16 14 15 15 17 17 17 18 19 17 14 14 16 19 19 21 20 17 19 20 17 19 22 22 25 22 23 20 20 23 26 24 26 28 24 25 23 22 25 21 25 28 25 24 26 28 25 27 25 29 29 27 27 29 32 29 31 28 29 28 33 34 33 31 31 34 34 32 33 34 30 34 30 34 35 34 38 35 35 33 34 39 36 35 36 35 38 38 40 37 41 37 39 37 38 38 38 41 42 36 43 40 40 40 40 41 40 42 45 46 44 42 43 44 46 41 48 41 48 49 46 46 44 45 45 44 47 51 48 48 50 47 50 46 48 49 48 46 48 50 47 51 48 50 52 50 53 53 49 53 55 51 52 56 53 52 58 54 57 52 54 56 55 54 54 56 55 55 57 57 54 56 58 56 58 54 58 58 59 57 61 59 60 58 58 59 60 60 62 57 60 62 59 64 61 57 63 61 63 62 61 63 64 64 63 63 67 61 64 62 65 65 61 65 64 67 66 67 63 62 68 67 69 68 67 69 68 68 66 66 69 70 69 67 71 67 70 73 69 69 67 73 71 71 73 70 72 73 69 70 72 73 72 74 72 71 72 74 71 74 74 76 74 75 73 75 75 75 75 80 78 77 76 81 77 77 77 76 76 78 82 80 79 82 75 81 79 76 78 80 80 77 82 83 83 85 78 84 78 82 82 86 81 83 79 85 87 84 86 85 83 86 82 84 87 83 87 87 84 84 86 86 84 88 88 87 89 89 87 85 91 88 93 87 89 87 92 89 91 93 92 90 89 90 91 93 91 93 93 93 92 94 94 94 90 89 94 91 96 96 97 95 93 95 97 93 96 93 96 95 100 98 97 101 98 95 101 98 97 96 98 102 98 101 100 99 100 100 99 101 99 101 100 102 99 103 100 103 101 102 104 104 102 105 104 103 105 107 105 108 102 109 108 102 102 106 107 107 107 109 105 108 107 105 110 106 110 104 108 106 106 109 109 106 111 110 113 110 108 108 107 113 109 111 115 111 115 116 113 113 112 115 112 110 111 111 116 114 110 114 113 115 115 114 114 116 116 115 118 115 117 117 117 119 116 113 118 118 119 120 115 119 119 116 122 119 120 120 120 123 120 121 122 121 121 121 125 124 122 119 125 120 125 125 119 123 124 121 125 122 124 124 128 129 126 128 123 126 125 122 128 126 129 127 129 126 129 130 129 125 131 127 131 128 127 127 130 128 130 127 130 129 133 134 129 132 132 134 131 132 133 136 133 133 133 135 132 134 130 134 137 131 131 133 131 135 135 137 138 136 136 138 138 135 136 140 140 138 141 137 138 141 137 139 138 139 136 136 140 139 137 141 140 140 139 141 142 142 143 139 143 142 143 142 144 142 144 143 143 145 145 147 145 143 146 146 145 146 145 145 150 149 144 149 146 144 149 147 146 146 148 148 150 146 150 150 147 150 149 151 151 149 151 153 150 151 153 155 152 151 155 153 157 150 153 154 152 155 153 154 158 156 152 154 154 158 159 156 155 154 155 154 156 158 157 158 156 159 159 158 157 159 155 156 159 157
0: 1 5 6 9 10 19 (28.0)
1: 0 2 3 4 (32.0)
2: 8 11 21 (36.0)
3: 13 14 20 (24.0)
4: 7 18 29 (23.0)
5: 23 28 31 (27.0)
6: 15 17 22 24 26 34 (32.0)
7: 12 25 32 (28.0)
8: 16 30 33 35 37 (47.0)
9: 27 38 40 45 (29.0)
10: 39 41 47 (29.0)
11: 36 42 43 44 46 49 (29.0)
12: 48 50 54 57 59 (28.0)
13: 51 52 (33.0)
14: 53 55 58 61 62 65 74 75 (29.0)
15: 63 66 67 (39.0)
16: 56 64 76 (34.0)
17: 68 69 70 73 81 84 (28.0)
18: 60 71 (30.0)
19: 72 77 78 82 85 (36.0)
20: 80 83 91 92 (36.0)
21: 79 103 (30.0)
22: 86 87 89 101 (31.0)
23: 90 93 100 (31.0)
24: 95 98 107 (37.0)
25: 88 99 102 104 106 110 112 (32.0)
26: 94 96 108 (41.0)
27: 111 115 116 (35.0)
28: 97 105 109 121 123 (32.0)
29: 113 114 117 119 122 (21.0)
30: 134 136 (39.0)
31: 120 127 128 (39.0)
32: 118 131 (30.0)
33: 124 126 132 143 (32.0)
34: 125 129 130 133 135 137 139 144 (23.0)
35: 138 141 142 147 149 (35.0)
36: 146 148 163 (39.0)
37: 153 155 157 (31.0)
38: 140 150 151 158 159 160 (31.0)
39: 145 156 (38.0)
40: 152 165 166 167 168 170 (31.0)
41: 154 161 169 179 181 (33.0)
42: 162 171 175 (34.0)
43: 164 176 (30.0)
44: 174 177 186 189 (35.0)
45: 172 187 188 (40.0)
46: 173 178 184 185 197 201 (30.0)
47: 190 195 204 (44.0)
48: 180 182 192 193 198 200 202 206 (30.0)
49: 183 199 212 (40.0)
50: 194 196 203 207 209 (32.0)
51: 191 205 215 (30.0)
52: 208 216 219 223 (39.0)
53: 210 211 213 218 (32.0)
54: 221 224 227 228 234 239 (34.0)
55: 214 226 230 231 (39.0)
56: 217 225 229 235 237 (47.0)
57: 222 232 233 243 253 259 (30.0)
58: 220 236 238 240 241 247 248 (37.0)
59: 242 245 249 256 (34.0)
60: 246 250 251 254 (38.0)
61: 244 258 261 264 271 276 (43.0)
62: 252 255 263 273 283 (36.0)
63: 260 262 265 268 269 282 (34.0)
64: 257 266 267 272 278 (42.0)
65: 274 275 277 (39.0)
66: 280 292 293 (34.0)
67: 270 279 281 285 288 297 299 304 (41.0)
68: 284 287 290 291 (37.0)
69: 286 289 294 296 302 303 312 (47.0)
70: 295 300 309 313 (39.0)
71: 298 306 307 319 322 (40.0)
72: 310 314 316 318 320 (46.0)
73: 301 305 308 311 315 328 (33.0)
74: 317 321 323 324 326 (41.0)
75: 327 329 330 331 332 348 (47.0)
76: 325 336 341 342 351 (38.0)
77: 335 338 339 340 355 (37.0)
78: 334 343 352 360 362 (44.0)
79: 346 350 368 (32.0)
80: 333 345 353 354 (36.0)
81: 337 349 366 (33.0)
82: 344 347 356 363 364 376 (46.0)
83: 357 358 367 374 379 (48.0)
84: 361 371 377 382 383 386 (50.0)
85: 359 369 373 393 (49.0)
86: 365 372 375 384 385 (35.0)
87: 370 378 380 381 389 392 397 399 (45.0)
88: 387 388 395 (33.0)
89: 390 391 398 401 406 419 (45.0)
90: 405 407 418 (36.0)
91: 394 402 408 410 421 (36.0)
92: 400 404 414 (50.0)
93: 396 403 409 411 412 413 426 429 431 (38.0)
94: 415 416 417 420 (37.0)
95: 425 427 433 439 (38.0)
96: 422 423 430 432 443 (47.0)
97: 424 428 436 442 (39.0)
98: 435 438 441 444 446 (44.0)
99: 449 452 454 458 (48.0)
100: 434 448 450 451 456 460 (43.0)
101: 437 440 447 453 455 462 (48.0)
102: 445 457 463 466 474 477 478 (43.0)
103: 459 461 469 (36.0)
104: 464 465 468 491 (37.0)
105: 467 470 472 484 487 (49.0)
106: 479 489 493 494 497 (47.0)
107: 471 480 481 482 486 504 (45.0)
108: 473 476 485 492 502 503 (49.0)
109: 475 483 495 496 506 (48.0)
110: 488 490 499 501 517 522 (47.0)
111: 498 507 509 518 519 (48.0)
112: 514 516 (42.0)
113: 500 505 512 513 524 539 (46.0)
114: 521 523 527 528 (36.0)
115: 508 510 515 525 526 531 533 544 (49.0)
116: 511 520 529 530 538 547 (46.0)
117: 534 535 536 (48.0)
118: 532 540 541 (38.0)
119: 537 542 545 546 549 563 568 (46.0)
120: 543 550 551 552 554 565 (50.0)
121: 555 557 558 559 571 (52.0)
122: 548 556 562 573 583 (50.0)
123: 553 569 580 (51.0)
124: 561 570 574 575 (54.0)
125: 560 564 566 567 572 582 593 (48.0)
126: 578 581 585 589 (50.0)
127: 587 595 598 599 603 (38.0)
128: 576 579 584 597 601 (50.0)
129: 577 586 588 590 592 605 608 (50.0)
130: 591 600 602 604 622 (50.0)
131: 594 596 612 625 626 628 (51.0)
132: 609 610 613 620 (49.0)
133: 606 614 616 617 618 627 (48.0)
134: 607 611 621 623 (44.0)
135: 619 629 630 637 (48.0)
136: 615 633 634 638 650 651 (48.0)
137: 624 631 643 646 654 (50.0)
138: 632 635 636 641 644 648 (46.0)
139: 647 649 653 658 663 (47.0)
140: 639 640 652 656 657 (49.0)
141: 642 645 655 659 (53.0)
142: 660 661 665 667 669 (52.0)
143: 662 664 666 671 672 677 (51.0)
144: 668 670 686 689 (51.0)
145: 673 674 676 680 682 683 (50.0)
146: 678 679 681 688 692 693 697 (46.0)
147: 675 691 700 (50.0)
148: 694 695 (51.0)
149: 685 687 690 702 705 (50.0)
150: 684 696 698 699 701 708 717 (50.0)
151: 703 704 706 709 713 (49.0)
152: 712 720 726 (50.0)
153: 707 710 715 718 722 (48.0)
154: 719 723 727 728 733 735 (50.0)
155: 711 714 721 732 734 746 (50.0)
156: 725 731 736 740 747 (49.0)
157: 716 738 744 749 (38.0)
158: 724 729 737 739 743 (50.0)
159: 730 741 742 745 748 (50.0)
