Name: 750-30-50
Time: 23.35099458694458 
Result: 47033
Solution:  1 2 0 1 1 1 3 1 5 2 0 0 5 2 2 6 5 3 3 1 7 4 2 3 7 6 10 6 8 3 8 6 4 8 6 6 7 9 9 9 10 10 12 12 12 9 8 11 14 13 14 14 13 13 12 13 11 12 12 14 18 17 15 16 17 15 15 16 16 20 17 18 19 19 17 15 15 21 19 21 23 17 21 20 21 19 22 20 22 21 20 24 22 22 26 23 24 28 23 26 28 26 26 29 26 26 26 25 25 23 26 27 27 28 28 27 30 26 32 33 30 30 28 28 32 28 33 29 34 32 32 31 33 34 31 32 35 33 38 33 39 35 34 35 38 35 36 34 36 38 38 38 37 38 38 37 39 38 38 40 42 40 42 36 44 42 41 42 42 43 40 43 43 45 42 40 44 47 42 47 47 41 45 41 45 46 45 45 46 47 47 51 50 49 49 48 50 46 49 48 49 49 49 50 51 49 53 50 51 52 54 54 50 53 53 52 53 57 53 53 53 54 58 52 57 53 54 54 53 55 55 56 56 55 56 57 56 55 58 58 58 56 59 56 61 59 62 60 59 59 60 60 60 60 61 60 58 64 60 62 62 64 62 62 63 63 63 64 60 64 64 60 64 62 66 65 65 65 64 65 66 65 69 64 67 67 70 70 66 70 68 67 66 68 66 69 71 71 69 69 70 68 69 67 72 72 72 71 72 71 74 71 72 70 71 70 72 73 72 74 72 76 75 75 74 74 73 75 74 75 76 74 73 76 79 76 76 77 77 77 79 76 80 78 82 83 78 82 75 78 79 77 82 79 80 84 82 82 80 81 80 80 82 82 81 85 82 83 85 86 84 83 85 84 87 85 82 86 83 83 84 86 87 86 86 84 89 88 88 86 88 88 86 89 86 89 86 90 88 91 91 93 89 91 94 90 90 91 92 91 92 92 93 91 93 95 92 96 89 92 91 91 94 92 95 97 94 94 92 96 96 94 98 96 100 93 97 97 100 95 98 99 97 98 98 103 99 99 101 99 101 99 99 100 100 101 102 101 100 102 102 102 100 103 104 106 104 107 103 101 105 101 104 103 102 104 104 104 103 105 107 106 108 110 106 108 103 107 109 107 109 104 109 112 107 109 110 108 108 112 110 110 108 108 108 111 111 110 114 111 113 108 112 113 112 116 111 115 110 114 113 118 112 114 113 113 114 115 113 117 116 116 115 116 116 117 118 114 115 114 116 117 118 119 118 120 120 115 121 121 117 120 119 119 121 119 123 121 124 122 125 122 120 123 120 124 125 125 120 123 124 125 122 125 124 125 126 128 122 129 123 123 130 125 122 129 129 127 125 126 128 130 128 126 131 126 128 127 127 127 132 130 129 126 127 130 131 133 128 130 132 133 132 134 136 136 135 134 130 131 137 131 131 135 132 133 132 134 137 135 133 136 138 139 134 137 137 136 137 136 140 138 141 139 138 139 139 139 138 140 138 138 140 137 141 141 141 140 138 142 142 140 141 140 142 145 140 143 143 146 143 142 143 144 144 146 144 144 147 145 149 146 144 143 149 147 144 145 149 144 150 150 147 146 148 148 149 147 149 150 147 150 147 154 149 151 152 150 147 152 152 155 152 152 153 150 157 153 153 153 155 155 151 153 153 158 151 151 158 156 158 154 158 154 154 158 156 156 157 159 156 158 158 159 157 157 158 157 159 159
0: 2 10 11 (28.0)
1: 0 3 4 5 7 19 (40.0)
2: 1 9 13 14 22 (30.0)
3: 6 17 18 23 29 (31.0)
4: 21 32 (26.0)
5: 8 12 16 (33.0)
6: 15 25 27 31 34 35 (30.0)
7: 20 24 36 (35.0)
8: 28 30 33 46 (32.0)
9: 37 38 39 45 (25.0)
10: 26 40 41 (25.0)
11: 47 56 (35.0)
12: 42 43 44 54 57 58 (28.0)
13: 49 52 53 55 (23.0)
14: 48 50 51 59 (34.0)
15: 62 65 66 75 76 (28.0)
16: 63 67 68 (30.0)
17: 61 64 70 74 81 (30.0)
18: 60 71 (30.0)
19: 72 73 78 85 (34.0)
20: 69 83 87 90 (37.0)
21: 77 79 82 84 89 (31.0)
22: 86 88 92 93 (33.0)
23: 80 95 98 109 (36.0)
24: 91 96 (30.0)
25: 107 108 (39.0)
26: 94 99 101 102 104 105 106 110 117 (26.0)
27: 111 112 115 (31.0)
28: 97 100 113 114 122 123 125 (30.0)
29: 103 127 (38.0)
30: 116 120 121 (30.0)
31: 131 134 (34.0)
32: 118 124 129 130 135 (31.0)
33: 119 126 132 137 139 (32.0)
34: 128 133 142 147 (33.0)
35: 136 141 143 145 (49.0)
36: 146 148 163 (39.0)
37: 152 155 (32.0)
38: 138 144 149 150 151 153 154 157 158 (30.0)
39: 140 156 (35.0)
40: 159 161 170 175 (31.0)
41: 166 181 183 (34.0)
42: 160 162 165 167 168 174 178 (31.0)
43: 169 171 172 (37.0)
44: 164 176 (30.0)
45: 173 182 184 186 187 (30.0)
46: 185 188 197 (30.0)
47: 177 179 180 189 190 (38.0)
48: 195 199 (37.0)
49: 193 194 198 200 201 202 205 (27.0)
50: 192 196 203 207 212 (29.0)
51: 191 204 208 (48.0)
52: 209 215 223 (36.0)
53: 206 213 214 216 218 219 220 225 228 (31.0)
54: 210 211 221 226 227 (49.0)
55: 229 230 233 237 (41.0)
56: 231 232 234 236 241 243 (29.0)
57: 217 224 235 (37.0)
58: 222 238 239 240 256 (37.0)
59: 242 245 248 249 (31.0)
60: 247 250 251 252 253 255 258 268 271 (31.0)
61: 244 254 (38.0)
62: 246 259 260 262 263 273 (44.0)
63: 264 265 266 (34.0)
64: 257 261 267 269 270 272 278 283 (47.0)
65: 275 276 277 279 281 (41.0)
66: 274 280 288 292 294 (40.0)
67: 284 285 291 303 (46.0)
68: 290 293 301 (33.0)
69: 282 295 298 299 302 (43.0)
70: 286 287 289 300 313 315 (42.0)
71: 296 297 307 309 311 314 (45.0)
72: 304 305 306 308 312 316 318 320 (45.0)
73: 317 326 332 (34.0)
74: 310 319 324 325 328 331 (43.0)
75: 322 323 327 329 348 (43.0)
76: 321 330 333 335 336 341 (33.0)
77: 337 338 339 351 (39.0)
78: 343 346 349 (36.0)
79: 334 340 350 353 (36.0)
80: 342 354 358 360 361 (34.0)
81: 359 364 (46.0)
82: 344 347 352 356 357 362 363 366 376 (31.0)
83: 345 367 371 378 379 (42.0)
84: 355 370 373 380 385 (34.0)
85: 365 368 372 375 (37.0)
86: 369 377 381 383 384 389 392 394 396 (50.0)
87: 374 382 (47.0)
88: 387 388 390 391 398 (49.0)
89: 386 393 395 402 418 (48.0)
90: 397 405 406 (36.0)
91: 399 400 403 407 409 413 420 421 (42.0)
92: 408 410 411 416 419 423 428 (43.0)
93: 401 412 414 435 (40.0)
94: 404 422 426 427 431 (35.0)
95: 415 424 439 (48.0)
96: 417 429 430 433 (38.0)
97: 425 436 437 442 (49.0)
98: 432 440 443 444 (40.0)
99: 441 446 447 449 451 452 (45.0)
100: 434 438 453 454 458 462 (50.0)
101: 448 450 455 457 469 471 (48.0)
102: 456 459 460 461 474 (47.0)
103: 445 463 468 473 478 486 (47.0)
104: 464 466 472 475 476 477 491 (44.0)
105: 470 479 (40.0)
106: 465 481 484 (38.0)
107: 467 480 487 489 494 (41.0)
108: 482 485 497 498 502 503 504 511 (48.0)
109: 488 490 492 495 (49.0)
110: 483 496 500 501 507 518 (50.0)
111: 505 506 509 516 (50.0)
112: 493 499 512 514 522 (47.0)
113: 510 513 520 524 525 528 (48.0)
114: 508 519 523 526 537 539 (48.0)
115: 517 527 532 538 547 (38.0)
116: 515 530 531 533 534 540 (50.0)
117: 529 535 541 550 (49.0)
118: 521 536 542 544 (39.0)
119: 543 552 553 555 (47.0)
120: 545 546 551 562 564 568 (47.0)
121: 548 549 554 557 (50.0)
122: 559 561 572 578 584 (50.0)
123: 556 563 569 580 581 (39.0)
124: 558 565 570 574 (45.0)
125: 560 566 567 571 573 575 583 588 (50.0)
126: 576 589 593 595 603 (46.0)
127: 587 597 598 599 604 (47.0)
128: 577 590 592 596 608 (47.0)
129: 579 585 586 602 (50.0)
130: 582 591 601 605 609 618 (49.0)
131: 594 606 619 621 622 (50.0)
132: 600 610 612 624 626 (50.0)
133: 607 611 625 630 (46.0)
134: 613 617 627 634 (50.0)
135: 616 623 629 (37.0)
136: 614 615 631 637 639 (49.0)
137: 620 628 635 636 638 653 (48.0)
138: 632 641 644 648 650 651 658 (48.0)
139: 633 643 645 646 647 (50.0)
140: 640 649 652 657 661 663 666 (52.0)
141: 642 654 655 656 662 (50.0)
142: 659 660 664 671 (56.0)
143: 667 668 670 672 683 (52.0)
144: 673 674 676 677 682 686 689 (50.0)
145: 665 679 687 (50.0)
146: 669 675 681 693 (47.0)
147: 678 685 692 697 700 702 708 (43.0)
148: 694 695 (51.0)
149: 680 684 688 696 698 704 (50.0)
150: 690 691 699 701 707 715 (49.0)
151: 705 722 726 727 (50.0)
152: 706 709 710 712 713 (50.0)
153: 714 717 718 719 723 724 (50.0)
154: 703 731 733 734 (48.0)
155: 711 720 721 (49.0)
156: 729 736 737 740 (50.0)
157: 716 738 744 745 747 (42.0)
158: 725 728 730 732 735 741 742 746 (50.0)
159: 739 743 748 749 (50.0)
