Name: 750-50-100
Time: 45.45742440223694 
Result: 61
Solution:  0 2 0 3 1 2 3 1 1 4 2 3 0 0 3 5 2 6 3 2 4 4 3 8 6 4 5 6 4 7 7 7 8 5 6 7 9 9 11 10 10 9 12 9 12 11 12 11 13 10 9 12 13 11 12 12 14 17 13 15 14 16 16 19 17 16 15 18 15 20 16 18 17 16 18 19 17 16 18 20 20 22 21 18 22 23 18 19 21 22 23 21 20 26 26 23 25 22 23 23 29 22 26 24 28 27 26 24 24 22 28 27 27 27 24 26 25 29 26 29 28 29 29 26 32 31 29 30 28 30 27 31 32 29 31 32 31 30 32 33 31 32 33 29 34 35 32 34 34 34 33 38 31 35 38 38 37 40 35 36 38 34 39 39 36 36 40 39 40 39 42 38 39 40 38 37 40 41 41 41 38 42 40 40 37 40 39 41 41 43 41 43 44 44 43 43 43 43 43 46 44 41 48 45 45 46 44 46 45 48 47 48 48 49 47 45 49 48 47 50 48 48 53 47 47 50 51 49 48 53 51 48 55 52 51 55 53 52 52 49 54 54 52 55 54 51 56 56 52 56 54 52 54 55 52 56 58 59 60 55 57 57 57 57 59 58 60 57 57 56 59 58 62 59 60 57 61 60 60 63 62 63 59 60 63 61 64 63 61 61 62 63 62 62 63 62 61 63 64 66 65 61 65 66 64 65 67 66 63 67 68 67 65 70 65 68 68 70 71 65 69 70 71 69 65 69 68 74 69 72 70 74 72 68 71 72 73 75 74 72 72 70 70 70 74 72 74 75 73 75 76 74 76 73 75 78 77 76 76 77 76 80 77 77 78 78 74 78 78 81 78 79 79 81 79 83 81 81 83 80 84 80 81 79 81 80 82 82 82 83 79 83 87 82 87 84 81 83 85 82 86 83 86 83 85 86 87 88 83 86 88 85 87 87 85 87 90 89 92 90 88 89 85 89 88 88 87 91 89 92 94 91 87 91 91 92 95 94 93 92 93 92 93 94 91 92 92 95 94 93 95 95 93 94 95 97 96 97 98 99 96 97 99 97 98 98 98 96 98 97 101 96 96 99 100 103 100 97 101 99 97 100 97 101 102 103 103 102 102 106 102 102 104 106 104 105 104 104 100 106 105 101 104 108 107 103 105 107 106 106 108 107 105 103 107 109 109 107 106 110 111 109 110 108 110 107 110 109 112 111 109 109 109 111 112 115 112 109 114 108 114 112 113 114 111 114 112 111 113 113 116 115 114 114 112 117 112 116 113 115 120 117 118 117 119 119 117 115 118 121 118 117 121 121 117 119 123 122 122 119 120 122 118 121 118 119 123 119 122 126 123 122 127 127 126 124 122 123 124 125 128 127 122 127 128 123 125 125 126 125 124 127 130 124 125 128 125 131 129 128 129 126 130 129 128 130 132 131 130 130 134 131 134 130 132 131 131 131 132 132 133 134 135 136 133 134 134 133 133 136 135 135 136 134 137 135 140 136 136 136 139 137 138 136 139 140 139 139 137 137 135 139 139 138 138 143 138 141 137 138 141 137 138 142 142 144 142 142 141 140 143 143 144 147 141 145 144 142 146 144 147 145 142 146 146 147 145 148 146 146 144 145 145 151 149 148 149 148 150 147 146 147 148 145 149 148 147 150 149 150 153 149 148 153 151 154 153 152 152 151 153 150 152 153 152 154 154 154 153 152
0: 0 2 12 13 (50.0)
1: 4 7 8 (51.0)
2: 1 5 10 16 19 (55.0)
3: 3 6 11 14 18 22 (48.0)
4: 9 20 21 25 28 (41.0)
5: 15 26 33 (56.0)
6: 17 24 27 34 (48.0)
7: 29 30 31 35 (55.0)
8: 23 32 (59.0)
9: 36 37 41 43 50 (53.0)
10: 39 40 49 (50.0)
11: 38 45 47 53 (52.0)
12: 42 44 46 51 54 55 (52.0)
13: 48 52 58 (58.0)
14: 56 60 (60.0)
15: 59 66 68 (60.0)
16: 61 62 65 70 73 77 (51.0)
17: 57 64 72 76 (52.0)
18: 67 71 74 78 83 86 (66.0)
19: 63 75 87 (66.0)
20: 69 79 80 92 (64.0)
21: 82 88 91 (51.0)
22: 81 84 89 97 101 109 (72.0)
23: 85 90 95 98 99 (58.0)
24: 103 107 108 114 (53.0)
25: 96 116 (53.0)
26: 93 94 102 106 115 118 123 (39.0)
27: 105 111 112 113 130 (66.0)
28: 104 110 120 128 (57.0)
29: 100 117 119 121 122 126 133 143 (55.0)
30: 127 129 137 (54.0)
31: 125 131 134 136 140 152 (54.0)
32: 124 132 135 138 141 146 (61.0)
33: 139 142 150 (58.0)
34: 144 147 148 149 161 (55.0)
35: 145 153 158 (56.0)
36: 159 164 165 (69.0)
37: 156 175 184 (56.0)
38: 151 154 155 160 171 174 180 (50.0)
39: 162 163 167 169 172 186 (47.0)
40: 157 166 168 173 176 182 183 185 (44.0)
41: 177 178 179 187 188 190 201 (53.0)
42: 170 181 (60.0)
43: 189 191 194 195 196 197 198 (87.0)
44: 192 193 200 206 (66.0)
45: 203 204 208 215 (57.0)
46: 199 205 207 (53.0)
47: 210 214 218 223 224 (50.0)
48: 202 209 211 212 217 220 221 228 231 (51.0)
49: 213 216 227 239 (51.0)
50: 219 225 (49.0)
51: 226 230 234 245 (57.0)
52: 233 237 238 242 248 251 254 (65.0)
53: 222 229 236 (78.0)
54: 240 241 244 250 252 (81.0)
55: 232 235 243 253 259 (68.0)
56: 246 247 249 255 269 (71.0)
57: 260 261 262 263 267 268 275 (92.0)
58: 256 265 271 (64.0)
59: 257 264 270 273 282 (62.0)
60: 258 266 274 277 278 283 (71.0)
61: 276 285 288 289 296 301 (56.0)
62: 272 280 290 292 293 295 (99.0)
63: 279 281 284 287 291 294 297 308 (80.0)
64: 286 298 304 (76.0)
65: 300 302 305 312 314 319 324 (67.0)
66: 299 303 307 (57.0)
67: 306 309 311 (58.0)
68: 310 315 316 326 333 (71.0)
69: 320 323 325 328 (87.0)
70: 313 317 321 330 341 342 343 (59.0)
71: 318 322 334 (56.0)
72: 329 332 335 339 340 345 (59.0)
73: 336 348 353 (64.0)
74: 327 331 338 344 346 351 366 (86.0)
75: 337 347 349 354 (69.0)
76: 350 352 357 358 360 (83.0)
77: 356 359 362 363 (62.0)
78: 355 364 365 367 368 370 (75.0)
79: 371 372 374 383 390 (97.0)
80: 361 379 381 385 (63.0)
81: 369 373 376 377 382 384 396 (71.0)
82: 386 387 388 393 399 (65.0)
83: 375 378 389 391 397 401 403 408 (75.0)
84: 380 395 (84.0)
85: 398 404 411 414 422 (72.0)
86: 400 402 405 409 (85.0)
87: 392 394 406 412 413 415 426 432 (66.0)
88: 407 410 420 424 425 (61.0)
89: 417 421 423 428 (62.0)
90: 416 419 (57.0)
91: 427 431 433 434 444 (90.0)
92: 418 429 435 439 441 445 446 (91.0)
93: 438 440 442 449 452 (82.0)
94: 430 437 443 448 453 (64.0)
95: 436 447 450 451 454 (99.0)
96: 456 460 467 471 472 (72.0)
97: 455 457 461 463 469 477 480 482 (91.0)
98: 458 464 465 466 468 (75.0)
99: 459 462 473 479 (91.0)
100: 474 476 481 498 (59.0)
101: 470 478 483 501 (70.0)
102: 484 487 488 490 491 (92.0)
103: 475 485 486 505 513 (93.0)
104: 492 494 496 497 502 (96.0)
105: 495 500 506 512 (70.0)
106: 489 493 499 508 509 518 (78.0)
107: 504 507 511 514 517 525 (79.0)
108: 503 510 523 539 (92.0)
109: 515 516 521 527 530 531 532 537 (92.0)
110: 519 522 524 526 (77.0)
111: 520 529 533 544 547 (92.0)
112: 528 534 536 541 546 554 556 (90.0)
113: 542 548 549 558 (76.0)
114: 538 540 543 545 552 553 (63.0)
115: 535 551 559 567 (100.0)
116: 550 557 (51.0)
117: 555 561 563 566 571 574 (77.0)
118: 562 568 570 582 584 (81.0)
119: 564 565 575 579 585 587 (100.0)
120: 560 580 (58.0)
121: 569 572 573 583 (85.0)
122: 577 578 581 588 591 596 602 (100.0)
123: 576 586 590 597 605 (89.0)
124: 595 598 610 613 (98.0)
125: 599 606 607 609 614 616 (99.0)
126: 589 594 608 621 (71.0)
127: 592 593 601 603 611 (63.0)
128: 600 604 615 619 624 (95.0)
129: 618 620 623 (63.0)
130: 612 622 625 628 629 633 (95.0)
131: 617 627 631 635 636 637 (88.0)
132: 626 634 638 639 (87.0)
133: 640 644 647 648 (100.0)
134: 630 632 641 645 646 653 (96.0)
135: 642 650 651 655 670 (78.0)
136: 643 649 652 657 658 659 663 (89.0)
137: 654 661 668 669 678 681 (100.0)
138: 662 673 674 676 679 682 (97.0)
139: 660 664 666 667 671 672 (100.0)
140: 656 665 689 (98.0)
141: 677 680 688 694 (99.0)
142: 683 684 686 687 697 702 (100.0)
143: 675 690 691 (98.0)
144: 685 692 696 699 710 (95.0)
145: 695 701 706 711 712 723 (98.0)
146: 698 703 704 708 709 720 (92.0)
147: 693 700 705 719 721 726 (100.0)
148: 707 715 717 722 725 732 (99.0)
149: 714 716 724 728 731 (100.0)
150: 718 727 729 741 (77.0)
151: 713 734 739 (99.0)
152: 737 738 742 744 749 (100.0)
153: 730 733 736 740 743 748 (100.0)
154: 735 745 746 747 (98.0)
