Name: 750-50-100
Time: 22.399837732315063 
Result: 24065
Solution:  0 2 1 1 0 2 2 0 3 2 5 3 2 3 3 4 0 4 4 1 2 4 5 7 3 5 6 6 9 7 9 5 8 7 5 6 8 9 11 9 10 11 9 8 11 12 12 10 12 11 14 11 13 12 12 12 17 16 13 15 14 15 15 16 17 15 14 16 13 19 16 17 17 16 19 20 17 15 19 19 20 17 21 18 21 25 19 18 22 22 21 23 20 25 25 25 23 25 21 23 25 24 25 24 28 27 25 29 27 22 28 27 27 27 26 28 24 31 25 28 32 29 29 25 26 27 29 30 31 31 30 31 32 29 29 32 29 30 29 32 35 32 33 29 36 34 33 34 33 32 34 35 33 32 39 36 38 34 37 35 33 36 39 39 36 35 42 36 39 39 41 38 39 36 38 39 43 42 42 40 39 37 43 41 38 42 42 40 42 41 42 45 44 44 44 45 47 42 41 40 45 43 47 46 45 46 44 45 46 47 43 44 47 49 48 46 47 49 47 48 51 47 53 49 47 49 50 49 52 50 51 49 55 51 55 52 53 49 52 50 53 54 51 55 49 58 52 55 54 54 57 51 54 55 54 58 58 55 55 56 56 61 54 57 56 58 59 58 59 56 62 59 59 59 57 64 63 61 58 57 60 60 57 61 64 63 63 63 61 61 62 64 60 64 63 64 65 63 65 64 65 66 66 65 62 66 65 65 62 67 67 67 67 70 65 68 66 70 68 65 68 70 71 69 70 66 68 69 68 70 73 75 71 71 69 73 71 72 70 73 72 73 72 72 71 72 74 73 74 75 77 75 74 75 76 76 74 76 78 79 76 79 79 78 77 80 78 79 76 74 80 79 82 81 79 83 81 77 83 80 80 80 78 80 82 83 81 81 82 83 87 83 83 81 85 84 83 82 86 82 84 85 85 85 85 86 86 88 85 82 88 84 86 86 88 86 88 89 88 89 87 89 85 89 90 91 88 88 90 93 93 90 92 91 91 92 92 95 94 90 94 92 92 95 93 93 92 91 96 95 95 95 93 95 97 96 94 96 94 99 97 99 99 96 99 98 98 96 101 97 100 98 98 101 101 100 100 98 101 99 98 101 101 102 102 102 104 103 103 103 101 102 104 101 104 105 104 106 100 104 106 104 107 104 105 110 105 104 105 105 107 109 108 106 107 106 107 105 106 108 107 109 110 110 112 109 110 113 109 111 112 109 108 112 111 113 114 110 113 113 114 111 112 114 110 113 112 115 114 114 116 115 113 115 112 115 117 115 117 116 117 117 118 118 118 120 116 120 120 121 119 118 117 120 122 122 124 121 122 118 117 118 119 123 120 119 123 125 120 126 125 120 126 124 126 121 123 126 124 124 128 127 128 125 129 128 124 126 123 126 125 128 128 127 123 128 125 130 128 126 127 127 128 125 127 130 130 127 129 131 133 131 135 131 131 132 132 131 130 133 134 131 133 132 129 136 133 133 135 137 135 134 139 139 133 135 138 136 134 134 139 138 138 137 137 137 136 138 137 135 135 139 141 138 136 140 140 139 140 140 141 137 144 139 142 140 142 141 142 144 143 145 143 143 141 142 145 142 144 141 146 143 145 148 145 148 144 149 147 146 148 147 147 151 146 144 149 148 150 147 146 147 146 148 149 148 148 151 149 150 153 149 149 153 151 154 153 154 152 150 152 150 154 153 153 154 153 154 152 153
0: 0 4 7 16 (52.0)
1: 2 3 19 (54.0)
2: 1 5 6 9 12 20 (48.0)
3: 8 11 13 14 24 (54.0)
4: 15 17 18 21 (53.0)
5: 10 22 25 31 34 (44.0)
6: 26 27 35 (60.0)
7: 23 29 33 (53.0)
8: 32 36 43 (55.0)
9: 28 30 37 39 42 (50.0)
10: 40 47 (52.0)
11: 38 41 44 49 51 (61.0)
12: 45 46 48 53 54 55 (51.0)
13: 52 58 68 (57.0)
14: 50 60 66 (61.0)
15: 59 61 62 65 77 (40.0)
16: 57 63 67 70 73 (55.0)
17: 56 64 71 72 76 81 (79.0)
18: 83 87 (51.0)
19: 69 74 78 79 86 (59.0)
20: 75 80 92 (64.0)
21: 82 84 90 98 (60.0)
22: 88 89 109 (53.0)
23: 91 96 99 (52.0)
24: 101 103 116 (52.0)
25: 85 93 94 95 97 100 102 106 118 123 (49.0)
26: 114 124 (62.0)
27: 105 108 111 112 113 125 (50.0)
28: 104 110 115 119 (53.0)
29: 107 121 122 126 133 134 136 138 143 (51.0)
30: 127 130 137 (63.0)
31: 117 128 129 131 (56.0)
32: 120 132 135 139 141 149 153 (64.0)
33: 142 146 148 152 160 (53.0)
34: 145 147 150 157 (65.0)
35: 140 151 159 165 (66.0)
36: 144 155 161 164 167 173 (62.0)
37: 158 181 (55.0)
38: 156 171 174 184 (57.0)
39: 154 162 163 168 169 172 175 180 (59.0)
40: 179 187 199 (52.0)
41: 170 183 189 198 (62.0)
42: 166 177 178 185 186 188 190 197 (52.0)
43: 176 182 201 210 (60.0)
44: 192 193 194 206 211 (61.0)
45: 191 195 200 204 207 (71.0)
46: 203 205 208 215 (55.0)
47: 196 202 209 212 216 218 221 224 (50.0)
48: 214 219 (55.0)
49: 213 217 223 225 227 231 237 244 (51.0)
50: 226 229 239 (76.0)
51: 220 230 233 242 251 (53.0)
52: 228 235 238 246 (60.0)
53: 222 236 240 (54.0)
54: 241 248 249 252 254 262 (55.0)
55: 232 234 243 247 253 257 258 (92.0)
56: 259 260 264 269 (68.0)
57: 250 263 274 279 282 (89.0)
58: 245 255 256 265 267 278 (78.0)
59: 266 268 271 272 273 (60.0)
60: 280 281 292 (72.0)
61: 261 277 283 288 289 (65.0)
62: 270 290 304 308 (75.0)
63: 276 285 286 287 294 297 (74.0)
64: 275 284 291 293 295 299 (81.0)
65: 296 298 300 303 306 307 314 319 (92.0)
66: 301 302 305 316 325 (74.0)
67: 309 310 311 312 (77.0)
68: 315 318 320 326 328 (68.0)
69: 323 327 334 (71.0)
70: 313 317 321 324 329 338 (51.0)
71: 322 332 333 336 344 (64.0)
72: 337 340 342 343 345 (58.0)
73: 330 335 339 341 347 (50.0)
74: 346 348 352 356 369 (64.0)
75: 331 349 351 353 (66.0)
76: 354 355 357 360 368 (76.0)
77: 350 364 377 (54.0)
78: 358 363 366 382 (71.0)
79: 359 361 362 367 371 374 (73.0)
80: 365 370 379 380 381 383 (98.0)
81: 373 376 386 387 393 (65.0)
82: 372 384 388 397 399 409 (100.0)
83: 375 378 385 389 391 392 396 (80.0)
84: 395 400 411 (68.0)
85: 394 401 402 403 404 408 422 (67.0)
86: 398 405 406 412 413 415 (59.0)
87: 390 420 (61.0)
88: 407 410 414 416 418 426 427 (76.0)
89: 417 419 421 423 (96.0)
90: 424 428 431 439 (60.0)
91: 425 433 434 447 (74.0)
92: 432 435 436 441 442 446 (68.0)
93: 429 430 444 445 452 (55.0)
94: 438 440 456 458 (65.0)
95: 437 443 449 450 451 453 (78.0)
96: 448 455 457 463 467 (65.0)
97: 454 460 469 (97.0)
98: 465 466 471 472 477 480 (99.0)
99: 459 461 462 464 479 (97.0)
100: 470 475 476 498 (84.0)
101: 468 473 474 478 481 482 490 493 (95.0)
102: 483 484 485 491 (68.0)
103: 487 488 489 (63.0)
104: 486 492 494 496 499 501 503 507 (99.0)
105: 495 504 506 508 509 517 (71.0)
106: 497 500 513 515 518 (51.0)
107: 502 510 514 516 520 (99.0)
108: 512 519 532 (75.0)
109: 511 521 525 528 531 (98.0)
110: 505 522 523 526 537 544 (96.0)
111: 529 534 541 (91.0)
112: 524 530 533 542 546 554 (85.0)
113: 527 535 538 539 545 552 (100.0)
114: 536 540 543 548 549 (87.0)
115: 547 551 553 555 557 (54.0)
116: 550 559 566 (94.0)
117: 556 558 560 561 572 580 (87.0)
118: 562 563 564 571 579 581 (80.0)
119: 570 582 585 (62.0)
120: 565 567 568 573 584 588 591 (100.0)
121: 569 577 595 (100.0)
122: 574 575 578 (71.0)
123: 583 586 596 608 614 (67.0)
124: 576 593 598 599 606 (85.0)
125: 587 590 603 610 616 623 (100.0)
126: 589 592 594 597 607 609 619 (83.0)
127: 601 613 620 621 624 627 (100.0)
128: 600 602 605 611 612 615 618 622 (100.0)
129: 604 628 644 (100.0)
130: 617 625 626 638 (99.0)
131: 629 631 633 634 637 641 (93.0)
132: 635 636 643 (63.0)
133: 630 639 642 646 647 654 (93.0)
134: 640 651 658 659 (82.0)
135: 632 648 650 655 669 670 (99.0)
136: 645 657 666 674 (77.0)
137: 649 663 664 665 668 681 (100.0)
138: 656 661 662 667 673 (100.0)
139: 652 653 660 671 677 683 (100.0)
140: 675 676 678 679 685 (99.0)
141: 672 680 687 694 699 (84.0)
142: 684 686 688 695 697 (98.0)
143: 690 692 693 701 (96.0)
144: 682 689 698 706 715 (98.0)
145: 691 696 702 704 (88.0)
146: 700 709 714 720 722 (99.0)
147: 708 711 712 719 721 (92.0)
148: 703 705 710 717 723 725 726 (100.0)
149: 707 716 724 728 731 732 (78.0)
150: 718 729 739 741 (78.0)
151: 713 727 734 (98.0)
152: 738 740 748 (95.0)
153: 730 733 736 743 744 746 749 (105.0)
154: 735 737 742 745 747 (98.0)
