Name: 750-60-125
Time: 24.44845676422119 
Result: 143100
Solution:  0 1 1 2 3 1 1 1 5 5 1 2 2 0 1 7 4 6 5 0 6 5 4 3 10 4 6 6 8 11 5 8 7 12 9 8 11 10 6 9 9 9 7 13 11 12 12 9 11 12 12 16 16 12 12 13 14 13 12 15 13 16 15 17 15 17 12 17 14 17 16 21 20 19 20 18 19 17 19 23 20 20 17 18 21 18 20 19 23 22 21 21 22 24 24 22 24 25 21 26 25 26 26 27 27 24 25 25 29 24 25 27 31 27 25 30 26 26 31 28 28 32 31 29 31 30 34 27 32 36 35 33 35 33 35 35 32 35 35 34 35 35 33 34 38 36 36 37 38 37 36 37 38 35 41 40 43 42 42 37 37 40 40 41 39 45 45 43 39 43 45 44 40 47 43 42 44 41 47 45 46 45 47 44 45 47 47 43 44 47 49 46 48 48 47 51 49 45 51 51 47 52 49 50 50 51 47 53 54 50 51 52 49 53 53 55 52 57 55 54 56 52 55 52 56 53 58 57 55 59 57 58 58 57 56 62 62 59 59 57 60 60 60 61 61 60 58 61 62 59 61 62 63 63 62 64 66 62 64 66 66 65 67 65 70 67 63 65 68 71 69 66 67 64 65 64 71 70 70 69 68 67 70 70 71 70 71 74 73 72 70 72 72 73 74 73 77 77 75 78 75 76 75 73 77 74 73 76 80 75 75 77 76 81 79 79 78 76 82 79 81 81 78 79 78 83 78 80 82 81 83 82 83 85 83 84 83 84 84 83 87 87 85 85 85 86 86 85 88 86 89 87 90 89 88 89 87 89 90 89 90 88 94 90 92 91 92 93 91 92 91 91 95 93 92 94 94 95 93 98 93 94 93 95 95 97 98 93 100 99 97 97 97 100 102 99 96 99 103 103 99 100 98 101 103 101 102 101 100 102 102 105 103 103 101 102 105 102 104 104 101 106 103 105 107 106 107 106 106 107 104 108 106 109 107 108 109 106 107 109 108 109 113 108 110 110 112 111 112 114 110 114 112 111 111 111 112 115 113 111 116 117 115 115 118 114 116 116 114 116 120 113 119 115 119 117 117 119 119 117 119 119 120 120 124 122 118 121 120 122 124 118 121 123 121 125 123 125 123 125 122 124 122 127 124 124 127 128 126 128 126 128 127 125 129 129 125 127 125 129 130 130 128 131 131 132 130 132 130 135 136 132 133 133 131 136 133 134 132 135 134 133 136 135 138 134 136 135 138 136 138 138 137 136 137 137 137 140 139 141 142 144 139 139 141 141 141 140 142 143 142 143 140 144 143 140 142 143 145 145 149 144 142 144 144 147 144 147 147 148 146 143 144 145 146 148 151 149 150 150 152 148 149 150 150 150 151 152 152 151 151 153 154 153 153 155 154 157 155 154 159 154 156 155 156 158 157 158 153 155 156 154 156 156 158 157 158 159 160 159 160 157 160 160 161 162 161 158 159 163 163 162 163 165 163 164 162 165 167 164 162 164 165 167 166 164 168 168 167 165 168 169 171 168 168 167 170 166 166 169 171 173 170 173 168 169 172 171 174 173 172 174 173 173 170 173 173 173 173 172 176 176 176 173 173 175 179 175 174 175 177 177 174 179 174 177 179 178 176 175 177 174 178 176 178 181 179 178 179 180 182 180 178 178 180 181 182 179 183 180 182 183 182 180 181 183 182 181 183 183
0: 0 13 19 (67.0)
1: 1 2 5 6 7 10 14 (54.0)
2: 3 11 12 (55.0)
3: 4 23 (69.0)
4: 16 22 25 (42.0)
5: 8 9 18 21 30 (62.0)
6: 17 20 26 27 38 (48.0)
7: 15 32 42 (75.0)
8: 28 31 35 (59.0)
9: 34 39 40 41 47 (58.0)
10: 24 37 (64.0)
11: 29 36 44 48 (62.0)
12: 33 45 46 49 50 53 54 58 66 (53.0)
13: 43 55 57 60 (72.0)
14: 56 68 (82.0)
15: 59 62 64 (70.0)
16: 51 52 61 70 (89.0)
17: 63 65 67 69 77 82 (68.0)
18: 75 83 85 (61.0)
19: 73 76 78 87 (80.0)
20: 72 74 80 81 86 (61.0)
21: 71 84 90 91 98 (42.0)
22: 89 92 95 (60.0)
23: 79 88 (69.0)
24: 93 94 96 105 109 (70.0)
25: 97 100 106 107 110 114 (73.0)
26: 99 101 102 116 117 (89.0)
27: 103 104 111 113 127 (66.0)
28: 119 120 (68.0)
29: 108 123 (66.0)
30: 115 125 (68.0)
31: 112 118 122 124 (65.0)
32: 121 128 136 (87.0)
33: 131 133 142 (68.0)
34: 126 139 143 (67.0)
35: 130 132 134 135 137 138 140 141 153 (66.0)
36: 129 145 146 150 (66.0)
37: 147 149 151 159 160 (65.0)
38: 144 148 152 (100.0)
39: 164 168 (78.0)
40: 155 161 162 172 (74.0)
41: 154 163 177 (68.0)
42: 157 158 175 (87.0)
43: 156 167 169 174 187 (83.0)
44: 171 176 183 188 (65.0)
45: 165 166 170 179 181 184 197 (53.0)
46: 180 191 (88.0)
47: 173 178 182 185 186 189 194 200 206 (58.0)
48: 192 193 (68.0)
49: 190 196 202 212 (81.0)
50: 203 204 209 (77.0)
51: 195 198 199 205 210 (73.0)
52: 201 211 216 221 223 (80.0)
53: 207 213 214 225 (85.0)
54: 208 219 (70.0)
55: 215 218 222 228 (70.0)
56: 220 224 234 (80.0)
57: 217 227 230 233 239 (83.0)
58: 226 231 232 246 (98.0)
59: 229 237 238 249 (71.0)
60: 240 241 242 245 (87.0)
61: 243 244 247 250 (90.0)
62: 235 236 248 251 254 257 (99.0)
63: 252 253 266 (94.0)
64: 255 258 273 275 (92.0)
65: 261 263 267 274 (70.0)
66: 256 259 260 271 (72.0)
67: 262 265 272 281 (78.0)
68: 268 280 (66.0)
69: 270 279 (65.0)
70: 264 277 278 282 283 285 290 (107.0)
71: 269 276 284 286 (65.0)
72: 289 291 292 (104.0)
73: 288 293 295 303 306 (74.0)
74: 287 294 305 (98.0)
75: 298 300 302 309 310 (110.0)
76: 301 307 312 317 (82.0)
77: 296 297 304 311 (97.0)
78: 299 316 322 324 326 (93.0)
79: 314 315 319 323 (82.0)
80: 308 327 (86.0)
81: 313 320 321 329 (95.0)
82: 318 328 331 (80.0)
83: 325 330 332 334 336 339 (111.0)
84: 335 337 338 (90.0)
85: 333 342 343 344 347 (114.0)
86: 345 346 349 (81.0)
87: 340 341 351 356 (116.0)
88: 348 354 361 (70.0)
89: 350 353 355 357 359 (73.0)
90: 352 358 360 363 (112.0)
91: 365 368 370 371 (96.0)
92: 364 366 369 374 (90.0)
93: 367 373 378 380 382 387 (125.0)
94: 362 375 376 381 (119.0)
95: 372 377 383 384 (118.0)
96: 396 (60.0)
97: 385 390 391 392 (91.0)
98: 379 386 402 (77.0)
99: 389 395 397 400 (83.0)
100: 388 393 401 408 (126.0)
101: 403 405 407 414 420 (101.0)
102: 394 406 409 410 415 417 (104.0)
103: 398 399 404 412 413 422 (125.0)
104: 418 419 430 (125.0)
105: 411 416 423 (124.0)
106: 421 425 427 428 432 437 (123.0)
107: 424 426 429 434 438 (120.0)
108: 431 435 440 443 (104.0)
109: 433 436 439 441 (109.0)
110: 444 445 450 (90.0)
111: 447 453 454 455 459 (123.0)
112: 446 448 452 456 (118.0)
113: 442 458 471 (84.0)
114: 449 451 465 468 (123.0)
115: 457 462 463 473 (77.0)
116: 460 466 467 469 (109.0)
117: 461 475 476 479 (116.0)
118: 464 486 491 (107.0)
119: 472 474 477 478 480 481 (115.0)
120: 470 482 483 488 (96.0)
121: 487 492 494 (85.0)
122: 485 489 500 502 (93.0)
123: 493 496 498 (86.0)
124: 484 490 501 504 505 (122.0)
125: 495 497 499 513 516 518 (125.0)
126: 508 510 (79.0)
127: 503 506 512 517 (120.0)
128: 507 509 511 522 (108.0)
129: 514 515 519 (119.0)
130: 520 521 526 528 (112.0)
131: 523 524 534 (113.0)
132: 525 527 531 538 (113.0)
133: 532 533 536 541 (99.0)
134: 537 540 545 (113.0)
135: 529 539 543 547 (121.0)
136: 530 535 542 546 549 553 (123.0)
137: 552 554 555 556 (123.0)
138: 544 548 550 551 (107.0)
139: 558 562 563 (116.0)
140: 557 567 572 575 (137.0)
141: 559 564 565 566 (125.0)
142: 560 568 570 576 582 (116.0)
143: 569 571 574 577 591 (113.0)
144: 561 573 581 583 584 586 592 (117.0)
145: 578 579 593 (83.0)
146: 590 594 (78.0)
147: 585 587 588 (103.0)
148: 589 595 601 (95.0)
149: 580 597 602 (110.0)
150: 598 599 603 604 605 (124.0)
151: 596 606 609 610 (130.0)
152: 600 607 608 (123.0)
153: 611 613 614 628 (124.0)
154: 612 616 619 621 631 (142.0)
155: 615 618 623 629 (122.0)
156: 622 624 630 632 633 (125.0)
157: 617 626 635 641 (125.0)
158: 625 627 634 636 647 (125.0)
159: 620 637 639 648 (124.0)
160: 638 640 642 643 (134.0)
161: 644 646 (100.0)
162: 645 651 656 660 (121.0)
163: 649 650 652 654 (109.0)
164: 655 659 661 665 (116.0)
165: 653 657 662 669 (80.0)
166: 664 677 678 (83.0)
167: 658 663 668 675 (125.0)
168: 666 667 670 673 674 684 (123.0)
169: 671 679 685 (121.0)
170: 676 682 694 (126.0)
171: 672 680 687 (125.0)
172: 686 690 699 (125.0)
173: 681 683 689 692 693 695 696 697 698 703 704 (124.0)
174: 688 691 708 712 714 721 (124.0)
175: 705 707 709 719 (136.0)
176: 700 701 702 718 723 (125.0)
177: 710 711 715 720 (123.0)
178: 717 722 724 727 732 733 (125.0)
179: 706 713 716 726 728 737 (125.0)
180: 729 731 734 739 743 (125.0)
181: 725 735 744 747 (125.0)
182: 730 736 740 742 746 (128.0)
183: 738 741 745 748 749 (131.0)
