Name: 750-40-75
Time: 24.25764036178589 
Result: 37051
Solution:  0 1 0 2 1 1 0 1 0 2 3 1 3 2 6 3 3 4 4 6 3 5 5 4 5 7 7 3 5 8 8 8 10 7 9 8 6 9 8 9 11 10 13 8 8 12 13 12 10 13 14 13 11 13 13 16 12 14 13 16 18 13 19 17 15 16 16 14 19 17 15 16 18 19 19 18 21 16 19 22 23 23 17 20 21 21 20 21 19 22 23 20 26 19 20 24 25 23 23 23 22 25 27 23 24 27 27 29 27 26 28 28 26 27 32 28 28 29 31 29 33 32 31 30 31 33 31 30 31 28 32 33 33 36 35 29 38 31 32 36 32 35 36 37 35 35 37 38 34 35 41 38 36 38 38 40 37 42 39 41 38 38 38 40 42 41 42 39 43 42 44 41 41 43 39 43 46 43 45 43 47 45 45 46 42 49 46 49 47 46 46 44 47 48 51 48 49 51 46 48 51 52 47 49 51 50 50 49 53 52 54 52 50 55 54 54 54 56 54 50 53 51 53 55 56 55 57 56 56 56 58 60 56 57 56 57 58 58 60 59 59 61 57 59 58 60 60 60 61 61 57 58 60 64 61 63 59 66 63 62 63 62 62 59 63 61 65 64 66 63 65 64 64 65 63 68 64 62 66 65 68 66 67 64 65 68 71 68 68 67 69 69 70 68 69 70 66 69 74 67 71 69 71 70 70 68 72 70 74 72 73 70 76 72 73 73 74 72 74 73 75 75 73 77 74 77 79 76 76 76 75 79 77 81 77 82 75 80 79 78 80 78 78 77 78 79 82 81 83 81 80 82 78 81 79 82 83 79 80 82 85 81 81 87 83 85 82 85 82 84 84 86 83 86 85 86 86 85 85 89 87 90 85 89 86 84 89 87 91 87 89 89 90 89 89 88 91 90 89 94 92 90 91 89 92 90 92 93 93 88 92 91 95 95 90 96 93 93 94 94 95 95 94 97 95 96 93 97 94 94 94 96 97 99 96 99 100 97 98 99 96 99 99 99 101 100 100 100 102 97 102 101 102 102 98 103 100 103 100 102 103 103 103 104 101 104 102 104 103 108 105 105 105 105 105 108 108 107 103 108 109 103 107 105 104 108 109 108 107 106 106 109 109 109 111 110 109 108 110 110 111 109 108 112 110 112 111 110 115 116 116 113 113 113 113 117 115 114 114 113 112 114 115 114 116 112 116 117 113 114 118 118 115 115 118 117 118 119 120 117 119 121 119 119 116 120 118 121 124 120 121 119 120 122 121 120 120 119 122 121 124 121 123 123 123 125 121 124 124 126 125 123 124 128 122 126 126 126 125 128 127 128 129 129 129 128 130 125 127 126 127 129 131 132 129 131 126 127 127 131 133 132 133 129 130 134 133 132 131 133 132 133 135 133 135 137 135 134 130 133 134 133 132 132 132 138 136 135 136 134 136 137 136 137 138 138 137 140 138 137 136 137 141 139 138 142 138 143 141 140 140 140 141 141 141 140 141 139 140 145 143 145 145 142 144 142 143 144 143 142 146 145 145 143 144 146 146 143 145 144 149 148 147 147 146 149 145 148 150 147 148 148 148 149 151 147 150 152 148 154 152 151 151 152 153 150 152 155 155 149 150 153 156 153 152 155 151 150 153 154 156 154 155 154 151 156 156 153 158 157 157 157 160 156 155 158 158 158 154 158 159 159 159 157 159 160 160 159 160 160
0: 0 2 6 8 (45.0)
1: 1 4 5 7 11 (37.0)
2: 3 9 13 (42.0)
3: 10 12 15 16 20 27 (42.0)
4: 17 18 23 (41.0)
5: 21 22 24 28 (41.0)
6: 14 19 36 (44.0)
7: 25 26 33 (34.0)
8: 29 30 31 35 38 43 44 (50.0)
9: 34 37 39 (39.0)
10: 32 41 48 (48.0)
11: 40 52 (48.0)
12: 45 47 56 (40.0)
13: 42 46 49 51 53 54 58 61 (41.0)
14: 50 57 67 (35.0)
15: 64 70 (42.0)
16: 55 59 65 66 71 77 (41.0)
17: 63 69 82 (44.0)
18: 60 72 75 (46.0)
19: 62 68 73 74 78 88 93 (40.0)
20: 83 86 91 94 (52.0)
21: 76 84 85 87 (49.0)
22: 79 89 100 (43.0)
23: 80 81 90 97 98 99 103 (41.0)
24: 95 104 (46.0)
25: 96 101 (45.0)
26: 92 109 112 (45.0)
27: 102 105 106 108 113 (50.0)
28: 110 111 115 116 129 (42.0)
29: 107 117 119 135 (50.0)
30: 123 127 (47.0)
31: 118 122 124 126 128 137 (44.0)
32: 114 121 130 138 140 (52.0)
33: 120 125 131 132 (48.0)
34: 148 (41.0)
35: 134 141 144 145 149 (45.0)
36: 133 139 142 152 (46.0)
37: 143 146 156 (46.0)
38: 136 147 151 153 154 160 161 162 (40.0)
39: 158 167 174 (49.0)
40: 155 163 (59.0)
41: 150 159 165 171 172 (47.0)
42: 157 164 166 169 184 (48.0)
43: 168 173 175 177 179 (60.0)
44: 170 191 (45.0)
45: 178 181 182 (43.0)
46: 176 183 186 189 190 198 (42.0)
47: 180 188 192 202 (46.0)
48: 193 195 199 (54.0)
49: 185 187 196 203 207 (46.0)
50: 205 206 212 219 (41.0)
51: 194 197 200 204 221 (58.0)
52: 201 209 211 (48.0)
53: 208 220 222 (45.0)
54: 210 214 215 216 218 (53.0)
55: 213 223 225 (55.0)
56: 217 224 227 228 229 232 234 (52.0)
57: 226 233 235 242 250 (51.0)
58: 230 236 237 244 251 (53.0)
59: 239 240 243 256 263 (50.0)
60: 231 238 245 246 247 252 (46.0)
61: 241 248 249 254 265 (50.0)
62: 259 261 262 277 (66.0)
63: 255 258 260 264 269 274 (57.0)
64: 253 267 271 272 276 283 (44.0)
65: 266 270 273 279 284 (53.0)
66: 257 268 278 281 296 (54.0)
67: 282 289 299 (61.0)
68: 275 280 285 287 288 293 305 (67.0)
69: 290 291 294 297 301 (53.0)
70: 292 295 303 304 307 311 (53.0)
71: 286 300 302 (43.0)
72: 306 309 313 317 (53.0)
73: 310 314 315 319 322 (49.0)
74: 298 308 316 318 324 (41.0)
75: 320 321 330 336 (56.0)
76: 312 327 328 329 (51.0)
77: 323 325 332 334 343 (54.0)
78: 339 341 342 344 352 (57.0)
79: 326 331 338 345 354 357 (64.0)
80: 337 340 350 358 (55.0)
81: 333 347 349 353 361 362 (54.0)
82: 335 346 351 355 359 366 368 (68.0)
83: 348 356 364 372 (45.0)
84: 369 370 385 (43.0)
85: 360 365 367 374 377 378 382 (63.0)
86: 371 373 375 376 384 (72.0)
87: 363 380 387 389 (64.0)
88: 395 409 (45.0)
89: 379 383 386 390 391 393 394 398 403 (72.0)
90: 381 392 397 401 405 414 (49.0)
91: 388 396 402 411 (59.0)
92: 400 404 406 410 (71.0)
93: 407 408 416 417 426 (51.0)
94: 399 418 419 422 428 429 430 (60.0)
95: 412 413 420 421 424 (53.0)
96: 415 425 431 434 440 (71.0)
97: 423 427 432 437 449 (62.0)
98: 438 454 (45.0)
99: 433 435 439 441 442 443 (75.0)
100: 436 445 446 447 456 458 (56.0)
101: 444 451 464 (55.0)
102: 448 450 452 453 459 466 (63.0)
103: 455 457 460 461 462 468 478 481 (73.0)
104: 463 465 467 484 (54.0)
105: 470 471 472 473 474 483 (70.0)
106: 489 490 (51.0)
107: 477 482 488 (48.0)
108: 469 475 476 479 485 487 497 502 (64.0)
109: 480 486 491 492 493 496 501 (72.0)
110: 495 498 499 504 507 (74.0)
111: 494 500 506 (48.0)
112: 503 505 520 525 (50.0)
113: 511 512 513 514 519 528 (67.0)
114: 517 518 521 523 529 (74.0)
115: 508 516 522 532 533 (74.0)
116: 509 510 524 526 544 (64.0)
117: 515 527 535 539 (75.0)
118: 530 531 534 536 546 (64.0)
119: 537 540 542 543 551 557 (67.0)
120: 538 545 549 552 555 556 (63.0)
121: 541 547 550 554 559 561 566 (57.0)
122: 553 558 574 (72.0)
123: 562 563 564 571 (57.0)
124: 548 560 567 568 572 (63.0)
125: 565 570 578 587 (62.0)
126: 569 575 576 577 589 596 (62.0)
127: 580 588 590 597 598 (73.0)
128: 573 579 581 585 (73.0)
129: 582 583 584 591 594 603 (71.0)
130: 586 604 618 (72.0)
131: 592 595 599 608 (61.0)
132: 593 601 607 610 622 623 624 (75.0)
133: 600 602 606 609 611 613 619 621 (64.0)
134: 605 617 620 629 (75.0)
135: 612 614 616 627 (72.0)
136: 626 628 630 632 640 (72.0)
137: 615 631 633 636 639 641 (73.0)
138: 625 634 635 638 644 646 (61.0)
139: 643 657 (76.0)
140: 637 649 650 651 655 658 (55.0)
141: 642 648 652 653 654 656 (58.0)
142: 645 663 665 669 (71.0)
143: 647 660 666 668 673 677 (70.0)
144: 664 667 674 679 (75.0)
145: 659 661 662 671 672 678 686 (73.0)
146: 670 675 676 684 (73.0)
147: 682 683 689 695 (65.0)
148: 681 687 690 691 692 698 (63.0)
149: 680 685 693 709 (67.0)
150: 688 696 705 710 717 (75.0)
151: 694 701 702 716 724 (70.0)
152: 697 700 703 706 714 (62.0)
153: 704 711 713 718 727 (75.0)
154: 699 719 721 723 738 (71.0)
155: 707 708 715 722 734 (74.0)
156: 712 720 725 726 733 (77.0)
157: 729 730 731 743 (85.0)
158: 728 735 736 737 739 (75.0)
159: 740 741 742 744 747 (78.0)
160: 732 745 746 748 749 (81.0)
