Name: 750-40-75
Time: 45.21338987350464 
Result: 54
Solution:  1 1 0 1 0 1 3 1 3 4 5 1 3 4 2 3 5 3 4 2 3 6 7 5 5 7 6 6 8 6 5 8 9 7 7 11 6 9 6 10 10 10 14 9 8 12 13 14 12 14 13 14 11 14 14 15 11 14 18 13 15 13 18 12 15 16 14 18 14 18 17 17 16 19 16 18 19 16 18 20 24 24 19 20 22 22 17 21 20 24 23 21 23 22 24 26 22 25 24 24 23 25 24 24 28 27 23 27 31 25 28 27 26 27 28 27 33 29 31 29 30 32 29 28 27 32 33 30 31 33 34 32 35 36 29 31 36 35 33 35 38 36 35 32 37 38 32 35 34 36 39 36 42 36 40 37 36 39 40 40 38 40 38 41 42 39 39 39 43 43 42 42 43 43 43 44 46 41 40 44 49 45 44 47 47 44 46 47 48 46 45 45 50 49 51 48 49 49 46 46 49 53 47 50 50 52 51 51 52 54 55 51 51 55 54 54 53 51 55 56 57 52 55 55 56 55 56 56 56 56 57 60 56 53 54 59 58 59 59 62 62 59 57 60 58 56 60 64 63 61 58 61 62 60 59 63 60 61 60 65 66 61 63 61 62 66 63 63 66 62 64 65 64 65 69 68 67 63 67 69 66 65 69 65 64 68 69 69 67 71 68 69 70 68 72 68 70 70 73 67 70 72 70 69 72 71 70 73 73 75 72 72 76 73 76 73 72 74 71 75 74 75 72 74 73 79 80 77 76 76 76 78 77 79 77 80 75 79 79 78 78 79 79 79 78 80 83 82 77 81 81 77 83 82 83 80 82 82 80 83 81 81 81 84 87 86 83 84 85 85 84 84 83 86 84 86 85 85 85 86 90 90 86 86 89 88 86 92 91 87 89 91 92 88 86 87 90 89 89 86 92 93 92 94 92 88 94 88 93 90 93 92 94 92 96 95 94 96 95 94 95 95 94 96 94 96 94 97 93 94 93 99 97 96 97 99 97 98 98 98 99 99 97 99 101 99 99 99 102 96 101 98 102 100 100 102 99 100 102 103 107 103 103 103 101 104 102 103 101 105 105 107 105 103 105 109 105 108 108 108 107 106 106 105 109 106 111 109 107 104 105 108 109 109 106 111 111 112 111 110 110 113 111 109 111 109 108 111 116 115 117 112 113 115 114 115 115 117 114 114 112 113 114 114 116 112 115 115 113 116 117 117 116 118 118 122 121 118 119 114 119 118 117 119 117 120 121 118 122 120 121 119 124 121 119 121 122 119 120 123 124 124 122 125 123 120 128 124 123 121 125 124 124 123 127 127 127 126 127 125 128 129 130 131 129 127 129 124 128 125 126 128 131 132 129 128 129 130 130 130 134 132 133 130 131 132 133 132 131 129 133 133 134 133 134 135 137 134 137 133 138 137 134 136 131 132 136 134 136 133 137 136 135 135 138 135 136 140 136 139 135 138 140 139 138 142 140 143 136 139 138 140 141 141 141 138 141 142 140 145 143 145 147 141 144 143 143 143 142 140 146 145 145 145 144 146 144 146 145 144 148 146 145 147 148 149 147 148 150 149 148 149 150 149 150 147 147 152 151 154 147 150 151 151 151 152 153 152 152 151 153 153 152 155 153 152 150 154 153 154 156 151 154 156 155 156 157 156 159 159 157 158 160 156 157 157 158 158 154 155 160 159 158 157 159 158 160 159 159 160
0: 2 4 (26.0)
1: 0 1 3 5 7 11 (50.0)
2: 14 19 (33.0)
3: 6 8 12 15 17 20 (45.0)
4: 9 13 18 (45.0)
5: 10 16 23 24 30 (40.0)
6: 21 26 27 29 36 38 (45.0)
7: 22 25 33 34 (46.0)
8: 28 31 44 (48.0)
9: 32 37 43 (40.0)
10: 39 40 41 (40.0)
11: 35 52 56 (59.0)
12: 45 48 63 (49.0)
13: 46 50 59 61 (43.0)
14: 42 47 49 51 53 54 57 66 68 (38.0)
15: 55 60 64 (44.0)
16: 65 72 74 77 (40.0)
17: 70 71 86 (43.0)
18: 58 62 67 69 75 78 (39.0)
19: 73 76 82 (41.0)
20: 79 83 88 (42.0)
21: 87 91 (42.0)
22: 84 85 93 96 (42.0)
23: 90 92 100 106 (44.0)
24: 80 81 89 94 98 99 102 103 (36.0)
25: 97 101 109 (43.0)
26: 95 112 (57.0)
27: 105 107 111 113 115 124 (41.0)
28: 104 110 114 123 (46.0)
29: 117 119 122 134 (48.0)
30: 120 127 (48.0)
31: 108 118 128 135 (53.0)
32: 121 125 131 143 146 (50.0)
33: 116 126 129 138 (45.0)
34: 130 148 (45.0)
35: 132 137 139 142 147 (40.0)
36: 133 136 141 149 151 153 156 (48.0)
37: 144 155 (53.0)
38: 140 145 160 162 (45.0)
39: 150 157 165 166 167 (45.0)
40: 154 158 159 161 178 (41.0)
41: 163 177 (53.0)
42: 152 164 170 171 (51.0)
43: 168 169 172 173 174 (48.0)
44: 175 179 182 185 (44.0)
45: 181 190 191 (48.0)
46: 176 186 189 198 199 (57.0)
47: 183 184 187 202 (41.0)
48: 188 195 (42.0)
49: 180 193 196 197 200 (41.0)
50: 192 203 204 (47.0)
51: 194 206 207 211 212 217 (45.0)
52: 205 208 221 (47.0)
53: 201 216 233 (54.0)
54: 209 214 215 234 (51.0)
55: 210 213 218 222 223 225 (64.0)
56: 219 224 226 227 228 229 232 245 (51.0)
57: 220 230 242 (42.0)
58: 236 244 250 (57.0)
59: 235 237 238 241 254 (47.0)
60: 231 243 246 253 256 258 (50.0)
61: 249 251 257 261 263 (59.0)
62: 239 240 252 264 269 (46.0)
63: 248 255 262 266 267 277 (54.0)
64: 247 270 272 284 (47.0)
65: 259 271 273 281 283 (44.0)
66: 260 265 268 280 (54.0)
67: 276 278 288 299 (60.0)
68: 275 285 290 293 295 (49.0)
69: 274 279 282 286 287 291 303 (61.0)
70: 292 296 297 300 302 306 (53.0)
71: 289 305 318 (47.0)
72: 294 301 304 310 311 316 322 (54.0)
73: 298 307 308 313 315 324 (51.0)
74: 317 320 323 (50.0)
75: 309 319 321 336 (51.0)
76: 312 314 328 329 330 (67.0)
77: 327 332 334 348 351 (64.0)
78: 331 339 340 344 (52.0)
79: 325 333 337 338 341 342 343 (55.0)
80: 326 335 345 355 358 (64.0)
81: 349 350 360 361 362 (67.0)
82: 347 353 356 357 (52.0)
83: 346 352 354 359 366 372 (69.0)
84: 363 367 370 371 374 (60.0)
85: 368 369 376 377 378 (70.0)
86: 365 373 375 379 382 383 386 394 399 (61.0)
87: 364 389 395 (42.0)
88: 385 393 405 407 (40.0)
89: 384 390 397 398 (51.0)
90: 380 381 396 409 (56.0)
91: 388 391 (53.0)
92: 387 392 400 402 404 411 413 (57.0)
93: 401 408 410 428 430 (75.0)
94: 403 406 412 416 419 422 424 426 429 (72.0)
95: 415 418 420 421 (62.0)
96: 414 417 423 425 433 449 (59.0)
97: 427 432 434 436 442 (74.0)
98: 437 438 439 451 (58.0)
99: 431 435 440 441 443 445 446 447 456 (73.0)
100: 453 454 457 (51.0)
101: 444 450 464 468 (69.0)
102: 448 452 455 458 466 (58.0)
103: 459 461 462 463 467 473 (63.0)
104: 465 489 (48.0)
105: 469 470 472 474 476 483 490 (74.0)
106: 481 482 485 494 (48.0)
107: 460 471 480 488 (71.0)
108: 477 478 479 491 506 (57.0)
109: 475 484 487 492 493 503 505 (62.0)
110: 499 500 (50.0)
111: 486 495 496 498 502 504 507 (56.0)
112: 497 511 520 525 (44.0)
113: 501 512 521 528 (55.0)
114: 514 518 519 522 523 539 (73.0)
115: 509 513 515 516 526 527 (67.0)
116: 508 524 529 532 (75.0)
117: 510 517 530 531 542 544 (70.0)
118: 533 534 537 541 547 (53.0)
119: 538 540 543 551 554 557 (75.0)
120: 545 549 558 565 (74.0)
121: 536 546 550 553 555 569 (75.0)
122: 535 548 556 562 (74.0)
123: 559 564 568 573 (75.0)
124: 552 560 561 567 571 572 587 (73.0)
125: 563 570 579 589 (65.0)
126: 577 590 (50.0)
127: 574 575 576 578 585 (72.0)
128: 566 580 588 591 595 (73.0)
129: 581 584 586 594 596 609 (63.0)
130: 582 597 598 599 603 (52.0)
131: 583 592 604 608 624 (62.0)
132: 593 601 605 607 625 (75.0)
133: 602 606 610 611 613 619 629 (61.0)
134: 600 612 614 617 622 627 (77.0)
135: 615 632 633 635 640 (66.0)
136: 623 626 628 631 636 638 648 (74.0)
137: 616 618 621 630 (65.0)
138: 620 634 641 644 650 655 (73.0)
139: 639 643 649 (75.0)
140: 637 642 646 651 658 669 (61.0)
141: 652 653 654 656 663 (52.0)
142: 645 657 668 (75.0)
143: 647 660 665 666 667 (75.0)
144: 664 674 676 679 (75.0)
145: 659 661 671 672 673 678 682 (72.0)
146: 670 675 677 681 (73.0)
147: 662 683 686 695 696 700 (75.0)
148: 680 684 687 690 (74.0)
149: 685 689 691 693 (61.0)
150: 688 692 694 701 716 (63.0)
151: 698 702 703 704 709 721 (75.0)
152: 697 705 707 708 712 715 (74.0)
153: 706 710 711 714 718 (73.0)
154: 699 717 719 722 738 (73.0)
155: 713 724 739 (71.0)
156: 720 723 725 727 733 (75.0)
157: 726 730 734 735 743 (75.0)
158: 731 736 737 742 745 (75.0)
159: 728 729 741 744 747 748 (80.0)
160: 732 740 746 749 (75.0)
