Name: 750-60-125
Time: 24.11891746520996 
Result: 148131
Solution:  0 1 1 2 2 0 1 0 1 6 0 5 1 2 1 7 4 6 4 3 4 5 5 3 4 3 5 6 7 6 5 7 8 6 9 9 11 13 11 9 9 11 8 10 10 8 11 12 12 11 10 13 11 12 13 12 14 13 14 16 16 15 15 19 17 15 17 16 14 15 15 18 19 18 19 19 19 16 19 21 20 22 19 20 22 20 19 17 18 22 22 21 23 22 22 24 25 27 24 23 26 26 27 25 26 28 22 24 29 27 24 24 29 27 27 32 27 27 25 28 30 34 31 30 31 31 32 28 33 36 34 29 36 33 34 34 31 35 36 32 34 36 34 35 38 36 36 37 36 37 35 36 40 36 38 41 42 43 40 37 38 42 39 37 39 41 42 44 40 42 44 41 41 47 40 45 42 43 45 46 44 44 43 42 46 46 46 49 46 46 45 47 50 48 48 48 48 49 48 47 48 51 49 50 53 49 52 54 55 51 53 50 50 53 53 52 54 53 56 51 52 57 54 57 57 54 56 56 58 55 58 57 58 56 59 60 63 61 59 56 60 60 61 61 60 59 59 62 65 62 61 62 64 59 61 64 64 62 63 67 65 65 68 66 67 68 65 66 66 68 66 68 70 69 66 65 70 66 70 68 72 67 68 70 72 71 72 69 73 72 74 71 71 77 74 73 75 74 74 77 75 77 77 73 76 76 73 77 76 75 74 77 80 81 79 79 79 77 78 78 78 79 78 84 79 81 80 80 82 83 82 83 82 81 83 86 83 84 84 87 81 82 85 84 85 87 87 85 87 85 88 87 86 88 88 88 90 91 87 88 90 88 91 90 89 91 95 91 91 92 94 92 93 93 93 95 94 96 91 98 93 95 93 94 97 96 96 94 99 93 94 96 96 99 101 98 100 100 98 99 97 100 99 99 100 102 101 101 102 102 102 103 103 107 103 102 104 103 106 104 103 103 103 105 109 106 104 104 107 105 107 108 108 106 106 109 108 107 110 110 111 110 112 108 110 108 112 109 113 112 114 110 112 111 111 109 112 113 111 117 115 115 115 117 119 112 119 116 114 117 120 114 118 118 115 118 116 119 117 120 122 122 120 120 124 122 118 124 121 122 122 119 121 125 121 123 121 124 123 124 123 124 125 125 126 127 126 126 127 127 127 127 128 126 130 128 125 130 125 129 131 133 128 132 130 133 131 128 134 135 129 130 133 133 129 133 135 131 133 134 136 134 133 132 134 137 136 138 136 138 138 135 142 136 137 136 139 140 138 140 141 140 140 139 142 137 142 143 143 142 142 141 140 144 141 141 144 143 143 144 149 142 142 147 144 143 146 150 148 147 145 145 145 146 146 148 152 149 149 148 148 146 152 151 151 147 152 152 152 151 153 154 153 153 156 153 154 154 156 154 159 155 158 156 156 155 155 160 157 156 157 156 157 160 155 161 155 159 159 159 157 163 158 160 162 161 159 157 158 161 163 162 165 165 161 164 163 166 163 164 164 166 164 163 167 165 166 166 167 166 168 168 170 168 169 168 165 170 167 169 171 173 170 169 168 171 171 174 174 173 170 175 172 174 169 171 173 174 173 173 175 172 176 173 177 175 176 175 174 177 177 176 174 172 174 177 178 177 175 176 180 176 182 179 178 178 178 176 179 177 179 182 178 178 183 179 183 180 182 180 182 183 183 178 181 182 183 183 183 181
0: 0 5 7 10 (56.0)
1: 1 2 6 8 12 14 (56.0)
2: 3 4 13 (78.0)
3: 19 23 25 (78.0)
4: 16 18 20 24 (67.0)
5: 11 21 22 26 30 (40.0)
6: 9 17 27 29 33 (74.0)
7: 15 28 31 (60.0)
8: 32 42 45 (65.0)
9: 34 35 39 40 (55.0)
10: 43 44 50 (54.0)
11: 36 38 41 46 49 52 (51.0)
12: 47 48 53 55 (63.0)
13: 37 51 54 57 (89.0)
14: 56 58 68 (89.0)
15: 61 62 65 69 70 (62.0)
16: 59 60 67 77 (66.0)
17: 64 66 87 (62.0)
18: 71 73 88 (64.0)
19: 63 72 74 75 76 78 82 86 (75.0)
20: 80 83 85 (73.0)
21: 79 91 (63.0)
22: 81 84 89 90 93 94 106 (62.0)
23: 92 99 (77.0)
24: 95 98 107 110 111 (71.0)
25: 96 103 118 (63.0)
26: 100 101 104 (62.0)
27: 97 102 109 113 114 116 117 (31.0)
28: 105 119 127 (74.0)
29: 108 112 131 (64.0)
30: 120 123 (63.0)
31: 122 124 125 136 (81.0)
32: 115 126 139 (71.0)
33: 128 133 (96.0)
34: 121 130 134 135 140 142 (65.0)
35: 137 143 150 (77.0)
36: 129 132 138 141 145 146 148 151 153 (59.0)
37: 147 149 159 163 (61.0)
38: 144 154 160 (65.0)
39: 162 164 (69.0)
40: 152 158 168 174 (110.0)
41: 155 165 171 172 (62.0)
42: 156 161 166 169 176 183 (67.0)
43: 157 177 182 (79.0)
44: 167 170 180 181 (83.0)
45: 175 178 190 (65.0)
46: 179 184 185 186 188 189 (65.0)
47: 173 191 199 (70.0)
48: 193 194 195 196 198 200 (84.0)
49: 187 197 202 205 (81.0)
50: 192 203 211 212 (78.0)
51: 201 209 219 (88.0)
52: 206 215 220 (93.0)
53: 204 210 213 214 217 (94.0)
54: 207 216 222 225 (71.0)
55: 208 229 (71.0)
56: 218 226 227 233 239 (87.0)
57: 221 223 224 231 (72.0)
58: 228 230 232 (71.0)
59: 234 238 245 246 253 (66.0)
60: 235 240 241 244 (64.0)
61: 237 242 243 250 254 (90.0)
62: 247 249 251 257 (84.0)
63: 236 258 (79.0)
64: 252 255 256 (97.0)
65: 248 260 261 266 275 (74.0)
66: 263 267 268 270 274 277 (109.0)
67: 259 264 281 (75.0)
68: 262 265 269 271 279 282 (117.0)
69: 273 287 (73.0)
70: 272 276 278 283 (106.0)
71: 285 291 292 (95.0)
72: 280 284 286 289 (63.0)
73: 288 295 303 306 (69.0)
74: 290 294 297 298 310 (77.0)
75: 296 300 309 (118.0)
76: 304 305 308 (86.0)
77: 293 299 301 302 307 311 317 (98.0)
78: 318 319 320 322 (71.0)
79: 314 315 316 321 324 (101.0)
80: 312 326 327 (80.0)
81: 313 325 333 340 (113.0)
82: 328 330 332 341 (71.0)
83: 329 331 334 336 (84.0)
84: 323 337 338 343 (90.0)
85: 342 344 347 349 (124.0)
86: 335 352 (89.0)
87: 339 345 346 348 351 358 (112.0)
88: 350 353 354 355 359 361 (89.0)
89: 364 (64.0)
90: 356 360 363 (127.0)
91: 357 362 365 367 368 378 (85.0)
92: 369 371 (82.0)
93: 372 373 374 380 382 389 (97.0)
94: 370 376 383 387 390 (98.0)
95: 366 375 381 (90.0)
96: 377 385 386 391 392 (125.0)
97: 384 400 (80.0)
98: 379 395 398 (67.0)
99: 388 393 399 402 403 (107.0)
100: 396 397 401 404 (106.0)
101: 394 406 407 (103.0)
102: 405 408 409 410 415 (125.0)
103: 411 412 414 417 420 421 422 (92.0)
104: 416 419 426 427 (124.0)
105: 423 429 (121.0)
106: 418 425 433 434 (114.0)
107: 413 428 430 437 (124.0)
108: 431 432 436 443 445 (103.0)
109: 424 435 447 455 (119.0)
110: 438 439 441 444 451 (124.0)
111: 440 453 454 458 (125.0)
112: 442 446 449 452 456 465 (122.0)
113: 448 457 (66.0)
114: 450 468 471 (90.0)
115: 460 461 462 474 (82.0)
116: 467 476 (64.0)
117: 459 463 469 478 (106.0)
118: 472 473 475 486 (113.0)
119: 464 466 477 491 (125.0)
120: 470 479 482 483 (101.0)
121: 488 492 494 496 (107.0)
122: 480 481 485 489 490 (123.0)
123: 495 498 500 (118.0)
124: 484 487 497 499 501 (102.0)
125: 493 502 503 516 518 (104.0)
126: 504 506 507 513 (121.0)
127: 505 508 509 510 511 (121.0)
128: 512 515 522 527 (122.0)
129: 519 530 534 (121.0)
130: 514 517 524 531 (119.0)
131: 520 526 537 (107.0)
132: 523 543 (84.0)
133: 521 525 532 533 535 538 542 (125.0)
134: 528 539 541 544 (83.0)
135: 529 536 551 (98.0)
136: 540 546 548 553 555 (125.0)
137: 545 554 565 (123.0)
138: 547 549 550 558 (121.0)
139: 556 563 (124.0)
140: 557 559 561 562 572 (106.0)
141: 560 571 574 575 (123.0)
142: 552 564 566 569 570 581 582 (92.0)
143: 567 568 577 578 585 (125.0)
144: 573 576 579 584 (125.0)
145: 590 591 592 (94.0)
146: 586 593 594 601 (102.0)
147: 583 589 605 (84.0)
148: 588 595 599 600 (111.0)
149: 580 597 598 (120.0)
150: 587 (78.0)
151: 603 604 609 (125.0)
152: 596 602 606 607 608 (125.0)
153: 610 612 613 615 (129.0)
154: 611 616 617 619 (124.0)
155: 621 625 626 634 636 (113.0)
156: 614 618 623 624 629 631 (122.0)
157: 628 630 632 640 647 (121.0)
158: 622 642 648 (114.0)
159: 620 637 638 639 646 (120.0)
160: 627 633 643 (162.0)
161: 635 645 649 654 (114.0)
162: 644 651 (113.0)
163: 641 650 656 658 663 (124.0)
164: 655 659 660 662 (121.0)
165: 652 653 665 676 (125.0)
166: 657 661 666 667 669 (124.0)
167: 664 668 678 (123.0)
168: 670 671 673 675 684 (115.0)
169: 674 679 683 694 (124.0)
170: 672 677 682 690 (133.0)
171: 680 685 686 695 (125.0)
172: 692 701 713 (124.0)
173: 681 689 696 698 699 703 (127.0)
174: 687 688 693 697 708 712 714 (119.0)
175: 691 700 705 707 718 (134.0)
176: 702 706 711 719 721 727 (116.0)
177: 704 709 710 715 717 729 (127.0)
178: 716 724 725 726 732 733 743 (123.0)
179: 723 728 730 735 (123.0)
180: 720 737 739 (122.0)
181: 744 749 (97.0)
182: 722 731 738 740 745 (131.0)
183: 734 736 741 742 746 747 748 (100.0)
