Name: 750-60-125
Time: 46.75373315811157 
Result: 96
Solution:  0 1 0 1 4 0 0 3 1 3 2 1 2 2 3 2 5 6 7 0 5 5 5 4 7 3 6 6 5 7 6 6 10 11 8 9 11 8 10 11 9 10 8 9 10 11 11 13 13 10 13 12 15 16 12 12 14 14 14 16 13 18 17 18 16 15 13 17 14 16 15 18 17 19 18 17 19 16 19 19 20 22 18 18 22 20 21 21 20 22 22 22 24 21 22 22 24 25 22 27 25 26 25 22 26 25 25 24 28 25 29 27 28 25 25 29 29 29 30 26 31 29 29 30 31 32 31 27 33 36 36 29 36 34 36 30 32 32 36 33 35 36 31 35 34 36 36 40 36 37 35 36 39 37 38 40 38 39 40 37 38 42 38 41 37 43 40 41 42 42 44 43 41 44 43 45 44 42 45 47 46 45 47 44 49 44 49 43 44 49 45 46 48 49 50 50 47 51 48 47 53 52 50 50 52 48 51 55 54 51 52 53 51 55 53 50 56 56 56 51 53 54 54 55 56 54 58 52 57 53 57 57 58 57 59 56 61 59 59 57 59 62 58 60 59 65 63 62 60 63 62 61 60 59 63 63 63 62 64 63 66 67 68 67 68 67 65 63 64 66 69 71 70 67 69 64 71 70 71 69 68 66 68 70 71 72 71 73 68 70 74 72 72 76 73 73 74 75 75 76 75 72 76 71 76 74 79 75 77 78 80 80 74 80 77 81 78 76 78 79 78 82 78 83 77 84 81 81 82 81 79 81 82 86 84 84 84 87 83 82 86 84 85 84 87 83 88 86 85 86 89 86 85 88 88 88 90 93 90 88 90 90 92 91 89 91 94 93 90 91 92 92 91 93 91 93 93 95 95 96 97 96 95 94 97 98 97 94 101 94 95 98 95 99 102 99 100 101 97 99 96 100 103 101 97 103 99 101 104 102 102 100 101 103 102 103 105 103 104 108 103 102 103 105 108 105 106 106 106 107 106 107 106 109 109 110 107 107 108 109 110 109 113 112 110 109 111 108 115 112 115 111 113 114 109 111 113 115 111 112 116 113 115 113 119 114 117 114 117 116 119 120 118 114 121 116 118 119 117 118 120 120 120 120 123 121 119 121 121 122 122 118 122 123 122 123 123 128 124 126 126 125 124 126 128 124 127 125 127 126 127 127 128 130 129 129 130 126 128 129 131 130 131 131 130 133 130 128 132 135 132 130 133 133 133 133 135 132 132 134 134 134 134 136 135 140 136 138 137 141 138 137 142 136 139 139 137 138 139 136 141 140 141 140 139 137 141 142 141 143 142 138 143 143 143 142 144 143 143 144 147 142 142 144 145 146 142 146 147 148 145 150 145 147 148 148 150 149 148 152 149 150 152 150 151 148 151 152 152 151 152 150 149 151 154 155 154 154 155 154 159 153 158 155 156 160 155 157 153 157 160 159 157 156 157 156 157 160 158 161 159 163 160 160 158 162 159 162 159 161 162 162 165 165 161 164 164 162 163 164 163 161 162 163 167 165 166 166 167 165 166 168 169 169 169 166 166 172 166 168 170 174 170 169 171 168 171 171 175 171 170 175 171 171 170 172 173 175 173 172 174 173 175 176 176 176 176 175 175 176 177 176 174 173 177 177 179 177 177 174 178 174 176 181 179 179 180 179 179 180 182 181 177 178 183 181 181 179 183 180 182 182 182 178 180 183 182 181 181 181
0: 0 2 5 6 19 (63.0)
1: 1 3 8 11 (63.0)
2: 10 12 13 15 (63.0)
3: 7 9 14 25 (64.0)
4: 4 23 (69.0)
5: 16 20 21 22 28 (62.0)
6: 17 26 27 30 31 (59.0)
7: 18 24 29 (52.0)
8: 34 37 42 (66.0)
9: 35 40 43 (55.0)
10: 32 38 41 44 49 (62.0)
11: 33 36 39 45 46 (52.0)
12: 51 54 55 (74.0)
13: 47 48 50 60 66 (62.0)
14: 56 57 58 68 (96.0)
15: 52 65 70 (52.0)
16: 53 59 64 69 77 (65.0)
17: 62 67 72 75 (71.0)
18: 61 63 71 74 82 83 (69.0)
19: 73 76 78 79 (91.0)
20: 80 85 88 (65.0)
21: 86 87 93 (61.0)
22: 81 84 89 90 91 94 95 98 103 (72.0)
23: (0.0)
24: 92 96 107 (107.0)
25: 97 100 102 105 106 109 113 114 (60.0)
26: 101 104 119 (87.0)
27: 99 111 127 (76.0)
28: 108 112 (62.0)
29: 110 115 116 117 121 122 131 (59.0)
30: 118 123 135 (69.0)
31: 120 124 126 142 (69.0)
32: 125 136 137 (72.0)
33: 128 139 (89.0)
34: 133 144 (89.0)
35: 140 143 150 (83.0)
36: 129 130 132 134 138 141 145 146 148 151 (69.0)
37: 149 153 159 164 (63.0)
38: 154 156 160 162 (69.0)
39: 152 157 (81.0)
40: 147 155 158 166 (61.0)
41: 163 167 172 (64.0)
42: 161 168 169 177 (89.0)
43: 165 171 174 187 (67.0)
44: 170 173 176 183 185 188 (61.0)
45: 175 178 181 190 (69.0)
46: 180 191 (88.0)
47: 179 182 196 199 (67.0)
48: 192 198 205 (72.0)
49: 184 186 189 193 (62.0)
50: 194 195 202 203 215 (102.0)
51: 197 206 209 212 219 (81.0)
52: 201 204 210 227 (69.0)
53: 200 211 214 220 229 (121.0)
54: 208 221 222 225 (64.0)
55: 207 213 223 (65.0)
56: 216 217 218 224 235 (77.0)
57: 228 230 231 233 239 (88.0)
58: 226 232 242 (77.0)
59: 234 237 238 240 244 253 (82.0)
60: 243 248 252 (83.0)
61: 236 251 (81.0)
62: 241 247 250 257 (79.0)
63: 246 249 254 255 256 259 267 (78.0)
64: 258 268 275 (101.0)
65: 245 266 (63.0)
66: 260 269 281 (61.0)
67: 261 263 265 273 (85.0)
68: 262 264 280 282 288 (94.0)
69: 270 274 279 (67.0)
70: 272 277 283 289 (105.0)
71: 271 276 278 284 286 303 (82.0)
72: 285 291 292 301 (101.0)
73: 287 294 295 (100.0)
74: 290 296 305 312 (101.0)
75: 297 298 300 307 (88.0)
76: 293 299 302 304 317 (91.0)
77: 308 314 324 (83.0)
78: 309 316 318 320 322 (74.0)
79: 306 319 330 (69.0)
80: 310 311 313 (81.0)
81: 315 326 327 329 331 (109.0)
82: 321 328 332 339 (95.0)
83: 323 338 345 (87.0)
84: 325 334 335 336 341 343 (112.0)
85: 342 348 352 (110.0)
86: 333 340 347 349 351 (123.0)
87: 337 344 (67.0)
88: 346 353 354 355 359 (76.0)
89: 350 364 (73.0)
90: 356 358 360 361 368 (111.0)
91: 363 365 369 372 374 (93.0)
92: 362 370 371 (91.0)
93: 357 367 373 375 376 (117.0)
94: 366 383 387 389 (90.0)
95: 377 378 382 390 392 (89.0)
96: 379 381 400 (93.0)
97: 380 384 386 398 404 (112.0)
98: 385 391 (66.0)
99: 393 395 399 406 (99.0)
100: 396 401 411 (87.0)
101: 388 397 403 407 412 (125.0)
102: 394 409 410 414 421 (87.0)
103: 402 405 413 415 417 420 422 (83.0)
104: 408 418 (105.0)
105: 416 423 425 (123.0)
106: 426 427 428 430 432 (117.0)
107: 429 431 436 437 (114.0)
108: 419 424 438 447 (124.0)
109: 433 434 439 441 445 454 (124.0)
110: 435 440 444 (119.0)
111: 446 451 455 458 (119.0)
112: 443 449 459 (82.0)
113: 442 452 456 461 463 (120.0)
114: 453 465 467 473 (121.0)
115: 448 450 457 462 (84.0)
116: 460 469 475 (112.0)
117: 466 468 478 (108.0)
118: 472 476 479 491 (125.0)
119: 464 470 477 486 (97.0)
120: 471 480 481 482 483 (110.0)
121: 474 485 487 488 (91.0)
122: 489 490 492 494 (108.0)
123: 484 493 495 496 (124.0)
124: 498 502 505 (90.0)
125: 501 507 (74.0)
126: 499 500 503 509 517 (123.0)
127: 506 508 510 511 (122.0)
128: 497 504 512 518 527 (124.0)
129: 514 515 519 (119.0)
130: 513 516 521 524 526 531 (110.0)
131: 520 522 523 (97.0)
132: 528 530 537 538 (105.0)
133: 525 532 533 534 535 (125.0)
134: 539 540 541 542 (77.0)
135: 529 536 544 (118.0)
136: 543 546 553 559 (120.0)
137: 548 551 556 565 (118.0)
138: 547 550 557 571 (125.0)
139: 554 555 558 564 (121.0)
140: 545 561 563 (125.0)
141: 549 560 562 566 568 (125.0)
142: 552 567 570 575 581 582 586 (125.0)
143: 569 572 573 574 577 578 (109.0)
144: 576 579 583 (112.0)
145: 584 590 592 (96.0)
146: 585 587 (92.0)
147: 580 588 593 (102.0)
148: 589 594 595 598 605 (123.0)
149: 597 600 612 (122.0)
150: 591 596 601 603 611 (122.0)
151: 604 606 609 613 (142.0)
152: 599 602 607 608 610 (123.0)
153: 621 628 (120.0)
154: 614 616 617 619 (122.0)
155: 615 618 623 626 (124.0)
156: 624 633 635 (148.0)
157: 627 629 632 634 636 (124.0)
158: 622 638 644 (125.0)
159: 620 631 640 646 648 (124.0)
160: 625 630 637 642 643 (122.0)
161: 639 649 654 661 (120.0)
162: 645 647 650 651 657 662 (101.0)
163: 641 658 660 663 (113.0)
164: 655 656 659 (111.0)
165: 652 653 665 669 (98.0)
166: 666 667 670 675 676 678 (119.0)
167: 664 668 (117.0)
168: 671 679 685 (121.0)
169: 672 673 674 683 (114.0)
170: 680 682 690 694 (124.0)
171: 684 686 687 689 692 693 (128.0)
172: 677 695 699 (123.0)
173: 696 698 701 713 (125.0)
174: 681 700 712 719 721 (124.0)
175: 688 691 697 702 707 708 (103.0)
176: 703 704 705 706 709 711 722 (113.0)
177: 710 714 715 717 718 732 (130.0)
178: 720 733 743 (103.0)
179: 716 724 725 727 728 737 (125.0)
180: 726 729 739 744 (123.0)
181: 723 731 735 736 747 748 749 (124.0)
182: 730 740 741 742 746 (124.0)
183: 734 738 745 (119.0)
