Name: 750-20-30
Time: 25.2461895942688 
Result: 26017
Solution:  0 1 3 0 0 1 1 5 3 5 4 0 5 3 2 2 4 2 3 4 6 4 5 7 10 6 6 5 4 5 8 8 8 11 11 10 9 10 10 10 7 14 7 10 13 11 11 13 12 14 12 13 11 16 14 11 13 9 12 13 14 14 17 16 18 17 14 14 14 15 16 14 16 16 15 17 17 19 13 17 20 17 19 20 18 18 17 22 17 19 20 22 21 21 16 23 20 22 22 20 18 23 24 23 19 22 22 24 22 23 24 25 22 24 24 21 24 24 23 26 26 26 24 27 25 27 27 28 29 24 26 28 28 28 31 30 28 28 26 29 29 33 30 30 27 31 32 27 30 29 32 32 33 28 32 36 33 35 33 30 31 33 35 35 33 34 38 38 32 32 34 36 36 36 37 38 38 38 35 37 40 35 38 39 40 40 42 38 42 35 42 41 40 38 42 41 37 39 42 40 39 42 42 46 41 43 46 45 46 43 44 44 42 43 43 45 44 45 46 45 44 45 46 45 47 46 46 49 47 46 51 47 51 51 48 50 48 48 46 49 52 50 53 50 47 49 50 51 49 51 50 55 51 52 54 51 53 53 53 55 54 53 51 52 57 55 54 54 53 56 57 56 53 54 55 59 55 57 55 57 59 59 58 60 58 59 61 61 57 60 60 58 61 60 56 62 61 60 63 60 62 62 61 61 63 61 64 63 65 63 67 61 64 65 65 63 66 63 66 65 64 66 68 67 66 67 67 71 63 68 70 66 69 65 68 71 68 69 66 68 69 68 69 70 70 70 71 74 73 71 72 72 72 72 74 74 73 69 73 76 70 74 78 73 74 75 72 75 74 76 76 79 76 77 76 78 76 79 76 77 77 80 77 74 77 79 75 80 82 80 80 84 79 80 79 81 79 82 80 82 84 80 79 82 82 84 82 84 83 83 83 85 83 84 85 87 86 81 86 86 88 86 85 88 83 87 83 90 84 90 87 87 88 86 90 90 92 88 90 91 89 90 89 88 89 89 93 91 88 90 94 89 91 95 92 94 95 95 97 97 94 94 91 93 92 93 99 97 93 91 93 96 99 97 96 100 96 96 98 98 99 97 100 99 95 101 97 96 100 97 99 102 98 99 99 104 101 98 100 98 101 102 103 102 103 104 104 100 100 102 101 102 106 103 103 102 106 106 105 106 108 106 108 107 106 108 108 104 105 107 105 107 109 105 110 109 107 109 108 110 109 109 108 110 111 110 113 110 111 114 109 112 112 110 112 113 112 112 115 113 116 115 116 115 111 116 115 111 113 117 118 114 115 115 115 117 114 117 117 113 119 117 118 118 117 120 120 118 119 121 122 119 118 121 120 123 122 121 121 120 121 124 120 122 120 124 125 123 125 121 123 124 127 125 121 126 128 122 125 125 130 125 126 126 124 127 127 126 123 129 126 128 128 130 128 128 131 130 128 127 130 132 130 131 129 130 132 132 127 129 136 133 136 131 131 134 133 134 132 135 133 133 134 132 134 139 135 134 135 131 138 136 135 137 136 137 136 134 138 137 137 140 140 137 140 138 136 139 139 136 139 139 141 140 143 141 143 144 142 140 144 145 142 141 143 143 145 144 146 142 143 144 141 147 144 148 144 141 143 145 146 147 145 142 148 147 146 145 147 150 146 148 147 148 148 147 149 149 151 149 146 151 149 150 151 149 150 151 151 150
0: 0 3 4 11 (21.0)
1: 1 5 6 (18.0)
2: 14 15 17 (17.0)
3: 2 8 13 18 (19.0)
4: 10 16 19 21 28 (17.0)
5: 7 9 12 22 27 29 (18.0)
6: 20 25 26 (20.0)
7: 23 40 42 (22.0)
8: 30 31 32 (21.0)
9: 36 57 (20.0)
10: 24 35 37 38 39 43 (23.0)
11: 33 34 45 46 52 55 (21.0)
12: 48 50 58 (24.0)
13: 44 47 51 56 59 78 (23.0)
14: 41 49 54 60 61 66 67 68 71 (21.0)
15: 69 74 (20.0)
16: 53 63 70 72 73 94 (20.0)
17: 62 65 75 76 79 81 86 88 (21.0)
18: 64 84 85 100 (22.0)
19: 77 82 89 104 (20.0)
20: 80 83 90 96 99 (26.0)
21: 92 93 115 (21.0)
22: 87 91 97 98 105 106 108 112 (24.0)
23: 95 101 103 109 118 (21.0)
24: 102 107 110 113 114 116 117 122 129 (20.0)
25: 111 124 (20.0)
26: 119 120 121 130 138 (20.0)
27: 123 125 126 144 147 (23.0)
28: 127 131 132 133 136 137 153 (24.0)
29: 128 139 140 149 (21.0)
30: 135 142 143 148 159 (24.0)
31: 134 145 160 (20.0)
32: 146 150 151 154 168 169 (23.0)
33: 141 152 156 158 161 164 (22.0)
34: 165 170 (20.0)
35: 157 162 163 178 181 189 (20.0)
36: 155 171 172 173 (21.0)
37: 174 179 196 (21.0)
38: 166 167 175 176 177 182 187 193 (17.0)
39: 183 197 200 (20.0)
40: 180 184 185 192 199 (22.0)
41: 191 195 204 (23.0)
42: 186 188 190 194 198 201 202 212 (22.0)
43: 205 209 213 214 (26.0)
44: 210 211 216 220 (22.0)
45: 207 215 217 219 221 223 (24.0)
46: 203 206 208 218 222 225 226 229 238 (20.0)
47: 224 228 231 244 (27.0)
48: 234 236 237 (21.0)
49: 227 239 245 248 (21.0)
50: 235 241 243 246 250 (27.0)
51: 230 232 233 247 249 252 255 262 (25.0)
52: 240 253 263 (20.0)
53: 242 256 257 258 261 268 272 (21.0)
54: 254 260 266 267 273 (22.0)
55: 251 259 265 274 276 278 (23.0)
56: 269 271 294 (20.0)
57: 264 270 277 279 288 (25.0)
58: 282 284 291 (23.0)
59: 275 280 281 285 (25.0)
60: 283 289 290 293 297 299 (24.0)
61: 286 287 292 296 302 303 305 311 (25.0)
62: 295 300 301 (23.0)
63: 298 304 307 309 315 317 328 (24.0)
64: 306 312 320 (22.0)
65: 308 313 314 319 333 (25.0)
66: 316 318 321 324 331 338 (22.0)
67: 310 323 325 326 (25.0)
68: 322 329 334 336 339 341 (26.0)
69: 332 337 340 342 357 (24.0)
70: 330 343 344 345 360 (30.0)
71: 327 335 346 349 (22.0)
72: 350 351 352 353 366 (24.0)
73: 348 356 358 363 (22.0)
74: 347 354 355 361 364 368 383 (23.0)
75: 365 367 386 (23.0)
76: 359 369 370 372 374 376 378 (27.0)
77: 373 379 380 382 384 (29.0)
78: 362 375 (23.0)
79: 371 377 385 392 394 396 402 (29.0)
80: 381 387 389 390 393 398 401 (29.0)
81: 395 417 (20.0)
82: 388 397 399 403 404 406 (26.0)
83: 408 409 410 412 424 426 (26.0)
84: 391 400 405 407 413 428 (29.0)
85: 411 414 422 (30.0)
86: 416 418 419 421 433 (29.0)
87: 415 425 430 431 (25.0)
88: 420 423 432 437 443 448 (26.0)
89: 440 442 444 445 451 (25.0)
90: 427 429 434 435 438 441 449 (29.0)
91: 439 447 452 462 469 (26.0)
92: 436 454 464 (28.0)
93: 446 463 465 468 470 (30.0)
94: 450 455 460 461 (31.0)
95: 453 456 457 484 (27.0)
96: 471 474 476 477 487 (25.0)
97: 458 459 467 473 481 486 489 (27.0)
98: 478 479 492 497 499 (24.0)
99: 466 472 480 483 490 493 494 (30.0)
100: 475 482 488 498 507 508 (23.0)
101: 485 496 500 510 (25.0)
102: 491 501 503 509 511 515 (30.0)
103: 502 504 513 514 (25.0)
104: 495 505 506 527 (30.0)
105: 518 528 530 533 (25.0)
106: 512 516 517 519 521 524 (28.0)
107: 523 529 531 536 (30.0)
108: 520 522 525 526 538 542 (28.0)
109: 532 535 537 540 541 550 (28.0)
110: 534 539 543 545 547 553 (23.0)
111: 544 548 564 567 (25.0)
112: 551 552 554 556 557 (26.0)
113: 546 555 559 568 579 (30.0)
114: 549 571 576 (24.0)
115: 558 561 563 566 572 573 574 (28.0)
116: 560 562 565 (30.0)
117: 569 575 577 578 581 584 (30.0)
118: 570 582 583 587 592 (29.0)
119: 580 588 591 (30.0)
120: 585 586 594 599 602 604 (30.0)
121: 589 593 597 598 600 609 614 (28.0)
122: 590 596 603 617 (30.0)
123: 595 607 610 628 (27.0)
124: 601 605 611 624 (29.0)
125: 606 608 613 618 619 621 (24.0)
126: 615 622 623 627 630 (29.0)
127: 612 625 626 639 648 (24.0)
128: 616 631 632 634 635 638 (29.0)
129: 629 644 649 (32.0)
130: 620 633 637 640 642 645 (30.0)
131: 636 643 653 654 669 (30.0)
132: 641 646 647 658 663 (29.0)
133: 651 656 660 661 (26.0)
134: 655 657 662 664 667 677 (26.0)
135: 659 666 668 672 (30.0)
136: 650 652 671 674 676 686 689 (25.0)
137: 673 675 679 680 683 (30.0)
138: 670 678 685 (30.0)
139: 665 687 688 690 691 (30.0)
140: 681 682 684 693 699 (34.0)
141: 692 695 703 712 717 (30.0)
142: 698 702 709 723 (30.0)
143: 694 696 704 705 710 718 (30.0)
144: 697 700 707 711 714 716 (31.0)
145: 701 706 719 722 727 (30.0)
146: 708 720 726 730 740 (32.0)
147: 713 721 725 728 732 735 (32.0)
148: 715 724 731 733 734 (30.0)
149: 736 737 739 742 745 (30.0)
150: 729 743 746 749 (30.0)
151: 738 741 744 747 748 (27.0)
