Name: 750-50-100
Time: 23.542739629745483 
Result: 13056
Solution:  0 2 0 2 1 2 3 1 1 3 2 3 3 0 3 5 0 6 3 2 7 5 5 7 3 6 5 8 9 7 7 7 8 6 10 6 9 12 9 10 10 10 7 11 12 12 10 8 11 12 13 11 13 13 14 12 16 16 13 15 15 14 17 16 17 16 14 13 18 18 14 18 18 16 18 21 17 17 17 21 22 17 20 19 22 24 18 19 21 23 26 19 25 24 24 22 20 24 24 23 24 22 24 24 25 28 27 27 27 23 28 27 27 27 28 26 26 28 24 29 27 33 28 25 29 28 27 30 32 30 31 31 34 29 29 33 31 30 29 33 31 34 33 36 36 35 32 34 33 32 34 35 32 35 38 38 37 40 35 37 38 36 39 37 36 34 40 40 37 40 42 37 39 40 39 37 42 40 40 41 40 39 40 40 38 40 40 41 42 43 41 44 43 41 43 43 41 41 44 44 46 45 47 45 45 46 45 44 46 48 50 43 46 48 47 46 45 48 47 49 48 51 47 50 48 51 51 53 49 50 48 51 52 53 51 55 52 52 53 49 54 53 52 53 52 54 54 51 52 52 59 51 54 55 52 58 58 58 55 55 57 61 55 57 57 58 60 57 60 56 60 56 57 60 57 63 59 61 60 60 65 63 59 63 62 62 66 63 61 61 62 63 62 64 63 63 64 64 64 64 65 66 65 65 63 65 67 63 62 68 68 66 68 70 65 68 67 68 68 69 67 68 70 69 70 72 69 73 72 73 68 69 69 71 71 70 73 70 71 72 74 70 72 72 74 75 74 75 75 73 76 76 76 73 75 79 77 76 75 76 76 80 77 77 79 80 74 77 78 82 81 79 79 77 78 82 82 79 81 80 83 81 84 81 78 80 81 82 82 81 81 83 86 79 87 84 87 84 86 87 85 89 86 86 85 86 83 87 87 85 87 87 88 87 84 90 88 89 92 86 87 89 85 89 90 88 90 93 91 88 92 90 90 89 91 89 93 94 96 90 95 93 92 92 92 92 92 90 93 94 96 95 94 94 98 96 97 94 94 96 94 100 97 95 96 98 97 97 100 97 98 96 100 101 99 99 99 101 101 100 102 101 101 103 102 102 102 101 103 100 102 102 103 104 105 104 104 105 104 107 104 103 108 107 106 107 106 106 105 105 108 106 107 104 107 104 109 109 105 109 113 110 110 108 110 111 112 113 109 113 110 111 110 112 110 115 112 110 114 110 114 112 112 114 111 113 110 111 114 114 116 115 116 113 112 117 116 113 119 115 118 117 117 118 116 120 120 117 119 118 119 117 117 122 117 119 121 121 123 118 121 119 120 123 121 121 123 124 120 126 124 120 126 120 125 122 123 126 125 122 127 125 126 123 124 128 125 125 124 126 127 129 127 129 126 129 128 129 127 125 128 130 127 126 128 129 132 133 130 131 132 132 134 130 134 132 133 133 131 131 133 131 136 137 130 135 131 134 135 132 134 135 139 133 133 136 136 136 136 136 137 137 138 139 139 138 138 141 136 138 139 139 138 138 135 142 139 139 140 140 140 139 139 140 140 144 142 141 142 141 143 145 141 143 145 144 144 142 143 145 145 144 143 146 145 145 146 147 145 146 147 147 144 149 147 148 148 146 151 145 149 148 148 149 149 149 146 150 150 150 151 154 151 153 151 154 154 154 152 150 152 150 154 149 153 153 154 154 152 153
0: 0 2 13 16 (53.0)
1: 4 7 8 (51.0)
2: 1 3 5 10 19 (57.0)
3: 6 9 11 12 14 18 24 (63.0)
4: (0.0)
5: 15 21 22 26 (52.0)
6: 17 25 33 35 (53.0)
7: 20 23 29 30 31 42 (82.0)
8: 27 32 47 (59.0)
9: 28 36 38 (56.0)
10: 34 39 40 41 46 (45.0)
11: 43 48 51 (53.0)
12: 37 44 45 49 55 (51.0)
13: 50 52 53 58 67 (52.0)
14: 54 61 66 70 (52.0)
15: 59 60 (55.0)
16: 56 57 63 65 73 (55.0)
17: 62 64 76 77 78 81 (70.0)
18: 68 69 71 72 74 86 (61.0)
19: 83 87 91 (62.0)
20: 82 96 (51.0)
21: 75 79 88 (61.0)
22: 80 84 95 101 (45.0)
23: 89 99 109 (51.0)
24: 85 93 94 97 98 100 102 103 118 (49.0)
25: 92 104 123 (55.0)
26: 90 115 116 (56.0)
27: 106 107 108 111 112 113 120 126 (55.0)
28: 105 110 114 117 122 125 (59.0)
29: 119 124 133 134 138 (55.0)
30: 127 129 137 (54.0)
31: 130 131 136 140 (59.0)
32: 128 146 149 152 (55.0)
33: 121 135 139 142 148 (57.0)
34: 132 141 147 150 165 (94.0)
35: 145 151 153 158 (57.0)
36: 143 144 161 164 (58.0)
37: 156 159 163 168 171 175 (58.0)
38: 154 155 160 184 (53.0)
39: 162 172 174 181 (54.0)
40: 157 166 167 169 173 177 178 180 182 183 185 186 (51.0)
41: 179 187 190 193 196 197 (63.0)
42: 170 176 188 (58.0)
43: 189 192 194 195 211 (57.0)
44: 191 198 199 207 (60.0)
45: 201 203 204 206 216 (66.0)
46: 200 205 208 212 215 (74.0)
47: 202 214 218 222 (59.0)
48: 209 213 217 220 224 230 (58.0)
49: 219 228 239 (66.0)
50: 210 223 229 (62.0)
51: 221 225 226 231 234 247 251 (63.0)
52: 232 236 237 242 244 248 249 254 (58.0)
53: 227 233 238 241 243 (65.0)
54: 240 245 246 252 (75.0)
55: 235 253 258 259 262 (56.0)
56: 269 271 (53.0)
57: 260 263 264 267 272 274 (74.0)
58: 255 256 257 265 (59.0)
59: 250 276 282 (62.0)
60: 266 268 270 273 278 279 (52.0)
61: 261 277 288 289 (60.0)
62: 284 285 290 292 308 (88.0)
63: 275 281 283 287 291 294 295 304 307 (93.0)
64: 293 296 297 298 299 (72.0)
65: 280 300 302 303 305 314 (82.0)
66: 286 301 311 (63.0)
67: 306 316 320 (65.0)
68: 309 310 312 315 317 318 321 330 (88.0)
69: 319 323 326 331 332 (59.0)
70: 313 322 324 335 337 341 (58.0)
71: 333 334 338 (58.0)
72: 325 328 339 342 343 (62.0)
73: 327 329 336 349 353 (97.0)
74: 340 344 346 366 (77.0)
75: 345 347 348 354 358 (66.0)
76: 350 351 352 357 359 360 (91.0)
77: 356 362 363 367 373 (59.0)
78: 368 374 384 (71.0)
79: 355 364 371 372 377 393 (69.0)
80: 361 365 379 385 (64.0)
81: 370 378 381 383 386 389 390 (84.0)
82: 369 375 376 387 388 (62.0)
83: 380 391 406 (68.0)
84: 382 395 397 414 (83.0)
85: 400 404 409 422 (99.0)
86: 392 398 402 403 405 419 (88.0)
87: 394 396 399 407 408 410 411 413 420 (94.0)
88: 412 416 425 429 (52.0)
89: 401 417 421 423 433 435 (86.0)
90: 415 424 426 431 432 439 447 (62.0)
91: 428 434 (61.0)
92: 418 430 442 443 444 445 446 (71.0)
93: 427 436 441 448 (70.0)
94: 437 449 452 453 457 458 460 (86.0)
95: 440 451 463 (71.0)
96: 438 450 455 459 464 471 (94.0)
97: 456 462 466 467 469 (69.0)
98: 454 465 470 (100.0)
99: 474 475 476 (59.0)
100: 461 468 472 479 489 (67.0)
101: 473 477 478 481 482 487 (66.0)
102: 480 484 485 486 490 491 (79.0)
103: 483 488 492 501 (63.0)
104: 493 495 496 498 500 513 515 (101.0)
105: 494 497 508 509 518 (66.0)
106: 504 506 507 511 (56.0)
107: 499 503 505 512 514 (100.0)
108: 502 510 523 (100.0)
109: 516 517 519 528 (73.0)
110: 521 522 524 530 532 534 537 539 546 (90.0)
111: 525 531 544 547 (71.0)
112: 526 533 536 541 542 554 (100.0)
113: 520 527 529 545 553 557 (97.0)
114: 538 540 543 548 549 (100.0)
115: 535 551 559 (98.0)
116: 550 552 556 564 (63.0)
117: 555 561 562 567 571 572 574 (78.0)
118: 560 563 569 579 (100.0)
119: 558 568 570 575 581 (89.0)
120: 565 566 582 588 591 593 (89.0)
121: 576 577 580 584 585 (76.0)
122: 573 595 599 (74.0)
123: 578 583 586 596 603 (84.0)
124: 587 590 604 608 (91.0)
125: 594 598 601 606 607 619 (100.0)
126: 589 592 597 602 609 614 623 (81.0)
127: 600 610 612 618 622 (72.0)
128: 605 616 620 624 (95.0)
129: 611 613 615 617 625 (80.0)
130: 621 628 633 644 (95.0)
131: 629 638 639 641 646 (91.0)
132: 626 630 631 635 649 (90.0)
133: 627 636 637 640 653 654 (100.0)
134: 632 634 647 650 (99.0)
135: 645 648 651 674 (100.0)
136: 642 655 656 657 658 659 668 (97.0)
137: 643 660 661 (75.0)
138: 662 665 666 669 672 673 (84.0)
139: 652 663 664 670 671 676 677 681 682 (82.0)
140: 678 679 680 683 684 (100.0)
141: 667 687 689 692 (97.0)
142: 675 686 688 697 (101.0)
143: 690 693 698 702 (97.0)
144: 685 695 696 701 712 (100.0)
145: 691 694 699 700 704 705 708 719 (100.0)
146: 703 706 709 717 726 (95.0)
147: 707 710 711 714 (100.0)
148: 715 716 721 722 (80.0)
149: 713 720 723 724 725 743 (100.0)
150: 727 728 729 739 741 (97.0)
151: 718 730 732 734 (99.0)
152: 738 740 748 (95.0)
153: 733 744 745 749 (89.0)
154: 731 735 736 737 742 746 747 (78.0)
