Name: 750-20-30
Time: 22.83599019050598 
Result: 37024
Solution:  0 0 4 1 0 1 1 0 3 2 5 2 0 2 4 2 4 2 3 4 5 6 4 5 10 7 10 10 8 8 3 7 9 8 9 10 6 10 9 10 12 11 9 8 11 8 11 12 13 8 13 11 12 11 14 17 13 11 14 16 14 13 12 10 12 17 17 16 11 15 16 17 17 17 15 17 20 19 16 17 14 18 18 18 18 19 18 22 17 19 20 22 18 20 21 19 20 24 21 20 24 22 21 22 20 21 22 23 21 23 23 27 23 22 24 25 26 22 22 23 26 28 28 26 25 28 26 29 27 24 28 24 29 28 25 27 29 29 29 30 26 32 26 31 29 30 33 33 29 31 32 33 33 33 34 30 32 35 33 33 35 31 36 38 34 32 38 38 33 37 34 39 36 36 35 37 38 35 36 36 38 35 38 40 41 39 42 38 39 37 36 40 39 38 39 45 38 39 42 40 41 38 43 46 42 41 44 42 44 43 45 45 42 41 44 45 42 46 47 44 48 47 48 45 43 47 48 47 46 44 51 48 46 51 49 49 48 48 47 47 48 50 51 47 48 51 51 51 54 50 52 51 50 52 53 55 54 50 54 52 58 56 53 55 55 55 54 53 57 53 60 59 56 56 54 60 57 57 57 60 58 56 59 58 56 59 58 61 58 57 58 62 61 61 57 64 61 65 63 57 65 62 62 61 61 63 61 63 63 63 64 62 63 63 62 63 67 63 65 68 65 64 66 64 66 68 67 68 66 65 71 67 69 67 68 73 70 66 67 67 69 67 71 70 70 73 70 69 71 71 72 71 72 74 74 69 73 74 73 72 75 75 72 74 74 75 72 76 74 76 77 76 75 76 77 78 76 75 80 77 76 79 78 74 78 78 77 79 79 80 80 82 80 82 79 81 79 79 80 83 83 82 81 85 82 84 82 82 85 82 83 83 83 84 84 87 86 81 85 86 84 85 86 86 85 87 85 88 87 88 88 87 88 91 91 93 86 88 91 90 92 88 92 87 90 89 89 90 95 93 96 90 91 93 92 89 93 93 93 91 94 91 96 94 94 97 99 96 92 93 95 96 95 93 95 100 95 94 98 98 101 98 102 95 97 99 101 96 99 96 98 103 98 101 100 99 104 100 103 100 102 101 103 102 101 103 104 102 100 102 106 101 105 103 106 107 103 103 106 104 108 106 109 109 106 108 103 103 107 105 105 112 110 107 108 105 109 108 108 105 109 110 108 110 111 110 108 110 110 111 111 112 113 111 113 112 114 110 113 115 114 114 113 113 111 116 112 111 118 114 118 116 120 115 117 117 114 117 118 113 115 117 117 122 118 119 120 119 120 119 119 121 122 123 120 122 117 125 121 121 118 119 120 122 120 123 121 123 124 119 124 124 124 121 121 126 123 126 128 126 127 124 127 126 125 129 128 126 125 127 125 129 130 130 128 132 129 129 128 132 131 130 131 129 128 132 131 130 129 134 131 132 132 136 134 135 133 131 135 133 133 133 134 137 131 138 136 135 135 131 136 136 138 134 136 139 137 135 138 137 135 140 137 137 139 139 139 141 138 138 140 140 140 141 141 142 143 144 142 140 145 141 145 142 141 145 145 143 144 142 143 143 146 143 144 146 143 141 147 144 143 148 146 144 146 148 150 145 147 148 147 148 147 151 149 146 149 150 147 151 147 151 148 150 149 149 151 151 149 150
0: 0 1 4 7 12 (18.0)
1: 3 5 6 (24.0)
2: 9 11 13 15 17 (21.0)
3: 8 18 30 (21.0)
4: 2 14 16 19 22 (22.0)
5: 10 20 23 (20.0)
6: 21 36 (11.0)
7: 25 31 (20.0)
8: 28 29 33 43 45 49 (18.0)
9: 32 34 38 42 (21.0)
10: 24 26 27 35 37 39 63 (20.0)
11: 41 44 46 51 53 57 68 (20.0)
12: 40 47 52 62 64 (20.0)
13: 48 50 56 61 (26.0)
14: 54 58 60 80 (22.0)
15: 69 74 (20.0)
16: 59 67 70 78 (23.0)
17: 55 65 66 71 72 73 75 79 88 (25.0)
18: 81 82 83 84 86 92 (23.0)
19: 77 85 89 95 (22.0)
20: 76 90 93 96 99 104 (22.0)
21: 94 98 102 105 108 (20.0)
22: 87 91 101 103 106 113 117 118 (18.0)
23: 107 109 110 112 119 (20.0)
24: 97 100 114 129 131 (21.0)
25: 115 124 134 (26.0)
26: 116 120 123 126 140 142 (19.0)
27: 111 128 135 (22.0)
28: 121 122 125 130 133 (22.0)
29: 127 132 136 137 138 144 148 (20.0)
30: 139 145 155 (23.0)
31: 143 149 161 (21.0)
32: 141 150 156 165 (23.0)
33: 146 147 151 152 153 158 159 168 (20.0)
34: 154 164 170 (24.0)
35: 157 160 174 177 181 (21.0)
36: 162 172 173 178 179 190 (25.0)
37: 169 175 189 (22.0)
38: 163 166 167 176 180 182 187 193 196 201 (20.0)
39: 171 185 188 192 194 197 (21.0)
40: 183 191 199 (20.0)
41: 184 200 205 213 (21.0)
42: 186 198 204 207 212 216 (23.0)
43: 202 209 224 (21.0)
44: 206 208 214 219 229 (22.0)
45: 195 210 211 215 223 (24.0)
46: 203 217 228 232 (22.0)
47: 218 221 225 227 238 239 243 (21.0)
48: 220 222 226 231 236 237 240 244 (27.0)
49: 234 235 (20.0)
50: 241 249 252 257 (21.0)
51: 230 233 242 245 246 247 251 (20.0)
52: 250 253 259 (22.0)
53: 254 262 267 269 (20.0)
54: 248 256 258 266 274 (21.0)
55: 255 263 264 265 (23.0)
56: 261 272 273 281 284 (21.0)
57: 268 276 277 278 289 294 299 (26.0)
58: 260 280 283 286 288 290 (20.0)
59: 271 282 285 (23.0)
60: 270 275 279 (24.0)
61: 287 292 293 296 303 304 306 (29.0)
62: 291 301 302 311 314 (23.0)
63: 298 305 307 308 309 312 313 315 317 (27.0)
64: 295 310 321 323 (24.0)
65: 297 300 318 320 329 (30.0)
66: 322 324 328 337 (22.0)
67: 316 326 331 333 338 339 341 (25.0)
68: 319 325 327 334 (29.0)
69: 332 340 347 355 (21.0)
70: 336 343 344 346 (24.0)
71: 330 342 348 349 351 (29.0)
72: 350 352 359 362 366 (26.0)
73: 335 345 356 358 (23.0)
74: 353 354 357 363 364 368 383 (21.0)
75: 360 361 365 372 377 (25.0)
76: 367 369 371 373 376 380 (30.0)
77: 370 374 379 386 (28.0)
78: 375 382 384 385 (23.0)
79: 381 387 388 394 396 397 (23.0)
80: 378 389 390 392 398 (24.0)
81: 395 402 417 (22.0)
82: 391 393 401 404 406 407 409 (24.0)
83: 399 400 410 411 412 (26.0)
84: 405 413 414 420 (31.0)
85: 403 408 418 421 424 426 (30.0)
86: 416 419 422 423 436 (26.0)
87: 415 425 428 431 443 (26.0)
88: 427 429 430 432 437 441 (29.0)
89: 445 446 455 (22.0)
90: 439 444 447 451 (24.0)
91: 433 434 438 452 459 461 (29.0)
92: 440 442 454 468 (30.0)
93: 435 449 453 456 457 458 469 473 (28.0)
94: 460 463 464 477 (30.0)
95: 448 470 472 474 476 483 (30.0)
96: 450 462 467 471 487 489 (26.0)
97: 465 484 (31.0)
98: 478 479 481 490 492 (28.0)
99: 466 485 488 495 (30.0)
100: 475 494 497 499 508 (24.0)
101: 480 486 493 501 504 511 (30.0)
102: 482 500 503 507 509 (22.0)
103: 491 498 502 505 513 516 517 526 527 (20.0)
104: 496 506 519 (24.0)
105: 512 529 530 535 539 (27.0)
106: 510 514 518 521 524 (29.0)
107: 515 528 533 (22.0)
108: 520 525 534 537 538 542 546 (30.0)
109: 522 523 536 540 (25.0)
110: 532 541 543 545 547 548 557 (30.0)
111: 544 549 550 553 564 567 (25.0)
112: 531 551 555 566 (25.0)
113: 552 554 558 562 563 579 (34.0)
114: 556 560 561 569 576 (30.0)
115: 559 573 580 (35.0)
116: 565 571 (30.0)
117: 574 575 577 581 582 596 (30.0)
118: 568 570 578 584 600 (25.0)
119: 585 587 589 590 601 609 (30.0)
120: 572 586 588 594 602 604 (32.0)
121: 591 598 599 606 613 614 (26.0)
122: 583 592 595 603 (27.0)
123: 593 605 607 616 (23.0)
124: 608 610 611 612 621 (28.0)
125: 597 624 628 630 (26.0)
126: 615 617 619 623 627 (28.0)
127: 620 622 629 (27.0)
128: 618 626 634 638 644 (32.0)
129: 625 631 636 637 643 648 (24.0)
130: 632 633 641 647 (30.0)
131: 640 642 646 650 657 664 669 (30.0)
132: 635 639 645 651 652 (30.0)
133: 656 659 660 661 (30.0)
134: 649 654 662 673 (24.0)
135: 655 658 667 668 677 680 (30.0)
136: 653 666 670 671 674 (26.0)
137: 663 676 679 682 683 (30.0)
138: 665 672 678 688 689 (30.0)
139: 675 684 685 686 (30.0)
140: 681 690 691 692 699 (30.0)
141: 687 693 694 701 704 717 (30.0)
142: 695 698 703 709 (30.0)
143: 696 707 710 711 713 716 720 (30.0)
144: 697 708 714 719 723 (30.0)
145: 700 702 705 706 727 (31.0)
146: 712 715 722 724 735 (29.0)
147: 718 728 730 732 738 740 (30.0)
148: 721 725 729 731 742 (30.0)
149: 734 736 744 745 748 (32.0)
150: 726 737 743 749 (33.0)
151: 733 739 741 746 747 (28.0)
