Name: 750-20-30
Time: 44.9613995552063 
Result: 20
Solution:  0 0 1 1 1 0 1 1 2 5 5 4 2 2 4 1 4 3 2 4 6 5 3 3 6 6 9 7 4 5 5 7 9 6 8 9 8 11 8 10 7 11 7 10 12 11 11 10 10 11 12 11 14 11 14 14 13 13 12 17 13 12 17 11 14 17 17 16 11 15 14 16 16 16 16 16 20 17 15 18 22 17 18 18 18 21 17 20 21 19 20 17 19 20 20 18 20 25 23 17 19 23 18 20 24 23 26 23 24 21 23 22 23 27 23 25 24 27 25 26 26 28 28 27 24 27 28 29 29 25 28 29 29 27 26 27 30 29 28 28 29 30 33 31 27 31 33 30 31 30 32 33 35 30 30 34 33 35 33 33 34 33 35 35 31 32 35 35 32 37 39 34 35 35 36 39 35 35 35 36 39 36 42 38 38 39 40 40 40 37 37 42 40 40 42 44 41 40 42 41 38 40 40 42 41 43 40 42 46 43 44 45 42 40 45 45 46 43 42 45 44 46 47 46 47 46 48 48 47 46 48 48 50 51 49 51 49 48 47 53 48 49 51 50 48 52 50 50 53 50 52 51 50 52 56 55 52 55 51 54 55 57 50 51 54 55 55 57 53 54 56 53 55 56 60 57 57 57 57 59 60 56 59 60 58 61 60 57 62 58 57 59 62 60 56 63 58 62 62 63 61 64 62 64 60 62 65 63 63 59 67 64 64 64 66 62 68 64 65 68 65 64 67 64 67 69 67 69 63 64 70 64 68 66 68 73 70 66 66 69 69 67 71 70 70 73 74 73 74 72 72 71 71 76 73 71 73 69 73 72 71 73 74 73 74 75 74 75 75 75 76 78 75 76 77 76 76 76 80 77 79 78 78 79 77 79 77 79 80 79 80 82 78 80 80 81 81 80 82 81 83 84 81 84 82 82 82 82 83 86 86 84 83 84 87 85 84 86 86 85 84 84 85 87 84 89 83 88 86 88 87 85 88 90 91 90 86 88 88 89 91 87 89 90 89 88 89 91 92 95 95 94 93 94 92 90 93 96 94 96 94 91 91 94 92 93 94 94 98 96 93 96 94 97 97 96 97 95 98 98 99 97 98 94 99 97 100 98 102 100 100 96 98 100 99 101 104 98 102 100 101 103 103 102 101 102 104 104 102 102 103 106 105 107 108 103 102 106 109 104 108 107 108 106 106 108 103 107 107 104 109 105 109 105 111 105 106 110 108 109 111 110 110 111 107 110 113 107 110 114 111 112 113 112 112 109 117 111 113 115 114 115 113 113 113 117 113 112 113 114 114 116 120 116 115 117 114 121 118 113 116 117 120 118 118 120 119 119 118 118 119 118 122 119 120 123 121 123 120 120 119 120 121 122 122 124 124 126 125 121 123 124 121 125 121 123 123 125 127 125 127 128 125 125 124 126 126 126 129 129 127 128 129 129 128 131 132 131 128 133 131 133 130 131 128 132 131 130 128 130 136 132 134 129 133 134 133 134 131 135 132 135 134 137 137 139 133 135 139 133 136 139 137 135 134 137 136 134 138 138 135 140 140 138 141 136 135 140 140 140 137 142 142 139 140 143 139 144 139 145 143 144 138 142 142 140 145 144 145 141 147 144 143 148 144 144 146 142 146 145 142 146 147 147 143 148 149 148 145 146 151 147 147 150 148 147 149 149 147 149 146 151 148 150 150 148 151 150 149 151
0: 0 1 5 (23.0)
1: 2 3 4 6 7 15 (22.0)
2: 8 12 13 18 (21.0)
3: 17 22 23 (19.0)
4: 11 14 16 19 28 (24.0)
5: 9 10 21 29 30 (19.0)
6: 20 24 25 33 (22.0)
7: 27 31 40 42 (19.0)
8: 34 36 38 (20.0)
9: 26 32 35 (16.0)
10: 39 43 47 48 (20.0)
11: 37 41 45 46 49 51 53 63 68 (14.0)
12: 44 50 58 61 (21.0)
13: 56 57 60 (23.0)
14: 52 54 55 64 70 (23.0)
15: 69 78 (21.0)
16: 67 71 72 73 74 75 (20.0)
17: 59 62 65 66 77 81 86 91 99 (20.0)
18: 79 82 83 84 95 102 (23.0)
19: 89 92 100 (21.0)
20: 76 87 90 93 94 96 103 (19.0)
21: 85 88 109 (20.0)
22: 80 111 (20.0)
23: 98 101 105 107 110 112 114 (21.0)
24: 104 108 116 124 (21.0)
25: 97 115 118 129 (20.0)
26: 106 119 120 134 (21.0)
27: 113 117 123 125 133 135 144 (30.0)
28: 121 122 126 130 138 139 (20.0)
29: 127 128 131 132 137 140 (21.0)
30: 136 141 147 149 153 154 (26.0)
31: 143 145 148 164 (24.0)
32: 150 165 168 (22.0)
33: 142 146 151 156 158 159 161 (20.0)
34: 155 160 171 (21.0)
35: 152 157 162 163 166 167 172 173 176 177 178 (19.0)
36: 174 179 181 (20.0)
37: 169 189 190 (23.0)
38: 183 184 200 (20.0)
39: 170 175 180 185 (23.0)
40: 186 187 188 192 193 197 201 202 206 213 (20.0)
41: 196 199 204 (21.0)
42: 182 191 194 198 203 207 212 218 (20.0)
43: 205 209 217 (23.0)
44: 195 210 220 (22.0)
45: 211 214 215 219 (22.0)
46: 208 216 221 223 225 229 (21.0)
47: 222 224 228 238 (25.0)
48: 226 227 230 231 237 240 244 (23.0)
49: 234 236 241 (23.0)
50: 232 243 246 247 249 252 262 (20.0)
51: 233 235 242 251 258 263 (23.0)
52: 245 250 253 256 (24.0)
53: 239 248 268 271 (22.0)
54: 259 264 269 (21.0)
55: 255 257 260 265 266 272 (26.0)
56: 254 270 273 281 294 (26.0)
57: 261 267 275 276 277 278 287 290 (29.0)
58: 284 289 296 (22.0)
59: 279 282 291 309 (24.0)
60: 274 280 283 286 293 304 (21.0)
61: 285 300 (22.0)
62: 288 292 297 298 302 305 315 (20.0)
63: 295 299 307 308 328 (25.0)
64: 301 303 311 312 313 317 321 323 329 331 (19.0)
65: 306 318 320 (24.0)
66: 314 333 337 338 (22.0)
67: 310 322 324 326 341 (24.0)
68: 316 319 332 334 (26.0)
69: 325 327 339 340 357 (30.0)
70: 330 336 343 344 (26.0)
71: 342 351 352 355 360 (23.0)
72: 349 350 359 (21.0)
73: 335 345 347 354 356 358 361 363 (30.0)
74: 346 348 362 364 366 (26.0)
75: 365 367 368 369 372 (30.0)
76: 353 370 373 375 376 377 (29.0)
77: 374 379 384 386 (30.0)
78: 371 381 382 392 (22.0)
79: 380 383 385 387 389 (25.0)
80: 378 388 390 393 394 397 (21.0)
81: 395 396 399 402 (24.0)
82: 391 398 404 405 406 407 (23.0)
83: 400 408 412 426 (24.0)
84: 401 403 411 413 416 420 421 424 (27.0)
85: 415 419 422 431 (25.0)
86: 409 410 417 418 428 436 (26.0)
87: 414 423 430 441 (30.0)
88: 427 429 432 437 438 445 (30.0)
89: 425 439 442 444 446 (30.0)
90: 433 435 443 455 (30.0)
91: 434 440 447 461 462 (30.0)
92: 448 454 464 (30.0)
93: 452 456 465 470 (24.0)
94: 451 453 458 460 463 466 467 472 483 (26.0)
95: 449 450 477 (24.0)
96: 457 459 469 471 475 491 (22.0)
97: 473 474 476 481 485 (27.0)
98: 468 478 479 482 487 492 497 (28.0)
99: 480 484 494 (27.0)
100: 486 489 490 493 499 (30.0)
101: 495 500 504 (30.0)
102: 488 498 503 505 508 509 516 (26.0)
103: 501 502 510 515 526 (23.0)
104: 496 506 507 519 529 (30.0)
105: 512 531 533 535 (28.0)
106: 511 517 523 524 536 (28.0)
107: 513 521 527 528 544 547 (30.0)
108: 514 520 522 525 538 (30.0)
109: 518 530 532 539 555 (23.0)
110: 537 541 542 545 548 (30.0)
111: 534 540 543 550 557 (22.0)
112: 551 553 554 567 (24.0)
113: 546 552 558 562 563 564 566 568 579 (23.0)
114: 549 560 569 570 576 (29.0)
115: 559 561 574 (30.0)
116: 571 573 580 (32.0)
117: 556 565 575 581 (31.0)
118: 578 583 584 588 589 591 (30.0)
119: 586 587 590 593 600 (30.0)
120: 572 582 585 594 598 599 601 (25.0)
121: 577 596 602 609 612 614 (26.0)
122: 592 603 604 (30.0)
123: 595 597 610 615 616 (28.0)
124: 605 606 611 624 (30.0)
125: 608 613 617 619 622 623 (28.0)
126: 607 625 626 627 (24.0)
127: 618 620 630 (28.0)
128: 621 631 634 638 644 648 (29.0)
129: 628 629 632 633 653 (28.0)
130: 642 647 649 (21.0)
131: 635 637 640 643 646 658 (29.0)
132: 636 645 651 660 (27.0)
133: 639 641 654 656 666 669 (30.0)
134: 652 655 657 662 674 677 (27.0)
135: 659 661 667 673 680 686 (31.0)
136: 650 670 676 685 (32.0)
137: 663 664 672 675 690 (30.0)
138: 678 679 683 702 (31.0)
139: 665 668 671 693 696 698 (31.0)
140: 681 682 687 688 689 694 705 (33.0)
141: 684 709 (31.0)
142: 691 692 703 704 717 720 (30.0)
143: 695 700 712 724 (30.0)
144: 697 701 707 711 714 715 (30.0)
145: 699 706 708 719 728 (30.0)
146: 716 718 721 729 740 (29.0)
147: 710 722 723 731 732 735 738 (31.0)
148: 713 725 727 734 742 745 (30.0)
149: 726 736 737 739 748 (34.0)
150: 733 743 744 747 (30.0)
151: 730 741 746 749 (26.0)
