Name: 750-50-100
Time: 23.163219451904297 
Result: 29063
Solution:  1 2 0 4 2 1 1 0 3 1 2 3 3 1 3 2 4 4 3 0 9 6 3 5 4 7 6 8 9 7 9 6 7 7 7 8 8 6 11 9 10 9 12 7 11 11 12 10 12 11 12 13 13 12 14 12 16 15 13 15 17 16 16 16 14 16 15 14 17 18 14 17 19 18 19 18 19 16 19 20 22 17 20 21 20 25 18 22 20 23 26 19 21 25 25 24 22 25 23 24 25 24 25 25 28 26 25 24 25 23 27 27 27 27 26 28 29 29 25 30 30 28 29 25 27 30 30 30 29 32 27 31 33 30 30 32 29 31 29 34 33 31 33 30 36 34 31 34 32 33 35 34 32 36 38 35 37 36 36 37 33 35 38 38 34 37 40 36 38 38 40 38 39 38 39 36 42 38 43 42 38 41 43 42 39 38 39 41 41 41 43 43 45 44 43 43 43 42 42 40 45 44 47 46 45 46 48 46 46 49 44 45 49 47 47 46 45 49 48 48 49 49 51 51 49 51 50 50 51 52 51 48 55 49 47 55 52 50 54 50 53 53 54 57 50 52 50 51 54 53 59 54 56 55 55 58 58 55 56 56 53 56 54 57 57 57 60 57 60 59 57 58 60 60 60 62 62 61 60 56 61 63 61 64 64 62 64 62 62 62 64 63 63 63 61 63 61 64 65 64 65 61 63 65 67 65 66 62 63 66 68 65 67 70 65 68 66 68 66 68 67 69 72 69 70 73 71 70 69 71 70 70 70 67 69 72 71 70 71 72 74 72 72 73 75 72 74 73 74 76 77 76 73 73 76 77 74 76 76 78 77 79 76 77 79 78 75 79 78 74 81 79 81 78 80 82 79 81 82 80 83 80 83 81 82 80 81 82 82 79 86 83 83 85 81 84 85 81 84 85 84 83 85 84 85 85 86 87 82 86 87 89 88 86 87 90 92 91 88 90 87 89 85 89 88 88 88 88 89 93 93 92 92 94 91 92 92 92 94 93 94 93 92 94 94 93 92 94 97 95 96 95 93 95 91 100 95 96 98 95 96 96 98 98 99 98 98 96 97 98 99 99 96 99 101 97 100 99 100 101 102 100 100 99 102 102 104 105 103 106 100 102 103 104 104 105 104 106 103 106 107 101 108 107 105 104 105 104 104 106 107 108 105 106 107 109 109 105 104 110 113 109 106 109 112 107 107 113 111 111 112 109 111 112 108 111 112 109 113 113 114 112 112 114 110 114 114 117 116 115 116 115 114 113 114 117 113 114 116 115 120 117 117 118 119 117 119 116 118 121 119 118 121 120 119 122 124 119 120 118 117 118 119 121 118 122 124 121 124 126 123 123 124 124 122 122 124 126 125 123 127 125 123 126 127 128 124 125 122 126 125 127 130 125 126 129 125 130 127 125 128 130 128 125 128 129 129 132 129 131 133 131 131 131 131 129 132 132 132 132 134 132 133 135 136 136 134 133 132 135 134 135 136 133 137 138 140 136 133 135 137 134 137 139 135 136 140 139 137 137 140 138 141 140 138 139 139 142 137 139 140 142 139 141 142 142 142 140 141 141 143 143 141 145 141 147 142 143 144 143 147 144 144 148 145 149 145 145 147 144 144 147 145 148 146 147 148 150 149 148 149 146 146 151 149 148 146 149 150 150 154 150 147 153 151 148 154 154 152 151 153 154 153 149 153 152 154 154 154 152
0: 2 7 19 (54.0)
1: 0 5 6 9 13 (50.0)
2: 1 4 10 15 (62.0)
3: 8 11 12 14 18 22 (49.0)
4: 3 16 17 24 (55.0)
5: 23 (42.0)
6: 21 26 31 37 (53.0)
7: 25 29 32 33 34 43 (48.0)
8: 27 35 36 (64.0)
9: 20 28 30 39 41 (45.0)
10: 40 47 (52.0)
11: 38 44 45 49 (52.0)
12: 42 46 48 50 53 55 (38.0)
13: 51 52 58 (55.0)
14: 54 64 67 70 (57.0)
15: 57 59 66 (50.0)
16: 56 61 62 63 65 77 (53.0)
17: 60 68 71 81 (67.0)
18: 69 73 75 86 (56.0)
19: 72 74 76 78 91 (56.0)
20: 79 82 84 88 (68.0)
21: 83 92 (53.0)
22: 80 87 96 (62.0)
23: 89 98 109 (50.0)
24: 95 99 101 107 (52.0)
25: 85 93 94 97 100 102 103 106 108 118 123 (51.0)
26: 90 105 114 (58.0)
27: 110 111 112 113 124 130 (88.0)
28: 104 115 121 (50.0)
29: 116 117 122 128 136 138 (57.0)
30: 119 120 125 126 127 133 134 143 (53.0)
31: 131 137 141 146 (53.0)
32: 129 135 148 152 (55.0)
33: 132 140 142 149 160 (62.0)
34: 139 145 147 151 164 (66.0)
35: 150 155 161 (56.0)
36: 144 153 157 158 167 175 (61.0)
37: 156 159 165 (66.0)
38: 154 162 163 168 169 171 173 177 180 185 (51.0)
39: 172 174 184 186 (60.0)
40: 166 170 199 (63.0)
41: 181 187 188 189 (71.0)
42: 176 179 183 197 198 (53.0)
43: 178 182 190 191 194 195 196 (54.0)
44: 193 201 210 (50.0)
45: 192 200 204 211 216 (57.0)
46: 203 205 207 208 215 (57.0)
47: 202 213 214 234 (58.0)
48: 206 218 219 231 (59.0)
49: 209 212 217 220 221 224 233 (59.0)
50: 226 227 237 239 244 246 (76.0)
51: 222 223 225 228 230 247 (69.0)
52: 229 236 245 (65.0)
53: 240 241 249 260 (63.0)
54: 238 242 248 251 262 (51.0)
55: 232 235 253 254 257 (66.0)
56: 252 258 259 261 279 (53.0)
57: 243 263 264 265 267 270 (62.0)
58: 255 256 271 (55.0)
59: 250 269 (58.0)
60: 266 268 272 273 274 278 (64.0)
61: 277 280 282 294 296 301 (79.0)
62: 275 276 285 287 288 289 307 (75.0)
63: 281 291 292 293 295 302 308 (94.0)
64: 283 284 286 290 297 299 (100.0)
65: 298 300 303 305 311 314 (92.0)
66: 306 309 316 318 (62.0)
67: 304 312 320 333 (79.0)
68: 310 315 317 319 (51.0)
69: 321 323 328 334 (73.0)
70: 313 324 327 330 331 332 337 (62.0)
71: 326 329 336 338 (61.0)
72: 322 335 339 341 342 345 (54.0)
73: 325 343 347 352 353 (75.0)
74: 340 346 348 356 369 (67.0)
75: 344 366 (57.0)
76: 349 351 354 357 358 362 (83.0)
77: 350 355 360 363 (71.0)
78: 359 365 368 373 (64.0)
79: 361 364 367 371 376 389 (70.0)
80: 374 379 381 385 (97.0)
81: 370 372 377 383 386 394 397 (61.0)
82: 375 378 384 387 388 408 (55.0)
83: 380 382 391 392 401 (75.0)
84: 395 398 400 403 (76.0)
85: 393 396 399 402 404 405 422 (81.0)
86: 390 406 409 413 (99.0)
87: 407 410 414 420 (67.0)
88: 412 418 424 425 426 427 (79.0)
89: 411 421 423 428 (67.0)
90: 415 419 (67.0)
91: 417 434 454 (83.0)
92: 416 431 432 435 436 437 442 446 (76.0)
93: 429 430 439 441 445 452 (63.0)
94: 433 438 440 443 444 447 (98.0)
95: 449 451 453 456 459 (100.0)
96: 450 457 460 461 467 472 (81.0)
97: 448 468 475 (54.0)
98: 458 462 463 465 466 469 (99.0)
99: 464 470 471 473 477 483 (91.0)
100: 455 476 478 481 482 490 (72.0)
101: 474 479 501 (57.0)
102: 480 484 485 491 (50.0)
103: 488 492 498 (55.0)
104: 486 493 494 496 505 507 508 518 (97.0)
105: 487 495 504 506 512 517 (74.0)
106: 489 497 499 509 513 522 (88.0)
107: 500 503 510 514 525 526 (98.0)
108: 502 511 534 (89.0)
109: 515 516 521 523 531 537 (99.0)
110: 519 544 (71.0)
111: 528 529 532 535 (86.0)
112: 524 530 533 536 541 542 (95.0)
113: 520 527 538 539 553 556 (74.0)
114: 540 543 545 546 552 554 557 (80.0)
115: 549 551 559 (96.0)
116: 548 550 558 567 (67.0)
117: 547 555 561 562 565 580 (100.0)
118: 563 568 571 579 581 584 (78.0)
119: 564 566 570 574 577 582 (94.0)
120: 560 573 578 (76.0)
121: 569 572 583 587 (79.0)
122: 575 585 594 595 608 (100.0)
123: 590 591 599 602 (74.0)
124: 576 586 588 592 593 596 606 (82.0)
125: 598 601 607 610 613 616 619 623 (100.0)
126: 589 597 603 609 614 (95.0)
127: 600 604 611 618 (83.0)
128: 605 620 622 624 (100.0)
129: 615 625 626 628 635 (76.0)
130: 612 617 621 (60.0)
131: 629 631 632 633 634 (95.0)
132: 627 636 637 638 639 641 648 (91.0)
133: 630 642 647 653 658 (98.0)
134: 640 646 650 661 (100.0)
135: 643 649 651 659 664 (98.0)
136: 644 645 652 657 665 (101.0)
137: 654 660 662 668 669 678 (93.0)
138: 655 671 674 (99.0)
139: 663 667 675 676 679 682 (96.0)
140: 656 666 670 673 680 687 (97.0)
141: 672 683 688 689 692 694 (97.0)
142: 677 681 684 685 686 696 (97.0)
143: 690 691 697 699 (96.0)
144: 698 701 702 709 710 (93.0)
145: 693 704 706 707 712 (99.0)
146: 714 721 722 726 (98.0)
147: 695 700 708 711 715 732 (80.0)
148: 703 713 716 719 725 735 (97.0)
149: 705 718 720 724 727 743 (100.0)
150: 717 728 729 731 (97.0)
151: 723 734 739 (100.0)
152: 738 745 749 (99.0)
153: 733 740 742 744 (73.0)
154: 730 736 737 741 746 747 748 (80.0)
