Name: 750-30-50
Time: 23.582263708114624 
Result: 54042
Solution:  1 0 1 0 0 0 3 1 5 0 0 2 6 2 3 7 5 3 2 6 7 5 3 3 9 6 6 6 7 6 10 3 8 8 6 11 8 9 8 8 7 10 12 12 11 11 7 10 11 12 16 12 13 11 11 16 14 12 13 14 13 18 12 15 19 15 15 17 16 19 17 18 17 14 16 16 17 15 19 18 20 16 19 20 19 20 22 21 26 22 22 22 23 23 26 27 23 26 22 25 25 26 26 21 25 26 26 24 24 25 26 26 29 26 28 27 30 26 28 29 30 29 28 28 29 31 33 31 30 34 33 32 33 35 33 34 31 35 34 34 32 35 36 39 35 34 36 32 38 38 38 36 41 38 38 37 39 37 35 40 38 42 44 36 40 42 41 40 40 44 41 43 42 46 42 43 44 46 46 41 44 41 49 48 46 45 48 45 43 45 47 51 52 52 48 47 50 46 49 51 49 49 49 49 47 53 53 49 52 50 55 53 49 56 53 56 52 57 53 49 53 54 53 50 57 53 54 54 53 58 56 53 56 55 55 57 60 61 58 54 58 61 57 56 59 58 61 58 60 59 58 61 57 57 59 61 60 62 59 57 63 61 63 60 63 63 64 62 60 63 68 60 61 64 62 66 61 66 64 67 65 69 70 67 65 67 69 71 68 65 68 70 67 68 67 73 67 67 66 69 70 70 70 69 70 71 71 70 73 71 75 70 73 72 72 76 72 73 72 72 74 76 73 75 74 79 72 74 74 75 75 76 75 79 78 76 77 80 77 77 76 76 76 78 79 77 78 83 77 82 79 77 79 79 80 78 83 81 81 81 85 84 81 82 80 83 83 83 81 87 84 83 84 83 84 85 86 88 87 82 86 87 89 84 88 90 85 85 86 86 89 87 86 87 88 90 87 87 87 88 88 90 90 91 91 94 90 91 91 93 91 92 96 89 93 96 90 93 89 92 95 92 96 96 93 92 95 94 92 95 97 93 97 95 99 100 99 94 100 95 101 100 98 97 98 100 98 101 97 97 103 100 99 102 99 98 101 98 103 102 102 105 100 103 105 103 102 102 104 101 104 101 104 103 102 108 104 105 106 105 107 106 107 107 106 107 107 105 108 106 109 105 109 109 107 109 110 113 110 108 113 110 110 108 108 113 110 110 110 111 114 116 112 113 112 113 111 116 114 112 113 116 112 113 116 114 114 115 111 117 117 116 114 116 117 115 118 115 115 116 118 117 121 120 117 120 119 116 118 122 124 120 122 120 120 119 123 121 121 123 125 119 122 121 124 121 125 125 125 123 124 126 123 125 124 125 125 125 126 129 126 124 126 122 122 127 126 126 129 127 129 130 130 129 128 132 130 128 129 128 128 130 131 127 130 130 131 133 133 131 132 136 132 134 134 137 134 135 130 135 136 133 134 131 137 133 135 133 133 136 134 136 137 139 132 140 137 138 138 136 142 140 140 137 135 138 140 139 139 140 138 140 139 138 139 141 141 143 140 141 142 142 143 142 143 145 142 141 144 143 144 143 143 143 141 145 143 142 146 144 147 144 146 146 147 148 147 147 147 146 148 144 146 146 148 149 150 148 150 153 150 152 150 152 151 149 151 150 148 153 151 155 155 152 151 150 155 151 153 153 154 150 154 153 158 159 151 152 158 156 158 155 156 153 156 155 155 154 158 157 159 158 158 159 158 157 156 156 158 159
0: 1 3 4 5 9 10 (24.0)
1: 0 2 7 (32.0)
2: 11 13 18 (36.0)
3: 6 14 17 22 23 31 (38.0)
4: (0.0)
5: 8 16 21 (32.0)
6: 12 19 25 26 27 29 34 (31.0)
7: 15 20 28 40 46 (45.0)
8: 32 33 36 38 39 (35.0)
9: 24 37 (35.0)
10: 30 41 47 (31.0)
11: 35 44 45 48 53 54 (31.0)
12: 42 43 49 51 57 62 (29.0)
13: 52 58 60 (34.0)
14: 56 59 73 (31.0)
15: 63 65 66 77 (34.0)
16: 50 55 68 74 75 81 (32.0)
17: 67 70 72 76 (41.0)
18: 61 71 79 (31.0)
19: 64 69 78 82 84 (23.0)
20: 80 83 85 (31.0)
21: 87 103 (32.0)
22: 86 89 90 91 98 (36.0)
23: 92 93 96 (38.0)
24: 107 108 (39.0)
25: 99 100 104 109 (30.0)
26: 88 94 97 101 102 105 106 110 111 113 117 (30.0)
27: 95 115 (37.0)
28: 114 118 122 123 (30.0)
29: 112 119 121 124 (30.0)
30: 116 120 128 (30.0)
31: 125 127 136 (40.0)
32: 131 140 147 (41.0)
33: 126 130 132 134 (36.0)
34: 129 135 138 139 145 (33.0)
35: 133 137 141 144 158 (13.0)
36: 142 146 151 163 (36.0)
37: 155 157 (30.0)
38: 148 149 150 153 154 160 (30.0)
39: 143 156 (32.0)
40: 159 164 167 168 (33.0)
41: 152 166 170 179 181 (34.0)
42: 161 165 172 174 (31.0)
43: 171 175 188 (40.0)
44: 162 169 176 180 (34.0)
45: 185 187 189 (31.0)
46: 173 177 178 184 197 (31.0)
47: 190 195 204 (44.0)
48: 183 186 194 (31.0)
49: 182 198 200 201 202 203 207 212 219 (28.0)
50: 196 209 223 (31.0)
51: 191 199 (31.0)
52: 192 193 208 216 (33.0)
53: 205 206 211 214 218 220 222 225 228 231 (28.0)
54: 221 226 227 239 (37.0)
55: 210 233 234 (40.0)
56: 213 215 230 232 243 (42.0)
57: 217 224 235 242 252 253 259 (48.0)
58: 229 238 240 245 247 250 (44.0)
59: 244 249 254 258 (49.0)
60: 236 248 256 263 268 271 (40.0)
61: 237 241 246 251 255 261 272 276 (44.0)
62: 257 267 274 (33.0)
63: 260 262 264 265 269 (32.0)
64: 266 273 278 (36.0)
65: 280 284 289 (34.0)
66: 275 277 298 (47.0)
67: 279 283 285 292 294 296 297 (33.0)
68: 270 288 290 293 (36.0)
69: 281 286 299 303 (34.0)
70: 282 291 300 301 302 304 307 311 (34.0)
71: 287 305 306 309 (39.0)
72: 313 314 316 318 319 326 (37.0)
73: 295 308 312 317 322 (40.0)
74: 320 324 327 328 (41.0)
75: 310 323 329 330 332 (50.0)
76: 315 321 331 335 340 341 342 (39.0)
77: 336 338 339 345 348 351 (43.0)
78: 334 343 346 355 (38.0)
79: 325 333 344 350 352 353 (44.0)
80: 337 354 364 (50.0)
81: 357 358 359 362 368 (44.0)
82: 349 363 379 (40.0)
83: 347 356 365 366 367 371 373 (36.0)
84: 361 370 372 374 383 (33.0)
85: 360 375 386 387 (40.0)
86: 376 380 388 389 392 (36.0)
87: 369 378 381 391 393 396 397 398 (50.0)
88: 377 384 394 399 400 (31.0)
89: 382 390 413 418 (43.0)
90: 385 395 401 402 406 416 (39.0)
91: 403 404 407 408 410 (38.0)
92: 411 419 421 425 428 (40.0)
93: 409 414 417 424 431 (47.0)
94: 405 427 437 (39.0)
95: 420 426 429 433 439 (35.0)
96: 412 415 422 423 (50.0)
97: 430 432 443 448 449 (50.0)
98: 442 444 446 455 457 (49.0)
99: 434 436 452 454 (48.0)
100: 435 438 441 445 451 462 (40.0)
101: 440 447 456 469 471 (44.0)
102: 453 459 460 466 467 474 (48.0)
103: 450 458 463 465 473 (49.0)
104: 468 470 472 476 (40.0)
105: 461 464 477 479 487 491 (36.0)
106: 478 481 484 489 (50.0)
107: 480 482 483 485 486 494 (47.0)
108: 475 488 499 503 504 (49.0)
109: 490 492 493 495 (49.0)
110: 496 498 501 502 506 507 508 (50.0)
111: 509 516 528 (41.0)
112: 512 514 519 522 (39.0)
113: 497 500 505 513 515 520 523 (47.0)
114: 510 518 525 526 532 (50.0)
115: 527 535 537 538 (37.0)
116: 511 517 521 524 531 533 539 547 (46.0)
117: 529 530 534 541 544 (50.0)
118: 536 540 548 (50.0)
119: 546 555 561 (34.0)
120: 543 545 551 553 554 (50.0)
121: 542 557 558 563 565 (39.0)
122: 549 552 562 583 584 (50.0)
123: 556 559 569 572 (39.0)
124: 550 564 570 574 581 (42.0)
125: 560 566 567 568 573 575 576 577 (50.0)
126: 571 578 580 582 586 587 (49.0)
127: 585 589 603 (50.0)
128: 594 597 599 600 (50.0)
129: 579 588 590 593 598 (50.0)
130: 591 592 596 601 604 605 618 (53.0)
131: 602 606 609 623 (48.0)
132: 595 610 612 634 (51.0)
133: 607 608 621 625 627 628 (49.0)
134: 613 614 616 622 630 (47.0)
135: 617 619 626 644 (46.0)
136: 611 620 629 631 639 (53.0)
137: 615 624 632 636 643 (50.0)
138: 637 638 645 650 653 (48.0)
139: 633 647 648 652 654 (44.0)
140: 635 641 642 646 649 651 658 (47.0)
141: 655 656 659 667 674 (50.0)
142: 640 660 661 663 666 677 (49.0)
143: 657 662 664 669 671 672 673 676 (52.0)
144: 668 670 679 681 691 (51.0)
145: 665 675 (51.0)
146: 678 682 683 689 692 693 (51.0)
147: 680 684 686 687 688 (50.0)
148: 685 690 694 697 708 (47.0)
149: 695 705 (51.0)
150: 696 698 700 702 707 715 721 (50.0)
151: 704 706 710 714 717 726 (50.0)
152: 701 703 713 727 (50.0)
153: 699 709 718 719 723 733 (50.0)
154: 720 722 737 (50.0)
155: 711 712 716 731 735 736 (50.0)
156: 729 732 734 746 747 (42.0)
157: 739 745 (46.0)
158: 724 728 730 738 741 742 744 748 (55.0)
159: 725 740 743 749 (51.0)
