Name: 750-60-125
Time: 46.790568828582764 
Result: 95
Solution:  0 0 0 2 4 0 0 3 1 1 0 6 1 2 1 3 5 3 3 2 7 5 5 4 8 8 6 6 5 5 6 7 7 6 8 10 10 11 8 12 9 12 9 10 10 8 12 9 12 12 12 15 15 12 12 11 14 14 12 17 13 17 14 19 20 16 17 16 13 17 17 17 20 18 17 16 19 16 19 23 19 17 17 18 24 19 20 21 24 22 19 22 21 20 21 25 24 24 23 22 26 25 26 23 26 29 23 25 27 25 30 24 27 26 26 32 30 26 26 27 32 30 30 29 32 30 32 29 31 36 35 30 36 33 33 33 34 35 35 34 35 36 35 31 38 36 36 40 41 37 36 35 40 34 41 39 38 43 40 37 37 43 40 37 41 45 43 45 39 42 43 44 42 43 41 42 43 41 43 45 44 45 43 45 46 48 47 48 46 47 45 46 48 49 48 51 49 47 49 47 51 50 47 51 50 51 51 55 53 50 51 51 54 54 53 56 54 57 58 52 52 54 54 57 56 55 53 58 59 54 58 58 58 57 58 61 60 61 60 55 60 59 60 61 61 58 59 61 62 62 63 62 62 63 64 63 68 61 64 63 67 65 69 65 67 68 65 63 64 68 69 71 70 71 67 70 69 66 70 66 71 69 68 70 73 73 73 69 68 68 71 72 72 73 74 73 76 76 74 74 75 76 76 71 75 74 73 77 76 78 78 79 81 81 80 81 77 77 80 80 78 79 78 79 82 80 80 83 82 82 80 78 83 79 83 82 83 87 84 83 85 84 86 84 86 84 90 85 84 88 86 86 87 88 89 88 85 89 88 89 90 88 92 92 91 91 89 92 89 91 93 90 95 93 93 95 94 96 94 94 94 96 93 93 97 96 96 96 97 100 96 101 95 98 100 99 98 99 99 102 97 100 102 99 97 101 99 101 103 100 102 100 102 103 102 103 105 103 104 107 101 106 107 105 106 105 107 104 106 108 104 108 106 107 106 108 108 109 108 109 109 109 113 112 110 110 111 110 111 109 111 115 112 113 111 112 114 115 114 113 115 113 115 115 116 116 115 116 117 117 120 115 119 114 114 119 118 118 120 119 118 119 120 120 122 121 121 124 120 122 121 122 122 124 123 125 127 124 123 124 122 125 123 125 124 124 127 126 128 128 126 126 127 126 127 128 125 131 128 129 132 132 130 131 130 132 131 129 130 135 135 131 134 133 130 135 134 132 133 134 136 133 135 133 134 136 135 137 137 141 139 136 137 136 138 136 137 139 138 141 140 140 140 139 142 138 141 142 145 142 142 142 140 145 141 140 144 143 143 146 143 141 143 146 144 146 147 149 148 147 145 145 144 144 148 148 150 149 150 151 147 148 149 151 152 147 152 151 152 150 151 150 153 153 150 156 154 155 153 154 157 157 158 155 156 157 152 153 154 156 158 160 156 160 158 159 155 159 158 158 158 157 162 160 161 161 161 158 159 163 162 162 163 166 165 164 162 166 166 164 164 163 165 166 167 165 166 169 167 163 169 169 168 169 168 166 165 168 166 169 171 172 170 170 170 171 171 171 172 172 172 174 170 170 174 172 172 172 173 173 175 175 176 170 173 174 179 175 177 175 177 176 176 178 177 177 176 177 173 176 181 178 182 179 179 181 180 176 182 180 179 181 177 181 183 178 183 181 183 180 179 181 183 178 180 182 183 180 183 182
0: 0 1 2 5 6 10 (55.0)
1: 8 9 12 14 (58.0)
2: 3 13 19 (66.0)
3: 7 15 17 18 (62.0)
4: 4 23 (69.0)
5: 16 21 22 28 29 (63.0)
6: 11 26 27 30 33 (53.0)
7: 20 31 32 (63.0)
8: 24 25 34 38 45 (64.0)
9: 40 42 47 (68.0)
10: 35 36 43 44 (72.0)
11: 37 55 (66.0)
12: 39 41 46 48 49 50 53 54 58 (53.0)
13: 60 68 (67.0)
14: 56 57 62 (67.0)
15: 51 52 (74.0)
16: 65 67 75 77 (57.0)
17: 59 61 66 69 70 71 74 81 82 (59.0)
18: 73 83 (68.0)
19: 63 76 78 80 85 90 (73.0)
20: 64 72 86 93 (70.0)
21: 87 92 94 (80.0)
22: 89 91 99 (66.0)
23: 79 98 103 106 (64.0)
24: 84 88 96 97 111 (91.0)
25: 95 101 107 109 (79.0)
26: 100 102 104 113 114 117 118 (65.0)
27: 108 112 119 (99.0)
28: (0.0)
29: 105 123 127 (69.0)
30: 110 116 121 122 125 131 (60.0)
31: 128 143 (80.0)
32: 115 120 124 126 (77.0)
33: 133 134 135 (63.0)
34: 136 139 153 (69.0)
35: 130 137 138 140 142 151 (57.0)
36: 129 132 141 145 146 150 (85.0)
37: 149 159 160 163 (63.0)
38: 144 156 (62.0)
39: 155 168 (61.0)
40: 147 152 158 162 (110.0)
41: 148 154 164 174 177 (91.0)
42: 169 172 175 (65.0)
43: 157 161 166 170 173 176 178 182 (87.0)
44: 171 180 (74.0)
45: 165 167 179 181 183 190 (68.0)
46: 184 188 191 (60.0)
47: 186 189 197 199 202 (89.0)
48: 185 187 192 194 (91.0)
49: 193 196 198 (69.0)
50: 201 204 209 (78.0)
51: 195 200 203 205 206 210 211 (64.0)
52: 219 220 (84.0)
53: 208 214 226 (84.0)
54: 212 213 216 221 222 229 (91.0)
55: 207 225 239 (73.0)
56: 215 224 (69.0)
57: 217 223 233 (64.0)
58: 218 227 230 231 232 234 245 (107.0)
59: 228 241 246 (60.0)
60: 236 238 240 242 (71.0)
61: 235 237 243 244 247 257 (100.0)
62: 248 249 251 252 (108.0)
63: 250 253 255 259 267 (67.0)
64: 254 258 268 (95.0)
65: 261 263 266 (94.0)
66: 277 279 (67.0)
67: 260 264 274 (69.0)
68: 256 265 269 282 288 289 (89.0)
69: 262 270 276 281 287 (92.0)
70: 272 275 278 283 (99.0)
71: 271 273 280 290 303 (79.0)
72: 291 292 (90.0)
73: 284 285 286 293 295 306 (77.0)
74: 294 298 299 305 (76.0)
75: 300 304 (88.0)
76: 296 297 301 302 308 (113.0)
77: 307 316 317 (67.0)
78: 309 310 320 322 331 (97.0)
79: 311 321 323 333 (92.0)
80: 314 318 319 325 326 330 (95.0)
81: 312 313 315 (81.0)
82: 324 328 329 335 (116.0)
83: 327 332 334 336 339 (122.0)
84: 338 341 343 345 348 (103.0)
85: 340 347 356 (118.0)
86: 342 344 350 351 (90.0)
87: 337 352 (67.0)
88: 349 353 355 358 361 (84.0)
89: 354 357 359 366 368 (78.0)
90: 346 360 371 (99.0)
91: 364 365 369 (89.0)
92: 362 363 367 (73.0)
93: 370 373 374 382 383 (63.0)
94: 376 378 379 380 (103.0)
95: 372 375 392 (107.0)
96: 377 381 385 386 387 390 (107.0)
97: 384 388 400 404 (118.0)
98: 393 396 (76.0)
99: 395 397 398 403 406 (95.0)
100: 389 394 401 409 411 (98.0)
101: 391 405 407 420 (116.0)
102: 399 402 410 412 414 (125.0)
103: 408 413 415 417 (106.0)
104: 418 427 430 (110.0)
105: 416 423 425 (123.0)
106: 421 424 428 432 434 (110.0)
107: 419 422 426 433 (106.0)
108: 429 431 435 436 438 (115.0)
109: 437 439 440 441 449 (117.0)
110: 444 445 447 (88.0)
111: 446 448 450 454 (93.0)
112: 443 452 455 (91.0)
113: 442 453 459 461 (122.0)
114: 456 458 473 474 (115.0)
115: 451 457 460 462 463 466 471 (111.0)
116: 464 465 467 (101.0)
117: 468 469 (103.0)
118: 476 477 480 (71.0)
119: 472 475 479 481 (110.0)
120: 470 478 482 483 488 (121.0)
121: 485 486 490 (98.0)
122: 484 489 491 492 500 (123.0)
123: 494 498 502 (97.0)
124: 487 493 497 499 504 505 (92.0)
125: 495 501 503 516 (120.0)
126: 507 510 511 513 (122.0)
127: 496 506 512 514 (129.0)
128: 508 509 515 518 (99.0)
129: 519 527 (122.0)
130: 522 524 528 534 (126.0)
131: 517 523 526 531 (120.0)
132: 520 521 525 537 (117.0)
133: 533 538 541 543 (84.0)
134: 532 536 539 544 (103.0)
135: 529 530 535 542 546 (93.0)
136: 540 545 551 553 555 (121.0)
137: 547 548 552 556 (119.0)
138: 554 558 565 (115.0)
139: 550 557 563 (124.0)
140: 560 561 562 572 575 (108.0)
141: 549 559 566 574 581 (125.0)
142: 564 567 569 570 571 (127.0)
143: 577 578 580 582 (116.0)
144: 576 584 592 593 (121.0)
145: 568 573 590 591 (119.0)
146: 579 583 585 (89.0)
147: 586 589 600 605 (114.0)
148: 588 594 595 601 (99.0)
149: 587 597 602 (122.0)
150: 596 598 609 611 614 (123.0)
151: 599 603 607 610 (112.0)
152: 604 606 608 626 (122.0)
153: 612 613 618 627 (102.0)
154: 616 619 628 (148.0)
155: 617 623 636 (124.0)
156: 615 624 629 632 (124.0)
157: 620 621 625 641 (78.0)
158: 622 630 634 638 639 640 647 (116.0)
159: 635 637 648 (116.0)
160: 631 633 643 (124.0)
161: 644 645 646 (103.0)
162: 642 650 651 656 (134.0)
163: 649 652 661 669 (116.0)
164: 655 659 660 (116.0)
165: 654 662 665 676 (118.0)
166: 653 657 658 663 666 675 678 (125.0)
167: 664 668 (117.0)
168: 672 674 677 (117.0)
169: 667 670 671 673 679 (118.0)
170: 682 683 684 692 693 703 (103.0)
171: 680 685 686 687 (100.0)
172: 681 688 689 690 695 696 697 (125.0)
173: 698 699 704 718 (127.0)
174: 691 694 705 (125.0)
175: 700 701 707 709 (125.0)
176: 702 711 712 716 719 727 (125.0)
177: 708 710 714 715 717 732 (139.0)
178: 713 721 735 743 (125.0)
179: 706 723 724 730 740 (125.0)
180: 726 729 739 744 747 (125.0)
181: 720 725 731 733 737 741 (130.0)
182: 722 728 745 749 (127.0)
183: 734 736 738 742 746 748 (125.0)
