Name: 750-20-30
Time: 23.32775616645813 
Result: 34022
Solution:  0 1 1 1 1 0 1 4 3 3 2 2 4 1 3 1 4 5 2 4 2 7 4 5 10 6 6 5 8 5 6 8 7 7 12 10 9 11 9 10 9 13 7 10 7 10 10 11 14 13 13 14 11 15 14 17 13 11 14 16 12 13 14 11 12 18 15 18 13 15 16 15 17 16 16 14 18 15 17 18 20 19 18 20 18 20 19 21 17 19 20 21 19 21 19 24 20 23 18 17 22 22 24 25 25 25 26 22 23 23 23 21 25 25 24 21 29 25 22 22 27 26 25 29 24 27 26 29 29 25 29 28 29 27 30 28 29 29 26 27 30 33 26 30 30 32 34 33 29 31 32 33 35 28 32 34 33 33 36 33 35 34 34 35 31 38 35 35 33 33 39 36 35 34 37 38 35 35 33 37 40 40 39 36 39 39 40 38 42 40 36 41 38 40 39 41 37 39 41 39 44 41 44 45 41 42 45 43 47 43 45 43 42 43 43 45 47 43 48 42 46 48 48 47 44 45 48 48 46 46 51 48 50 48 49 52 48 47 48 53 50 51 50 47 48 53 53 48 49 47 51 53 56 52 54 50 53 54 50 55 54 57 50 53 52 54 55 57 57 56 58 54 55 57 55 60 60 57 55 56 59 59 59 60 57 59 61 58 62 58 57 56 60 61 58 60 59 65 62 62 63 63 62 62 61 61 64 63 65 61 63 63 61 65 67 62 66 65 65 65 64 67 67 67 67 66 67 67 71 67 71 65 68 68 68 71 69 66 67 69 68 70 71 69 70 71 74 69 72 72 73 70 70 72 76 69 74 71 73 74 70 74 75 73 74 75 75 77 74 76 73 79 76 77 76 78 76 77 79 77 79 79 78 74 77 81 78 78 83 82 80 84 80 79 83 80 79 82 83 81 81 84 79 82 82 82 83 84 87 84 83 82 84 84 88 88 84 83 85 86 84 85 86 87 84 88 85 84 85 85 87 84 87 89 90 93 89 87 92 89 91 87 92 90 91 90 93 90 95 93 96 93 93 95 92 93 95 89 95 95 94 92 95 92 91 98 99 95 93 95 98 96 97 95 97 100 100 94 97 96 96 97 100 99 94 99 100 96 99 96 99 97 101 101 100 103 102 99 100 97 101 101 101 102 104 101 103 104 101 103 105 102 105 102 102 102 103 105 107 106 107 106 107 104 105 107 104 107 106 104 105 108 110 105 110 108 109 110 109 107 110 110 111 110 109 112 111 107 111 114 111 112 109 112 115 109 115 113 113 112 113 114 113 113 110 117 115 114 114 114 114 116 119 115 115 117 113 118 118 113 116 118 118 121 118 120 119 118 118 119 122 119 121 122 120 123 120 124 119 119 122 124 121 122 120 121 125 123 124 123 123 124 122 123 124 125 126 126 129 124 127 128 126 125 129 126 126 128 125 129 127 129 126 125 128 128 129 131 130 131 131 131 131 131 128 130 132 134 127 130 133 133 134 130 132 135 133 132 136 133 132 134 134 138 131 137 135 135 138 136 136 137 135 137 137 136 137 137 138 134 135 138 139 137 141 135 140 140 140 139 138 143 140 139 144 143 137 143 139 141 140 145 139 143 139 142 146 144 143 142 147 143 146 145 144 145 147 145 147 143 142 149 146 146 148 151 146 146 146 150 144 148 147 148 148 145 149 148 147 150 147 151 149 150 151 150 151 151 151 149
0: 0 5 (21.0)
1: 1 2 3 4 6 13 15 (24.0)
2: 10 11 18 20 (20.0)
3: 8 9 14 (20.0)
4: 7 12 16 19 22 (18.0)
5: 17 23 27 29 (18.0)
6: 25 26 30 (23.0)
7: 21 32 33 42 44 (20.0)
8: 28 31 (12.0)
9: 36 38 40 (20.0)
10: 24 35 39 43 45 46 (22.0)
11: 37 47 52 57 63 (20.0)
12: 34 60 64 (22.0)
13: 41 49 50 56 61 68 (20.0)
14: 48 51 54 58 62 75 (19.0)
15: 53 66 69 71 77 (19.0)
16: 59 70 73 74 (22.0)
17: 55 72 78 88 99 (22.0)
18: 65 67 76 79 82 84 98 (21.0)
19: 81 86 89 92 94 (22.0)
20: 80 83 85 90 96 (30.0)
21: 87 91 93 111 115 (25.0)
22: 100 101 107 118 119 (21.0)
23: 97 108 109 110 (20.0)
24: 95 102 114 124 (21.0)
25: 103 104 105 112 113 117 122 129 (18.0)
26: 106 121 126 138 142 (20.0)
27: 120 125 133 139 (22.0)
28: 131 135 153 (20.0)
29: 116 123 127 128 130 132 136 137 148 (19.0)
30: 134 140 143 144 (22.0)
31: 149 164 (21.0)
32: 145 150 154 (20.0)
33: 141 147 151 156 157 159 168 169 178 (20.0)
34: 146 155 161 162 173 (20.0)
35: 152 160 163 166 167 172 176 177 (20.0)
36: 158 171 183 190 (20.0)
37: 174 179 196 (21.0)
38: 165 175 187 192 (24.0)
39: 170 182 184 185 194 197 199 (28.0)
40: 180 181 186 189 193 (23.0)
41: 191 195 198 201 204 (27.0)
42: 188 205 212 219 (20.0)
43: 207 209 211 213 214 217 (28.0)
44: 200 202 224 (21.0)
45: 203 206 210 215 225 (23.0)
46: 220 228 229 (22.0)
47: 208 216 223 237 243 249 (22.0)
48: 218 221 222 226 227 231 233 236 238 244 247 (18.0)
49: 234 248 (20.0)
50: 232 240 242 255 258 262 (22.0)
51: 230 241 250 (20.0)
52: 235 253 264 (20.0)
53: 239 245 246 251 256 263 (27.0)
54: 254 257 260 265 271 (27.0)
55: 259 266 272 274 278 (24.0)
56: 252 269 279 291 (22.0)
57: 261 267 268 273 277 284 290 (27.0)
58: 270 287 289 294 (21.0)
59: 280 281 282 285 296 (27.0)
60: 275 276 283 292 295 (25.0)
61: 286 293 304 305 309 312 (22.0)
62: 288 298 299 302 303 315 (22.0)
63: 300 301 307 310 311 (29.0)
64: 306 320 (21.0)
65: 297 308 313 317 318 319 331 (23.0)
66: 316 325 337 (27.0)
67: 314 321 322 323 324 326 327 329 338 (30.0)
68: 332 333 334 340 (23.0)
69: 336 339 343 347 355 (24.0)
70: 341 344 351 352 360 (27.0)
71: 328 330 335 342 345 357 (20.0)
72: 348 349 353 (24.0)
73: 350 358 363 370 (21.0)
74: 346 356 359 361 364 368 383 (22.0)
75: 362 365 366 (23.0)
76: 354 369 372 374 376 (22.0)
77: 367 373 377 379 384 (28.0)
78: 375 382 386 387 (25.0)
79: 371 378 380 381 393 396 402 (27.0)
80: 390 392 395 (33.0)
81: 385 399 400 (21.0)
82: 389 397 403 404 405 411 (27.0)
83: 388 394 398 406 410 417 (24.0)
84: 391 401 407 409 412 413 416 420 424 427 431 (28.0)
85: 418 421 426 428 429 (24.0)
86: 419 422 (21.0)
87: 408 423 430 432 437 441 (29.0)
88: 414 415 425 (30.0)
89: 433 436 439 457 (27.0)
90: 434 443 445 447 (30.0)
91: 440 444 464 (25.0)
92: 438 442 454 461 463 (30.0)
93: 435 446 449 451 452 455 468 (27.0)
94: 460 477 484 (34.0)
95: 448 453 456 458 459 462 467 469 473 (26.0)
96: 450 471 479 480 487 489 (29.0)
97: 472 474 478 481 491 499 (27.0)
98: 465 470 (22.0)
99: 466 483 485 488 490 497 (29.0)
100: 475 476 482 486 494 498 (24.0)
101: 492 493 500 501 502 505 508 (28.0)
102: 496 503 511 513 514 515 (30.0)
103: 495 506 509 516 (30.0)
104: 504 507 523 526 529 (30.0)
105: 510 512 517 524 530 533 (26.0)
106: 519 521 528 (30.0)
107: 518 520 522 525 527 539 547 (24.0)
108: 531 535 (25.0)
109: 536 538 544 552 555 (28.0)
110: 532 534 537 540 541 543 564 (26.0)
111: 542 546 548 550 (23.0)
112: 545 551 553 559 (25.0)
113: 557 558 560 562 563 576 579 (28.0)
114: 549 561 567 568 569 570 (28.0)
115: 554 556 566 573 574 (29.0)
116: 571 580 (31.0)
117: 565 575 (29.0)
118: 577 578 581 582 584 587 588 (30.0)
119: 572 586 589 591 598 599 (30.0)
120: 585 594 596 604 (30.0)
121: 583 592 602 605 (29.0)
122: 590 593 600 603 612 (28.0)
123: 595 607 609 610 613 (30.0)
124: 597 601 608 611 614 619 (25.0)
125: 606 615 623 628 633 (25.0)
126: 616 617 622 625 626 632 (28.0)
127: 620 630 648 (29.0)
128: 621 627 634 635 644 (28.0)
129: 618 624 629 631 636 (30.0)
130: 638 645 649 653 (24.0)
131: 637 639 640 641 642 643 664 (29.0)
132: 646 654 657 660 (27.0)
133: 650 651 656 659 (32.0)
134: 647 652 661 662 679 (32.0)
135: 655 666 667 672 680 685 (30.0)
136: 658 669 670 675 (30.0)
137: 665 671 673 674 676 677 683 696 (31.0)
138: 663 668 678 681 690 (30.0)
139: 682 689 693 698 702 704 (30.0)
140: 686 687 688 692 700 (30.0)
141: 684 699 (25.0)
142: 705 709 720 (30.0)
143: 691 695 697 703 708 711 719 (30.0)
144: 694 707 714 730 (29.0)
145: 701 713 715 717 735 (29.0)
146: 706 712 722 723 726 727 728 (29.0)
147: 710 716 718 732 738 740 (29.0)
148: 724 731 733 734 737 (30.0)
149: 721 736 742 749 (30.0)
150: 729 739 743 745 (32.0)
151: 725 741 744 746 747 748 (30.0)
