Name: 1000-40-85
Time: 30.580350160598755 
Result: 13004039
Solution:  12 5 17 12 10 16 11 11 10 12 12 14 16 29 26 29 30 32 32 26 41 30 34 30 40 51 45 56 46 54 49 55 46 56 54 54 61 57 60 65 56 65 60 72 65 61 67 60 61 67 72 83 70 78 78 70 71 72 83 80 83 80 92 86 86 90 90 98 94 92 92 109 104 102 107 107 102 110 102 111 110 107 103 107 106 106 123 119 119 108 123 124 121 122 123 118 123 133 121 129 136 136 131 126 138 131 131 138 135 147 149 152 150 158 147 156 150 149 151 158 154 150 165 155 151 168 154 170 156 168 158 168 159 169 165 180 175 168 181 167 177 174 173 180 185 190 186 182 188 180 188 186 196 185 191 196 202 196 199 203 195 200 200 202 196 200 203 205 212 221 213 214 212 217 211 212 214 212 212 218 218 222 221 235 236 236 232 236 237 243 235 236 248 251 244 250 251 256 256 249 251 248 259 251 253 262 255 258 259 268 264 273 262 273 271 276 272 271 275 275 281 276 275 277 275 279 275 292 283 285 296 290 285 300 288 299 290 290 305 299 305 305 306 319 310 308 314 319 306 314 317 324 321 318 314 321 321 321 330 331 330 328 328 330 337 334 330 333 336 334 337 342 337 349 358 355 358 345 351 352 358 351 358 362 362 351 352 365 362 369 363 366 370 370 363 366 367 370 374 372 371 377 371 370 375 376 382 375 384 374 376 382 377 384 392 389 390 389 387 393 388 387 388 398 400 398 404 411 412 412 415 409 401 413 419 407 406 421 413 415 414 415 421 412 420 421 418 421 420 420 429 434 434 436 438 429 442 436 442 442 451 438 440 437 438 445 446 447 443 446 454 462 447 446 460 455 454 464 456 462 466 457 463 470 471 471 466 480 471 471 470 470 479 481 488 475 483 483 488 479 479 490 483 497 499 486 497 499 497 492 499 508 506 495 500 503 502 505 508 508 506 511 505 518 513 508 511 519 511 528 519 533 529 523 529 524 529 528 529 543 531 543 548 541 535 542 539 540 541 556 551 548 556 559 564 560 559 564 563 556 564 566 556 566 566 570 562 564 569 585 575 585 583 577 592 580 580 596 581 588 584 588 591 598 599 599 600 597 598 597 605 608 600 607 610 610 608 614 610 623 620 622 620 615 612 615 614 615 617 620 633 627 635 622 630 629 627 627 633 631 634 646 629 635 646 639 648 638 648 644 639 648 645 644 646 660 654 645 654 664 658 659 658 663 667 661 668 658 663 658 664 668 665 667 669 675 671 665 663 668 672 664 671 669 667 668 671 671 679 688 688 691 693 682 691 691 687 699 686 688 692 691 700 700 704 700 708 700 702 700 707 709 709 717 706 704 707 716 709 725 709 722 731 726 724 717 725 729 724 727 723 723 727 722 731 727 743 728 740 740 745 750 745 756 751 743 745 751 750 750 750 756 762 751 766 757 758 758 757 754 757 770 762 757 760 768 771 769 781 764 766 770 766 782 772 769 772 785 781 781 779 781 777 780 778 785 782 795 798 795 796 795 798 799 807 795 798 806 796 798 804 806 807 808 807 812 809 813 813 830 823 825 825 829 827 819 826 830 825 835 835 826 830 829 837 837 834 838 835 835 840 838 848 840 846 845 857 859 844 854 849 863 857 869 857 865 868 871 865 869 872 878 868 871 876 880 878 883 880 872 871 883 887 879 885 879 896 891 884 885 896 894 896 899 896 902 905 905 904 904 899 905 910 915 908 905 921 922 913 915 926 912 913 926 915 932 927 932 930 924 929 929 944 935 929 935 935 935 946 931 940 946 935 944 941 942 942 941 942 942 944 944 946 961 951 957 958 953 965 953 957 958 971 963 961 965 962 965 971 971 977 971 986 989 971 976 978 977 976 984 980 980 991 992 995 984 992 1000 992 1000 996 992 1003 995 995 1007 1002 994 1003 996 999 1001 999 999 1001 1012 1001 1002 1019 1007 1005 1005 1005 1007 1014 1012 1012 1016 1012 1012 1013 1016 1031 1033 1019 1026 1027 1024 1038 1026 1032 1037 1028 1027 1043 1036 1041 1028 1040 1037 1040 1042 1040 1037 1042 1049 1043 1043 1051 1046 1049 1052 1049 1051 1060 1051 1059 1051 1054 1063 1070 1061 1068 1060 1067 1069 1061 1078 1070 1065 1072 1071 1083 1087 1077 1084 1074 1083 1087 1086 1086 1083 1096 1096 1096 1093 1086 1092 1096 1092 1092 1097 1098 1094 1097 1100 1098 1109 1115 1106 1100 1104 1106 1109 1108 1120 1121 1125 1125 1126 1125 1117 1130 1120 1129 1135 1135 1125 1139 1129 1130 1128 1136 1134 1137 1129 1140 1143 1137 1136 1143 1144 1149 1148 1146 1142 1148 1147 1160 1163 1149 1156 1170 1170 1156 1166 1166 1166 1166 1174
0: (0.0)
1: (0.0)
2: (0.0)
3: (0.0)
4: (0.0)
5: 1 (10.0)
6: (0.0)
7: (0.0)
8: (0.0)
9: (0.0)
10: 4 8 (17.0)
11: 6 7 (18.0)
12: 0 3 9 10 (36.0)
13: (0.0)
14: 11 (8.0)
15: (0.0)
16: 5 12 (19.0)
17: 2 (10.0)
18: (0.0)
19: (0.0)
20: (0.0)
21: (0.0)
22: (0.0)
23: (0.0)
24: (0.0)
25: (0.0)
26: 14 19 (17.0)
27: (0.0)
28: (0.0)
29: 13 15 (20.0)
30: 16 21 23 (24.0)
31: (0.0)
32: 17 18 (18.0)
33: (0.0)
34: 22 (10.0)
35: (0.0)
36: (0.0)
37: (0.0)
38: (0.0)
39: (0.0)
40: 24 (10.0)
41: 20 (9.0)
42: (0.0)
43: (0.0)
44: (0.0)
45: 26 (9.0)
46: 28 32 (18.0)
47: (0.0)
48: (0.0)
49: 30 (9.0)
50: (0.0)
51: 25 (8.0)
52: (0.0)
53: (0.0)
54: 29 34 35 (25.0)
55: 31 (9.0)
56: 27 33 40 (29.0)
57: 37 (9.0)
58: (0.0)
59: (0.0)
60: 38 42 47 (24.0)
61: 36 45 48 (28.0)
62: (0.0)
63: (0.0)
64: (0.0)
65: 39 41 44 (30.0)
66: (0.0)
67: 46 49 (16.0)
68: (0.0)
69: (0.0)
70: 52 55 (19.0)
71: 56 (10.0)
72: 43 50 57 (27.0)
73: (0.0)
74: (0.0)
75: (0.0)
76: (0.0)
77: (0.0)
78: 53 54 (19.0)
79: (0.0)
80: 59 61 (18.0)
81: (0.0)
82: (0.0)
83: 51 58 60 (26.0)
84: (0.0)
85: (0.0)
86: 63 64 (16.0)
87: (0.0)
88: (0.0)
89: (0.0)
90: 65 66 (18.0)
91: (0.0)
92: 62 69 70 (26.0)
93: (0.0)
94: 68 (9.0)
95: (0.0)
96: (0.0)
97: (0.0)
98: 67 (10.0)
99: (0.0)
100: (0.0)
101: (0.0)
102: 73 76 78 (27.0)
103: 82 (9.0)
104: 72 (9.0)
105: (0.0)
106: 84 85 (18.0)
107: 74 75 81 83 (36.0)
108: 89 (8.0)
109: 71 (10.0)
110: 77 80 (17.0)
111: 79 (9.0)
112: (0.0)
113: (0.0)
114: (0.0)
115: (0.0)
116: (0.0)
117: (0.0)
118: 95 (8.0)
119: 87 88 (18.0)
120: (0.0)
121: 92 98 (18.0)
122: 93 (8.0)
123: 86 90 94 96 (33.0)
124: 91 (10.0)
125: (0.0)
126: 103 (10.0)
127: (0.0)
128: (0.0)
129: 99 (8.0)
130: (0.0)
131: 102 105 106 (26.0)
132: (0.0)
133: 97 (8.0)
134: (0.0)
135: 108 (8.0)
136: 100 101 (18.0)
137: (0.0)
138: 104 107 (17.0)
139: (0.0)
140: (0.0)
141: (0.0)
142: (0.0)
143: (0.0)
144: (0.0)
145: (0.0)
146: (0.0)
147: 109 114 (17.0)
148: (0.0)
149: 110 117 (18.0)
150: 112 116 121 (26.0)
151: 118 124 (17.0)
152: 111 (8.0)
153: (0.0)
154: 120 126 (19.0)
155: 123 (8.0)
156: 115 128 (20.0)
157: (0.0)
158: 113 119 130 (25.0)
159: 132 (10.0)
160: (0.0)
161: (0.0)
162: (0.0)
163: (0.0)
164: (0.0)
165: 122 134 (18.0)
166: (0.0)
167: 139 (10.0)
168: 125 129 131 137 (33.0)
169: 133 (8.0)
170: 127 (10.0)
171: (0.0)
172: (0.0)
173: 142 (9.0)
174: 141 (8.0)
175: 136 (10.0)
176: (0.0)
177: 140 (9.0)
178: (0.0)
179: (0.0)
180: 135 143 149 (28.0)
181: 138 (8.0)
182: 147 (8.0)
183: (0.0)
184: (0.0)
185: 144 153 (17.0)
186: 146 151 (18.0)
187: (0.0)
188: 148 150 (17.0)
189: (0.0)
190: 145 (8.0)
191: 154 (10.0)
192: (0.0)
193: (0.0)
194: (0.0)
195: 160 (10.0)
196: 152 155 157 164 (35.0)
197: (0.0)
198: (0.0)
199: 158 (10.0)
200: 161 162 165 (27.0)
201: (0.0)
202: 156 163 (19.0)
203: 159 166 (19.0)
204: (0.0)
205: 167 (10.0)
206: (0.0)
207: (0.0)
208: (0.0)
209: (0.0)
210: (0.0)
211: 174 (10.0)
212: 168 172 175 177 178 (42.0)
213: 170 (8.0)
214: 171 176 (20.0)
215: (0.0)
216: (0.0)
217: 173 (8.0)
218: 179 180 (19.0)
219: (0.0)
220: (0.0)
221: 169 182 (19.0)
222: 181 (9.0)
223: (0.0)
224: (0.0)
225: (0.0)
226: (0.0)
227: (0.0)
228: (0.0)
229: (0.0)
230: (0.0)
231: (0.0)
232: 186 (9.0)
233: (0.0)
234: (0.0)
235: 183 190 (18.0)
236: 184 185 187 191 (36.0)
237: 188 (9.0)
238: (0.0)
239: (0.0)
240: (0.0)
241: (0.0)
242: (0.0)
243: 189 (8.0)
244: 194 (10.0)
245: (0.0)
246: (0.0)
247: (0.0)
248: 192 201 (17.0)
249: 199 (8.0)
250: 195 (10.0)
251: 193 196 200 203 (35.0)
252: (0.0)
253: 204 (9.0)
254: (0.0)
255: 206 (8.0)
256: 197 198 (18.0)
257: (0.0)
258: 207 (10.0)
259: 202 208 (19.0)
260: (0.0)
261: (0.0)
262: 205 212 (18.0)
263: (0.0)
264: 210 (10.0)
265: (0.0)
266: (0.0)
267: (0.0)
268: 209 (9.0)
269: (0.0)
270: (0.0)
271: 214 217 (18.0)
272: 216 (9.0)
273: 211 213 (16.0)
274: (0.0)
275: 218 219 222 224 226 (44.0)
276: 215 221 (18.0)
277: 223 (10.0)
278: (0.0)
279: 225 (8.0)
280: (0.0)
281: 220 (9.0)
282: (0.0)
283: 228 (10.0)
284: (0.0)
285: 229 232 (19.0)
286: (0.0)
287: (0.0)
288: 234 (9.0)
289: (0.0)
290: 231 236 237 (27.0)
291: (0.0)
292: 227 (9.0)
293: (0.0)
294: (0.0)
295: (0.0)
296: 230 (8.0)
297: (0.0)
298: (0.0)
299: 235 239 (18.0)
300: 233 (9.0)
301: (0.0)
302: (0.0)
303: (0.0)
304: (0.0)
305: 238 240 241 (26.0)
306: 242 248 (18.0)
307: (0.0)
308: 245 (10.0)
309: (0.0)
310: 244 (9.0)
311: (0.0)
312: (0.0)
313: (0.0)
314: 246 249 254 (26.0)
315: (0.0)
316: (0.0)
317: 250 (9.0)
318: 253 (8.0)
319: 243 247 (18.0)
320: (0.0)
321: 252 255 256 257 (37.0)
322: (0.0)
323: (0.0)
324: 251 (10.0)
325: (0.0)
326: (0.0)
327: (0.0)
328: 261 262 (19.0)
329: (0.0)
330: 258 260 263 266 (34.0)
331: 259 (10.0)
332: (0.0)
333: 267 (10.0)
334: 265 269 (18.0)
335: (0.0)
336: 268 (8.0)
337: 264 270 272 (26.0)
338: (0.0)
339: (0.0)
340: (0.0)
341: (0.0)
342: 271 (10.0)
343: (0.0)
344: (0.0)
345: 277 (9.0)
346: (0.0)
347: (0.0)
348: (0.0)
349: 273 (10.0)
350: (0.0)
351: 278 281 285 (27.0)
352: 279 286 (17.0)
353: (0.0)
354: (0.0)
355: 275 (9.0)
356: (0.0)
357: (0.0)
358: 274 276 280 282 (37.0)
359: (0.0)
360: (0.0)
361: (0.0)
362: 283 284 288 (29.0)
363: 290 294 (17.0)
364: (0.0)
365: 287 (10.0)
366: 291 295 (18.0)
367: 296 (10.0)
368: (0.0)
369: 289 (8.0)
370: 292 293 297 303 (34.0)
371: 300 302 (18.0)
372: 299 (10.0)
373: (0.0)
374: 298 309 (17.0)
375: 304 307 (19.0)
376: 305 310 (20.0)
377: 301 312 (19.0)
378: (0.0)
379: (0.0)
380: (0.0)
381: (0.0)
382: 306 311 (19.0)
383: (0.0)
384: 308 313 (20.0)
385: (0.0)
386: (0.0)
387: 318 321 (16.0)
388: 320 322 (17.0)
389: 315 317 (18.0)
390: 316 (10.0)
391: (0.0)
392: 314 (8.0)
393: 319 (9.0)
394: (0.0)
395: (0.0)
396: (0.0)
397: (0.0)
398: 323 325 (19.0)
399: (0.0)
400: 324 (9.0)
401: 332 (8.0)
402: (0.0)
403: (0.0)
404: 326 (10.0)
405: (0.0)
406: 336 (8.0)
407: 335 (9.0)
408: (0.0)
409: 331 (9.0)
410: (0.0)
411: 327 (10.0)
412: 328 329 343 (27.0)
413: 333 338 (17.0)
414: 340 (9.0)
415: 330 339 341 (28.0)
416: (0.0)
417: (0.0)
418: 346 (9.0)
419: 334 (9.0)
420: 344 348 349 (28.0)
421: 337 342 345 347 (37.0)
422: (0.0)
423: (0.0)
424: (0.0)
425: (0.0)
426: (0.0)
427: (0.0)
428: (0.0)
429: 350 355 (17.0)
430: (0.0)
431: (0.0)
432: (0.0)
433: (0.0)
434: 351 352 (19.0)
435: (0.0)
436: 353 357 (18.0)
437: 363 (10.0)
438: 354 361 364 (26.0)
439: (0.0)
440: 362 (10.0)
441: (0.0)
442: 356 358 359 (25.0)
443: 368 (8.0)
444: (0.0)
445: 365 (9.0)
446: 366 369 373 (29.0)
447: 367 372 (18.0)
448: (0.0)
449: (0.0)
450: (0.0)
451: 360 (9.0)
452: (0.0)
453: (0.0)
454: 370 376 (18.0)
455: 375 (8.0)
456: 378 (8.0)
457: 381 (8.0)
458: (0.0)
459: (0.0)
460: 374 (8.0)
461: (0.0)
462: 371 379 (19.0)
463: 382 (10.0)
464: 377 (9.0)
465: (0.0)
466: 380 386 (19.0)
467: (0.0)
468: (0.0)
469: (0.0)
470: 383 390 391 (27.0)
471: 384 385 388 389 (39.0)
472: (0.0)
473: (0.0)
474: (0.0)
475: 395 (10.0)
476: (0.0)
477: (0.0)
478: (0.0)
479: 392 399 400 (27.0)
480: 387 (8.0)
481: 393 (8.0)
482: (0.0)
483: 396 397 402 (26.0)
484: (0.0)
485: (0.0)
486: 405 (10.0)
487: (0.0)
488: 394 398 (19.0)
489: (0.0)
490: 401 (10.0)
491: (0.0)
492: 409 (10.0)
493: (0.0)
494: (0.0)
495: 413 (10.0)
496: (0.0)
497: 403 406 408 (27.0)
498: (0.0)
499: 404 407 410 (26.0)
500: 414 (10.0)
501: (0.0)
502: 416 (9.0)
503: 415 (9.0)
504: (0.0)
505: 417 422 (18.0)
506: 412 420 (19.0)
507: (0.0)
508: 411 418 419 425 (35.0)
509: (0.0)
510: (0.0)
511: 421 426 428 (25.0)
512: (0.0)
513: 424 (8.0)
514: (0.0)
515: (0.0)
516: (0.0)
517: (0.0)
518: 423 (9.0)
519: 427 430 (20.0)
520: (0.0)
521: (0.0)
522: (0.0)
523: 433 (8.0)
524: 435 (10.0)
525: (0.0)
526: (0.0)
527: (0.0)
528: 429 437 (19.0)
529: 432 434 436 438 (35.0)
530: (0.0)
531: 440 (8.0)
532: (0.0)
533: 431 (10.0)
534: (0.0)
535: 444 (9.0)
536: (0.0)
537: (0.0)
538: (0.0)
539: 446 (10.0)
540: 447 (8.0)
541: 443 448 (16.0)
542: 445 (9.0)
543: 439 441 (18.0)
544: (0.0)
545: (0.0)
546: (0.0)
547: (0.0)
548: 442 451 (20.0)
549: (0.0)
550: (0.0)
551: 450 (10.0)
552: (0.0)
553: (0.0)
554: (0.0)
555: (0.0)
556: 449 452 459 462 (36.0)
557: (0.0)
558: (0.0)
559: 453 456 (16.0)
560: 455 (10.0)
561: (0.0)
562: 466 (8.0)
563: 458 (9.0)
564: 454 457 460 467 (35.0)
565: (0.0)
566: 461 463 464 (28.0)
567: (0.0)
568: (0.0)
569: 468 (10.0)
570: 465 (9.0)
571: (0.0)
572: (0.0)
573: (0.0)
574: (0.0)
575: 470 (9.0)
576: (0.0)
577: 473 (10.0)
578: (0.0)
579: (0.0)
580: 475 476 (19.0)
581: 478 (10.0)
582: (0.0)
583: 472 (10.0)
584: 480 (10.0)
585: 469 471 (19.0)
586: (0.0)
587: (0.0)
588: 479 481 (17.0)
589: (0.0)
590: (0.0)
591: 482 (8.0)
592: 474 (8.0)
593: (0.0)
594: (0.0)
595: (0.0)
596: 477 (10.0)
597: 487 489 (18.0)
598: 483 488 (16.0)
599: 484 485 (20.0)
600: 486 492 (20.0)
601: (0.0)
602: (0.0)
603: (0.0)
604: (0.0)
605: 490 (8.0)
606: (0.0)
607: 493 (9.0)
608: 491 496 (19.0)
609: (0.0)
610: 494 495 498 (27.0)
611: (0.0)
612: 504 (10.0)
613: (0.0)
614: 497 506 (18.0)
615: 503 505 507 (29.0)
616: (0.0)
617: 508 (10.0)
618: (0.0)
619: (0.0)
620: 500 502 509 (27.0)
621: (0.0)
622: 501 513 (17.0)
623: 499 (8.0)
624: (0.0)
625: (0.0)
626: (0.0)
627: 511 516 517 (25.0)
628: (0.0)
629: 515 522 (20.0)
630: 514 (8.0)
631: 519 (10.0)
632: (0.0)
633: 510 518 (18.0)
634: 520 (9.0)
635: 512 523 (19.0)
636: (0.0)
637: (0.0)
638: 527 (9.0)
639: 525 530 (17.0)
640: (0.0)
641: (0.0)
642: (0.0)
643: (0.0)
644: 529 533 (18.0)
645: 532 537 (17.0)
646: 521 524 534 (26.0)
647: (0.0)
648: 526 528 531 (28.0)
649: (0.0)
650: (0.0)
651: (0.0)
652: (0.0)
653: (0.0)
654: 536 538 (19.0)
655: (0.0)
656: (0.0)
657: (0.0)
658: 540 542 547 549 (36.0)
659: 541 (8.0)
660: 535 (9.0)
661: 545 (9.0)
662: (0.0)
663: 543 548 558 (29.0)
664: 539 550 561 (28.0)
665: 552 557 (19.0)
666: (0.0)
667: 544 553 564 (24.0)
668: 546 551 559 565 (37.0)
669: 554 563 (19.0)
670: (0.0)
671: 556 562 566 567 (38.0)
672: 560 (9.0)
673: (0.0)
674: (0.0)
675: 555 (10.0)
676: (0.0)
677: (0.0)
678: (0.0)
679: 568 (8.0)
680: (0.0)
681: (0.0)
682: 573 (10.0)
683: (0.0)
684: (0.0)
685: (0.0)
686: 578 (9.0)
687: 576 (10.0)
688: 569 570 579 (27.0)
689: (0.0)
690: (0.0)
691: 571 574 575 581 (36.0)
692: 580 (8.0)
693: 572 (8.0)
694: (0.0)
695: (0.0)
696: (0.0)
697: (0.0)
698: (0.0)
699: 577 (9.0)
700: 582 583 585 587 589 (41.0)
701: (0.0)
702: 588 (8.0)
703: (0.0)
704: 584 595 (18.0)
705: (0.0)
706: 594 (9.0)
707: 590 596 (19.0)
708: 586 (10.0)
709: 591 592 598 600 (36.0)
710: (0.0)
711: (0.0)
712: (0.0)
713: (0.0)
714: (0.0)
715: (0.0)
716: 597 (8.0)
717: 593 605 (17.0)
718: (0.0)
719: (0.0)
720: (0.0)
721: (0.0)
722: 601 613 (18.0)
723: 610 611 (18.0)
724: 604 608 (18.0)
725: 599 606 (20.0)
726: 603 (10.0)
727: 609 612 615 (26.0)
728: 617 (9.0)
729: 607 (8.0)
730: (0.0)
731: 602 614 (18.0)
732: (0.0)
733: (0.0)
734: (0.0)
735: (0.0)
736: (0.0)
737: (0.0)
738: (0.0)
739: (0.0)
740: 618 619 (18.0)
741: (0.0)
742: (0.0)
743: 616 625 (18.0)
744: (0.0)
745: 620 622 626 (28.0)
746: (0.0)
747: (0.0)
748: (0.0)
749: (0.0)
750: 621 628 629 630 (34.0)
751: 624 627 633 (26.0)
752: (0.0)
753: (0.0)
754: 639 (9.0)
755: (0.0)
756: 623 631 (19.0)
757: 635 638 640 643 (34.0)
758: 636 637 (18.0)
759: (0.0)
760: 644 (8.0)
761: (0.0)
762: 632 642 (17.0)
763: (0.0)
764: 649 (10.0)
765: (0.0)
766: 634 650 652 (27.0)
767: (0.0)
768: 645 (9.0)
769: 647 655 (18.0)
770: 641 651 (19.0)
771: 646 (8.0)
772: 654 656 (17.0)
773: (0.0)
774: (0.0)
775: (0.0)
776: (0.0)
777: 662 (10.0)
778: 664 (8.0)
779: 660 (8.0)
780: 663 (9.0)
781: 648 658 659 661 (34.0)
782: 653 666 (20.0)
783: (0.0)
784: (0.0)
785: 657 665 (18.0)
786: (0.0)
787: (0.0)
788: (0.0)
789: (0.0)
790: (0.0)
791: (0.0)
792: (0.0)
793: (0.0)
794: (0.0)
795: 667 669 671 675 (35.0)
796: 670 678 (18.0)
797: (0.0)
798: 668 672 676 679 (36.0)
799: 673 (9.0)
800: (0.0)
801: (0.0)
802: (0.0)
803: (0.0)
804: 680 (9.0)
805: (0.0)
806: 677 681 (17.0)
807: 674 682 684 (26.0)
808: 683 (8.0)
809: 686 (9.0)
810: (0.0)
811: (0.0)
812: 685 (9.0)
813: 687 688 (20.0)
814: (0.0)
815: (0.0)
816: (0.0)
817: (0.0)
818: (0.0)
819: 695 (9.0)
820: (0.0)
821: (0.0)
822: (0.0)
823: 690 (8.0)
824: (0.0)
825: 691 692 698 (29.0)
826: 696 701 (17.0)
827: 694 (9.0)
828: (0.0)
829: 693 703 (19.0)
830: 689 697 702 (27.0)
831: (0.0)
832: (0.0)
833: (0.0)
834: 706 (10.0)
835: 699 700 708 709 (37.0)
836: (0.0)
837: 704 705 (16.0)
838: 707 711 (17.0)
839: (0.0)
840: 710 713 (18.0)
841: (0.0)
842: (0.0)
843: (0.0)
844: 718 (8.0)
845: 715 (9.0)
846: 714 (10.0)
847: (0.0)
848: 712 (10.0)
849: 720 (9.0)
850: (0.0)
851: (0.0)
852: (0.0)
853: (0.0)
854: 719 (9.0)
855: (0.0)
856: (0.0)
857: 716 722 724 (28.0)
858: (0.0)
859: 717 (10.0)
860: (0.0)
861: (0.0)
862: (0.0)
863: 721 (10.0)
864: (0.0)
865: 725 728 (18.0)
866: (0.0)
867: (0.0)
868: 726 732 (19.0)
869: 723 729 (16.0)
870: (0.0)
871: 727 733 740 (27.0)
872: 730 739 (16.0)
873: (0.0)
874: (0.0)
875: (0.0)
876: 734 (9.0)
877: (0.0)
878: 731 736 (20.0)
879: 743 745 (18.0)
880: 735 738 (16.0)
881: (0.0)
882: (0.0)
883: 737 741 (19.0)
884: 748 (9.0)
885: 744 749 (19.0)
886: (0.0)
887: 742 (10.0)
888: (0.0)
889: (0.0)
890: (0.0)
891: 747 (8.0)
892: (0.0)
893: (0.0)
894: 751 (10.0)
895: (0.0)
896: 746 750 752 754 (38.0)
897: (0.0)
898: (0.0)
899: 753 760 (19.0)
900: (0.0)
901: (0.0)
902: 755 (10.0)
903: (0.0)
904: 758 759 (19.0)
905: 756 757 761 765 (35.0)
906: (0.0)
907: (0.0)
908: 764 (9.0)
909: (0.0)
910: 762 (10.0)
911: (0.0)
912: 771 (10.0)
913: 768 772 (19.0)
914: (0.0)
915: 763 769 774 (26.0)
916: (0.0)
917: (0.0)
918: (0.0)
919: (0.0)
920: (0.0)
921: 766 (9.0)
922: 767 (8.0)
923: (0.0)
924: 779 (10.0)
925: (0.0)
926: 770 773 (20.0)
927: 776 (10.0)
928: (0.0)
929: 780 781 784 (30.0)
930: 778 (10.0)
931: 789 (8.0)
932: 775 777 (18.0)
933: (0.0)
934: (0.0)
935: 783 785 786 787 792 (46.0)
936: (0.0)
937: (0.0)
938: (0.0)
939: (0.0)
940: 790 (9.0)
941: 794 797 (17.0)
942: 795 796 798 799 (37.0)
943: (0.0)
944: 782 793 800 801 (36.0)
945: (0.0)
946: 788 791 802 (26.0)
947: (0.0)
948: (0.0)
949: (0.0)
950: (0.0)
951: 804 (8.0)
952: (0.0)
953: 807 809 (19.0)
954: (0.0)
955: (0.0)
956: (0.0)
957: 805 810 (19.0)
958: 806 811 (17.0)
959: (0.0)
960: (0.0)
961: 803 814 (18.0)
962: 816 (8.0)
963: 813 (8.0)
964: (0.0)
965: 808 815 817 (27.0)
966: (0.0)
967: (0.0)
968: (0.0)
969: (0.0)
970: (0.0)
971: 812 818 819 821 824 (47.0)
972: (0.0)
973: (0.0)
974: (0.0)
975: (0.0)
976: 825 828 (18.0)
977: 820 827 (18.0)
978: 826 (8.0)
979: (0.0)
980: 830 831 (18.0)
981: (0.0)
982: (0.0)
983: (0.0)
984: 829 835 (19.0)
985: (0.0)
986: 822 (10.0)
987: (0.0)
988: (0.0)
989: 823 (8.0)
990: (0.0)
991: 832 (8.0)
992: 833 836 838 841 (37.0)
993: (0.0)
994: 847 (8.0)
995: 834 843 844 (26.0)
996: 840 849 (18.0)
997: (0.0)
998: (0.0)
999: 850 852 853 (26.0)
1000: 837 839 (20.0)
1001: 851 854 856 (26.0)
1002: 846 857 (20.0)
1003: 842 848 (18.0)
1004: (0.0)
1005: 860 861 862 (28.0)
1006: (0.0)
1007: 845 859 863 (28.0)
1008: (0.0)
1009: (0.0)
1010: (0.0)
1011: (0.0)
1012: 855 865 866 868 869 (45.0)
1013: 870 (8.0)
1014: 864 (10.0)
1015: (0.0)
1016: 867 871 (18.0)
1017: (0.0)
1018: (0.0)
1019: 858 874 (19.0)
1020: (0.0)
1021: (0.0)
1022: (0.0)
1023: (0.0)
1024: 877 (8.0)
1025: (0.0)
1026: 875 879 (19.0)
1027: 876 883 (17.0)
1028: 882 887 (18.0)
1029: (0.0)
1030: (0.0)
1031: 872 (10.0)
1032: 880 (8.0)
1033: 873 (9.0)
1034: (0.0)
1035: (0.0)
1036: 885 (10.0)
1037: 881 889 893 (25.0)
1038: 878 (8.0)
1039: (0.0)
1040: 888 890 892 (26.0)
1041: 886 (8.0)
1042: 891 894 (19.0)
1043: 884 896 897 (25.0)
1044: (0.0)
1045: (0.0)
1046: 899 (8.0)
1047: (0.0)
1048: (0.0)
1049: 895 900 902 (28.0)
1050: (0.0)
1051: 898 903 905 907 (40.0)
1052: 901 (8.0)
1053: (0.0)
1054: 908 (10.0)
1055: (0.0)
1056: (0.0)
1057: (0.0)
1058: (0.0)
1059: 906 (8.0)
1060: 904 913 (19.0)
1061: 911 916 (17.0)
1062: (0.0)
1063: 909 (8.0)
1064: (0.0)
1065: 919 (8.0)
1066: (0.0)
1067: 914 (9.0)
1068: 912 (8.0)
1069: 915 (8.0)
1070: 910 918 (17.0)
1071: 921 (10.0)
1072: 920 (9.0)
1073: (0.0)
1074: 926 (8.0)
1075: (0.0)
1076: (0.0)
1077: 924 (8.0)
1078: 917 (8.0)
1079: (0.0)
1080: (0.0)
1081: (0.0)
1082: (0.0)
1083: 922 927 931 (29.0)
1084: 925 (9.0)
1085: (0.0)
1086: 929 930 936 (26.0)
1087: 923 928 (19.0)
1088: (0.0)
1089: (0.0)
1090: (0.0)
1091: (0.0)
1092: 937 939 940 (29.0)
1093: 935 (9.0)
1094: 943 (10.0)
1095: (0.0)
1096: 932 933 934 938 (35.0)
1097: 941 944 (18.0)
1098: 942 946 (20.0)
1099: (0.0)
1100: 945 950 (19.0)
1101: (0.0)
1102: (0.0)
1103: (0.0)
1104: 951 (8.0)
1105: (0.0)
1106: 949 952 (19.0)
1107: (0.0)
1108: 954 (8.0)
1109: 947 953 (20.0)
1110: (0.0)
1111: (0.0)
1112: (0.0)
1113: (0.0)
1114: (0.0)
1115: 948 (8.0)
1116: (0.0)
1117: 961 (10.0)
1118: (0.0)
1119: (0.0)
1120: 955 963 (19.0)
1121: 956 (9.0)
1122: (0.0)
1123: (0.0)
1124: (0.0)
1125: 957 958 960 967 (36.0)
1126: 959 (10.0)
1127: (0.0)
1128: 971 (10.0)
1129: 964 969 975 (26.0)
1130: 962 970 (18.0)
1131: (0.0)
1132: (0.0)
1133: (0.0)
1134: 973 (8.0)
1135: 965 966 (20.0)
1136: 972 979 (18.0)
1137: 974 978 (17.0)
1138: (0.0)
1139: 968 (9.0)
1140: 976 (10.0)
1141: (0.0)
1142: 985 (10.0)
1143: 977 980 (17.0)
1144: 981 (9.0)
1145: (0.0)
1146: 984 (9.0)
1147: 987 (9.0)
1148: 983 986 (19.0)
1149: 982 990 (18.0)
1150: (0.0)
1151: (0.0)
1152: (0.0)
1153: (0.0)
1154: (0.0)
1155: (0.0)
1156: 991 994 (19.0)
1157: (0.0)
1158: (0.0)
1159: (0.0)
1160: 988 (10.0)
1161: (0.0)
1162: (0.0)
1163: 989 (10.0)
1164: (0.0)
1165: (0.0)
1166: 995 996 997 998 (37.0)
1167: (0.0)
1168: (0.0)
1169: (0.0)
1170: 992 993 (19.0)
1171: (0.0)
1172: (0.0)
1173: (0.0)
1174: 999 (8.0)
1175: (0.0)
