Name: 1000-50-100
Time: 27.66182017326355 
Result: 18839047
Solution:  23 14 22 18 18 25 20 18 18 29 18 12 31 30 18 14 24 24 30 36 29 43 23 28 47 41 41 48 42 35 43 57 50 57 42 44 40 54 65 46 47 69 55 55 57 54 69 58 70 55 65 74 70 62 75 60 65 68 84 87 78 84 90 76 92 75 91 88 92 92 88 92 99 90 91 82 87 84 90 88 96 96 114 96 107 114 115 112 122 121 116 123 120 116 113 115 116 126 132 116 112 115 127 135 122 119 121 134 122 136 134 138 144 140 141 149 144 138 157 155 144 155 149 159 154 167 165 154 167 161 165 174 154 177 154 176 168 182 163 166 174 168 169 170 184 166 170 176 189 189 186 183 191 178 173 184 189 185 192 197 197 203 191 194 203 189 203 194 190 197 211 192 200 192 210 210 209 197 211 213 200 200 200 222 216 208 213 225 208 232 225 213 231 216 229 217 222 232 230 232 225 228 232 240 244 240 245 231 236 243 228 243 245 233 250 257 252 249 236 252 253 252 254 241 261 258 250 249 273 254 272 254 260 258 275 267 273 268 275 279 286 288 279 272 286 274 273 280 287 280 279 280 280 291 286 288 304 305 294 301 301 304 308 312 320 315 298 306 315 324 324 313 330 311 323 322 315 311 326 335 319 322 328 338 319 330 327 342 327 324 335 332 336 336 335 338 352 349 349 335 352 342 350 359 341 359 352 346 370 345 360 356 349 352 360 352 370 367 353 359 366 368 377 374 380 363 385 377 389 379 383 368 392 387 392 385 394 391 387 377 380 395 392 391 387 401 384 395 392 392 405 405 398 395 394 407 405 413 414 404 423 414 412 420 415 428 423 412 413 412 431 422 426 422 430 425 423 441 425 440 438 430 445 431 438 430 433 436 447 453 445 447 456 457 439 441 457 448 442 459 456 460 453 462 457 452 449 464 475 460 466 462 473 462 457 462 470 473 474 471 487 483 468 467 483 484 474 483 480 494 498 489 497 498 500 496 483 504 491 500 488 494 510 494 503 510 491 510 496 496 502 498 513 521 504 504 504 518 508 523 517 510 528 521 523 529 519 535 534 534 523 536 534 537 544 545 536 547 532 552 552 552 557 556 554 549 547 558 559 558 558 551 575 558 570 558 580 578 578 578 578 574 566 577 578 587 589 574 592 588 595 582 594 595 581 582 592 591 600 597 606 593 603 600 597 608 609 619 608 603 621 613 619 626 617 614 619 621 624 630 624 621 620 639 629 629 635 635 626 632 647 648 642 643 635 651 641 648 648 659 658 652 648 665 662 649 658 658 651 658 652 657 659 659 672 668 665 659 668 664 668 666 671 683 689 684 688 688 690 672 675 696 694 696 694 690 687 702 695 683 687 700 696 710 699 701 710 708 712 713 700 717 717 717 715 712 703 702 725 712 716 708 715 720 720 735 732 740 725 739 722 725 725 731 741 741 742 727 740 732 742 753 734 752 746 738 739 760 753 745 749 760 752 762 767 749 763 766 749 767 759 759 768 767 778 770 762 772 760 778 762 771 776 767 778 773 771 775 777 773 775 784 788 778 800 795 798 800 802 800 795 792 802 806 800 802 808 806 812 795 802 797 804 806 813 804 806 821 812 817 825 804 814 827 827 825 826 823 826 814 825 817 830 834 821 834 837 838 826 846 841 831 847 847 831 846 834 852 851 846 845 860 847 851 852 851 853 864 846 850 850 866 855 862 869 872 875 878 870 874 875 885 866 887 879 885 875 881 887 874 878 879 900 887 891 893 905 893 897 888 889 891 893 894 897 907 911 907 914 907 894 905 914 913 905 907 908 925 922 918 909 927 921 914 924 925 922 923 927 918 925 933 923 932 923 931 924 933 932 928 930 928 950 941 945 934 951 945 940 942 948 950 950 954 948 956 954 963 956 968 971 959 968 974 959 964 968 968 982 974 982 976 982 968 989 974 984 987 974 978 992 978 983 987 1001 1000 1000 1000 1008 1004 1003 1000 1012 1004 1012 1000 1021 1003 1023 1022 1012 1014 1013 1027 1013 1020 1032 1014 1015 1015 1026 1026 1035 1037 1037 1021 1023 1042 1035 1027 1049 1040 1039 1050 1040 1042 1042 1049 1033 1055 1050 1049 1043 1058 1055 1042 1052 1057 1058 1055 1058 1061 1071 1058 1065 1073 1064 1065 1073 1061 1071 1077 1081 1083 1086 1073 1087 1071 1086 1086 1076 1079 1079 1076 1081 1086 1089 1102 1099 1081 1101 1099 1101 1089 1087 1105 1102 1115 1102 1105 1105 1098 1119 1117 1116 1126 1115 1103 1126 1118 1118 1111 1128 1128 1128 1134 1129 1133 1133 1129 1133 1138 1136 1137 1145 1146 1145 1149 1133 1136 1145 1139 1153 1145 1140 1154 1161 1147 1145 1149
0: (0.0)
1: (0.0)
2: (0.0)
3: (0.0)
4: (0.0)
5: (0.0)
6: (0.0)
7: (0.0)
8: (0.0)
9: (0.0)
10: (0.0)
11: (0.0)
12: 11 (10.0)
13: (0.0)
14: 1 15 (17.0)
15: (0.0)
16: (0.0)
17: (0.0)
18: 3 4 7 8 10 14 (55.0)
19: (0.0)
20: 6 (10.0)
21: (0.0)
22: 2 (8.0)
23: 0 22 (18.0)
24: 16 17 (17.0)
25: 5 (9.0)
26: (0.0)
27: (0.0)
28: 23 (10.0)
29: 9 20 (17.0)
30: 13 18 (18.0)
31: 12 (8.0)
32: (0.0)
33: (0.0)
34: (0.0)
35: 29 (9.0)
36: 19 (9.0)
37: (0.0)
38: (0.0)
39: (0.0)
40: 36 (8.0)
41: 25 26 (20.0)
42: 28 34 (16.0)
43: 21 30 (18.0)
44: 35 (9.0)
45: (0.0)
46: 39 (9.0)
47: 24 40 (16.0)
48: 27 (8.0)
49: (0.0)
50: 32 (8.0)
51: (0.0)
52: (0.0)
53: (0.0)
54: 37 45 (18.0)
55: 42 43 49 (28.0)
56: (0.0)
57: 31 33 44 (26.0)
58: 47 (10.0)
59: (0.0)
60: 55 (9.0)
61: (0.0)
62: 53 (10.0)
63: (0.0)
64: (0.0)
65: 38 50 56 (30.0)
66: (0.0)
67: (0.0)
68: 57 (8.0)
69: 41 46 (16.0)
70: 48 52 (17.0)
71: (0.0)
72: (0.0)
73: (0.0)
74: 51 (9.0)
75: 54 65 (17.0)
76: 63 (10.0)
77: (0.0)
78: 60 (10.0)
79: (0.0)
80: (0.0)
81: (0.0)
82: 75 (8.0)
83: (0.0)
84: 58 61 77 (25.0)
85: (0.0)
86: (0.0)
87: 59 76 (19.0)
88: 67 70 79 (28.0)
89: (0.0)
90: 62 73 78 (28.0)
91: 66 74 (19.0)
92: 64 68 69 71 (35.0)
93: (0.0)
94: (0.0)
95: (0.0)
96: 80 81 83 (28.0)
97: (0.0)
98: (0.0)
99: 72 (10.0)
100: (0.0)
101: (0.0)
102: (0.0)
103: (0.0)
104: (0.0)
105: (0.0)
106: (0.0)
107: 84 (9.0)
108: (0.0)
109: (0.0)
110: (0.0)
111: (0.0)
112: 87 100 (20.0)
113: 94 (8.0)
114: 82 85 (16.0)
115: 86 95 101 (28.0)
116: 90 93 96 99 (34.0)
117: (0.0)
118: (0.0)
119: 105 (8.0)
120: 92 (9.0)
121: 89 106 (18.0)
122: 88 104 108 (27.0)
123: 91 (9.0)
124: (0.0)
125: (0.0)
126: 97 (9.0)
127: 102 (8.0)
128: (0.0)
129: (0.0)
130: (0.0)
131: (0.0)
132: 98 (9.0)
133: (0.0)
134: 107 110 (19.0)
135: 103 (8.0)
136: 109 (9.0)
137: (0.0)
138: 111 117 (16.0)
139: (0.0)
140: 113 (10.0)
141: 114 (8.0)
142: (0.0)
143: (0.0)
144: 112 116 120 (27.0)
145: (0.0)
146: (0.0)
147: (0.0)
148: (0.0)
149: 115 122 (20.0)
150: (0.0)
151: (0.0)
152: (0.0)
153: (0.0)
154: 124 127 132 134 (35.0)
155: 119 121 (19.0)
156: (0.0)
157: 118 (10.0)
158: (0.0)
159: 123 (10.0)
160: (0.0)
161: 129 (8.0)
162: (0.0)
163: 138 (10.0)
164: (0.0)
165: 126 130 (19.0)
166: 139 145 (19.0)
167: 125 128 (16.0)
168: 136 141 (18.0)
169: 142 (9.0)
170: 143 146 (16.0)
171: (0.0)
172: (0.0)
173: 154 (9.0)
174: 131 140 (17.0)
175: (0.0)
176: 135 147 (19.0)
177: 133 (8.0)
178: 153 (8.0)
179: (0.0)
180: (0.0)
181: (0.0)
182: 137 (10.0)
183: 151 (10.0)
184: 144 155 (17.0)
185: 157 (8.0)
186: 150 (9.0)
187: (0.0)
188: (0.0)
189: 148 149 156 165 (34.0)
190: 168 (10.0)
191: 152 162 (16.0)
192: 158 171 173 (25.0)
193: (0.0)
194: 163 167 (19.0)
195: (0.0)
196: (0.0)
197: 159 160 169 177 (34.0)
198: (0.0)
199: (0.0)
200: 172 180 181 182 (38.0)
201: (0.0)
202: (0.0)
203: 161 164 166 (26.0)
204: (0.0)
205: (0.0)
206: (0.0)
207: (0.0)
208: 185 188 (18.0)
209: 176 (8.0)
210: 174 175 (17.0)
211: 170 178 (19.0)
212: (0.0)
213: 179 186 191 (27.0)
214: (0.0)
215: (0.0)
216: 184 193 (16.0)
217: 195 (8.0)
218: (0.0)
219: (0.0)
220: (0.0)
221: (0.0)
222: 183 196 (18.0)
223: (0.0)
224: (0.0)
225: 187 190 200 (25.0)
226: (0.0)
227: (0.0)
228: 201 210 (16.0)
229: 194 (10.0)
230: 198 (8.0)
231: 192 207 (16.0)
232: 189 197 199 202 (37.0)
233: 213 (10.0)
234: (0.0)
235: (0.0)
236: 208 218 (18.0)
237: (0.0)
238: (0.0)
239: (0.0)
240: 203 205 (19.0)
241: 223 (9.0)
242: (0.0)
243: 209 211 (16.0)
244: 204 (10.0)
245: 206 212 (19.0)
246: (0.0)
247: (0.0)
248: (0.0)
249: 217 227 (18.0)
250: 214 226 (17.0)
251: (0.0)
252: 216 219 221 (27.0)
253: 220 (10.0)
254: 222 229 231 (25.0)
255: (0.0)
256: (0.0)
257: 215 (9.0)
258: 225 233 (18.0)
259: (0.0)
260: 232 (8.0)
261: 224 (10.0)
262: (0.0)
263: (0.0)
264: (0.0)
265: (0.0)
266: (0.0)
267: 235 (10.0)
268: 237 (8.0)
269: (0.0)
270: (0.0)
271: (0.0)
272: 230 243 (17.0)
273: 228 236 246 (27.0)
274: 245 (10.0)
275: 234 238 (16.0)
276: (0.0)
277: (0.0)
278: (0.0)
279: 239 242 250 (28.0)
280: 247 249 251 252 (34.0)
281: (0.0)
282: (0.0)
283: (0.0)
284: (0.0)
285: (0.0)
286: 240 244 254 (27.0)
287: 248 (10.0)
288: 241 255 (16.0)
289: (0.0)
290: (0.0)
291: 253 (8.0)
292: (0.0)
293: (0.0)
294: 258 (8.0)
295: (0.0)
296: (0.0)
297: (0.0)
298: 266 (9.0)
299: (0.0)
300: (0.0)
301: 259 260 (20.0)
302: (0.0)
303: (0.0)
304: 256 261 (19.0)
305: 257 (10.0)
306: 267 (10.0)
307: (0.0)
308: 262 (9.0)
309: (0.0)
310: (0.0)
311: 273 277 (18.0)
312: 263 (9.0)
313: 271 (10.0)
314: (0.0)
315: 265 268 276 (27.0)
316: (0.0)
317: (0.0)
318: (0.0)
319: 280 284 (18.0)
320: 264 (8.0)
321: (0.0)
322: 275 281 (16.0)
323: 274 (9.0)
324: 269 270 289 (28.0)
325: (0.0)
326: 278 (9.0)
327: 286 288 (18.0)
328: 282 (8.0)
329: (0.0)
330: 272 285 (18.0)
331: (0.0)
332: 291 (9.0)
333: (0.0)
334: (0.0)
335: 279 290 294 299 (37.0)
336: 292 293 (17.0)
337: (0.0)
338: 283 295 (17.0)
339: (0.0)
340: (0.0)
341: 304 (9.0)
342: 287 301 (19.0)
343: (0.0)
344: (0.0)
345: 309 (9.0)
346: 307 (8.0)
347: (0.0)
348: (0.0)
349: 297 298 312 (26.0)
350: 302 (8.0)
351: (0.0)
352: 296 300 306 313 315 (46.0)
353: 318 (10.0)
354: (0.0)
355: (0.0)
356: 311 (10.0)
357: (0.0)
358: (0.0)
359: 303 305 319 (27.0)
360: 310 314 (20.0)
361: (0.0)
362: (0.0)
363: 325 (8.0)
364: (0.0)
365: (0.0)
366: 320 (9.0)
367: 317 (10.0)
368: 321 331 (19.0)
369: (0.0)
370: 308 316 (18.0)
371: (0.0)
372: (0.0)
373: (0.0)
374: 323 (9.0)
375: (0.0)
376: (0.0)
377: 322 327 339 (28.0)
378: (0.0)
379: 329 (8.0)
380: 324 340 (20.0)
381: (0.0)
382: (0.0)
383: 330 (10.0)
384: 346 (9.0)
385: 326 335 (19.0)
386: (0.0)
387: 333 338 344 (26.0)
388: (0.0)
389: 328 (8.0)
390: (0.0)
391: 337 343 (20.0)
392: 332 334 342 348 349 (42.0)
393: (0.0)
394: 336 354 (16.0)
395: 341 347 353 (26.0)
396: (0.0)
397: (0.0)
398: 352 (8.0)
399: (0.0)
400: (0.0)
401: 345 (8.0)
402: (0.0)
403: (0.0)
404: 359 (9.0)
405: 350 351 356 (28.0)
406: (0.0)
407: 355 (8.0)
408: (0.0)
409: (0.0)
410: (0.0)
411: (0.0)
412: 362 367 369 (26.0)
413: 357 368 (19.0)
414: 358 361 (19.0)
415: 364 (9.0)
416: (0.0)
417: (0.0)
418: (0.0)
419: (0.0)
420: 363 (8.0)
421: (0.0)
422: 371 373 (19.0)
423: 360 366 376 (27.0)
424: (0.0)
425: 375 378 (19.0)
426: 372 (9.0)
427: (0.0)
428: 365 (8.0)
429: (0.0)
430: 374 381 385 (28.0)
431: 370 383 (19.0)
432: (0.0)
433: 386 (10.0)
434: (0.0)
435: (0.0)
436: 387 (8.0)
437: (0.0)
438: 380 384 (20.0)
439: 394 (10.0)
440: 379 (10.0)
441: 377 395 (16.0)
442: 398 (10.0)
443: (0.0)
444: (0.0)
445: 382 390 (16.0)
446: (0.0)
447: 388 391 (17.0)
448: 397 (8.0)
449: 406 (8.0)
450: (0.0)
451: (0.0)
452: 405 (10.0)
453: 389 402 (18.0)
454: (0.0)
455: (0.0)
456: 392 400 (18.0)
457: 393 396 404 414 (34.0)
458: (0.0)
459: 399 (8.0)
460: 401 409 (19.0)
461: (0.0)
462: 403 411 413 415 (37.0)
463: (0.0)
464: 407 (9.0)
465: (0.0)
466: 410 (8.0)
467: 423 (8.0)
468: 422 (10.0)
469: (0.0)
470: 416 (9.0)
471: 419 (10.0)
472: (0.0)
473: 412 417 (19.0)
474: 418 426 (18.0)
475: 408 (10.0)
476: (0.0)
477: (0.0)
478: (0.0)
479: (0.0)
480: 428 (9.0)
481: (0.0)
482: (0.0)
483: 421 424 427 436 (37.0)
484: 425 (9.0)
485: (0.0)
486: (0.0)
487: 420 (10.0)
488: 440 (10.0)
489: 431 (8.0)
490: (0.0)
491: 438 446 (18.0)
492: (0.0)
493: (0.0)
494: 429 441 443 (27.0)
495: (0.0)
496: 435 448 449 (28.0)
497: 432 (8.0)
498: 430 433 451 (28.0)
499: (0.0)
500: 434 439 (17.0)
501: (0.0)
502: 450 (9.0)
503: 444 (9.0)
504: 437 454 455 456 (35.0)
505: (0.0)
506: (0.0)
507: (0.0)
508: 458 (8.0)
509: (0.0)
510: 442 445 447 461 (37.0)
511: (0.0)
512: (0.0)
513: 452 (10.0)
514: (0.0)
515: (0.0)
516: (0.0)
517: 460 (8.0)
518: 457 (9.0)
519: 466 (9.0)
520: (0.0)
521: 453 463 (20.0)
522: (0.0)
523: 459 464 470 (25.0)
524: (0.0)
525: (0.0)
526: (0.0)
527: (0.0)
528: 462 (8.0)
529: 465 (10.0)
530: (0.0)
531: (0.0)
532: 478 (8.0)
533: (0.0)
534: 468 469 472 (26.0)
535: 467 (9.0)
536: 471 476 (19.0)
537: 473 (10.0)
538: (0.0)
539: (0.0)
540: (0.0)
541: (0.0)
542: (0.0)
543: (0.0)
544: 474 (9.0)
545: 475 (10.0)
546: (0.0)
547: 477 486 (19.0)
548: (0.0)
549: 485 (8.0)
550: (0.0)
551: 491 (10.0)
552: 479 480 481 (29.0)
553: (0.0)
554: 484 (10.0)
555: (0.0)
556: 483 (10.0)
557: 482 (8.0)
558: 487 489 490 493 495 (46.0)
559: 488 (10.0)
560: (0.0)
561: (0.0)
562: (0.0)
563: (0.0)
564: (0.0)
565: (0.0)
566: 502 (10.0)
567: (0.0)
568: (0.0)
569: (0.0)
570: 494 (9.0)
571: (0.0)
572: (0.0)
573: (0.0)
574: 501 507 (16.0)
575: 492 (8.0)
576: (0.0)
577: 503 (8.0)
578: 497 498 499 500 504 (43.0)
579: (0.0)
580: 496 (8.0)
581: 514 (9.0)
582: 511 515 (17.0)
583: (0.0)
584: (0.0)
585: (0.0)
586: (0.0)
587: 505 (9.0)
588: 509 (8.0)
589: 506 (9.0)
590: (0.0)
591: 517 (8.0)
592: 508 516 (18.0)
593: 521 (9.0)
594: 512 (8.0)
595: 510 513 (17.0)
596: (0.0)
597: 519 524 (19.0)
598: (0.0)
599: (0.0)
600: 518 523 (20.0)
601: (0.0)
602: (0.0)
603: 522 529 (18.0)
604: (0.0)
605: (0.0)
606: 520 (10.0)
607: (0.0)
608: 525 528 (19.0)
609: 526 (8.0)
610: (0.0)
611: (0.0)
612: (0.0)
613: 531 (9.0)
614: 535 (8.0)
615: (0.0)
616: (0.0)
617: 534 (8.0)
618: (0.0)
619: 527 532 536 (27.0)
620: 542 (10.0)
621: 530 537 541 (26.0)
622: (0.0)
623: (0.0)
624: 538 540 (19.0)
625: (0.0)
626: 533 548 (16.0)
627: (0.0)
628: (0.0)
629: 544 545 (18.0)
630: 539 (8.0)
631: (0.0)
632: 549 (10.0)
633: (0.0)
634: (0.0)
635: 546 547 554 (28.0)
636: (0.0)
637: (0.0)
638: (0.0)
639: 543 (8.0)
640: (0.0)
641: 556 (8.0)
642: 552 (10.0)
643: 553 (9.0)
644: (0.0)
645: (0.0)
646: (0.0)
647: 550 (8.0)
648: 551 557 558 562 (35.0)
649: 565 (8.0)
650: (0.0)
651: 555 568 (16.0)
652: 561 570 (18.0)
653: (0.0)
654: (0.0)
655: (0.0)
656: (0.0)
657: 571 (10.0)
658: 560 566 567 569 (36.0)
659: 559 572 573 577 (36.0)
660: (0.0)
661: (0.0)
662: 564 (10.0)
663: (0.0)
664: 579 (10.0)
665: 563 576 (16.0)
666: 581 (9.0)
667: (0.0)
668: 575 578 580 (25.0)
669: (0.0)
670: (0.0)
671: 582 (8.0)
672: 574 589 (16.0)
673: (0.0)
674: (0.0)
675: 590 (8.0)
676: (0.0)
677: (0.0)
678: (0.0)
679: (0.0)
680: (0.0)
681: (0.0)
682: (0.0)
683: 583 599 (18.0)
684: 585 (8.0)
685: (0.0)
686: (0.0)
687: 596 600 (18.0)
688: 586 587 (19.0)
689: 584 (10.0)
690: 588 595 (16.0)
691: (0.0)
692: (0.0)
693: (0.0)
694: 592 594 (18.0)
695: 598 (8.0)
696: 591 593 602 (27.0)
697: (0.0)
698: (0.0)
699: 604 (9.0)
700: 601 610 (17.0)
701: 605 (9.0)
702: 597 617 (18.0)
703: 616 (8.0)
704: (0.0)
705: (0.0)
706: (0.0)
707: (0.0)
708: 607 621 (20.0)
709: (0.0)
710: 603 606 (18.0)
711: (0.0)
712: 608 615 619 (27.0)
713: 609 (9.0)
714: (0.0)
715: 614 622 (18.0)
716: 620 (9.0)
717: 611 612 613 (27.0)
718: (0.0)
719: (0.0)
720: 623 624 (18.0)
721: (0.0)
722: 630 (8.0)
723: (0.0)
724: (0.0)
725: 618 628 631 632 (35.0)
726: (0.0)
727: 637 (10.0)
728: (0.0)
729: (0.0)
730: (0.0)
731: 633 (8.0)
732: 626 639 (19.0)
733: (0.0)
734: 642 (8.0)
735: 625 (9.0)
736: (0.0)
737: (0.0)
738: 645 (10.0)
739: 629 646 (17.0)
740: 627 638 (19.0)
741: 634 635 (17.0)
742: 636 640 (20.0)
743: (0.0)
744: (0.0)
745: 649 (10.0)
746: 644 (10.0)
747: (0.0)
748: (0.0)
749: 650 655 658 (25.0)
750: (0.0)
751: (0.0)
752: 643 652 (20.0)
753: 641 648 (16.0)
754: (0.0)
755: (0.0)
756: (0.0)
757: (0.0)
758: (0.0)
759: 660 661 (18.0)
760: 647 651 668 (27.0)
761: (0.0)
762: 653 666 670 (26.0)
763: 656 (10.0)
764: (0.0)
765: (0.0)
766: 657 (8.0)
767: 654 659 663 673 (36.0)
768: 662 (9.0)
769: (0.0)
770: 665 (9.0)
771: 671 676 (18.0)
772: 667 (8.0)
773: 675 679 (19.0)
774: (0.0)
775: 677 680 (20.0)
776: 672 (9.0)
777: 678 (8.0)
778: 664 669 674 683 (33.0)
779: (0.0)
780: (0.0)
781: (0.0)
782: (0.0)
783: (0.0)
784: 681 (9.0)
785: (0.0)
786: (0.0)
787: (0.0)
788: 682 (8.0)
789: (0.0)
790: (0.0)
791: (0.0)
792: 691 (8.0)
793: (0.0)
794: (0.0)
795: 685 690 699 (25.0)
796: (0.0)
797: 701 (9.0)
798: 686 (8.0)
799: (0.0)
800: 684 687 689 694 (37.0)
801: (0.0)
802: 688 692 695 700 (37.0)
803: (0.0)
804: 702 705 711 (25.0)
805: (0.0)
806: 693 697 703 706 (35.0)
807: (0.0)
808: 696 (10.0)
809: (0.0)
810: (0.0)
811: (0.0)
812: 698 708 (18.0)
813: 704 (8.0)
814: 712 719 (18.0)
815: (0.0)
816: (0.0)
817: 709 721 (16.0)
818: (0.0)
819: (0.0)
820: (0.0)
821: 707 724 (18.0)
822: (0.0)
823: 717 (10.0)
824: (0.0)
825: 710 715 720 (27.0)
826: 716 718 728 (27.0)
827: 713 714 (20.0)
828: (0.0)
829: (0.0)
830: 722 (10.0)
831: 731 734 (19.0)
832: (0.0)
833: (0.0)
834: 723 725 736 (26.0)
835: (0.0)
836: (0.0)
837: 726 (10.0)
838: 727 (10.0)
839: (0.0)
840: (0.0)
841: 730 (8.0)
842: (0.0)
843: (0.0)
844: (0.0)
845: 740 (10.0)
846: 729 735 739 748 (35.0)
847: 732 733 742 (27.0)
848: (0.0)
849: (0.0)
850: 749 750 (19.0)
851: 738 743 745 (26.0)
852: 737 744 (19.0)
853: 746 (10.0)
854: (0.0)
855: 752 (8.0)
856: (0.0)
857: (0.0)
858: (0.0)
859: (0.0)
860: 741 (9.0)
861: (0.0)
862: 753 (10.0)
863: (0.0)
864: 747 (8.0)
865: (0.0)
866: 751 762 (20.0)
867: (0.0)
868: (0.0)
869: 754 (9.0)
870: 758 (9.0)
871: (0.0)
872: 755 (8.0)
873: (0.0)
874: 759 769 (20.0)
875: 756 760 766 (25.0)
876: (0.0)
877: (0.0)
878: 757 770 (17.0)
879: 764 771 (18.0)
880: (0.0)
881: 767 (8.0)
882: (0.0)
883: (0.0)
884: (0.0)
885: 761 765 (19.0)
886: (0.0)
887: 763 768 773 (25.0)
888: 779 (9.0)
889: 780 (8.0)
890: (0.0)
891: 774 781 (19.0)
892: (0.0)
893: 775 777 782 (28.0)
894: 783 790 (18.0)
895: (0.0)
896: (0.0)
897: 778 784 (19.0)
898: (0.0)
899: (0.0)
900: 772 (10.0)
901: (0.0)
902: (0.0)
903: (0.0)
904: (0.0)
905: 776 791 794 (26.0)
906: (0.0)
907: 785 787 789 795 (35.0)
908: 796 (9.0)
909: 800 (8.0)
910: (0.0)
911: 786 (8.0)
912: (0.0)
913: 793 (10.0)
914: 788 792 803 (29.0)
915: (0.0)
916: (0.0)
917: (0.0)
918: 799 809 (20.0)
919: (0.0)
920: (0.0)
921: 802 (8.0)
922: 798 806 (17.0)
923: 807 812 814 (27.0)
924: 804 816 (18.0)
925: 797 805 810 (28.0)
926: (0.0)
927: 801 808 (18.0)
928: 819 821 (20.0)
929: (0.0)
930: 820 (8.0)
931: 815 (10.0)
932: 813 818 (16.0)
933: 811 817 (17.0)
934: 825 (10.0)
935: (0.0)
936: (0.0)
937: (0.0)
938: (0.0)
939: (0.0)
940: 828 (10.0)
941: 823 (8.0)
942: 829 (8.0)
943: (0.0)
944: (0.0)
945: 824 827 (20.0)
946: (0.0)
947: (0.0)
948: 830 834 (17.0)
949: (0.0)
950: 822 831 832 (27.0)
951: 826 (8.0)
952: (0.0)
953: (0.0)
954: 833 836 (18.0)
955: (0.0)
956: 835 838 (18.0)
957: (0.0)
958: (0.0)
959: 841 844 (20.0)
960: (0.0)
961: (0.0)
962: (0.0)
963: 837 (9.0)
964: 845 (9.0)
965: (0.0)
966: (0.0)
967: (0.0)
968: 839 842 846 847 853 (46.0)
969: (0.0)
970: (0.0)
971: 840 (10.0)
972: (0.0)
973: (0.0)
974: 843 849 855 858 (37.0)
975: (0.0)
976: 851 (8.0)
977: (0.0)
978: 859 861 (17.0)
979: (0.0)
980: (0.0)
981: (0.0)
982: 848 850 852 (28.0)
983: 862 (8.0)
984: 856 (8.0)
985: (0.0)
986: (0.0)
987: 857 863 (16.0)
988: (0.0)
989: 854 (10.0)
990: (0.0)
991: (0.0)
992: 860 (8.0)
993: (0.0)
994: (0.0)
995: (0.0)
996: (0.0)
997: (0.0)
998: (0.0)
999: (0.0)
1000: 865 866 867 871 875 (47.0)
1001: 864 (9.0)
1002: (0.0)
1003: 870 877 (19.0)
1004: 869 873 (19.0)
1005: (0.0)
1006: (0.0)
1007: (0.0)
1008: 868 (9.0)
1009: (0.0)
1010: (0.0)
1011: (0.0)
1012: 872 874 880 (28.0)
1013: 882 884 (19.0)
1014: 881 887 (18.0)
1015: 888 889 (19.0)
1016: (0.0)
1017: (0.0)
1018: (0.0)
1019: (0.0)
1020: 885 (10.0)
1021: 876 895 (19.0)
1022: 879 (10.0)
1023: 878 896 (16.0)
1024: (0.0)
1025: (0.0)
1026: 890 891 (17.0)
1027: 883 899 (17.0)
1028: (0.0)
1029: (0.0)
1030: (0.0)
1031: (0.0)
1032: 886 (8.0)
1033: 908 (9.0)
1034: (0.0)
1035: 892 898 (17.0)
1036: (0.0)
1037: 893 894 (17.0)
1038: (0.0)
1039: 902 (10.0)
1040: 901 904 (18.0)
1041: (0.0)
1042: 897 905 906 915 (36.0)
1043: 912 (9.0)
1044: (0.0)
1045: (0.0)
1046: (0.0)
1047: (0.0)
1048: (0.0)
1049: 900 907 911 (27.0)
1050: 903 910 (17.0)
1051: (0.0)
1052: 916 (8.0)
1053: (0.0)
1054: (0.0)
1055: 909 914 919 (27.0)
1056: (0.0)
1057: 917 (8.0)
1058: 913 918 920 923 (39.0)
1059: (0.0)
1060: (0.0)
1061: 921 929 (18.0)
1062: (0.0)
1063: (0.0)
1064: 926 (9.0)
1065: 924 927 (18.0)
1066: (0.0)
1067: (0.0)
1068: (0.0)
1069: (0.0)
1070: (0.0)
1071: 922 930 937 (26.0)
1072: (0.0)
1073: 925 928 935 (27.0)
1074: (0.0)
1075: (0.0)
1076: 940 943 (19.0)
1077: 931 (10.0)
1078: (0.0)
1079: 941 942 (18.0)
1080: (0.0)
1081: 932 944 949 (26.0)
1082: (0.0)
1083: 933 (10.0)
1084: (0.0)
1085: (0.0)
1086: 934 938 939 945 (36.0)
1087: 936 954 (16.0)
1088: (0.0)
1089: 946 953 (20.0)
1090: (0.0)
1091: (0.0)
1092: (0.0)
1093: (0.0)
1094: (0.0)
1095: (0.0)
1096: (0.0)
1097: (0.0)
1098: 961 (9.0)
1099: 948 951 (20.0)
1100: (0.0)
1101: 950 952 (18.0)
1102: 947 956 958 (27.0)
1103: 967 (10.0)
1104: (0.0)
1105: 955 959 960 (28.0)
1106: (0.0)
1107: (0.0)
1108: (0.0)
1109: (0.0)
1110: (0.0)
1111: 971 (9.0)
1112: (0.0)
1113: (0.0)
1114: (0.0)
1115: 957 966 (19.0)
1116: 964 (10.0)
1117: 963 (9.0)
1118: 969 970 (20.0)
1119: 962 (8.0)
1120: (0.0)
1121: (0.0)
1122: (0.0)
1123: (0.0)
1124: (0.0)
1125: (0.0)
1126: 965 968 (18.0)
1127: (0.0)
1128: 972 973 974 (26.0)
1129: 976 979 (19.0)
1130: (0.0)
1131: (0.0)
1132: (0.0)
1133: 977 978 980 988 (35.0)
1134: 975 (9.0)
1135: (0.0)
1136: 982 989 (19.0)
1137: 983 (8.0)
1138: 981 (10.0)
1139: 991 (8.0)
1140: 994 (9.0)
1141: (0.0)
1142: (0.0)
1143: (0.0)
1144: (0.0)
1145: 984 986 990 993 998 (43.0)
1146: 985 (8.0)
1147: 997 (10.0)
1148: (0.0)
1149: 987 999 (16.0)
1150: (0.0)
1151: (0.0)
1152: (0.0)
1153: 992 (8.0)
1154: 995 (10.0)
1155: (0.0)
1156: (0.0)
1157: (0.0)
1158: (0.0)
1159: (0.0)
1160: (0.0)
1161: 996 (10.0)
1162: (0.0)
1163: (0.0)
1164: (0.0)
1165: (0.0)
1166: (0.0)
