Name: 1000-40-85
Time: 30.27370595932007 
Result: 13406038
Solution:  9 3 3 15 20 18 9 20 24 16 16 15 21 21 21 21 28 32 33 31 33 39 32 31 47 50 43 49 49 50 47 50 54 47 50 56 57 50 62 55 68 56 68 68 60 70 64 70 70 62 68 80 66 68 70 82 78 85 78 73 78 91 96 85 89 96 83 90 91 102 105 98 98 103 103 112 96 105 114 113 110 105 113 103 103 113 114 115 116 112 113 110 117 115 123 124 130 138 137 131 125 131 132 132 138 129 130 132 147 141 137 138 148 153 148 147 144 146 148 155 161 161 149 155 155 166 167 161 166 165 162 176 170 170 170 175 167 165 178 176 174 180 170 181 180 173 180 187 193 180 193 181 180 198 187 186 194 199 203 208 201 199 199 198 212 210 208 209 203 209 214 215 212 211 210 214 224 225 221 223 224 224 224 230 225 236 235 240 236 236 240 237 252 249 248 248 248 258 264 258 248 248 264 252 258 256 257 258 270 272 269 270 272 269 266 276 278 282 281 274 276 270 272 271 277 280 287 278 280 282 295 290 288 298 299 290 302 293 305 293 294 302 310 305 302 318 312 308 307 320 312 313 318 320 318 319 324 320 324 334 333 327 339 334 331 334 339 330 334 340 347 343 340 338 351 353 342 343 357 347 355 357 351 364 350 359 353 367 364 363 363 366 366 364 366 375 363 366 368 363 372 378 377 377 384 377 382 376 377 378 383 375 385 385 384 385 385 382 384 384 394 388 397 391 394 401 402 411 401 414 419 404 412 403 406 414 419 411 425 419 414 412 412 414 429 425 422 422 426 424 439 433 433 442 437 432 432 434 432 434 437 441 439 450 439 446 443 450 442 443 461 461 446 447 453 453 454 460 460 453 461 464 466 461 458 460 462 470 483 472 474 475 476 470 485 475 476 477 484 476 483 485 484 496 485 496 492 490 492 497 494 503 497 509 513 508 511 511 509 513 510 509 516 519 510 516 511 519 518 522 521 519 531 532 532 539 535 536 531 537 539 531 547 546 533 551 549 539 557 556 558 545 555 559 565 557 565 565 551 559 557 557 570 568 563 571 571 568 568 569 573 588 573 578 582 585 579 595 582 590 594 603 588 602 590 594 610 612 603 606 605 606 611 610 606 605 611 609 610 611 623 624 611 618 619 615 620 615 617 619 617 621 623 627 622 624 635 626 631 631 638 635 644 635 643 648 644 652 635 646 642 648 646 646 650 645 662 652 657 652 650 663 659 664 652 664 669 661 662 657 658 661 668 670 677 662 668 681 675 679 677 671 674 670 675 674 679 671 684 677 679 690 696 684 693 691 695 689 686 691 687 702 703 707 698 708 699 703 703 698 717 699 708 712 711 714 704 709 718 709 709 720 727 728 717 717 716 721 727 718 720 720 721 730 734 727 734 740 730 737 747 745 744 749 750 750 749 745 757 746 756 748 751 750 768 751 752 758 768 759 759 764 760 764 762 768 764 762 763 762 764 772 770 772 770 773 773 778 784 785 776 780 780 795 778 785 796 795 797 784 790 785 794 798 801 801 799 800 795 813 813 801 811 815 808 812 824 824 819 818 816 825 817 820 816 816 832 820 827 834 834 835 827 827 839 839 838 838 836 842 846 842 844 844 841 847 848 858 858 858 858 864 856 855 856 864 858 857 862 873 875 869 868 870 869 867 873 869 889 873 879 878 887 875 879 898 887 882 897 883 893 887 893 900 894 898 895 898 907 903 905 907 910 907 914 905 910 911 916 917 910 913 921 913 921 919 933 930 930 929 935 928 933 931 939 930 939 940 948 939 939 948 947 947 939 945 947 949 951 943 958 951 961 948 961 949 952 968 950 956 960 964 961 968 972 959 966 968 979 964 974 967 972 975 984 974 974 981 981 978 987 989 985 984 988 984 992 985 990 993 990 993 1000 989 994 992 1005 994 1005 1000 1006 1006 999 1000 1000 1013 1004 1014 1015 1014 1006 1005 1006 1024 1019 1021 1012 1015 1012 1021 1019 1024 1020 1020 1024 1030 1032 1026 1024 1033 1039 1039 1032 1036 1039 1035 1032 1037 1029 1030 1039 1036 1036 1048 1040 1035 1040 1047 1047 1046 1050 1046 1046 1052 1046 1050 1062 1062 1053 1054 1070 1065 1065 1060 1065 1065 1067 1066 1068 1073 1070 1070 1082 1074 1081 1081 1082 1089 1092 1082 1088 1096 1087 1092 1100 1094 1088 1089 1088 1106 1100 1089 1101 1102 1094 1096 1100 1102 1107 1106 1110 1106 1104 1111 1121 1111 1118 1118 1112 1128 1124 1128 1129 1129 1118 1131 1136 1137 1134 1126 1127 1133 1126 1129 1127 1133 1141 1135 1141 1137 1137 1145 1148 1143 1145 1145 1145 1153 1159 1162 1158 1162 1167 1156 1171 1162 1158 1175 1169 1168
0: (0.0)
1: (0.0)
2: (0.0)
3: 1 2 (20.0)
4: (0.0)
5: (0.0)
6: (0.0)
7: (0.0)
8: (0.0)
9: 0 6 (18.0)
10: (0.0)
11: (0.0)
12: (0.0)
13: (0.0)
14: (0.0)
15: 3 11 (17.0)
16: 9 10 (17.0)
17: (0.0)
18: 5 (10.0)
19: (0.0)
20: 4 7 (19.0)
21: 12 13 14 15 (37.0)
22: (0.0)
23: (0.0)
24: 8 (8.0)
25: (0.0)
26: (0.0)
27: (0.0)
28: 16 (8.0)
29: (0.0)
30: (0.0)
31: 19 23 (17.0)
32: 17 22 (20.0)
33: 18 20 (17.0)
34: (0.0)
35: (0.0)
36: (0.0)
37: (0.0)
38: (0.0)
39: 21 (8.0)
40: (0.0)
41: (0.0)
42: (0.0)
43: 26 (9.0)
44: (0.0)
45: (0.0)
46: (0.0)
47: 24 30 33 (28.0)
48: (0.0)
49: 27 28 (18.0)
50: 25 29 31 34 37 (43.0)
51: (0.0)
52: (0.0)
53: (0.0)
54: 32 (10.0)
55: 39 (10.0)
56: 35 41 (18.0)
57: 36 (9.0)
58: (0.0)
59: (0.0)
60: 44 (10.0)
61: (0.0)
62: 38 49 (16.0)
63: (0.0)
64: 46 (8.0)
65: (0.0)
66: 52 (10.0)
67: (0.0)
68: 40 42 43 50 53 (46.0)
69: (0.0)
70: 45 47 48 54 (37.0)
71: (0.0)
72: (0.0)
73: 59 (9.0)
74: (0.0)
75: (0.0)
76: (0.0)
77: (0.0)
78: 56 58 60 (26.0)
79: (0.0)
80: 51 (10.0)
81: (0.0)
82: 55 (9.0)
83: 66 (9.0)
84: (0.0)
85: 57 63 (16.0)
86: (0.0)
87: (0.0)
88: (0.0)
89: 64 (8.0)
90: 67 (10.0)
91: 61 68 (18.0)
92: (0.0)
93: (0.0)
94: (0.0)
95: (0.0)
96: 62 65 76 (26.0)
97: (0.0)
98: 71 72 (19.0)
99: (0.0)
100: (0.0)
101: (0.0)
102: 69 (9.0)
103: 73 74 83 84 (37.0)
104: (0.0)
105: 70 77 81 (26.0)
106: (0.0)
107: (0.0)
108: (0.0)
109: (0.0)
110: 80 91 (18.0)
111: (0.0)
112: 75 89 (17.0)
113: 79 82 85 90 (36.0)
114: 78 86 (17.0)
115: 87 93 (18.0)
116: 88 (8.0)
117: 92 (9.0)
118: (0.0)
119: (0.0)
120: (0.0)
121: (0.0)
122: (0.0)
123: 94 (8.0)
124: 95 (8.0)
125: 100 (9.0)
126: (0.0)
127: (0.0)
128: (0.0)
129: 105 (8.0)
130: 96 106 (16.0)
131: 99 101 (17.0)
132: 102 103 107 (28.0)
133: (0.0)
134: (0.0)
135: (0.0)
136: (0.0)
137: 98 110 (18.0)
138: 97 104 111 (25.0)
139: (0.0)
140: (0.0)
141: 109 (8.0)
142: (0.0)
143: (0.0)
144: 116 (8.0)
145: (0.0)
146: 117 (9.0)
147: 108 115 (18.0)
148: 112 114 118 (27.0)
149: 122 (9.0)
150: (0.0)
151: (0.0)
152: (0.0)
153: 113 (8.0)
154: (0.0)
155: 119 123 124 (24.0)
156: (0.0)
157: (0.0)
158: (0.0)
159: (0.0)
160: (0.0)
161: 120 121 127 (28.0)
162: 130 (9.0)
163: (0.0)
164: (0.0)
165: 129 137 (16.0)
166: 125 128 (18.0)
167: 126 136 (20.0)
168: (0.0)
169: (0.0)
170: 132 133 134 142 (36.0)
171: (0.0)
172: (0.0)
173: 145 (8.0)
174: 140 (9.0)
175: 135 (10.0)
176: 131 139 (19.0)
177: (0.0)
178: 138 (8.0)
179: (0.0)
180: 141 144 146 149 152 (44.0)
181: 143 151 (18.0)
182: (0.0)
183: (0.0)
184: (0.0)
185: (0.0)
186: 155 (10.0)
187: 147 154 (18.0)
188: (0.0)
189: (0.0)
190: (0.0)
191: (0.0)
192: (0.0)
193: 148 150 (17.0)
194: 156 (10.0)
195: (0.0)
196: (0.0)
197: (0.0)
198: 153 163 (17.0)
199: 157 161 162 (26.0)
200: (0.0)
201: 160 (10.0)
202: (0.0)
203: 158 168 (18.0)
204: (0.0)
205: (0.0)
206: (0.0)
207: (0.0)
208: 159 166 (19.0)
209: 167 169 (20.0)
210: 165 174 (19.0)
211: 173 (8.0)
212: 164 172 (17.0)
213: (0.0)
214: 170 175 (16.0)
215: 171 (10.0)
216: (0.0)
217: (0.0)
218: (0.0)
219: (0.0)
220: (0.0)
221: 178 (8.0)
222: (0.0)
223: 179 (9.0)
224: 176 180 181 182 (38.0)
225: 177 184 (17.0)
226: (0.0)
227: (0.0)
228: (0.0)
229: (0.0)
230: 183 (8.0)
231: (0.0)
232: (0.0)
233: (0.0)
234: (0.0)
235: 186 (9.0)
236: 185 188 189 (25.0)
237: 191 (10.0)
238: (0.0)
239: (0.0)
240: 187 190 (20.0)
241: (0.0)
242: (0.0)
243: (0.0)
244: (0.0)
245: (0.0)
246: (0.0)
247: (0.0)
248: 194 195 196 200 201 (45.0)
249: 193 (10.0)
250: (0.0)
251: (0.0)
252: 192 203 (17.0)
253: (0.0)
254: (0.0)
255: (0.0)
256: 205 (8.0)
257: 206 (8.0)
258: 197 199 204 207 (37.0)
259: (0.0)
260: (0.0)
261: (0.0)
262: (0.0)
263: (0.0)
264: 198 202 (18.0)
265: (0.0)
266: 214 (8.0)
267: (0.0)
268: (0.0)
269: 210 213 (18.0)
270: 208 211 221 (25.0)
271: 223 (10.0)
272: 209 212 222 (27.0)
273: (0.0)
274: 219 (10.0)
275: (0.0)
276: 215 220 (19.0)
277: 224 (9.0)
278: 216 227 (18.0)
279: (0.0)
280: 225 228 (18.0)
281: 218 (8.0)
282: 217 229 (20.0)
283: (0.0)
284: (0.0)
285: (0.0)
286: (0.0)
287: 226 (9.0)
288: 232 (9.0)
289: (0.0)
290: 231 235 (18.0)
291: (0.0)
292: (0.0)
293: 237 239 (17.0)
294: 240 (8.0)
295: 230 (8.0)
296: (0.0)
297: (0.0)
298: 233 (9.0)
299: 234 (9.0)
300: (0.0)
301: (0.0)
302: 236 241 244 (29.0)
303: (0.0)
304: (0.0)
305: 238 243 (16.0)
306: (0.0)
307: 248 (10.0)
308: 247 (10.0)
309: (0.0)
310: 242 (8.0)
311: (0.0)
312: 246 250 (19.0)
313: 251 (10.0)
314: (0.0)
315: (0.0)
316: (0.0)
317: (0.0)
318: 245 252 254 (26.0)
319: 255 (10.0)
320: 249 253 257 (25.0)
321: (0.0)
322: (0.0)
323: (0.0)
324: 256 258 (18.0)
325: (0.0)
326: (0.0)
327: 261 (10.0)
328: (0.0)
329: (0.0)
330: 267 (10.0)
331: 264 (8.0)
332: (0.0)
333: 260 (10.0)
334: 259 263 265 268 (36.0)
335: (0.0)
336: (0.0)
337: (0.0)
338: 273 (10.0)
339: 262 266 (17.0)
340: 269 272 (16.0)
341: (0.0)
342: 276 (10.0)
343: 271 277 (19.0)
344: (0.0)
345: (0.0)
346: (0.0)
347: 270 279 (19.0)
348: (0.0)
349: (0.0)
350: 284 (10.0)
351: 274 282 (19.0)
352: (0.0)
353: 275 286 (17.0)
354: (0.0)
355: 280 (8.0)
356: (0.0)
357: 278 281 (17.0)
358: (0.0)
359: 285 (10.0)
360: (0.0)
361: (0.0)
362: (0.0)
363: 289 290 296 299 (37.0)
364: 283 288 293 (28.0)
365: (0.0)
366: 291 292 294 297 (35.0)
367: 287 (10.0)
368: 298 (9.0)
369: (0.0)
370: (0.0)
371: (0.0)
372: 300 (10.0)
373: (0.0)
374: (0.0)
375: 295 311 (18.0)
376: 307 (9.0)
377: 302 303 305 308 (36.0)
378: 301 309 (17.0)
379: (0.0)
380: (0.0)
381: (0.0)
382: 306 317 (17.0)
383: 310 (10.0)
384: 304 314 318 319 (35.0)
385: 312 313 315 316 (40.0)
386: (0.0)
387: (0.0)
388: 321 (8.0)
389: (0.0)
390: (0.0)
391: 323 (10.0)
392: (0.0)
393: (0.0)
394: 320 324 (17.0)
395: (0.0)
396: (0.0)
397: 322 (9.0)
398: (0.0)
399: (0.0)
400: (0.0)
401: 325 328 (18.0)
402: 326 (10.0)
403: 333 (8.0)
404: 331 (9.0)
405: (0.0)
406: 334 (9.0)
407: (0.0)
408: (0.0)
409: (0.0)
410: (0.0)
411: 327 337 (20.0)
412: 332 341 342 (26.0)
413: (0.0)
414: 329 335 340 343 (36.0)
415: (0.0)
416: (0.0)
417: (0.0)
418: (0.0)
419: 330 336 339 (26.0)
420: (0.0)
421: (0.0)
422: 346 347 (18.0)
423: (0.0)
424: 349 (8.0)
425: 338 345 (19.0)
426: 348 (10.0)
427: (0.0)
428: (0.0)
429: 344 (10.0)
430: (0.0)
431: (0.0)
432: 355 356 358 (25.0)
433: 351 352 (19.0)
434: 357 359 (18.0)
435: (0.0)
436: (0.0)
437: 354 360 (17.0)
438: (0.0)
439: 350 362 364 (27.0)
440: (0.0)
441: 361 (9.0)
442: 353 368 (17.0)
443: 366 369 (19.0)
444: (0.0)
445: (0.0)
446: 365 372 (18.0)
447: 373 (10.0)
448: (0.0)
449: (0.0)
450: 363 367 (19.0)
451: (0.0)
452: (0.0)
453: 374 375 379 (26.0)
454: 376 (10.0)
455: (0.0)
456: (0.0)
457: (0.0)
458: 384 (10.0)
459: (0.0)
460: 377 378 385 (27.0)
461: 370 371 380 383 (36.0)
462: 386 (10.0)
463: (0.0)
464: 381 (8.0)
465: (0.0)
466: 382 (10.0)
467: (0.0)
468: (0.0)
469: (0.0)
470: 387 393 (16.0)
471: (0.0)
472: 389 (10.0)
473: (0.0)
474: 390 (8.0)
475: 391 395 (19.0)
476: 392 396 399 (26.0)
477: 397 (9.0)
478: (0.0)
479: (0.0)
480: (0.0)
481: (0.0)
482: (0.0)
483: 388 400 (18.0)
484: 398 402 (19.0)
485: 394 401 404 (27.0)
486: (0.0)
487: (0.0)
488: (0.0)
489: (0.0)
490: 407 (9.0)
491: (0.0)
492: 406 408 (18.0)
493: (0.0)
494: 410 (9.0)
495: (0.0)
496: 403 405 (19.0)
497: 409 412 (20.0)
498: (0.0)
499: (0.0)
500: (0.0)
501: (0.0)
502: (0.0)
503: 411 (8.0)
504: (0.0)
505: (0.0)
506: (0.0)
507: (0.0)
508: 415 (9.0)
509: 413 418 421 (28.0)
510: 420 424 (17.0)
511: 416 417 426 (27.0)
512: (0.0)
513: 414 419 (20.0)
514: (0.0)
515: (0.0)
516: 422 425 (16.0)
517: (0.0)
518: 428 (8.0)
519: 423 427 431 (29.0)
520: (0.0)
521: 430 (10.0)
522: 429 (10.0)
523: (0.0)
524: (0.0)
525: (0.0)
526: (0.0)
527: (0.0)
528: (0.0)
529: (0.0)
530: (0.0)
531: 432 438 441 (25.0)
532: 433 434 (17.0)
533: 444 (9.0)
534: (0.0)
535: 436 (9.0)
536: 437 (9.0)
537: 439 (10.0)
538: (0.0)
539: 435 440 447 (26.0)
540: (0.0)
541: (0.0)
542: (0.0)
543: (0.0)
544: (0.0)
545: 451 (10.0)
546: 443 (8.0)
547: 442 (10.0)
548: (0.0)
549: 446 (10.0)
550: (0.0)
551: 445 458 (18.0)
552: (0.0)
553: (0.0)
554: (0.0)
555: 452 (9.0)
556: 449 (10.0)
557: 448 455 460 461 (37.0)
558: 450 (10.0)
559: 453 459 (16.0)
560: (0.0)
561: (0.0)
562: (0.0)
563: 464 (10.0)
564: (0.0)
565: 454 456 457 (25.0)
566: (0.0)
567: (0.0)
568: 463 467 468 (27.0)
569: 469 (10.0)
570: 462 (9.0)
571: 465 466 (17.0)
572: (0.0)
573: 470 472 (19.0)
574: (0.0)
575: (0.0)
576: (0.0)
577: (0.0)
578: 473 (10.0)
579: 476 (10.0)
580: (0.0)
581: (0.0)
582: 474 478 (18.0)
583: (0.0)
584: (0.0)
585: 475 (9.0)
586: (0.0)
587: (0.0)
588: 471 482 (17.0)
589: (0.0)
590: 479 484 (18.0)
591: (0.0)
592: (0.0)
593: (0.0)
594: 480 485 (20.0)
595: 477 (10.0)
596: (0.0)
597: (0.0)
598: (0.0)
599: (0.0)
600: (0.0)
601: (0.0)
602: 483 (8.0)
603: 481 488 (17.0)
604: (0.0)
605: 490 495 (18.0)
606: 489 491 494 (25.0)
607: (0.0)
608: (0.0)
609: 497 (9.0)
610: 486 493 498 (28.0)
611: 492 496 499 502 (36.0)
612: 487 (10.0)
613: (0.0)
614: (0.0)
615: 505 507 (19.0)
616: (0.0)
617: 508 510 (18.0)
618: 503 (10.0)
619: 504 509 (20.0)
620: 506 (9.0)
621: 511 (8.0)
622: 514 (8.0)
623: 500 512 (18.0)
624: 501 515 (18.0)
625: (0.0)
626: 517 (8.0)
627: 513 (9.0)
628: (0.0)
629: (0.0)
630: (0.0)
631: 518 519 (20.0)
632: (0.0)
633: (0.0)
634: (0.0)
635: 516 521 523 528 (36.0)
636: (0.0)
637: (0.0)
638: 520 (9.0)
639: (0.0)
640: (0.0)
641: (0.0)
642: 530 (9.0)
643: 524 (8.0)
644: 522 526 (20.0)
645: 535 (9.0)
646: 529 532 533 (26.0)
647: (0.0)
648: 525 531 (18.0)
649: (0.0)
650: 534 540 (19.0)
651: (0.0)
652: 527 537 539 544 (36.0)
653: (0.0)
654: (0.0)
655: (0.0)
656: (0.0)
657: 538 549 (19.0)
658: 550 (8.0)
659: 542 (8.0)
660: (0.0)
661: 547 551 (19.0)
662: 536 548 555 (29.0)
663: 541 (8.0)
664: 543 545 (18.0)
665: (0.0)
666: (0.0)
667: (0.0)
668: 552 556 (19.0)
669: 546 (9.0)
670: 553 563 (18.0)
671: 561 567 (19.0)
672: (0.0)
673: (0.0)
674: 562 565 (17.0)
675: 558 564 (18.0)
676: (0.0)
677: 554 560 569 (26.0)
678: (0.0)
679: 559 566 570 (29.0)
680: (0.0)
681: 557 (10.0)
682: (0.0)
683: (0.0)
684: 568 573 (18.0)
685: (0.0)
686: 578 (9.0)
687: 580 (8.0)
688: (0.0)
689: 577 (9.0)
690: 571 (10.0)
691: 575 579 (20.0)
692: (0.0)
693: 574 (8.0)
694: (0.0)
695: 576 (10.0)
696: 572 (8.0)
697: (0.0)
698: 584 589 (16.0)
699: 586 591 (20.0)
700: (0.0)
701: (0.0)
702: 581 (8.0)
703: 582 587 588 (24.0)
704: 596 (9.0)
705: (0.0)
706: (0.0)
707: 583 (8.0)
708: 585 592 (18.0)
709: 597 599 600 (27.0)
710: (0.0)
711: 594 (9.0)
712: 593 (8.0)
713: (0.0)
714: 595 (10.0)
715: (0.0)
716: 606 (10.0)
717: 590 604 605 (29.0)
718: 598 609 (16.0)
719: (0.0)
720: 601 610 611 (28.0)
721: 607 612 (16.0)
722: (0.0)
723: (0.0)
724: (0.0)
725: (0.0)
726: (0.0)
727: 602 608 615 (26.0)
728: 603 (10.0)
729: (0.0)
730: 613 618 (18.0)
731: (0.0)
732: (0.0)
733: (0.0)
734: 614 616 (19.0)
735: (0.0)
736: (0.0)
737: 619 (8.0)
738: (0.0)
739: (0.0)
740: 617 (9.0)
741: (0.0)
742: (0.0)
743: (0.0)
744: 622 (8.0)
745: 621 627 (16.0)
746: 629 (8.0)
747: 620 (10.0)
748: 631 (9.0)
749: 623 626 (20.0)
750: 624 625 633 (27.0)
751: 632 635 (16.0)
752: 636 (9.0)
753: (0.0)
754: (0.0)
755: (0.0)
756: 630 (9.0)
757: 628 (9.0)
758: 637 (9.0)
759: 639 640 (17.0)
760: 642 (9.0)
761: (0.0)
762: 644 647 649 (27.0)
763: 648 (10.0)
764: 641 643 646 650 (35.0)
765: (0.0)
766: (0.0)
767: (0.0)
768: 634 638 645 (27.0)
769: (0.0)
770: 652 654 (18.0)
771: (0.0)
772: 651 653 (20.0)
773: 655 656 (17.0)
774: (0.0)
775: (0.0)
776: 660 (8.0)
777: (0.0)
778: 657 664 (17.0)
779: (0.0)
780: 661 662 (18.0)
781: (0.0)
782: (0.0)
783: (0.0)
784: 658 669 (18.0)
785: 659 665 671 (26.0)
786: (0.0)
787: (0.0)
788: (0.0)
789: (0.0)
790: 670 (10.0)
791: (0.0)
792: (0.0)
793: (0.0)
794: 672 (10.0)
795: 663 667 678 (25.0)
796: 666 (10.0)
797: 668 (8.0)
798: 673 (9.0)
799: 676 (10.0)
800: 677 (9.0)
801: 674 675 681 (25.0)
802: (0.0)
803: (0.0)
804: (0.0)
805: (0.0)
806: (0.0)
807: (0.0)
808: 684 (8.0)
809: (0.0)
810: (0.0)
811: 682 (9.0)
812: 685 (9.0)
813: 679 680 (17.0)
814: (0.0)
815: 683 (8.0)
816: 690 694 695 (26.0)
817: 692 (10.0)
818: 689 (10.0)
819: 688 (10.0)
820: 693 697 (17.0)
821: (0.0)
822: (0.0)
823: (0.0)
824: 686 687 (19.0)
825: 691 (9.0)
826: (0.0)
827: 698 702 703 (29.0)
828: (0.0)
829: (0.0)
830: (0.0)
831: (0.0)
832: 696 (9.0)
833: (0.0)
834: 699 700 (19.0)
835: 701 (8.0)
836: 708 (10.0)
837: (0.0)
838: 706 707 (19.0)
839: 704 705 (16.0)
840: (0.0)
841: 714 (10.0)
842: 709 711 (16.0)
843: (0.0)
844: 712 713 (20.0)
845: (0.0)
846: 710 (8.0)
847: 715 (9.0)
848: 716 (8.0)
849: (0.0)
850: (0.0)
851: (0.0)
852: (0.0)
853: (0.0)
854: (0.0)
855: 723 (8.0)
856: 722 724 (20.0)
857: 727 (10.0)
858: 717 718 719 720 726 (46.0)
859: (0.0)
860: (0.0)
861: (0.0)
862: 728 (8.0)
863: (0.0)
864: 721 725 (20.0)
865: (0.0)
866: (0.0)
867: 735 (8.0)
868: 732 (9.0)
869: 731 734 737 (29.0)
870: 733 (9.0)
871: (0.0)
872: (0.0)
873: 729 736 739 (26.0)
874: (0.0)
875: 730 743 (18.0)
876: (0.0)
877: (0.0)
878: 741 (9.0)
879: 740 744 (18.0)
880: (0.0)
881: (0.0)
882: 747 (8.0)
883: 749 (9.0)
884: (0.0)
885: (0.0)
886: (0.0)
887: 742 746 751 (30.0)
888: (0.0)
889: 738 (8.0)
890: (0.0)
891: (0.0)
892: (0.0)
893: 750 752 (18.0)
894: 754 (10.0)
895: 756 (9.0)
896: (0.0)
897: 748 (9.0)
898: 745 755 757 (28.0)
899: (0.0)
900: 753 (10.0)
901: (0.0)
902: (0.0)
903: 759 (10.0)
904: (0.0)
905: 760 765 (17.0)
906: (0.0)
907: 758 761 763 (26.0)
908: (0.0)
909: (0.0)
910: 762 766 770 (29.0)
911: 767 (8.0)
912: (0.0)
913: 771 773 (20.0)
914: 764 (9.0)
915: (0.0)
916: 768 (10.0)
917: 769 (9.0)
918: (0.0)
919: 775 (9.0)
920: (0.0)
921: 772 774 (17.0)
922: (0.0)
923: (0.0)
924: (0.0)
925: (0.0)
926: (0.0)
927: (0.0)
928: 781 (10.0)
929: 779 (10.0)
930: 777 778 785 (28.0)
931: 783 (9.0)
932: (0.0)
933: 776 782 (18.0)
934: (0.0)
935: 780 (10.0)
936: (0.0)
937: (0.0)
938: (0.0)
939: 784 786 789 790 794 (43.0)
940: 787 (10.0)
941: (0.0)
942: (0.0)
943: 799 (9.0)
944: (0.0)
945: 795 (10.0)
946: (0.0)
947: 792 793 796 (29.0)
948: 788 791 803 (26.0)
949: 797 805 (19.0)
950: 808 (9.0)
951: 798 801 (17.0)
952: 806 (9.0)
953: (0.0)
954: (0.0)
955: (0.0)
956: 809 (10.0)
957: (0.0)
958: 800 (10.0)
959: 815 (9.0)
960: 810 (9.0)
961: 802 804 812 (26.0)
962: (0.0)
963: (0.0)
964: 811 819 (17.0)
965: (0.0)
966: 816 (8.0)
967: 821 (10.0)
968: 807 813 817 (26.0)
969: (0.0)
970: (0.0)
971: (0.0)
972: 814 822 (20.0)
973: (0.0)
974: 820 825 826 (26.0)
975: 823 (8.0)
976: (0.0)
977: (0.0)
978: 829 (9.0)
979: 818 (9.0)
980: (0.0)
981: 827 828 (18.0)
982: (0.0)
983: (0.0)
984: 824 833 835 (29.0)
985: 832 837 (18.0)
986: (0.0)
987: 830 (8.0)
988: 834 (9.0)
989: 831 843 (18.0)
990: 838 840 (19.0)
991: (0.0)
992: 836 845 (19.0)
993: 839 841 (18.0)
994: 844 847 (17.0)
995: (0.0)
996: (0.0)
997: (0.0)
998: (0.0)
999: 852 (8.0)
1000: 842 849 853 854 (35.0)
1001: (0.0)
1002: (0.0)
1003: (0.0)
1004: 856 (8.0)
1005: 846 848 861 (30.0)
1006: 850 851 860 862 (35.0)
1007: (0.0)
1008: (0.0)
1009: (0.0)
1010: (0.0)
1011: (0.0)
1012: 866 868 (18.0)
1013: 855 (9.0)
1014: 857 859 (19.0)
1015: 858 867 (19.0)
1016: (0.0)
1017: (0.0)
1018: (0.0)
1019: 864 870 (18.0)
1020: 872 873 (19.0)
1021: 865 869 (18.0)
1022: (0.0)
1023: (0.0)
1024: 863 871 874 878 (36.0)
1025: (0.0)
1026: 877 (8.0)
1027: (0.0)
1028: (0.0)
1029: 888 (9.0)
1030: 875 889 (17.0)
1031: (0.0)
1032: 876 882 886 (26.0)
1033: 879 (10.0)
1034: (0.0)
1035: 885 895 (18.0)
1036: 883 891 892 (26.0)
1037: 887 (9.0)
1038: (0.0)
1039: 880 881 884 890 (32.0)
1040: 894 896 (19.0)
1041: (0.0)
1042: (0.0)
1043: (0.0)
1044: (0.0)
1045: (0.0)
1046: 899 901 902 904 (36.0)
1047: 897 898 (18.0)
1048: 893 (9.0)
1049: (0.0)
1050: 900 905 (20.0)
1051: (0.0)
1052: 903 (10.0)
1053: 908 (10.0)
1054: 909 (8.0)
1055: (0.0)
1056: (0.0)
1057: (0.0)
1058: (0.0)
1059: (0.0)
1060: 913 (9.0)
1061: (0.0)
1062: 906 907 (18.0)
1063: (0.0)
1064: (0.0)
1065: 911 912 914 915 (33.0)
1066: 917 (8.0)
1067: 916 (9.0)
1068: 918 (9.0)
1069: (0.0)
1070: 910 920 921 (27.0)
1071: (0.0)
1072: (0.0)
1073: 919 (8.0)
1074: 923 (9.0)
1075: (0.0)
1076: (0.0)
1077: (0.0)
1078: (0.0)
1079: (0.0)
1080: (0.0)
1081: 924 925 (17.0)
1082: 922 926 929 (27.0)
1083: (0.0)
1084: (0.0)
1085: (0.0)
1086: (0.0)
1087: 932 (8.0)
1088: 930 936 938 (26.0)
1089: 927 937 941 (28.0)
1090: (0.0)
1091: (0.0)
1092: 928 933 (18.0)
1093: (0.0)
1094: 935 944 (19.0)
1095: (0.0)
1096: 931 945 (20.0)
1097: (0.0)
1098: (0.0)
1099: (0.0)
1100: 934 940 946 (28.0)
1101: 942 (10.0)
1102: 943 947 (20.0)
1103: (0.0)
1104: 952 (10.0)
1105: (0.0)
1106: 939 949 951 (27.0)
1107: 948 (8.0)
1108: (0.0)
1109: (0.0)
1110: 950 (9.0)
1111: 953 955 (20.0)
1112: 958 (9.0)
1113: (0.0)
1114: (0.0)
1115: (0.0)
1116: (0.0)
1117: (0.0)
1118: 956 957 964 (27.0)
1119: (0.0)
1120: (0.0)
1121: 954 (8.0)
1122: (0.0)
1123: (0.0)
1124: 960 (9.0)
1125: (0.0)
1126: 969 972 (18.0)
1127: 970 974 (18.0)
1128: 959 961 (20.0)
1129: 962 963 973 (26.0)
1130: (0.0)
1131: 965 (10.0)
1132: (0.0)
1133: 971 975 (18.0)
1134: 968 (9.0)
1135: 977 (8.0)
1136: 966 (10.0)
1137: 967 979 980 (27.0)
1138: (0.0)
1139: (0.0)
1140: (0.0)
1141: 976 978 (18.0)
1142: (0.0)
1143: 983 (10.0)
1144: (0.0)
1145: 981 984 985 986 (37.0)
1146: (0.0)
1147: (0.0)
1148: 982 (9.0)
1149: (0.0)
1150: (0.0)
1151: (0.0)
1152: (0.0)
1153: 987 (9.0)
1154: (0.0)
1155: (0.0)
1156: 993 (9.0)
1157: (0.0)
1158: 990 996 (18.0)
1159: 988 (10.0)
1160: (0.0)
1161: (0.0)
1162: 989 991 995 (29.0)
1163: (0.0)
1164: (0.0)
1165: (0.0)
1166: (0.0)
1167: 992 (10.0)
1168: 999 (8.0)
1169: 998 (9.0)
1170: (0.0)
1171: 994 (10.0)
1172: (0.0)
1173: (0.0)
1174: (0.0)
1175: 997 (9.0)
