Name: 1000-10-50
Time: 28.338381052017212 
Result: 211027
Solution:  14 5 9 21 7 10 19 13 14 20 13 26 31 17 22 24 23 32 30 29 24 34 32 39 25 36 31 44 41 45 38 39 44 33 36 43 46 46 49 40 43 49 47 50 50 54 48 58 60 57 60 55 55 66 73 64 69 67 80 75 71 70 79 74 69 79 72 77 81 80 76 92 82 86 90 91 87 83 92 85 86 88 87 99 93 96 95 98 97 104 93 107 108 101 107 109 102 106 109 116 105 119 113 111 110 113 120 112 123 117 129 120 127 132 138 123 126 138 139 135 132 150 152 148 139 141 140 147 148 152 158 149 156 158 150 167 168 166 168 171 165 166 167 175 170 163 166 177 167 172 166 170 171 181 185 185 183 184 179 187 184 192 198 192 189 190 191 187 190 203 205 191 199 195 199 204 208 196 198 209 204 202 199 210 205 218 219 207 214 222 223 216 212 217 213 222 214 226 227 228 225 219 223 238 224 227 225 229 232 242 237 241 245 247 246 240 242 238 239 239 251 245 246 255 248 253 248 252 249 267 255 254 256 263 256 261 265 259 271 271 262 262 272 264 278 281 267 274 270 270 284 273 284 288 279 281 283 283 287 299 290 304 303 302 290 303 294 298 296 300 305 309 322 304 310 313 325 320 315 311 321 322 321 331 320 315 319 326 328 331 327 325 327 336 334 338 338 332 339 332 333 341 354 336 347 344 342 345 342 356 351 352 356 349 354 353 355 358 355 367 360 357 362 365 365 367 358 372 359 359 368 375 381 372 374 373 378 379 376 393 389 385 383 379 388 382 386 383 394 390 391 395 398 399 400 394 391 397 399 397 404 400 403 409 422 406 411 407 407 409 418 411 412 413 414 420 416 437 434 419 429 437 421 429 434 431 429 436 434 428 441 447 437 440 449 440 443 438 439 442 444 446 451 445 445 455 453 452 460 458 455 453 463 458 464 456 460 467 462 470 463 465 464 470 472 474 471 478 474 476 483 490 490 487 482 495 483 497 491 496 491 493 493 505 497 502 499 502 509 501 503 513 510 513 525 521 517 529 521 525 516 528 519 526 526 522 523 519 527 523 528 523 525 532 545 531 536 538 533 534 536 547 540 540 542 546 542 556 551 545 555 559 553 561 560 546 547 564 556 557 551 557 565 560 561 565 564 563 572 581 569 575 572 564 571 581 581 584 575 576 571 581 579 577 580 590 578 580 584 590 588 595 585 590 597 588 602 598 597 602 595 594 595 603 604 601 604 599 601 614 609 610 605 618 622 620 611 617 619 625 620 632 628 631 619 627 636 629 637 632 630 637 638 643 641 641 640 644 647 642 650 647 640 645 642 644 649 658 655 656 665 655 654 661 656 668 667 659 664 664 670 666 669 682 679 672 674 681 687 683 685 683 679 681 697 693 682 686 684 684 688 691 695 690 694 690 698 695 704 701 706 697 703 702 705 712 711 719 712 717 720 710 714 723 719 714 721 727 718 730 716 723 726 727 732 738 737 734 736 737 729 728 739 744 734 736 740 748 743 739 750 754 743 738 753 753 741 756 752 757 744 759 752 761 751 751 750 753 761 756 760 760 762 762 756 775 766 776 775 765 778 776 774 779 770 780 782 774 777 787 779 793 779 788 787 788 793 794 792 786 795 791 799 797 798 794 797 800 803 803 805 800 799 813 805 806 818 812 810 822 807 812 819 813 817 819 821 818 827 820 821 822 831 833 835 834 828 836 845 841 838 835 851 846 838 843 841 840 843 847 850 850 860 855 853 865 857 860 862 858 874 862 869 869 864 871 878 872 870 874 887 879 881 878 880 881 889 886 880 893 891 895 892 887 897 896 896 901 903 895 890 894 906 909 908 912 902 918 918 910 914 910 916 917 909 928 929 928 930 914 922 931 935 919 923 921 926 931 929 925 930 938 938 935 935 940 944 943 945 939 947 952 951 956 963 947 959 949 953 960 951 955 955 958 958 966 961 969 970 968 966 974 968 971 976 980 975 975 980 982 981 986 978 988 990 987 985 988 1002 987 993 992 1002 997 1000 1008 1012 1003 1003 1013 1012 1018 1014 1013 1013 1023 1016 1018 1017 1026 1041 1035 1033 1030 1031 1026 1040 1033 1031 1029 1042 1038 1035 1033 1047 1043 1042 1041 1046 1047 1054 1044 1049 1040 1046 1048 1047 1044 1048 1056 1063 1051 1055 1063 1070 1058 1066 1073 1061 1070 1075 1066 1065 1078 1064 1065 1068 1084 1073 1085 1077 1083 1078 1091 1084 1089 1094 1090 1089 1100 1098 1107 1093 1092 1103 1109 1109 1111 1116 1099 1119 1115 1103 1105 1112 1122 1110 1124 1113 1127 1119 1114 1128 1117 1132 1117 1122 1133 1138 1124
0: (0.0)
1: (0.0)
2: (0.0)
3: (0.0)
4: (0.0)
5: 1 (9.0)
6: (0.0)
7: 4 (9.0)
8: (0.0)
9: 2 (8.0)
10: 5 (10.0)
11: (0.0)
12: (0.0)
13: 7 10 (16.0)
14: 0 8 (18.0)
15: (0.0)
16: (0.0)
17: 13 (8.0)
18: (0.0)
19: 6 (10.0)
20: 9 (10.0)
21: 3 (10.0)
22: 14 (10.0)
23: 16 (10.0)
24: 15 20 (17.0)
25: 24 (10.0)
26: 11 (10.0)
27: (0.0)
28: (0.0)
29: 19 (10.0)
30: 18 (10.0)
31: 12 26 (18.0)
32: 17 22 (17.0)
33: 33 (10.0)
34: 21 (9.0)
35: (0.0)
36: 25 34 (17.0)
37: (0.0)
38: 30 (10.0)
39: 23 31 (17.0)
40: 39 (10.0)
41: 28 (10.0)
42: (0.0)
43: 35 40 (17.0)
44: 27 32 (17.0)
45: 29 (10.0)
46: 36 37 (18.0)
47: 42 (10.0)
48: 46 (10.0)
49: 38 41 (18.0)
50: 43 44 (16.0)
51: (0.0)
52: (0.0)
53: (0.0)
54: 45 (9.0)
55: 51 52 (17.0)
56: (0.0)
57: 49 (10.0)
58: 47 (10.0)
59: (0.0)
60: 48 50 (16.0)
61: (0.0)
62: (0.0)
63: (0.0)
64: 55 (10.0)
65: (0.0)
66: 53 (8.0)
67: 57 (10.0)
68: (0.0)
69: 56 64 (17.0)
70: 61 (10.0)
71: 60 (10.0)
72: 66 (10.0)
73: 54 (10.0)
74: 63 (10.0)
75: 59 (9.0)
76: 70 (10.0)
77: 67 (10.0)
78: (0.0)
79: 62 65 (17.0)
80: 58 69 (17.0)
81: 68 (10.0)
82: 72 (9.0)
83: 77 (10.0)
84: (0.0)
85: 79 (10.0)
86: 73 80 (16.0)
87: 76 82 (18.0)
88: 81 (10.0)
89: (0.0)
90: 74 (9.0)
91: 75 (9.0)
92: 71 78 (16.0)
93: 84 90 (16.0)
94: (0.0)
95: 86 (10.0)
96: 85 (10.0)
97: 88 (10.0)
98: 87 (9.0)
99: 83 (10.0)
100: (0.0)
101: 93 (10.0)
102: 96 (10.0)
103: (0.0)
104: 89 (10.0)
105: 100 (10.0)
106: 97 (10.0)
107: 91 94 (16.0)
108: 92 (10.0)
109: 95 98 (18.0)
110: 104 (8.0)
111: 103 (10.0)
112: 107 (10.0)
113: 102 105 (18.0)
114: (0.0)
115: (0.0)
116: 99 (9.0)
117: 109 (9.0)
118: (0.0)
119: 101 (8.0)
120: 106 111 (16.0)
121: (0.0)
122: (0.0)
123: 108 115 (18.0)
124: (0.0)
125: (0.0)
126: 116 (9.0)
127: 112 (10.0)
128: (0.0)
129: 110 (10.0)
130: (0.0)
131: (0.0)
132: 113 120 (17.0)
133: (0.0)
134: (0.0)
135: 119 (9.0)
136: (0.0)
137: (0.0)
138: 114 117 (17.0)
139: 118 124 (19.0)
140: 126 (8.0)
141: 125 (8.0)
142: (0.0)
143: (0.0)
144: (0.0)
145: (0.0)
146: (0.0)
147: 127 (10.0)
148: 123 128 (17.0)
149: 131 (9.0)
150: 121 134 (17.0)
151: (0.0)
152: 122 129 (19.0)
153: (0.0)
154: (0.0)
155: (0.0)
156: 132 (8.0)
157: (0.0)
158: 130 133 (17.0)
159: (0.0)
160: (0.0)
161: (0.0)
162: (0.0)
163: 145 (10.0)
164: (0.0)
165: 140 (9.0)
166: 137 141 146 150 (33.0)
167: 135 142 148 (25.0)
168: 136 138 (18.0)
169: (0.0)
170: 144 151 (18.0)
171: 139 152 (20.0)
172: 149 (10.0)
173: (0.0)
174: (0.0)
175: 143 (9.0)
176: (0.0)
177: 147 (9.0)
178: (0.0)
179: 158 (10.0)
180: (0.0)
181: 153 (10.0)
182: (0.0)
183: 156 (10.0)
184: 157 160 (17.0)
185: 154 155 (18.0)
186: (0.0)
187: 159 167 (19.0)
188: (0.0)
189: 164 (10.0)
190: 165 168 (17.0)
191: 166 171 (16.0)
192: 161 163 (17.0)
193: (0.0)
194: (0.0)
195: 173 (10.0)
196: 177 (10.0)
197: (0.0)
198: 162 178 (19.0)
199: 172 174 182 (26.0)
200: (0.0)
201: (0.0)
202: 181 (9.0)
203: 169 (10.0)
204: 175 180 (18.0)
205: 170 184 (18.0)
206: (0.0)
207: 187 (10.0)
208: 176 (10.0)
209: 179 (10.0)
210: 183 (10.0)
211: (0.0)
212: 192 (10.0)
213: 194 (10.0)
214: 188 196 (18.0)
215: (0.0)
216: 191 (8.0)
217: 193 (10.0)
218: 185 (9.0)
219: 186 201 (19.0)
220: (0.0)
221: (0.0)
222: 189 195 (16.0)
223: 190 202 (16.0)
224: 204 (9.0)
225: 200 206 (18.0)
226: 197 (10.0)
227: 198 205 (16.0)
228: 199 (10.0)
229: 207 (10.0)
230: (0.0)
231: (0.0)
232: 208 (10.0)
233: (0.0)
234: (0.0)
235: (0.0)
236: (0.0)
237: 210 (10.0)
238: 203 217 (16.0)
239: 218 219 (17.0)
240: 215 (9.0)
241: 211 (10.0)
242: 209 216 (20.0)
243: (0.0)
244: (0.0)
245: 212 221 (17.0)
246: 214 222 (17.0)
247: 213 (9.0)
248: 224 226 (18.0)
249: 228 (9.0)
250: (0.0)
251: 220 (10.0)
252: 227 (10.0)
253: 225 (10.0)
254: 231 (10.0)
255: 223 230 (16.0)
256: 232 234 (17.0)
257: (0.0)
258: (0.0)
259: 237 (10.0)
260: (0.0)
261: 235 (10.0)
262: 240 241 (16.0)
263: 233 (10.0)
264: 243 (10.0)
265: 236 (10.0)
266: (0.0)
267: 229 246 (17.0)
268: (0.0)
269: (0.0)
270: 248 249 (16.0)
271: 238 239 (16.0)
272: 242 (8.0)
273: 251 (10.0)
274: 247 (10.0)
275: (0.0)
276: (0.0)
277: (0.0)
278: 244 (10.0)
279: 254 (10.0)
280: (0.0)
281: 245 255 (17.0)
282: (0.0)
283: 256 257 (17.0)
284: 250 252 (18.0)
285: (0.0)
286: (0.0)
287: 258 (10.0)
288: 253 (10.0)
289: (0.0)
290: 260 264 (17.0)
291: (0.0)
292: (0.0)
293: (0.0)
294: 266 (8.0)
295: (0.0)
296: 268 (9.0)
297: (0.0)
298: 267 (10.0)
299: 259 (10.0)
300: 269 (10.0)
301: (0.0)
302: 263 (8.0)
303: 262 265 (18.0)
304: 261 273 (16.0)
305: 270 (10.0)
306: (0.0)
307: (0.0)
308: (0.0)
309: 271 (10.0)
310: 274 (8.0)
311: 279 (10.0)
312: (0.0)
313: 275 (10.0)
314: (0.0)
315: 278 285 (19.0)
316: (0.0)
317: (0.0)
318: (0.0)
319: 286 (9.0)
320: 277 284 (19.0)
321: 280 282 (18.0)
322: 272 281 (18.0)
323: (0.0)
324: (0.0)
325: 276 291 (20.0)
326: 287 (10.0)
327: 290 292 (16.0)
328: 288 (9.0)
329: (0.0)
330: (0.0)
331: 283 289 (17.0)
332: 297 299 (18.0)
333: 300 (10.0)
334: 294 (9.0)
335: (0.0)
336: 293 303 (17.0)
337: (0.0)
338: 295 296 (17.0)
339: 298 (10.0)
340: (0.0)
341: 301 (8.0)
342: 306 308 (17.0)
343: (0.0)
344: 305 (9.0)
345: 307 (10.0)
346: (0.0)
347: 304 (10.0)
348: (0.0)
349: 313 (10.0)
350: (0.0)
351: 310 (10.0)
352: 311 (10.0)
353: 315 (8.0)
354: 302 314 (17.0)
355: 316 318 (16.0)
356: 309 312 (17.0)
357: 321 (10.0)
358: 317 326 (17.0)
359: 328 329 (17.0)
360: 320 (9.0)
361: (0.0)
362: 322 (10.0)
363: (0.0)
364: (0.0)
365: 323 324 (16.0)
366: (0.0)
367: 319 325 (16.0)
368: 330 (10.0)
369: (0.0)
370: (0.0)
371: (0.0)
372: 327 333 (17.0)
373: 335 (10.0)
374: 334 (9.0)
375: 331 (10.0)
376: 338 (9.0)
377: (0.0)
378: 336 (10.0)
379: 337 343 (18.0)
380: (0.0)
381: 332 (10.0)
382: 345 (10.0)
383: 342 347 (17.0)
384: (0.0)
385: 341 (9.0)
386: 346 (10.0)
387: (0.0)
388: 344 (9.0)
389: 340 (10.0)
390: 349 (9.0)
391: 350 356 (16.0)
392: (0.0)
393: 339 (8.0)
394: 348 355 (18.0)
395: 351 (10.0)
396: (0.0)
397: 357 359 (17.0)
398: 352 (8.0)
399: 353 358 (16.0)
400: 354 361 (17.0)
401: (0.0)
402: (0.0)
403: 362 (10.0)
404: 360 (10.0)
405: (0.0)
406: 365 (10.0)
407: 367 368 (17.0)
408: (0.0)
409: 363 369 (18.0)
410: (0.0)
411: 366 371 (17.0)
412: 372 (10.0)
413: 373 (10.0)
414: 374 (10.0)
415: (0.0)
416: 376 (10.0)
417: (0.0)
418: 370 (8.0)
419: 379 (8.0)
420: 375 (10.0)
421: 382 (10.0)
422: 364 (8.0)
423: (0.0)
424: (0.0)
425: (0.0)
426: (0.0)
427: (0.0)
428: 389 (10.0)
429: 380 383 386 (25.0)
430: (0.0)
431: 385 (10.0)
432: (0.0)
433: (0.0)
434: 378 384 388 (26.0)
435: (0.0)
436: 387 (8.0)
437: 377 381 392 (26.0)
438: 397 (10.0)
439: 398 (9.0)
440: 393 395 (16.0)
441: 390 (10.0)
442: 399 (10.0)
443: 396 (8.0)
444: 400 (10.0)
445: 403 404 (17.0)
446: 401 (8.0)
447: 391 (10.0)
448: (0.0)
449: 394 (8.0)
450: (0.0)
451: 402 (10.0)
452: 407 (10.0)
453: 406 411 (18.0)
454: (0.0)
455: 405 410 (17.0)
456: 415 (9.0)
457: (0.0)
458: 409 413 (17.0)
459: (0.0)
460: 408 416 (16.0)
461: (0.0)
462: 418 (10.0)
463: 412 420 (17.0)
464: 414 422 (16.0)
465: 421 (10.0)
466: (0.0)
467: 417 (9.0)
468: (0.0)
469: (0.0)
470: 419 423 (17.0)
471: 426 (10.0)
472: 424 (10.0)
473: (0.0)
474: 425 428 (17.0)
475: (0.0)
476: 429 (10.0)
477: (0.0)
478: 427 (9.0)
479: (0.0)
480: (0.0)
481: (0.0)
482: 434 (9.0)
483: 430 436 (16.0)
484: (0.0)
485: (0.0)
486: (0.0)
487: 433 (8.0)
488: (0.0)
489: (0.0)
490: 431 432 (17.0)
491: 438 440 (17.0)
492: (0.0)
493: 441 442 (18.0)
494: (0.0)
495: 435 (10.0)
496: 439 (8.0)
497: 437 444 (18.0)
498: (0.0)
499: 446 (9.0)
500: (0.0)
501: 449 (10.0)
502: 445 447 (18.0)
503: 450 (9.0)
504: (0.0)
505: 443 (8.0)
506: (0.0)
507: (0.0)
508: (0.0)
509: 448 (9.0)
510: 452 (9.0)
511: (0.0)
512: (0.0)
513: 451 453 (16.0)
514: (0.0)
515: (0.0)
516: 460 (10.0)
517: 456 (9.0)
518: (0.0)
519: 462 467 (18.0)
520: (0.0)
521: 455 458 (18.0)
522: 465 (9.0)
523: 466 469 471 (24.0)
524: (0.0)
525: 454 459 472 (25.0)
526: 463 464 (17.0)
527: 468 (9.0)
528: 461 470 (18.0)
529: 457 (10.0)
530: (0.0)
531: 475 (9.0)
532: 473 (10.0)
533: 478 (9.0)
534: 479 (10.0)
535: (0.0)
536: 476 480 (18.0)
537: (0.0)
538: 477 (10.0)
539: (0.0)
540: 482 483 (16.0)
541: (0.0)
542: 484 486 (17.0)
543: (0.0)
544: (0.0)
545: 474 489 (16.0)
546: 485 495 (18.0)
547: 481 496 (18.0)
548: (0.0)
549: (0.0)
550: (0.0)
551: 488 500 (18.0)
552: (0.0)
553: 492 (10.0)
554: (0.0)
555: 490 (10.0)
556: 487 498 (17.0)
557: 499 501 (18.0)
558: (0.0)
559: 491 (10.0)
560: 494 503 (20.0)
561: 493 504 (17.0)
562: (0.0)
563: 507 (10.0)
564: 497 506 513 (28.0)
565: 502 505 (16.0)
566: (0.0)
567: (0.0)
568: (0.0)
569: 510 (9.0)
570: (0.0)
571: 514 520 (16.0)
572: 508 512 (16.0)
573: (0.0)
574: (0.0)
575: 511 518 (19.0)
576: 519 (10.0)
577: 523 (9.0)
578: 526 (9.0)
579: 522 (10.0)
580: 524 527 (18.0)
581: 509 515 516 521 (35.0)
582: (0.0)
583: (0.0)
584: 517 528 (18.0)
585: 532 (10.0)
586: (0.0)
587: (0.0)
588: 530 535 (19.0)
589: (0.0)
590: 525 529 533 (27.0)
591: (0.0)
592: (0.0)
593: (0.0)
594: 541 (10.0)
595: 531 540 542 (24.0)
596: (0.0)
597: 534 538 (19.0)
598: 537 (10.0)
599: 547 (10.0)
600: (0.0)
601: 545 548 (16.0)
602: 536 539 (18.0)
603: 543 (10.0)
604: 544 546 (16.0)
605: 552 (10.0)
606: (0.0)
607: (0.0)
608: (0.0)
609: 550 (8.0)
610: 551 (10.0)
611: 556 (10.0)
612: (0.0)
613: (0.0)
614: 549 (9.0)
615: (0.0)
616: (0.0)
617: 557 (10.0)
618: 553 (8.0)
619: 558 564 (16.0)
620: 555 560 (17.0)
621: (0.0)
622: 554 (10.0)
623: (0.0)
624: (0.0)
625: 559 (8.0)
626: (0.0)
627: 565 (10.0)
628: 562 (10.0)
629: 567 (9.0)
630: 570 (10.0)
631: 563 (10.0)
632: 561 569 (18.0)
633: (0.0)
634: (0.0)
635: (0.0)
636: 566 (9.0)
637: 568 571 (17.0)
638: 572 (8.0)
639: (0.0)
640: 576 582 (17.0)
641: 574 575 (16.0)
642: 579 584 (18.0)
643: 573 (10.0)
644: 577 585 (18.0)
645: 583 (10.0)
646: (0.0)
647: 578 581 (18.0)
648: (0.0)
649: 586 (8.0)
650: 580 (10.0)
651: (0.0)
652: (0.0)
653: (0.0)
654: 592 (9.0)
655: 588 591 (18.0)
656: 589 594 (18.0)
657: (0.0)
658: 587 (10.0)
659: 597 (8.0)
660: (0.0)
661: 593 (10.0)
662: (0.0)
663: (0.0)
664: 598 599 (16.0)
665: 590 (10.0)
666: 601 (8.0)
667: 596 (10.0)
668: 595 (10.0)
669: 602 (9.0)
670: 600 (10.0)
671: (0.0)
672: 605 (9.0)
673: (0.0)
674: 606 (10.0)
675: (0.0)
676: (0.0)
677: (0.0)
678: (0.0)
679: 604 612 (17.0)
680: (0.0)
681: 607 613 (17.0)
682: 603 616 (17.0)
683: 609 611 (17.0)
684: 618 619 (18.0)
685: 610 (10.0)
686: 617 (10.0)
687: 608 (10.0)
688: 620 (10.0)
689: (0.0)
690: 623 625 (19.0)
691: 621 (9.0)
692: (0.0)
693: 615 (10.0)
694: 624 (9.0)
695: 622 627 (18.0)
696: (0.0)
697: 614 631 (18.0)
698: 626 (8.0)
699: (0.0)
700: (0.0)
701: 629 (10.0)
702: 633 (10.0)
703: 632 (10.0)
704: 628 (10.0)
705: 634 (9.0)
706: 630 (10.0)
707: (0.0)
708: (0.0)
709: (0.0)
710: 641 (10.0)
711: 636 (8.0)
712: 635 638 (17.0)
713: (0.0)
714: 642 645 (16.0)
715: (0.0)
716: 650 (9.0)
717: 639 (10.0)
718: 648 (9.0)
719: 637 644 (16.0)
720: 640 (10.0)
721: 646 (10.0)
722: (0.0)
723: 643 651 (17.0)
724: (0.0)
725: (0.0)
726: 652 (10.0)
727: 647 653 (17.0)
728: 661 (8.0)
729: 660 (8.0)
730: 649 (10.0)
731: (0.0)
732: 654 (10.0)
733: (0.0)
734: 657 664 (17.0)
735: (0.0)
736: 658 665 (16.0)
737: 656 659 (17.0)
738: 655 673 (18.0)
739: 662 669 (16.0)
740: 666 (8.0)
741: 676 (10.0)
742: (0.0)
743: 668 672 (18.0)
744: 663 680 (18.0)
745: (0.0)
746: (0.0)
747: (0.0)
748: 667 (10.0)
749: (0.0)
750: 670 686 (17.0)
751: 684 685 (17.0)
752: 678 682 (18.0)
753: 674 675 687 (26.0)
754: 671 (8.0)
755: (0.0)
756: 677 689 694 (26.0)
757: 679 (10.0)
758: (0.0)
759: 681 (9.0)
760: 690 691 (17.0)
761: 683 688 (17.0)
762: 692 693 (18.0)
763: (0.0)
764: (0.0)
765: 699 (10.0)
766: 696 (10.0)
767: (0.0)
768: (0.0)
769: (0.0)
770: 704 (10.0)
771: (0.0)
772: (0.0)
773: (0.0)
774: 702 707 (18.0)
775: 695 698 (18.0)
776: 697 701 (18.0)
777: 708 (10.0)
778: 700 (10.0)
779: 703 710 712 (26.0)
780: 705 (10.0)
781: (0.0)
782: 706 (8.0)
783: (0.0)
784: (0.0)
785: (0.0)
786: 719 (10.0)
787: 709 714 (18.0)
788: 713 715 (17.0)
789: (0.0)
790: (0.0)
791: 721 (10.0)
792: 718 (10.0)
793: 711 716 (17.0)
794: 717 725 (17.0)
795: 720 (8.0)
796: (0.0)
797: 723 726 (17.0)
798: 724 (8.0)
799: 722 732 (16.0)
800: 727 731 (17.0)
801: (0.0)
802: (0.0)
803: 728 729 (17.0)
804: (0.0)
805: 730 734 (18.0)
806: 735 (10.0)
807: 740 (10.0)
808: (0.0)
809: (0.0)
810: 738 (8.0)
811: (0.0)
812: 737 741 (18.0)
813: 733 743 (19.0)
814: (0.0)
815: (0.0)
816: (0.0)
817: 744 (10.0)
818: 736 747 (19.0)
819: 742 745 (17.0)
820: 749 (10.0)
821: 746 750 (16.0)
822: 739 751 (16.0)
823: (0.0)
824: (0.0)
825: (0.0)
826: (0.0)
827: 748 (10.0)
828: 756 (10.0)
829: (0.0)
830: (0.0)
831: 752 (10.0)
832: (0.0)
833: 753 (9.0)
834: 755 (10.0)
835: 754 761 (16.0)
836: 757 (10.0)
837: (0.0)
838: 760 764 (17.0)
839: (0.0)
840: 767 (9.0)
841: 759 766 (17.0)
842: (0.0)
843: 765 768 (18.0)
844: (0.0)
845: 758 (8.0)
846: 763 (8.0)
847: 769 (10.0)
848: (0.0)
849: (0.0)
850: 770 771 (18.0)
851: 762 (10.0)
852: (0.0)
853: 774 (10.0)
854: (0.0)
855: 773 (10.0)
856: (0.0)
857: 776 (10.0)
858: 779 (10.0)
859: (0.0)
860: 772 777 (17.0)
861: (0.0)
862: 778 781 (17.0)
863: (0.0)
864: 784 (10.0)
865: 775 (9.0)
866: (0.0)
867: (0.0)
868: (0.0)
869: 782 783 (17.0)
870: 788 (10.0)
871: 785 (10.0)
872: 787 (9.0)
873: (0.0)
874: 780 789 (17.0)
875: (0.0)
876: (0.0)
877: (0.0)
878: 786 793 (17.0)
879: 791 (10.0)
880: 794 798 (17.0)
881: 792 795 (16.0)
882: (0.0)
883: (0.0)
884: (0.0)
885: (0.0)
886: 797 (10.0)
887: 790 803 (18.0)
888: (0.0)
889: 796 (10.0)
890: 810 (10.0)
891: 800 (9.0)
892: 802 (8.0)
893: 799 (10.0)
894: 811 (10.0)
895: 801 809 (18.0)
896: 805 806 (17.0)
897: 804 (10.0)
898: (0.0)
899: (0.0)
900: (0.0)
901: 807 (8.0)
902: 816 (10.0)
903: 808 (10.0)
904: (0.0)
905: (0.0)
906: 812 (8.0)
907: (0.0)
908: 814 (9.0)
909: 813 824 (17.0)
910: 819 821 (16.0)
911: (0.0)
912: 815 (8.0)
913: (0.0)
914: 820 829 (16.0)
915: (0.0)
916: 822 (10.0)
917: 823 (10.0)
918: 817 818 (18.0)
919: 833 (10.0)
920: (0.0)
921: 835 (10.0)
922: 830 (10.0)
923: 834 (8.0)
924: (0.0)
925: 839 (10.0)
926: 836 (10.0)
927: (0.0)
928: 825 827 (17.0)
929: 826 838 (17.0)
930: 828 840 (17.0)
931: 831 837 (16.0)
932: (0.0)
933: (0.0)
934: (0.0)
935: 832 843 844 (26.0)
936: (0.0)
937: (0.0)
938: 841 842 (16.0)
939: 849 (10.0)
940: 845 (9.0)
941: (0.0)
942: (0.0)
943: 847 (9.0)
944: 846 (10.0)
945: 848 (10.0)
946: (0.0)
947: 850 855 (18.0)
948: (0.0)
949: 857 (10.0)
950: (0.0)
951: 852 860 (16.0)
952: 851 (10.0)
953: 858 (9.0)
954: (0.0)
955: 861 862 (18.0)
956: 853 (8.0)
957: (0.0)
958: 863 864 (17.0)
959: 856 (8.0)
960: 859 (8.0)
961: 866 (10.0)
962: (0.0)
963: 854 (10.0)
964: (0.0)
965: (0.0)
966: 865 870 (19.0)
967: (0.0)
968: 869 872 (17.0)
969: 867 (8.0)
970: 868 (10.0)
971: 873 (10.0)
972: (0.0)
973: (0.0)
974: 871 (9.0)
975: 876 877 (17.0)
976: 874 (10.0)
977: (0.0)
978: 882 (10.0)
979: (0.0)
980: 875 878 (20.0)
981: 880 (10.0)
982: 879 (9.0)
983: (0.0)
984: (0.0)
985: 886 (10.0)
986: 881 (10.0)
987: 885 889 (17.0)
988: 883 887 (18.0)
989: (0.0)
990: 884 (8.0)
991: (0.0)
992: 891 (10.0)
993: 890 (10.0)
994: (0.0)
995: (0.0)
996: (0.0)
997: 893 (10.0)
998: (0.0)
999: (0.0)
1000: 894 (8.0)
1001: (0.0)
1002: 888 892 (16.0)
1003: 897 898 (16.0)
1004: (0.0)
1005: (0.0)
1006: (0.0)
1007: (0.0)
1008: 895 (10.0)
1009: (0.0)
1010: (0.0)
1011: (0.0)
1012: 896 900 (17.0)
1013: 899 903 904 (25.0)
1014: 902 (10.0)
1015: (0.0)
1016: 906 (9.0)
1017: 908 (9.0)
1018: 901 907 (18.0)
1019: (0.0)
1020: (0.0)
1021: (0.0)
1022: (0.0)
1023: 905 (9.0)
1024: (0.0)
1025: (0.0)
1026: 909 915 (16.0)
1027: (0.0)
1028: (0.0)
1029: 919 (10.0)
1030: 913 (10.0)
1031: 914 918 (18.0)
1032: (0.0)
1033: 912 917 923 (25.0)
1034: (0.0)
1035: 911 922 (18.0)
1036: (0.0)
1037: (0.0)
1038: 921 (10.0)
1039: (0.0)
1040: 916 933 (17.0)
1041: 910 927 (18.0)
1042: 920 926 (17.0)
1043: 925 (9.0)
1044: 931 937 (19.0)
1045: (0.0)
1046: 928 934 (16.0)
1047: 924 929 936 (25.0)
1048: 935 938 (16.0)
1049: 932 (9.0)
1050: (0.0)
1051: 941 (10.0)
1052: (0.0)
1053: (0.0)
1054: 930 (10.0)
1055: 942 (9.0)
1056: 939 (10.0)
1057: (0.0)
1058: 945 (10.0)
1059: (0.0)
1060: (0.0)
1061: 948 (9.0)
1062: (0.0)
1063: 940 943 (18.0)
1064: 954 (10.0)
1065: 952 955 (17.0)
1066: 946 951 (17.0)
1067: (0.0)
1068: 956 (10.0)
1069: (0.0)
1070: 944 949 (18.0)
1071: (0.0)
1072: (0.0)
1073: 947 958 (18.0)
1074: (0.0)
1075: 950 (9.0)
1076: (0.0)
1077: 960 (10.0)
1078: 953 962 (19.0)
1079: (0.0)
1080: (0.0)
1081: (0.0)
1082: (0.0)
1083: 961 (10.0)
1084: 957 964 (16.0)
1085: 959 (9.0)
1086: (0.0)
1087: (0.0)
1088: (0.0)
1089: 965 968 (18.0)
1090: 967 (10.0)
1091: 963 (9.0)
1092: 973 (9.0)
1093: 972 (10.0)
1094: 966 (10.0)
1095: (0.0)
1096: (0.0)
1097: (0.0)
1098: 970 (10.0)
1099: 979 (9.0)
1100: 969 (8.0)
1101: (0.0)
1102: (0.0)
1103: 974 982 (16.0)
1104: (0.0)
1105: 983 (10.0)
1106: (0.0)
1107: 971 (9.0)
1108: (0.0)
1109: 975 976 (17.0)
1110: 986 (10.0)
1111: 977 (10.0)
1112: 984 (8.0)
1113: 988 (9.0)
1114: 991 (8.0)
1115: 981 (10.0)
1116: 978 (10.0)
1117: 993 995 (17.0)
1118: (0.0)
1119: 980 990 (16.0)
1120: (0.0)
1121: (0.0)
1122: 985 996 (18.0)
1123: (0.0)
1124: 987 999 (17.0)
1125: (0.0)
1126: (0.0)
1127: 989 (10.0)
1128: 992 (9.0)
1129: (0.0)
1130: (0.0)
1131: (0.0)
1132: 994 (9.0)
1133: 997 (9.0)
1134: (0.0)
1135: (0.0)
1136: (0.0)
1137: (0.0)
1138: 998 (10.0)
1139: (0.0)
1140: (0.0)
1141: (0.0)
