Name: 1000-10-50
Time: 27.891515016555786 
Result: 205020
Solution:  18 4 16 17 11 12 15 11 16 14 19 22 29 18 34 23 21 37 30 33 39 26 29 31 27 31 37 42 32 40 41 38 36 35 36 42 46 45 39 50 52 52 49 51 57 46 48 55 57 56 59 69 59 73 63 60 70 66 78 71 72 74 85 75 73 69 76 77 81 88 84 87 89 85 91 88 89 93 96 86 94 92 94 95 91 102 99 96 107 105 108 108 101 97 106 98 100 109 114 114 106 115 110 111 115 123 113 121 127 123 117 127 119 135 125 129 138 143 139 133 143 144 133 141 139 138 152 141 153 151 152 163 160 156 160 156 167 158 168 162 158 170 169 163 165 173 165 170 169 171 181 174 172 177 179 181 185 179 186 192 191 188 183 191 195 188 202 187 189 203 194 194 204 193 200 202 198 195 211 205 210 204 218 212 204 213 214 208 213 218 221 209 219 216 220 222 222 228 227 223 225 224 235 225 239 237 233 241 236 232 247 231 237 252 244 241 242 251 252 243 249 244 241 250 251 254 243 246 262 250 262 257 261 260 261 259 265 271 272 264 265 265 277 273 266 277 269 275 269 279 283 275 283 285 279 287 280 287 296 294 286 300 290 298 290 298 300 293 298 306 314 302 307 312 313 311 316 307 313 310 312 319 329 332 324 316 318 327 330 329 330 335 329 333 333 342 338 337 331 343 340 337 344 349 345 343 342 350 347 354 348 351 347 352 361 346 356 360 354 359 353 355 364 365 360 358 361 373 358 359 368 363 374 367 375 366 376 381 373 381 384 392 388 398 387 387 392 391 391 398 385 391 392 401 398 401 408 395 395 406 407 406 400 410 411 403 410 412 411 408 417 412 413 420 416 428 422 417 431 430 421 429 433 434 434 429 433 430 433 438 437 447 443 436 449 436 447 446 450 448 441 442 444 442 458 458 457 457 460 460 454 459 459 454 457 466 469 466 467 469 471 465 468 472 470 468 473 471 474 476 478 485 496 492 484 483 494 485 494 484 485 492 493 496 494 501 499 510 513 506 513 507 520 507 508 518 521 509 510 525 516 518 519 526 525 526 520 519 533 528 532 523 533 540 543 542 533 541 539 544 543 536 542 538 539 540 547 548 548 556 550 552 555 558 559 550 547 557 565 560 556 572 568 566 568 558 562 561 565 572 570 564 574 578 569 572 571 571 581 583 578 574 579 584 586 585 594 579 586 582 588 595 594 597 589 591 600 599 595 606 600 598 597 602 607 608 607 601 612 609 609 603 611 616 621 606 615 630 612 619 626 624 623 625 628 633 626 628 627 632 635 636 636 644 632 639 645 641 641 639 642 640 640 657 646 646 645 647 656 657 658 662 661 663 662 665 664 663 672 678 675 665 670 674 672 666 677 670 682 674 688 675 683 678 685 696 680 689 690 693 699 693 690 691 703 708 701 704 706 710 697 701 711 709 707 705 716 705 713 720 714 719 712 712 716 724 718 729 725 721 724 731 723 725 732 731 742 729 729 730 740 727 735 733 736 735 742 754 742 743 741 741 740 740 748 748 751 756 749 747 743 756 754 762 762 752 759 759 756 770 760 770 770 767 768 775 774 764 764 776 766 767 787 774 785 780 776 775 781 787 791 779 784 788 784 782 796 788 783 795 796 798 804 799 806 808 799 803 800 804 803 800 801 807 806 802 805 805 820 808 812 814 816 818 813 818 822 823 828 819 820 822 827 833 832 832 839 846 833 834 843 841 849 848 842 842 848 841 845 853 857 851 857 852 854 863 860 859 859 864 861 873 873 868 866 872 870 868 877 875 883 891 884 885 883 886 882 879 885 888 895 886 892 884 890 898 895 888 907 892 901 899 897 895 897 911 904 915 916 905 914 910 911 914 910 923 918 927 914 925 920 924 926 920 923 930 932 924 927 928 933 936 940 933 932 933 943 936 944 938 945 948 956 961 946 954 953 950 956 951 961 968 960 966 965 969 970 962 976 969 974 966 973 972 979 971 980 982 978 984 979 981 988 992 980 982 986 989 989 1000 993 991 999 1004 1003 1010 999 1001 1001 1016 1017 1018 1020 1024 1025 1015 1016 1017 1027 1024 1034 1029 1028 1031 1038 1038 1035 1032 1044 1046 1049 1036 1041 1035 1044 1047 1042 1040 1040 1037 1050 1039 1049 1052 1042 1041 1043 1052 1047 1062 1055 1057 1056 1059 1071 1068 1059 1064 1060 1076 1081 1065 1075 1074 1070 1065 1078 1076 1069 1075 1087 1084 1089 1086 1089 1093 1091 1107 1095 1088 1100 1103 1102 1101 1105 1108 1095 1098 1115 1103 1108 1112 1116 1109 1117 1114 1118 1123 1114 1124 1121 1117 1125 1125 1134 1133 1121 1137 1122 1131
0: (0.0)
1: (0.0)
2: (0.0)
3: (0.0)
4: 1 (9.0)
5: (0.0)
6: (0.0)
7: (0.0)
8: (0.0)
9: (0.0)
10: (0.0)
11: 4 7 (17.0)
12: 5 (10.0)
13: (0.0)
14: 9 (10.0)
15: 6 (10.0)
16: 2 8 (17.0)
17: 3 (10.0)
18: 0 13 (17.0)
19: 10 (8.0)
20: (0.0)
21: 16 (10.0)
22: 11 (10.0)
23: 15 (9.0)
24: (0.0)
25: (0.0)
26: 21 (9.0)
27: 24 (10.0)
28: (0.0)
29: 12 22 (17.0)
30: 18 (10.0)
31: 23 25 (18.0)
32: 28 (10.0)
33: 19 (10.0)
34: 14 (10.0)
35: 33 (10.0)
36: 32 34 (17.0)
37: 17 26 (18.0)
38: 31 (8.0)
39: 20 38 (17.0)
40: 29 (10.0)
41: 30 (10.0)
42: 27 35 (16.0)
43: (0.0)
44: (0.0)
45: 37 (9.0)
46: 36 45 (18.0)
47: (0.0)
48: 46 (10.0)
49: 42 (10.0)
50: 39 (10.0)
51: 43 (8.0)
52: 40 41 (18.0)
53: (0.0)
54: (0.0)
55: 47 (10.0)
56: 49 (10.0)
57: 44 48 (16.0)
58: (0.0)
59: 50 52 (16.0)
60: 55 (10.0)
61: (0.0)
62: (0.0)
63: 54 (10.0)
64: (0.0)
65: (0.0)
66: 57 (10.0)
67: (0.0)
68: (0.0)
69: 51 65 (18.0)
70: 56 (9.0)
71: 59 (9.0)
72: 60 (10.0)
73: 53 64 (16.0)
74: 61 (10.0)
75: 63 (10.0)
76: 66 (10.0)
77: 67 (10.0)
78: 58 (9.0)
79: (0.0)
80: (0.0)
81: 68 (10.0)
82: (0.0)
83: (0.0)
84: 70 (10.0)
85: 62 73 (16.0)
86: 79 (10.0)
87: 71 (8.0)
88: 69 75 (17.0)
89: 72 76 (18.0)
90: (0.0)
91: 74 84 (17.0)
92: 81 (10.0)
93: 77 (10.0)
94: 80 82 (17.0)
95: 83 (10.0)
96: 78 87 (17.0)
97: 93 (10.0)
98: 95 (9.0)
99: 86 (10.0)
100: 96 (10.0)
101: 92 (10.0)
102: 85 (10.0)
103: (0.0)
104: (0.0)
105: 89 (10.0)
106: 94 100 (18.0)
107: 88 (10.0)
108: 90 91 (16.0)
109: 97 (10.0)
110: 102 (9.0)
111: 103 (10.0)
112: (0.0)
113: 106 (8.0)
114: 98 99 (18.0)
115: 101 104 (16.0)
116: (0.0)
117: 110 (10.0)
118: (0.0)
119: 112 (10.0)
120: (0.0)
121: 107 (10.0)
122: (0.0)
123: 105 109 (18.0)
124: (0.0)
125: 114 (8.0)
126: (0.0)
127: 108 111 (17.0)
128: (0.0)
129: 115 (9.0)
130: (0.0)
131: (0.0)
132: (0.0)
133: 119 122 (18.0)
134: (0.0)
135: 113 (9.0)
136: (0.0)
137: (0.0)
138: 116 125 (17.0)
139: 118 124 (19.0)
140: (0.0)
141: 123 127 (19.0)
142: (0.0)
143: 117 120 (17.0)
144: 121 (9.0)
145: (0.0)
146: (0.0)
147: (0.0)
148: (0.0)
149: (0.0)
150: (0.0)
151: 129 (10.0)
152: 126 130 (16.0)
153: 128 (8.0)
154: (0.0)
155: (0.0)
156: 133 135 (18.0)
157: (0.0)
158: 137 140 (17.0)
159: (0.0)
160: 132 134 (16.0)
161: (0.0)
162: 139 (10.0)
163: 131 143 (18.0)
164: (0.0)
165: 144 146 (16.0)
166: (0.0)
167: 136 (9.0)
168: 138 (9.0)
169: 142 148 (16.0)
170: 141 147 (17.0)
171: 149 (10.0)
172: 152 (10.0)
173: 145 (10.0)
174: 151 (10.0)
175: (0.0)
176: (0.0)
177: 153 (10.0)
178: (0.0)
179: 154 157 (17.0)
180: (0.0)
181: 150 155 (18.0)
182: (0.0)
183: 162 (9.0)
184: (0.0)
185: 156 (10.0)
186: 158 (10.0)
187: 167 (10.0)
188: 161 165 (18.0)
189: 168 (8.0)
190: (0.0)
191: 160 163 (17.0)
192: 159 (9.0)
193: 173 (10.0)
194: 170 171 (17.0)
195: 164 177 (20.0)
196: (0.0)
197: (0.0)
198: 176 (10.0)
199: (0.0)
200: 174 (10.0)
201: (0.0)
202: 166 175 (16.0)
203: 169 (10.0)
204: 172 181 184 (26.0)
205: 179 (10.0)
206: (0.0)
207: (0.0)
208: 187 (10.0)
209: 191 (8.0)
210: 180 (10.0)
211: 178 (10.0)
212: 183 (10.0)
213: 185 188 (18.0)
214: 186 (9.0)
215: (0.0)
216: 193 (10.0)
217: (0.0)
218: 182 189 (16.0)
219: 192 (10.0)
220: 194 (10.0)
221: 190 (8.0)
222: 195 196 (17.0)
223: 199 (10.0)
224: 201 (10.0)
225: 200 203 (17.0)
226: (0.0)
227: 198 (8.0)
228: 197 (10.0)
229: (0.0)
230: (0.0)
231: 211 (10.0)
232: 209 (10.0)
233: 206 (9.0)
234: (0.0)
235: 202 (8.0)
236: 208 (10.0)
237: 205 212 (16.0)
238: (0.0)
239: 204 (9.0)
240: (0.0)
241: 207 215 222 (27.0)
242: 216 (10.0)
243: 219 226 (18.0)
244: 214 221 (18.0)
245: (0.0)
246: 227 (10.0)
247: 210 (10.0)
248: (0.0)
249: 220 (10.0)
250: 223 229 (17.0)
251: 217 224 (17.0)
252: 213 218 (17.0)
253: (0.0)
254: 225 (10.0)
255: (0.0)
256: (0.0)
257: 231 (10.0)
258: (0.0)
259: 235 (10.0)
260: 233 (10.0)
261: 232 234 (17.0)
262: 228 230 (17.0)
263: (0.0)
264: 239 (8.0)
265: 236 240 241 (26.0)
266: 244 (10.0)
267: (0.0)
268: (0.0)
269: 246 248 (16.0)
270: (0.0)
271: 237 (10.0)
272: 238 (8.0)
273: 243 (10.0)
274: (0.0)
275: 247 251 (20.0)
276: (0.0)
277: 242 245 (17.0)
278: (0.0)
279: 249 254 (18.0)
280: 256 (9.0)
281: (0.0)
282: (0.0)
283: 250 252 (18.0)
284: (0.0)
285: 253 (10.0)
286: 260 (9.0)
287: 255 257 (16.0)
288: (0.0)
289: (0.0)
290: 262 264 (17.0)
291: (0.0)
292: (0.0)
293: 267 (10.0)
294: 259 (10.0)
295: (0.0)
296: 258 (10.0)
297: (0.0)
298: 263 265 268 (26.0)
299: (0.0)
300: 261 266 (16.0)
301: (0.0)
302: 271 (10.0)
303: (0.0)
304: (0.0)
305: (0.0)
306: 269 (10.0)
307: 272 277 (17.0)
308: (0.0)
309: (0.0)
310: 279 (10.0)
311: 275 (10.0)
312: 273 280 (17.0)
313: 274 278 (17.0)
314: 270 (10.0)
315: (0.0)
316: 276 285 (20.0)
317: (0.0)
318: 286 (9.0)
319: 281 (10.0)
320: (0.0)
321: (0.0)
322: (0.0)
323: (0.0)
324: 284 (10.0)
325: (0.0)
326: (0.0)
327: 287 (10.0)
328: (0.0)
329: 282 289 292 (25.0)
330: 288 290 (17.0)
331: 298 (10.0)
332: 283 (9.0)
333: 293 294 (17.0)
334: (0.0)
335: 291 (10.0)
336: (0.0)
337: 297 301 (17.0)
338: 296 (8.0)
339: (0.0)
340: 300 (10.0)
341: (0.0)
342: 295 306 (18.0)
343: 299 305 (18.0)
344: 302 (9.0)
345: 304 (10.0)
346: 315 (8.0)
347: 308 312 (16.0)
348: 310 (10.0)
349: 303 (9.0)
350: 307 (10.0)
351: 311 (10.0)
352: 313 (10.0)
353: 320 (9.0)
354: 309 318 (17.0)
355: 321 (10.0)
356: 316 (8.0)
357: (0.0)
358: 325 328 (16.0)
359: 319 329 (17.0)
360: 317 324 (16.0)
361: 314 326 (17.0)
362: (0.0)
363: 331 (10.0)
364: 322 (10.0)
365: 323 (8.0)
366: 335 (10.0)
367: 333 (9.0)
368: 330 (10.0)
369: (0.0)
370: (0.0)
371: (0.0)
372: (0.0)
373: 327 338 (17.0)
374: 332 (10.0)
375: 334 (9.0)
376: 336 (10.0)
377: (0.0)
378: (0.0)
379: (0.0)
380: (0.0)
381: 337 339 (17.0)
382: (0.0)
383: (0.0)
384: 340 (10.0)
385: 350 (8.0)
386: (0.0)
387: 344 345 (19.0)
388: 342 (8.0)
389: (0.0)
390: (0.0)
391: 347 348 351 (28.0)
392: 341 346 352 (27.0)
393: (0.0)
394: (0.0)
395: 357 358 (17.0)
396: (0.0)
397: (0.0)
398: 343 349 354 (26.0)
399: (0.0)
400: 362 (10.0)
401: 353 355 (17.0)
402: (0.0)
403: 365 (10.0)
404: (0.0)
405: (0.0)
406: 359 361 (17.0)
407: 360 (10.0)
408: 356 369 (17.0)
409: (0.0)
410: 363 366 (17.0)
411: 364 368 (16.0)
412: 367 371 (18.0)
413: 372 (10.0)
414: (0.0)
415: (0.0)
416: 374 (10.0)
417: 370 377 (16.0)
418: (0.0)
419: (0.0)
420: 373 (10.0)
421: 380 (9.0)
422: 376 (10.0)
423: (0.0)
424: (0.0)
425: (0.0)
426: (0.0)
427: (0.0)
428: 375 (10.0)
429: 381 385 (18.0)
430: 379 387 (16.0)
431: 378 (10.0)
432: (0.0)
433: 382 386 388 (26.0)
434: 383 384 (16.0)
435: (0.0)
436: 393 395 (16.0)
437: 390 (10.0)
438: 389 (10.0)
439: (0.0)
440: (0.0)
441: 400 (10.0)
442: 401 403 (16.0)
443: 392 (10.0)
444: 402 (10.0)
445: (0.0)
446: 397 (10.0)
447: 391 396 (18.0)
448: 399 (10.0)
449: 394 (8.0)
450: 398 (9.0)
451: (0.0)
452: (0.0)
453: (0.0)
454: 410 413 (17.0)
455: (0.0)
456: (0.0)
457: 406 407 414 (27.0)
458: 404 405 (18.0)
459: 411 412 (17.0)
460: 408 409 (16.0)
461: (0.0)
462: (0.0)
463: (0.0)
464: (0.0)
465: 421 (10.0)
466: 415 417 (18.0)
467: 418 (10.0)
468: 422 425 (16.0)
469: 416 419 (16.0)
470: 424 (10.0)
471: 420 427 (18.0)
472: 423 (9.0)
473: 426 (10.0)
474: 428 (9.0)
475: (0.0)
476: 429 (10.0)
477: (0.0)
478: 430 (8.0)
479: (0.0)
480: (0.0)
481: (0.0)
482: (0.0)
483: 435 (10.0)
484: 434 439 (17.0)
485: 431 437 440 (26.0)
486: (0.0)
487: (0.0)
488: (0.0)
489: (0.0)
490: (0.0)
491: (0.0)
492: 433 441 (17.0)
493: 442 (9.0)
494: 436 438 444 (25.0)
495: (0.0)
496: 432 443 (17.0)
497: (0.0)
498: (0.0)
499: 446 (9.0)
500: (0.0)
501: 445 (9.0)
502: (0.0)
503: (0.0)
504: (0.0)
505: (0.0)
506: 449 (10.0)
507: 451 453 (16.0)
508: 454 (8.0)
509: 457 (10.0)
510: 447 458 (18.0)
511: (0.0)
512: (0.0)
513: 448 450 (18.0)
514: (0.0)
515: (0.0)
516: 460 (10.0)
517: (0.0)
518: 455 461 (18.0)
519: 462 467 (18.0)
520: 452 466 (17.0)
521: 456 (9.0)
522: (0.0)
523: 471 (8.0)
524: (0.0)
525: 459 464 (16.0)
526: 463 465 (18.0)
527: (0.0)
528: 469 (8.0)
529: (0.0)
530: (0.0)
531: (0.0)
532: 470 (9.0)
533: 468 472 476 (28.0)
534: (0.0)
535: (0.0)
536: 481 (9.0)
537: (0.0)
538: 483 (8.0)
539: 478 484 (18.0)
540: 473 485 (19.0)
541: 477 (10.0)
542: 475 482 (17.0)
543: 474 480 (16.0)
544: 479 (10.0)
545: (0.0)
546: (0.0)
547: 486 496 (17.0)
548: 487 488 (18.0)
549: (0.0)
550: 490 495 (19.0)
551: (0.0)
552: 491 (10.0)
553: (0.0)
554: (0.0)
555: 492 (10.0)
556: 489 500 (17.0)
557: 497 (9.0)
558: 493 505 (16.0)
559: 494 (10.0)
560: 499 (9.0)
561: 507 (10.0)
562: 506 (10.0)
563: (0.0)
564: 511 (10.0)
565: 498 508 (16.0)
566: 503 (10.0)
567: (0.0)
568: 502 504 (17.0)
569: 514 (8.0)
570: 510 (9.0)
571: 516 517 (18.0)
572: 501 509 515 (26.0)
573: (0.0)
574: 512 521 (17.0)
575: (0.0)
576: (0.0)
577: (0.0)
578: 513 520 (17.0)
579: 522 527 (19.0)
580: (0.0)
581: 518 (9.0)
582: 529 (10.0)
583: 519 (10.0)
584: 523 (9.0)
585: 525 (9.0)
586: 524 528 (18.0)
587: (0.0)
588: 530 (9.0)
589: 534 (10.0)
590: (0.0)
591: 535 (10.0)
592: (0.0)
593: (0.0)
594: 526 532 (19.0)
595: 531 538 (17.0)
596: (0.0)
597: 533 542 (16.0)
598: 541 (10.0)
599: 537 (10.0)
600: 536 540 (17.0)
601: 547 (10.0)
602: 543 (10.0)
603: 551 (10.0)
604: (0.0)
605: (0.0)
606: 539 555 (17.0)
607: 544 546 (16.0)
608: 545 (8.0)
609: 549 550 (17.0)
610: (0.0)
611: 552 (10.0)
612: 548 558 (16.0)
613: (0.0)
614: (0.0)
615: 556 (10.0)
616: 553 (8.0)
617: (0.0)
618: (0.0)
619: 559 (8.0)
620: (0.0)
621: 554 (10.0)
622: (0.0)
623: 562 (10.0)
624: 561 (9.0)
625: 563 (10.0)
626: 560 566 (18.0)
627: 568 (8.0)
628: 564 567 (17.0)
629: (0.0)
630: 557 (10.0)
631: (0.0)
632: 569 574 (17.0)
633: 565 (10.0)
634: (0.0)
635: 570 (10.0)
636: 571 572 (17.0)
637: (0.0)
638: (0.0)
639: 575 579 (17.0)
640: 581 582 (17.0)
641: 577 578 (18.0)
642: 580 (10.0)
643: (0.0)
644: 573 (10.0)
645: 576 586 (17.0)
646: 584 585 (18.0)
647: 587 (10.0)
648: (0.0)
649: (0.0)
650: (0.0)
651: (0.0)
652: (0.0)
653: (0.0)
654: (0.0)
655: (0.0)
656: 588 (9.0)
657: 583 589 (19.0)
658: 590 (10.0)
659: (0.0)
660: (0.0)
661: 592 (9.0)
662: 591 594 (18.0)
663: 593 597 (18.0)
664: 596 (10.0)
665: 595 601 (18.0)
666: 605 (9.0)
667: (0.0)
668: (0.0)
669: (0.0)
670: 602 607 (17.0)
671: (0.0)
672: 598 604 (16.0)
673: (0.0)
674: 603 609 (16.0)
675: 600 611 (19.0)
676: (0.0)
677: 606 (10.0)
678: 599 613 (17.0)
679: (0.0)
680: 616 (9.0)
681: (0.0)
682: 608 (10.0)
683: 612 (9.0)
684: (0.0)
685: 614 (10.0)
686: (0.0)
687: (0.0)
688: 610 (10.0)
689: 617 (10.0)
690: 618 622 (17.0)
691: 623 (10.0)
692: (0.0)
693: 619 621 (18.0)
694: (0.0)
695: (0.0)
696: 615 (10.0)
697: 630 (10.0)
698: (0.0)
699: 620 (10.0)
700: (0.0)
701: 626 631 (16.0)
702: (0.0)
703: 624 (9.0)
704: 627 (10.0)
705: 635 637 (17.0)
706: 628 (10.0)
707: 634 (9.0)
708: 625 (9.0)
709: 633 (10.0)
710: 629 (10.0)
711: 632 (10.0)
712: 642 643 (16.0)
713: 638 (8.0)
714: 640 (10.0)
715: (0.0)
716: 636 644 (16.0)
717: (0.0)
718: 646 (10.0)
719: 641 (10.0)
720: 639 (10.0)
721: 649 (10.0)
722: (0.0)
723: 652 (10.0)
724: 645 650 (17.0)
725: 648 653 (17.0)
726: (0.0)
727: 661 (8.0)
728: (0.0)
729: 647 657 658 (25.0)
730: 659 (9.0)
731: 651 655 (18.0)
732: 654 (10.0)
733: 663 (10.0)
734: (0.0)
735: 662 665 (16.0)
736: 664 (9.0)
737: (0.0)
738: (0.0)
739: (0.0)
740: 660 672 673 (26.0)
741: 670 671 (17.0)
742: 656 666 668 (25.0)
743: 669 680 (16.0)
744: (0.0)
745: (0.0)
746: (0.0)
747: 679 (10.0)
748: 674 675 (18.0)
749: 678 (10.0)
750: (0.0)
751: 676 (10.0)
752: 685 (8.0)
753: (0.0)
754: 667 682 (18.0)
755: (0.0)
756: 677 681 688 (25.0)
757: (0.0)
758: (0.0)
759: 686 687 (16.0)
760: 690 (9.0)
761: (0.0)
762: 683 684 (18.0)
763: (0.0)
764: 697 698 (18.0)
765: (0.0)
766: 700 (10.0)
767: 693 701 (18.0)
768: 694 (10.0)
769: (0.0)
770: 689 691 692 (25.0)
771: (0.0)
772: (0.0)
773: (0.0)
774: 696 703 (18.0)
775: 695 707 (18.0)
776: 699 706 (18.0)
777: (0.0)
778: (0.0)
779: 711 (9.0)
780: 705 (10.0)
781: 708 (10.0)
782: 715 (9.0)
783: 718 (10.0)
784: 712 714 (18.0)
785: 704 (10.0)
786: (0.0)
787: 702 709 (18.0)
788: 713 717 (17.0)
789: (0.0)
790: (0.0)
791: 710 (9.0)
792: (0.0)
793: (0.0)
794: (0.0)
795: 719 (10.0)
796: 716 720 (16.0)
797: (0.0)
798: 721 (10.0)
799: 723 726 (17.0)
800: 728 731 (17.0)
801: 732 (8.0)
802: 735 (10.0)
803: 727 730 (17.0)
804: 722 729 (17.0)
805: 736 737 (18.0)
806: 724 734 (17.0)
807: 733 (10.0)
808: 725 739 (16.0)
809: (0.0)
810: (0.0)
811: (0.0)
812: 740 (10.0)
813: 744 (10.0)
814: 741 (9.0)
815: (0.0)
816: 742 (8.0)
817: (0.0)
818: 743 745 (18.0)
819: 749 (10.0)
820: 738 750 (16.0)
821: (0.0)
822: 746 751 (16.0)
823: 747 (10.0)
824: (0.0)
825: (0.0)
826: (0.0)
827: 752 (10.0)
828: 748 (10.0)
829: (0.0)
830: (0.0)
831: (0.0)
832: 754 755 (18.0)
833: 753 758 (17.0)
834: 759 (9.0)
835: (0.0)
836: (0.0)
837: (0.0)
838: (0.0)
839: 756 (10.0)
840: (0.0)
841: 761 767 (17.0)
842: 764 765 (18.0)
843: 760 (8.0)
844: (0.0)
845: 768 (9.0)
846: 757 (10.0)
847: (0.0)
848: 763 766 (16.0)
849: 762 (10.0)
850: (0.0)
851: 771 (9.0)
852: 773 (10.0)
853: 769 (10.0)
854: 774 (10.0)
855: (0.0)
856: (0.0)
857: 770 772 (18.0)
858: (0.0)
859: 777 778 (17.0)
860: 776 (10.0)
861: 780 (8.0)
862: (0.0)
863: 775 (9.0)
864: 779 (10.0)
865: (0.0)
866: 784 (10.0)
867: (0.0)
868: 783 787 (17.0)
869: (0.0)
870: 786 (9.0)
871: (0.0)
872: 785 (10.0)
873: 781 782 (17.0)
874: (0.0)
875: 789 (9.0)
876: (0.0)
877: 788 (10.0)
878: (0.0)
879: 797 (10.0)
880: (0.0)
881: (0.0)
882: 796 (10.0)
883: 790 794 (17.0)
884: 792 803 (17.0)
885: 793 798 (17.0)
886: 795 801 (17.0)
887: (0.0)
888: 799 807 (18.0)
889: (0.0)
890: 804 (10.0)
891: 791 (10.0)
892: 802 809 (17.0)
893: (0.0)
894: (0.0)
895: 800 806 813 (26.0)
896: (0.0)
897: 812 814 (17.0)
898: 805 (8.0)
899: 811 (10.0)
900: (0.0)
901: 810 (10.0)
902: (0.0)
903: (0.0)
904: 816 (10.0)
905: 819 (8.0)
906: (0.0)
907: 808 (10.0)
908: (0.0)
909: (0.0)
910: 821 824 (17.0)
911: 815 822 (18.0)
912: (0.0)
913: (0.0)
914: 820 823 828 (26.0)
915: 817 (9.0)
916: 818 (9.0)
917: (0.0)
918: 826 (9.0)
919: (0.0)
920: 830 833 (20.0)
921: (0.0)
922: (0.0)
923: 825 834 (16.0)
924: 831 837 (16.0)
925: 829 (8.0)
926: 832 (9.0)
927: 827 838 (17.0)
928: 839 (10.0)
929: (0.0)
930: 835 (10.0)
931: (0.0)
932: 836 844 (19.0)
933: 840 843 845 (26.0)
934: (0.0)
935: (0.0)
936: 841 847 (17.0)
937: (0.0)
938: 849 (10.0)
939: (0.0)
940: 842 (8.0)
941: (0.0)
942: (0.0)
943: 846 (10.0)
944: 848 (10.0)
945: 850 (9.0)
946: 854 (10.0)
947: (0.0)
948: 851 (10.0)
949: (0.0)
950: 857 (10.0)
951: 859 (8.0)
952: (0.0)
953: 856 (8.0)
954: 855 (9.0)
955: (0.0)
956: 852 858 (17.0)
957: (0.0)
958: (0.0)
959: (0.0)
960: 862 (9.0)
961: 853 860 (16.0)
962: 867 (8.0)
963: (0.0)
964: (0.0)
965: 864 (9.0)
966: 863 871 (17.0)
967: (0.0)
968: 861 (9.0)
969: 865 869 (17.0)
970: 866 (10.0)
971: 875 (10.0)
972: 873 (10.0)
973: 872 (9.0)
974: 870 (10.0)
975: (0.0)
976: 868 (10.0)
977: (0.0)
978: 878 (10.0)
979: 874 880 (20.0)
980: 876 884 (16.0)
981: 881 (10.0)
982: 877 885 (18.0)
983: (0.0)
984: 879 (9.0)
985: (0.0)
986: 886 (10.0)
987: (0.0)
988: 882 (10.0)
989: 887 888 (17.0)
990: (0.0)
991: 891 (10.0)
992: 883 (9.0)
993: 890 (10.0)
994: (0.0)
995: (0.0)
996: (0.0)
997: (0.0)
998: (0.0)
999: 892 896 (16.0)
1000: 889 (8.0)
1001: 897 898 (16.0)
1002: (0.0)
1003: 894 (8.0)
1004: 893 (10.0)
1005: (0.0)
1006: (0.0)
1007: (0.0)
1008: (0.0)
1009: (0.0)
1010: 895 (10.0)
1011: (0.0)
1012: (0.0)
1013: (0.0)
1014: (0.0)
1015: 905 (9.0)
1016: 899 906 (18.0)
1017: 900 907 (18.0)
1018: 901 (9.0)
1019: (0.0)
1020: 902 (10.0)
1021: (0.0)
1022: (0.0)
1023: (0.0)
1024: 903 909 (16.0)
1025: 904 (8.0)
1026: (0.0)
1027: 908 (9.0)
1028: 912 (9.0)
1029: 911 (10.0)
1030: (0.0)
1031: 913 (10.0)
1032: 917 (8.0)
1033: (0.0)
1034: 910 (10.0)
1035: 916 923 (17.0)
1036: 921 (10.0)
1037: 929 (9.0)
1038: 914 915 (17.0)
1039: 931 (10.0)
1040: 927 928 (16.0)
1041: 922 935 (16.0)
1042: 926 934 (16.0)
1043: 936 (8.0)
1044: 918 924 (17.0)
1045: (0.0)
1046: 919 (10.0)
1047: 925 938 (17.0)
1048: (0.0)
1049: 920 932 (18.0)
1050: 930 (10.0)
1051: (0.0)
1052: 933 937 (17.0)
1053: (0.0)
1054: (0.0)
1055: 940 (10.0)
1056: 942 (9.0)
1057: 941 (10.0)
1058: (0.0)
1059: 943 946 (16.0)
1060: 948 (9.0)
1061: (0.0)
1062: 939 (10.0)
1063: (0.0)
1064: 947 (8.0)
1065: 951 955 (17.0)
1066: (0.0)
1067: (0.0)
1068: 945 (10.0)
1069: 958 (10.0)
1070: 954 (10.0)
1071: 944 (9.0)
1072: (0.0)
1073: (0.0)
1074: 953 (10.0)
1075: 952 959 (18.0)
1076: 949 957 (17.0)
1077: (0.0)
1078: 956 (10.0)
1079: (0.0)
1080: (0.0)
1081: 950 (9.0)
1082: (0.0)
1083: (0.0)
1084: 961 (10.0)
1085: (0.0)
1086: 963 (9.0)
1087: 960 (10.0)
1088: 969 (8.0)
1089: 962 964 (17.0)
1090: (0.0)
1091: 966 (10.0)
1092: (0.0)
1093: 965 (9.0)
1094: (0.0)
1095: 968 976 (18.0)
1096: (0.0)
1097: (0.0)
1098: 977 (10.0)
1099: (0.0)
1100: 970 (10.0)
1101: 973 (9.0)
1102: 972 (10.0)
1103: 971 979 (18.0)
1104: (0.0)
1105: 974 (8.0)
1106: (0.0)
1107: 967 (10.0)
1108: 975 980 (16.0)
1109: 983 (10.0)
1110: (0.0)
1111: (0.0)
1112: 981 (10.0)
1113: (0.0)
1114: 985 988 (18.0)
1115: 978 (10.0)
1116: 982 (8.0)
1117: 984 991 (16.0)
1118: 986 (10.0)
1119: (0.0)
1120: (0.0)
1121: 990 996 (17.0)
1122: 998 (10.0)
1123: 987 (9.0)
1124: 989 (10.0)
1125: 992 993 (17.0)
1126: (0.0)
1127: (0.0)
1128: (0.0)
1129: (0.0)
1130: (0.0)
1131: 999 (8.0)
1132: (0.0)
1133: 995 (9.0)
1134: 994 (9.0)
1135: (0.0)
1136: (0.0)
1137: 997 (9.0)
1138: (0.0)
1139: (0.0)
1140: (0.0)
1141: (0.0)
