Name: 1000-50-100
Time: 30.452291011810303 
Result: 18491049
Solution:  4 9 24 15 17 12 26 25 27 9 29 18 18 26 25 18 25 25 25 23 26 26 36 27 28 38 37 50 48 40 54 53 48 40 61 47 40 54 65 60 57 52 58 61 54 53 53 71 58 57 61 60 65 60 71 76 79 80 81 81 84 74 89 70 92 74 92 93 93 76 79 99 81 97 84 95 88 105 93 91 90 90 94 94 108 100 104 113 108 111 121 104 113 124 120 105 123 111 108 112 115 135 133 132 134 124 137 140 142 135 137 135 134 139 151 146 149 158 142 143 154 162 150 147 159 149 151 163 172 168 172 174 172 173 158 158 162 161 177 158 177 161 180 174 169 168 170 182 184 170 190 194 186 190 189 189 181 190 194 184 190 182 188 185 195 196 203 195 195 199 209 198 210 200 213 210 194 195 208 213 219 204 217 211 203 208 224 215 210 209 230 227 210 214 228 213 228 228 216 227 226 224 233 226 233 232 240 230 236 236 251 236 238 251 254 248 239 240 238 239 255 251 257 262 251 258 264 252 262 264 263 272 270 255 258 257 276 277 281 262 285 271 272 290 288 285 288 283 285 281 285 298 279 292 300 285 293 309 308 311 300 309 313 302 316 316 304 306 316 324 318 323 310 330 330 309 313 331 324 314 334 324 331 324 330 330 342 330 341 325 346 349 345 331 330 346 349 334 352 347 346 347 359 344 357 342 347 352 345 365 357 360 358 367 371 367 363 362 363 363 370 373 369 363 376 371 374 372 367 373 371 376 372 377 372 389 377 389 389 388 395 399 394 395 399 394 388 392 394 394 392 395 396 392 396 395 399 398 412 399 412 417 414 409 418 422 424 418 424 418 422 424 423 415 418 437 422 439 422 427 422 431 445 426 443 443 449 438 452 445 451 445 451 456 443 454 448 453 458 463 445 444 461 453 459 466 460 459 456 458 461 463 475 472 475 478 461 474 465 483 478 476 474 483 469 473 477 477 483 494 496 477 492 499 502 482 482 485 485 492 505 497 499 494 510 499 499 515 499 498 496 496 512 517 500 507 510 524 505 510 530 515 515 533 514 534 538 527 517 524 524 530 533 526 534 542 542 536 542 553 536 555 542 548 555 562 560 555 553 563 559 555 572 567 566 575 560 575 565 572 564 586 570 568 576 589 586 577 586 588 575 595 588 586 587 589 597 589 598 609 592 596 612 597 610 607 606 604 614 607 614 621 614 607 609 621 626 634 634 634 628 638 629 640 635 626 648 643 644 633 633 634 635 640 642 646 648 639 643 641 658 658 655 654 666 654 672 658 655 653 664 676 662 669 666 661 673 663 661 663 673 666 675 679 688 674 674 691 679 692 687 674 698 687 697 693 698 688 689 706 686 698 692 708 698 698 699 693 711 699 696 720 722 723 711 718 715 716 716 712 715 711 711 730 724 733 718 716 720 720 737 733 739 737 744 733 750 747 733 732 747 750 750 758 752 742 747 737 760 747 760 747 754 763 760 756 763 757 767 765 766 756 766 768 774 755 761 774 763 783 768 783 775 765 770 778 774 781 783 783 792 782 798 786 781 786 801 786 786 783 792 811 793 799 802 811 798 795 809 801 808 802 811 802 804 802 804 820 806 817 824 804 806 808 820 829 820 832 832 830 826 832 827 818 820 840 823 826 826 834 829 832 841 840 846 850 834 855 854 846 846 846 840 845 853 850 867 852 846 864 850 852 861 861 861 874 878 867 864 870 874 883 883 869 884 881 884 881 878 878 893 880 883 899 891 884 906 893 893 890 888 898 899 904 911 899 891 911 907 901 898 906 917 906 913 913 916 916 902 907 912 916 905 920 918 918 920 912 932 932 940 931 938 925 931 927 931 940 937 929 939 937 935 950 951 946 951 937 942 947 948 946 960 949 948 947 968 960 951 967 952 955 968 969 967 967 960 971 975 984 984 981 981 988 989 986 995 986 986 996 988 987 999 996 986 987 992 994 1004 1009 992 994 995 999 1014 1000 1009 1004 1005 1005 1023 1022 1024 1022 1026 1024 1027 1023 1026 1030 1023 1027 1019 1038 1025 1025 1025 1039 1030 1024 1046 1027 1045 1051 1032 1039 1044 1050 1050 1037 1050 1047 1039 1044 1044 1059 1056 1057 1045 1053 1048 1053 1050 1051 1053 1059 1060 1074 1068 1073 1077 1077 1082 1072 1086 1073 1073 1082 1076 1086 1082 1094 1093 1076 1091 1097 1097 1094 1085 1091 1094 1101 1086 1100 1106 1103 1101 1101 1101 1103 1118 1103 1100 1100 1109 1111 1109 1109 1123 1111 1125 1129 1119 1109 1124 1134 1134 1139 1137 1142 1138 1137 1142 1126 1136 1133 1142 1156 1142 1144 1137 1152 1159 1141 1149 1142 1159 1154 1155 1144
0: (0.0)
1: (0.0)
2: (0.0)
3: (0.0)
4: 0 (10.0)
5: (0.0)
6: (0.0)
7: (0.0)
8: (0.0)
9: 1 9 (17.0)
10: (0.0)
11: (0.0)
12: 5 (9.0)
13: (0.0)
14: (0.0)
15: 3 (8.0)
16: (0.0)
17: 4 (10.0)
18: 11 12 15 (27.0)
19: (0.0)
20: (0.0)
21: (0.0)
22: (0.0)
23: 19 (9.0)
24: 2 (8.0)
25: 7 14 16 17 18 (43.0)
26: 6 13 20 21 (35.0)
27: 8 23 (20.0)
28: 24 (8.0)
29: 10 (10.0)
30: (0.0)
31: (0.0)
32: (0.0)
33: (0.0)
34: (0.0)
35: (0.0)
36: 22 (8.0)
37: 26 (10.0)
38: 25 (10.0)
39: (0.0)
40: 29 33 36 (27.0)
41: (0.0)
42: (0.0)
43: (0.0)
44: (0.0)
45: (0.0)
46: (0.0)
47: 35 (9.0)
48: 28 32 (16.0)
49: (0.0)
50: 27 (8.0)
51: (0.0)
52: 41 (8.0)
53: 31 45 46 (24.0)
54: 30 37 44 (28.0)
55: (0.0)
56: (0.0)
57: 40 49 (18.0)
58: 42 48 (18.0)
59: (0.0)
60: 39 51 53 (28.0)
61: 34 43 50 (27.0)
62: (0.0)
63: (0.0)
64: (0.0)
65: 38 52 (18.0)
66: (0.0)
67: (0.0)
68: (0.0)
69: (0.0)
70: 63 (10.0)
71: 47 54 (19.0)
72: (0.0)
73: (0.0)
74: 61 65 (17.0)
75: (0.0)
76: 55 69 (17.0)
77: (0.0)
78: (0.0)
79: 56 70 (20.0)
80: 57 (8.0)
81: 58 59 72 (28.0)
82: (0.0)
83: (0.0)
84: 60 74 (20.0)
85: (0.0)
86: (0.0)
87: (0.0)
88: 76 (9.0)
89: 62 (9.0)
90: 80 81 (18.0)
91: 79 (9.0)
92: 64 66 (17.0)
93: 67 68 78 (29.0)
94: 82 83 (18.0)
95: 75 (8.0)
96: (0.0)
97: 73 (9.0)
98: (0.0)
99: 71 (9.0)
100: 85 (8.0)
101: (0.0)
102: (0.0)
103: (0.0)
104: 86 91 (19.0)
105: 77 95 (16.0)
106: (0.0)
107: (0.0)
108: 84 88 98 (27.0)
109: (0.0)
110: (0.0)
111: 89 97 (19.0)
112: 99 (9.0)
113: 87 92 (19.0)
114: (0.0)
115: 100 (10.0)
116: (0.0)
117: (0.0)
118: (0.0)
119: (0.0)
120: 94 (8.0)
121: 90 (9.0)
122: (0.0)
123: 96 (8.0)
124: 93 105 (16.0)
125: (0.0)
126: (0.0)
127: (0.0)
128: (0.0)
129: (0.0)
130: (0.0)
131: (0.0)
132: 103 (8.0)
133: 102 (8.0)
134: 104 112 (19.0)
135: 101 109 111 (27.0)
136: (0.0)
137: 106 110 (18.0)
138: (0.0)
139: 113 (10.0)
140: 107 (9.0)
141: (0.0)
142: 108 118 (19.0)
143: 119 (9.0)
144: (0.0)
145: (0.0)
146: 115 (10.0)
147: 123 (10.0)
148: (0.0)
149: 116 125 (17.0)
150: 122 (10.0)
151: 114 126 (17.0)
152: (0.0)
153: (0.0)
154: 120 (8.0)
155: (0.0)
156: (0.0)
157: (0.0)
158: 117 134 135 139 (37.0)
159: 124 (8.0)
160: (0.0)
161: 137 141 (18.0)
162: 121 136 (20.0)
163: 127 (9.0)
164: (0.0)
165: (0.0)
166: (0.0)
167: (0.0)
168: 129 145 (17.0)
169: 144 (9.0)
170: 146 149 (16.0)
171: (0.0)
172: 128 130 132 (26.0)
173: 133 (8.0)
174: 131 143 (17.0)
175: (0.0)
176: (0.0)
177: 138 140 (18.0)
178: (0.0)
179: (0.0)
180: 142 (9.0)
181: 156 (8.0)
182: 147 161 (18.0)
183: (0.0)
184: 148 159 (18.0)
185: 163 (9.0)
186: 152 (8.0)
187: (0.0)
188: 162 (8.0)
189: 154 155 (17.0)
190: 150 153 157 160 (34.0)
191: (0.0)
192: (0.0)
193: (0.0)
194: 151 158 176 (26.0)
195: 164 167 168 177 (36.0)
196: 165 (9.0)
197: (0.0)
198: 171 (9.0)
199: 169 (8.0)
200: 173 (8.0)
201: (0.0)
202: (0.0)
203: 166 184 (18.0)
204: 181 (9.0)
205: (0.0)
206: (0.0)
207: (0.0)
208: 178 185 (18.0)
209: 170 189 (19.0)
210: 172 175 188 192 (36.0)
211: 183 (8.0)
212: (0.0)
213: 174 179 195 (25.0)
214: 193 (8.0)
215: 187 (8.0)
216: 198 (8.0)
217: 182 (10.0)
218: (0.0)
219: 180 (9.0)
220: (0.0)
221: (0.0)
222: (0.0)
223: (0.0)
224: 186 201 (17.0)
225: (0.0)
226: 200 203 (17.0)
227: 191 199 (19.0)
228: 194 196 197 (28.0)
229: (0.0)
230: 190 207 (17.0)
231: (0.0)
232: 205 (10.0)
233: 202 204 (20.0)
234: (0.0)
235: (0.0)
236: 208 209 211 (24.0)
237: (0.0)
238: 212 218 (20.0)
239: 216 219 (17.0)
240: 206 217 (18.0)
241: (0.0)
242: (0.0)
243: (0.0)
244: (0.0)
245: (0.0)
246: (0.0)
247: (0.0)
248: 215 (9.0)
249: (0.0)
250: (0.0)
251: 210 213 221 224 (38.0)
252: 227 (9.0)
253: (0.0)
254: 214 (9.0)
255: 220 233 (18.0)
256: (0.0)
257: 222 235 (18.0)
258: 225 234 (18.0)
259: (0.0)
260: (0.0)
261: (0.0)
262: 223 228 239 (27.0)
263: 230 (8.0)
264: 226 229 (17.0)
265: (0.0)
266: (0.0)
267: (0.0)
268: (0.0)
269: (0.0)
270: 232 (8.0)
271: 241 (8.0)
272: 231 242 (17.0)
273: (0.0)
274: (0.0)
275: (0.0)
276: 236 (10.0)
277: 237 (8.0)
278: (0.0)
279: 252 (8.0)
280: (0.0)
281: 238 249 (18.0)
282: (0.0)
283: 247 (8.0)
284: (0.0)
285: 240 245 248 250 255 (47.0)
286: (0.0)
287: (0.0)
288: 244 246 (18.0)
289: (0.0)
290: 243 (9.0)
291: (0.0)
292: 253 (8.0)
293: 256 (9.0)
294: (0.0)
295: (0.0)
296: (0.0)
297: (0.0)
298: 251 (8.0)
299: (0.0)
300: 254 260 (18.0)
301: (0.0)
302: 263 (9.0)
303: (0.0)
304: 266 (9.0)
305: (0.0)
306: 267 (10.0)
307: (0.0)
308: 258 (8.0)
309: 257 261 275 (28.0)
310: 272 (9.0)
311: 259 (10.0)
312: (0.0)
313: 262 276 (18.0)
314: 279 (10.0)
315: (0.0)
316: 264 265 268 (26.0)
317: (0.0)
318: 270 (9.0)
319: (0.0)
320: (0.0)
321: (0.0)
322: (0.0)
323: 271 (10.0)
324: 269 278 281 283 (35.0)
325: 289 (10.0)
326: (0.0)
327: (0.0)
328: (0.0)
329: (0.0)
330: 273 274 284 285 287 294 (57.0)
331: 277 282 293 (25.0)
332: (0.0)
333: (0.0)
334: 280 297 (16.0)
335: (0.0)
336: (0.0)
337: (0.0)
338: (0.0)
339: (0.0)
340: (0.0)
341: 288 (9.0)
342: 286 305 (18.0)
343: (0.0)
344: 303 (8.0)
345: 292 308 (18.0)
346: 290 295 300 (28.0)
347: 299 301 306 (26.0)
348: (0.0)
349: 291 296 (19.0)
350: (0.0)
351: (0.0)
352: 298 307 (18.0)
353: (0.0)
354: (0.0)
355: (0.0)
356: (0.0)
357: 304 310 (19.0)
358: 312 (8.0)
359: 302 (8.0)
360: 311 (10.0)
361: (0.0)
362: 317 (10.0)
363: 316 318 319 323 (37.0)
364: (0.0)
365: 309 (9.0)
366: (0.0)
367: 313 315 328 (25.0)
368: (0.0)
369: 322 (8.0)
370: 320 (9.0)
371: 314 325 330 (28.0)
372: 327 332 334 (27.0)
373: 321 329 (17.0)
374: 326 (9.0)
375: (0.0)
376: 324 331 (20.0)
377: 333 336 (17.0)
378: (0.0)
379: (0.0)
380: (0.0)
381: (0.0)
382: (0.0)
383: (0.0)
384: (0.0)
385: (0.0)
386: (0.0)
387: (0.0)
388: 339 346 (19.0)
389: 335 337 338 (28.0)
390: (0.0)
391: (0.0)
392: 347 350 353 (27.0)
393: (0.0)
394: 342 345 348 349 (33.0)
395: 340 343 351 355 (37.0)
396: 352 354 (16.0)
397: (0.0)
398: 357 (9.0)
399: 341 344 356 359 (36.0)
400: (0.0)
401: (0.0)
402: (0.0)
403: (0.0)
404: (0.0)
405: (0.0)
406: (0.0)
407: (0.0)
408: (0.0)
409: 363 (8.0)
410: (0.0)
411: (0.0)
412: 358 360 (18.0)
413: (0.0)
414: 362 (10.0)
415: 373 (9.0)
416: (0.0)
417: 361 (9.0)
418: 364 367 369 374 (33.0)
419: (0.0)
420: (0.0)
421: (0.0)
422: 365 370 376 378 380 (47.0)
423: 372 (9.0)
424: 366 368 371 (30.0)
425: (0.0)
426: 383 (9.0)
427: 379 (10.0)
428: (0.0)
429: (0.0)
430: (0.0)
431: 381 (10.0)
432: (0.0)
433: (0.0)
434: (0.0)
435: (0.0)
436: (0.0)
437: 375 (9.0)
438: 387 (8.0)
439: 377 (8.0)
440: (0.0)
441: (0.0)
442: (0.0)
443: 384 385 394 (30.0)
444: 401 (9.0)
445: 382 389 391 400 (37.0)
446: (0.0)
447: (0.0)
448: 396 (8.0)
449: 386 (10.0)
450: (0.0)
451: 390 392 (16.0)
452: 388 (8.0)
453: 397 403 (18.0)
454: 395 (8.0)
455: (0.0)
456: 393 408 (19.0)
457: (0.0)
458: 398 409 (20.0)
459: 404 407 (17.0)
460: 406 (8.0)
461: 402 410 416 (25.0)
462: (0.0)
463: 399 411 (16.0)
464: (0.0)
465: 418 (9.0)
466: 405 (10.0)
467: (0.0)
468: (0.0)
469: 424 (9.0)
470: (0.0)
471: (0.0)
472: 413 (9.0)
473: 425 (9.0)
474: 417 422 (19.0)
475: 412 414 (19.0)
476: 421 (9.0)
477: 426 427 431 (26.0)
478: 415 420 (20.0)
479: (0.0)
480: (0.0)
481: (0.0)
482: 435 436 (20.0)
483: 419 423 428 (27.0)
484: (0.0)
485: 437 438 (19.0)
486: (0.0)
487: (0.0)
488: (0.0)
489: (0.0)
490: (0.0)
491: (0.0)
492: 432 439 (17.0)
493: (0.0)
494: 429 443 (19.0)
495: (0.0)
496: 430 450 451 (28.0)
497: 441 (8.0)
498: 449 (8.0)
499: 433 442 445 446 448 (46.0)
500: 454 (9.0)
501: (0.0)
502: 434 (8.0)
503: (0.0)
504: (0.0)
505: 440 458 (18.0)
506: (0.0)
507: 455 (8.0)
508: (0.0)
509: (0.0)
510: 444 456 459 (26.0)
511: (0.0)
512: 452 (10.0)
513: (0.0)
514: 464 (8.0)
515: 447 461 462 (26.0)
516: (0.0)
517: 453 468 (18.0)
518: (0.0)
519: (0.0)
520: (0.0)
521: (0.0)
522: (0.0)
523: (0.0)
524: 457 469 470 (28.0)
525: (0.0)
526: 473 (10.0)
527: 467 (9.0)
528: (0.0)
529: (0.0)
530: 460 471 (17.0)
531: (0.0)
532: (0.0)
533: 463 472 (18.0)
534: 465 474 (19.0)
535: (0.0)
536: 477 480 (19.0)
537: (0.0)
538: 466 (9.0)
539: (0.0)
540: (0.0)
541: (0.0)
542: 475 476 478 482 (36.0)
543: (0.0)
544: (0.0)
545: (0.0)
546: (0.0)
547: (0.0)
548: 483 (10.0)
549: (0.0)
550: (0.0)
551: (0.0)
552: (0.0)
553: 479 488 (19.0)
554: (0.0)
555: 481 484 487 491 (39.0)
556: (0.0)
557: (0.0)
558: (0.0)
559: 490 (10.0)
560: 486 496 (18.0)
561: (0.0)
562: 485 (8.0)
563: 489 (8.0)
564: 500 (8.0)
565: 498 (10.0)
566: 494 (9.0)
567: 493 (9.0)
568: 503 (8.0)
569: (0.0)
570: 502 (10.0)
571: (0.0)
572: 492 499 (16.0)
573: (0.0)
574: (0.0)
575: 495 497 510 (27.0)
576: 504 (9.0)
577: 507 (8.0)
578: (0.0)
579: (0.0)
580: (0.0)
581: (0.0)
582: (0.0)
583: (0.0)
584: (0.0)
585: (0.0)
586: 501 506 508 513 (33.0)
587: 514 (9.0)
588: 509 512 (16.0)
589: 505 515 517 (25.0)
590: (0.0)
591: (0.0)
592: 520 (10.0)
593: (0.0)
594: (0.0)
595: 511 (9.0)
596: 521 (9.0)
597: 516 523 (20.0)
598: 518 (10.0)
599: (0.0)
600: (0.0)
601: (0.0)
602: (0.0)
603: (0.0)
604: 527 (9.0)
605: (0.0)
606: 526 (8.0)
607: 525 529 533 (27.0)
608: (0.0)
609: 519 534 (17.0)
610: 524 (10.0)
611: (0.0)
612: 522 (8.0)
613: (0.0)
614: 528 530 532 (28.0)
615: (0.0)
616: (0.0)
617: (0.0)
618: (0.0)
619: (0.0)
620: (0.0)
621: 531 535 (17.0)
622: (0.0)
623: (0.0)
624: (0.0)
625: (0.0)
626: 536 545 (16.0)
627: (0.0)
628: 540 (9.0)
629: 542 (10.0)
630: (0.0)
631: (0.0)
632: (0.0)
633: 549 550 (18.0)
634: 537 538 539 551 (34.0)
635: 544 552 (20.0)
636: (0.0)
637: (0.0)
638: 541 (10.0)
639: 557 (10.0)
640: 543 553 (17.0)
641: 559 (10.0)
642: 554 (9.0)
643: 547 558 (18.0)
644: 548 (8.0)
645: (0.0)
646: 555 (8.0)
647: (0.0)
648: 546 556 (17.0)
649: (0.0)
650: (0.0)
651: (0.0)
652: (0.0)
653: 569 (8.0)
654: 563 565 (16.0)
655: 562 568 (17.0)
656: (0.0)
657: (0.0)
658: 560 561 567 (29.0)
659: (0.0)
660: (0.0)
661: 575 578 (17.0)
662: 572 (9.0)
663: 577 579 (19.0)
664: 570 (8.0)
665: (0.0)
666: 564 574 581 (27.0)
667: (0.0)
668: (0.0)
669: 573 (8.0)
670: (0.0)
671: (0.0)
672: 566 (9.0)
673: 576 580 (16.0)
674: 585 586 591 (27.0)
675: 582 (8.0)
676: 571 (10.0)
677: (0.0)
678: (0.0)
679: 583 588 (17.0)
680: (0.0)
681: (0.0)
682: (0.0)
683: (0.0)
684: (0.0)
685: (0.0)
686: 600 (8.0)
687: 590 593 (18.0)
688: 584 597 (20.0)
689: 598 (8.0)
690: (0.0)
691: 587 (9.0)
692: 589 602 (16.0)
693: 595 607 (18.0)
694: (0.0)
695: (0.0)
696: 610 (8.0)
697: 594 (10.0)
698: 592 596 601 604 605 (45.0)
699: 606 609 (17.0)
700: (0.0)
701: (0.0)
702: (0.0)
703: (0.0)
704: (0.0)
705: (0.0)
706: 599 (9.0)
707: (0.0)
708: 603 (10.0)
709: (0.0)
710: (0.0)
711: 608 614 621 622 (38.0)
712: 619 (9.0)
713: (0.0)
714: (0.0)
715: 616 620 (17.0)
716: 617 618 627 (26.0)
717: (0.0)
718: 615 626 (17.0)
719: (0.0)
720: 611 628 629 (27.0)
721: (0.0)
722: 612 (8.0)
723: 613 (9.0)
724: 624 (10.0)
725: (0.0)
726: (0.0)
727: (0.0)
728: (0.0)
729: (0.0)
730: 623 (8.0)
731: (0.0)
732: 639 (10.0)
733: 625 631 635 638 (37.0)
734: (0.0)
735: (0.0)
736: (0.0)
737: 630 633 647 (26.0)
738: (0.0)
739: 632 (8.0)
740: (0.0)
741: (0.0)
742: 645 (10.0)
743: (0.0)
744: 634 (8.0)
745: (0.0)
746: (0.0)
747: 637 640 646 649 651 (47.0)
748: (0.0)
749: (0.0)
750: 636 641 642 (26.0)
751: (0.0)
752: 644 (10.0)
753: (0.0)
754: 652 (10.0)
755: 665 (9.0)
756: 655 661 (16.0)
757: 657 (8.0)
758: 643 (10.0)
759: (0.0)
760: 648 650 654 (26.0)
761: 666 (9.0)
762: (0.0)
763: 653 656 668 (28.0)
764: (0.0)
765: 659 673 (16.0)
766: 660 662 (19.0)
767: 658 (9.0)
768: 663 670 (18.0)
769: (0.0)
770: 674 (8.0)
771: (0.0)
772: (0.0)
773: (0.0)
774: 664 667 676 (24.0)
775: 672 (9.0)
776: (0.0)
777: (0.0)
778: 675 (10.0)
779: (0.0)
780: (0.0)
781: 677 684 (19.0)
782: 681 (9.0)
783: 669 671 678 679 689 (44.0)
784: (0.0)
785: (0.0)
786: 683 685 687 688 (35.0)
787: (0.0)
788: (0.0)
789: (0.0)
790: (0.0)
791: (0.0)
792: 680 690 (18.0)
793: 692 (9.0)
794: (0.0)
795: 697 (8.0)
796: (0.0)
797: (0.0)
798: 682 696 (18.0)
799: 693 (9.0)
800: (0.0)
801: 686 699 (17.0)
802: 694 701 703 705 (35.0)
803: (0.0)
804: 704 706 711 (27.0)
805: (0.0)
806: 708 712 (16.0)
807: (0.0)
808: 700 713 (19.0)
809: 698 (10.0)
810: (0.0)
811: 691 695 702 (26.0)
812: (0.0)
813: (0.0)
814: (0.0)
815: (0.0)
816: (0.0)
817: 709 (8.0)
818: 723 (8.0)
819: (0.0)
820: 707 714 716 724 (37.0)
821: (0.0)
822: (0.0)
823: 726 (10.0)
824: 710 (8.0)
825: (0.0)
826: 720 727 728 (28.0)
827: 722 (10.0)
828: (0.0)
829: 715 730 (17.0)
830: 719 (10.0)
831: (0.0)
832: 717 718 721 731 (38.0)
833: (0.0)
834: 729 736 (18.0)
835: (0.0)
836: (0.0)
837: (0.0)
838: (0.0)
839: (0.0)
840: 725 733 742 (27.0)
841: 732 (9.0)
842: (0.0)
843: (0.0)
844: (0.0)
845: 743 (9.0)
846: 734 739 740 741 748 (46.0)
847: (0.0)
848: (0.0)
849: (0.0)
850: 735 745 750 (26.0)
851: (0.0)
852: 747 751 (18.0)
853: 744 (10.0)
854: 738 (8.0)
855: 737 (9.0)
856: (0.0)
857: (0.0)
858: (0.0)
859: (0.0)
860: (0.0)
861: 752 753 754 (27.0)
862: (0.0)
863: (0.0)
864: 749 758 (19.0)
865: (0.0)
866: (0.0)
867: 746 757 (19.0)
868: (0.0)
869: 763 (8.0)
870: 759 (10.0)
871: (0.0)
872: (0.0)
873: (0.0)
874: 755 760 (16.0)
875: (0.0)
876: (0.0)
877: (0.0)
878: 756 768 769 (28.0)
879: (0.0)
880: 771 (9.0)
881: 765 767 (17.0)
882: (0.0)
883: 761 762 772 (30.0)
884: 764 766 775 (27.0)
885: (0.0)
886: (0.0)
887: (0.0)
888: 780 (8.0)
889: (0.0)
890: 779 (9.0)
891: 774 786 (17.0)
892: (0.0)
893: 770 777 778 (27.0)
894: (0.0)
895: (0.0)
896: (0.0)
897: (0.0)
898: 781 790 (18.0)
899: 773 782 785 (26.0)
900: (0.0)
901: 789 (10.0)
902: 798 (9.0)
903: (0.0)
904: 783 (10.0)
905: 802 (8.0)
906: 776 791 793 (27.0)
907: 788 799 (20.0)
908: (0.0)
909: (0.0)
910: (0.0)
911: 784 787 (17.0)
912: 800 807 (18.0)
913: 794 795 (17.0)
914: (0.0)
915: (0.0)
916: 796 797 801 (27.0)
917: 792 (9.0)
918: 804 805 (19.0)
919: (0.0)
920: 803 806 (18.0)
921: (0.0)
922: (0.0)
923: (0.0)
924: (0.0)
925: 813 (8.0)
926: (0.0)
927: 815 (10.0)
928: (0.0)
929: 819 (10.0)
930: (0.0)
931: 811 814 816 (26.0)
932: 808 809 (19.0)
933: (0.0)
934: (0.0)
935: 822 (8.0)
936: (0.0)
937: 818 821 827 (28.0)
938: 812 (9.0)
939: 820 (8.0)
940: 810 817 (17.0)
941: (0.0)
942: 828 (10.0)
943: (0.0)
944: (0.0)
945: (0.0)
946: 825 831 (19.0)
947: 829 835 (18.0)
948: 830 834 (17.0)
949: 833 (10.0)
950: 823 (8.0)
951: 824 826 838 (26.0)
952: 840 (10.0)
953: (0.0)
954: (0.0)
955: 841 (10.0)
956: (0.0)
957: (0.0)
958: (0.0)
959: (0.0)
960: 832 837 846 (29.0)
961: (0.0)
962: (0.0)
963: (0.0)
964: (0.0)
965: (0.0)
966: (0.0)
967: 839 844 845 (28.0)
968: 836 842 (16.0)
969: 843 (9.0)
970: (0.0)
971: 847 (9.0)
972: (0.0)
973: (0.0)
974: (0.0)
975: 848 (9.0)
976: (0.0)
977: (0.0)
978: (0.0)
979: (0.0)
980: (0.0)
981: 851 852 (17.0)
982: (0.0)
983: (0.0)
984: 849 850 (20.0)
985: (0.0)
986: 855 857 858 864 (35.0)
987: 861 865 (18.0)
988: 853 860 (18.0)
989: 854 (10.0)
990: (0.0)
991: (0.0)
992: 866 870 (18.0)
993: (0.0)
994: 867 871 (18.0)
995: 856 872 (18.0)
996: 859 863 (17.0)
997: (0.0)
998: (0.0)
999: 862 873 (18.0)
1000: 875 (10.0)
1001: (0.0)
1002: (0.0)
1003: (0.0)
1004: 868 877 (19.0)
1005: 878 879 (18.0)
1006: (0.0)
1007: (0.0)
1008: (0.0)
1009: 869 876 (18.0)
1010: (0.0)
1011: (0.0)
1012: (0.0)
1013: (0.0)
1014: 874 (10.0)
1015: (0.0)
1016: (0.0)
1017: (0.0)
1018: (0.0)
1019: 892 (9.0)
1020: (0.0)
1021: (0.0)
1022: 881 883 (18.0)
1023: 880 887 890 (25.0)
1024: 882 885 899 (29.0)
1025: 894 895 896 (27.0)
1026: 884 888 (18.0)
1027: 886 891 901 (26.0)
1028: (0.0)
1029: (0.0)
1030: 889 898 (18.0)
1031: (0.0)
1032: 904 (8.0)
1033: (0.0)
1034: (0.0)
1035: (0.0)
1036: (0.0)
1037: 909 (8.0)
1038: 893 (8.0)
1039: 897 905 912 (26.0)
1040: (0.0)
1041: (0.0)
1042: (0.0)
1043: (0.0)
1044: 906 913 914 (28.0)
1045: 902 918 (20.0)
1046: 900 (9.0)
1047: 911 (8.0)
1048: 920 (10.0)
1049: (0.0)
1050: 907 908 910 922 (37.0)
1051: 903 923 (17.0)
1052: (0.0)
1053: 919 921 924 (27.0)
1054: (0.0)
1055: (0.0)
1056: 916 (8.0)
1057: 917 (8.0)
1058: (0.0)
1059: 915 925 (18.0)
1060: 926 (9.0)
1061: (0.0)
1062: (0.0)
1063: (0.0)
1064: (0.0)
1065: (0.0)
1066: (0.0)
1067: (0.0)
1068: 928 (10.0)
1069: (0.0)
1070: (0.0)
1071: (0.0)
1072: 933 (10.0)
1073: 929 935 936 (26.0)
1074: 927 (10.0)
1075: (0.0)
1076: 938 943 (19.0)
1077: 930 931 (18.0)
1078: (0.0)
1079: (0.0)
1080: (0.0)
1081: (0.0)
1082: 932 937 940 (29.0)
1083: (0.0)
1084: (0.0)
1085: 948 (10.0)
1086: 934 939 952 (24.0)
1087: (0.0)
1088: (0.0)
1089: (0.0)
1090: (0.0)
1091: 944 949 (16.0)
1092: (0.0)
1093: 942 (9.0)
1094: 941 947 950 (27.0)
1095: (0.0)
1096: (0.0)
1097: 945 946 (20.0)
1098: (0.0)
1099: (0.0)
1100: 953 962 963 (27.0)
1101: 951 956 957 958 (38.0)
1102: (0.0)
1103: 955 959 961 (27.0)
1104: (0.0)
1105: (0.0)
1106: 954 (8.0)
1107: (0.0)
1108: (0.0)
1109: 964 966 967 973 (38.0)
1110: (0.0)
1111: 965 969 (20.0)
1112: (0.0)
1113: (0.0)
1114: (0.0)
1115: (0.0)
1116: (0.0)
1117: (0.0)
1118: 960 (10.0)
1119: 972 (8.0)
1120: (0.0)
1121: (0.0)
1122: (0.0)
1123: 968 (8.0)
1124: 974 (10.0)
1125: 970 (10.0)
1126: 983 (8.0)
1127: (0.0)
1128: (0.0)
1129: 971 (9.0)
1130: (0.0)
1131: (0.0)
1132: (0.0)
1133: 985 (8.0)
1134: 975 976 (18.0)
1135: (0.0)
1136: 984 (8.0)
1137: 978 981 990 (27.0)
1138: 980 (9.0)
1139: 977 (10.0)
1140: (0.0)
1141: 993 (8.0)
1142: 979 982 986 988 995 (45.0)
1143: (0.0)
1144: 989 999 (18.0)
1145: (0.0)
1146: (0.0)
1147: (0.0)
1148: (0.0)
1149: 994 (9.0)
1150: (0.0)
1151: (0.0)
1152: 991 (8.0)
1153: (0.0)
1154: 997 (10.0)
1155: 998 (10.0)
1156: 987 (8.0)
1157: (0.0)
1158: (0.0)
1159: 992 996 (18.0)
1160: (0.0)
1161: (0.0)
1162: (0.0)
1163: (0.0)
1164: (0.0)
1165: (0.0)
1166: (0.0)
