Name: 1000-40-85
Time: 28.366024017333984 
Result: 12651044
Solution:  0 16 14 17 17 11 22 12 16 16 27 19 17 19 20 25 36 30 25 40 42 39 36 41 42 42 36 39 51 40 50 60 59 57 59 50 48 51 57 64 60 67 59 68 64 59 70 64 70 64 73 80 69 71 81 81 82 86 84 84 82 92 91 88 89 80 92 89 96 100 96 109 105 100 104 96 101 107 103 104 101 113 113 114 108 115 116 114 115 120 116 114 111 123 119 120 131 130 123 130 127 131 128 127 128 136 131 135 145 136 151 150 151 142 146 157 149 147 158 156 162 150 154 151 157 158 167 169 165 169 165 176 169 170 171 175 171 175 167 169 177 171 181 174 175 184 184 175 189 181 194 182 181 181 185 194 203 188 202 209 201 202 201 197 208 209 204 206 210 204 209 210 215 206 208 222 210 223 216 223 217 220 223 222 237 232 232 230 230 247 248 239 239 250 239 252 243 249 256 261 248 249 267 258 266 266 256 261 267 272 266 272 272 276 267 279 279 267 279 280 278 272 276 284 283 279 288 280 280 289 285 292 288 297 292 296 295 295 306 301 306 306 305 308 303 305 313 316 312 320 320 316 320 321 319 316 318 327 334 330 324 326 343 338 331 330 330 338 333 334 338 333 342 338 349 349 342 350 356 353 360 349 361 364 364 356 356 356 360 368 362 364 368 375 360 364 373 368 372 373 369 368 368 373 368 382 381 382 388 373 382 381 383 382 383 383 387 386 386 395 398 395 403 395 399 401 398 406 400 407 415 407 406 407 413 414 411 423 423 413 413 421 417 420 428 424 421 423 435 420 436 429 435 439 443 433 448 439 443 443 451 436 436 448 447 447 449 451 454 457 449 458 462 458 447 454 460 460 460 454 466 458 460 466 469 460 467 479 467 468 468 472 469 470 485 485 472 484 479 485 484 494 490 490 487 501 502 490 494 501 502 501 496 494 504 503 509 503 508 515 507 508 513 515 507 520 519 513 520 512 522 519 529 520 537 522 535 523 534 537 529 538 547 545 534 537 538 543 546 556 553 553 556 553 561 560 556 560 571 560 560 556 560 566 571 571 568 570 580 584 580 584 587 581 583 587 583 596 581 583 587 602 600 602 590 601 606 601 600 603 602 599 608 606 608 611 605 604 604 616 619 624 619 626 619 624 616 618 621 619 630 617 631 620 626 623 630 622 630 631 644 646 635 641 637 649 644 637 641 650 641 655 644 650 653 644 653 654 646 662 654 662 661 652 661 661 666 655 661 669 670 666 671 673 669 671 672 673 676 677 673 674 670 676 672 672 686 677 674 677 686 682 683 691 700 685 694 686 694 694 694 698 696 707 698 699 705 709 712 700 717 710 701 712 718 717 707 717 710 707 709 710 729 719 713 718 717 726 732 733 726 720 727 733 727 734 729 735 738 732 733 734 750 748 755 739 739 748 750 749 750 753 754 761 749 761 762 763 768 764 762 762 756 770 758 760 762 764 761 780 770 775 770 773 768 780 782 779 773 775 779 779 779 782 782 788 782 796 800 790 793 796 792 796 793 809 800 809 800 810 799 805 809 809 810 810 813 817 821 826 823 820 817 828 827 831 820 829 831 828 823 830 827 833 832 832 837 841 839 835 837 849 849 840 859 856 849 849 847 863 847 863 851 855 855 857 857 866 859 860 865 876 877 868 875 876 878 887 878 875 882 882 879 876 880 890 881 892 901 893 895 889 893 902 901 902 908 902 895 898 904 898 901 912 905 912 912 907 918 908 927 921 922 919 927 918 919 918 924 927 924 928 927 927 936 940 936 938 938 936 947 936 940 948 940 948 949 940 950 947 955 949 955 963 956 960 964 949 956 960 952 969 973 973 972 969 969 966 979 966 982 971 986 975 974 982 978 978 983 975 990 986 991 986 1001 992 986 994 994 984 995 987 999 993 998 991 990 998 995 1003 1006 1001 1006 1002 1004 1014 1011 1003 1014 1014 1011 1017 1021 1018 1011 1021 1016 1023 1016 1023 1015 1016 1020 1018 1020 1022 1037 1027 1023 1030 1023 1037 1034 1028 1037 1035 1030 1036 1035 1035 1045 1035 1044 1034 1036 1052 1044 1037 1042 1049 1051 1054 1054 1049 1059 1051 1049 1056 1056 1054 1072 1072 1070 1061 1068 1066 1061 1078 1072 1066 1080 1078 1074 1070 1083 1076 1084 1080 1080 1085 1078 1086 1095 1092 1088 1084 1096 1094 1095 1106 1092 1092 1102 1110 1102 1107 1106 1113 1108 1110 1105 1108 1108 1110 1124 1121 1124 1113 1113 1123 1118 1120 1123 1122 1118 1129 1132 1129 1137 1127 1131 1129 1129 1126 1132 1129 1138 1133 1150 1139 1137 1138 1139 1144 1142 1150 1154 1151 1161 1162 1150 1166 1166 1168 1165 1161 1156 1171 1166 1174
0: 0 (10.0)
1: (0.0)
2: (0.0)
3: (0.0)
4: (0.0)
5: (0.0)
6: (0.0)
7: (0.0)
8: (0.0)
9: (0.0)
10: (0.0)
11: 5 (10.0)
12: 7 (10.0)
13: (0.0)
14: 2 (10.0)
15: (0.0)
16: 1 8 9 (26.0)
17: 3 4 12 (27.0)
18: (0.0)
19: 11 13 (18.0)
20: 14 (8.0)
21: (0.0)
22: 6 (8.0)
23: (0.0)
24: (0.0)
25: 15 18 (18.0)
26: (0.0)
27: 10 (9.0)
28: (0.0)
29: (0.0)
30: 17 (10.0)
31: (0.0)
32: (0.0)
33: (0.0)
34: (0.0)
35: (0.0)
36: 16 22 26 (27.0)
37: (0.0)
38: (0.0)
39: 21 27 (18.0)
40: 19 29 (17.0)
41: 23 (8.0)
42: 20 24 25 (27.0)
43: (0.0)
44: (0.0)
45: (0.0)
46: (0.0)
47: (0.0)
48: 36 (9.0)
49: (0.0)
50: 30 35 (17.0)
51: 28 37 (17.0)
52: (0.0)
53: (0.0)
54: (0.0)
55: (0.0)
56: (0.0)
57: 33 38 (17.0)
58: (0.0)
59: 32 34 42 45 (37.0)
60: 31 40 (19.0)
61: (0.0)
62: (0.0)
63: (0.0)
64: 39 44 47 49 (36.0)
65: (0.0)
66: (0.0)
67: 41 (10.0)
68: 43 (10.0)
69: 52 (10.0)
70: 46 48 (17.0)
71: 53 (9.0)
72: (0.0)
73: 50 (9.0)
74: (0.0)
75: (0.0)
76: (0.0)
77: (0.0)
78: (0.0)
79: (0.0)
80: 51 65 (19.0)
81: 54 55 (19.0)
82: 56 60 (18.0)
83: (0.0)
84: 58 59 (17.0)
85: (0.0)
86: 57 (8.0)
87: (0.0)
88: 63 (8.0)
89: 64 67 (18.0)
90: (0.0)
91: 62 (9.0)
92: 61 66 (18.0)
93: (0.0)
94: (0.0)
95: (0.0)
96: 68 70 75 (26.0)
97: (0.0)
98: (0.0)
99: (0.0)
100: 69 73 (19.0)
101: 76 80 (16.0)
102: (0.0)
103: 78 (9.0)
104: 74 79 (17.0)
105: 72 (9.0)
106: (0.0)
107: 77 (9.0)
108: 84 (9.0)
109: 71 (10.0)
110: (0.0)
111: 92 (9.0)
112: (0.0)
113: 81 82 (18.0)
114: 83 87 91 (30.0)
115: 85 88 (17.0)
116: 86 90 (17.0)
117: (0.0)
118: (0.0)
119: 94 (8.0)
120: 89 95 (16.0)
121: (0.0)
122: (0.0)
123: 93 98 (17.0)
124: (0.0)
125: (0.0)
126: (0.0)
127: 100 103 (19.0)
128: 102 104 (19.0)
129: (0.0)
130: 97 99 (16.0)
131: 96 101 106 (25.0)
132: (0.0)
133: (0.0)
134: (0.0)
135: 107 (8.0)
136: 105 109 (16.0)
137: (0.0)
138: (0.0)
139: (0.0)
140: (0.0)
141: (0.0)
142: 113 (8.0)
143: (0.0)
144: (0.0)
145: 108 (8.0)
146: 114 (9.0)
147: 117 (9.0)
148: (0.0)
149: 116 (8.0)
150: 111 121 (17.0)
151: 110 112 123 (26.0)
152: (0.0)
153: (0.0)
154: 122 (9.0)
155: (0.0)
156: 119 (8.0)
157: 115 124 (18.0)
158: 118 125 (17.0)
159: (0.0)
160: (0.0)
161: (0.0)
162: 120 (9.0)
163: (0.0)
164: (0.0)
165: 128 130 (19.0)
166: (0.0)
167: 126 138 (18.0)
168: (0.0)
169: 127 129 132 139 (38.0)
170: 133 (8.0)
171: 134 136 141 (27.0)
172: (0.0)
173: (0.0)
174: 143 (8.0)
175: 135 137 144 147 (35.0)
176: 131 (9.0)
177: 140 (9.0)
178: (0.0)
179: (0.0)
180: (0.0)
181: 142 149 152 153 (36.0)
182: 151 (10.0)
183: (0.0)
184: 145 146 (16.0)
185: 154 (10.0)
186: (0.0)
187: (0.0)
188: 157 (8.0)
189: 148 (9.0)
190: (0.0)
191: (0.0)
192: (0.0)
193: (0.0)
194: 150 155 (18.0)
195: (0.0)
196: (0.0)
197: 163 (9.0)
198: (0.0)
199: (0.0)
200: (0.0)
201: 160 162 (20.0)
202: 158 161 (18.0)
203: 156 (10.0)
204: 166 169 (20.0)
205: (0.0)
206: 167 173 (18.0)
207: (0.0)
208: 164 174 (18.0)
209: 159 165 170 (26.0)
210: 168 171 176 (28.0)
211: (0.0)
212: (0.0)
213: (0.0)
214: (0.0)
215: 172 (9.0)
216: 178 (8.0)
217: 180 (10.0)
218: (0.0)
219: (0.0)
220: 181 (9.0)
221: (0.0)
222: 175 183 (16.0)
223: 177 179 182 (27.0)
224: (0.0)
225: (0.0)
226: (0.0)
227: (0.0)
228: (0.0)
229: (0.0)
230: 187 188 (19.0)
231: (0.0)
232: 185 186 (17.0)
233: (0.0)
234: (0.0)
235: (0.0)
236: (0.0)
237: 184 (8.0)
238: (0.0)
239: 191 192 194 (29.0)
240: (0.0)
241: (0.0)
242: (0.0)
243: 196 (8.0)
244: (0.0)
245: (0.0)
246: (0.0)
247: 189 (8.0)
248: 190 200 (19.0)
249: 197 201 (18.0)
250: 193 (10.0)
251: (0.0)
252: 195 (10.0)
253: (0.0)
254: (0.0)
255: (0.0)
256: 198 206 (16.0)
257: (0.0)
258: 203 (8.0)
259: (0.0)
260: (0.0)
261: 199 207 (18.0)
262: (0.0)
263: (0.0)
264: (0.0)
265: (0.0)
266: 204 205 210 (27.0)
267: 202 208 214 217 (37.0)
268: (0.0)
269: (0.0)
270: (0.0)
271: (0.0)
272: 209 211 212 221 (35.0)
273: (0.0)
274: (0.0)
275: (0.0)
276: 213 222 (16.0)
277: (0.0)
278: 220 (9.0)
279: 215 216 218 225 (35.0)
280: 219 227 228 (29.0)
281: (0.0)
282: (0.0)
283: 224 (9.0)
284: 223 (10.0)
285: 230 (8.0)
286: (0.0)
287: (0.0)
288: 226 232 (18.0)
289: 229 (10.0)
290: (0.0)
291: (0.0)
292: 231 234 (17.0)
293: (0.0)
294: (0.0)
295: 236 237 (19.0)
296: 235 (10.0)
297: 233 (9.0)
298: (0.0)
299: (0.0)
300: (0.0)
301: 239 (8.0)
302: (0.0)
303: 244 (9.0)
304: (0.0)
305: 242 245 (18.0)
306: 238 240 241 (26.0)
307: (0.0)
308: 243 (8.0)
309: (0.0)
310: (0.0)
311: (0.0)
312: 248 (10.0)
313: 246 (10.0)
314: (0.0)
315: (0.0)
316: 247 251 255 (30.0)
317: (0.0)
318: 256 (10.0)
319: 254 (8.0)
320: 249 250 252 (25.0)
321: 253 (8.0)
322: (0.0)
323: (0.0)
324: 260 (10.0)
325: (0.0)
326: 261 (10.0)
327: 257 (9.0)
328: (0.0)
329: (0.0)
330: 259 265 266 (28.0)
331: 264 (8.0)
332: (0.0)
333: 268 271 (18.0)
334: 258 269 (16.0)
335: (0.0)
336: (0.0)
337: (0.0)
338: 263 267 270 273 (38.0)
339: (0.0)
340: (0.0)
341: (0.0)
342: 272 276 (18.0)
343: 262 (9.0)
344: (0.0)
345: (0.0)
346: (0.0)
347: (0.0)
348: (0.0)
349: 274 275 281 (26.0)
350: 277 (9.0)
351: (0.0)
352: (0.0)
353: 279 (9.0)
354: (0.0)
355: (0.0)
356: 278 285 286 287 (37.0)
357: (0.0)
358: (0.0)
359: (0.0)
360: 280 288 294 (25.0)
361: 282 (10.0)
362: 290 (9.0)
363: (0.0)
364: 283 284 291 295 (38.0)
365: (0.0)
366: (0.0)
367: (0.0)
368: 289 292 297 301 302 304 (52.0)
369: 300 (10.0)
370: (0.0)
371: (0.0)
372: 298 (9.0)
373: 296 299 303 309 (36.0)
374: (0.0)
375: 293 (9.0)
376: (0.0)
377: (0.0)
378: (0.0)
379: (0.0)
380: (0.0)
381: 306 311 (19.0)
382: 305 307 310 313 (39.0)
383: 312 314 315 (28.0)
384: (0.0)
385: (0.0)
386: 317 318 (16.0)
387: 316 (10.0)
388: 308 (10.0)
389: (0.0)
390: (0.0)
391: (0.0)
392: (0.0)
393: (0.0)
394: (0.0)
395: 319 321 323 (27.0)
396: (0.0)
397: (0.0)
398: 320 326 (18.0)
399: 324 (9.0)
400: 328 (9.0)
401: 325 (9.0)
402: (0.0)
403: 322 (9.0)
404: (0.0)
405: (0.0)
406: 327 332 (18.0)
407: 329 331 333 (27.0)
408: (0.0)
409: (0.0)
410: (0.0)
411: 336 (8.0)
412: (0.0)
413: 334 339 340 (28.0)
414: 335 (9.0)
415: 330 (8.0)
416: (0.0)
417: 342 (8.0)
418: (0.0)
419: (0.0)
420: 343 349 (16.0)
421: 341 346 (19.0)
422: (0.0)
423: 337 338 347 (28.0)
424: 345 (10.0)
425: (0.0)
426: (0.0)
427: (0.0)
428: 344 (10.0)
429: 351 (10.0)
430: (0.0)
431: (0.0)
432: (0.0)
433: 355 (9.0)
434: (0.0)
435: 348 352 (19.0)
436: 350 361 362 (27.0)
437: (0.0)
438: (0.0)
439: 353 357 (18.0)
440: (0.0)
441: (0.0)
442: (0.0)
443: 354 358 359 (25.0)
444: (0.0)
445: (0.0)
446: (0.0)
447: 364 365 374 (26.0)
448: 356 363 (18.0)
449: 366 370 (18.0)
450: (0.0)
451: 360 367 (18.0)
452: (0.0)
453: (0.0)
454: 368 375 379 (26.0)
455: (0.0)
456: (0.0)
457: 369 (9.0)
458: 371 373 381 (27.0)
459: (0.0)
460: 376 377 378 382 385 (47.0)
461: (0.0)
462: 372 (9.0)
463: (0.0)
464: (0.0)
465: (0.0)
466: 380 383 (19.0)
467: 386 388 (19.0)
468: 389 390 (18.0)
469: 384 392 (18.0)
470: 393 (8.0)
471: (0.0)
472: 391 396 (17.0)
473: (0.0)
474: (0.0)
475: (0.0)
476: (0.0)
477: (0.0)
478: (0.0)
479: 387 398 (18.0)
480: (0.0)
481: (0.0)
482: (0.0)
483: (0.0)
484: 397 400 (18.0)
485: 394 395 399 (29.0)
486: (0.0)
487: 404 (8.0)
488: (0.0)
489: (0.0)
490: 402 403 407 (27.0)
491: (0.0)
492: (0.0)
493: (0.0)
494: 401 408 413 (29.0)
495: (0.0)
496: 412 (10.0)
497: (0.0)
498: (0.0)
499: (0.0)
500: (0.0)
501: 405 409 411 (28.0)
502: 406 410 (18.0)
503: 415 417 (19.0)
504: 414 (10.0)
505: (0.0)
506: (0.0)
507: 420 424 (17.0)
508: 418 421 (18.0)
509: 416 (9.0)
510: (0.0)
511: (0.0)
512: 429 (10.0)
513: 422 427 (18.0)
514: (0.0)
515: 419 423 (19.0)
516: (0.0)
517: (0.0)
518: (0.0)
519: 426 431 (18.0)
520: 425 428 433 (24.0)
521: (0.0)
522: 430 435 (20.0)
523: 437 (9.0)
524: (0.0)
525: (0.0)
526: (0.0)
527: (0.0)
528: (0.0)
529: 432 440 (17.0)
530: (0.0)
531: (0.0)
532: (0.0)
533: (0.0)
534: 438 444 (17.0)
535: 436 (9.0)
536: (0.0)
537: 434 439 445 (28.0)
538: 441 446 (18.0)
539: (0.0)
540: (0.0)
541: (0.0)
542: (0.0)
543: 447 (8.0)
544: (0.0)
545: 443 (8.0)
546: 448 (8.0)
547: 442 (10.0)
548: (0.0)
549: (0.0)
550: (0.0)
551: (0.0)
552: (0.0)
553: 450 451 453 (28.0)
554: (0.0)
555: (0.0)
556: 449 452 456 461 (37.0)
557: (0.0)
558: (0.0)
559: (0.0)
560: 455 457 459 460 462 (44.0)
561: 454 (9.0)
562: (0.0)
563: (0.0)
564: (0.0)
565: (0.0)
566: 463 (8.0)
567: (0.0)
568: 466 (8.0)
569: (0.0)
570: 467 (9.0)
571: 458 464 465 (28.0)
572: (0.0)
573: (0.0)
574: (0.0)
575: (0.0)
576: (0.0)
577: (0.0)
578: (0.0)
579: (0.0)
580: 468 470 (19.0)
581: 473 478 (20.0)
582: (0.0)
583: 474 476 479 (26.0)
584: 469 471 (19.0)
585: (0.0)
586: (0.0)
587: 472 475 480 (29.0)
588: (0.0)
589: (0.0)
590: 484 (10.0)
591: (0.0)
592: (0.0)
593: (0.0)
594: (0.0)
595: (0.0)
596: 477 (10.0)
597: (0.0)
598: (0.0)
599: 491 (9.0)
600: 482 488 (16.0)
601: 485 487 (20.0)
602: 481 483 490 (25.0)
603: 489 (8.0)
604: 497 498 (18.0)
605: 496 (10.0)
606: 486 493 (19.0)
607: (0.0)
608: 492 494 (18.0)
609: (0.0)
610: (0.0)
611: 495 (10.0)
612: (0.0)
613: (0.0)
614: (0.0)
615: (0.0)
616: 499 506 (17.0)
617: 511 (8.0)
618: 507 (9.0)
619: 500 502 504 509 (37.0)
620: 513 (9.0)
621: 508 (10.0)
622: 517 (8.0)
623: 515 (10.0)
624: 501 505 (18.0)
625: (0.0)
626: 503 514 (18.0)
627: (0.0)
628: (0.0)
629: (0.0)
630: 510 516 518 (27.0)
631: 512 519 (19.0)
632: (0.0)
633: (0.0)
634: (0.0)
635: 522 (10.0)
636: (0.0)
637: 524 527 (17.0)
638: (0.0)
639: (0.0)
640: (0.0)
641: 523 528 530 (27.0)
642: (0.0)
643: (0.0)
644: 520 526 532 535 (36.0)
645: (0.0)
646: 521 538 (19.0)
647: (0.0)
648: (0.0)
649: 525 (8.0)
650: 529 533 (18.0)
651: (0.0)
652: 543 (9.0)
653: 534 536 (18.0)
654: 537 540 (19.0)
655: 531 547 (19.0)
656: (0.0)
657: (0.0)
658: (0.0)
659: (0.0)
660: (0.0)
661: 542 544 545 548 (35.0)
662: 539 541 (18.0)
663: (0.0)
664: (0.0)
665: (0.0)
666: 546 551 (19.0)
667: (0.0)
668: (0.0)
669: 549 554 (18.0)
670: 550 562 (17.0)
671: 552 555 (19.0)
672: 556 564 565 (26.0)
673: 553 557 560 (27.0)
674: 561 568 (18.0)
675: (0.0)
676: 558 563 (20.0)
677: 559 567 569 (27.0)
678: (0.0)
679: (0.0)
680: (0.0)
681: (0.0)
682: 571 (10.0)
683: 572 (8.0)
684: (0.0)
685: 575 (10.0)
686: 566 570 577 (28.0)
687: (0.0)
688: (0.0)
689: (0.0)
690: (0.0)
691: 573 (10.0)
692: (0.0)
693: (0.0)
694: 576 578 579 580 (37.0)
695: (0.0)
696: 582 (8.0)
697: (0.0)
698: 581 584 (16.0)
699: 585 (9.0)
700: 574 589 (16.0)
701: 592 (9.0)
702: (0.0)
703: (0.0)
704: (0.0)
705: 586 (10.0)
706: (0.0)
707: 583 596 599 (27.0)
708: (0.0)
709: 587 600 (17.0)
710: 591 598 601 (28.0)
711: (0.0)
712: 588 593 (16.0)
713: 604 (10.0)
714: (0.0)
715: (0.0)
716: (0.0)
717: 590 595 597 606 (38.0)
718: 594 605 (18.0)
719: 603 (10.0)
720: 611 (10.0)
721: (0.0)
722: (0.0)
723: (0.0)
724: (0.0)
725: (0.0)
726: 607 610 (16.0)
727: 612 614 (18.0)
728: (0.0)
729: 602 616 (17.0)
730: (0.0)
731: (0.0)
732: 608 619 (16.0)
733: 609 613 620 (26.0)
734: 615 621 (18.0)
735: 617 (9.0)
736: (0.0)
737: (0.0)
738: 618 (10.0)
739: 625 626 (19.0)
740: (0.0)
741: (0.0)
742: (0.0)
743: (0.0)
744: (0.0)
745: (0.0)
746: (0.0)
747: (0.0)
748: 623 627 (18.0)
749: 629 634 (18.0)
750: 622 628 630 (26.0)
751: (0.0)
752: (0.0)
753: 631 (9.0)
754: 632 (8.0)
755: 624 (9.0)
756: 642 (9.0)
757: (0.0)
758: 644 (8.0)
759: (0.0)
760: 645 (9.0)
761: 633 635 648 (27.0)
762: 636 640 641 646 (34.0)
763: 637 (9.0)
764: 639 647 (18.0)
765: (0.0)
766: (0.0)
767: (0.0)
768: 638 654 (17.0)
769: (0.0)
770: 643 650 652 (27.0)
771: (0.0)
772: (0.0)
773: 653 658 (18.0)
774: (0.0)
775: 651 659 (18.0)
776: (0.0)
777: (0.0)
778: (0.0)
779: 657 660 661 662 (35.0)
780: 649 655 (19.0)
781: (0.0)
782: 656 663 664 666 (35.0)
783: (0.0)
784: (0.0)
785: (0.0)
786: (0.0)
787: (0.0)
788: 665 (9.0)
789: (0.0)
790: 669 (10.0)
791: (0.0)
792: 672 (10.0)
793: 670 674 (19.0)
794: (0.0)
795: (0.0)
796: 667 671 673 (26.0)
797: (0.0)
798: (0.0)
799: 680 (9.0)
800: 668 676 678 (26.0)
801: (0.0)
802: (0.0)
803: (0.0)
804: (0.0)
805: 681 (8.0)
806: (0.0)
807: (0.0)
808: (0.0)
809: 675 677 682 683 (34.0)
810: 679 684 685 (25.0)
811: (0.0)
812: (0.0)
813: 686 (9.0)
814: (0.0)
815: (0.0)
816: (0.0)
817: 687 692 (20.0)
818: (0.0)
819: (0.0)
820: 691 696 (18.0)
821: 688 (10.0)
822: (0.0)
823: 690 700 (17.0)
824: (0.0)
825: (0.0)
826: 689 (10.0)
827: 694 702 (18.0)
828: 693 699 (19.0)
829: 697 (8.0)
830: 701 (8.0)
831: 695 698 (19.0)
832: 704 705 (16.0)
833: 703 (10.0)
834: (0.0)
835: 709 (8.0)
836: (0.0)
837: 706 710 (18.0)
838: (0.0)
839: 708 (10.0)
840: 713 (10.0)
841: 707 (9.0)
842: (0.0)
843: (0.0)
844: (0.0)
845: (0.0)
846: (0.0)
847: 718 720 (17.0)
848: (0.0)
849: 711 712 716 717 (36.0)
850: (0.0)
851: 722 (10.0)
852: (0.0)
853: (0.0)
854: (0.0)
855: 723 724 (18.0)
856: 715 (9.0)
857: 725 726 (20.0)
858: (0.0)
859: 714 728 (18.0)
860: 729 (8.0)
861: (0.0)
862: (0.0)
863: 719 721 (19.0)
864: (0.0)
865: 730 (8.0)
866: 727 (10.0)
867: (0.0)
868: 733 (9.0)
869: (0.0)
870: (0.0)
871: (0.0)
872: (0.0)
873: (0.0)
874: (0.0)
875: 734 739 (17.0)
876: 731 735 743 (28.0)
877: 732 (9.0)
878: 736 738 (18.0)
879: 742 (10.0)
880: 744 (10.0)
881: 746 (10.0)
882: 740 741 (17.0)
883: (0.0)
884: (0.0)
885: (0.0)
886: (0.0)
887: 737 (10.0)
888: (0.0)
889: 751 (10.0)
890: 745 (8.0)
891: (0.0)
892: 747 (8.0)
893: 749 752 (17.0)
894: (0.0)
895: 750 758 (19.0)
896: (0.0)
897: (0.0)
898: 759 761 (18.0)
899: (0.0)
900: (0.0)
901: 748 754 762 (29.0)
902: 753 755 757 (30.0)
903: (0.0)
904: 760 (9.0)
905: 764 (9.0)
906: (0.0)
907: 767 (8.0)
908: 756 769 (18.0)
909: (0.0)
910: (0.0)
911: (0.0)
912: 763 765 766 (26.0)
913: (0.0)
914: (0.0)
915: (0.0)
916: (0.0)
917: (0.0)
918: 768 775 777 (28.0)
919: 773 776 (20.0)
920: (0.0)
921: 771 (10.0)
922: 772 (9.0)
923: (0.0)
924: 778 780 (20.0)
925: (0.0)
926: (0.0)
927: 770 774 779 782 783 (45.0)
928: 781 (10.0)
929: (0.0)
930: (0.0)
931: (0.0)
932: (0.0)
933: (0.0)
934: (0.0)
935: (0.0)
936: 784 786 789 791 (35.0)
937: (0.0)
938: 787 788 (19.0)
939: (0.0)
940: 785 792 794 797 (36.0)
941: (0.0)
942: (0.0)
943: (0.0)
944: (0.0)
945: (0.0)
946: (0.0)
947: 790 799 (18.0)
948: 793 795 (19.0)
949: 796 801 807 (28.0)
950: 798 (8.0)
951: (0.0)
952: 810 (9.0)
953: (0.0)
954: (0.0)
955: 800 802 (18.0)
956: 804 808 (17.0)
957: (0.0)
958: (0.0)
959: (0.0)
960: 805 809 (20.0)
961: (0.0)
962: (0.0)
963: 803 (8.0)
964: 806 (9.0)
965: (0.0)
966: 817 819 (18.0)
967: (0.0)
968: (0.0)
969: 811 815 816 (25.0)
970: (0.0)
971: 821 (10.0)
972: 814 (10.0)
973: 812 813 (18.0)
974: 824 (9.0)
975: 823 829 (17.0)
976: (0.0)
977: (0.0)
978: 826 827 (17.0)
979: 818 (9.0)
980: (0.0)
981: (0.0)
982: 820 825 (18.0)
983: 828 (9.0)
984: 839 (10.0)
985: (0.0)
986: 822 831 833 836 (40.0)
987: 841 (8.0)
988: (0.0)
989: (0.0)
990: 830 846 (18.0)
991: 832 845 (17.0)
992: 835 (10.0)
993: 843 (8.0)
994: 837 838 (19.0)
995: 840 848 (20.0)
996: (0.0)
997: (0.0)
998: 844 847 (17.0)
999: 842 (8.0)
1000: (0.0)
1001: 834 851 (18.0)
1002: 853 (10.0)
1003: 849 857 (18.0)
1004: 854 (9.0)
1005: (0.0)
1006: 850 852 (16.0)
1007: (0.0)
1008: (0.0)
1009: (0.0)
1010: (0.0)
1011: 856 860 864 (28.0)
1012: (0.0)
1013: (0.0)
1014: 855 858 859 (28.0)
1015: 870 (8.0)
1016: 866 868 871 (27.0)
1017: 861 (10.0)
1018: 863 873 (19.0)
1019: (0.0)
1020: 872 874 (19.0)
1021: 862 865 (16.0)
1022: 875 (9.0)
1023: 867 869 878 880 (35.0)
1024: (0.0)
1025: (0.0)
1026: (0.0)
1027: 877 (8.0)
1028: 883 (8.0)
1029: (0.0)
1030: 879 886 (18.0)
1031: (0.0)
1032: (0.0)
1033: (0.0)
1034: 882 893 (18.0)
1035: 885 888 889 891 (36.0)
1036: 887 894 (19.0)
1037: 876 881 884 897 (33.0)
1038: (0.0)
1039: (0.0)
1040: (0.0)
1041: (0.0)
1042: 898 (10.0)
1043: (0.0)
1044: 892 896 (18.0)
1045: 890 (8.0)
1046: (0.0)
1047: (0.0)
1048: (0.0)
1049: 899 903 906 (26.0)
1050: (0.0)
1051: 900 905 (20.0)
1052: 895 (8.0)
1053: (0.0)
1054: 901 902 909 (26.0)
1055: (0.0)
1056: 907 908 (20.0)
1057: (0.0)
1058: (0.0)
1059: 904 (10.0)
1060: (0.0)
1061: 913 916 (18.0)
1062: (0.0)
1063: (0.0)
1064: (0.0)
1065: (0.0)
1066: 915 919 (16.0)
1067: (0.0)
1068: 914 (9.0)
1069: (0.0)
1070: 912 923 (17.0)
1071: (0.0)
1072: 910 911 918 (25.0)
1073: (0.0)
1074: 922 (9.0)
1075: (0.0)
1076: 925 (9.0)
1077: (0.0)
1078: 917 921 930 (26.0)
1079: (0.0)
1080: 920 927 928 (29.0)
1081: (0.0)
1082: (0.0)
1083: 924 (8.0)
1084: 926 935 (17.0)
1085: 929 (10.0)
1086: 931 (10.0)
1087: (0.0)
1088: 934 (9.0)
1089: (0.0)
1090: (0.0)
1091: (0.0)
1092: 933 940 941 (25.0)
1093: (0.0)
1094: 937 (10.0)
1095: 932 938 (18.0)
1096: 936 (8.0)
1097: (0.0)
1098: (0.0)
1099: (0.0)
1100: (0.0)
1101: (0.0)
1102: 942 944 (20.0)
1103: (0.0)
1104: (0.0)
1105: 950 (9.0)
1106: 939 946 (20.0)
1107: 945 (10.0)
1108: 948 951 952 (26.0)
1109: (0.0)
1110: 943 949 953 (29.0)
1111: (0.0)
1112: (0.0)
1113: 947 957 958 (29.0)
1114: (0.0)
1115: (0.0)
1116: (0.0)
1117: (0.0)
1118: 960 964 (17.0)
1119: (0.0)
1120: 961 (10.0)
1121: 955 (10.0)
1122: 963 (9.0)
1123: 959 962 (19.0)
1124: 954 956 (17.0)
1125: (0.0)
1126: 973 (8.0)
1127: 969 (10.0)
1128: (0.0)
1129: 965 967 971 972 975 (44.0)
1130: (0.0)
1131: 970 (9.0)
1132: 966 974 (19.0)
1133: 977 (8.0)
1134: (0.0)
1135: (0.0)
1136: (0.0)
1137: 968 980 (18.0)
1138: 976 981 (19.0)
1139: 979 982 (19.0)
1140: (0.0)
1141: (0.0)
1142: 984 (9.0)
1143: (0.0)
1144: 983 (10.0)
1145: (0.0)
1146: (0.0)
1147: (0.0)
1148: (0.0)
1149: (0.0)
1150: 978 985 990 (27.0)
1151: 987 (9.0)
1152: (0.0)
1153: (0.0)
1154: 986 (9.0)
1155: (0.0)
1156: 996 (9.0)
1157: (0.0)
1158: (0.0)
1159: (0.0)
1160: (0.0)
1161: 988 995 (20.0)
1162: 989 (10.0)
1163: (0.0)
1164: (0.0)
1165: 994 (10.0)
1166: 991 992 998 (28.0)
1167: (0.0)
1168: 993 (9.0)
1169: (0.0)
1170: (0.0)
1171: 997 (9.0)
1172: (0.0)
1173: (0.0)
1174: 999 (8.0)
1175: (0.0)
