Name: 1000-50-100
Time: 30.925652980804443 
Result: 18784038
Solution:  23 12 5 15 20 22 26 23 26 25 18 23 33 15 32 22 15 35 22 36 33 38 38 26 40 45 32 46 40 51 46 43 43 58 52 43 44 44 57 60 59 51 60 60 52 54 75 72 66 72 55 60 61 72 69 72 66 78 75 66 82 82 86 75 95 78 73 79 78 82 100 91 95 82 92 92 86 101 97 105 100 108 93 108 102 109 112 101 108 120 118 105 123 105 119 119 127 107 109 109 116 118 123 132 121 140 124 134 132 128 142 137 128 132 146 140 146 159 149 153 142 150 153 165 153 144 151 148 150 160 167 166 162 166 159 166 161 167 165 172 161 180 185 170 185 180 185 181 183 191 183 186 184 172 190 178 198 191 184 186 182 192 186 189 183 200 199 206 203 210 190 194 207 195 199 209 199 200 214 220 206 221 203 205 212 204 205 213 220 220 229 220 212 227 220 213 218 227 214 218 240 229 221 240 227 227 244 231 235 247 252 229 248 243 241 255 252 250 251 246 253 253 249 247 247 262 253 262 251 257 275 272 267 273 257 274 277 270 272 285 271 275 287 277 272 273 287 287 278 278 295 295 300 284 284 285 300 301 298 299 308 301 305 314 302 315 300 311 301 304 325 325 314 312 333 324 328 331 321 317 321 328 338 324 330 334 330 328 346 324 331 325 328 345 331 330 337 349 348 356 358 339 355 351 359 361 364 347 355 351 349 347 356 359 349 359 360 366 370 361 365 374 358 368 365 370 371 372 378 366 370 375 375 372 374 378 398 391 382 395 387 395 385 388 388 401 406 408 405 406 401 391 409 391 401 402 407 408 420 412 405 406 423 417 407 423 412 421 425 421 418 421 414 414 428 417 418 419 420 430 436 428 425 437 434 446 434 441 438 451 451 441 436 456 437 442 438 443 446 458 453 451 451 453 466 458 463 463 456 469 474 475 472 462 469 470 467 462 482 462 478 472 472 467 470 473 492 482 494 491 497 487 477 485 497 492 491 491 487 501 502 499 494 509 510 505 492 502 509 505 497 500 518 513 522 518 522 503 515 517 516 524 527 530 537 516 515 533 518 523 533 539 524 535 529 532 537 538 536 538 552 538 550 556 543 546 543 551 566 554 561 564 554 575 560 575 557 570 564 571 583 585 575 584 580 570 583 586 583 591 585 580 595 597 592 589 595 608 603 589 606 610 604 612 604 607 605 604 608 604 608 608 629 626 610 631 612 615 620 620 637 626 637 623 634 633 639 637 642 638 634 650 644 637 646 650 640 641 639 659 652 663 650 663 663 659 648 654 659 664 659 663 662 669 660 663 667 681 660 672 677 664 672 667 667 672 678 681 676 673 685 681 683 682 701 695 702 704 694 699 698 697 695 704 706 708 708 702 705 694 714 698 708 721 705 704 708 724 722 728 729 708 717 722 719 724 724 736 734 730 732 719 742 743 724 741 736 729 728 749 736 749 741 739 751 744 750 755 751 743 742 742 762 764 752 750 750 749 761 755 761 752 768 753 764 773 762 779 775 776 762 769 775 784 775 786 784 773 792 784 776 786 775 796 789 785 790 783 802 790 787 805 792 789 800 796 814 801 800 809 796 820 814 805 810 814 823 819 816 810 823 820 822 822 819 828 814 813 819 833 831 833 819 832 830 835 828 830 842 834 849 843 835 853 835 838 835 838 841 835 846 842 857 860 864 862 849 853 864 862 853 866 870 865 870 875 861 866 869 878 878 869 875 890 883 890 875 872 873 891 896 883 880 884 896 883 902 896 894 891 902 901 905 911 912 894 891 894 913 901 909 901 913 910 911 913 917 914 909 920 922 911 907 911 907 920 934 931 930 934 931 922 937 930 926 939 938 931 944 946 943 937 947 945 943 950 950 945 952 937 953 948 962 943 948 950 945 951 958 950 964 967 952 964 976 975 965 981 965 976 966 987 970 984 970 993 996 981 996 993 996 993 987 997 998 998 1005 1007 1007 992 996 995 1010 1015 1004 1005 1016 1025 1020 1017 1005 1013 1020 1007 1023 1027 1017 1015 1016 1016 1018 1026 1031 1018 1026 1029 1030 1023 1029 1037 1038 1042 1038 1043 1047 1043 1057 1052 1039 1047 1051 1049 1042 1042 1051 1042 1053 1066 1066 1059 1068 1054 1071 1051 1054 1068 1062 1064 1059 1067 1077 1062 1074 1078 1082 1068 1084 1084 1082 1084 1085 1095 1095 1078 1078 1082 1100 1095 1093 1104 1100 1091 1091 1095 1104 1108 1103 1110 1105 1103 1100 1116 1104 1104 1107 1102 1124 1115 1112 1110 1117 1112 1115 1117 1117 1138 1124 1134 1124 1138 1124 1142 1124 1134 1143 1134 1143 1138 1134 1148 1149 1156 1149 1148 1146 1148 1161 1143 1159 1150
0: (0.0)
1: (0.0)
2: (0.0)
3: (0.0)
4: (0.0)
5: 2 (8.0)
6: (0.0)
7: (0.0)
8: (0.0)
9: (0.0)
10: (0.0)
11: (0.0)
12: 1 (8.0)
13: (0.0)
14: (0.0)
15: 3 13 16 (25.0)
16: (0.0)
17: (0.0)
18: 10 (10.0)
19: (0.0)
20: 4 (10.0)
21: (0.0)
22: 5 15 18 (27.0)
23: 0 7 11 (28.0)
24: (0.0)
25: 9 (9.0)
26: 6 8 23 (30.0)
27: (0.0)
28: (0.0)
29: (0.0)
30: (0.0)
31: (0.0)
32: 14 26 (19.0)
33: 12 20 (16.0)
34: (0.0)
35: 17 (9.0)
36: 19 (9.0)
37: (0.0)
38: 21 22 (16.0)
39: (0.0)
40: 24 28 (16.0)
41: (0.0)
42: (0.0)
43: 31 32 35 (25.0)
44: 36 37 (18.0)
45: 25 (10.0)
46: 27 30 (18.0)
47: (0.0)
48: (0.0)
49: (0.0)
50: (0.0)
51: 29 41 (17.0)
52: 34 44 (16.0)
53: (0.0)
54: 45 (8.0)
55: 50 (10.0)
56: (0.0)
57: 38 (10.0)
58: 33 (10.0)
59: 40 (8.0)
60: 39 42 43 51 (36.0)
61: 52 (8.0)
62: (0.0)
63: (0.0)
64: (0.0)
65: (0.0)
66: 48 56 59 (29.0)
67: (0.0)
68: (0.0)
69: 54 (9.0)
70: (0.0)
71: (0.0)
72: 47 49 53 55 (39.0)
73: 66 (9.0)
74: (0.0)
75: 46 58 63 (26.0)
76: (0.0)
77: (0.0)
78: 57 65 68 (26.0)
79: 67 (9.0)
80: (0.0)
81: (0.0)
82: 60 61 69 73 (36.0)
83: (0.0)
84: (0.0)
85: (0.0)
86: 62 76 (18.0)
87: (0.0)
88: (0.0)
89: (0.0)
90: (0.0)
91: 71 (9.0)
92: 74 75 (18.0)
93: 82 (8.0)
94: (0.0)
95: 64 72 (18.0)
96: (0.0)
97: 78 (10.0)
98: (0.0)
99: (0.0)
100: 70 80 (18.0)
101: 77 87 (18.0)
102: 84 (9.0)
103: (0.0)
104: (0.0)
105: 79 91 93 (26.0)
106: (0.0)
107: 97 (9.0)
108: 81 83 88 (29.0)
109: 85 98 99 (26.0)
110: (0.0)
111: (0.0)
112: 86 (10.0)
113: (0.0)
114: (0.0)
115: (0.0)
116: 100 (10.0)
117: (0.0)
118: 90 101 (19.0)
119: 94 95 (16.0)
120: 89 (10.0)
121: 104 (9.0)
122: (0.0)
123: 92 102 (17.0)
124: 106 (8.0)
125: (0.0)
126: (0.0)
127: 96 (8.0)
128: 109 112 (19.0)
129: (0.0)
130: (0.0)
131: (0.0)
132: 103 108 113 (27.0)
133: (0.0)
134: 107 (9.0)
135: (0.0)
136: (0.0)
137: 111 (8.0)
138: (0.0)
139: (0.0)
140: 105 115 (18.0)
141: (0.0)
142: 110 120 (18.0)
143: (0.0)
144: 125 (8.0)
145: (0.0)
146: 114 116 (17.0)
147: (0.0)
148: 127 (9.0)
149: 118 (10.0)
150: 121 128 (18.0)
151: 126 (9.0)
152: (0.0)
153: 119 122 124 (27.0)
154: (0.0)
155: (0.0)
156: (0.0)
157: (0.0)
158: (0.0)
159: 117 134 (18.0)
160: 129 (8.0)
161: 136 140 (18.0)
162: 132 (8.0)
163: (0.0)
164: (0.0)
165: 123 138 (20.0)
166: 131 133 135 (26.0)
167: 130 137 (20.0)
168: (0.0)
169: (0.0)
170: 143 (8.0)
171: (0.0)
172: 139 153 (18.0)
173: (0.0)
174: (0.0)
175: (0.0)
176: (0.0)
177: (0.0)
178: 155 (8.0)
179: (0.0)
180: 141 145 (17.0)
181: 147 (10.0)
182: 160 (9.0)
183: 148 150 164 (26.0)
184: 152 158 (16.0)
185: 142 144 146 (26.0)
186: 151 159 162 (27.0)
187: (0.0)
188: (0.0)
189: 163 (9.0)
190: 154 170 (19.0)
191: 149 157 (16.0)
192: 161 (8.0)
193: (0.0)
194: 171 (9.0)
195: 173 (8.0)
196: (0.0)
197: (0.0)
198: 156 (8.0)
199: 166 174 176 (26.0)
200: 165 177 (17.0)
201: (0.0)
202: (0.0)
203: 168 182 (20.0)
204: 185 (9.0)
205: 183 186 (17.0)
206: 167 180 (19.0)
207: 172 (10.0)
208: (0.0)
209: 175 (9.0)
210: 169 (8.0)
211: (0.0)
212: 184 192 (16.0)
213: 187 195 (16.0)
214: 178 198 (17.0)
215: (0.0)
216: (0.0)
217: (0.0)
218: 196 199 (20.0)
219: (0.0)
220: 179 188 189 191 194 (46.0)
221: 181 202 (19.0)
222: (0.0)
223: (0.0)
224: (0.0)
225: (0.0)
226: (0.0)
227: 193 197 204 205 (36.0)
228: (0.0)
229: 190 201 211 (25.0)
230: (0.0)
231: 207 (8.0)
232: (0.0)
233: (0.0)
234: (0.0)
235: 208 (8.0)
236: (0.0)
237: (0.0)
238: (0.0)
239: (0.0)
240: 200 203 (17.0)
241: 214 (9.0)
242: (0.0)
243: 213 (10.0)
244: 206 (9.0)
245: (0.0)
246: 219 (9.0)
247: 209 223 224 (27.0)
248: 212 (10.0)
249: 222 (8.0)
250: 217 (9.0)
251: 218 228 (18.0)
252: 210 216 (16.0)
253: 220 221 226 (28.0)
254: (0.0)
255: 215 (9.0)
256: (0.0)
257: 229 234 (17.0)
258: (0.0)
259: (0.0)
260: (0.0)
261: (0.0)
262: 225 227 (19.0)
263: (0.0)
264: (0.0)
265: (0.0)
266: (0.0)
267: 232 (8.0)
268: (0.0)
269: (0.0)
270: 237 (8.0)
271: 240 (10.0)
272: 231 238 244 (25.0)
273: 233 245 (18.0)
274: 235 (10.0)
275: 230 241 (16.0)
276: (0.0)
277: 236 243 (19.0)
278: 248 249 (20.0)
279: (0.0)
280: (0.0)
281: (0.0)
282: (0.0)
283: (0.0)
284: 253 254 (16.0)
285: 239 255 (18.0)
286: (0.0)
287: 242 246 247 (26.0)
288: (0.0)
289: (0.0)
290: (0.0)
291: (0.0)
292: (0.0)
293: (0.0)
294: (0.0)
295: 250 251 (17.0)
296: (0.0)
297: (0.0)
298: 258 (8.0)
299: 259 (10.0)
300: 252 256 266 (26.0)
301: 257 261 268 (30.0)
302: 264 (8.0)
303: (0.0)
304: 269 (9.0)
305: 262 (9.0)
306: (0.0)
307: (0.0)
308: 260 (10.0)
309: (0.0)
310: (0.0)
311: 267 (10.0)
312: 273 (10.0)
313: (0.0)
314: 263 272 (18.0)
315: 265 (8.0)
316: (0.0)
317: 279 (10.0)
318: (0.0)
319: (0.0)
320: (0.0)
321: 278 280 (17.0)
322: (0.0)
323: (0.0)
324: 275 283 289 (27.0)
325: 270 271 291 (28.0)
326: (0.0)
327: (0.0)
328: 276 281 287 292 (35.0)
329: (0.0)
330: 284 286 295 (27.0)
331: 277 290 294 (27.0)
332: (0.0)
333: 274 (9.0)
334: 285 (9.0)
335: (0.0)
336: (0.0)
337: 296 (10.0)
338: 282 (8.0)
339: 301 (9.0)
340: (0.0)
341: (0.0)
342: (0.0)
343: (0.0)
344: (0.0)
345: 293 (9.0)
346: 288 (9.0)
347: 307 311 (18.0)
348: 298 (10.0)
349: 297 310 314 (28.0)
350: (0.0)
351: 303 309 (17.0)
352: (0.0)
353: (0.0)
354: (0.0)
355: 302 308 (18.0)
356: 299 312 (16.0)
357: (0.0)
358: 300 322 (18.0)
359: 304 313 315 (26.0)
360: 316 (8.0)
361: 305 319 (19.0)
362: (0.0)
363: (0.0)
364: 306 (9.0)
365: 320 324 (19.0)
366: 317 329 (18.0)
367: (0.0)
368: 323 (9.0)
369: (0.0)
370: 318 325 330 (28.0)
371: 326 (9.0)
372: 327 333 (19.0)
373: (0.0)
374: 321 334 (17.0)
375: 331 332 (19.0)
376: (0.0)
377: (0.0)
378: 328 335 (18.0)
379: (0.0)
380: (0.0)
381: (0.0)
382: 338 (8.0)
383: (0.0)
384: (0.0)
385: 342 (8.0)
386: (0.0)
387: 340 (10.0)
388: 343 344 (19.0)
389: (0.0)
390: (0.0)
391: 337 351 353 (27.0)
392: (0.0)
393: (0.0)
394: (0.0)
395: 339 341 (18.0)
396: (0.0)
397: (0.0)
398: 336 (8.0)
399: (0.0)
400: (0.0)
401: 345 350 354 (25.0)
402: 355 (8.0)
403: (0.0)
404: (0.0)
405: 348 360 (17.0)
406: 346 349 361 (26.0)
407: 356 364 (19.0)
408: 347 357 (19.0)
409: 352 (8.0)
410: (0.0)
411: (0.0)
412: 359 366 (19.0)
413: (0.0)
414: 372 373 (18.0)
415: (0.0)
416: (0.0)
417: 363 375 (17.0)
418: 370 376 (19.0)
419: 377 (8.0)
420: 358 378 (20.0)
421: 367 369 371 (26.0)
422: (0.0)
423: 362 365 (18.0)
424: (0.0)
425: 368 382 (18.0)
426: (0.0)
427: (0.0)
428: 374 381 (18.0)
429: (0.0)
430: 379 (10.0)
431: (0.0)
432: (0.0)
433: (0.0)
434: 384 386 (20.0)
435: (0.0)
436: 380 392 (18.0)
437: 383 394 (19.0)
438: 388 396 (16.0)
439: (0.0)
440: (0.0)
441: 387 391 (17.0)
442: 395 (8.0)
443: 397 (8.0)
444: (0.0)
445: (0.0)
446: 385 398 (20.0)
447: (0.0)
448: (0.0)
449: (0.0)
450: (0.0)
451: 389 390 401 402 (35.0)
452: (0.0)
453: 400 403 (20.0)
454: (0.0)
455: (0.0)
456: 393 408 (19.0)
457: (0.0)
458: 399 405 (18.0)
459: (0.0)
460: (0.0)
461: (0.0)
462: 413 417 419 (28.0)
463: 406 407 (17.0)
464: (0.0)
465: (0.0)
466: 404 (8.0)
467: 416 423 (17.0)
468: (0.0)
469: 409 414 (19.0)
470: 415 424 (19.0)
471: (0.0)
472: 412 421 422 (29.0)
473: 425 (9.0)
474: 410 (8.0)
475: 411 (8.0)
476: (0.0)
477: 432 (8.0)
478: 420 (10.0)
479: (0.0)
480: (0.0)
481: (0.0)
482: 418 427 (18.0)
483: (0.0)
484: (0.0)
485: 433 (9.0)
486: (0.0)
487: 431 438 (18.0)
488: (0.0)
489: (0.0)
490: (0.0)
491: 429 436 437 (28.0)
492: 426 435 446 (27.0)
493: (0.0)
494: 428 442 (18.0)
495: (0.0)
496: (0.0)
497: 430 434 450 (26.0)
498: (0.0)
499: 441 (8.0)
500: 451 (10.0)
501: 439 (9.0)
502: 440 447 (18.0)
503: 457 (9.0)
504: (0.0)
505: 445 449 (18.0)
506: (0.0)
507: (0.0)
508: (0.0)
509: 443 448 (20.0)
510: 444 (9.0)
511: (0.0)
512: (0.0)
513: 453 (10.0)
514: (0.0)
515: 458 466 (17.0)
516: 460 465 (18.0)
517: 459 (8.0)
518: 452 455 468 (26.0)
519: (0.0)
520: (0.0)
521: (0.0)
522: 454 456 (18.0)
523: 469 (10.0)
524: 461 472 (18.0)
525: (0.0)
526: (0.0)
527: 462 (8.0)
528: (0.0)
529: 474 (9.0)
530: 463 (10.0)
531: (0.0)
532: 475 (10.0)
533: 467 470 (18.0)
534: (0.0)
535: 473 (10.0)
536: 478 (8.0)
537: 464 476 (18.0)
538: 477 479 481 (28.0)
539: 471 (9.0)
540: (0.0)
541: (0.0)
542: (0.0)
543: 484 486 (20.0)
544: (0.0)
545: (0.0)
546: 485 (8.0)
547: (0.0)
548: (0.0)
549: (0.0)
550: 482 (8.0)
551: 487 (9.0)
552: 480 (10.0)
553: (0.0)
554: 489 492 (16.0)
555: (0.0)
556: 483 (10.0)
557: 496 (8.0)
558: (0.0)
559: (0.0)
560: 494 (9.0)
561: 490 (10.0)
562: (0.0)
563: (0.0)
564: 491 498 (20.0)
565: (0.0)
566: 488 (10.0)
567: (0.0)
568: (0.0)
569: (0.0)
570: 497 505 (17.0)
571: 499 (8.0)
572: (0.0)
573: (0.0)
574: (0.0)
575: 493 495 502 (29.0)
576: (0.0)
577: (0.0)
578: (0.0)
579: (0.0)
580: 504 511 (18.0)
581: (0.0)
582: (0.0)
583: 500 506 508 (25.0)
584: 503 (8.0)
585: 501 510 (17.0)
586: 507 (8.0)
587: (0.0)
588: (0.0)
589: 515 519 (17.0)
590: (0.0)
591: 509 (8.0)
592: 514 (9.0)
593: (0.0)
594: (0.0)
595: 512 516 (18.0)
596: (0.0)
597: 513 (8.0)
598: (0.0)
599: (0.0)
600: (0.0)
601: (0.0)
602: (0.0)
603: 518 (10.0)
604: 522 524 527 529 (37.0)
605: 526 (8.0)
606: 520 (10.0)
607: 525 (9.0)
608: 517 528 530 531 (35.0)
609: (0.0)
610: 521 534 (17.0)
611: (0.0)
612: 523 536 (18.0)
613: (0.0)
614: (0.0)
615: 537 (8.0)
616: (0.0)
617: (0.0)
618: (0.0)
619: (0.0)
620: 538 539 (18.0)
621: (0.0)
622: (0.0)
623: 543 (8.0)
624: (0.0)
625: (0.0)
626: 533 541 (18.0)
627: (0.0)
628: (0.0)
629: 532 (10.0)
630: (0.0)
631: 535 (8.0)
632: (0.0)
633: 545 (8.0)
634: 544 550 (18.0)
635: (0.0)
636: (0.0)
637: 540 542 547 553 (38.0)
638: 549 (10.0)
639: 546 558 (17.0)
640: 556 (8.0)
641: 557 (10.0)
642: 548 (8.0)
643: (0.0)
644: 552 (10.0)
645: (0.0)
646: 554 (9.0)
647: (0.0)
648: 566 (9.0)
649: (0.0)
650: 551 555 562 (25.0)
651: (0.0)
652: 560 (10.0)
653: (0.0)
654: 567 (9.0)
655: (0.0)
656: (0.0)
657: (0.0)
658: (0.0)
659: 559 565 568 570 (34.0)
660: 574 578 (17.0)
661: (0.0)
662: 572 (9.0)
663: 561 563 564 571 575 (46.0)
664: 569 581 (17.0)
665: (0.0)
666: (0.0)
667: 576 583 584 (27.0)
668: (0.0)
669: 573 (8.0)
670: (0.0)
671: (0.0)
672: 579 582 585 (26.0)
673: 589 (8.0)
674: (0.0)
675: (0.0)
676: 588 (8.0)
677: 580 (8.0)
678: 586 (10.0)
679: (0.0)
680: (0.0)
681: 577 587 591 (27.0)
682: 593 (10.0)
683: 592 (8.0)
684: (0.0)
685: 590 (8.0)
686: (0.0)
687: (0.0)
688: (0.0)
689: (0.0)
690: (0.0)
691: (0.0)
692: (0.0)
693: (0.0)
694: 598 609 (17.0)
695: 595 602 (16.0)
696: (0.0)
697: 601 (9.0)
698: 600 611 (18.0)
699: 599 (9.0)
700: (0.0)
701: 594 (10.0)
702: 596 607 (20.0)
703: (0.0)
704: 597 603 615 (28.0)
705: 608 614 (19.0)
706: 604 (9.0)
707: (0.0)
708: 605 606 612 616 621 (43.0)
709: (0.0)
710: (0.0)
711: (0.0)
712: (0.0)
713: (0.0)
714: 610 (8.0)
715: (0.0)
716: (0.0)
717: 622 (9.0)
718: (0.0)
719: 624 631 (19.0)
720: (0.0)
721: 613 (9.0)
722: 618 623 (17.0)
723: (0.0)
724: 617 625 626 634 (34.0)
725: (0.0)
726: (0.0)
727: (0.0)
728: 619 638 (19.0)
729: 620 637 (19.0)
730: 629 (8.0)
731: (0.0)
732: 630 (8.0)
733: (0.0)
734: 628 (9.0)
735: (0.0)
736: 627 636 640 (29.0)
737: (0.0)
738: (0.0)
739: 643 (10.0)
740: (0.0)
741: 635 642 (17.0)
742: 632 650 651 (24.0)
743: 633 649 (18.0)
744: 645 (10.0)
745: (0.0)
746: (0.0)
747: (0.0)
748: (0.0)
749: 639 641 657 (26.0)
750: 646 655 656 (27.0)
751: 644 648 (18.0)
752: 654 661 (18.0)
753: 663 (10.0)
754: (0.0)
755: 647 659 (18.0)
756: (0.0)
757: (0.0)
758: (0.0)
759: (0.0)
760: (0.0)
761: 658 660 (19.0)
762: 652 666 670 (27.0)
763: (0.0)
764: 653 664 (17.0)
765: (0.0)
766: (0.0)
767: (0.0)
768: 662 (9.0)
769: 671 (10.0)
770: (0.0)
771: (0.0)
772: (0.0)
773: 665 677 (19.0)
774: (0.0)
775: 668 672 674 682 (34.0)
776: 669 680 (19.0)
777: (0.0)
778: (0.0)
779: 667 (8.0)
780: (0.0)
781: (0.0)
782: (0.0)
783: 687 (10.0)
784: 673 676 679 (25.0)
785: 685 (8.0)
786: 675 681 (19.0)
787: 690 (8.0)
788: (0.0)
789: 684 693 (18.0)
790: 686 689 (16.0)
791: (0.0)
792: 678 692 (17.0)
793: (0.0)
794: (0.0)
795: (0.0)
796: 683 695 700 (27.0)
797: (0.0)
798: (0.0)
799: (0.0)
800: 694 698 (20.0)
801: 697 (8.0)
802: 688 (9.0)
803: (0.0)
804: (0.0)
805: 691 703 (16.0)
806: (0.0)
807: (0.0)
808: (0.0)
809: 699 (9.0)
810: 704 709 (16.0)
811: (0.0)
812: (0.0)
813: 717 (10.0)
814: 696 702 705 716 (35.0)
815: (0.0)
816: 708 (8.0)
817: (0.0)
818: (0.0)
819: 707 714 718 722 (40.0)
820: 701 711 (18.0)
821: (0.0)
822: 712 713 (18.0)
823: 706 710 (18.0)
824: (0.0)
825: (0.0)
826: (0.0)
827: (0.0)
828: 715 726 (19.0)
829: (0.0)
830: 724 727 (18.0)
831: 720 (10.0)
832: 723 (8.0)
833: 719 721 (18.0)
834: 729 (9.0)
835: 725 732 734 736 739 (45.0)
836: (0.0)
837: (0.0)
838: 735 737 (17.0)
839: (0.0)
840: (0.0)
841: 738 (8.0)
842: 728 741 (17.0)
843: 731 (10.0)
844: (0.0)
845: (0.0)
846: 740 (10.0)
847: (0.0)
848: (0.0)
849: 730 746 (18.0)
850: (0.0)
851: (0.0)
852: (0.0)
853: 733 747 750 (26.0)
854: (0.0)
855: (0.0)
856: (0.0)
857: 742 (9.0)
858: (0.0)
859: (0.0)
860: 743 (9.0)
861: 756 (9.0)
862: 745 749 (19.0)
863: (0.0)
864: 744 748 (19.0)
865: 753 (10.0)
866: 751 757 (19.0)
867: (0.0)
868: (0.0)
869: 758 761 (19.0)
870: 752 754 (17.0)
871: (0.0)
872: 767 (8.0)
873: 768 (9.0)
874: (0.0)
875: 755 762 766 (26.0)
876: (0.0)
877: (0.0)
878: 759 760 (18.0)
879: (0.0)
880: 772 (10.0)
881: (0.0)
882: (0.0)
883: 764 771 775 (28.0)
884: 773 (8.0)
885: (0.0)
886: (0.0)
887: (0.0)
888: (0.0)
889: (0.0)
890: 763 765 (17.0)
891: 769 779 786 (27.0)
892: (0.0)
893: (0.0)
894: 778 785 787 (27.0)
895: (0.0)
896: 770 774 777 (26.0)
897: (0.0)
898: (0.0)
899: (0.0)
900: (0.0)
901: 781 789 791 (28.0)
902: 776 780 (17.0)
903: (0.0)
904: (0.0)
905: 782 (9.0)
906: (0.0)
907: 802 804 (17.0)
908: (0.0)
909: 790 798 (17.0)
910: 793 (10.0)
911: 783 794 801 803 (38.0)
912: 784 (9.0)
913: 788 792 795 (27.0)
914: 797 (9.0)
915: (0.0)
916: (0.0)
917: 796 (9.0)
918: (0.0)
919: (0.0)
920: 799 805 (20.0)
921: (0.0)
922: 800 811 (17.0)
923: (0.0)
924: (0.0)
925: (0.0)
926: 814 (8.0)
927: (0.0)
928: (0.0)
929: (0.0)
930: 808 813 (17.0)
931: 807 810 817 (27.0)
932: (0.0)
933: (0.0)
934: 806 809 (18.0)
935: (0.0)
936: (0.0)
937: 812 821 829 (27.0)
938: 816 (9.0)
939: 815 (10.0)
940: (0.0)
941: (0.0)
942: (0.0)
943: 820 824 833 (28.0)
944: 818 (8.0)
945: 823 827 836 (26.0)
946: 819 (10.0)
947: 822 (8.0)
948: 831 834 (17.0)
949: (0.0)
950: 825 826 835 839 (37.0)
951: 837 (9.0)
952: 828 842 (18.0)
953: 830 (9.0)
954: (0.0)
955: (0.0)
956: (0.0)
957: (0.0)
958: 838 (8.0)
959: (0.0)
960: (0.0)
961: (0.0)
962: 832 (10.0)
963: (0.0)
964: 840 843 (19.0)
965: 846 848 (19.0)
966: 850 (10.0)
967: 841 (10.0)
968: (0.0)
969: (0.0)
970: 852 854 (19.0)
971: (0.0)
972: (0.0)
973: (0.0)
974: (0.0)
975: 845 (9.0)
976: 844 849 (20.0)
977: (0.0)
978: (0.0)
979: (0.0)
980: (0.0)
981: 847 857 (17.0)
982: (0.0)
983: (0.0)
984: 853 (10.0)
985: (0.0)
986: (0.0)
987: 851 862 (16.0)
988: (0.0)
989: (0.0)
990: (0.0)
991: (0.0)
992: 869 (9.0)
993: 855 859 861 (27.0)
994: (0.0)
995: 871 (9.0)
996: 856 858 860 870 (33.0)
997: 863 (8.0)
998: 864 865 (19.0)
999: (0.0)
1000: (0.0)
1001: (0.0)
1002: (0.0)
1003: (0.0)
1004: 874 (10.0)
1005: 866 875 880 (27.0)
1006: (0.0)
1007: 867 868 883 (26.0)
1008: (0.0)
1009: (0.0)
1010: 872 (10.0)
1011: (0.0)
1012: (0.0)
1013: 881 (10.0)
1014: (0.0)
1015: 873 887 (18.0)
1016: 876 888 889 (28.0)
1017: 879 886 (18.0)
1018: 890 893 (17.0)
1019: (0.0)
1020: 878 882 (18.0)
1021: (0.0)
1022: (0.0)
1023: 884 897 (18.0)
1024: (0.0)
1025: 877 (10.0)
1026: 891 894 (17.0)
1027: 885 (10.0)
1028: (0.0)
1029: 895 898 (18.0)
1030: 896 (8.0)
1031: 892 (9.0)
1032: (0.0)
1033: (0.0)
1034: (0.0)
1035: (0.0)
1036: (0.0)
1037: 899 (9.0)
1038: 900 902 (19.0)
1039: 908 (9.0)
1040: (0.0)
1041: (0.0)
1042: 901 912 913 915 (39.0)
1043: 903 905 (16.0)
1044: (0.0)
1045: (0.0)
1046: (0.0)
1047: 904 909 (16.0)
1048: (0.0)
1049: 911 (8.0)
1050: (0.0)
1051: 910 914 923 (27.0)
1052: 907 (10.0)
1053: 916 (8.0)
1054: 921 924 (17.0)
1055: (0.0)
1056: (0.0)
1057: 906 (9.0)
1058: (0.0)
1059: 919 928 (20.0)
1060: (0.0)
1061: (0.0)
1062: 926 931 (19.0)
1063: (0.0)
1064: 927 (10.0)
1065: (0.0)
1066: 917 918 (18.0)
1067: 929 (9.0)
1068: 920 925 935 (27.0)
1069: (0.0)
1070: (0.0)
1071: 922 (9.0)
1072: (0.0)
1073: (0.0)
1074: 932 (10.0)
1075: (0.0)
1076: (0.0)
1077: 930 (8.0)
1078: 933 943 944 (27.0)
1079: (0.0)
1080: (0.0)
1081: (0.0)
1082: 934 938 945 (28.0)
1083: (0.0)
1084: 936 937 939 (25.0)
1085: 940 (10.0)
1086: (0.0)
1087: (0.0)
1088: (0.0)
1089: (0.0)
1090: (0.0)
1091: 951 952 (18.0)
1092: (0.0)
1093: 948 (10.0)
1094: (0.0)
1095: 941 942 947 953 (36.0)
1096: (0.0)
1097: (0.0)
1098: (0.0)
1099: (0.0)
1100: 946 950 960 (30.0)
1101: (0.0)
1102: 965 (10.0)
1103: 956 959 (18.0)
1104: 949 954 962 963 (33.0)
1105: 958 (10.0)
1106: (0.0)
1107: 964 (10.0)
1108: 955 (9.0)
1109: (0.0)
1110: 957 969 (19.0)
1111: (0.0)
1112: 968 971 (17.0)
1113: (0.0)
1114: (0.0)
1115: 967 972 (18.0)
1116: 961 (9.0)
1117: 970 973 974 (28.0)
1118: (0.0)
1119: (0.0)
1120: (0.0)
1121: (0.0)
1122: (0.0)
1123: (0.0)
1124: 966 976 978 980 982 (45.0)
1125: (0.0)
1126: (0.0)
1127: (0.0)
1128: (0.0)
1129: (0.0)
1130: (0.0)
1131: (0.0)
1132: (0.0)
1133: (0.0)
1134: 977 983 985 988 (34.0)
1135: (0.0)
1136: (0.0)
1137: (0.0)
1138: 975 979 987 (27.0)
1139: (0.0)
1140: (0.0)
1141: (0.0)
1142: 981 (10.0)
1143: 984 986 997 (26.0)
1144: (0.0)
1145: (0.0)
1146: 994 (9.0)
1147: (0.0)
1148: 989 993 995 (28.0)
1149: 990 992 (17.0)
1150: 999 (8.0)
1151: (0.0)
1152: (0.0)
1153: (0.0)
1154: (0.0)
1155: (0.0)
1156: 991 (8.0)
1157: (0.0)
1158: (0.0)
1159: 998 (10.0)
1160: (0.0)
1161: 996 (10.0)
1162: (0.0)
1163: (0.0)
1164: (0.0)
1165: (0.0)
1166: (0.0)
