Name: 1000-10-50
Time: 26.94799494743347 
Result: 218020
Solution:  19 2 4 5 18 15 16 20 10 21 25 26 28 20 29 17 27 20 23 24 36 35 28 38 32 36 37 44 40 34 31 38 48 41 43 46 48 45 43 39 49 49 47 45 44 46 50 52 55 61 68 69 55 60 66 62 63 65 64 77 79 75 85 80 78 69 73 86 76 83 92 78 85 84 93 82 83 81 84 99 95 89 93 90 102 94 91 102 97 101 106 105 96 107 110 106 104 113 119 112 118 120 113 116 123 110 112 121 126 120 117 123 124 131 135 126 141 136 131 133 130 137 139 135 148 139 147 143 147 146 154 151 164 151 154 155 157 170 155 167 175 160 160 161 170 172 164 175 178 182 168 173 179 178 188 188 183 182 194 191 191 185 182 190 195 192 201 190 200 190 193 207 193 199 194 200 206 201 197 196 204 205 205 211 206 217 223 207 218 214 214 218 220 212 226 215 215 224 217 228 222 222 225 239 234 233 225 239 236 233 245 234 242 235 251 244 239 256 249 246 242 240 246 245 244 250 249 254 262 258 264 252 256 259 272 267 268 266 272 263 265 263 264 271 276 270 269 274 269 278 277 286 287 275 285 288 289 287 291 293 289 296 288 297 297 299 304 309 304 298 312 307 323 310 305 309 322 310 318 316 318 317 321 320 315 324 323 329 326 321 332 336 330 337 326 330 340 337 331 343 347 341 341 336 349 340 343 345 352 353 346 344 360 355 357 351 360 352 360 357 356 365 362 369 353 368 356 370 362 368 361 373 370 372 366 367 386 378 372 381 380 392 386 396 381 383 392 396 388 388 391 394 398 399 395 395 404 400 403 403 405 410 409 406 406 411 404 407 416 407 408 416 423 425 420 421 419 432 431 434 433 436 426 428 434 430 436 428 445 435 438 447 449 440 446 445 446 443 440 442 441 451 450 452 457 457 452 455 459 459 451 465 453 466 458 467 460 468 470 466 465 475 469 478 477 469 472 482 482 474 483 481 486 481 486 500 487 490 490 498 493 498 499 505 502 496 499 502 512 501 513 517 519 516 526 509 508 514 516 520 515 522 520 524 524 526 517 519 523 523 522 523 535 528 542 531 530 545 533 541 543 535 540 536 539 540 543 556 542 553 544 552 553 557 548 562 561 564 565 557 558 571 556 555 569 561 559 566 562 573 564 570 575 577 580 580 573 571 575 584 576 589 574 586 585 585 582 577 582 591 588 588 583 601 595 590 604 597 589 599 602 596 602 594 607 604 601 600 603 603 605 609 608 610 606 607 616 611 623 622 630 627 621 624 622 633 623 631 627 630 647 640 631 642 646 637 637 640 649 638 641 643 644 648 653 649 644 656 662 653 651 652 662 659 664 665 658 667 664 676 671 672 680 667 673 674 684 679 686 685 676 679 681 685 687 694 688 683 693 688 691 695 702 699 697 693 696 698 706 703 715 702 704 701 710 719 706 710 709 717 712 714 713 713 718 720 726 720 715 722 718 719 727 730 728 738 738 735 729 729 731 730 735 747 737 745 748 736 744 752 748 754 740 742 749 745 751 744 750 746 754 757 753 756 756 749 764 752 760 770 760 767 757 764 761 763 771 767 772 765 766 772 783 785 774 786 782 776 784 790 782 793 788 787 788 789 791 782 785 794 793 792 800 800 799 801 799 798 804 801 798 805 805 810 804 814 806 806 817 809 818 808 820 816 825 816 827 815 824 821 832 834 833 835 834 831 838 835 843 832 848 836 842 850 847 843 844 845 844 851 848 855 850 852 865 857 861 864 860 862 875 867 874 869 872 883 869 874 881 870 887 890 879 879 878 888 892 880 888 882 886 887 884 884 896 889 889 900 891 895 893 894 898 895 897 897 913 900 911 910 922 916 918 912 911 924 928 930 924 924 919 928 916 927 921 922 925 928 940 937 934 931 930 931 946 953 935 945 952 942 940 949 962 961 946 958 958 954 951 951 956 955 963 956 965 962 960 964 969 964 974 965 966 975 976 980 982 984 991 975 990 977 982 984 980 983 989 987 1003 997 994 993 997 1001 999 1010 1001 1008 1003 1015 1008 1015 1012 1028 1024 1020 1024 1020 1017 1026 1034 1033 1027 1035 1027 1028 1044 1042 1036 1032 1044 1036 1041 1047 1047 1041 1034 1035 1042 1044 1057 1043 1045 1042 1048 1055 1045 1055 1054 1064 1059 1063 1052 1058 1069 1061 1058 1075 1062 1076 1077 1071 1073 1070 1066 1076 1067 1077 1082 1075 1087 1086 1085 1079 1085 1089 1091 1107 1088 1102 1096 1098 1101 1098 1099 1103 1097 1105 1116 1106 1118 1112 1103 1121 1117 1111 1119 1118 1117 1123 1126 1117 1125 1125 1129 1121 1136 1134 1129 1136
0: (0.0)
1: (0.0)
2: 1 (9.0)
3: (0.0)
4: 2 (8.0)
5: 3 (10.0)
6: (0.0)
7: (0.0)
8: (0.0)
9: (0.0)
10: 8 (9.0)
11: (0.0)
12: (0.0)
13: (0.0)
14: (0.0)
15: 5 (10.0)
16: 6 (10.0)
17: 15 (9.0)
18: 4 (9.0)
19: 0 (9.0)
20: 7 13 17 (25.0)
21: 9 (10.0)
22: (0.0)
23: 18 (10.0)
24: 19 (10.0)
25: 10 (8.0)
26: 11 (10.0)
27: 16 (10.0)
28: 12 22 (17.0)
29: 14 (10.0)
30: (0.0)
31: 30 (10.0)
32: 24 (10.0)
33: (0.0)
34: 29 (10.0)
35: 21 (9.0)
36: 20 25 (17.0)
37: 26 (9.0)
38: 23 31 (17.0)
39: 39 (10.0)
40: 28 (10.0)
41: 33 (10.0)
42: (0.0)
43: 34 38 (17.0)
44: 27 44 (16.0)
45: 37 43 (17.0)
46: 35 45 (17.0)
47: 42 (10.0)
48: 32 36 (18.0)
49: 40 41 (18.0)
50: 46 (10.0)
51: (0.0)
52: 47 (10.0)
53: (0.0)
54: (0.0)
55: 48 52 (16.0)
56: (0.0)
57: (0.0)
58: (0.0)
59: (0.0)
60: 53 (8.0)
61: 49 (10.0)
62: 55 (10.0)
63: 56 (9.0)
64: 58 (9.0)
65: 57 (10.0)
66: 54 (10.0)
67: (0.0)
68: 50 (8.0)
69: 51 65 (18.0)
70: (0.0)
71: (0.0)
72: (0.0)
73: 66 (10.0)
74: (0.0)
75: 61 (10.0)
76: 68 (10.0)
77: 59 (9.0)
78: 64 71 (16.0)
79: 60 (10.0)
80: 63 (10.0)
81: 77 (10.0)
82: 75 (9.0)
83: 69 76 (17.0)
84: 73 78 (16.0)
85: 62 72 (17.0)
86: 67 (10.0)
87: (0.0)
88: (0.0)
89: 81 (10.0)
90: 83 (10.0)
91: 86 (10.0)
92: 70 (10.0)
93: 74 82 (18.0)
94: 85 (10.0)
95: 80 (8.0)
96: 92 (10.0)
97: 88 (10.0)
98: (0.0)
99: 79 (10.0)
100: (0.0)
101: 89 (10.0)
102: 84 87 (17.0)
103: (0.0)
104: 96 (10.0)
105: 91 (8.0)
106: 90 95 (17.0)
107: 93 (10.0)
108: (0.0)
109: (0.0)
110: 94 105 (17.0)
111: (0.0)
112: 99 106 (17.0)
113: 97 102 (19.0)
114: (0.0)
115: (0.0)
116: 103 (10.0)
117: 110 (10.0)
118: 100 (10.0)
119: 98 (9.0)
120: 101 109 (17.0)
121: 107 (10.0)
122: (0.0)
123: 104 111 (16.0)
124: 112 (10.0)
125: (0.0)
126: 108 115 (18.0)
127: (0.0)
128: (0.0)
129: (0.0)
130: 120 (8.0)
131: 113 118 (19.0)
132: (0.0)
133: 119 (9.0)
134: (0.0)
135: 114 123 (17.0)
136: 117 (9.0)
137: 121 (9.0)
138: (0.0)
139: 122 125 (17.0)
140: (0.0)
141: 116 (9.0)
142: (0.0)
143: 127 (10.0)
144: (0.0)
145: (0.0)
146: 129 (10.0)
147: 126 128 (16.0)
148: 124 (9.0)
149: (0.0)
150: (0.0)
151: 131 133 (18.0)
152: (0.0)
153: (0.0)
154: 130 134 (16.0)
155: 135 138 (18.0)
156: (0.0)
157: 136 (9.0)
158: (0.0)
159: (0.0)
160: 141 142 (16.0)
161: 143 (9.0)
162: (0.0)
163: (0.0)
164: 132 146 (16.0)
165: (0.0)
166: (0.0)
167: 139 (10.0)
168: 150 (9.0)
169: (0.0)
170: 137 144 (16.0)
171: (0.0)
172: 145 (10.0)
173: 151 (10.0)
174: (0.0)
175: 140 147 (18.0)
176: (0.0)
177: (0.0)
178: 148 153 (18.0)
179: 152 (10.0)
180: (0.0)
181: (0.0)
182: 149 157 162 (27.0)
183: 156 (10.0)
184: (0.0)
185: 161 (9.0)
186: (0.0)
187: (0.0)
188: 154 155 (18.0)
189: (0.0)
190: 163 167 169 (28.0)
191: 159 160 (18.0)
192: 165 (9.0)
193: 170 172 (17.0)
194: 158 174 (20.0)
195: 164 (10.0)
196: 179 (10.0)
197: 178 (10.0)
198: (0.0)
199: 173 (10.0)
200: 168 175 (16.0)
201: 166 177 (18.0)
202: (0.0)
203: (0.0)
204: 180 (10.0)
205: 181 182 (17.0)
206: 176 184 (19.0)
207: 171 187 (18.0)
208: (0.0)
209: (0.0)
210: (0.0)
211: 183 (10.0)
212: 193 (10.0)
213: (0.0)
214: 189 190 (16.0)
215: 195 196 (17.0)
216: (0.0)
217: 185 198 (17.0)
218: 188 191 (17.0)
219: (0.0)
220: 192 (10.0)
221: (0.0)
222: 200 201 (19.0)
223: 186 (9.0)
224: 197 (10.0)
225: 202 206 (17.0)
226: 194 (10.0)
227: (0.0)
228: 199 (10.0)
229: (0.0)
230: (0.0)
231: (0.0)
232: (0.0)
233: 205 209 (18.0)
234: 204 211 (19.0)
235: 213 (9.0)
236: 208 (10.0)
237: (0.0)
238: (0.0)
239: 203 207 216 (28.0)
240: 221 (9.0)
241: (0.0)
242: 212 220 (18.0)
243: (0.0)
244: 215 224 (18.0)
245: 210 223 (18.0)
246: 219 222 (17.0)
247: (0.0)
248: (0.0)
249: 218 226 (17.0)
250: 225 (10.0)
251: 214 (9.0)
252: 231 (10.0)
253: (0.0)
254: 227 (10.0)
255: (0.0)
256: 217 232 (17.0)
257: (0.0)
258: 229 (9.0)
259: 233 (10.0)
260: (0.0)
261: (0.0)
262: 228 (9.0)
263: 239 241 (16.0)
264: 230 242 (16.0)
265: 240 (8.0)
266: 237 (10.0)
267: 235 (10.0)
268: 236 (10.0)
269: 246 248 (16.0)
270: 245 (9.0)
271: 243 (10.0)
272: 234 238 (16.0)
273: (0.0)
274: 247 (10.0)
275: 253 (10.0)
276: 244 (10.0)
277: 250 (9.0)
278: 249 (8.0)
279: (0.0)
280: (0.0)
281: (0.0)
282: (0.0)
283: (0.0)
284: (0.0)
285: 254 (10.0)
286: 251 (10.0)
287: 252 257 (17.0)
288: 255 262 (17.0)
289: 256 260 (18.0)
290: (0.0)
291: 258 (10.0)
292: (0.0)
293: 259 (10.0)
294: (0.0)
295: (0.0)
296: 261 (8.0)
297: 263 264 (16.0)
298: 269 (10.0)
299: 265 (9.0)
300: (0.0)
301: (0.0)
302: (0.0)
303: (0.0)
304: 266 268 (17.0)
305: 274 (8.0)
306: (0.0)
307: 271 (10.0)
308: (0.0)
309: 267 275 (20.0)
310: 273 277 (17.0)
311: (0.0)
312: 270 (10.0)
313: (0.0)
314: (0.0)
315: 284 (10.0)
316: 279 (10.0)
317: 281 (10.0)
318: 278 280 (18.0)
319: (0.0)
320: 283 (9.0)
321: 282 289 (17.0)
322: 276 (10.0)
323: 272 286 (17.0)
324: 285 (10.0)
325: (0.0)
326: 288 294 (18.0)
327: (0.0)
328: (0.0)
329: 287 (10.0)
330: 292 295 (17.0)
331: 298 (10.0)
332: 290 (8.0)
333: (0.0)
334: (0.0)
335: (0.0)
336: 291 303 (19.0)
337: 293 297 (17.0)
338: (0.0)
339: (0.0)
340: 296 305 (17.0)
341: 301 302 (17.0)
342: (0.0)
343: 299 306 (18.0)
344: 311 (10.0)
345: 307 (10.0)
346: 310 (10.0)
347: 300 (10.0)
348: (0.0)
349: 304 (10.0)
350: (0.0)
351: 315 (8.0)
352: 308 317 (16.0)
353: 309 324 (17.0)
354: (0.0)
355: 313 (10.0)
356: 320 326 (18.0)
357: 314 319 (16.0)
358: (0.0)
359: (0.0)
360: 312 316 318 (24.0)
361: 330 (10.0)
362: 322 328 (18.0)
363: (0.0)
364: (0.0)
365: 321 (10.0)
366: 334 (9.0)
367: 335 (10.0)
368: 325 329 (17.0)
369: 323 (8.0)
370: 327 332 (18.0)
371: (0.0)
372: 333 338 (18.0)
373: 331 (10.0)
374: (0.0)
375: (0.0)
376: (0.0)
377: (0.0)
378: 337 (9.0)
379: (0.0)
380: 340 (10.0)
381: 339 344 (17.0)
382: (0.0)
383: 345 (10.0)
384: (0.0)
385: (0.0)
386: 336 342 (18.0)
387: (0.0)
388: 348 349 (18.0)
389: (0.0)
390: (0.0)
391: 350 (8.0)
392: 341 346 (19.0)
393: (0.0)
394: 351 (10.0)
395: 354 355 (17.0)
396: 343 347 (18.0)
397: (0.0)
398: 352 (8.0)
399: 353 (8.0)
400: 357 (9.0)
401: (0.0)
402: (0.0)
403: 358 359 (16.0)
404: 356 366 (16.0)
405: 360 (10.0)
406: 363 364 (17.0)
407: 367 369 (18.0)
408: 370 (8.0)
409: 362 (10.0)
410: 361 (9.0)
411: 365 (10.0)
412: (0.0)
413: (0.0)
414: (0.0)
415: (0.0)
416: 368 371 (17.0)
417: (0.0)
418: (0.0)
419: 376 (10.0)
420: 374 (10.0)
421: 375 (10.0)
422: (0.0)
423: 372 (10.0)
424: (0.0)
425: 373 (10.0)
426: 382 (10.0)
427: (0.0)
428: 383 387 (16.0)
429: (0.0)
430: 385 (10.0)
431: 378 (10.0)
432: 377 (8.0)
433: 380 (9.0)
434: 379 384 (16.0)
435: 389 (10.0)
436: 381 386 (16.0)
437: (0.0)
438: 390 (10.0)
439: (0.0)
440: 393 398 (17.0)
441: 400 (10.0)
442: 399 (10.0)
443: 397 (10.0)
444: (0.0)
445: 388 395 (16.0)
446: 394 396 (16.0)
447: 391 (10.0)
448: (0.0)
449: 392 (10.0)
450: 402 (10.0)
451: 401 410 (16.0)
452: 403 406 (17.0)
453: 412 (8.0)
454: (0.0)
455: 407 (10.0)
456: (0.0)
457: 404 405 (18.0)
458: 414 (8.0)
459: 408 409 (16.0)
460: 416 (8.0)
461: (0.0)
462: (0.0)
463: (0.0)
464: (0.0)
465: 411 420 (18.0)
466: 413 419 (17.0)
467: 415 (9.0)
468: 417 (9.0)
469: 422 425 (16.0)
470: 418 (10.0)
471: (0.0)
472: 426 (10.0)
473: (0.0)
474: 429 (10.0)
475: 421 (10.0)
476: (0.0)
477: 424 (10.0)
478: 423 (9.0)
479: (0.0)
480: (0.0)
481: 431 433 (16.0)
482: 427 428 (18.0)
483: 430 (8.0)
484: (0.0)
485: (0.0)
486: 432 434 (18.0)
487: 436 (8.0)
488: (0.0)
489: (0.0)
490: 437 438 (17.0)
491: (0.0)
492: (0.0)
493: 440 (9.0)
494: (0.0)
495: (0.0)
496: 445 (9.0)
497: (0.0)
498: 439 441 (17.0)
499: 442 446 (18.0)
500: 435 (10.0)
501: 449 (10.0)
502: 444 447 (18.0)
503: (0.0)
504: (0.0)
505: 443 (8.0)
506: (0.0)
507: (0.0)
508: 456 (9.0)
509: 455 (9.0)
510: (0.0)
511: (0.0)
512: 448 (9.0)
513: 450 (9.0)
514: 457 (10.0)
515: 460 (10.0)
516: 453 458 (17.0)
517: 451 466 (16.0)
518: (0.0)
519: 452 467 (18.0)
520: 459 462 (17.0)
521: (0.0)
522: 461 470 (18.0)
523: 468 469 471 (25.0)
524: 463 464 (17.0)
525: (0.0)
526: 454 465 (17.0)
527: (0.0)
528: 473 (10.0)
529: (0.0)
530: 476 (10.0)
531: 475 (9.0)
532: (0.0)
533: 478 (9.0)
534: (0.0)
535: 472 481 (18.0)
536: 483 (8.0)
537: (0.0)
538: (0.0)
539: 484 (9.0)
540: 482 485 (17.0)
541: 479 (10.0)
542: 474 488 (17.0)
543: 480 486 (16.0)
544: 490 (10.0)
545: 477 (10.0)
546: (0.0)
547: (0.0)
548: 494 (10.0)
549: (0.0)
550: (0.0)
551: (0.0)
552: 491 (10.0)
553: 489 492 (18.0)
554: (0.0)
555: 503 (10.0)
556: 487 502 (17.0)
557: 493 499 (17.0)
558: 500 (9.0)
559: 506 (10.0)
560: (0.0)
561: 496 505 (17.0)
562: 495 508 (17.0)
563: (0.0)
564: 497 510 (18.0)
565: 498 (8.0)
566: 507 (10.0)
567: (0.0)
568: (0.0)
569: 504 (9.0)
570: 511 (10.0)
571: 501 517 (18.0)
572: (0.0)
573: 509 516 (17.0)
574: 522 (10.0)
575: 512 518 (17.0)
576: 520 (8.0)
577: 513 527 (18.0)
578: (0.0)
579: (0.0)
580: 514 515 (17.0)
581: (0.0)
582: 526 528 (18.0)
583: 532 (10.0)
584: 519 (10.0)
585: 524 525 (18.0)
586: 523 (9.0)
587: (0.0)
588: 530 531 (17.0)
589: 521 538 (18.0)
590: 535 (10.0)
591: 529 (10.0)
592: (0.0)
593: (0.0)
594: 543 (10.0)
595: 534 (10.0)
596: 541 (10.0)
597: 537 (10.0)
598: (0.0)
599: 539 (9.0)
600: 547 (10.0)
601: 533 546 (16.0)
602: 540 542 (16.0)
603: 548 549 (17.0)
604: 536 545 (17.0)
605: 550 (8.0)
606: 554 (10.0)
607: 544 555 (16.0)
608: 552 (10.0)
609: 551 (10.0)
610: 553 (8.0)
611: 557 (10.0)
612: (0.0)
613: (0.0)
614: (0.0)
615: (0.0)
616: 556 (10.0)
617: (0.0)
618: (0.0)
619: (0.0)
620: (0.0)
621: 562 (10.0)
622: 559 564 (16.0)
623: 558 566 (17.0)
624: 563 (10.0)
625: (0.0)
626: (0.0)
627: 561 568 (17.0)
628: (0.0)
629: (0.0)
630: 560 569 (18.0)
631: 567 572 (17.0)
632: (0.0)
633: 565 (10.0)
634: (0.0)
635: (0.0)
636: (0.0)
637: 575 576 (17.0)
638: 579 (9.0)
639: (0.0)
640: 571 577 (18.0)
641: 580 (10.0)
642: 573 (10.0)
643: 581 (9.0)
644: 582 586 (16.0)
645: (0.0)
646: 574 (8.0)
647: 570 (10.0)
648: 583 (10.0)
649: 578 585 (18.0)
650: (0.0)
651: 590 (10.0)
652: 591 (9.0)
653: 584 589 (18.0)
654: (0.0)
655: (0.0)
656: 587 (10.0)
657: (0.0)
658: 596 (10.0)
659: 593 (10.0)
660: (0.0)
661: (0.0)
662: 588 592 (18.0)
663: (0.0)
664: 594 598 (17.0)
665: 595 (10.0)
666: (0.0)
667: 597 603 (16.0)
668: (0.0)
669: (0.0)
670: (0.0)
671: 600 (10.0)
672: 601 (8.0)
673: 604 (8.0)
674: 605 (9.0)
675: (0.0)
676: 599 610 (18.0)
677: (0.0)
678: (0.0)
679: 607 611 (17.0)
680: 602 (9.0)
681: 612 (9.0)
682: (0.0)
683: 617 (10.0)
684: 606 (10.0)
685: 609 613 (17.0)
686: 608 (10.0)
687: 614 (10.0)
688: 616 619 (18.0)
689: (0.0)
690: (0.0)
691: 620 (10.0)
692: (0.0)
693: 618 625 (18.0)
694: 615 (10.0)
695: 621 (9.0)
696: 626 (8.0)
697: 624 (9.0)
698: 627 (10.0)
699: 623 (10.0)
700: (0.0)
701: 633 (10.0)
702: 622 631 (16.0)
703: 629 (10.0)
704: 632 (10.0)
705: (0.0)
706: 628 636 (18.0)
707: (0.0)
708: (0.0)
709: 638 (8.0)
710: 634 637 (17.0)
711: (0.0)
712: 640 (10.0)
713: 642 643 (16.0)
714: 641 (10.0)
715: 630 648 (19.0)
716: (0.0)
717: 639 (10.0)
718: 644 650 (17.0)
719: 635 651 (18.0)
720: 645 647 (17.0)
721: (0.0)
722: 649 (10.0)
723: (0.0)
724: (0.0)
725: (0.0)
726: 646 (10.0)
727: 652 (10.0)
728: 654 (10.0)
729: 658 659 (17.0)
730: 653 661 (16.0)
731: 660 (8.0)
732: (0.0)
733: (0.0)
734: (0.0)
735: 657 662 (16.0)
736: 667 (10.0)
737: 664 (9.0)
738: 655 656 (17.0)
739: (0.0)
740: 672 (9.0)
741: (0.0)
742: 673 (9.0)
743: (0.0)
744: 668 677 (17.0)
745: 665 675 (17.0)
746: 679 (10.0)
747: 663 (10.0)
748: 666 670 (17.0)
749: 674 685 (17.0)
750: 678 (10.0)
751: 676 (10.0)
752: 669 687 (16.0)
753: 682 (8.0)
754: 671 680 (16.0)
755: (0.0)
756: 683 684 (18.0)
757: 681 692 (18.0)
758: (0.0)
759: (0.0)
760: 688 690 (17.0)
761: 694 (10.0)
762: (0.0)
763: 695 (9.0)
764: 686 693 (17.0)
765: 699 (10.0)
766: 700 (10.0)
767: 691 697 (17.0)
768: (0.0)
769: (0.0)
770: 689 (8.0)
771: 696 (10.0)
772: 698 701 (18.0)
773: (0.0)
774: 704 (10.0)
775: (0.0)
776: 707 (9.0)
777: (0.0)
778: (0.0)
779: (0.0)
780: (0.0)
781: (0.0)
782: 706 710 717 (26.0)
783: 702 (9.0)
784: 708 (10.0)
785: 703 718 (18.0)
786: 705 (10.0)
787: 713 (8.0)
788: 712 714 (18.0)
789: 715 (9.0)
790: 709 (9.0)
791: 716 (8.0)
792: 721 (10.0)
793: 711 720 (17.0)
794: 719 (10.0)
795: (0.0)
796: (0.0)
797: (0.0)
798: 727 730 (17.0)
799: 724 726 (17.0)
800: 722 723 (16.0)
801: 725 729 (17.0)
802: (0.0)
803: (0.0)
804: 728 734 (17.0)
805: 731 732 (17.0)
806: 736 737 (18.0)
807: (0.0)
808: 741 (9.0)
809: 739 (8.0)
810: 733 (10.0)
811: (0.0)
812: (0.0)
813: (0.0)
814: 735 (10.0)
815: 747 (10.0)
816: 743 745 (18.0)
817: 738 (8.0)
818: 740 (10.0)
819: (0.0)
820: 742 (8.0)
821: 749 (10.0)
822: (0.0)
823: (0.0)
824: 748 (10.0)
825: 744 (10.0)
826: (0.0)
827: 746 (8.0)
828: (0.0)
829: (0.0)
830: (0.0)
831: 755 (10.0)
832: 750 759 (17.0)
833: 752 (10.0)
834: 751 754 (16.0)
835: 753 757 (19.0)
836: 761 (8.0)
837: (0.0)
838: 756 (10.0)
839: (0.0)
840: (0.0)
841: (0.0)
842: 762 (10.0)
843: 758 765 (17.0)
844: 766 768 (17.0)
845: 767 (9.0)
846: (0.0)
847: 764 (9.0)
848: 760 770 (17.0)
849: (0.0)
850: 763 772 (17.0)
851: 769 (10.0)
852: 773 (10.0)
853: (0.0)
854: (0.0)
855: 771 (9.0)
856: (0.0)
857: 775 (9.0)
858: (0.0)
859: (0.0)
860: 778 (9.0)
861: 776 (10.0)
862: 779 (10.0)
863: (0.0)
864: 777 (8.0)
865: 774 (10.0)
866: (0.0)
867: 781 (8.0)
868: (0.0)
869: 783 786 (17.0)
870: 789 (9.0)
871: (0.0)
872: 784 (10.0)
873: (0.0)
874: 782 787 (18.0)
875: 780 (8.0)
876: (0.0)
877: (0.0)
878: 794 (8.0)
879: 792 793 (16.0)
880: 797 (10.0)
881: 788 (10.0)
882: 799 (10.0)
883: 785 (10.0)
884: 802 803 (17.0)
885: (0.0)
886: 800 (9.0)
887: 790 801 (18.0)
888: 795 798 (17.0)
889: 805 806 (17.0)
890: 791 (10.0)
891: 808 (10.0)
892: 796 (10.0)
893: 810 (10.0)
894: 811 (10.0)
895: 809 813 (17.0)
896: 804 (10.0)
897: 814 815 (17.0)
898: 812 (8.0)
899: (0.0)
900: 807 817 (17.0)
901: (0.0)
902: (0.0)
903: (0.0)
904: (0.0)
905: (0.0)
906: (0.0)
907: (0.0)
908: (0.0)
909: (0.0)
910: 819 (8.0)
911: 818 824 (18.0)
912: 823 (10.0)
913: 816 (10.0)
914: (0.0)
915: (0.0)
916: 821 832 (17.0)
917: (0.0)
918: 822 (10.0)
919: 830 (10.0)
920: (0.0)
921: 834 (8.0)
922: 820 835 (18.0)
923: (0.0)
924: 825 828 829 (24.0)
925: 836 (10.0)
926: (0.0)
927: 833 (10.0)
928: 826 831 837 (25.0)
929: (0.0)
930: 827 842 (17.0)
931: 841 843 (16.0)
932: (0.0)
933: (0.0)
934: 840 (9.0)
935: 846 (10.0)
936: (0.0)
937: 839 (10.0)
938: (0.0)
939: (0.0)
940: 838 850 (17.0)
941: (0.0)
942: 849 (10.0)
943: (0.0)
944: (0.0)
945: 847 (9.0)
946: 844 854 (19.0)
947: (0.0)
948: (0.0)
949: 851 (10.0)
950: (0.0)
951: 858 859 (17.0)
952: 848 (10.0)
953: 845 (9.0)
954: 857 (10.0)
955: 861 (9.0)
956: 860 863 (16.0)
957: (0.0)
958: 855 856 (17.0)
959: (0.0)
960: 866 (10.0)
961: 853 (8.0)
962: 852 865 (17.0)
963: 862 (9.0)
964: 867 869 (16.0)
965: 864 871 (18.0)
966: 872 (9.0)
967: (0.0)
968: (0.0)
969: 868 (10.0)
970: (0.0)
971: (0.0)
972: (0.0)
973: (0.0)
974: 870 (10.0)
975: 873 879 (19.0)
976: 874 (10.0)
977: 881 (10.0)
978: (0.0)
979: (0.0)
980: 875 884 (18.0)
981: (0.0)
982: 876 882 (18.0)
983: 885 (9.0)
984: 877 883 (18.0)
985: (0.0)
986: (0.0)
987: 887 (9.0)
988: (0.0)
989: 886 (10.0)
990: 880 (10.0)
991: 878 (10.0)
992: (0.0)
993: 891 (10.0)
994: 890 (10.0)
995: (0.0)
996: (0.0)
997: 889 892 (16.0)
998: (0.0)
999: 894 (8.0)
1000: (0.0)
1001: 893 896 (18.0)
1002: (0.0)
1003: 888 898 (16.0)
1004: (0.0)
1005: (0.0)
1006: (0.0)
1007: (0.0)
1008: 897 900 (17.0)
1009: (0.0)
1010: 895 (10.0)
1011: (0.0)
1012: 902 (10.0)
1013: (0.0)
1014: (0.0)
1015: 899 901 (18.0)
1016: (0.0)
1017: 908 (9.0)
1018: (0.0)
1019: (0.0)
1020: 905 907 (18.0)
1021: (0.0)
1022: (0.0)
1023: (0.0)
1024: 904 906 (17.0)
1025: (0.0)
1026: 909 (8.0)
1027: 912 914 (18.0)
1028: 903 915 (16.0)
1029: (0.0)
1030: (0.0)
1031: (0.0)
1032: 919 (10.0)
1033: 911 (10.0)
1034: 910 926 (18.0)
1035: 913 927 (18.0)
1036: 918 921 (19.0)
1037: (0.0)
1038: (0.0)
1039: (0.0)
1040: (0.0)
1041: 922 925 (17.0)
1042: 917 928 933 (24.0)
1043: 931 (10.0)
1044: 916 920 929 (27.0)
1045: 932 936 (17.0)
1046: (0.0)
1047: 923 924 (16.0)
1048: 934 (8.0)
1049: (0.0)
1050: (0.0)
1051: (0.0)
1052: 942 (9.0)
1053: (0.0)
1054: 938 (8.0)
1055: 935 937 (17.0)
1056: (0.0)
1057: 930 (10.0)
1058: 943 946 (16.0)
1059: 940 (10.0)
1060: (0.0)
1061: 945 (10.0)
1062: 948 (9.0)
1063: 941 (10.0)
1064: 939 (10.0)
1065: (0.0)
1066: 954 (10.0)
1067: 956 (10.0)
1068: (0.0)
1069: 944 (9.0)
1070: 953 (10.0)
1071: 951 (9.0)
1072: (0.0)
1073: 952 (9.0)
1074: (0.0)
1075: 947 959 (17.0)
1076: 949 955 (17.0)
1077: 950 957 (17.0)
1078: (0.0)
1079: 963 (9.0)
1080: (0.0)
1081: (0.0)
1082: 958 (10.0)
1083: (0.0)
1084: (0.0)
1085: 962 964 (17.0)
1086: 961 (10.0)
1087: 960 (10.0)
1088: 968 (9.0)
1089: 965 (9.0)
1090: (0.0)
1091: 966 (10.0)
1092: (0.0)
1093: (0.0)
1094: (0.0)
1095: (0.0)
1096: 970 (10.0)
1097: 976 (9.0)
1098: 971 973 (18.0)
1099: 974 (8.0)
1100: (0.0)
1101: 972 (10.0)
1102: 969 (8.0)
1103: 975 982 (16.0)
1104: (0.0)
1105: 977 (10.0)
1106: 979 (9.0)
1107: 967 (10.0)
1108: (0.0)
1109: (0.0)
1110: (0.0)
1111: 985 (9.0)
1112: 981 (10.0)
1113: (0.0)
1114: (0.0)
1115: (0.0)
1116: 978 (10.0)
1117: 984 988 991 (25.0)
1118: 980 987 (17.0)
1119: 986 (10.0)
1120: (0.0)
1121: 983 995 (19.0)
1122: (0.0)
1123: 989 (10.0)
1124: (0.0)
1125: 992 993 (17.0)
1126: 990 (8.0)
1127: (0.0)
1128: (0.0)
1129: 994 998 (19.0)
1130: (0.0)
1131: (0.0)
1132: (0.0)
1133: (0.0)
1134: 997 (9.0)
1135: (0.0)
1136: 996 999 (17.0)
1137: (0.0)
1138: (0.0)
1139: (0.0)
1140: (0.0)
1141: (0.0)
