Name: 1000-40-85
Time: 27.46570920944214 
Result: 13913039
Solution:  11 7 3 11 4 7 18 20 15 18 15 22 14 30 34 32 30 27 32 42 41 34 28 30 33 47 49 54 42 42 50 57 43 44 55 50 59 49 64 56 60 59 59 68 61 64 60 69 65 68 64 64 67 67 80 85 84 84 82 76 79 91 96 79 91 84 82 94 93 88 93 91 108 93 104 113 101 111 112 105 101 108 101 108 117 115 111 108 121 113 112 111 120 122 123 129 122 129 121 123 136 127 138 133 137 138 129 138 133 145 140 155 145 151 155 154 145 145 157 149 151 163 154 152 159 168 158 161 166 166 159 175 159 161 165 166 165 172 166 176 173 175 179 175 179 181 182 188 182 182 181 190 200 197 193 196 193 188 193 200 204 197 205 206 207 203 203 210 203 215 203 206 207 217 215 211 211 225 221 226 223 225 221 229 237 233 229 231 238 243 240 237 251 247 245 243 252 253 247 260 255 261 260 254 256 253 262 256 256 272 262 269 265 268 280 272 270 268 275 270 275 280 271 283 283 281 282 291 289 282 289 289 291 287 287 293 296 290 309 296 302 309 311 302 306 317 309 314 317 311 320 314 319 320 318 320 324 320 330 328 327 329 334 339 328 329 340 340 341 345 344 340 348 352 349 345 352 345 360 350 358 349 357 354 357 361 357 365 361 370 363 360 370 365 371 364 371 365 370 371 368 373 375 372 382 385 373 389 382 383 382 376 381 387 382 388 389 383 383 396 396 390 389 397 397 402 401 410 413 417 414 409 412 402 412 413 417 418 422 417 417 412 420 420 417 422 420 428 420 431 429 442 426 437 434 429 435 436 433 440 443 440 436 446 440 442 454 446 442 455 446 446 451 457 450 455 456 453 456 463 463 468 463 466 467 467 464 474 469 474 467 469 475 468 469 476 480 473 478 476 479 487 489 491 495 497 487 490 498 495 496 508 496 497 504 497 515 508 504 502 503 514 515 509 509 514 515 519 514 529 518 529 518 522 525 533 538 538 529 534 529 531 539 546 539 543 540 548 548 542 542 548 552 557 556 552 562 565 561 561 562 564 565 561 560 565 571 581 577 574 573 588 573 581 589 583 585 584 581 585 587 597 595 603 590 604 603 606 613 605 597 604 609 611 604 603 609 605 605 622 622 623 622 626 621 624 620 617 623 617 629 623 629 637 629 622 623 624 626 631 631 640 642 632 647 640 642 648 644 650 648 640 648 644 651 654 644 662 648 660 656 662 650 654 658 664 660 658 659 666 665 664 667 671 677 675 666 671 667 667 671 667 666 675 673 677 686 671 687 677 680 688 682 690 698 686 692 688 690 687 693 701 694 703 704 705 709 714 701 701 716 707 704 715 704 711 711 715 715 720 707 717 719 717 717 721 717 720 729 723 721 728 735 726 733 729 729 734 735 735 733 744 744 744 756 755 740 740 745 751 751 754 761 756 749 760 756 755 761 760 755 771 762 766 775 762 773 761 777 762 774 775 775 785 778 773 777 780 775 787 780 777 791 786 788 782 792 792 784 793 804 787 795 802 808 801 807 802 809 813 800 801 805 821 813 813 817 817 815 821 817 826 817 820 833 828 833 821 820 835 840 835 831 841 833 829 830 840 849 841 845 841 844 840 849 845 854 846 848 862 854 855 860 866 866 863 856 874 861 861 861 862 876 865 874 882 876 883 882 874 886 884 886 882 888 887 886 882 897 889 888 889 893 895 907 900 894 904 897 897 913 909 913 905 914 908 914 914 908 915 918 915 915 914 930 934 927 926 921 923 937 928 927 928 926 932 930 934 939 939 944 936 939 942 936 942 943 945 945 952 953 948 958 948 948 965 962 957 958 950 957 974 959 973 962 965 963 962 969 971 985 969 974 976 986 978 976 973 982 976 985 986 992 980 990 984 992 989 988 1002 988 988 995 1002 1000 994 1006 995 1008 1001 995 1001 1000 1006 1012 1008 1010 1001 1012 1009 1009 1015 1022 1008 1008 1019 1008 1023 1018 1012 1015 1023 1023 1026 1030 1028 1030 1022 1037 1031 1039 1035 1033 1032 1044 1032 1044 1029 1031 1030 1033 1035 1038 1052 1035 1037 1044 1051 1055 1049 1050 1045 1052 1055 1058 1052 1055 1069 1058 1066 1060 1073 1072 1068 1061 1075 1066 1073 1068 1070 1079 1080 1083 1082 1083 1084 1079 1088 1091 1084 1084 1086 1092 1098 1102 1090 1086 1097 1099 1103 1105 1092 1090 1110 1097 1102 1100 1103 1100 1103 1102 1117 1105 1118 1123 1121 1116 1111 1122 1119 1124 1118 1126 1117 1126 1122 1127 1129 1123 1122 1129 1142 1127 1134 1136 1135 1139 1143 1139 1136 1143 1148 1146 1142 1147 1143 1148 1146 1153 1153 1149 1153 1153 1160 1158 1158 1157 1172 1162 1168
0: (0.0)
1: (0.0)
2: (0.0)
3: 2 (10.0)
4: 4 (9.0)
5: (0.0)
6: (0.0)
7: 1 5 (20.0)
8: (0.0)
9: (0.0)
10: (0.0)
11: 0 3 (19.0)
12: (0.0)
13: (0.0)
14: 12 (9.0)
15: 8 10 (17.0)
16: (0.0)
17: (0.0)
18: 6 9 (16.0)
19: (0.0)
20: 7 (10.0)
21: (0.0)
22: 11 (8.0)
23: (0.0)
24: (0.0)
25: (0.0)
26: (0.0)
27: 17 (10.0)
28: 22 (10.0)
29: (0.0)
30: 13 16 23 (26.0)
31: (0.0)
32: 15 18 (18.0)
33: 24 (10.0)
34: 14 21 (16.0)
35: (0.0)
36: (0.0)
37: (0.0)
38: (0.0)
39: (0.0)
40: (0.0)
41: 20 (9.0)
42: 19 28 29 (25.0)
43: 32 (10.0)
44: 33 (9.0)
45: (0.0)
46: (0.0)
47: 25 (8.0)
48: (0.0)
49: 26 37 (18.0)
50: 30 35 (17.0)
51: (0.0)
52: (0.0)
53: (0.0)
54: 27 (10.0)
55: 34 (9.0)
56: 39 (10.0)
57: 31 (9.0)
58: (0.0)
59: 36 41 42 (27.0)
60: 40 46 (18.0)
61: 44 (10.0)
62: (0.0)
63: (0.0)
64: 38 45 50 51 (37.0)
65: 48 (9.0)
66: (0.0)
67: 52 53 (19.0)
68: 43 49 (18.0)
69: 47 (8.0)
70: (0.0)
71: (0.0)
72: (0.0)
73: (0.0)
74: (0.0)
75: (0.0)
76: 59 (9.0)
77: (0.0)
78: (0.0)
79: 60 63 (16.0)
80: 54 (10.0)
81: (0.0)
82: 58 66 (17.0)
83: (0.0)
84: 56 57 65 (27.0)
85: 55 (9.0)
86: (0.0)
87: (0.0)
88: 69 (9.0)
89: (0.0)
90: (0.0)
91: 61 64 71 (27.0)
92: (0.0)
93: 68 70 73 (27.0)
94: 67 (10.0)
95: (0.0)
96: 62 (9.0)
97: (0.0)
98: (0.0)
99: (0.0)
100: (0.0)
101: 76 80 82 (25.0)
102: (0.0)
103: (0.0)
104: 74 (8.0)
105: 79 (9.0)
106: (0.0)
107: (0.0)
108: 72 81 83 87 (38.0)
109: (0.0)
110: (0.0)
111: 77 86 91 (27.0)
112: 78 90 (18.0)
113: 75 89 (17.0)
114: (0.0)
115: 85 (9.0)
116: (0.0)
117: 84 (9.0)
118: (0.0)
119: (0.0)
120: 92 (9.0)
121: 88 98 (17.0)
122: 93 96 (16.0)
123: 94 99 (16.0)
124: (0.0)
125: (0.0)
126: (0.0)
127: 101 (9.0)
128: (0.0)
129: 95 97 106 (24.0)
130: (0.0)
131: (0.0)
132: (0.0)
133: 103 108 (18.0)
134: (0.0)
135: (0.0)
136: 100 (9.0)
137: 104 (9.0)
138: 102 105 107 (26.0)
139: (0.0)
140: 110 (9.0)
141: (0.0)
142: (0.0)
143: (0.0)
144: (0.0)
145: 109 112 116 117 (34.0)
146: (0.0)
147: (0.0)
148: (0.0)
149: 119 (8.0)
150: (0.0)
151: 113 120 (17.0)
152: 123 (8.0)
153: (0.0)
154: 115 122 (19.0)
155: 111 114 (17.0)
156: (0.0)
157: 118 (9.0)
158: 126 (10.0)
159: 124 130 132 (27.0)
160: (0.0)
161: 127 133 (18.0)
162: (0.0)
163: 121 (9.0)
164: (0.0)
165: 134 136 (19.0)
166: 128 129 135 138 (36.0)
167: (0.0)
168: 125 (8.0)
169: (0.0)
170: (0.0)
171: (0.0)
172: 137 (8.0)
173: 140 (9.0)
174: (0.0)
175: 131 141 143 (25.0)
176: 139 (10.0)
177: (0.0)
178: (0.0)
179: 142 144 (18.0)
180: (0.0)
181: 145 150 (16.0)
182: 146 148 149 (27.0)
183: (0.0)
184: (0.0)
185: (0.0)
186: (0.0)
187: (0.0)
188: 147 157 (16.0)
189: (0.0)
190: 151 (10.0)
191: (0.0)
192: (0.0)
193: 154 156 158 (30.0)
194: (0.0)
195: (0.0)
196: 155 (10.0)
197: 153 161 (16.0)
198: (0.0)
199: (0.0)
200: 152 159 (18.0)
201: (0.0)
202: (0.0)
203: 165 166 168 170 (35.0)
204: 160 (10.0)
205: 162 (10.0)
206: 163 171 (19.0)
207: 164 172 (17.0)
208: (0.0)
209: (0.0)
210: 167 (10.0)
211: 175 176 (18.0)
212: (0.0)
213: (0.0)
214: (0.0)
215: 169 174 (20.0)
216: (0.0)
217: 173 (8.0)
218: (0.0)
219: (0.0)
220: (0.0)
221: 178 182 (17.0)
222: (0.0)
223: 180 (10.0)
224: (0.0)
225: 177 181 (18.0)
226: 179 (9.0)
227: (0.0)
228: (0.0)
229: 183 186 (17.0)
230: (0.0)
231: 187 (10.0)
232: (0.0)
233: 185 (8.0)
234: (0.0)
235: (0.0)
236: (0.0)
237: 184 191 (18.0)
238: 188 (9.0)
239: (0.0)
240: 190 (10.0)
241: (0.0)
242: (0.0)
243: 189 195 (18.0)
244: (0.0)
245: 194 (10.0)
246: (0.0)
247: 193 198 (18.0)
248: (0.0)
249: (0.0)
250: (0.0)
251: 192 (9.0)
252: 196 (8.0)
253: 197 205 (18.0)
254: 203 (8.0)
255: 200 (9.0)
256: 204 207 208 (28.0)
257: (0.0)
258: (0.0)
259: (0.0)
260: 199 202 (18.0)
261: 201 (8.0)
262: 206 210 (18.0)
263: (0.0)
264: (0.0)
265: 212 (10.0)
266: (0.0)
267: (0.0)
268: 213 217 (18.0)
269: 211 (8.0)
270: 216 219 (19.0)
271: 222 (8.0)
272: 209 215 (19.0)
273: (0.0)
274: (0.0)
275: 218 220 (17.0)
276: (0.0)
277: (0.0)
278: (0.0)
279: (0.0)
280: 214 221 (16.0)
281: 225 (8.0)
282: 226 229 (19.0)
283: 223 224 (19.0)
284: (0.0)
285: (0.0)
286: (0.0)
287: 233 234 (18.0)
288: (0.0)
289: 228 230 231 (26.0)
290: 237 (9.0)
291: 227 232 (18.0)
292: (0.0)
293: 235 (10.0)
294: (0.0)
295: (0.0)
296: 236 239 (18.0)
297: (0.0)
298: (0.0)
299: (0.0)
300: (0.0)
301: (0.0)
302: 240 243 (16.0)
303: (0.0)
304: (0.0)
305: (0.0)
306: 244 (9.0)
307: (0.0)
308: (0.0)
309: 238 241 246 (28.0)
310: (0.0)
311: 242 249 (16.0)
312: (0.0)
313: (0.0)
314: 247 251 (20.0)
315: (0.0)
316: (0.0)
317: 245 248 (20.0)
318: 254 (8.0)
319: 252 (8.0)
320: 250 253 255 257 (36.0)
321: (0.0)
322: (0.0)
323: (0.0)
324: 256 (10.0)
325: (0.0)
326: (0.0)
327: 260 (10.0)
328: 259 264 (18.0)
329: 261 265 (20.0)
330: 258 (8.0)
331: (0.0)
332: (0.0)
333: (0.0)
334: 262 (9.0)
335: (0.0)
336: (0.0)
337: (0.0)
338: (0.0)
339: 263 (8.0)
340: 266 267 271 (28.0)
341: 268 (8.0)
342: (0.0)
343: (0.0)
344: 270 (10.0)
345: 269 275 277 (26.0)
346: (0.0)
347: (0.0)
348: 272 (8.0)
349: 274 281 (17.0)
350: 279 (9.0)
351: (0.0)
352: 273 276 (20.0)
353: (0.0)
354: 283 (10.0)
355: (0.0)
356: (0.0)
357: 282 284 286 (28.0)
358: 280 (8.0)
359: (0.0)
360: 278 291 (19.0)
361: 285 288 (19.0)
362: (0.0)
363: 290 (9.0)
364: 295 (8.0)
365: 287 293 297 (27.0)
366: (0.0)
367: (0.0)
368: 300 (10.0)
369: (0.0)
370: 289 292 298 (26.0)
371: 294 296 299 (28.0)
372: 303 (8.0)
373: 301 306 (18.0)
374: (0.0)
375: 302 (8.0)
376: 311 (10.0)
377: (0.0)
378: (0.0)
379: (0.0)
380: (0.0)
381: 312 (10.0)
382: 304 308 310 314 (38.0)
383: 309 317 318 (24.0)
384: (0.0)
385: 305 (10.0)
386: (0.0)
387: 313 (10.0)
388: 315 (10.0)
389: 307 316 322 (28.0)
390: 321 (8.0)
391: (0.0)
392: (0.0)
393: (0.0)
394: (0.0)
395: (0.0)
396: 319 320 (17.0)
397: 323 324 (19.0)
398: (0.0)
399: (0.0)
400: (0.0)
401: 326 (10.0)
402: 325 333 (17.0)
403: (0.0)
404: (0.0)
405: (0.0)
406: (0.0)
407: (0.0)
408: (0.0)
409: 331 (9.0)
410: 327 (10.0)
411: (0.0)
412: 332 334 341 (27.0)
413: 328 335 (18.0)
414: 330 (8.0)
415: (0.0)
416: (0.0)
417: 329 336 339 340 344 (47.0)
418: 337 (10.0)
419: (0.0)
420: 342 343 346 348 (35.0)
421: (0.0)
422: 338 345 (19.0)
423: (0.0)
424: (0.0)
425: (0.0)
426: 352 (9.0)
427: (0.0)
428: 347 (9.0)
429: 350 355 (17.0)
430: (0.0)
431: 349 (8.0)
432: (0.0)
433: 358 (8.0)
434: 354 (8.0)
435: 356 (8.0)
436: 357 362 (19.0)
437: 353 (9.0)
438: (0.0)
439: (0.0)
440: 359 361 364 (27.0)
441: (0.0)
442: 351 365 368 (27.0)
443: 360 (9.0)
444: (0.0)
445: (0.0)
446: 363 367 370 371 (36.0)
447: (0.0)
448: (0.0)
449: (0.0)
450: 374 (8.0)
451: 372 (9.0)
452: (0.0)
453: 377 (9.0)
454: 366 (10.0)
455: 369 375 (17.0)
456: 376 378 (18.0)
457: 373 (10.0)
458: (0.0)
459: (0.0)
460: (0.0)
461: (0.0)
462: (0.0)
463: 379 380 382 (29.0)
464: 386 (10.0)
465: (0.0)
466: 383 (10.0)
467: 384 385 390 (28.0)
468: 381 393 (16.0)
469: 388 391 394 (27.0)
470: (0.0)
471: (0.0)
472: (0.0)
473: 397 (9.0)
474: 387 389 (18.0)
475: 392 (8.0)
476: 395 399 (20.0)
477: (0.0)
478: 398 (10.0)
479: 400 (9.0)
480: 396 (8.0)
481: (0.0)
482: (0.0)
483: (0.0)
484: (0.0)
485: (0.0)
486: (0.0)
487: 401 406 (19.0)
488: (0.0)
489: 402 (9.0)
490: 407 (9.0)
491: 403 (9.0)
492: (0.0)
493: (0.0)
494: (0.0)
495: 404 409 (18.0)
496: 410 412 (19.0)
497: 405 413 415 (29.0)
498: 408 (9.0)
499: (0.0)
500: (0.0)
501: (0.0)
502: 419 (10.0)
503: 420 (9.0)
504: 414 418 (19.0)
505: (0.0)
506: (0.0)
507: (0.0)
508: 411 417 (18.0)
509: 423 424 (17.0)
510: (0.0)
511: (0.0)
512: (0.0)
513: (0.0)
514: 421 425 428 (25.0)
515: 416 422 426 (25.0)
516: (0.0)
517: (0.0)
518: 430 432 (19.0)
519: 427 (10.0)
520: (0.0)
521: (0.0)
522: 433 (8.0)
523: (0.0)
524: (0.0)
525: 434 (9.0)
526: (0.0)
527: (0.0)
528: (0.0)
529: 429 431 438 440 (36.0)
530: (0.0)
531: 441 (8.0)
532: (0.0)
533: 435 (10.0)
534: 439 (10.0)
535: (0.0)
536: (0.0)
537: (0.0)
538: 436 437 (18.0)
539: 442 444 (19.0)
540: 446 (10.0)
541: (0.0)
542: 449 450 (20.0)
543: 445 (9.0)
544: (0.0)
545: (0.0)
546: 443 (8.0)
547: (0.0)
548: 447 448 451 (26.0)
549: (0.0)
550: (0.0)
551: (0.0)
552: 452 455 (19.0)
553: (0.0)
554: (0.0)
555: (0.0)
556: 454 (9.0)
557: 453 (8.0)
558: (0.0)
559: (0.0)
560: 464 (10.0)
561: 458 459 463 (25.0)
562: 456 460 (17.0)
563: (0.0)
564: 461 (10.0)
565: 457 462 465 (26.0)
566: (0.0)
567: (0.0)
568: (0.0)
569: (0.0)
570: (0.0)
571: 466 (8.0)
572: (0.0)
573: 470 472 (19.0)
574: 469 (10.0)
575: (0.0)
576: (0.0)
577: 468 (10.0)
578: (0.0)
579: (0.0)
580: (0.0)
581: 467 473 478 (29.0)
582: (0.0)
583: 475 (9.0)
584: 477 (10.0)
585: 476 479 (18.0)
586: (0.0)
587: 480 (10.0)
588: 471 (9.0)
589: 474 (8.0)
590: 484 (10.0)
591: (0.0)
592: (0.0)
593: (0.0)
594: (0.0)
595: 482 (8.0)
596: (0.0)
597: 481 490 (17.0)
598: (0.0)
599: (0.0)
600: (0.0)
601: (0.0)
602: (0.0)
603: 483 486 495 (28.0)
604: 485 491 494 (27.0)
605: 489 497 498 (26.0)
606: 487 (10.0)
607: (0.0)
608: (0.0)
609: 492 496 (20.0)
610: (0.0)
611: 493 (9.0)
612: (0.0)
613: 488 (8.0)
614: (0.0)
615: (0.0)
616: (0.0)
617: 507 509 (19.0)
618: (0.0)
619: (0.0)
620: 506 (9.0)
621: 504 (10.0)
622: 499 500 502 515 (35.0)
623: 501 508 511 516 (35.0)
624: 505 517 (18.0)
625: (0.0)
626: 503 518 (20.0)
627: (0.0)
628: (0.0)
629: 510 512 514 (25.0)
630: (0.0)
631: 519 520 (19.0)
632: 523 (10.0)
633: (0.0)
634: (0.0)
635: (0.0)
636: (0.0)
637: 513 (9.0)
638: (0.0)
639: (0.0)
640: 521 525 531 (27.0)
641: (0.0)
642: 522 526 (20.0)
643: (0.0)
644: 528 533 536 (25.0)
645: (0.0)
646: (0.0)
647: 524 (8.0)
648: 527 530 532 538 (36.0)
649: (0.0)
650: 529 542 (18.0)
651: 534 (9.0)
652: (0.0)
653: (0.0)
654: 535 543 (18.0)
655: (0.0)
656: 540 (10.0)
657: (0.0)
658: 544 547 (17.0)
659: 548 (10.0)
660: 539 546 (19.0)
661: (0.0)
662: 537 541 (17.0)
663: (0.0)
664: 545 551 (19.0)
665: 550 (8.0)
666: 549 556 562 (28.0)
667: 552 558 559 561 (39.0)
668: (0.0)
669: (0.0)
670: (0.0)
671: 553 557 560 567 (36.0)
672: (0.0)
673: 564 (8.0)
674: (0.0)
675: 555 563 (20.0)
676: (0.0)
677: 554 565 569 (25.0)
678: (0.0)
679: (0.0)
680: 570 (9.0)
681: (0.0)
682: 572 (8.0)
683: (0.0)
684: (0.0)
685: (0.0)
686: 566 575 (20.0)
687: 568 579 (18.0)
688: 571 577 (19.0)
689: (0.0)
690: 573 578 (19.0)
691: (0.0)
692: 576 (10.0)
693: 580 (8.0)
694: 582 (8.0)
695: (0.0)
696: (0.0)
697: (0.0)
698: 574 (8.0)
699: (0.0)
700: (0.0)
701: 581 588 589 (24.0)
702: (0.0)
703: 583 (8.0)
704: 584 592 594 (26.0)
705: 585 (9.0)
706: (0.0)
707: 591 600 (19.0)
708: (0.0)
709: 586 (10.0)
710: (0.0)
711: 595 596 (19.0)
712: (0.0)
713: (0.0)
714: 587 (8.0)
715: 593 597 598 (24.0)
716: 590 (10.0)
717: 601 603 604 606 (40.0)
718: (0.0)
719: 602 (8.0)
720: 599 607 (18.0)
721: 605 610 (17.0)
722: (0.0)
723: 609 (8.0)
724: (0.0)
725: (0.0)
726: 613 (8.0)
727: (0.0)
728: 611 (10.0)
729: 608 615 616 (27.0)
730: (0.0)
731: (0.0)
732: (0.0)
733: 614 620 (20.0)
734: 617 (9.0)
735: 612 618 619 (26.0)
736: (0.0)
737: (0.0)
738: (0.0)
739: (0.0)
740: 626 627 (18.0)
741: (0.0)
742: (0.0)
743: (0.0)
744: 621 622 623 (26.0)
745: 628 (9.0)
746: (0.0)
747: (0.0)
748: (0.0)
749: 634 (10.0)
750: (0.0)
751: 629 630 (17.0)
752: (0.0)
753: (0.0)
754: 631 (9.0)
755: 625 637 640 (26.0)
756: 624 633 636 (27.0)
757: (0.0)
758: (0.0)
759: (0.0)
760: 635 639 (17.0)
761: 632 638 647 (25.0)
762: 642 645 649 (28.0)
763: (0.0)
764: (0.0)
765: (0.0)
766: 643 (10.0)
767: (0.0)
768: (0.0)
769: (0.0)
770: (0.0)
771: 641 (9.0)
772: (0.0)
773: 646 655 (17.0)
774: 650 (8.0)
775: 644 651 652 658 (35.0)
776: (0.0)
777: 648 656 661 (26.0)
778: 654 (9.0)
779: (0.0)
780: 657 660 (17.0)
781: (0.0)
782: 665 (9.0)
783: (0.0)
784: 668 (8.0)
785: 653 (10.0)
786: 663 (9.0)
787: 659 671 (17.0)
788: 664 (8.0)
789: (0.0)
790: (0.0)
791: 662 (10.0)
792: 666 667 (18.0)
793: 669 (10.0)
794: (0.0)
795: 672 (10.0)
796: (0.0)
797: (0.0)
798: (0.0)
799: (0.0)
800: 680 (9.0)
801: 675 681 (16.0)
802: 673 677 (18.0)
803: (0.0)
804: 670 (10.0)
805: 682 (9.0)
806: (0.0)
807: 676 (10.0)
808: 674 (9.0)
809: 678 (8.0)
810: (0.0)
811: (0.0)
812: (0.0)
813: 679 684 685 (25.0)
814: (0.0)
815: 688 (10.0)
816: (0.0)
817: 686 687 690 692 (37.0)
818: (0.0)
819: (0.0)
820: 693 698 (19.0)
821: 683 689 697 (26.0)
822: (0.0)
823: (0.0)
824: (0.0)
825: (0.0)
826: 691 (9.0)
827: (0.0)
828: 695 (9.0)
829: 705 (8.0)
830: 706 (10.0)
831: 702 (9.0)
832: (0.0)
833: 694 696 704 (26.0)
834: (0.0)
835: 699 701 (18.0)
836: (0.0)
837: (0.0)
838: (0.0)
839: (0.0)
840: 700 707 713 (28.0)
841: 703 709 711 (26.0)
842: (0.0)
843: (0.0)
844: 712 (10.0)
845: 710 715 (17.0)
846: 717 (10.0)
847: (0.0)
848: 718 (8.0)
849: 708 714 (20.0)
850: (0.0)
851: (0.0)
852: (0.0)
853: (0.0)
854: 716 720 (17.0)
855: 721 (10.0)
856: 726 (10.0)
857: (0.0)
858: (0.0)
859: (0.0)
860: 722 (10.0)
861: 728 729 730 (24.0)
862: 719 731 (19.0)
863: 725 (10.0)
864: (0.0)
865: 733 (9.0)
866: 723 724 (18.0)
867: (0.0)
868: (0.0)
869: (0.0)
870: (0.0)
871: (0.0)
872: (0.0)
873: (0.0)
874: 727 734 739 (27.0)
875: (0.0)
876: 732 736 (19.0)
877: (0.0)
878: (0.0)
879: (0.0)
880: (0.0)
881: (0.0)
882: 735 738 743 747 (34.0)
883: 737 (10.0)
884: 741 (9.0)
885: (0.0)
886: 740 742 746 (28.0)
887: 745 (8.0)
888: 744 750 (20.0)
889: 749 751 (19.0)
890: (0.0)
891: (0.0)
892: (0.0)
893: 752 (8.0)
894: 756 (9.0)
895: 753 (10.0)
896: (0.0)
897: 748 758 759 (28.0)
898: (0.0)
899: (0.0)
900: 755 (10.0)
901: (0.0)
902: (0.0)
903: (0.0)
904: 757 (10.0)
905: 763 (9.0)
906: (0.0)
907: 754 (10.0)
908: 765 768 (18.0)
909: 761 (8.0)
910: (0.0)
911: (0.0)
912: (0.0)
913: 760 762 (19.0)
914: 764 766 767 773 (36.0)
915: 769 771 772 (28.0)
916: (0.0)
917: (0.0)
918: 770 (10.0)
919: (0.0)
920: (0.0)
921: 778 (10.0)
922: (0.0)
923: 779 (10.0)
924: (0.0)
925: (0.0)
926: 777 784 (19.0)
927: 776 782 (18.0)
928: 781 783 (19.0)
929: (0.0)
930: 774 786 (16.0)
931: (0.0)
932: 785 (9.0)
933: (0.0)
934: 775 787 (19.0)
935: (0.0)
936: 791 794 (17.0)
937: 780 (10.0)
938: (0.0)
939: 788 789 792 (27.0)
940: (0.0)
941: (0.0)
942: 793 795 (19.0)
943: 796 (10.0)
944: 790 (9.0)
945: 797 798 (17.0)
946: (0.0)
947: (0.0)
948: 801 803 804 (25.0)
949: (0.0)
950: 809 (10.0)
951: (0.0)
952: 799 (9.0)
953: 800 (10.0)
954: (0.0)
955: (0.0)
956: (0.0)
957: 807 810 (18.0)
958: 802 808 (17.0)
959: 812 (10.0)
960: (0.0)
961: (0.0)
962: 806 814 817 (28.0)
963: 816 (8.0)
964: (0.0)
965: 805 815 (19.0)
966: (0.0)
967: (0.0)
968: (0.0)
969: 818 821 (19.0)
970: (0.0)
971: 819 (9.0)
972: (0.0)
973: 813 827 (17.0)
974: 811 822 (18.0)
975: (0.0)
976: 823 826 829 (25.0)
977: (0.0)
978: 825 (9.0)
979: (0.0)
980: 833 (10.0)
981: (0.0)
982: 828 (9.0)
983: (0.0)
984: 835 (10.0)
985: 820 830 (17.0)
986: 824 831 (19.0)
987: (0.0)
988: 838 840 841 (27.0)
989: 837 (10.0)
990: 834 (9.0)
991: (0.0)
992: 832 836 (18.0)
993: (0.0)
994: 845 (9.0)
995: 842 847 850 (24.0)
996: (0.0)
997: (0.0)
998: (0.0)
999: (0.0)
1000: 844 852 (17.0)
1001: 849 851 857 (27.0)
1002: 839 843 (18.0)
1003: (0.0)
1004: (0.0)
1005: (0.0)
1006: 846 853 (20.0)
1007: (0.0)
1008: 848 855 863 864 866 (47.0)
1009: 859 860 (19.0)
1010: 856 (8.0)
1011: (0.0)
1012: 854 858 869 (29.0)
1013: (0.0)
1014: (0.0)
1015: 861 870 (18.0)
1016: (0.0)
1017: (0.0)
1018: 868 (10.0)
1019: 865 (8.0)
1020: (0.0)
1021: (0.0)
1022: 862 877 (16.0)
1023: 867 871 872 (28.0)
1024: (0.0)
1025: (0.0)
1026: 873 (9.0)
1027: (0.0)
1028: 875 (9.0)
1029: 887 (9.0)
1030: 874 876 889 (26.0)
1031: 879 888 (19.0)
1032: 883 885 (18.0)
1033: 882 890 (17.0)
1034: (0.0)
1035: 881 891 894 (27.0)
1036: (0.0)
1037: 878 895 (16.0)
1038: 892 (9.0)
1039: 880 (8.0)
1040: (0.0)
1041: (0.0)
1042: (0.0)
1043: (0.0)
1044: 884 886 896 (25.0)
1045: 901 (8.0)
1046: (0.0)
1047: (0.0)
1048: (0.0)
1049: 899 (8.0)
1050: 900 (10.0)
1051: 897 (8.0)
1052: 893 902 905 (29.0)
1053: (0.0)
1054: (0.0)
1055: 898 903 906 (28.0)
1056: (0.0)
1057: (0.0)
1058: 904 908 (20.0)
1059: (0.0)
1060: 910 (8.0)
1061: 914 (9.0)
1062: (0.0)
1063: (0.0)
1064: (0.0)
1065: (0.0)
1066: 909 916 (17.0)
1067: (0.0)
1068: 913 918 (18.0)
1069: 907 (10.0)
1070: 919 (8.0)
1071: (0.0)
1072: 912 (8.0)
1073: 911 917 (16.0)
1074: (0.0)
1075: 915 (8.0)
1076: (0.0)
1077: (0.0)
1078: (0.0)
1079: 920 926 (17.0)
1080: 921 (10.0)
1081: (0.0)
1082: 923 (9.0)
1083: 922 924 (17.0)
1084: 925 929 930 (27.0)
1085: (0.0)
1086: 931 936 (18.0)
1087: (0.0)
1088: 927 (10.0)
1089: (0.0)
1090: 935 942 (19.0)
1091: 928 (10.0)
1092: 932 941 (16.0)
1093: (0.0)
1094: (0.0)
1095: (0.0)
1096: (0.0)
1097: 937 944 (20.0)
1098: 933 (8.0)
1099: 938 (10.0)
1100: 946 948 (18.0)
1101: (0.0)
1102: 934 945 950 (28.0)
1103: 939 947 949 (29.0)
1104: (0.0)
1105: 940 952 (19.0)
1106: (0.0)
1107: (0.0)
1108: (0.0)
1109: (0.0)
1110: 943 (10.0)
1111: 957 (10.0)
1112: (0.0)
1113: (0.0)
1114: (0.0)
1115: (0.0)
1116: 956 (9.0)
1117: 951 963 (17.0)
1118: 953 961 (20.0)
1119: 959 (10.0)
1120: (0.0)
1121: 955 (10.0)
1122: 958 965 969 (29.0)
1123: 954 968 (17.0)
1124: 960 (9.0)
1125: (0.0)
1126: 962 964 (17.0)
1127: 966 972 (18.0)
1128: (0.0)
1129: 967 970 (17.0)
1130: (0.0)
1131: (0.0)
1132: (0.0)
1133: (0.0)
1134: 973 (8.0)
1135: 975 (8.0)
1136: 974 979 (19.0)
1137: (0.0)
1138: (0.0)
1139: 976 978 (18.0)
1140: (0.0)
1141: (0.0)
1142: 971 983 (20.0)
1143: 977 980 985 (27.0)
1144: (0.0)
1145: (0.0)
1146: 982 987 (18.0)
1147: 984 (9.0)
1148: 981 986 (18.0)
1149: 990 (9.0)
1150: (0.0)
1151: (0.0)
1152: (0.0)
1153: 988 989 991 992 (39.0)
1154: (0.0)
1155: (0.0)
1156: (0.0)
1157: 996 (9.0)
1158: 994 995 (20.0)
1159: (0.0)
1160: 993 (9.0)
1161: (0.0)
1162: 998 (9.0)
1163: (0.0)
1164: (0.0)
1165: (0.0)
1166: (0.0)
1167: (0.0)
1168: 999 (8.0)
1169: (0.0)
1170: (0.0)
1171: (0.0)
1172: 997 (9.0)
1173: (0.0)
1174: (0.0)
1175: (0.0)
