Name: 1000-40-85
Time: 27.46384906768799 
Result: 13203038
Solution:  8 15 15 19 9 8 8 20 25 18 13 22 20 18 22 22 35 32 32 27 26 44 39 37 39 46 44 54 50 45 56 44 50 49 49 46 49 49 62 67 57 62 68 59 71 70 66 71 78 66 71 68 69 80 74 70 82 90 80 78 84 82 93 78 93 82 88 93 91 95 105 94 100 98 95 105 111 100 113 115 106 102 102 107 112 115 106 115 124 116 116 122 115 118 126 122 122 127 126 124 127 137 142 127 136 133 136 134 134 137 140 145 140 158 152 154 150 145 153 150 158 166 150 156 162 161 167 170 162 157 166 169 162 162 164 164 166 167 177 177 177 177 177 173 183 173 181 186 176 181 181 186 182 198 197 197 190 198 202 204 202 197 196 216 203 207 201 210 201 218 203 218 215 216 218 210 216 215 218 216 222 228 221 235 237 237 235 236 242 245 247 242 247 253 241 250 245 246 257 250 257 259 258 250 259 255 259 255 259 275 259 270 271 272 273 277 277 272 269 269 279 277 275 280 275 283 283 291 289 280 289 295 291 294 298 297 291 296 311 299 305 296 305 315 307 316 305 320 308 316 315 321 321 315 322 324 320 322 329 321 326 331 338 330 338 329 338 331 333 331 339 345 348 348 345 339 344 360 357 362 346 358 352 358 363 360 357 358 363 369 369 362 374 376 372 365 371 373 372 371 369 372 379 372 383 384 381 381 384 377 383 378 378 385 391 385 381 385 393 394 391 394 403 396 396 403 399 413 405 410 409 412 415 414 413 411 422 411 422 414 414 413 410 423 430 429 417 428 428 423 429 427 429 427 439 428 434 435 441 436 447 441 436 447 438 439 451 447 441 449 444 458 458 457 464 460 458 455 451 460 463 468 473 466 463 460 470 481 468 476 470 480 473 476 476 484 475 484 490 483 483 494 485 488 486 492 498 490 488 505 503 508 505 497 498 508 506 507 505 505 508 506 516 521 511 511 519 513 511 519 520 533 520 534 520 520 528 538 533 543 535 533 536 538 534 552 536 538 543 554 554 549 550 551 552 550 565 558 559 556 566 562 566 558 566 575 562 565 579 579 571 578 580 585 576 578 586 597 591 591 585 588 594 595 597 600 611 608 605 603 609 602 603 603 603 610 608 608 611 613 623 610 613 616 613 632 616 616 616 619 629 619 635 623 621 624 634 635 631 631 641 636 632 637 644 640 644 643 646 642 641 644 645 655 652 655 655 657 646 653 653 657 662 663 663 663 657 663 671 657 672 665 661 677 671 669 674 667 671 675 665 664 666 669 677 671 682 686 682 676 685 691 696 686 696 687 685 686 696 693 693 693 697 695 696 711 707 706 707 703 709 706 709 704 705 705 705 704 716 707 716 719 727 714 724 724 725 725 726 726 731 729 724 728 724 728 740 739 729 740 747 741 740 750 739 752 746 753 760 755 757 752 760 757 750 752 755 753 762 770 761 764 760 756 764 762 761 770 779 780 778 770 767 780 770 770 779 783 779 793 779 775 782 785 783 782 782 790 801 787 804 788 799 800 809 808 807 799 800 813 801 809 812 804 819 811 808 827 812 813 826 819 814 814 824 824 819 826 828 834 828 826 829 831 834 829 842 833 842 835 839 839 838 846 856 842 849 855 858 856 854 862 859 862 866 859 867 870 871 865 871 865 871 874 869 876 870 879 871 876 883 884 884 883 883 893 884 883 896 895 895 902 893 896 908 901 906 910 901 908 906 906 904 908 906 913 913 924 917 918 920 920 924 913 931 922 921 932 920 926 931 931 938 930 931 929 930 929 950 938 935 935 938 935 943 937 948 952 953 948 954 954 946 965 958 957 951 966 953 961 961 964 957 957 958 966 961 969 976 965 976 970 970 976 983 972 975 989 978 975 987 978 989 987 986 987 985 996 985 993 992 993 992 990 999 1005 993 1003 993 997 1005 1005 999 998 1000 1010 1000 1009 1006 1013 1016 1006 1009 1010 1018 1010 1010 1026 1010 1013 1018 1026 1023 1030 1028 1030 1037 1022 1024 1030 1030 1024 1026 1025 1028 1040 1040 1035 1030 1032 1039 1039 1032 1036 1036 1035 1048 1037 1050 1051 1052 1054 1053 1057 1046 1053 1054 1053 1061 1061 1057 1070 1057 1063 1070 1065 1067 1070 1073 1072 1077 1070 1076 1085 1079 1080 1079 1087 1088 1085 1087 1081 1081 1091 1089 1098 1098 1088 1096 1100 1091 1099 1098 1095 1100 1099 1105 1098 1102 1114 1100 1106 1106 1112 1115 1121 1122 1114 1121 1119 1128 1120 1128 1119 1120 1120 1122 1131 1121 1127 1135 1127 1136 1131 1127 1136 1134 1131 1136 1138 1142 1141 1141 1144 1144 1149 1152 1150 1150 1165 1151 1163 1172 1159 1169 1166 1164 1161 1164 1163
0: (0.0)
1: (0.0)
2: (0.0)
3: (0.0)
4: (0.0)
5: (0.0)
6: (0.0)
7: (0.0)
8: 0 5 6 (28.0)
9: 4 (9.0)
10: (0.0)
11: (0.0)
12: (0.0)
13: 10 (9.0)
14: (0.0)
15: 1 2 (20.0)
16: (0.0)
17: (0.0)
18: 9 13 (18.0)
19: 3 (9.0)
20: 7 12 (19.0)
21: (0.0)
22: 11 14 15 (26.0)
23: (0.0)
24: (0.0)
25: 8 (8.0)
26: 20 (9.0)
27: 19 (9.0)
28: (0.0)
29: (0.0)
30: (0.0)
31: (0.0)
32: 17 18 (18.0)
33: (0.0)
34: (0.0)
35: 16 (8.0)
36: (0.0)
37: 23 (8.0)
38: (0.0)
39: 22 24 (20.0)
40: (0.0)
41: (0.0)
42: (0.0)
43: (0.0)
44: 21 26 31 (26.0)
45: 29 (8.0)
46: 25 35 (16.0)
47: (0.0)
48: (0.0)
49: 33 34 36 37 (36.0)
50: 28 32 (18.0)
51: (0.0)
52: (0.0)
53: (0.0)
54: 27 (10.0)
55: (0.0)
56: 30 (9.0)
57: 40 (10.0)
58: (0.0)
59: 43 (10.0)
60: (0.0)
61: (0.0)
62: 38 41 (18.0)
63: (0.0)
64: (0.0)
65: (0.0)
66: 46 49 (16.0)
67: 39 (10.0)
68: 42 51 (18.0)
69: 52 (10.0)
70: 45 55 (19.0)
71: 44 47 50 (27.0)
72: (0.0)
73: (0.0)
74: 54 (10.0)
75: (0.0)
76: (0.0)
77: (0.0)
78: 48 59 63 (26.0)
79: (0.0)
80: 53 58 (17.0)
81: (0.0)
82: 56 61 65 (28.0)
83: (0.0)
84: 60 (8.0)
85: (0.0)
86: (0.0)
87: (0.0)
88: 66 (9.0)
89: (0.0)
90: 57 (8.0)
91: 68 (9.0)
92: (0.0)
93: 62 64 67 (27.0)
94: 71 (10.0)
95: 69 74 (17.0)
96: (0.0)
97: (0.0)
98: 73 (10.0)
99: (0.0)
100: 72 77 (18.0)
101: (0.0)
102: 81 82 (18.0)
103: (0.0)
104: (0.0)
105: 70 75 (17.0)
106: 80 86 (16.0)
107: 83 (10.0)
108: (0.0)
109: (0.0)
110: (0.0)
111: 76 (8.0)
112: 84 (9.0)
113: 78 (9.0)
114: (0.0)
115: 79 85 87 92 (37.0)
116: 89 90 (17.0)
117: (0.0)
118: 93 (8.0)
119: (0.0)
120: (0.0)
121: (0.0)
122: 91 95 96 (26.0)
123: (0.0)
124: 88 99 (16.0)
125: (0.0)
126: 94 98 (17.0)
127: 97 100 103 (27.0)
128: (0.0)
129: (0.0)
130: (0.0)
131: (0.0)
132: (0.0)
133: 105 (8.0)
134: 107 108 (16.0)
135: (0.0)
136: 104 106 (17.0)
137: 101 109 (17.0)
138: (0.0)
139: (0.0)
140: 110 112 (18.0)
141: (0.0)
142: 102 (10.0)
143: (0.0)
144: (0.0)
145: 111 117 (17.0)
146: (0.0)
147: (0.0)
148: (0.0)
149: (0.0)
150: 116 119 122 (25.0)
151: (0.0)
152: 114 (9.0)
153: 118 (9.0)
154: 115 (10.0)
155: (0.0)
156: 123 (8.0)
157: 129 (8.0)
158: 113 120 (17.0)
159: (0.0)
160: (0.0)
161: 125 (8.0)
162: 124 128 132 133 (36.0)
163: (0.0)
164: 134 135 (19.0)
165: (0.0)
166: 121 130 136 (28.0)
167: 126 137 (18.0)
168: (0.0)
169: 131 (9.0)
170: 127 (10.0)
171: (0.0)
172: (0.0)
173: 143 145 (16.0)
174: (0.0)
175: (0.0)
176: 148 (9.0)
177: 138 139 140 141 142 (44.0)
178: (0.0)
179: (0.0)
180: (0.0)
181: 146 149 150 (26.0)
182: 152 (9.0)
183: 144 (9.0)
184: (0.0)
185: (0.0)
186: 147 151 (18.0)
187: (0.0)
188: (0.0)
189: (0.0)
190: 156 (10.0)
191: (0.0)
192: (0.0)
193: (0.0)
194: (0.0)
195: (0.0)
196: 162 (10.0)
197: 154 155 161 (28.0)
198: 153 157 (16.0)
199: (0.0)
200: (0.0)
201: 166 168 (18.0)
202: 158 160 (20.0)
203: 164 170 (16.0)
204: 159 (9.0)
205: (0.0)
206: (0.0)
207: 165 (9.0)
208: (0.0)
209: (0.0)
210: 167 175 (18.0)
211: (0.0)
212: (0.0)
213: (0.0)
214: (0.0)
215: 172 177 (18.0)
216: 163 173 176 179 (36.0)
217: (0.0)
218: 169 171 174 178 (38.0)
219: (0.0)
220: (0.0)
221: 182 (9.0)
222: 180 (10.0)
223: (0.0)
224: (0.0)
225: (0.0)
226: (0.0)
227: (0.0)
228: 181 (9.0)
229: (0.0)
230: (0.0)
231: (0.0)
232: (0.0)
233: (0.0)
234: (0.0)
235: 183 186 (17.0)
236: 187 (10.0)
237: 184 185 (16.0)
238: (0.0)
239: (0.0)
240: (0.0)
241: 194 (10.0)
242: 188 191 (19.0)
243: (0.0)
244: (0.0)
245: 189 196 (16.0)
246: 197 (10.0)
247: 190 192 (19.0)
248: (0.0)
249: (0.0)
250: 195 199 203 (26.0)
251: (0.0)
252: (0.0)
253: 193 (10.0)
254: (0.0)
255: 205 207 (18.0)
256: (0.0)
257: 198 200 (17.0)
258: 202 (10.0)
259: 201 204 206 208 210 (44.0)
260: (0.0)
261: (0.0)
262: (0.0)
263: (0.0)
264: (0.0)
265: (0.0)
266: (0.0)
267: (0.0)
268: (0.0)
269: 218 219 (18.0)
270: 211 (8.0)
271: 212 (10.0)
272: 213 217 (18.0)
273: 214 (8.0)
274: (0.0)
275: 209 222 224 (26.0)
276: (0.0)
277: 215 216 221 (27.0)
278: (0.0)
279: 220 (9.0)
280: 223 229 (20.0)
281: (0.0)
282: (0.0)
283: 225 226 (17.0)
284: (0.0)
285: (0.0)
286: (0.0)
287: (0.0)
288: (0.0)
289: 228 230 (18.0)
290: (0.0)
291: 227 232 236 (28.0)
292: (0.0)
293: (0.0)
294: 233 (9.0)
295: 231 (8.0)
296: 237 241 (19.0)
297: 235 (10.0)
298: 234 (9.0)
299: 239 (8.0)
300: (0.0)
301: (0.0)
302: (0.0)
303: (0.0)
304: (0.0)
305: 240 242 246 (26.0)
306: (0.0)
307: 244 (9.0)
308: 248 (10.0)
309: (0.0)
310: (0.0)
311: 238 (8.0)
312: (0.0)
313: (0.0)
314: (0.0)
315: 243 250 253 (25.0)
316: 245 249 (18.0)
317: (0.0)
318: (0.0)
319: (0.0)
320: 247 256 (20.0)
321: 251 252 259 (28.0)
322: 254 257 (17.0)
323: (0.0)
324: 255 (10.0)
325: (0.0)
326: 260 (10.0)
327: (0.0)
328: (0.0)
329: 258 265 (18.0)
330: 263 (8.0)
331: 261 267 269 (28.0)
332: (0.0)
333: 268 (8.0)
334: (0.0)
335: (0.0)
336: (0.0)
337: (0.0)
338: 262 264 266 (25.0)
339: 270 275 (19.0)
340: (0.0)
341: (0.0)
342: (0.0)
343: (0.0)
344: 276 (10.0)
345: 271 274 (19.0)
346: 280 (8.0)
347: (0.0)
348: 272 273 (18.0)
349: (0.0)
350: (0.0)
351: (0.0)
352: 282 (10.0)
353: (0.0)
354: (0.0)
355: (0.0)
356: (0.0)
357: 278 286 (17.0)
358: 281 283 287 (28.0)
359: (0.0)
360: 277 285 (19.0)
361: (0.0)
362: 279 291 (19.0)
363: 284 288 (19.0)
364: (0.0)
365: 295 (8.0)
366: (0.0)
367: (0.0)
368: (0.0)
369: 289 290 300 (27.0)
370: (0.0)
371: 296 299 (20.0)
372: 294 298 301 303 (34.0)
373: 297 (8.0)
374: 292 (9.0)
375: (0.0)
376: 293 (9.0)
377: 309 (8.0)
378: 311 312 (20.0)
379: 302 (8.0)
380: (0.0)
381: 306 307 316 (28.0)
382: (0.0)
383: 304 310 (20.0)
384: 305 308 (20.0)
385: 313 315 317 (28.0)
386: (0.0)
387: (0.0)
388: (0.0)
389: (0.0)
390: (0.0)
391: 314 320 (16.0)
392: (0.0)
393: 318 (8.0)
394: 319 321 (17.0)
395: (0.0)
396: 323 324 (19.0)
397: (0.0)
398: (0.0)
399: 326 (10.0)
400: (0.0)
401: (0.0)
402: (0.0)
403: 322 325 (18.0)
404: (0.0)
405: 328 (9.0)
406: (0.0)
407: (0.0)
408: (0.0)
409: 330 (8.0)
410: 329 342 (18.0)
411: 335 337 (19.0)
412: 331 (9.0)
413: 327 334 341 (29.0)
414: 333 339 340 (27.0)
415: 332 (8.0)
416: (0.0)
417: 346 (9.0)
418: (0.0)
419: (0.0)
420: (0.0)
421: (0.0)
422: 336 338 (17.0)
423: 343 349 (16.0)
424: (0.0)
425: (0.0)
426: (0.0)
427: 351 353 (19.0)
428: 347 348 355 (28.0)
429: 345 350 352 (27.0)
430: 344 (10.0)
431: (0.0)
432: (0.0)
433: (0.0)
434: 356 (8.0)
435: 357 (9.0)
436: 359 362 (19.0)
437: (0.0)
438: 364 (9.0)
439: 354 365 (17.0)
440: (0.0)
441: 358 361 368 (25.0)
442: (0.0)
443: (0.0)
444: 370 (8.0)
445: (0.0)
446: (0.0)
447: 360 363 367 (28.0)
448: (0.0)
449: 369 (9.0)
450: (0.0)
451: 366 378 (18.0)
452: (0.0)
453: (0.0)
454: (0.0)
455: 377 (9.0)
456: (0.0)
457: 373 (10.0)
458: 371 372 376 (28.0)
459: (0.0)
460: 375 379 385 (28.0)
461: (0.0)
462: (0.0)
463: 380 384 (19.0)
464: 374 (8.0)
465: (0.0)
466: 383 (10.0)
467: (0.0)
468: 381 388 (17.0)
469: (0.0)
470: 386 390 (18.0)
471: (0.0)
472: (0.0)
473: 382 392 (18.0)
474: (0.0)
475: 396 (8.0)
476: 389 393 394 (27.0)
477: (0.0)
478: (0.0)
479: (0.0)
480: 391 (9.0)
481: 387 (8.0)
482: (0.0)
483: 399 400 (19.0)
484: 395 397 (19.0)
485: 402 (9.0)
486: 404 (8.0)
487: (0.0)
488: 403 408 (18.0)
489: (0.0)
490: 398 407 (19.0)
491: (0.0)
492: 405 (10.0)
493: (0.0)
494: 401 (10.0)
495: (0.0)
496: (0.0)
497: 413 (10.0)
498: 406 414 (19.0)
499: (0.0)
500: (0.0)
501: (0.0)
502: (0.0)
503: 410 (9.0)
504: (0.0)
505: 409 412 418 419 (39.0)
506: 416 421 (18.0)
507: 417 (10.0)
508: 411 415 420 (26.0)
509: (0.0)
510: (0.0)
511: 424 425 428 (24.0)
512: (0.0)
513: 427 (10.0)
514: (0.0)
515: (0.0)
516: 422 (8.0)
517: (0.0)
518: (0.0)
519: 426 429 (18.0)
520: 430 432 434 435 (38.0)
521: 423 (9.0)
522: (0.0)
523: (0.0)
524: (0.0)
525: (0.0)
526: (0.0)
527: (0.0)
528: 436 (9.0)
529: (0.0)
530: (0.0)
531: (0.0)
532: (0.0)
533: 431 438 441 (26.0)
534: 433 444 (17.0)
535: 440 (8.0)
536: 442 446 (20.0)
537: (0.0)
538: 437 443 447 (25.0)
539: (0.0)
540: (0.0)
541: (0.0)
542: (0.0)
543: 439 448 (18.0)
544: (0.0)
545: (0.0)
546: (0.0)
547: (0.0)
548: (0.0)
549: 451 (10.0)
550: 452 455 (19.0)
551: 453 (8.0)
552: 445 454 (18.0)
553: (0.0)
554: 449 450 (20.0)
555: (0.0)
556: 459 (8.0)
557: (0.0)
558: 457 463 (16.0)
559: 458 (9.0)
560: (0.0)
561: (0.0)
562: 461 466 (18.0)
563: (0.0)
564: (0.0)
565: 456 467 (17.0)
566: 460 462 464 (28.0)
567: (0.0)
568: (0.0)
569: (0.0)
570: (0.0)
571: 470 (9.0)
572: (0.0)
573: (0.0)
574: (0.0)
575: 465 (9.0)
576: 474 (8.0)
577: (0.0)
578: 471 475 (18.0)
579: 468 469 (20.0)
580: 472 (10.0)
581: (0.0)
582: (0.0)
583: (0.0)
584: (0.0)
585: 473 480 (20.0)
586: 476 (10.0)
587: (0.0)
588: 481 (9.0)
589: (0.0)
590: (0.0)
591: 478 479 (18.0)
592: (0.0)
593: (0.0)
594: 482 (8.0)
595: 483 (8.0)
596: (0.0)
597: 477 484 (20.0)
598: (0.0)
599: (0.0)
600: 485 (10.0)
601: (0.0)
602: 491 (9.0)
603: 489 492 493 494 (35.0)
604: (0.0)
605: 488 (8.0)
606: (0.0)
607: (0.0)
608: 487 496 497 (29.0)
609: 490 (8.0)
610: 495 501 (18.0)
611: 486 498 (19.0)
612: (0.0)
613: 499 502 504 (26.0)
614: (0.0)
615: (0.0)
616: 503 506 507 508 (38.0)
617: (0.0)
618: (0.0)
619: 509 511 (18.0)
620: (0.0)
621: 514 (8.0)
622: (0.0)
623: 500 513 (18.0)
624: 515 (10.0)
625: (0.0)
626: (0.0)
627: (0.0)
628: (0.0)
629: 510 (8.0)
630: (0.0)
631: 518 519 (20.0)
632: 505 522 (20.0)
633: (0.0)
634: 516 (9.0)
635: 512 517 (17.0)
636: 521 (9.0)
637: 523 (10.0)
638: (0.0)
639: (0.0)
640: 525 (8.0)
641: 520 530 (18.0)
642: 529 (10.0)
643: 527 (9.0)
644: 524 526 531 (28.0)
645: 532 (8.0)
646: 528 538 (18.0)
647: (0.0)
648: (0.0)
649: (0.0)
650: (0.0)
651: (0.0)
652: 534 (9.0)
653: 539 540 (20.0)
654: (0.0)
655: 533 535 536 (26.0)
656: (0.0)
657: 537 541 546 549 (35.0)
658: (0.0)
659: (0.0)
660: (0.0)
661: 552 (9.0)
662: 542 (8.0)
663: 543 544 545 547 (35.0)
664: 561 (10.0)
665: 551 560 (19.0)
666: 562 (9.0)
667: 557 (10.0)
668: (0.0)
669: 555 563 (20.0)
670: (0.0)
671: 548 554 558 565 (37.0)
672: 550 (8.0)
673: (0.0)
674: 556 (10.0)
675: 559 (10.0)
676: 569 (8.0)
677: 553 564 (16.0)
678: (0.0)
679: (0.0)
680: (0.0)
681: (0.0)
682: 566 568 (18.0)
683: (0.0)
684: (0.0)
685: 570 576 (19.0)
686: 567 573 577 (28.0)
687: 575 (10.0)
688: (0.0)
689: (0.0)
690: (0.0)
691: 571 (10.0)
692: (0.0)
693: 579 580 581 (26.0)
694: (0.0)
695: 583 (8.0)
696: 572 574 578 584 (33.0)
697: 582 (8.0)
698: (0.0)
699: (0.0)
700: (0.0)
701: (0.0)
702: (0.0)
703: 589 (8.0)
704: 593 597 (16.0)
705: 594 595 596 (28.0)
706: 587 591 (18.0)
707: 586 588 599 (28.0)
708: (0.0)
709: 590 592 (19.0)
710: (0.0)
711: 585 (9.0)
712: (0.0)
713: (0.0)
714: 603 (10.0)
715: (0.0)
716: 598 600 (17.0)
717: (0.0)
718: (0.0)
719: 601 (10.0)
720: (0.0)
721: (0.0)
722: (0.0)
723: (0.0)
724: 604 605 612 614 (37.0)
725: 606 607 (18.0)
726: 608 609 (16.0)
727: 602 (8.0)
728: 613 615 (18.0)
729: 611 618 (20.0)
730: (0.0)
731: 610 (8.0)
732: (0.0)
733: (0.0)
734: (0.0)
735: (0.0)
736: (0.0)
737: (0.0)
738: (0.0)
739: 617 624 (18.0)
740: 616 619 622 (25.0)
741: 621 (8.0)
742: (0.0)
743: (0.0)
744: (0.0)
745: (0.0)
746: 626 (10.0)
747: 620 (10.0)
748: (0.0)
749: (0.0)
750: 623 634 (20.0)
751: (0.0)
752: 625 631 635 (26.0)
753: 627 637 (17.0)
754: (0.0)
755: 629 636 (17.0)
756: 643 (10.0)
757: 630 633 (18.0)
758: (0.0)
759: (0.0)
760: 628 632 642 (26.0)
761: 640 646 (16.0)
762: 638 645 (17.0)
763: (0.0)
764: 641 644 (17.0)
765: (0.0)
766: (0.0)
767: 652 (9.0)
768: (0.0)
769: (0.0)
770: 639 647 651 654 655 (46.0)
771: (0.0)
772: (0.0)
773: (0.0)
774: (0.0)
775: 661 (8.0)
776: (0.0)
777: (0.0)
778: 650 (8.0)
779: 648 656 658 660 (34.0)
780: 649 653 (20.0)
781: (0.0)
782: 662 665 666 (29.0)
783: 657 664 (17.0)
784: (0.0)
785: 663 (9.0)
786: (0.0)
787: 669 (10.0)
788: 671 (9.0)
789: (0.0)
790: 667 (8.0)
791: (0.0)
792: (0.0)
793: 659 (8.0)
794: (0.0)
795: (0.0)
796: (0.0)
797: (0.0)
798: (0.0)
799: 672 677 (19.0)
800: 673 678 (17.0)
801: 668 680 (17.0)
802: (0.0)
803: (0.0)
804: 670 683 (18.0)
805: (0.0)
806: (0.0)
807: 676 (10.0)
808: 675 686 (17.0)
809: 674 681 (17.0)
810: (0.0)
811: 685 (9.0)
812: 682 688 (19.0)
813: 679 689 (18.0)
814: 692 693 (19.0)
815: (0.0)
816: (0.0)
817: (0.0)
818: (0.0)
819: 684 691 696 (26.0)
820: (0.0)
821: (0.0)
822: (0.0)
823: (0.0)
824: 694 695 (18.0)
825: (0.0)
826: 690 697 701 (24.0)
827: 687 (10.0)
828: 698 700 (19.0)
829: 702 705 (17.0)
830: (0.0)
831: 703 (10.0)
832: (0.0)
833: 707 (9.0)
834: 699 704 (18.0)
835: 709 (8.0)
836: (0.0)
837: (0.0)
838: 712 (10.0)
839: 710 711 (16.0)
840: (0.0)
841: (0.0)
842: 706 708 715 (29.0)
843: (0.0)
844: (0.0)
845: (0.0)
846: 713 (10.0)
847: (0.0)
848: (0.0)
849: 716 (8.0)
850: (0.0)
851: (0.0)
852: (0.0)
853: (0.0)
854: 720 (9.0)
855: 717 (10.0)
856: 714 719 (19.0)
857: (0.0)
858: 718 (8.0)
859: 722 725 (20.0)
860: (0.0)
861: (0.0)
862: 721 723 (18.0)
863: (0.0)
864: (0.0)
865: 729 731 (18.0)
866: 724 (10.0)
867: 726 (10.0)
868: (0.0)
869: 734 (9.0)
870: 727 736 (20.0)
871: 728 730 732 738 (33.0)
872: (0.0)
873: (0.0)
874: 733 (9.0)
875: (0.0)
876: 735 739 (16.0)
877: (0.0)
878: (0.0)
879: 737 (10.0)
880: (0.0)
881: (0.0)
882: (0.0)
883: 740 743 744 747 (36.0)
884: 741 742 746 (29.0)
885: (0.0)
886: (0.0)
887: (0.0)
888: (0.0)
889: (0.0)
890: (0.0)
891: (0.0)
892: (0.0)
893: 745 752 (16.0)
894: (0.0)
895: 749 750 (19.0)
896: 748 753 (19.0)
897: (0.0)
898: (0.0)
899: (0.0)
900: (0.0)
901: 755 758 (19.0)
902: 751 (10.0)
903: (0.0)
904: 762 (10.0)
905: (0.0)
906: 756 760 761 764 (35.0)
907: (0.0)
908: 754 759 763 (29.0)
909: (0.0)
910: 757 (10.0)
911: (0.0)
912: (0.0)
913: 765 766 773 (27.0)
914: (0.0)
915: (0.0)
916: (0.0)
917: 768 (10.0)
918: 769 (9.0)
919: (0.0)
920: 770 771 778 (30.0)
921: 776 (10.0)
922: 775 (9.0)
923: (0.0)
924: 767 772 (17.0)
925: (0.0)
926: 779 (10.0)
927: (0.0)
928: (0.0)
929: 785 787 (19.0)
930: 783 786 (17.0)
931: 774 780 781 784 (38.0)
932: 777 (9.0)
933: (0.0)
934: (0.0)
935: 790 791 793 (27.0)
936: (0.0)
937: 795 (10.0)
938: 782 789 792 (26.0)
939: (0.0)
940: (0.0)
941: (0.0)
942: (0.0)
943: 794 (8.0)
944: (0.0)
945: (0.0)
946: 802 (8.0)
947: (0.0)
948: 796 799 (19.0)
949: (0.0)
950: 788 (9.0)
951: 806 (9.0)
952: 797 (9.0)
953: 798 808 (17.0)
954: 800 801 (19.0)
955: (0.0)
956: (0.0)
957: 805 812 813 (28.0)
958: 804 814 (18.0)
959: (0.0)
960: (0.0)
961: 809 810 816 (27.0)
962: (0.0)
963: (0.0)
964: 811 (8.0)
965: 803 819 (17.0)
966: 807 815 (18.0)
967: (0.0)
968: (0.0)
969: 817 (9.0)
970: 821 822 (20.0)
971: (0.0)
972: 825 (9.0)
973: (0.0)
974: (0.0)
975: 826 829 (17.0)
976: 818 820 823 (26.0)
977: (0.0)
978: 828 831 (19.0)
979: (0.0)
980: (0.0)
981: (0.0)
982: (0.0)
983: 824 (9.0)
984: (0.0)
985: 836 838 (19.0)
986: 834 (9.0)
987: 830 833 835 (28.0)
988: (0.0)
989: 827 832 (17.0)
990: 843 (8.0)
991: (0.0)
992: 840 842 (18.0)
993: 839 841 846 848 (38.0)
994: (0.0)
995: (0.0)
996: 837 (10.0)
997: 849 (8.0)
998: 853 (10.0)
999: 844 852 (17.0)
1000: 854 856 (17.0)
1001: (0.0)
1002: (0.0)
1003: 847 (8.0)
1004: (0.0)
1005: 845 850 851 (26.0)
1006: 858 861 (20.0)
1007: (0.0)
1008: (0.0)
1009: 857 862 (18.0)
1010: 855 863 865 866 868 (45.0)
1011: (0.0)
1012: (0.0)
1013: 859 869 (19.0)
1014: (0.0)
1015: (0.0)
1016: 860 (10.0)
1017: (0.0)
1018: 864 870 (18.0)
1019: (0.0)
1020: (0.0)
1021: (0.0)
1022: 877 (8.0)
1023: 872 (10.0)
1024: 878 881 (16.0)
1025: 883 (8.0)
1026: 867 871 882 (27.0)
1027: (0.0)
1028: 874 884 (17.0)
1029: (0.0)
1030: 873 875 879 880 888 (45.0)
1031: (0.0)
1032: 889 892 (17.0)
1033: (0.0)
1034: (0.0)
1035: 887 895 (17.0)
1036: 893 894 (19.0)
1037: 876 897 (17.0)
1038: (0.0)
1039: 890 891 (17.0)
1040: 885 886 (18.0)
1041: (0.0)
1042: (0.0)
1043: (0.0)
1044: (0.0)
1045: (0.0)
1046: 904 (10.0)
1047: (0.0)
1048: 896 (9.0)
1049: (0.0)
1050: 898 (10.0)
1051: 899 (8.0)
1052: 900 (10.0)
1053: 902 905 907 (30.0)
1054: 901 906 (16.0)
1055: (0.0)
1056: (0.0)
1057: 903 910 912 (26.0)
1058: (0.0)
1059: (0.0)
1060: (0.0)
1061: 908 909 (18.0)
1062: (0.0)
1063: 913 (9.0)
1064: (0.0)
1065: 915 (8.0)
1066: (0.0)
1067: 916 (9.0)
1068: (0.0)
1069: (0.0)
1070: 911 914 917 921 (35.0)
1071: (0.0)
1072: 919 (8.0)
1073: 918 (9.0)
1074: (0.0)
1075: (0.0)
1076: 922 (9.0)
1077: 920 (9.0)
1078: (0.0)
1079: 924 926 (16.0)
1080: 925 (9.0)
1081: 931 932 (18.0)
1082: (0.0)
1083: (0.0)
1084: (0.0)
1085: 923 929 (19.0)
1086: (0.0)
1087: 927 930 (18.0)
1088: 928 937 (20.0)
1089: 934 (9.0)
1090: (0.0)
1091: 933 940 (17.0)
1092: (0.0)
1093: (0.0)
1094: (0.0)
1095: 943 (10.0)
1096: 938 (10.0)
1097: (0.0)
1098: 935 936 942 947 (37.0)
1099: 941 945 (18.0)
1100: 939 944 950 (29.0)
1101: (0.0)
1102: 948 (8.0)
1103: (0.0)
1104: (0.0)
1105: 946 (10.0)
1106: 951 952 (18.0)
1107: (0.0)
1108: (0.0)
1109: (0.0)
1110: (0.0)
1111: (0.0)
1112: 953 (10.0)
1113: (0.0)
1114: 949 957 (19.0)
1115: 954 (8.0)
1116: (0.0)
1117: (0.0)
1118: (0.0)
1119: 959 963 (19.0)
1120: 961 964 965 (28.0)
1121: 955 958 968 (28.0)
1122: 956 966 (19.0)
1123: (0.0)
1124: (0.0)
1125: (0.0)
1126: (0.0)
1127: 969 971 974 (29.0)
1128: 960 962 (18.0)
1129: (0.0)
1130: (0.0)
1131: 967 973 977 (24.0)
1132: (0.0)
1133: (0.0)
1134: 976 (10.0)
1135: 970 (9.0)
1136: 972 975 978 (24.0)
1137: (0.0)
1138: 979 (10.0)
1139: (0.0)
1140: (0.0)
1141: 981 982 (18.0)
1142: 980 (9.0)
1143: (0.0)
1144: 983 984 (19.0)
1145: (0.0)
1146: (0.0)
1147: (0.0)
1148: (0.0)
1149: 985 (10.0)
1150: 987 988 (19.0)
1151: 990 (9.0)
1152: 986 (9.0)
1153: (0.0)
1154: (0.0)
1155: (0.0)
1156: (0.0)
1157: (0.0)
1158: (0.0)
1159: 993 (9.0)
1160: (0.0)
1161: 997 (9.0)
1162: (0.0)
1163: 991 999 (17.0)
1164: 996 998 (18.0)
1165: 989 (10.0)
1166: 995 (10.0)
1167: (0.0)
1168: (0.0)
1169: 994 (10.0)
1170: (0.0)
1171: (0.0)
1172: 992 (10.0)
1173: (0.0)
1174: (0.0)
1175: (0.0)
