Name: 1000-50-100
Time: 29.285091876983643 
Result: 18034040
Solution:  9 19 17 23 5 23 18 10 8 28 15 13 28 34 12 18 36 27 27 38 32 32 37 28 38 37 45 43 34 36 42 38 59 36 57 48 45 41 57 48 48 59 47 49 68 56 63 67 66 59 65 57 69 72 62 63 66 82 71 65 89 76 89 73 88 72 72 74 76 97 85 94 89 98 82 104 101 94 102 109 109 109 111 93 100 99 111 115 114 100 104 104 116 114 108 114 119 115 112 115 111 128 123 120 136 137 129 136 140 143 133 125 137 151 156 150 142 160 150 160 160 149 156 149 143 156 162 150 171 160 169 158 151 169 158 165 173 176 163 169 163 175 184 165 186 165 175 185 185 193 187 180 187 188 180 186 200 184 180 187 184 193 184 195 208 203 190 203 195 198 206 207 208 203 198 198 214 207 203 198 208 221 205 210 205 206 208 215 212 215 212 224 210 224 221 212 230 224 215 235 235 226 231 220 230 241 233 237 231 236 231 233 244 256 253 250 235 246 252 251 241 244 253 256 244 248 253 251 269 256 254 253 266 259 266 276 259 261 259 282 281 278 285 281 282 275 274 295 285 286 296 281 296 304 292 300 300 286 309 292 299 295 305 297 299 295 309 315 319 314 314 323 307 330 326 314 319 320 331 319 337 331 331 323 326 323 337 334 341 339 337 332 334 349 342 335 353 334 346 339 340 350 340 348 346 342 354 346 361 351 350 351 363 363 361 370 358 361 373 371 377 356 377 377 379 375 381 371 366 377 382 386 375 389 378 378 379 397 381 396 394 397 386 395 386 393 393 386 397 389 399 411 399 397 409 409 395 394 409 423 413 412 412 423 413 428 417 426 413 413 427 428 426 420 435 431 438 431 428 437 443 432 428 435 441 427 435 432 449 452 443 446 439 438 449 443 449 451 441 459 463 450 460 450 471 451 460 449 463 470 468 460 471 471 466 466 463 460 471 464 483 482 473 474 471 476 481 478 494 477 482 483 482 482 486 491 491 486 498 494 499 503 507 507 494 503 507 492 514 515 500 505 518 515 515 514 504 513 524 515 511 509 527 513 525 519 528 527 522 522 524 542 544 537 528 528 548 538 542 557 557 544 547 538 556 561 548 565 562 561 559 565 559 556 558 573 578 568 584 575 574 575 588 568 578 571 584 587 585 587 583 588 583 593 583 581 596 586 596 601 593 615 602 597 611 600 618 618 616 618 616 622 616 612 630 624 633 615 627 618 633 629 641 641 639 648 642 627 636 633 642 630 631 647 654 642 638 648 646 653 659 647 661 663 661 654 654 656 662 656 670 663 656 654 663 663 674 670 666 661 683 677 679 678 670 686 675 686 689 686 683 697 696 694 678 692 696 695 697 704 700 692 701 694 694 713 701 705 714 696 720 704 717 701 700 716 718 713 721 715 725 717 722 731 726 714 717 731 726 731 724 732 730 732 736 731 726 736 751 736 738 748 736 754 736 752 757 751 738 758 747 754 758 759 748 758 748 759 756 758 752 752 776 759 755 770 757 776 772 761 771 777 783 770 783 776 772 771 783 772 784 781 793 798 779 798 791 784 791 783 791 806 789 796 797 796 793 798 807 798 816 806 810 816 819 819 813 819 804 819 817 825 820 806 819 817 831 832 816 823 826 826 820 838 842 822 841 822 830 842 826 830 840 839 846 832 834 839 854 838 846 854 840 862 856 853 859 864 858 866 863 869 871 866 868 876 869 876 877 882 872 866 883 877 887 880 883 891 880 881 880 898 899 891 891 881 898 907 891 899 902 904 905 899 891 912 915 907 904 893 903 916 902 916 916 913 913 915 922 919 917 916 919 907 912 919 933 913 916 931 920 932 928 937 923 939 926 933 939 943 926 933 937 931 947 937 933 939 937 942 950 955 962 942 943 950 950 967 956 961 967 955 967 970 970 967 976 971 972 986 987 972 971 976 989 973 983 976 980 991 984 991 994 998 989 1009 987 990 1000 1010 1006 1010 1017 1004 1013 1000 1016 1024 1008 1006 1011 1013 1006 1016 1009 1017 1024 1015 1033 1029 1015 1026 1031 1020 1037 1029 1031 1043 1023 1029 1039 1042 1031 1043 1031 1051 1047 1041 1043 1037 1057 1047 1041 1045 1054 1054 1061 1045 1066 1065 1057 1066 1070 1056 1070 1053 1066 1068 1065 1063 1063 1074 1078 1081 1087 1070 1085 1074 1081 1088 1093 1095 1085 1078 1088 1096 1102 1087 1094 1089 1084 1102 1102 1108 1093 1106 1104 1106 1106 1114 1102 1110 1113 1104 1102 1117 1108 1126 1120 1114 1123 1114 1117 1123 1124 1135 1123 1118 1135 1138 1139 1133 1135 1124 1147 1150 1148 1133 1148 1139 1149 1150 1138 1138 1140 1155 1150 1147 1149 1152
0: (0.0)
1: (0.0)
2: (0.0)
3: (0.0)
4: (0.0)
5: 4 (10.0)
6: (0.0)
7: (0.0)
8: 8 (10.0)
9: 0 (10.0)
10: 7 (8.0)
11: (0.0)
12: 14 (9.0)
13: 11 (10.0)
14: (0.0)
15: 10 (10.0)
16: (0.0)
17: 2 (8.0)
18: 6 15 (19.0)
19: 1 (8.0)
20: (0.0)
21: (0.0)
22: (0.0)
23: 3 5 (17.0)
24: (0.0)
25: (0.0)
26: (0.0)
27: 17 18 (18.0)
28: 9 12 23 (27.0)
29: (0.0)
30: (0.0)
31: (0.0)
32: 20 21 (16.0)
33: (0.0)
34: 13 28 (17.0)
35: (0.0)
36: 16 29 33 (27.0)
37: 22 25 (18.0)
38: 19 24 31 (25.0)
39: (0.0)
40: (0.0)
41: 37 (10.0)
42: 30 (10.0)
43: 27 (8.0)
44: (0.0)
45: 26 36 (18.0)
46: (0.0)
47: 42 (9.0)
48: 35 39 40 (26.0)
49: 43 (9.0)
50: (0.0)
51: (0.0)
52: (0.0)
53: (0.0)
54: (0.0)
55: (0.0)
56: 45 (8.0)
57: 34 38 51 (27.0)
58: (0.0)
59: 32 41 49 (26.0)
60: (0.0)
61: (0.0)
62: 54 (9.0)
63: 46 55 (17.0)
64: (0.0)
65: 50 59 (20.0)
66: 48 56 (19.0)
67: 47 (10.0)
68: 44 (8.0)
69: 52 (8.0)
70: (0.0)
71: 58 (8.0)
72: 53 65 66 (27.0)
73: 63 (10.0)
74: 67 (9.0)
75: (0.0)
76: 61 68 (19.0)
77: (0.0)
78: (0.0)
79: (0.0)
80: (0.0)
81: (0.0)
82: 57 74 (18.0)
83: (0.0)
84: (0.0)
85: 70 (10.0)
86: (0.0)
87: (0.0)
88: 64 (8.0)
89: 60 62 72 (29.0)
90: (0.0)
91: (0.0)
92: (0.0)
93: 83 (10.0)
94: 71 77 (17.0)
95: (0.0)
96: (0.0)
97: 69 (8.0)
98: 73 (9.0)
99: 85 (8.0)
100: 84 89 (19.0)
101: 76 (9.0)
102: 78 (10.0)
103: (0.0)
104: 75 90 91 (26.0)
105: (0.0)
106: (0.0)
107: (0.0)
108: 94 (8.0)
109: 79 80 81 (27.0)
110: (0.0)
111: 82 86 100 (28.0)
112: 98 (9.0)
113: (0.0)
114: 88 93 95 (25.0)
115: 87 97 99 (28.0)
116: 92 (9.0)
117: (0.0)
118: (0.0)
119: 96 (8.0)
120: 103 (8.0)
121: (0.0)
122: (0.0)
123: 102 (8.0)
124: (0.0)
125: 111 (8.0)
126: (0.0)
127: (0.0)
128: 101 (10.0)
129: 106 (8.0)
130: (0.0)
131: (0.0)
132: (0.0)
133: 110 (10.0)
134: (0.0)
135: (0.0)
136: 104 107 (18.0)
137: 105 112 (18.0)
138: (0.0)
139: (0.0)
140: 108 (9.0)
141: (0.0)
142: 116 (9.0)
143: 109 124 (17.0)
144: (0.0)
145: (0.0)
146: (0.0)
147: (0.0)
148: (0.0)
149: 121 123 (20.0)
150: 115 118 127 (29.0)
151: 113 132 (18.0)
152: (0.0)
153: (0.0)
154: (0.0)
155: (0.0)
156: 114 122 125 (26.0)
157: (0.0)
158: 131 134 (19.0)
159: (0.0)
160: 117 119 120 129 (33.0)
161: (0.0)
162: 126 (9.0)
163: 138 140 (18.0)
164: (0.0)
165: 135 143 145 (26.0)
166: (0.0)
167: (0.0)
168: (0.0)
169: 130 133 139 (28.0)
170: (0.0)
171: 128 (8.0)
172: (0.0)
173: 136 (10.0)
174: (0.0)
175: 141 146 (16.0)
176: 137 (10.0)
177: (0.0)
178: (0.0)
179: (0.0)
180: 151 154 158 (27.0)
181: (0.0)
182: (0.0)
183: (0.0)
184: 142 157 160 162 (34.0)
185: 147 148 (19.0)
186: 144 155 (17.0)
187: 150 152 159 (26.0)
188: 153 (8.0)
189: (0.0)
190: 166 (10.0)
191: (0.0)
192: (0.0)
193: 149 161 (16.0)
194: (0.0)
195: 163 168 (19.0)
196: (0.0)
197: (0.0)
198: 169 174 175 179 (34.0)
199: (0.0)
200: 156 (8.0)
201: (0.0)
202: (0.0)
203: 165 167 173 178 (36.0)
204: (0.0)
205: 182 184 (18.0)
206: 170 185 (19.0)
207: 171 177 (17.0)
208: 164 172 180 186 (36.0)
209: (0.0)
210: 183 192 (16.0)
211: (0.0)
212: 188 190 195 (26.0)
213: (0.0)
214: 176 (8.0)
215: 187 189 198 (25.0)
216: (0.0)
217: (0.0)
218: (0.0)
219: (0.0)
220: 203 (9.0)
221: 181 194 (19.0)
222: (0.0)
223: (0.0)
224: 191 193 197 (25.0)
225: (0.0)
226: 201 (8.0)
227: (0.0)
228: (0.0)
229: (0.0)
230: 196 204 (20.0)
231: 202 208 210 (26.0)
232: (0.0)
233: 206 211 (17.0)
234: (0.0)
235: 199 200 216 (26.0)
236: 209 (8.0)
237: 207 (8.0)
238: (0.0)
239: (0.0)
240: (0.0)
241: 205 220 (20.0)
242: (0.0)
243: (0.0)
244: 212 221 224 (30.0)
245: (0.0)
246: 217 (9.0)
247: (0.0)
248: 225 (10.0)
249: (0.0)
250: 215 (9.0)
251: 219 227 (18.0)
252: 218 (10.0)
253: 214 222 226 231 (33.0)
254: 230 (8.0)
255: (0.0)
256: 213 223 229 (28.0)
257: (0.0)
258: (0.0)
259: 233 236 238 (26.0)
260: (0.0)
261: 237 (8.0)
262: (0.0)
263: (0.0)
264: (0.0)
265: (0.0)
266: 232 234 (16.0)
267: (0.0)
268: (0.0)
269: 228 (8.0)
270: (0.0)
271: (0.0)
272: (0.0)
273: (0.0)
274: 246 (9.0)
275: 245 (10.0)
276: 235 (10.0)
277: (0.0)
278: 241 (8.0)
279: (0.0)
280: (0.0)
281: 240 243 251 (27.0)
282: 239 244 (19.0)
283: (0.0)
284: (0.0)
285: 242 248 (19.0)
286: 249 257 (20.0)
287: (0.0)
288: (0.0)
289: (0.0)
290: (0.0)
291: (0.0)
292: 254 259 (18.0)
293: (0.0)
294: (0.0)
295: 247 261 265 (26.0)
296: 250 252 (17.0)
297: 263 (9.0)
298: (0.0)
299: 260 264 (18.0)
300: 255 256 (17.0)
301: (0.0)
302: (0.0)
303: (0.0)
304: 253 (8.0)
305: 262 (9.0)
306: (0.0)
307: 272 (9.0)
308: (0.0)
309: 258 266 (17.0)
310: (0.0)
311: (0.0)
312: (0.0)
313: (0.0)
314: 269 270 275 (26.0)
315: 267 (10.0)
316: (0.0)
317: (0.0)
318: (0.0)
319: 268 276 279 (29.0)
320: 277 (8.0)
321: (0.0)
322: (0.0)
323: 271 283 285 (28.0)
324: (0.0)
325: (0.0)
326: 274 284 (19.0)
327: (0.0)
328: (0.0)
329: (0.0)
330: 273 (10.0)
331: 278 281 282 (25.0)
332: 291 (9.0)
333: (0.0)
334: 287 292 297 (26.0)
335: 295 (8.0)
336: (0.0)
337: 280 286 290 (27.0)
338: (0.0)
339: 289 299 (18.0)
340: 300 302 (18.0)
341: 288 (9.0)
342: 294 305 (18.0)
343: (0.0)
344: (0.0)
345: (0.0)
346: 298 304 307 (27.0)
347: (0.0)
348: 303 (8.0)
349: 293 (9.0)
350: 301 310 (19.0)
351: 309 311 (19.0)
352: (0.0)
353: 296 (10.0)
354: 306 (9.0)
355: (0.0)
356: 321 (9.0)
357: (0.0)
358: 316 (8.0)
359: (0.0)
360: (0.0)
361: 308 314 317 (30.0)
362: (0.0)
363: 312 313 (16.0)
364: (0.0)
365: (0.0)
366: 328 (8.0)
367: (0.0)
368: (0.0)
369: (0.0)
370: 315 (9.0)
371: 319 327 (20.0)
372: (0.0)
373: 318 (10.0)
374: (0.0)
375: 325 332 (17.0)
376: (0.0)
377: 320 322 323 329 (34.0)
378: 334 335 (18.0)
379: 324 336 (18.0)
380: (0.0)
381: 326 338 (17.0)
382: 330 (10.0)
383: (0.0)
384: (0.0)
385: (0.0)
386: 331 342 344 347 (37.0)
387: (0.0)
388: (0.0)
389: 333 349 (17.0)
390: (0.0)
391: (0.0)
392: (0.0)
393: 345 346 (17.0)
394: 340 357 (19.0)
395: 343 356 (20.0)
396: 339 (10.0)
397: 337 341 348 353 (35.0)
398: (0.0)
399: 350 352 (17.0)
400: (0.0)
401: (0.0)
402: (0.0)
403: (0.0)
404: (0.0)
405: (0.0)
406: (0.0)
407: (0.0)
408: (0.0)
409: 354 355 358 (26.0)
410: (0.0)
411: 351 (9.0)
412: 361 362 (19.0)
413: 360 364 368 369 (35.0)
414: (0.0)
415: (0.0)
416: (0.0)
417: 366 (10.0)
418: (0.0)
419: (0.0)
420: 373 (9.0)
421: (0.0)
422: (0.0)
423: 359 363 (17.0)
424: (0.0)
425: (0.0)
426: 367 372 (17.0)
427: 370 385 (20.0)
428: 365 371 378 382 (36.0)
429: (0.0)
430: (0.0)
431: 375 377 (17.0)
432: 381 387 (18.0)
433: (0.0)
434: (0.0)
435: 374 383 386 (27.0)
436: (0.0)
437: 379 (10.0)
438: 376 393 (18.0)
439: 392 (8.0)
440: (0.0)
441: 384 398 (20.0)
442: (0.0)
443: 380 390 395 (26.0)
444: (0.0)
445: (0.0)
446: 391 (9.0)
447: (0.0)
448: (0.0)
449: 388 394 396 407 (35.0)
450: 401 403 (19.0)
451: 397 405 (18.0)
452: 389 (10.0)
453: (0.0)
454: (0.0)
455: (0.0)
456: (0.0)
457: (0.0)
458: (0.0)
459: 399 (8.0)
460: 402 406 411 417 (33.0)
461: (0.0)
462: (0.0)
463: 400 408 416 (29.0)
464: 419 (10.0)
465: (0.0)
466: 414 415 (19.0)
467: (0.0)
468: 410 (8.0)
469: (0.0)
470: 409 (10.0)
471: 404 412 413 418 424 (45.0)
472: (0.0)
473: 422 (10.0)
474: 423 (8.0)
475: (0.0)
476: 425 (9.0)
477: 429 (9.0)
478: 427 (9.0)
479: (0.0)
480: (0.0)
481: 426 (9.0)
482: 421 430 432 433 (35.0)
483: 420 431 (18.0)
484: (0.0)
485: (0.0)
486: 434 437 (17.0)
487: (0.0)
488: (0.0)
489: (0.0)
490: (0.0)
491: 435 436 (20.0)
492: 447 (8.0)
493: (0.0)
494: 428 439 444 (27.0)
495: (0.0)
496: (0.0)
497: (0.0)
498: 438 (10.0)
499: 440 (10.0)
500: 450 (9.0)
501: (0.0)
502: (0.0)
503: 441 445 (18.0)
504: 456 (9.0)
505: 451 (10.0)
506: (0.0)
507: 442 443 446 (27.0)
508: (0.0)
509: 461 (10.0)
510: (0.0)
511: 460 (8.0)
512: (0.0)
513: 457 463 (19.0)
514: 448 455 (18.0)
515: 449 453 454 459 (35.0)
516: (0.0)
517: (0.0)
518: 452 (10.0)
519: 465 (10.0)
520: (0.0)
521: (0.0)
522: 468 469 (18.0)
523: (0.0)
524: 458 470 (17.0)
525: 464 (8.0)
526: (0.0)
527: 462 467 (17.0)
528: 466 474 475 (28.0)
529: (0.0)
530: (0.0)
531: (0.0)
532: (0.0)
533: (0.0)
534: (0.0)
535: (0.0)
536: (0.0)
537: 473 (10.0)
538: 477 483 (19.0)
539: (0.0)
540: (0.0)
541: (0.0)
542: 471 478 (17.0)
543: (0.0)
544: 472 481 (18.0)
545: (0.0)
546: (0.0)
547: 482 (8.0)
548: 476 486 (20.0)
549: (0.0)
550: (0.0)
551: (0.0)
552: (0.0)
553: (0.0)
554: (0.0)
555: (0.0)
556: 484 493 (19.0)
557: 479 480 (19.0)
558: 494 (9.0)
559: 490 492 (18.0)
560: (0.0)
561: 485 489 (16.0)
562: 488 (10.0)
563: (0.0)
564: (0.0)
565: 487 491 (19.0)
566: (0.0)
567: (0.0)
568: 497 503 (16.0)
569: (0.0)
570: (0.0)
571: 505 (9.0)
572: (0.0)
573: 495 (10.0)
574: 500 (8.0)
575: 499 501 (16.0)
576: (0.0)
577: (0.0)
578: 496 504 (17.0)
579: (0.0)
580: (0.0)
581: 515 (8.0)
582: (0.0)
583: 510 512 514 (26.0)
584: 498 506 (19.0)
585: 508 (8.0)
586: 517 (8.0)
587: 507 509 (16.0)
588: 502 511 (19.0)
589: (0.0)
590: (0.0)
591: (0.0)
592: (0.0)
593: 513 520 (18.0)
594: (0.0)
595: (0.0)
596: 516 518 (20.0)
597: 523 (10.0)
598: (0.0)
599: (0.0)
600: 525 (9.0)
601: 519 (9.0)
602: 522 (8.0)
603: (0.0)
604: (0.0)
605: (0.0)
606: (0.0)
607: (0.0)
608: (0.0)
609: (0.0)
610: (0.0)
611: 524 (10.0)
612: 533 (8.0)
613: (0.0)
614: (0.0)
615: 521 537 (17.0)
616: 528 530 532 (28.0)
617: (0.0)
618: 526 527 529 539 (35.0)
619: (0.0)
620: (0.0)
621: (0.0)
622: 531 (9.0)
623: (0.0)
624: 535 (8.0)
625: (0.0)
626: (0.0)
627: 538 547 (20.0)
628: (0.0)
629: 541 (10.0)
630: 534 551 (16.0)
631: 552 (10.0)
632: (0.0)
633: 536 540 549 (27.0)
634: (0.0)
635: (0.0)
636: 548 (8.0)
637: (0.0)
638: 556 (8.0)
639: 544 (10.0)
640: (0.0)
641: 542 543 (18.0)
642: 546 550 555 (25.0)
643: (0.0)
644: (0.0)
645: (0.0)
646: 558 (8.0)
647: 553 561 (19.0)
648: 545 557 (18.0)
649: (0.0)
650: (0.0)
651: (0.0)
652: (0.0)
653: 559 (10.0)
654: 554 565 566 573 (34.0)
655: (0.0)
656: 567 569 572 (26.0)
657: (0.0)
658: (0.0)
659: 560 (10.0)
660: (0.0)
661: 562 564 579 (29.0)
662: 568 (8.0)
663: 563 571 574 575 (34.0)
664: (0.0)
665: (0.0)
666: 578 (9.0)
667: (0.0)
668: (0.0)
669: (0.0)
670: 570 577 584 (27.0)
671: (0.0)
672: (0.0)
673: (0.0)
674: 576 (8.0)
675: 586 (10.0)
676: (0.0)
677: 581 (9.0)
678: 583 594 (19.0)
679: 582 (8.0)
680: (0.0)
681: (0.0)
682: (0.0)
683: 580 590 (16.0)
684: (0.0)
685: (0.0)
686: 585 587 589 (25.0)
687: (0.0)
688: (0.0)
689: 588 (8.0)
690: (0.0)
691: (0.0)
692: 595 601 (17.0)
693: (0.0)
694: 593 603 604 (29.0)
695: 597 (10.0)
696: 592 596 609 (27.0)
697: 591 598 (17.0)
698: (0.0)
699: (0.0)
700: 600 614 (17.0)
701: 602 606 613 (25.0)
702: (0.0)
703: (0.0)
704: 599 611 (19.0)
705: 607 (10.0)
706: (0.0)
707: (0.0)
708: (0.0)
709: (0.0)
710: (0.0)
711: (0.0)
712: (0.0)
713: 605 617 (17.0)
714: 608 625 (19.0)
715: 619 (9.0)
716: 615 (8.0)
717: 612 621 626 (27.0)
718: 616 (8.0)
719: (0.0)
720: 610 (8.0)
721: 618 (9.0)
722: 622 (9.0)
723: (0.0)
724: 630 (8.0)
725: 620 (9.0)
726: 624 628 636 (29.0)
727: (0.0)
728: (0.0)
729: (0.0)
730: 632 (8.0)
731: 623 627 629 635 (34.0)
732: 631 633 (17.0)
733: (0.0)
734: (0.0)
735: (0.0)
736: 634 637 639 642 644 (46.0)
737: (0.0)
738: 640 648 (18.0)
739: (0.0)
740: (0.0)
741: (0.0)
742: (0.0)
743: (0.0)
744: (0.0)
745: (0.0)
746: (0.0)
747: 650 (8.0)
748: 641 654 656 (28.0)
749: (0.0)
750: (0.0)
751: 638 647 (20.0)
752: 645 660 661 (28.0)
753: (0.0)
754: 643 651 (18.0)
755: 664 (8.0)
756: 658 (9.0)
757: 646 666 (18.0)
758: 649 652 655 659 (36.0)
759: 653 657 663 (27.0)
760: (0.0)
761: 669 (9.0)
762: (0.0)
763: (0.0)
764: (0.0)
765: (0.0)
766: (0.0)
767: (0.0)
768: (0.0)
769: (0.0)
770: 665 673 (17.0)
771: 670 677 (18.0)
772: 668 676 679 (26.0)
773: (0.0)
774: (0.0)
775: (0.0)
776: 662 667 675 (27.0)
777: 671 (10.0)
778: (0.0)
779: 684 (9.0)
780: (0.0)
781: 681 (9.0)
782: (0.0)
783: 672 674 678 689 (33.0)
784: 680 687 (20.0)
785: (0.0)
786: (0.0)
787: (0.0)
788: (0.0)
789: 692 (9.0)
790: (0.0)
791: 686 688 690 (25.0)
792: (0.0)
793: 682 696 (18.0)
794: (0.0)
795: (0.0)
796: 693 695 (19.0)
797: 694 (10.0)
798: 683 685 697 699 (33.0)
799: (0.0)
800: (0.0)
801: (0.0)
802: (0.0)
803: (0.0)
804: 708 (8.0)
805: (0.0)
806: 691 701 713 (27.0)
807: 698 (10.0)
808: (0.0)
809: (0.0)
810: 702 (8.0)
811: (0.0)
812: (0.0)
813: 706 (10.0)
814: (0.0)
815: (0.0)
816: 700 703 718 (27.0)
817: 710 715 (17.0)
818: (0.0)
819: 704 705 707 709 714 (44.0)
820: 712 722 (18.0)
821: (0.0)
822: 725 727 (19.0)
823: 719 (10.0)
824: (0.0)
825: 711 (9.0)
826: 720 721 730 (26.0)
827: (0.0)
828: (0.0)
829: (0.0)
830: 728 731 (18.0)
831: 716 (9.0)
832: 717 735 (18.0)
833: (0.0)
834: 736 (9.0)
835: (0.0)
836: (0.0)
837: (0.0)
838: 723 739 (17.0)
839: 733 737 (18.0)
840: 732 742 (18.0)
841: 726 (10.0)
842: 724 729 (17.0)
843: (0.0)
844: (0.0)
845: (0.0)
846: 734 740 (19.0)
847: (0.0)
848: (0.0)
849: (0.0)
850: (0.0)
851: (0.0)
852: (0.0)
853: 745 (9.0)
854: 738 741 (17.0)
855: (0.0)
856: 744 (10.0)
857: (0.0)
858: 748 (9.0)
859: 746 (10.0)
860: (0.0)
861: (0.0)
862: 743 (9.0)
863: 750 (9.0)
864: 747 (8.0)
865: (0.0)
866: 749 753 761 (30.0)
867: (0.0)
868: 754 (9.0)
869: 751 756 (19.0)
870: (0.0)
871: 752 (8.0)
872: 760 (8.0)
873: (0.0)
874: (0.0)
875: (0.0)
876: 755 757 (17.0)
877: 758 763 (17.0)
878: (0.0)
879: (0.0)
880: 765 768 770 (26.0)
881: 769 775 (20.0)
882: 759 (10.0)
883: 762 766 (18.0)
884: (0.0)
885: (0.0)
886: (0.0)
887: 764 (9.0)
888: (0.0)
889: (0.0)
890: (0.0)
891: 767 773 774 778 784 (44.0)
892: (0.0)
893: 789 (10.0)
894: (0.0)
895: (0.0)
896: (0.0)
897: (0.0)
898: 771 776 (18.0)
899: 772 779 783 (29.0)
900: (0.0)
901: (0.0)
902: 780 792 (17.0)
903: 790 (8.0)
904: 781 788 (20.0)
905: 782 (9.0)
906: (0.0)
907: 777 787 803 (27.0)
908: (0.0)
909: (0.0)
910: (0.0)
911: (0.0)
912: 785 804 (18.0)
913: 795 796 807 (27.0)
914: (0.0)
915: 786 797 (17.0)
916: 791 793 794 801 808 (45.0)
917: 800 (8.0)
918: (0.0)
919: 799 802 805 (28.0)
920: 810 (9.0)
921: (0.0)
922: 798 (9.0)
923: 814 (8.0)
924: (0.0)
925: (0.0)
926: 816 820 (17.0)
927: (0.0)
928: 812 (9.0)
929: (0.0)
930: (0.0)
931: 809 823 (18.0)
932: 811 (9.0)
933: 806 817 821 826 (34.0)
934: (0.0)
935: (0.0)
936: (0.0)
937: 813 822 825 828 (36.0)
938: (0.0)
939: 815 818 827 (28.0)
940: (0.0)
941: (0.0)
942: 829 833 (18.0)
943: 819 834 (18.0)
944: (0.0)
945: (0.0)
946: (0.0)
947: 824 (10.0)
948: (0.0)
949: (0.0)
950: 830 835 836 (27.0)
951: (0.0)
952: (0.0)
953: (0.0)
954: (0.0)
955: 831 841 (19.0)
956: 838 (8.0)
957: (0.0)
958: (0.0)
959: (0.0)
960: (0.0)
961: 839 (9.0)
962: 832 (10.0)
963: (0.0)
964: (0.0)
965: (0.0)
966: (0.0)
967: 837 840 842 845 (36.0)
968: (0.0)
969: (0.0)
970: 843 844 (19.0)
971: 847 852 (18.0)
972: 848 851 (17.0)
973: 855 (10.0)
974: (0.0)
975: (0.0)
976: 846 853 857 (28.0)
977: (0.0)
978: (0.0)
979: (0.0)
980: 858 (8.0)
981: (0.0)
982: (0.0)
983: 856 (8.0)
984: 860 (8.0)
985: (0.0)
986: 849 (10.0)
987: 850 866 (19.0)
988: (0.0)
989: 854 864 (19.0)
990: 867 (9.0)
991: 859 861 (17.0)
992: (0.0)
993: (0.0)
994: 862 (8.0)
995: (0.0)
996: (0.0)
997: (0.0)
998: 863 (8.0)
999: (0.0)
1000: 868 875 (19.0)
1001: (0.0)
1002: (0.0)
1003: (0.0)
1004: 873 (10.0)
1005: (0.0)
1006: 870 879 882 (29.0)
1007: (0.0)
1008: 878 (8.0)
1009: 865 884 (19.0)
1010: 869 871 (18.0)
1011: 880 (8.0)
1012: (0.0)
1013: 874 881 (20.0)
1014: (0.0)
1015: 887 890 (17.0)
1016: 876 883 (17.0)
1017: 872 885 (20.0)
1018: (0.0)
1019: (0.0)
1020: 893 (8.0)
1021: (0.0)
1022: (0.0)
1023: 898 (8.0)
1024: 877 886 (18.0)
1025: (0.0)
1026: 891 (8.0)
1027: (0.0)
1028: (0.0)
1029: 889 895 899 (29.0)
1030: (0.0)
1031: 892 896 902 904 (35.0)
1032: (0.0)
1033: 888 (9.0)
1034: (0.0)
1035: (0.0)
1036: (0.0)
1037: 894 909 (17.0)
1038: (0.0)
1039: 900 (9.0)
1040: (0.0)
1041: 907 912 (19.0)
1042: 901 (10.0)
1043: 897 903 908 (26.0)
1044: (0.0)
1045: 913 917 (18.0)
1046: (0.0)
1047: 906 911 (17.0)
1048: (0.0)
1049: (0.0)
1050: (0.0)
1051: 905 (8.0)
1052: (0.0)
1053: 925 (8.0)
1054: 914 915 (19.0)
1055: (0.0)
1056: 923 (9.0)
1057: 910 920 (19.0)
1058: (0.0)
1059: (0.0)
1060: (0.0)
1061: 916 (8.0)
1062: (0.0)
1063: 929 930 (17.0)
1064: (0.0)
1065: 919 928 (20.0)
1066: 918 921 926 (28.0)
1067: (0.0)
1068: 927 (10.0)
1069: (0.0)
1070: 922 924 935 (26.0)
1071: (0.0)
1072: (0.0)
1073: (0.0)
1074: 931 937 (19.0)
1075: (0.0)
1076: (0.0)
1077: (0.0)
1078: 932 943 (19.0)
1079: (0.0)
1080: (0.0)
1081: 933 938 (20.0)
1082: (0.0)
1083: (0.0)
1084: 950 (10.0)
1085: 936 942 (17.0)
1086: (0.0)
1087: 934 947 (16.0)
1088: 939 944 (16.0)
1089: 949 (8.0)
1090: (0.0)
1091: (0.0)
1092: (0.0)
1093: 940 954 (18.0)
1094: 948 (10.0)
1095: 941 (9.0)
1096: 945 (10.0)
1097: (0.0)
1098: (0.0)
1099: (0.0)
1100: (0.0)
1101: (0.0)
1102: 946 951 952 960 964 (48.0)
1103: (0.0)
1104: 956 963 (18.0)
1105: (0.0)
1106: 955 957 958 (28.0)
1107: (0.0)
1108: 953 966 (20.0)
1109: (0.0)
1110: 961 (9.0)
1111: (0.0)
1112: (0.0)
1113: 962 (8.0)
1114: 959 969 971 (28.0)
1115: (0.0)
1116: (0.0)
1117: 965 972 (18.0)
1118: 977 (10.0)
1119: (0.0)
1120: 968 (8.0)
1121: (0.0)
1122: (0.0)
1123: 970 973 976 (27.0)
1124: 974 983 (18.0)
1125: (0.0)
1126: 967 (10.0)
1127: (0.0)
1128: (0.0)
1129: (0.0)
1130: (0.0)
1131: (0.0)
1132: (0.0)
1133: 981 987 (18.0)
1134: (0.0)
1135: 975 978 982 (26.0)
1136: (0.0)
1137: (0.0)
1138: 979 992 993 (26.0)
1139: 980 989 (19.0)
1140: 994 (9.0)
1141: (0.0)
1142: (0.0)
1143: (0.0)
1144: (0.0)
1145: (0.0)
1146: (0.0)
1147: 984 997 (18.0)
1148: 986 988 (16.0)
1149: 990 998 (19.0)
1150: 985 991 996 (26.0)
1151: (0.0)
1152: 999 (8.0)
1153: (0.0)
1154: (0.0)
1155: 995 (10.0)
1156: (0.0)
1157: (0.0)
1158: (0.0)
1159: (0.0)
1160: (0.0)
1161: (0.0)
1162: (0.0)
1163: (0.0)
1164: (0.0)
1165: (0.0)
1166: (0.0)
