Name: 1000-10-50
Time: 27.90041208267212 
Result: 200027
Solution:  5 1 16 15 12 9 7 12 18 20 27 14 25 22 24 32 29 38 21 36 28 32 38 25 26 28 27 37 38 33 35 37 44 39 42 42 43 48 48 46 51 51 56 44 53 48 59 57 54 54 61 60 59 60 58 69 61 67 72 69 66 83 87 71 75 75 76 73 88 77 79 90 86 84 86 91 84 93 98 89 92 89 98 87 91 97 90 95 98 92 106 95 107 102 97 103 108 115 109 107 106 116 120 111 109 121 120 124 126 116 119 121 118 126 134 123 138 132 133 137 134 151 137 142 139 146 154 150 146 155 151 163 152 160 150 164 162 167 160 158 161 164 161 167 176 170 162 163 179 168 176 172 171 178 185 183 189 179 180 188 185 183 181 194 191 195 194 198 188 193 200 202 200 196 207 204 208 203 212 210 198 200 215 202 209 211 217 215 209 223 224 209 219 211 217 222 231 220 224 225 223 221 222 235 232 229 231 230 231 241 240 232 235 249 243 246 251 252 241 241 240 244 247 243 249 253 247 250 263 252 258 257 257 269 273 260 264 265 275 263 275 266 278 270 279 268 266 271 268 273 281 274 278 283 276 282 290 292 285 291 289 302 289 302 296 299 299 298 302 303 304 308 306 305 314 311 306 308 313 325 319 327 324 319 322 318 321 328 329 321 331 334 335 342 326 333 345 335 337 342 336 343 347 343 341 350 345 351 341 345 343 353 363 348 347 352 359 360 352 362 359 366 355 362 356 365 360 356 368 364 371 374 367 364 380 370 376 369 377 379 387 382 381 380 381 389 391 399 386 386 397 390 399 396 396 400 397 396 401 400 415 413 406 405 411 407 414 406 411 411 414 416 418 425 424 417 419 423 421 423 430 425 429 426 423 438 430 442 437 434 439 436 446 445 445 447 447 441 442 440 443 449 450 451 448 448 456 464 456 457 451 457 458 458 455 463 463 459 459 468 462 474 470 468 469 470 469 481 474 480 488 482 481 489 488 484 494 485 493 497 498 489 492 507 494 505 498 512 510 513 505 508 511 511 508 507 524 517 519 518 514 523 521 519 518 528 528 524 531 521 526 531 539 533 542 530 538 548 539 545 536 547 535 544 547 539 542 558 550 556 560 555 544 563 558 550 548 561 564 561 556 570 556 569 570 571 568 559 562 562 563 574 571 564 582 580 577 580 581 582 577 585 579 578 580 581 588 589 588 584 589 595 590 597 592 594 593 596 591 591 597 603 595 600 602 606 607 613 607 602 606 609 605 611 612 615 614 622 615 618 632 626 619 620 621 624 635 634 626 629 636 635 632 650 638 634 641 652 648 638 641 646 643 640 653 646 653 651 656 648 659 667 652 657 663 662 671 660 667 663 665 668 681 673 679 668 683 674 678 676 685 681 680 677 691 684 680 688 690 690 687 703 702 699 692 695 702 693 704 694 706 701 711 705 710 714 716 722 706 707 718 719 725 716 715 717 726 730 715 729 722 725 720 727 736 723 732 735 732 730 727 731 731 743 739 738 735 747 741 743 748 739 753 746 746 741 751 749 744 757 756 748 749 760 764 753 758 762 764 752 752 756 758 755 763 775 766 762 770 773 778 775 779 786 781 776 771 783 774 779 777 782 782 786 792 780 795 792 790 791 794 801 802 799 793 796 799 802 795 796 797 806 804 803 804 805 815 813 820 826 812 820 814 826 823 819 819 814 827 824 828 823 838 825 835 836 837 835 845 839 851 839 848 849 845 853 851 850 859 846 858 851 850 852 863 859 854 855 855 858 866 875 865 872 864 870 874 875 877 880 876 888 878 876 880 889 879 885 893 883 894 893 884 889 892 894 903 894 901 897 900 898 903 893 904 911 909 906 910 904 906 917 914 915 921 927 930 919 920 917 924 919 930 927 929 926 934 936 936 929 933 935 939 935 943 934 941 939 955 939 959 949 952 957 949 959 956 952 956 957 957 961 965 957 971 965 959 961 967 969 970 973 969 974 980 981 971 973 976 980 994 985 978 986 988 988 995 986 992 1000 989 997 1006 999 1000 997 1014 1011 1013 1013 1006 1008 1026 1014 1020 1021 1021 1028 1017 1029 1040 1031 1032 1025 1030 1032 1042 1029 1033 1047 1049 1036 1042 1052 1035 1034 1034 1043 1050 1049 1039 1047 1041 1056 1046 1057 1057 1056 1050 1063 1051 1052 1064 1059 1065 1058 1065 1059 1068 1064 1079 1069 1069 1070 1066 1077 1076 1081 1083 1075 1082 1077 1079 1079 1087 1087 1092 1104 1095 1095 1091 1095 1096 1096 1103 1106 1095 1114 1105 1106 1112 1110 1112 1105 1113 1120 1116 1113 1117 1119 1117 1122 1122 1131 1126 1125 1132 1125 1129 1132
0: (0.0)
1: 1 (9.0)
2: (0.0)
3: (0.0)
4: (0.0)
5: 0 (9.0)
6: (0.0)
7: 6 (10.0)
8: (0.0)
9: 5 (10.0)
10: (0.0)
11: (0.0)
12: 4 7 (17.0)
13: (0.0)
14: 11 (10.0)
15: 3 (10.0)
16: 2 (8.0)
17: (0.0)
18: 8 (9.0)
19: (0.0)
20: 9 (10.0)
21: 18 (10.0)
22: 13 (8.0)
23: (0.0)
24: 14 (10.0)
25: 12 23 (18.0)
26: 24 (10.0)
27: 10 26 (17.0)
28: 20 25 (17.0)
29: 16 (10.0)
30: (0.0)
31: (0.0)
32: 15 21 (18.0)
33: 29 (10.0)
34: (0.0)
35: 30 (10.0)
36: 19 (10.0)
37: 27 31 (16.0)
38: 17 22 28 (27.0)
39: 33 (10.0)
40: (0.0)
41: (0.0)
42: 34 35 (16.0)
43: 36 (9.0)
44: 32 43 (17.0)
45: (0.0)
46: 39 (10.0)
47: (0.0)
48: 37 38 45 (27.0)
49: (0.0)
50: (0.0)
51: 40 41 (18.0)
52: (0.0)
53: 44 (8.0)
54: 48 49 (18.0)
55: (0.0)
56: 42 (10.0)
57: 47 (10.0)
58: 54 (10.0)
59: 46 52 (18.0)
60: 51 53 (17.0)
61: 50 56 (17.0)
62: (0.0)
63: (0.0)
64: (0.0)
65: (0.0)
66: 60 (10.0)
67: 57 (10.0)
68: (0.0)
69: 55 59 (19.0)
70: (0.0)
71: 63 (10.0)
72: 58 (9.0)
73: 67 (10.0)
74: (0.0)
75: 64 65 (17.0)
76: 66 (10.0)
77: 69 (8.0)
78: (0.0)
79: 70 (10.0)
80: (0.0)
81: (0.0)
82: (0.0)
83: 61 (10.0)
84: 73 76 (17.0)
85: (0.0)
86: 72 74 (18.0)
87: 62 83 (18.0)
88: 68 (10.0)
89: 79 81 (20.0)
90: 71 86 (18.0)
91: 75 84 (17.0)
92: 80 89 (18.0)
93: 77 (10.0)
94: (0.0)
95: 87 91 (17.0)
96: (0.0)
97: 85 94 (18.0)
98: 78 82 88 (27.0)
99: (0.0)
100: (0.0)
101: (0.0)
102: 93 (10.0)
103: 95 (9.0)
104: (0.0)
105: (0.0)
106: 90 100 (18.0)
107: 92 99 (19.0)
108: 96 (10.0)
109: 98 104 (17.0)
110: (0.0)
111: 103 (10.0)
112: (0.0)
113: (0.0)
114: (0.0)
115: 97 (10.0)
116: 101 109 (17.0)
117: (0.0)
118: 112 (10.0)
119: 110 (10.0)
120: 102 106 (17.0)
121: 105 111 (17.0)
122: (0.0)
123: 115 (9.0)
124: 107 (10.0)
125: (0.0)
126: 108 113 (18.0)
127: (0.0)
128: (0.0)
129: (0.0)
130: (0.0)
131: (0.0)
132: 117 (9.0)
133: 118 (10.0)
134: 114 120 (16.0)
135: (0.0)
136: (0.0)
137: 119 122 (18.0)
138: 116 (9.0)
139: 124 (9.0)
140: (0.0)
141: (0.0)
142: 123 (9.0)
143: (0.0)
144: (0.0)
145: (0.0)
146: 125 128 (16.0)
147: (0.0)
148: (0.0)
149: (0.0)
150: 127 134 (18.0)
151: 121 130 (17.0)
152: 132 (8.0)
153: (0.0)
154: 126 (8.0)
155: 129 (10.0)
156: (0.0)
157: (0.0)
158: 139 (10.0)
159: (0.0)
160: 133 138 (18.0)
161: 140 142 (17.0)
162: 136 146 (17.0)
163: 131 147 (18.0)
164: 135 141 (17.0)
165: (0.0)
166: (0.0)
167: 137 143 (17.0)
168: 149 (10.0)
169: (0.0)
170: 145 (10.0)
171: 152 (10.0)
172: 151 (10.0)
173: (0.0)
174: (0.0)
175: (0.0)
176: 144 150 (17.0)
177: (0.0)
178: 153 (10.0)
179: 148 157 (16.0)
180: 158 (10.0)
181: 162 (9.0)
182: (0.0)
183: 155 161 (18.0)
184: (0.0)
185: 154 160 (18.0)
186: (0.0)
187: (0.0)
188: 159 168 (17.0)
189: 156 (10.0)
190: (0.0)
191: 164 (10.0)
192: (0.0)
193: 169 (10.0)
194: 163 166 (16.0)
195: 165 (9.0)
196: 173 (10.0)
197: (0.0)
198: 167 180 (20.0)
199: (0.0)
200: 170 172 181 (26.0)
201: (0.0)
202: 171 183 (18.0)
203: 177 (10.0)
204: 175 (8.0)
205: (0.0)
206: (0.0)
207: 174 (10.0)
208: 176 (10.0)
209: 184 188 191 (26.0)
210: 179 (10.0)
211: 185 193 (19.0)
212: 178 (10.0)
213: (0.0)
214: (0.0)
215: 182 187 (18.0)
216: (0.0)
217: 186 194 (19.0)
218: (0.0)
219: 192 (10.0)
220: 197 (10.0)
221: 201 (10.0)
222: 195 202 (16.0)
223: 189 200 (17.0)
224: 190 198 (16.0)
225: 199 (10.0)
226: (0.0)
227: (0.0)
228: (0.0)
229: 205 (8.0)
230: 207 (10.0)
231: 196 206 208 (28.0)
232: 204 211 (19.0)
233: (0.0)
234: (0.0)
235: 203 212 (16.0)
236: (0.0)
237: (0.0)
238: (0.0)
239: (0.0)
240: 210 220 (20.0)
241: 209 218 219 (27.0)
242: (0.0)
243: 214 223 (17.0)
244: 221 (9.0)
245: (0.0)
246: 215 (9.0)
247: 222 226 (17.0)
248: (0.0)
249: 213 224 (18.0)
250: 227 (10.0)
251: 216 (10.0)
252: 217 229 (17.0)
253: 225 (10.0)
254: (0.0)
255: (0.0)
256: (0.0)
257: 231 232 (19.0)
258: 230 (8.0)
259: (0.0)
260: 235 (10.0)
261: (0.0)
262: (0.0)
263: 228 239 (17.0)
264: 236 (10.0)
265: 237 (10.0)
266: 241 246 (16.0)
267: (0.0)
268: 245 248 (17.0)
269: 233 (10.0)
270: 243 (10.0)
271: 247 (10.0)
272: (0.0)
273: 234 249 (16.0)
274: 251 (10.0)
275: 238 240 (16.0)
276: 254 (10.0)
277: (0.0)
278: 242 252 (17.0)
279: 244 (10.0)
280: (0.0)
281: 250 (9.0)
282: 255 (8.0)
283: 253 (10.0)
284: (0.0)
285: 258 (10.0)
286: (0.0)
287: (0.0)
288: (0.0)
289: 260 262 (18.0)
290: 256 (9.0)
291: 259 (10.0)
292: 257 (8.0)
293: (0.0)
294: (0.0)
295: (0.0)
296: 264 (8.0)
297: (0.0)
298: 267 (10.0)
299: 265 266 (17.0)
300: (0.0)
301: (0.0)
302: 261 263 268 (25.0)
303: 269 (10.0)
304: 270 (10.0)
305: 273 (8.0)
306: 272 276 (18.0)
307: (0.0)
308: 271 277 (19.0)
309: (0.0)
310: (0.0)
311: 275 (10.0)
312: (0.0)
313: 278 (9.0)
314: 274 (8.0)
315: (0.0)
316: (0.0)
317: (0.0)
318: 285 (10.0)
319: 280 283 (18.0)
320: (0.0)
321: 286 289 (17.0)
322: 284 (10.0)
323: (0.0)
324: 282 (9.0)
325: 279 (10.0)
326: 294 (9.0)
327: 281 (10.0)
328: 287 (10.0)
329: 288 (9.0)
330: (0.0)
331: 290 (8.0)
332: (0.0)
333: 295 (9.0)
334: 291 (10.0)
335: 292 297 (17.0)
336: 300 (10.0)
337: 298 (10.0)
338: (0.0)
339: (0.0)
340: (0.0)
341: 304 308 (18.0)
342: 293 299 (17.0)
343: 301 303 310 (27.0)
344: (0.0)
345: 296 306 309 (26.0)
346: (0.0)
347: 302 314 (17.0)
348: 313 (10.0)
349: (0.0)
350: 305 (9.0)
351: 307 (10.0)
352: 315 318 (16.0)
353: 311 (10.0)
354: (0.0)
355: 322 (10.0)
356: 324 327 (16.0)
357: (0.0)
358: (0.0)
359: 316 320 (17.0)
360: 317 326 (17.0)
361: (0.0)
362: 319 323 (16.0)
363: 312 (8.0)
364: 329 333 (18.0)
365: 325 (8.0)
366: 321 (10.0)
367: 332 (10.0)
368: 328 (8.0)
369: 337 (9.0)
370: 335 (10.0)
371: 330 (10.0)
372: (0.0)
373: (0.0)
374: 331 (10.0)
375: (0.0)
376: 336 (10.0)
377: 338 (9.0)
378: (0.0)
379: 339 (8.0)
380: 334 343 (18.0)
381: 342 344 (17.0)
382: 341 (9.0)
383: (0.0)
384: (0.0)
385: (0.0)
386: 348 349 (18.0)
387: 340 (10.0)
388: (0.0)
389: 345 (10.0)
390: 351 (10.0)
391: 346 (10.0)
392: (0.0)
393: (0.0)
394: (0.0)
395: (0.0)
396: 353 354 357 (25.0)
397: 350 356 (16.0)
398: (0.0)
399: 347 352 (17.0)
400: 355 359 (17.0)
401: 358 (8.0)
402: (0.0)
403: (0.0)
404: (0.0)
405: 363 (9.0)
406: 362 367 (19.0)
407: 365 (10.0)
408: (0.0)
409: (0.0)
410: (0.0)
411: 364 368 369 (25.0)
412: (0.0)
413: 361 (9.0)
414: 366 370 (16.0)
415: 360 (10.0)
416: 371 (9.0)
417: 375 (10.0)
418: 372 (10.0)
419: 376 (10.0)
420: (0.0)
421: 378 (10.0)
422: (0.0)
423: 377 379 384 (24.0)
424: 374 (10.0)
425: 373 381 (18.0)
426: 383 (8.0)
427: (0.0)
428: (0.0)
429: 382 (10.0)
430: 380 386 (17.0)
431: (0.0)
432: (0.0)
433: (0.0)
434: 389 (10.0)
435: (0.0)
436: 391 (10.0)
437: 388 (8.0)
438: 385 (10.0)
439: 390 (10.0)
440: 399 (10.0)
441: 397 (10.0)
442: 387 398 (17.0)
443: 400 (10.0)
444: (0.0)
445: 393 394 (16.0)
446: 392 (10.0)
447: 395 396 (16.0)
448: 404 405 (18.0)
449: 401 (8.0)
450: 402 (10.0)
451: 403 410 (16.0)
452: (0.0)
453: (0.0)
454: (0.0)
455: 414 (8.0)
456: 406 408 (17.0)
457: 409 411 (17.0)
458: 412 413 (17.0)
459: 417 418 (19.0)
460: (0.0)
461: (0.0)
462: 420 (9.0)
463: 415 416 (17.0)
464: 407 (10.0)
465: (0.0)
466: (0.0)
467: (0.0)
468: 419 423 (17.0)
469: 424 426 (20.0)
470: 422 425 (16.0)
471: (0.0)
472: (0.0)
473: (0.0)
474: 421 428 (19.0)
475: (0.0)
476: (0.0)
477: (0.0)
478: (0.0)
479: (0.0)
480: 429 (10.0)
481: 427 432 (18.0)
482: 431 (8.0)
483: (0.0)
484: 435 (10.0)
485: 437 (9.0)
486: (0.0)
487: (0.0)
488: 430 434 (17.0)
489: 433 441 (17.0)
490: (0.0)
491: (0.0)
492: 442 (9.0)
493: 438 (8.0)
494: 436 444 (17.0)
495: (0.0)
496: (0.0)
497: 439 (8.0)
498: 440 446 (18.0)
499: (0.0)
500: (0.0)
501: (0.0)
502: (0.0)
503: (0.0)
504: (0.0)
505: 445 450 (18.0)
506: (0.0)
507: 443 455 (17.0)
508: 451 454 (16.0)
509: (0.0)
510: 448 (9.0)
511: 452 453 (17.0)
512: 447 (9.0)
513: 449 (10.0)
514: 460 (10.0)
515: (0.0)
516: (0.0)
517: 457 (10.0)
518: 459 464 (16.0)
519: 458 463 (18.0)
520: (0.0)
521: 462 469 (17.0)
522: (0.0)
523: 461 (9.0)
524: 456 467 (18.0)
525: (0.0)
526: 470 (9.0)
527: (0.0)
528: 465 466 (17.0)
529: (0.0)
530: 475 (9.0)
531: 468 471 (17.0)
532: (0.0)
533: 473 (10.0)
534: (0.0)
535: 482 (8.0)
536: 480 (8.0)
537: (0.0)
538: 476 (10.0)
539: 472 478 485 (27.0)
540: (0.0)
541: (0.0)
542: 474 486 (16.0)
543: (0.0)
544: 483 492 (18.0)
545: 479 (10.0)
546: (0.0)
547: 481 484 (18.0)
548: 477 496 (19.0)
549: (0.0)
550: 488 495 (18.0)
551: (0.0)
552: (0.0)
553: (0.0)
554: (0.0)
555: 491 (10.0)
556: 489 500 502 (25.0)
557: (0.0)
558: 487 494 (19.0)
559: 507 (10.0)
560: 490 (10.0)
561: 497 499 (18.0)
562: 508 509 (16.0)
563: 493 510 (17.0)
564: 498 513 (17.0)
565: (0.0)
566: (0.0)
567: (0.0)
568: 506 (10.0)
569: 503 (10.0)
570: 501 504 (18.0)
571: 505 512 (16.0)
572: (0.0)
573: (0.0)
574: 511 (10.0)
575: (0.0)
576: (0.0)
577: 516 520 (17.0)
578: 523 (9.0)
579: 522 (10.0)
580: 515 517 524 (27.0)
581: 518 525 (18.0)
582: 514 519 (18.0)
583: (0.0)
584: 529 (10.0)
585: 521 (9.0)
586: (0.0)
587: (0.0)
588: 526 528 (18.0)
589: 527 530 (18.0)
590: 532 (10.0)
591: 538 539 (18.0)
592: 534 (10.0)
593: 536 (9.0)
594: 535 (10.0)
595: 531 542 (16.0)
596: 537 (10.0)
597: 533 540 (16.0)
598: (0.0)
599: (0.0)
600: 543 (10.0)
601: (0.0)
602: 544 549 (17.0)
603: 541 (10.0)
604: (0.0)
605: 552 (10.0)
606: 545 550 (16.0)
607: 546 548 (16.0)
608: (0.0)
609: 551 (10.0)
610: (0.0)
611: 553 (8.0)
612: 554 (10.0)
613: 547 (10.0)
614: 556 (10.0)
615: 555 558 (16.0)
616: (0.0)
617: (0.0)
618: 559 (8.0)
619: 562 (10.0)
620: 563 (10.0)
621: 564 (8.0)
622: 557 (10.0)
623: (0.0)
624: 565 (10.0)
625: (0.0)
626: 561 568 (17.0)
627: (0.0)
628: (0.0)
629: 569 (9.0)
630: (0.0)
631: (0.0)
632: 560 572 (17.0)
633: (0.0)
634: 567 575 (17.0)
635: 566 571 (18.0)
636: 570 (10.0)
637: (0.0)
638: 574 579 (17.0)
639: (0.0)
640: 583 (10.0)
641: 576 580 (19.0)
642: (0.0)
643: 582 (8.0)
644: (0.0)
645: (0.0)
646: 581 585 (18.0)
647: (0.0)
648: 578 589 (18.0)
649: (0.0)
650: 573 (10.0)
651: 587 (10.0)
652: 577 592 (18.0)
653: 584 586 (17.0)
654: (0.0)
655: (0.0)
656: 588 (9.0)
657: 593 (10.0)
658: (0.0)
659: 590 (10.0)
660: 597 (8.0)
661: (0.0)
662: 595 (10.0)
663: 594 599 (17.0)
664: (0.0)
665: 600 (10.0)
666: (0.0)
667: 591 598 (17.0)
668: 601 605 (17.0)
669: (0.0)
670: (0.0)
671: 596 (10.0)
672: (0.0)
673: 603 (8.0)
674: 607 (8.0)
675: (0.0)
676: 609 (8.0)
677: 613 (9.0)
678: 608 (10.0)
679: 604 (8.0)
680: 612 616 (18.0)
681: 602 611 (18.0)
682: (0.0)
683: 606 (10.0)
684: 615 (10.0)
685: 610 (10.0)
686: (0.0)
687: 620 (10.0)
688: 617 (10.0)
689: (0.0)
690: 618 619 (18.0)
691: 614 (10.0)
692: 624 (9.0)
693: 627 (10.0)
694: 629 (10.0)
695: 625 (9.0)
696: (0.0)
697: (0.0)
698: (0.0)
699: 623 (10.0)
700: (0.0)
701: 631 (8.0)
702: 622 626 (16.0)
703: 621 (9.0)
704: 628 (10.0)
705: 633 (10.0)
706: 630 638 (18.0)
707: 639 (10.0)
708: (0.0)
709: (0.0)
710: 634 (9.0)
711: 632 (10.0)
712: (0.0)
713: (0.0)
714: 635 (9.0)
715: 644 648 (17.0)
716: 636 643 (16.0)
717: 645 (8.0)
718: 640 (10.0)
719: 641 (10.0)
720: 652 (10.0)
721: (0.0)
722: 637 650 (17.0)
723: 655 (9.0)
724: (0.0)
725: 642 651 (17.0)
726: 646 (10.0)
727: 653 660 (16.0)
728: (0.0)
729: 649 (10.0)
730: 647 659 (18.0)
731: 661 662 (16.0)
732: 656 658 (16.0)
733: (0.0)
734: (0.0)
735: 657 666 (16.0)
736: 654 (10.0)
737: (0.0)
738: 665 (8.0)
739: 664 671 (17.0)
740: (0.0)
741: 668 675 (18.0)
742: (0.0)
743: 663 669 (18.0)
744: 678 (10.0)
745: (0.0)
746: 673 674 (18.0)
747: 667 (10.0)
748: 670 681 (18.0)
749: 677 682 (16.0)
750: (0.0)
751: 676 (10.0)
752: 689 690 (17.0)
753: 672 685 (17.0)
754: (0.0)
755: 693 (9.0)
756: 680 691 (16.0)
757: 679 (10.0)
758: 686 692 (17.0)
759: (0.0)
760: 683 (9.0)
761: (0.0)
762: 687 697 (17.0)
763: 694 (10.0)
764: 684 688 (17.0)
765: (0.0)
766: 696 (10.0)
767: (0.0)
768: (0.0)
769: (0.0)
770: 698 (9.0)
771: 706 (8.0)
772: (0.0)
773: 699 (10.0)
774: 708 (10.0)
775: 695 701 (18.0)
776: 705 (10.0)
777: 710 (9.0)
778: 700 (10.0)
779: 702 709 (18.0)
780: 715 (9.0)
781: 704 (10.0)
782: 711 712 (18.0)
783: 707 (9.0)
784: (0.0)
785: (0.0)
786: 703 713 (16.0)
787: (0.0)
788: (0.0)
789: (0.0)
790: 718 (10.0)
791: 719 (10.0)
792: 714 717 (18.0)
793: 724 (8.0)
794: 720 (8.0)
795: 716 728 (16.0)
796: 725 729 (17.0)
797: 730 (9.0)
798: (0.0)
799: 723 726 (17.0)
800: (0.0)
801: 721 (10.0)
802: 722 727 (16.0)
803: 733 (10.0)
804: 732 734 (17.0)
805: 735 (10.0)
806: 731 (9.0)
807: (0.0)
808: (0.0)
809: (0.0)
810: (0.0)
811: (0.0)
812: 740 (10.0)
813: 737 (9.0)
814: 742 747 (18.0)
815: 736 (9.0)
816: (0.0)
817: (0.0)
818: (0.0)
819: 745 746 (17.0)
820: 738 741 (17.0)
821: (0.0)
822: (0.0)
823: 744 751 (18.0)
824: 749 (10.0)
825: 753 (9.0)
826: 739 743 (17.0)
827: 748 (10.0)
828: 750 (8.0)
829: (0.0)
830: (0.0)
831: (0.0)
832: (0.0)
833: (0.0)
834: (0.0)
835: 754 757 (18.0)
836: 755 (10.0)
837: 756 (10.0)
838: 752 (10.0)
839: 759 761 (17.0)
840: (0.0)
841: (0.0)
842: (0.0)
843: (0.0)
844: (0.0)
845: 758 764 (17.0)
846: 769 (10.0)
847: (0.0)
848: 762 (10.0)
849: 763 (8.0)
850: 767 772 (18.0)
851: 760 766 771 (25.0)
852: 773 (10.0)
853: 765 (9.0)
854: 776 (10.0)
855: 777 778 (17.0)
856: (0.0)
857: (0.0)
858: 770 779 (19.0)
859: 768 775 (18.0)
860: (0.0)
861: (0.0)
862: (0.0)
863: 774 (10.0)
864: 784 (10.0)
865: 782 (9.0)
866: 780 (8.0)
867: (0.0)
868: (0.0)
869: (0.0)
870: 785 (10.0)
871: (0.0)
872: 783 (8.0)
873: (0.0)
874: 786 (9.0)
875: 781 787 (17.0)
876: 790 793 (17.0)
877: 788 (10.0)
878: 792 (8.0)
879: 796 (10.0)
880: 789 794 (17.0)
881: (0.0)
882: (0.0)
883: 799 (10.0)
884: 802 (8.0)
885: 797 (10.0)
886: (0.0)
887: (0.0)
888: 791 (10.0)
889: 795 803 (17.0)
890: (0.0)
891: (0.0)
892: 804 (10.0)
893: 798 801 813 (26.0)
894: 800 805 807 (25.0)
895: (0.0)
896: (0.0)
897: 809 (9.0)
898: 811 (10.0)
899: (0.0)
900: 810 (10.0)
901: 808 (10.0)
902: (0.0)
903: 806 812 (17.0)
904: 814 819 (17.0)
905: (0.0)
906: 817 820 (17.0)
907: (0.0)
908: (0.0)
909: 816 (10.0)
910: 818 (9.0)
911: 815 (8.0)
912: (0.0)
913: (0.0)
914: 822 (10.0)
915: 823 (10.0)
916: (0.0)
917: 821 829 (16.0)
918: (0.0)
919: 827 831 (17.0)
920: 828 (8.0)
921: 824 (9.0)
922: (0.0)
923: (0.0)
924: 830 (10.0)
925: (0.0)
926: 835 (10.0)
927: 825 833 (18.0)
928: (0.0)
929: 834 839 (18.0)
930: 826 832 (18.0)
931: (0.0)
932: (0.0)
933: 840 (9.0)
934: 836 845 (19.0)
935: 841 843 (16.0)
936: 837 838 (16.0)
937: (0.0)
938: (0.0)
939: 842 847 849 (27.0)
940: (0.0)
941: 846 (10.0)
942: (0.0)
943: 844 (9.0)
944: (0.0)
945: (0.0)
946: (0.0)
947: (0.0)
948: (0.0)
949: 851 854 (20.0)
950: (0.0)
951: (0.0)
952: 852 857 (18.0)
953: (0.0)
954: (0.0)
955: 848 (10.0)
956: 856 858 (17.0)
957: 853 859 860 863 (32.0)
958: (0.0)
959: 850 855 866 (28.0)
960: (0.0)
961: 861 867 (17.0)
962: (0.0)
963: (0.0)
964: (0.0)
965: 862 865 (18.0)
966: (0.0)
967: 868 (10.0)
968: (0.0)
969: 869 872 (17.0)
970: 870 (10.0)
971: 864 876 (17.0)
972: (0.0)
973: 871 877 (18.0)
974: 873 (10.0)
975: (0.0)
976: 878 (10.0)
977: (0.0)
978: 882 (10.0)
979: (0.0)
980: 874 879 (19.0)
981: 875 (10.0)
982: (0.0)
983: (0.0)
984: (0.0)
985: 881 (10.0)
986: 883 887 (18.0)
987: (0.0)
988: 884 885 (17.0)
989: 890 (10.0)
990: (0.0)
991: (0.0)
992: 888 (8.0)
993: (0.0)
994: 880 (10.0)
995: 886 (10.0)
996: (0.0)
997: 891 895 (20.0)
998: (0.0)
999: 893 (10.0)
1000: 889 894 (16.0)
1001: (0.0)
1002: (0.0)
1003: (0.0)
1004: (0.0)
1005: (0.0)
1006: 892 900 (17.0)
1007: (0.0)
1008: 901 (9.0)
1009: (0.0)
1010: (0.0)
1011: 897 (8.0)
1012: (0.0)
1013: 898 899 (17.0)
1014: 896 903 (16.0)
1015: (0.0)
1016: (0.0)
1017: 908 (9.0)
1018: (0.0)
1019: (0.0)
1020: 904 (8.0)
1021: 905 906 (18.0)
1022: (0.0)
1023: (0.0)
1024: (0.0)
1025: 913 (10.0)
1026: 902 (10.0)
1027: (0.0)
1028: 907 (9.0)
1029: 909 917 (16.0)
1030: 914 (9.0)
1031: 911 (10.0)
1032: 912 915 (17.0)
1033: 918 (9.0)
1034: 925 926 (17.0)
1035: 924 (8.0)
1036: 921 (10.0)
1037: (0.0)
1038: (0.0)
1039: 930 (10.0)
1040: 910 (10.0)
1041: 932 (9.0)
1042: 916 922 (17.0)
1043: 927 (8.0)
1044: (0.0)
1045: (0.0)
1046: 934 (8.0)
1047: 919 931 (20.0)
1048: (0.0)
1049: 920 929 (18.0)
1050: 928 938 (16.0)
1051: 940 (10.0)
1052: 923 941 (18.0)
1053: (0.0)
1054: (0.0)
1055: (0.0)
1056: 933 937 (17.0)
1057: 935 936 (16.0)
1058: 945 (10.0)
1059: 943 947 (16.0)
1060: (0.0)
1061: (0.0)
1062: (0.0)
1063: 939 (10.0)
1064: 942 949 (18.0)
1065: 944 946 (17.0)
1066: 954 (10.0)
1067: (0.0)
1068: 948 (9.0)
1069: 951 952 (18.0)
1070: 953 (10.0)
1071: (0.0)
1072: (0.0)
1073: (0.0)
1074: (0.0)
1075: 959 (9.0)
1076: 956 (10.0)
1077: 955 961 (18.0)
1078: (0.0)
1079: 950 962 963 (27.0)
1080: (0.0)
1081: 957 (8.0)
1082: 960 (10.0)
1083: 958 (10.0)
1084: (0.0)
1085: (0.0)
1086: (0.0)
1087: 964 965 (17.0)
1088: (0.0)
1089: (0.0)
1090: (0.0)
1091: 970 (10.0)
1092: 966 (10.0)
1093: (0.0)
1094: (0.0)
1095: 968 969 971 976 (35.0)
1096: 972 973 (19.0)
1097: (0.0)
1098: (0.0)
1099: (0.0)
1100: (0.0)
1101: (0.0)
1102: (0.0)
1103: 974 (8.0)
1104: 967 (10.0)
1105: 978 983 (20.0)
1106: 975 979 (17.0)
1107: (0.0)
1108: (0.0)
1109: (0.0)
1110: 981 (10.0)
1111: (0.0)
1112: 980 982 (16.0)
1113: 984 987 (17.0)
1114: 977 (10.0)
1115: (0.0)
1116: 986 (10.0)
1117: 988 990 (17.0)
1118: (0.0)
1119: 989 (10.0)
1120: 985 (9.0)
1121: (0.0)
1122: 991 992 (17.0)
1123: (0.0)
1124: (0.0)
1125: 995 997 (18.0)
1126: 994 (9.0)
1127: (0.0)
1128: (0.0)
1129: 998 (10.0)
1130: (0.0)
1131: 993 (8.0)
1132: 996 999 (17.0)
1133: (0.0)
1134: (0.0)
1135: (0.0)
1136: (0.0)
1137: (0.0)
1138: (0.0)
1139: (0.0)
1140: (0.0)
1141: (0.0)
