Name: 1000-50-100
Time: 26.994947910308838 
Result: 18737045
Solution:  5 12 17 8 5 8 23 29 15 12 9 30 29 30 31 18 23 31 38 26 31 25 39 23 39 46 46 51 43 35 55 57 55 46 38 58 56 50 51 48 68 57 56 59 54 50 62 74 68 74 70 70 76 63 65 67 73 80 89 77 77 83 86 73 93 80 91 87 87 77 84 91 91 80 84 91 86 87 96 86 90 89 112 99 113 108 114 105 118 102 102 126 117 123 116 107 109 117 119 116 116 117 119 117 132 118 137 139 123 132 145 132 126 136 156 151 137 148 147 152 150 151 157 155 157 159 150 153 151 157 153 171 163 157 171 171 176 177 168 167 175 177 176 165 176 175 169 180 183 189 182 192 188 192 189 177 189 193 190 179 182 182 198 198 206 198 207 198 202 208 201 207 212 204 208 212 210 210 206 208 204 199 216 207 208 212 212 222 222 227 234 227 225 217 228 215 226 217 235 239 217 233 222 233 236 222 247 241 241 246 246 244 233 244 233 246 256 241 253 239 241 256 258 246 253 256 264 263 272 256 256 273 268 256 268 277 265 267 274 279 265 273 289 274 289 276 296 277 295 297 292 297 299 287 289 289 304 304 297 301 297 301 312 314 311 303 314 299 317 301 307 313 306 326 322 315 313 314 312 314 335 324 340 322 326 331 326 344 344 340 335 329 328 328 352 337 349 342 341 335 340 337 351 342 352 349 357 353 348 351 351 357 348 352 351 353 360 367 353 361 369 369 359 381 369 376 367 372 365 387 389 382 387 374 372 389 377 396 381 376 382 380 396 396 388 396 404 389 404 404 395 410 404 412 411 401 404 411 414 415 408 421 410 421 413 428 411 428 412 422 412 421 424 433 426 422 428 426 441 422 439 429 441 439 429 435 445 429 450 439 437 433 455 436 445 438 452 445 443 463 463 463 450 460 453 466 466 450 472 452 466 472 467 457 469 466 468 468 466 477 469 472 481 475 472 469 491 474 495 477 496 477 477 495 479 485 503 481 486 495 500 495 493 493 493 502 514 510 510 502 505 502 502 512 511 503 517 518 516 508 521 518 518 529 521 516 529 522 530 522 537 534 525 543 537 529 529 549 551 539 538 541 556 541 543 556 564 559 556 549 560 562 563 559 569 573 577 561 573 573 582 579 583 569 587 587 572 584 584 584 577 582 590 587 595 582 594 606 605 597 595 607 615 606 617 615 604 606 623 606 605 606 624 619 623 633 632 633 635 617 633 631 631 639 645 629 643 639 645 637 636 639 637 646 647 636 658 647 646 654 656 649 652 662 655 650 651 665 659 666 659 657 655 661 657 657 659 659 666 682 680 664 670 684 686 689 670 690 679 683 680 694 684 693 690 693 698 692 694 684 702 698 702 703 689 703 703 695 712 711 704 707 698 721 702 702 720 719 718 707 720 723 727 727 729 719 721 731 717 739 733 721 731 743 729 729 740 733 735 747 740 751 742 747 743 752 757 754 757 743 759 748 753 766 749 753 750 754 763 753 763 766 759 763 757 759 776 758 776 780 766 770 780 782 772 792 792 772 780 776 794 775 798 788 798 779 788 785 804 798 794 798 794 801 798 792 806 812 816 808 816 809 814 811 818 810 812 804 804 813 824 816 811 810 809 825 824 824 827 832 830 824 830 824 821 835 833 834 838 830 842 836 833 847 830 847 838 841 857 840 840 856 842 847 854 858 868 853 854 865 856 857 872 870 881 858 865 860 876 868 868 871 885 870 881 887 874 886 885 891 893 893 893 883 902 898 906 894 902 902 901 894 894 908 903 898 902 909 910 902 910 911 909 909 918 905 900 909 903 916 906 923 910 909 920 920 918 919 931 934 933 940 920 926 926 927 941 940 946 947 950 934 944 931 936 947 942 949 942 952 953 944 961 942 961 965 968 967 962 961 967 957 968 961 968 961 962 981 970 964 987 979 967 989 970 982 987 993 989 982 988 995 999 981 982 1009 992 1007 989 1006 999 993 1009 1003 1003 1013 1019 1011 1023 1017 1014 1014 1025 1025 1017 1032 1011 1026 1032 1015 1031 1020 1035 1025 1035 1032 1044 1024 1042 1046 1038 1047 1035 1051 1032 1046 1045 1045 1043 1044 1045 1057 1050 1047 1044 1044 1066 1054 1054 1066 1067 1064 1064 1061 1062 1053 1071 1076 1069 1070 1061 1067 1087 1067 1076 1070 1090 1082 1084 1080 1086 1096 1076 1096 1077 1094 1100 1080 1085 1093 1090 1100 1085 1094 1090 1088 1108 1092 1104 1114 1114 1111 1108 1114 1118 1109 1123 1111 1106 1122 1109 1109 1123 1128 1128 1137 1118 1123 1130 1140 1134 1129 1128 1128 1130 1143 1131 1152 1140 1140 1148 1155 1150 1146 1146 1146 1156 1164 1147 1152
0: (0.0)
1: (0.0)
2: (0.0)
3: (0.0)
4: (0.0)
5: 0 4 (20.0)
6: (0.0)
7: (0.0)
8: 3 5 (17.0)
9: 10 (10.0)
10: (0.0)
11: (0.0)
12: 1 9 (17.0)
13: (0.0)
14: (0.0)
15: 8 (10.0)
16: (0.0)
17: 2 (8.0)
18: 15 (9.0)
19: (0.0)
20: (0.0)
21: (0.0)
22: (0.0)
23: 6 16 23 (28.0)
24: (0.0)
25: 21 (8.0)
26: 19 (9.0)
27: (0.0)
28: (0.0)
29: 7 12 (16.0)
30: 11 13 (19.0)
31: 14 17 20 (26.0)
32: (0.0)
33: (0.0)
34: (0.0)
35: 29 (9.0)
36: (0.0)
37: (0.0)
38: 18 34 (17.0)
39: 22 24 (16.0)
40: (0.0)
41: (0.0)
42: (0.0)
43: 28 (8.0)
44: (0.0)
45: (0.0)
46: 25 26 33 (30.0)
47: (0.0)
48: 39 (9.0)
49: (0.0)
50: 37 45 (18.0)
51: 27 38 (18.0)
52: (0.0)
53: (0.0)
54: 44 (8.0)
55: 30 32 (18.0)
56: 36 42 (17.0)
57: 31 41 (16.0)
58: 35 (9.0)
59: 43 (9.0)
60: (0.0)
61: (0.0)
62: 46 (8.0)
63: 53 (10.0)
64: (0.0)
65: 54 (9.0)
66: (0.0)
67: 55 (9.0)
68: 40 48 (17.0)
69: (0.0)
70: 50 51 (19.0)
71: (0.0)
72: (0.0)
73: 56 63 (20.0)
74: 47 49 (20.0)
75: (0.0)
76: 52 (8.0)
77: 59 60 69 (28.0)
78: (0.0)
79: (0.0)
80: 57 65 73 (25.0)
81: (0.0)
82: (0.0)
83: 61 (9.0)
84: 70 74 (20.0)
85: (0.0)
86: 62 76 79 (27.0)
87: 67 68 77 (27.0)
88: (0.0)
89: 58 81 (18.0)
90: 80 (8.0)
91: 66 71 72 75 (36.0)
92: (0.0)
93: 64 (8.0)
94: (0.0)
95: (0.0)
96: 78 (10.0)
97: (0.0)
98: (0.0)
99: 83 (10.0)
100: (0.0)
101: (0.0)
102: 89 90 (19.0)
103: (0.0)
104: (0.0)
105: 87 (10.0)
106: (0.0)
107: 95 (8.0)
108: 85 (8.0)
109: 96 (8.0)
110: (0.0)
111: (0.0)
112: 82 (8.0)
113: 84 (9.0)
114: 86 (10.0)
115: (0.0)
116: 94 99 100 (27.0)
117: 92 97 101 103 (36.0)
118: 88 105 (17.0)
119: 98 102 (17.0)
120: (0.0)
121: (0.0)
122: (0.0)
123: 93 108 (17.0)
124: (0.0)
125: (0.0)
126: 91 112 (19.0)
127: (0.0)
128: (0.0)
129: (0.0)
130: (0.0)
131: (0.0)
132: 104 109 111 (26.0)
133: (0.0)
134: (0.0)
135: (0.0)
136: 113 (10.0)
137: 106 116 (17.0)
138: (0.0)
139: 107 (9.0)
140: (0.0)
141: (0.0)
142: (0.0)
143: (0.0)
144: (0.0)
145: 110 (10.0)
146: (0.0)
147: 118 (10.0)
148: 117 (8.0)
149: (0.0)
150: 120 126 (17.0)
151: 115 121 128 (28.0)
152: 119 (9.0)
153: 127 130 (19.0)
154: (0.0)
155: 123 (10.0)
156: 114 (8.0)
157: 122 124 129 133 (34.0)
158: (0.0)
159: 125 (8.0)
160: (0.0)
161: (0.0)
162: (0.0)
163: 132 (8.0)
164: (0.0)
165: 143 (8.0)
166: (0.0)
167: 139 (10.0)
168: 138 (10.0)
169: 146 (8.0)
170: (0.0)
171: 131 134 135 (28.0)
172: (0.0)
173: (0.0)
174: (0.0)
175: 140 145 (17.0)
176: 136 142 144 (28.0)
177: 137 141 155 (26.0)
178: (0.0)
179: 159 (9.0)
180: 147 (10.0)
181: (0.0)
182: 150 160 161 (26.0)
183: 148 (9.0)
184: (0.0)
185: (0.0)
186: (0.0)
187: (0.0)
188: 152 (8.0)
189: 149 154 156 (25.0)
190: 158 (8.0)
191: (0.0)
192: 151 153 (18.0)
193: 157 (8.0)
194: (0.0)
195: (0.0)
196: (0.0)
197: (0.0)
198: 162 163 165 167 (36.0)
199: 181 (9.0)
200: (0.0)
201: 170 (10.0)
202: 168 (10.0)
203: (0.0)
204: 173 180 (17.0)
205: (0.0)
206: 164 178 (17.0)
207: 166 171 183 (27.0)
208: 169 174 179 184 (33.0)
209: (0.0)
210: 176 177 (16.0)
211: (0.0)
212: 172 175 185 186 (37.0)
213: (0.0)
214: (0.0)
215: 195 (8.0)
216: 182 (10.0)
217: 193 197 200 (24.0)
218: (0.0)
219: (0.0)
220: (0.0)
221: (0.0)
222: 187 188 202 205 (37.0)
223: (0.0)
224: (0.0)
225: 192 (8.0)
226: 196 (10.0)
227: 189 191 (18.0)
228: 194 (10.0)
229: (0.0)
230: (0.0)
231: (0.0)
232: (0.0)
233: 201 203 212 214 (36.0)
234: 190 (9.0)
235: 198 (8.0)
236: 204 (10.0)
237: (0.0)
238: (0.0)
239: 199 219 (19.0)
240: (0.0)
241: 207 208 217 220 (35.0)
242: (0.0)
243: (0.0)
244: 211 213 (18.0)
245: (0.0)
246: 209 210 215 223 (34.0)
247: 206 (9.0)
248: (0.0)
249: (0.0)
250: (0.0)
251: (0.0)
252: (0.0)
253: 218 224 (20.0)
254: (0.0)
255: (0.0)
256: 216 221 225 229 230 233 (53.0)
257: (0.0)
258: 222 (8.0)
259: (0.0)
260: (0.0)
261: (0.0)
262: (0.0)
263: 227 (9.0)
264: 226 (8.0)
265: 236 240 (20.0)
266: (0.0)
267: 237 (8.0)
268: 232 234 (16.0)
269: (0.0)
270: (0.0)
271: (0.0)
272: 228 (8.0)
273: 231 241 (16.0)
274: 238 243 (17.0)
275: (0.0)
276: 245 (10.0)
277: 235 247 (18.0)
278: (0.0)
279: 239 (10.0)
280: (0.0)
281: (0.0)
282: (0.0)
283: (0.0)
284: (0.0)
285: (0.0)
286: (0.0)
287: 253 (8.0)
288: (0.0)
289: 242 244 254 255 (34.0)
290: (0.0)
291: (0.0)
292: 250 (9.0)
293: (0.0)
294: (0.0)
295: 248 (10.0)
296: 246 (9.0)
297: 249 251 258 260 (36.0)
298: (0.0)
299: 252 267 (18.0)
300: (0.0)
301: 259 261 269 (29.0)
302: (0.0)
303: 265 (8.0)
304: 256 257 (19.0)
305: (0.0)
306: 272 (9.0)
307: 270 (9.0)
308: (0.0)
309: (0.0)
310: (0.0)
311: 264 (8.0)
312: 262 278 (18.0)
313: 271 276 (19.0)
314: 263 266 277 279 (36.0)
315: 275 (8.0)
316: (0.0)
317: 268 (10.0)
318: (0.0)
319: (0.0)
320: (0.0)
321: (0.0)
322: 274 283 (18.0)
323: (0.0)
324: 281 (8.0)
325: (0.0)
326: 273 284 286 (29.0)
327: (0.0)
328: 292 293 (17.0)
329: 291 (9.0)
330: (0.0)
331: 285 (9.0)
332: (0.0)
333: (0.0)
334: (0.0)
335: 280 290 299 (26.0)
336: (0.0)
337: 295 301 (17.0)
338: (0.0)
339: (0.0)
340: 282 289 300 (28.0)
341: 298 (10.0)
342: 297 303 (16.0)
343: (0.0)
344: 287 288 (19.0)
345: (0.0)
346: (0.0)
347: (0.0)
348: 308 312 (18.0)
349: 296 305 (19.0)
350: (0.0)
351: 302 309 310 314 (37.0)
352: 294 304 313 (26.0)
353: 307 315 318 (27.0)
354: (0.0)
355: (0.0)
356: (0.0)
357: 306 311 (19.0)
358: (0.0)
359: 322 (8.0)
360: 316 (8.0)
361: 319 (10.0)
362: (0.0)
363: (0.0)
364: (0.0)
365: 328 (8.0)
366: (0.0)
367: 317 326 (19.0)
368: (0.0)
369: 320 321 324 (28.0)
370: (0.0)
371: (0.0)
372: 327 334 (18.0)
373: (0.0)
374: 333 (9.0)
375: (0.0)
376: 325 339 (18.0)
377: 336 (8.0)
378: (0.0)
379: (0.0)
380: 341 (8.0)
381: 323 338 (17.0)
382: 331 340 (20.0)
383: (0.0)
384: (0.0)
385: (0.0)
386: (0.0)
387: 329 332 (17.0)
388: 344 (9.0)
389: 330 335 347 (30.0)
390: (0.0)
391: (0.0)
392: (0.0)
393: (0.0)
394: (0.0)
395: 350 (9.0)
396: 337 342 343 345 (36.0)
397: (0.0)
398: (0.0)
399: (0.0)
400: (0.0)
401: 355 (8.0)
402: (0.0)
403: (0.0)
404: 346 348 349 352 356 (44.0)
405: (0.0)
406: (0.0)
407: (0.0)
408: 360 (8.0)
409: (0.0)
410: 351 362 (19.0)
411: 354 357 366 (27.0)
412: 353 368 370 (28.0)
413: 364 (9.0)
414: 358 (10.0)
415: 359 (9.0)
416: (0.0)
417: (0.0)
418: (0.0)
419: (0.0)
420: (0.0)
421: 361 363 371 (27.0)
422: 369 375 379 (27.0)
423: (0.0)
424: 372 (9.0)
425: (0.0)
426: 374 377 (16.0)
427: (0.0)
428: 365 367 376 (25.0)
429: 381 384 387 (28.0)
430: (0.0)
431: (0.0)
432: (0.0)
433: 373 391 (18.0)
434: (0.0)
435: 385 (10.0)
436: 393 (9.0)
437: 390 (8.0)
438: 395 (8.0)
439: 380 383 389 (29.0)
440: (0.0)
441: 378 382 (18.0)
442: (0.0)
443: 398 (10.0)
444: (0.0)
445: 386 394 397 (28.0)
446: (0.0)
447: (0.0)
448: (0.0)
449: (0.0)
450: 388 402 407 (25.0)
451: (0.0)
452: 396 409 (18.0)
453: 404 (8.0)
454: (0.0)
455: 392 (8.0)
456: (0.0)
457: 413 (9.0)
458: (0.0)
459: (0.0)
460: 403 (10.0)
461: (0.0)
462: (0.0)
463: 399 400 401 (27.0)
464: (0.0)
465: (0.0)
466: 405 406 410 415 418 (45.0)
467: 412 (10.0)
468: 416 417 (18.0)
469: 414 420 425 (28.0)
470: (0.0)
471: (0.0)
472: 408 411 421 424 (36.0)
473: (0.0)
474: 427 (9.0)
475: 423 (8.0)
476: (0.0)
477: 419 429 431 432 (35.0)
478: (0.0)
479: 434 (8.0)
480: (0.0)
481: 422 437 (19.0)
482: (0.0)
483: (0.0)
484: (0.0)
485: 435 (10.0)
486: 438 (10.0)
487: (0.0)
488: (0.0)
489: (0.0)
490: (0.0)
491: 426 (9.0)
492: (0.0)
493: 442 443 444 (28.0)
494: (0.0)
495: 428 433 439 441 (35.0)
496: 430 (9.0)
497: (0.0)
498: (0.0)
499: (0.0)
500: 440 (10.0)
501: (0.0)
502: 445 449 451 452 (38.0)
503: 436 455 (18.0)
504: (0.0)
505: 450 (9.0)
506: (0.0)
507: (0.0)
508: 459 (8.0)
509: (0.0)
510: 447 448 (18.0)
511: 454 (9.0)
512: 453 (10.0)
513: (0.0)
514: 446 (8.0)
515: (0.0)
516: 458 465 (18.0)
517: 456 (9.0)
518: 457 461 462 (27.0)
519: (0.0)
520: (0.0)
521: 460 464 (16.0)
522: 467 469 (19.0)
523: (0.0)
524: (0.0)
525: 472 (8.0)
526: (0.0)
527: (0.0)
528: (0.0)
529: 463 466 475 476 (39.0)
530: 468 (8.0)
531: (0.0)
532: (0.0)
533: (0.0)
534: 471 (9.0)
535: (0.0)
536: (0.0)
537: 470 474 (18.0)
538: 480 (10.0)
539: 479 (9.0)
540: (0.0)
541: 481 483 (20.0)
542: (0.0)
543: 473 484 (20.0)
544: (0.0)
545: (0.0)
546: (0.0)
547: (0.0)
548: (0.0)
549: 477 489 (17.0)
550: (0.0)
551: 478 (8.0)
552: (0.0)
553: (0.0)
554: (0.0)
555: (0.0)
556: 482 485 488 (26.0)
557: (0.0)
558: (0.0)
559: 487 493 (18.0)
560: 490 (10.0)
561: 497 (8.0)
562: 491 (10.0)
563: 492 (8.0)
564: 486 (10.0)
565: (0.0)
566: (0.0)
567: (0.0)
568: (0.0)
569: 494 503 (17.0)
570: (0.0)
571: (0.0)
572: 506 (9.0)
573: 495 498 499 (28.0)
574: (0.0)
575: (0.0)
576: (0.0)
577: 496 510 (17.0)
578: (0.0)
579: 501 (8.0)
580: (0.0)
581: (0.0)
582: 500 511 515 (25.0)
583: 502 (10.0)
584: 507 508 509 (24.0)
585: (0.0)
586: (0.0)
587: 504 505 513 (26.0)
588: (0.0)
589: (0.0)
590: 512 (8.0)
591: (0.0)
592: (0.0)
593: (0.0)
594: 516 (10.0)
595: 514 520 (19.0)
596: (0.0)
597: 519 (9.0)
598: (0.0)
599: (0.0)
600: (0.0)
601: (0.0)
602: (0.0)
603: (0.0)
604: 526 (8.0)
605: 518 530 (18.0)
606: 517 523 527 529 531 (46.0)
607: 521 (9.0)
608: (0.0)
609: (0.0)
610: (0.0)
611: (0.0)
612: (0.0)
613: (0.0)
614: (0.0)
615: 522 525 (17.0)
616: (0.0)
617: 524 539 (18.0)
618: (0.0)
619: 533 (8.0)
620: (0.0)
621: (0.0)
622: (0.0)
623: 528 534 (18.0)
624: 532 (10.0)
625: (0.0)
626: (0.0)
627: (0.0)
628: (0.0)
629: 545 (8.0)
630: (0.0)
631: 541 542 (20.0)
632: 536 (8.0)
633: 535 537 540 (25.0)
634: (0.0)
635: 538 (10.0)
636: 550 555 (16.0)
637: 549 552 (20.0)
638: (0.0)
639: 543 547 551 (26.0)
640: (0.0)
641: (0.0)
642: (0.0)
643: 546 (9.0)
644: (0.0)
645: 544 548 (18.0)
646: 553 558 (17.0)
647: 554 557 (19.0)
648: (0.0)
649: 561 (10.0)
650: 565 (8.0)
651: 566 (9.0)
652: 562 (9.0)
653: (0.0)
654: 559 (10.0)
655: 564 572 (19.0)
656: 560 (10.0)
657: 571 574 575 (26.0)
658: 556 (8.0)
659: 568 570 576 577 (33.0)
660: (0.0)
661: 573 (8.0)
662: 563 (8.0)
663: (0.0)
664: 581 (9.0)
665: 567 (9.0)
666: 569 578 (17.0)
667: (0.0)
668: (0.0)
669: (0.0)
670: 582 586 (18.0)
671: (0.0)
672: (0.0)
673: (0.0)
674: (0.0)
675: (0.0)
676: (0.0)
677: (0.0)
678: (0.0)
679: 588 (8.0)
680: 580 590 (16.0)
681: (0.0)
682: 579 (10.0)
683: 589 (8.0)
684: 583 592 599 (26.0)
685: (0.0)
686: 584 (10.0)
687: (0.0)
688: (0.0)
689: 585 604 (17.0)
690: 587 594 (19.0)
691: (0.0)
692: 597 (10.0)
693: 593 595 (18.0)
694: 591 598 (17.0)
695: 607 (10.0)
696: (0.0)
697: (0.0)
698: 596 601 612 (27.0)
699: (0.0)
700: (0.0)
701: (0.0)
702: 600 602 614 615 (33.0)
703: 603 605 606 (27.0)
704: 610 (8.0)
705: (0.0)
706: (0.0)
707: 611 619 (19.0)
708: (0.0)
709: (0.0)
710: (0.0)
711: 609 (9.0)
712: 608 (10.0)
713: (0.0)
714: (0.0)
715: (0.0)
716: (0.0)
717: 628 (9.0)
718: 618 (9.0)
719: 617 625 (17.0)
720: 616 620 (17.0)
721: 613 626 631 (27.0)
722: (0.0)
723: 621 (10.0)
724: (0.0)
725: (0.0)
726: (0.0)
727: 622 623 (17.0)
728: (0.0)
729: 624 634 635 (27.0)
730: (0.0)
731: 627 632 (17.0)
732: (0.0)
733: 630 637 (18.0)
734: (0.0)
735: 638 (10.0)
736: (0.0)
737: (0.0)
738: (0.0)
739: 629 (8.0)
740: 636 640 (20.0)
741: (0.0)
742: 642 (8.0)
743: 633 644 649 (28.0)
744: (0.0)
745: (0.0)
746: (0.0)
747: 639 643 (20.0)
748: 651 (8.0)
749: 654 (10.0)
750: 656 (10.0)
751: 641 (8.0)
752: 645 (10.0)
753: 652 655 659 (26.0)
754: 647 657 (18.0)
755: (0.0)
756: (0.0)
757: 646 648 664 (25.0)
758: 667 (8.0)
759: 650 662 665 (26.0)
760: (0.0)
761: (0.0)
762: (0.0)
763: 658 660 663 (29.0)
764: (0.0)
765: (0.0)
766: 653 661 670 (25.0)
767: (0.0)
768: (0.0)
769: (0.0)
770: 671 (10.0)
771: (0.0)
772: 674 677 (18.0)
773: (0.0)
774: (0.0)
775: 681 (9.0)
776: 666 668 679 (27.0)
777: (0.0)
778: (0.0)
779: 685 (8.0)
780: 669 672 678 (26.0)
781: (0.0)
782: 673 (8.0)
783: (0.0)
784: (0.0)
785: 687 (10.0)
786: (0.0)
787: (0.0)
788: 683 686 (16.0)
789: (0.0)
790: (0.0)
791: (0.0)
792: 675 676 695 (28.0)
793: (0.0)
794: 680 690 692 (27.0)
795: (0.0)
796: (0.0)
797: (0.0)
798: 682 684 689 691 694 (43.0)
799: (0.0)
800: (0.0)
801: 693 (9.0)
802: (0.0)
803: (0.0)
804: 688 707 708 (27.0)
805: (0.0)
806: 696 (10.0)
807: (0.0)
808: 699 (9.0)
809: 701 714 (19.0)
810: 705 713 (18.0)
811: 703 712 (16.0)
812: 697 706 (18.0)
813: 709 (8.0)
814: 702 (8.0)
815: (0.0)
816: 698 700 711 (28.0)
817: (0.0)
818: 704 (8.0)
819: (0.0)
820: (0.0)
821: 724 (8.0)
822: (0.0)
823: (0.0)
824: 710 716 717 721 723 (43.0)
825: 715 (9.0)
826: (0.0)
827: 718 (10.0)
828: (0.0)
829: (0.0)
830: 720 722 729 734 (38.0)
831: (0.0)
832: 719 (10.0)
833: 726 732 (19.0)
834: 727 (10.0)
835: 725 (9.0)
836: 731 (10.0)
837: (0.0)
838: 728 736 (17.0)
839: (0.0)
840: 739 740 (19.0)
841: 737 (9.0)
842: 730 742 (17.0)
843: (0.0)
844: (0.0)
845: (0.0)
846: (0.0)
847: 733 735 743 (26.0)
848: (0.0)
849: (0.0)
850: (0.0)
851: (0.0)
852: (0.0)
853: 747 (8.0)
854: 744 748 (19.0)
855: (0.0)
856: 741 750 (18.0)
857: 738 751 (18.0)
858: 745 755 (17.0)
859: (0.0)
860: 757 (9.0)
861: (0.0)
862: (0.0)
863: (0.0)
864: (0.0)
865: 749 756 (19.0)
866: (0.0)
867: (0.0)
868: 746 759 760 (28.0)
869: (0.0)
870: 753 763 (18.0)
871: 761 (10.0)
872: 752 (8.0)
873: (0.0)
874: 766 (8.0)
875: (0.0)
876: 758 (9.0)
877: (0.0)
878: (0.0)
879: (0.0)
880: (0.0)
881: 754 764 (18.0)
882: (0.0)
883: 773 (8.0)
884: (0.0)
885: 762 768 (19.0)
886: 767 (8.0)
887: 765 (9.0)
888: (0.0)
889: (0.0)
890: (0.0)
891: 769 (10.0)
892: (0.0)
893: 770 771 772 (27.0)
894: 777 781 782 (28.0)
895: (0.0)
896: (0.0)
897: (0.0)
898: 775 785 (19.0)
899: (0.0)
900: 796 (9.0)
901: 780 (8.0)
902: 774 778 779 786 789 (46.0)
903: 784 798 (18.0)
904: (0.0)
905: 795 (8.0)
906: 776 800 (17.0)
907: (0.0)
908: 783 (10.0)
909: 787 792 793 797 803 (46.0)
910: 788 790 802 (26.0)
911: 791 (8.0)
912: (0.0)
913: (0.0)
914: (0.0)
915: (0.0)
916: 799 (10.0)
917: (0.0)
918: 794 806 (17.0)
919: 807 (10.0)
920: 804 805 812 (28.0)
921: (0.0)
922: (0.0)
923: 801 (9.0)
924: (0.0)
925: (0.0)
926: 813 814 (16.0)
927: 815 (10.0)
928: (0.0)
929: (0.0)
930: (0.0)
931: 808 823 (17.0)
932: (0.0)
933: 810 (9.0)
934: 809 821 (20.0)
935: (0.0)
936: 824 (10.0)
937: (0.0)
938: (0.0)
939: (0.0)
940: 811 817 (17.0)
941: 816 (9.0)
942: 826 828 833 (28.0)
943: (0.0)
944: 822 831 (17.0)
945: (0.0)
946: 818 (8.0)
947: 819 825 (20.0)
948: (0.0)
949: 827 (10.0)
950: 820 (8.0)
951: (0.0)
952: 829 (8.0)
953: 830 (9.0)
954: (0.0)
955: (0.0)
956: (0.0)
957: 841 (10.0)
958: (0.0)
959: (0.0)
960: (0.0)
961: 832 834 839 843 845 (45.0)
962: 838 846 (18.0)
963: (0.0)
964: 849 (10.0)
965: 835 (10.0)
966: (0.0)
967: 837 840 852 (28.0)
968: 836 842 844 (26.0)
969: (0.0)
970: 848 854 (19.0)
971: (0.0)
972: (0.0)
973: (0.0)
974: (0.0)
975: (0.0)
976: (0.0)
977: (0.0)
978: (0.0)
979: 851 (8.0)
980: (0.0)
981: 847 863 (17.0)
982: 855 859 864 (28.0)
983: (0.0)
984: (0.0)
985: (0.0)
986: (0.0)
987: 850 856 (18.0)
988: 860 (8.0)
989: 853 858 868 (27.0)
990: (0.0)
991: (0.0)
992: 866 (9.0)
993: 857 871 (17.0)
994: (0.0)
995: 861 (8.0)
996: (0.0)
997: (0.0)
998: (0.0)
999: 862 870 (17.0)
1000: (0.0)
1001: (0.0)
1002: (0.0)
1003: 873 874 (20.0)
1004: (0.0)
1005: (0.0)
1006: 869 (9.0)
1007: 867 (9.0)
1008: (0.0)
1009: 865 872 (20.0)
1010: (0.0)
1011: 877 886 (18.0)
1012: (0.0)
1013: 875 (10.0)
1014: 880 881 (18.0)
1015: 889 (10.0)
1016: (0.0)
1017: 879 884 (19.0)
1018: (0.0)
1019: 876 (9.0)
1020: 891 (8.0)
1021: (0.0)
1022: (0.0)
1023: 878 (8.0)
1024: 897 (9.0)
1025: 882 883 893 (26.0)
1026: 887 (8.0)
1027: (0.0)
1028: (0.0)
1029: (0.0)
1030: (0.0)
1031: 890 (9.0)
1032: 885 888 895 904 (37.0)
1033: (0.0)
1034: (0.0)
1035: 892 894 902 (28.0)
1036: (0.0)
1037: (0.0)
1038: 900 (9.0)
1039: (0.0)
1040: (0.0)
1041: (0.0)
1042: 898 (8.0)
1043: 908 (9.0)
1044: 896 909 914 915 (35.0)
1045: 906 907 910 (28.0)
1046: 899 905 (17.0)
1047: 901 913 (20.0)
1048: (0.0)
1049: (0.0)
1050: 912 (9.0)
1051: 903 (8.0)
1052: (0.0)
1053: 925 (8.0)
1054: 917 918 (18.0)
1055: (0.0)
1056: (0.0)
1057: 911 (8.0)
1058: (0.0)
1059: (0.0)
1060: (0.0)
1061: 923 930 (17.0)
1062: 924 (8.0)
1063: (0.0)
1064: 921 922 (18.0)
1065: (0.0)
1066: 916 919 (18.0)
1067: 920 931 933 (30.0)
1068: (0.0)
1069: 928 (10.0)
1070: 929 935 (18.0)
1071: 926 (9.0)
1072: (0.0)
1073: (0.0)
1074: (0.0)
1075: (0.0)
1076: 927 934 942 (27.0)
1077: 944 (8.0)
1078: (0.0)
1079: (0.0)
1080: 939 947 (16.0)
1081: (0.0)
1082: 937 (9.0)
1083: (0.0)
1084: 938 (10.0)
1085: 948 952 (18.0)
1086: 940 (10.0)
1087: 932 (10.0)
1088: 955 (9.0)
1089: (0.0)
1090: 936 950 954 (26.0)
1091: (0.0)
1092: 957 (9.0)
1093: 949 (8.0)
1094: 945 953 (20.0)
1095: (0.0)
1096: 941 943 (18.0)
1097: (0.0)
1098: (0.0)
1099: (0.0)
1100: 946 951 (20.0)
1101: (0.0)
1102: (0.0)
1103: (0.0)
1104: 958 (10.0)
1105: (0.0)
1106: 968 (8.0)
1107: (0.0)
1108: 956 962 (17.0)
1109: 965 970 971 (29.0)
1110: (0.0)
1111: 961 967 (19.0)
1112: (0.0)
1113: (0.0)
1114: 959 960 963 (28.0)
1115: (0.0)
1116: (0.0)
1117: (0.0)
1118: 964 976 (19.0)
1119: (0.0)
1120: (0.0)
1121: (0.0)
1122: 969 (10.0)
1123: 966 972 977 (28.0)
1124: (0.0)
1125: (0.0)
1126: (0.0)
1127: (0.0)
1128: 973 974 982 983 (35.0)
1129: 981 (10.0)
1130: 978 984 (16.0)
1131: 986 (8.0)
1132: (0.0)
1133: (0.0)
1134: 980 (9.0)
1135: (0.0)
1136: (0.0)
1137: 975 (9.0)
1138: (0.0)
1139: (0.0)
1140: 979 988 989 (28.0)
1141: (0.0)
1142: (0.0)
1143: 985 (8.0)
1144: (0.0)
1145: (0.0)
1146: 993 994 995 (27.0)
1147: 998 (10.0)
1148: 990 (9.0)
1149: (0.0)
1150: 992 (8.0)
1151: (0.0)
1152: 987 999 (16.0)
1153: (0.0)
1154: (0.0)
1155: 991 (8.0)
1156: 996 (10.0)
1157: (0.0)
1158: (0.0)
1159: (0.0)
1160: (0.0)
1161: (0.0)
1162: (0.0)
1163: (0.0)
1164: 997 (10.0)
1165: (0.0)
1166: (0.0)
