Name: 500-10-50
Time: 14.004472017288208 
Result: 68020
Solution:  1 12 15 7 9 6 18 12 26 18 23 24 21 28 24 25 18 21 23 30 37 37 26 33 31 38 34 43 39 38 32 39 42 40 45 43 58 47 49 45 58 61 66 61 59 67 68 68 59 66 67 67 64 78 84 80 71 77 77 85 89 81 92 85 83 84 95 98 91 86 93 90 102 89 100 90 108 103 95 111 110 98 102 109 119 107 107 112 114 111 112 117 109 113 116 121 120 116 117 123 123 119 127 126 119 128 137 126 130 128 139 131 135 136 151 135 147 148 153 147 144 149 149 154 149 157 162 155 162 161 160 171 173 160 157 169 168 172 172 176 169 168 176 169 173 171 171 178 176 174 182 186 187 187 190 186 184 191 204 203 195 190 192 202 195 208 204 203 198 199 198 202 217 202 210 219 216 215 208 212 223 220 214 211 227 220 226 218 224 230 239 226 228 235 225 244 234 243 239 231 240 238 237 250 245 245 251 238 240 256 248 252 253 258 246 252 249 256 258 252 263 267 270 264 260 271 271 275 274 282 271 270 284 289 275 291 283 287 295 282 293 291 297 294 291 293 295 298 294 293 302 303 306 315 313 310 307 302 303 319 306 319 309 309 312 318 324 312 315 320 330 328 333 321 330 332 329 335 325 329 331 336 344 345 337 333 334 332 340 335 343 339 343 349 340 346 346 352 352 345 349 357 349 360 354 354 364 363 352 356 366 362 372 364 370 362 372 368 368 376 379 379 380 380 389 373 387 378 377 382 388 391 386 394 389 392 392 386 391 393 394 401 405 410 403 405 399 408 406 419 413 409 408 409 411 415 421 416 418 423 421 427 425 426 435 434 434 427 443 436 437 435 446 440 444 446 440 442 442 444 457 456 457 448 457 455 460 470 464 465 458 472 467 471 462 470 464 467 477 475 477 478 481 483 482 485 492 483 482 492 489 487 484 499 491 497 502 495 507 498 496 509 509 511 510 497 503 506 502 503 513 516 521 512 513 521 525 516 528 524 518 518 525 529 519 534 523 523 527 529 538 533 544 540 535 540 538 543 546 544 551 545 547 543 543 546 545 555 559 547 552 553 549 560 558 564 555 562 560 556 569 558 559 562 567 570 565 570 564 576 573 585 582 569 571 574 584 574 582 584
0: (0.0)
1: 0 (9.0)
2: (0.0)
3: (0.0)
4: (0.0)
5: (0.0)
6: 5 (8.0)
7: 3 (8.0)
8: (0.0)
9: 4 (10.0)
10: (0.0)
11: (0.0)
12: 1 7 (18.0)
13: (0.0)
14: (0.0)
15: 2 (10.0)
16: (0.0)
17: (0.0)
18: 6 9 16 (28.0)
19: (0.0)
20: (0.0)
21: 12 17 (17.0)
22: (0.0)
23: 10 18 (17.0)
24: 11 14 (17.0)
25: 15 (10.0)
26: 8 22 (17.0)
27: (0.0)
28: 13 (9.0)
29: (0.0)
30: 19 (10.0)
31: 24 (10.0)
32: 30 (10.0)
33: 23 (10.0)
34: 26 (10.0)
35: (0.0)
36: (0.0)
37: 20 21 (16.0)
38: 25 29 (18.0)
39: 28 31 (19.0)
40: 33 (10.0)
41: (0.0)
42: 32 (10.0)
43: 27 35 (17.0)
44: (0.0)
45: 34 39 (17.0)
46: (0.0)
47: 37 (8.0)
48: (0.0)
49: 38 (10.0)
50: (0.0)
51: (0.0)
52: (0.0)
53: (0.0)
54: (0.0)
55: (0.0)
56: (0.0)
57: (0.0)
58: 36 40 (16.0)
59: 44 48 (18.0)
60: (0.0)
61: 41 43 (16.0)
62: (0.0)
63: (0.0)
64: 52 (10.0)
65: (0.0)
66: 42 49 (18.0)
67: 45 50 51 (28.0)
68: 46 47 (17.0)
69: (0.0)
70: (0.0)
71: 56 (10.0)
72: (0.0)
73: (0.0)
74: (0.0)
75: (0.0)
76: (0.0)
77: 57 58 (17.0)
78: 53 (10.0)
79: (0.0)
80: 55 (8.0)
81: 61 (10.0)
82: (0.0)
83: 64 (10.0)
84: 54 65 (18.0)
85: 59 63 (17.0)
86: 69 (9.0)
87: (0.0)
88: (0.0)
89: 60 73 (18.0)
90: 71 75 (18.0)
91: 68 (10.0)
92: 62 (10.0)
93: 70 (10.0)
94: (0.0)
95: 66 78 (17.0)
96: (0.0)
97: (0.0)
98: 67 81 (18.0)
99: (0.0)
100: 74 (10.0)
101: (0.0)
102: 72 82 (17.0)
103: 77 (10.0)
104: (0.0)
105: (0.0)
106: (0.0)
107: 85 86 (17.0)
108: 76 (10.0)
109: 83 92 (17.0)
110: 80 (10.0)
111: 79 89 (17.0)
112: 87 90 (18.0)
113: 93 (10.0)
114: 88 (9.0)
115: (0.0)
116: 94 97 (16.0)
117: 91 98 (18.0)
118: (0.0)
119: 84 101 104 (27.0)
120: 96 (10.0)
121: 95 (10.0)
122: (0.0)
123: 99 100 (17.0)
124: (0.0)
125: (0.0)
126: 103 107 (16.0)
127: 102 (10.0)
128: 105 109 (18.0)
129: (0.0)
130: 108 (10.0)
131: 111 (9.0)
132: (0.0)
133: (0.0)
134: (0.0)
135: 112 115 (17.0)
136: 113 (10.0)
137: 106 (10.0)
138: (0.0)
139: 110 (10.0)
140: (0.0)
141: (0.0)
142: (0.0)
143: (0.0)
144: 120 (10.0)
145: (0.0)
146: (0.0)
147: 116 119 (16.0)
148: 117 (9.0)
149: 121 122 124 (26.0)
150: (0.0)
151: 114 (9.0)
152: (0.0)
153: 118 (10.0)
154: 123 (10.0)
155: 127 (10.0)
156: (0.0)
157: 125 134 (18.0)
158: (0.0)
159: (0.0)
160: 130 133 (17.0)
161: 129 (8.0)
162: 126 128 (17.0)
163: (0.0)
164: (0.0)
165: (0.0)
166: (0.0)
167: (0.0)
168: 136 141 (17.0)
169: 135 140 143 (26.0)
170: (0.0)
171: 131 145 146 (24.0)
172: 137 138 (18.0)
173: 132 144 (17.0)
174: 149 (10.0)
175: (0.0)
176: 139 142 148 (27.0)
177: (0.0)
178: 147 (10.0)
179: (0.0)
180: (0.0)
181: (0.0)
182: 150 (10.0)
183: (0.0)
184: 156 (10.0)
185: (0.0)
186: 151 155 (18.0)
187: 152 153 (18.0)
188: (0.0)
189: (0.0)
190: 154 161 (20.0)
191: 157 (9.0)
192: 162 (10.0)
193: (0.0)
194: (0.0)
195: 160 164 (18.0)
196: (0.0)
197: (0.0)
198: 168 170 (17.0)
199: 169 (10.0)
200: (0.0)
201: (0.0)
202: 163 171 173 (26.0)
203: 159 167 (16.0)
204: 158 166 (17.0)
205: (0.0)
206: (0.0)
207: (0.0)
208: 165 178 (17.0)
209: (0.0)
210: 174 (10.0)
211: 183 (10.0)
212: 179 (10.0)
213: (0.0)
214: 182 (10.0)
215: 177 (9.0)
216: 176 (10.0)
217: 172 (10.0)
218: 187 (9.0)
219: 175 (10.0)
220: 181 185 (20.0)
221: (0.0)
222: (0.0)
223: 180 (9.0)
224: 188 (10.0)
225: 194 (10.0)
226: 186 191 (18.0)
227: 184 (10.0)
228: 192 (10.0)
229: (0.0)
230: 189 (10.0)
231: 199 (9.0)
232: (0.0)
233: (0.0)
234: 196 (10.0)
235: 193 (10.0)
236: (0.0)
237: 202 (10.0)
238: 201 207 (18.0)
239: 190 198 (17.0)
240: 200 208 (17.0)
241: (0.0)
242: (0.0)
243: 197 (9.0)
244: 195 (10.0)
245: 204 205 (17.0)
246: 214 (10.0)
247: (0.0)
248: 210 (10.0)
249: 216 (10.0)
250: 203 (9.0)
251: 206 (10.0)
252: 211 215 219 (25.0)
253: 212 (10.0)
254: (0.0)
255: (0.0)
256: 209 217 (17.0)
257: (0.0)
258: 213 218 (17.0)
259: (0.0)
260: 224 (10.0)
261: (0.0)
262: (0.0)
263: 220 (10.0)
264: 223 (10.0)
265: (0.0)
266: (0.0)
267: 221 (10.0)
268: (0.0)
269: (0.0)
270: 222 231 (18.0)
271: 225 226 230 (27.0)
272: (0.0)
273: (0.0)
274: 228 (9.0)
275: 227 234 (19.0)
276: (0.0)
277: (0.0)
278: (0.0)
279: (0.0)
280: (0.0)
281: (0.0)
282: 229 239 (19.0)
283: 236 (10.0)
284: 232 (10.0)
285: (0.0)
286: (0.0)
287: 237 (8.0)
288: (0.0)
289: 233 (9.0)
290: (0.0)
291: 235 241 244 (26.0)
292: (0.0)
293: 240 245 249 (27.0)
294: 243 248 (18.0)
295: 238 246 (18.0)
296: (0.0)
297: 242 (10.0)
298: 247 (9.0)
299: (0.0)
300: (0.0)
301: (0.0)
302: 250 257 (19.0)
303: 251 258 (17.0)
304: (0.0)
305: (0.0)
306: 252 260 (18.0)
307: 256 (10.0)
308: (0.0)
309: 262 263 (16.0)
310: 255 (10.0)
311: (0.0)
312: 264 267 (18.0)
313: 254 (10.0)
314: (0.0)
315: 253 268 (17.0)
316: (0.0)
317: (0.0)
318: 265 (10.0)
319: 259 261 (17.0)
320: 269 (8.0)
321: 273 (10.0)
322: (0.0)
323: (0.0)
324: 266 (9.0)
325: 278 (8.0)
326: (0.0)
327: (0.0)
328: 271 (10.0)
329: 276 279 (17.0)
330: 270 274 (16.0)
331: 280 (10.0)
332: 275 287 (18.0)
333: 272 285 (19.0)
334: 286 (10.0)
335: 277 289 (17.0)
336: 281 (8.0)
337: 284 (10.0)
338: (0.0)
339: 291 (8.0)
340: 288 294 (18.0)
341: (0.0)
342: (0.0)
343: 290 292 (18.0)
344: 282 (10.0)
345: 283 299 (16.0)
346: 295 296 (17.0)
347: (0.0)
348: (0.0)
349: 293 300 302 (28.0)
350: (0.0)
351: (0.0)
352: 297 298 308 (26.0)
353: (0.0)
354: 304 305 (17.0)
355: (0.0)
356: 309 (9.0)
357: 301 (10.0)
358: (0.0)
359: (0.0)
360: 303 (10.0)
361: (0.0)
362: 311 315 (18.0)
363: 307 (10.0)
364: 306 313 (17.0)
365: (0.0)
366: 310 (10.0)
367: (0.0)
368: 317 318 (18.0)
369: (0.0)
370: 314 (10.0)
371: (0.0)
372: 312 316 (18.0)
373: 325 (8.0)
374: (0.0)
375: (0.0)
376: 319 (10.0)
377: 328 (10.0)
378: 327 (10.0)
379: 320 321 (18.0)
380: 322 323 (17.0)
381: (0.0)
382: 329 (9.0)
383: (0.0)
384: (0.0)
385: (0.0)
386: 332 337 (17.0)
387: 326 (10.0)
388: 330 (9.0)
389: 324 334 (17.0)
390: (0.0)
391: 331 338 (17.0)
392: 335 336 (16.0)
393: 339 (9.0)
394: 333 340 (19.0)
395: (0.0)
396: (0.0)
397: (0.0)
398: (0.0)
399: 346 (10.0)
400: (0.0)
401: 341 (10.0)
402: (0.0)
403: 344 (10.0)
404: (0.0)
405: 342 345 (18.0)
406: 348 (10.0)
407: (0.0)
408: 347 352 (17.0)
409: 351 353 (16.0)
410: 343 (10.0)
411: 354 (9.0)
412: (0.0)
413: 350 (10.0)
414: (0.0)
415: 355 (9.0)
416: 357 (9.0)
417: (0.0)
418: 358 (10.0)
419: 349 (9.0)
420: (0.0)
421: 356 360 (17.0)
422: (0.0)
423: 359 (9.0)
424: (0.0)
425: 362 (9.0)
426: 363 (10.0)
427: 361 367 (17.0)
428: (0.0)
429: (0.0)
430: (0.0)
431: (0.0)
432: (0.0)
433: (0.0)
434: 365 366 (19.0)
435: 364 371 (20.0)
436: 369 (10.0)
437: 370 (10.0)
438: (0.0)
439: (0.0)
440: 373 376 (20.0)
441: (0.0)
442: 377 378 (17.0)
443: 368 (9.0)
444: 374 379 (20.0)
445: (0.0)
446: 372 375 (17.0)
447: (0.0)
448: 383 (10.0)
449: (0.0)
450: (0.0)
451: (0.0)
452: (0.0)
453: (0.0)
454: (0.0)
455: 385 (10.0)
456: 381 (10.0)
457: 380 382 384 (24.0)
458: 390 (9.0)
459: (0.0)
460: 386 (10.0)
461: (0.0)
462: 394 (10.0)
463: (0.0)
464: 388 396 (17.0)
465: 389 (9.0)
466: (0.0)
467: 392 397 (18.0)
468: (0.0)
469: (0.0)
470: 387 395 (19.0)
471: 393 (10.0)
472: 391 (10.0)
473: (0.0)
474: (0.0)
475: 399 (10.0)
476: (0.0)
477: 398 400 (17.0)
478: 401 (10.0)
479: (0.0)
480: (0.0)
481: 402 (10.0)
482: 404 408 (19.0)
483: 403 407 (20.0)
484: 412 (9.0)
485: 405 (9.0)
486: (0.0)
487: 411 (10.0)
488: (0.0)
489: 410 (10.0)
490: (0.0)
491: 414 (9.0)
492: 406 409 (17.0)
493: (0.0)
494: (0.0)
495: 417 (9.0)
496: 420 (10.0)
497: 415 425 (16.0)
498: 419 (10.0)
499: 413 (10.0)
500: (0.0)
501: (0.0)
502: 416 428 (16.0)
503: 426 429 (17.0)
504: (0.0)
505: (0.0)
506: 427 (8.0)
507: 418 (10.0)
508: (0.0)
509: 421 422 (17.0)
510: 424 (8.0)
511: 423 (10.0)
512: 433 (10.0)
513: 430 434 (17.0)
514: (0.0)
515: (0.0)
516: 431 437 (18.0)
517: (0.0)
518: 440 441 (16.0)
519: 444 (10.0)
520: (0.0)
521: 432 435 (17.0)
522: (0.0)
523: 446 447 (17.0)
524: 439 (9.0)
525: 436 442 (17.0)
526: (0.0)
527: 448 (10.0)
528: 438 (10.0)
529: 443 449 (17.0)
530: (0.0)
531: (0.0)
532: (0.0)
533: 451 (10.0)
534: 445 (10.0)
535: 454 (8.0)
536: (0.0)
537: (0.0)
538: 450 456 (18.0)
539: (0.0)
540: 453 455 (19.0)
541: (0.0)
542: (0.0)
543: 457 463 464 (25.0)
544: 452 459 (17.0)
545: 461 466 (18.0)
546: 458 465 (20.0)
547: 462 469 (16.0)
548: (0.0)
549: 472 (8.0)
550: (0.0)
551: 460 (10.0)
552: 470 (10.0)
553: 471 (10.0)
554: (0.0)
555: 467 476 (19.0)
556: 479 (10.0)
557: (0.0)
558: 474 481 (17.0)
559: 468 482 (20.0)
560: 473 478 (18.0)
561: (0.0)
562: 477 483 (16.0)
563: (0.0)
564: 475 488 (18.0)
565: 486 (10.0)
566: (0.0)
567: 484 (10.0)
568: (0.0)
569: 480 493 (17.0)
570: 485 487 (16.0)
571: 494 (9.0)
572: (0.0)
573: 490 (10.0)
574: 495 497 (16.0)
575: (0.0)
576: 489 (10.0)
577: (0.0)
578: (0.0)
579: (0.0)
580: (0.0)
581: (0.0)
582: 492 498 (17.0)
583: (0.0)
584: 496 499 (17.0)
585: 491 (9.0)
586: (0.0)
587: (0.0)
588: (0.0)
