Name: 500-10-50
Time: 14.193970918655396 
Result: 80027
Solution:  4 3 9 5 9 16 20 14 27 18 19 19 29 24 16 23 21 23 21 25 24 27 26 33 40 26 39 35 34 34 31 37 36 41 46 52 55 46 48 63 52 54 61 54 59 66 65 65 62 70 63 70 67 77 82 73 75 80 73 80 84 85 83 89 79 94 84 99 91 100 105 93 89 99 104 93 106 100 113 114 96 108 101 109 101 112 115 108 115 120 112 118 119 122 109 124 123 119 116 114 126 117 127 118 129 126 128 132 134 129 143 139 139 148 135 142 149 146 145 146 159 155 151 153 149 158 161 156 160 158 166 160 161 155 166 174 164 165 163 173 177 173 168 174 168 176 176 171 172 184 185 177 188 196 182 191 186 194 199 194 195 197 198 205 205 195 200 196 204 206 200 199 203 217 208 202 212 217 215 213 210 219 214 218 224 221 215 233 219 227 239 233 230 229 228 247 236 235 240 235 241 240 238 237 239 241 237 241 246 243 253 246 244 258 250 252 261 258 252 262 256 261 272 264 262 273 269 268 275 283 277 281 287 275 284 292 282 281 295 284 292 288 294 296 302 300 297 293 299 306 310 299 310 302 314 311 319 306 305 315 314 324 315 314 322 317 327 332 322 326 331 323 320 319 320 326 335 337 328 338 330 342 343 331 338 345 336 348 345 340 335 344 336 344 338 357 342 340 360 343 351 354 360 356 348 352 359 363 352 357 367 364 358 371 375 372 373 365 372 369 378 373 387 371 385 382 377 381 385 379 387 382 390 384 398 390 387 393 398 401 404 393 402 408 397 401 405 419 406 418 410 411 419 411 420 421 418 421 417 425 419 420 427 432 429 426 435 435 432 439 434 450 446 440 441 447 448 454 455 453 447 459 458 462 454 466 463 466 458 465 469 476 474 469 479 474 464 474 468 479 474 483 491 484 485 484 488 482 490 495 488 500 493 501 503 504 500 490 493 499 502 497 511 495 504 497 498 511 505 503 505 511 520 509 517 520 527 518 529 525 527 525 535 524 522 520 531 532 529 534 524 540 535 531 548 533 546 532 541 543 544 545 552 540 543 542 548 562 546 549 558 555 559 567 552 563 564 566 559 573 560 560 569 563 571 567 562 566 569 575 572 583 570 571 570 577 575 575 583 574
0: (0.0)
1: (0.0)
2: (0.0)
3: 1 (9.0)
4: 0 (9.0)
5: 3 (8.0)
6: (0.0)
7: (0.0)
8: (0.0)
9: 2 4 (20.0)
10: (0.0)
11: (0.0)
12: (0.0)
13: (0.0)
14: 7 (9.0)
15: (0.0)
16: 5 14 (16.0)
17: (0.0)
18: 9 (10.0)
19: 10 11 (18.0)
20: 6 (10.0)
21: 16 18 (16.0)
22: (0.0)
23: 15 17 (19.0)
24: 13 20 (17.0)
25: 19 (10.0)
26: 22 25 (18.0)
27: 8 21 (16.0)
28: (0.0)
29: 12 (8.0)
30: (0.0)
31: 30 (10.0)
32: (0.0)
33: 23 (10.0)
34: 28 29 (18.0)
35: 27 (8.0)
36: 32 (10.0)
37: 31 (10.0)
38: (0.0)
39: 26 (10.0)
40: 24 (10.0)
41: 33 (10.0)
42: (0.0)
43: (0.0)
44: (0.0)
45: (0.0)
46: 34 37 (17.0)
47: (0.0)
48: 38 (10.0)
49: (0.0)
50: (0.0)
51: (0.0)
52: 35 40 (17.0)
53: (0.0)
54: 41 43 (16.0)
55: 36 (8.0)
56: (0.0)
57: (0.0)
58: (0.0)
59: 44 (9.0)
60: (0.0)
61: 42 (10.0)
62: 48 (9.0)
63: 39 50 (17.0)
64: (0.0)
65: 46 47 (17.0)
66: 45 (10.0)
67: 52 (10.0)
68: (0.0)
69: (0.0)
70: 49 51 (17.0)
71: (0.0)
72: (0.0)
73: 55 58 (17.0)
74: (0.0)
75: 56 (10.0)
76: (0.0)
77: 53 (10.0)
78: (0.0)
79: 64 (10.0)
80: 57 59 (17.0)
81: (0.0)
82: 54 (9.0)
83: 62 (10.0)
84: 60 66 (18.0)
85: 61 (10.0)
86: (0.0)
87: (0.0)
88: (0.0)
89: 63 72 (17.0)
90: (0.0)
91: 68 (10.0)
92: (0.0)
93: 71 75 (18.0)
94: 65 (9.0)
95: (0.0)
96: 80 (10.0)
97: (0.0)
98: (0.0)
99: 67 73 (18.0)
100: 69 77 (19.0)
101: 82 84 (17.0)
102: (0.0)
103: (0.0)
104: 74 (10.0)
105: 70 (10.0)
106: 76 (10.0)
107: (0.0)
108: 81 87 (18.0)
109: 83 94 (17.0)
110: (0.0)
111: (0.0)
112: 85 90 (18.0)
113: 78 (8.0)
114: 79 99 (18.0)
115: 86 88 (17.0)
116: 98 (10.0)
117: 101 (10.0)
118: 91 103 (16.0)
119: 92 97 (16.0)
120: 89 (8.0)
121: (0.0)
122: 93 (10.0)
123: 96 (10.0)
124: 95 (10.0)
125: (0.0)
126: 100 105 (17.0)
127: 102 (10.0)
128: 106 (10.0)
129: 104 109 (17.0)
130: (0.0)
131: (0.0)
132: 107 (8.0)
133: (0.0)
134: 108 (10.0)
135: 114 (9.0)
136: (0.0)
137: (0.0)
138: (0.0)
139: 111 112 (18.0)
140: (0.0)
141: (0.0)
142: 115 (8.0)
143: 110 (10.0)
144: (0.0)
145: 118 (10.0)
146: 117 119 (17.0)
147: (0.0)
148: 113 (10.0)
149: 116 124 (17.0)
150: (0.0)
151: 122 (9.0)
152: (0.0)
153: 123 (10.0)
154: (0.0)
155: 121 133 (16.0)
156: 127 (10.0)
157: (0.0)
158: 125 129 (17.0)
159: 120 (10.0)
160: 128 131 (17.0)
161: 126 132 (16.0)
162: (0.0)
163: 138 (9.0)
164: 136 (9.0)
165: 137 (9.0)
166: 130 134 (18.0)
167: (0.0)
168: 142 144 (17.0)
169: (0.0)
170: (0.0)
171: 147 (10.0)
172: 148 (10.0)
173: 139 141 (17.0)
174: 135 143 (17.0)
175: (0.0)
176: 145 146 (16.0)
177: 140 151 (17.0)
178: (0.0)
179: (0.0)
180: (0.0)
181: (0.0)
182: 154 (10.0)
183: (0.0)
184: 149 (10.0)
185: 150 (10.0)
186: 156 (10.0)
187: (0.0)
188: 152 (9.0)
189: (0.0)
190: (0.0)
191: 155 (10.0)
192: (0.0)
193: (0.0)
194: 157 159 (17.0)
195: 160 165 (17.0)
196: 153 167 (17.0)
197: 161 (10.0)
198: 162 (10.0)
199: 158 171 (18.0)
200: 166 170 (18.0)
201: (0.0)
202: 175 (10.0)
203: 172 (10.0)
204: 168 (8.0)
205: 163 164 (17.0)
206: 169 (10.0)
207: (0.0)
208: 174 (10.0)
209: (0.0)
210: 180 (9.0)
211: (0.0)
212: 176 (10.0)
213: 179 (10.0)
214: 182 (10.0)
215: 178 186 (18.0)
216: (0.0)
217: 173 177 (17.0)
218: 183 (10.0)
219: 181 188 (20.0)
220: (0.0)
221: 185 (10.0)
222: (0.0)
223: (0.0)
224: 184 (10.0)
225: (0.0)
226: (0.0)
227: 189 (10.0)
228: 194 (10.0)
229: 193 (10.0)
230: 192 (10.0)
231: (0.0)
232: (0.0)
233: 187 191 (18.0)
234: (0.0)
235: 197 199 (18.0)
236: 196 (10.0)
237: 203 206 (19.0)
238: 202 (10.0)
239: 190 204 (18.0)
240: 198 201 (17.0)
241: 200 205 207 (25.0)
242: (0.0)
243: 209 (9.0)
244: 212 (10.0)
245: (0.0)
246: 208 211 (18.0)
247: 195 (10.0)
248: (0.0)
249: (0.0)
250: 214 (10.0)
251: (0.0)
252: 215 218 (16.0)
253: 210 (10.0)
254: (0.0)
255: (0.0)
256: 220 (10.0)
257: (0.0)
258: 213 217 (17.0)
259: (0.0)
260: (0.0)
261: 216 221 (20.0)
262: 219 224 (18.0)
263: (0.0)
264: 223 (10.0)
265: (0.0)
266: (0.0)
267: (0.0)
268: 227 (10.0)
269: 226 (9.0)
270: (0.0)
271: (0.0)
272: 222 (10.0)
273: 225 (10.0)
274: (0.0)
275: 228 233 (18.0)
276: (0.0)
277: 230 (8.0)
278: (0.0)
279: (0.0)
280: (0.0)
281: 231 237 (16.0)
282: 236 (10.0)
283: 229 (10.0)
284: 234 239 (18.0)
285: (0.0)
286: (0.0)
287: 232 (10.0)
288: 241 (9.0)
289: (0.0)
290: (0.0)
291: (0.0)
292: 235 240 (18.0)
293: 247 (9.0)
294: 242 (10.0)
295: 238 (10.0)
296: 243 (8.0)
297: 246 (8.0)
298: (0.0)
299: 248 251 (18.0)
300: 245 (9.0)
301: (0.0)
302: 244 253 (16.0)
303: (0.0)
304: (0.0)
305: 258 (9.0)
306: 249 257 (19.0)
307: (0.0)
308: (0.0)
309: (0.0)
310: 250 252 (18.0)
311: 255 (10.0)
312: (0.0)
313: (0.0)
314: 254 260 263 (27.0)
315: 259 262 (16.0)
316: (0.0)
317: 265 (10.0)
318: (0.0)
319: 256 273 (20.0)
320: 272 274 (17.0)
321: (0.0)
322: 264 268 (18.0)
323: 271 (10.0)
324: 261 (9.0)
325: (0.0)
326: 269 275 (17.0)
327: 266 (9.0)
328: 278 (8.0)
329: (0.0)
330: 280 (10.0)
331: 270 283 (16.0)
332: 267 (9.0)
333: (0.0)
334: (0.0)
335: 276 290 (18.0)
336: 286 292 (19.0)
337: 277 (8.0)
338: 279 284 294 (27.0)
339: (0.0)
340: 289 297 (18.0)
341: (0.0)
342: 281 296 (17.0)
343: 282 299 (18.0)
344: 291 293 (17.0)
345: 285 288 (19.0)
346: (0.0)
347: (0.0)
348: 287 304 (17.0)
349: (0.0)
350: (0.0)
351: 300 (10.0)
352: 305 308 (17.0)
353: (0.0)
354: 301 (10.0)
355: (0.0)
356: 303 (10.0)
357: 295 309 (17.0)
358: 312 (9.0)
359: 306 (8.0)
360: 298 302 (18.0)
361: (0.0)
362: (0.0)
363: 307 (10.0)
364: 311 (9.0)
365: 317 (9.0)
366: (0.0)
367: 310 (10.0)
368: (0.0)
369: 319 (10.0)
370: (0.0)
371: 313 323 (17.0)
372: 315 318 (18.0)
373: 316 321 (18.0)
374: (0.0)
375: 314 (10.0)
376: (0.0)
377: 326 (10.0)
378: 320 (9.0)
379: 329 (9.0)
380: (0.0)
381: 327 (10.0)
382: 325 331 (16.0)
383: (0.0)
384: 333 (10.0)
385: 324 328 (18.0)
386: (0.0)
387: 322 330 336 (26.0)
388: (0.0)
389: (0.0)
390: 332 335 (17.0)
391: (0.0)
392: (0.0)
393: 337 341 (18.0)
394: (0.0)
395: (0.0)
396: (0.0)
397: 344 (10.0)
398: 334 338 (18.0)
399: (0.0)
400: (0.0)
401: 339 345 (18.0)
402: 342 (9.0)
403: (0.0)
404: 340 (9.0)
405: 346 (10.0)
406: 348 (10.0)
407: (0.0)
408: 343 (10.0)
409: (0.0)
410: 350 (10.0)
411: 351 353 (16.0)
412: (0.0)
413: (0.0)
414: (0.0)
415: (0.0)
416: (0.0)
417: 358 (10.0)
418: 349 356 (17.0)
419: 347 352 360 (26.0)
420: 354 361 (18.0)
421: 355 357 (18.0)
422: (0.0)
423: (0.0)
424: (0.0)
425: 359 (9.0)
426: 365 (10.0)
427: 362 (9.0)
428: (0.0)
429: 364 (10.0)
430: (0.0)
431: (0.0)
432: 363 368 (19.0)
433: (0.0)
434: 370 (10.0)
435: 366 367 (17.0)
436: (0.0)
437: (0.0)
438: (0.0)
439: 369 (10.0)
440: 373 (10.0)
441: 374 (10.0)
442: (0.0)
443: (0.0)
444: (0.0)
445: (0.0)
446: 372 (8.0)
447: 375 380 (17.0)
448: 376 (10.0)
449: (0.0)
450: 371 (10.0)
451: (0.0)
452: (0.0)
453: 379 (10.0)
454: 377 384 (16.0)
455: 378 (9.0)
456: (0.0)
457: (0.0)
458: 382 388 (16.0)
459: 381 (10.0)
460: (0.0)
461: (0.0)
462: 383 (10.0)
463: 386 (10.0)
464: 396 (9.0)
465: 389 (9.0)
466: 385 387 (20.0)
467: (0.0)
468: 398 (9.0)
469: 390 393 (19.0)
470: (0.0)
471: (0.0)
472: (0.0)
473: (0.0)
474: 392 395 397 400 (35.0)
475: (0.0)
476: 391 (10.0)
477: (0.0)
478: (0.0)
479: 394 399 (20.0)
480: (0.0)
481: (0.0)
482: 407 (10.0)
483: 401 (10.0)
484: 403 405 (19.0)
485: 404 (10.0)
486: (0.0)
487: (0.0)
488: 406 410 (18.0)
489: (0.0)
490: 408 417 (18.0)
491: 402 (10.0)
492: (0.0)
493: 412 418 (19.0)
494: (0.0)
495: 409 423 (19.0)
496: (0.0)
497: 421 425 (17.0)
498: 426 (9.0)
499: 419 (10.0)
500: 411 416 (18.0)
501: 413 (10.0)
502: 420 (10.0)
503: 414 429 (17.0)
504: 415 424 (16.0)
505: 428 430 (17.0)
506: (0.0)
507: (0.0)
508: (0.0)
509: 433 (10.0)
510: (0.0)
511: 422 427 431 (25.0)
512: (0.0)
513: (0.0)
514: (0.0)
515: (0.0)
516: (0.0)
517: 434 (8.0)
518: 437 (9.0)
519: (0.0)
520: 432 435 445 (27.0)
521: (0.0)
522: 444 (10.0)
523: (0.0)
524: 443 450 (18.0)
525: 439 441 (17.0)
526: (0.0)
527: 436 440 (16.0)
528: (0.0)
529: 438 448 (20.0)
530: (0.0)
531: 446 453 (17.0)
532: 447 457 (18.0)
533: 455 (10.0)
534: 449 (8.0)
535: 442 452 (17.0)
536: (0.0)
537: (0.0)
538: (0.0)
539: (0.0)
540: 451 463 (18.0)
541: 458 (10.0)
542: 465 (10.0)
543: 459 464 (17.0)
544: 460 (10.0)
545: 461 (9.0)
546: 456 468 (19.0)
547: (0.0)
548: 454 466 (17.0)
549: 469 (8.0)
550: (0.0)
551: (0.0)
552: 462 474 (17.0)
553: (0.0)
554: (0.0)
555: 471 (10.0)
556: (0.0)
557: (0.0)
558: 470 (10.0)
559: 472 478 (17.0)
560: 480 481 (17.0)
561: (0.0)
562: 467 486 (19.0)
563: 475 483 (17.0)
564: 476 (10.0)
565: (0.0)
566: 477 487 (16.0)
567: 473 485 (17.0)
568: (0.0)
569: 482 488 (19.0)
570: 492 494 (17.0)
571: 484 493 (18.0)
572: 490 (10.0)
573: 479 (10.0)
574: 499 (9.0)
575: 489 496 497 (26.0)
576: (0.0)
577: 495 (8.0)
578: (0.0)
579: (0.0)
580: (0.0)
581: (0.0)
582: (0.0)
583: 491 498 (18.0)
584: (0.0)
585: (0.0)
586: (0.0)
587: (0.0)
588: (0.0)
