Name: 500-10-50
Time: 13.972145080566406 
Result: 74027
Solution:  10 16 5 8 12 8 13 16 14 11 14 18 27 15 23 20 27 24 36 31 23 36 32 35 30 38 29 33 38 33 45 37 43 38 42 49 42 55 54 49 59 55 52 59 60 61 66 60 69 74 69 64 71 68 73 66 73 80 82 74 80 83 92 90 79 94 90 92 94 91 93 98 107 99 98 99 105 106 104 101 97 101 104 108 109 108 110 109 116 109 107 113 110 121 113 112 123 116 124 122 130 119 118 126 126 122 137 134 136 130 146 136 144 134 141 139 136 139 150 141 156 142 142 147 151 161 151 158 160 167 164 164 168 168 163 174 169 160 170 170 179 169 173 167 172 180 172 175 183 176 184 180 187 188 193 192 185 189 200 190 188 191 201 195 193 193 196 196 202 200 199 205 209 202 213 220 206 220 224 215 219 213 210 212 225 222 215 226 235 230 226 236 224 232 235 248 240 238 236 243 238 242 241 249 237 251 247 242 240 240 249 243 250 247 246 251 249 255 258 258 255 266 262 269 267 273 266 264 266 282 287 278 275 274 274 290 284 287 283 295 286 285 293 290 295 298 299 295 300 299 307 303 303 308 301 302 313 306 310 308 316 307 311 310 320 319 329 317 324 324 320 336 332 318 329 332 335 330 335 331 327 339 340 330 342 338 333 342 342 341 336 344 335 336 341 347 339 352 349 344 357 360 356 364 357 350 352 367 355 356 371 364 373 367 372 361 375 383 374 371 374 378 378 375 373 384 392 390 379 385 384 384 386 398 386 385 397 388 389 393 397 405 410 409 399 401 402 418 403 411 415 410 414 418 411 414 421 417 419 426 426 420 439 427 424 428 434 434 435 430 447 449 439 440 437 445 443 450 460 457 464 458 455 450 451 459 468 466 460 460 463 470 475 465 472 464 465 477 470 472 479 487 482 489 479 478 490 480 491 487 484 497 490 503 503 492 491 492 506 503 492 508 508 500 501 502 505 510 501 502 510 505 517 511 522 522 530 514 513 522 517 520 536 527 528 523 530 522 527 528 531 533 536 538 547 542 543 538 548 544 539 541 541 547 551 545 544 559 555 551 554 552 563 565 558 559 568 566 555 558 568 564 572 564 574 560 559 569 565 566 573 579 569 569 578 580 585 574 585 579
0: (0.0)
1: (0.0)
2: (0.0)
3: (0.0)
4: (0.0)
5: 2 (10.0)
6: (0.0)
7: (0.0)
8: 3 5 (16.0)
9: (0.0)
10: 0 (9.0)
11: 9 (10.0)
12: 4 (10.0)
13: 6 (10.0)
14: 8 10 (17.0)
15: 13 (9.0)
16: 1 7 (18.0)
17: (0.0)
18: 11 (9.0)
19: (0.0)
20: 15 (10.0)
21: (0.0)
22: (0.0)
23: 14 20 (16.0)
24: 17 (9.0)
25: (0.0)
26: (0.0)
27: 12 16 (16.0)
28: (0.0)
29: 26 (10.0)
30: 24 (10.0)
31: 19 (10.0)
32: 22 (9.0)
33: 27 29 (17.0)
34: (0.0)
35: 23 (10.0)
36: 18 21 (16.0)
37: 31 (10.0)
38: 25 28 33 (28.0)
39: (0.0)
40: (0.0)
41: (0.0)
42: 34 36 (17.0)
43: 32 (10.0)
44: (0.0)
45: 30 (10.0)
46: (0.0)
47: (0.0)
48: (0.0)
49: 35 39 (17.0)
50: (0.0)
51: (0.0)
52: 42 (10.0)
53: (0.0)
54: 38 (10.0)
55: 37 41 (16.0)
56: (0.0)
57: (0.0)
58: (0.0)
59: 40 43 (16.0)
60: 44 47 (17.0)
61: 45 (10.0)
62: (0.0)
63: (0.0)
64: 51 (9.0)
65: (0.0)
66: 46 55 (17.0)
67: (0.0)
68: 53 (10.0)
69: 48 50 (18.0)
70: (0.0)
71: 52 (10.0)
72: (0.0)
73: 54 56 (19.0)
74: 49 59 (17.0)
75: (0.0)
76: (0.0)
77: (0.0)
78: (0.0)
79: 64 (10.0)
80: 57 60 (17.0)
81: (0.0)
82: 58 (9.0)
83: 61 (10.0)
84: (0.0)
85: (0.0)
86: (0.0)
87: (0.0)
88: (0.0)
89: (0.0)
90: 63 66 (17.0)
91: 69 (9.0)
92: 62 67 (19.0)
93: 70 (10.0)
94: 65 68 (19.0)
95: (0.0)
96: (0.0)
97: 80 (10.0)
98: 71 74 (19.0)
99: 73 75 (18.0)
100: (0.0)
101: 79 81 (18.0)
102: (0.0)
103: (0.0)
104: 78 82 (16.0)
105: 76 (10.0)
106: 77 (10.0)
107: 72 90 (18.0)
108: 83 85 (18.0)
109: 84 87 89 (26.0)
110: 86 92 (16.0)
111: (0.0)
112: 95 (10.0)
113: 91 94 (16.0)
114: (0.0)
115: (0.0)
116: 88 97 (17.0)
117: (0.0)
118: 102 (10.0)
119: 101 (10.0)
120: (0.0)
121: 93 (10.0)
122: 99 105 (18.0)
123: 96 (10.0)
124: 98 (10.0)
125: (0.0)
126: 103 104 (16.0)
127: (0.0)
128: (0.0)
129: (0.0)
130: 100 109 (17.0)
131: (0.0)
132: (0.0)
133: (0.0)
134: 107 113 (18.0)
135: (0.0)
136: 108 111 116 (27.0)
137: 106 (10.0)
138: (0.0)
139: 115 117 (17.0)
140: (0.0)
141: 114 119 (17.0)
142: 121 122 (17.0)
143: (0.0)
144: 112 (9.0)
145: (0.0)
146: 110 (10.0)
147: 123 (10.0)
148: (0.0)
149: (0.0)
150: 118 (10.0)
151: 124 126 (17.0)
152: (0.0)
153: (0.0)
154: (0.0)
155: (0.0)
156: 120 (10.0)
157: (0.0)
158: 127 (10.0)
159: (0.0)
160: 128 137 (18.0)
161: 125 (9.0)
162: (0.0)
163: 134 (9.0)
164: 130 131 (17.0)
165: (0.0)
166: (0.0)
167: 129 143 (16.0)
168: 132 133 (16.0)
169: 136 141 (17.0)
170: 138 139 (18.0)
171: (0.0)
172: 144 146 (17.0)
173: 142 (8.0)
174: 135 (9.0)
175: 147 (10.0)
176: 149 (10.0)
177: (0.0)
178: (0.0)
179: 140 (9.0)
180: 145 151 (16.0)
181: (0.0)
182: (0.0)
183: 148 (10.0)
184: 150 (10.0)
185: 156 (10.0)
186: (0.0)
187: 152 (9.0)
188: 153 160 (18.0)
189: 157 (9.0)
190: 159 (8.0)
191: 161 (10.0)
192: 155 (10.0)
193: 154 164 165 (27.0)
194: (0.0)
195: 163 (8.0)
196: 166 167 (17.0)
197: (0.0)
198: (0.0)
199: 170 (9.0)
200: 158 169 (18.0)
201: 162 (10.0)
202: 168 173 (16.0)
203: (0.0)
204: (0.0)
205: 171 (10.0)
206: 176 (10.0)
207: (0.0)
208: (0.0)
209: 172 (10.0)
210: 182 (10.0)
211: (0.0)
212: 183 (10.0)
213: 174 181 (20.0)
214: (0.0)
215: 179 186 (19.0)
216: (0.0)
217: (0.0)
218: (0.0)
219: 180 (9.0)
220: 175 177 (19.0)
221: (0.0)
222: 185 (10.0)
223: (0.0)
224: 178 192 (19.0)
225: 184 (10.0)
226: 187 190 (18.0)
227: (0.0)
228: (0.0)
229: (0.0)
230: 189 (10.0)
231: (0.0)
232: 193 (10.0)
233: (0.0)
234: (0.0)
235: 188 194 (20.0)
236: 191 198 (17.0)
237: 204 (9.0)
238: 197 200 (17.0)
239: (0.0)
240: 196 208 209 (28.0)
241: 202 (10.0)
242: 201 207 (18.0)
243: 199 211 (18.0)
244: (0.0)
245: (0.0)
246: 214 (10.0)
247: 206 213 (19.0)
248: 195 (10.0)
249: 203 210 216 (29.0)
250: 212 (10.0)
251: 205 215 (16.0)
252: (0.0)
253: (0.0)
254: (0.0)
255: 217 220 (18.0)
256: (0.0)
257: (0.0)
258: 218 219 (16.0)
259: (0.0)
260: (0.0)
261: (0.0)
262: 222 (10.0)
263: (0.0)
264: 227 (10.0)
265: (0.0)
266: 221 226 228 (28.0)
267: 224 (10.0)
268: (0.0)
269: 223 (10.0)
270: (0.0)
271: (0.0)
272: (0.0)
273: 225 (10.0)
274: 233 234 (18.0)
275: 232 (10.0)
276: (0.0)
277: (0.0)
278: 231 (8.0)
279: (0.0)
280: (0.0)
281: (0.0)
282: 229 (10.0)
283: 238 (10.0)
284: 236 (10.0)
285: 241 (9.0)
286: 240 (9.0)
287: 230 237 (16.0)
288: (0.0)
289: (0.0)
290: 235 243 (17.0)
291: (0.0)
292: (0.0)
293: 242 (10.0)
294: (0.0)
295: 239 244 247 (26.0)
296: (0.0)
297: (0.0)
298: 245 (9.0)
299: 246 249 (17.0)
300: 248 (10.0)
301: 254 (10.0)
302: 255 (10.0)
303: 251 252 (17.0)
304: (0.0)
305: (0.0)
306: 257 (10.0)
307: 250 261 (18.0)
308: 253 259 (16.0)
309: (0.0)
310: 258 263 (17.0)
311: 262 (8.0)
312: (0.0)
313: 256 (10.0)
314: (0.0)
315: (0.0)
316: 260 (9.0)
317: 267 (9.0)
318: 273 (10.0)
319: 265 (10.0)
320: 264 270 (17.0)
321: (0.0)
322: (0.0)
323: (0.0)
324: 268 269 (17.0)
325: (0.0)
326: (0.0)
327: 280 (10.0)
328: (0.0)
329: 266 274 (17.0)
330: 277 283 (16.0)
331: 279 (8.0)
332: 272 275 (18.0)
333: 286 (10.0)
334: (0.0)
335: 276 278 292 (26.0)
336: 271 290 293 (28.0)
337: (0.0)
338: 285 (10.0)
339: 281 296 (17.0)
340: 282 (10.0)
341: 289 294 (18.0)
342: 284 287 288 (28.0)
343: (0.0)
344: 291 299 (16.0)
345: (0.0)
346: (0.0)
347: 295 (8.0)
348: (0.0)
349: 298 (9.0)
350: 305 (9.0)
351: (0.0)
352: 297 306 (17.0)
353: (0.0)
354: (0.0)
355: 308 (8.0)
356: 302 309 (18.0)
357: 300 304 (18.0)
358: (0.0)
359: (0.0)
360: 301 (10.0)
361: 315 (9.0)
362: (0.0)
363: (0.0)
364: 303 311 (19.0)
365: (0.0)
366: (0.0)
367: 307 313 (19.0)
368: (0.0)
369: (0.0)
370: (0.0)
371: 310 319 (20.0)
372: 314 (10.0)
373: 312 324 (17.0)
374: 318 320 (18.0)
375: 316 323 (17.0)
376: (0.0)
377: (0.0)
378: 321 322 (18.0)
379: 328 (10.0)
380: (0.0)
381: (0.0)
382: (0.0)
383: 317 (9.0)
384: 325 330 331 (25.0)
385: 329 335 (17.0)
386: 332 334 (18.0)
387: (0.0)
388: 337 (8.0)
389: 338 (9.0)
390: 327 (10.0)
391: (0.0)
392: 326 (10.0)
393: 339 (9.0)
394: (0.0)
395: (0.0)
396: (0.0)
397: 336 340 (17.0)
398: 333 (10.0)
399: 344 (10.0)
400: (0.0)
401: 345 (9.0)
402: 346 (10.0)
403: 348 (10.0)
404: (0.0)
405: 341 (10.0)
406: (0.0)
407: (0.0)
408: (0.0)
409: 343 (10.0)
410: 342 351 (17.0)
411: 349 354 (18.0)
412: (0.0)
413: (0.0)
414: 352 355 (17.0)
415: 350 (10.0)
416: (0.0)
417: 357 (9.0)
418: 347 353 (17.0)
419: 358 (10.0)
420: 361 (9.0)
421: 356 (8.0)
422: (0.0)
423: (0.0)
424: 364 (10.0)
425: (0.0)
426: 359 360 (18.0)
427: 363 (10.0)
428: 365 (10.0)
429: (0.0)
430: 369 (10.0)
431: (0.0)
432: (0.0)
433: (0.0)
434: 366 367 (17.0)
435: 368 (9.0)
436: (0.0)
437: 374 (10.0)
438: (0.0)
439: 362 372 (17.0)
440: 373 (10.0)
441: (0.0)
442: (0.0)
443: 376 (10.0)
444: (0.0)
445: 375 (9.0)
446: (0.0)
447: 370 (10.0)
448: (0.0)
449: 371 (10.0)
450: 377 383 (18.0)
451: 384 (8.0)
452: (0.0)
453: (0.0)
454: (0.0)
455: 382 (8.0)
456: (0.0)
457: 379 (10.0)
458: 381 (10.0)
459: 385 (10.0)
460: 378 388 389 (26.0)
461: (0.0)
462: (0.0)
463: 390 (9.0)
464: 380 395 (17.0)
465: 393 396 (19.0)
466: 387 (10.0)
467: (0.0)
468: 386 (10.0)
469: (0.0)
470: 391 398 (19.0)
471: (0.0)
472: 394 399 (20.0)
473: (0.0)
474: (0.0)
475: 392 (9.0)
476: (0.0)
477: 397 (9.0)
478: 405 (9.0)
479: 400 404 (18.0)
480: 407 (10.0)
481: (0.0)
482: 402 (10.0)
483: (0.0)
484: 410 (10.0)
485: (0.0)
486: (0.0)
487: 401 409 (19.0)
488: (0.0)
489: 403 (10.0)
490: 406 412 (17.0)
491: 408 416 (17.0)
492: 415 417 420 (27.0)
493: (0.0)
494: (0.0)
495: (0.0)
496: (0.0)
497: 411 (10.0)
498: (0.0)
499: (0.0)
500: 423 (10.0)
501: 424 428 (16.0)
502: 425 429 (16.0)
503: 413 414 419 (29.0)
504: (0.0)
505: 426 431 (18.0)
506: 418 (10.0)
507: (0.0)
508: 421 422 (17.0)
509: (0.0)
510: 427 430 (17.0)
511: 433 (10.0)
512: (0.0)
513: 438 (10.0)
514: 437 (9.0)
515: (0.0)
516: (0.0)
517: 432 440 (16.0)
518: (0.0)
519: (0.0)
520: 441 (8.0)
521: (0.0)
522: 434 435 439 447 (35.0)
523: 445 (10.0)
524: (0.0)
525: (0.0)
526: (0.0)
527: 443 448 (19.0)
528: 444 449 (18.0)
529: (0.0)
530: 436 446 (16.0)
531: 450 (9.0)
532: (0.0)
533: 451 (10.0)
534: (0.0)
535: (0.0)
536: 442 452 (17.0)
537: (0.0)
538: 453 457 (18.0)
539: 460 (10.0)
540: (0.0)
541: 461 462 (17.0)
542: 455 (10.0)
543: 456 (9.0)
544: 459 466 (18.0)
545: 465 (10.0)
546: (0.0)
547: 454 463 (16.0)
548: 458 (10.0)
549: (0.0)
550: (0.0)
551: 464 469 (16.0)
552: 471 (10.0)
553: (0.0)
554: 470 (10.0)
555: 468 478 (19.0)
556: (0.0)
557: (0.0)
558: 474 479 (19.0)
559: 467 475 486 (28.0)
560: 485 (8.0)
561: (0.0)
562: (0.0)
563: 472 (8.0)
564: 481 483 (16.0)
565: 473 488 (18.0)
566: 477 489 (18.0)
567: (0.0)
568: 476 480 (19.0)
569: 487 492 493 (24.0)
570: (0.0)
571: (0.0)
572: 482 (10.0)
573: 490 (10.0)
574: 484 497 (18.0)
575: (0.0)
576: (0.0)
577: (0.0)
578: 494 (9.0)
579: 491 499 (18.0)
580: 495 (8.0)
581: (0.0)
582: (0.0)
583: (0.0)
584: (0.0)
585: 496 498 (17.0)
586: (0.0)
587: (0.0)
588: (0.0)
