Name: 500-10-50
Time: 13.64875602722168 
Result: 58028
Solution:  9 3 7 9 5 9 11 23 21 12 28 20 19 26 34 20 21 21 34 22 32 38 23 40 30 38 27 43 32 34 37 34 42 44 46 43 49 49 51 55 53 61 64 60 55 70 63 63 61 60 68 74 73 80 72 79 71 82 79 81 86 82 83 89 81 89 86 93 85 96 92 101 98 96 93 92 104 103 113 96 109 102 98 102 114 105 115 114 110 105 110 115 123 108 113 119 118 117 116 119 117 126 121 123 124 129 136 125 127 132 134 137 140 145 136 139 136 139 141 140 142 151 151 149 165 157 154 155 159 154 167 160 158 157 165 169 164 160 169 170 167 178 170 179 179 169 173 171 181 174 182 178 180 193 187 183 191 191 193 197 194 190 203 198 207 197 194 198 204 199 200 206 216 200 208 219 209 204 207 210 218 221 220 217 222 212 230 230 231 225 238 232 233 235 233 241 239 232 240 240 238 240 243 238 242 251 244 247 251 242 256 251 252 255 247 256 249 250 250 255 273 263 259 261 266 264 270 269 266 272 285 270 272 287 287 281 276 285 298 285 300 296 294 287 295 297 295 297 301 306 306 309 296 315 307 304 303 311 315 317 314 324 309 312 316 321 314 326 317 316 320 320 323 324 331 330 323 330 333 333 342 338 334 330 331 341 336 347 345 338 342 343 342 348 345 342 354 343 355 347 357 348 358 351 355 362 364 355 357 358 364 356 365 362 371 363 375 383 365 367 375 377 373 375 384 382 377 395 389 383 387 384 392 382 384 388 396 396 388 391 391 392 409 400 397 398 405 418 411 419 412 409 420 410 419 417 418 417 414 423 420 423 432 427 438 428 432 442 440 433 435 449 448 445 437 442 441 450 446 456 463 457 451 458 450 459 461 465 463 469 469 476 473 467 472 466 473 466 477 484 471 486 488 480 478 485 492 491 489 496 482 498 485 495 490 492 490 499 501 500 493 496 506 503 506 504 508 508 504 505 509 509 517 507 517 518 515 514 528 515 518 517 530 524 527 534 529 524 528 530 537 535 529 547 547 542 537 541 536 552 538 548 544 541 544 543 546 546 555 556 550 553 560 556 552 566 563 561 564 557 570 560 561 576 571 566 572 580 570 568 569 569 578 578 574 577 580 577 576 585
0: (0.0)
1: (0.0)
2: (0.0)
3: 1 (9.0)
4: (0.0)
5: 4 (10.0)
6: (0.0)
7: 2 (10.0)
8: (0.0)
9: 0 3 5 (25.0)
10: (0.0)
11: 6 (10.0)
12: 9 (10.0)
13: (0.0)
14: (0.0)
15: (0.0)
16: (0.0)
17: (0.0)
18: (0.0)
19: 12 (8.0)
20: 11 15 (19.0)
21: 8 16 17 (25.0)
22: 19 (10.0)
23: 7 22 (18.0)
24: (0.0)
25: (0.0)
26: 13 (9.0)
27: 26 (10.0)
28: 10 (9.0)
29: (0.0)
30: 24 (10.0)
31: (0.0)
32: 20 28 (17.0)
33: (0.0)
34: 14 18 29 31 (35.0)
35: (0.0)
36: (0.0)
37: 30 (10.0)
38: 21 25 (17.0)
39: (0.0)
40: 23 (10.0)
41: (0.0)
42: 32 (10.0)
43: 27 35 (17.0)
44: 33 (10.0)
45: (0.0)
46: 34 (9.0)
47: (0.0)
48: (0.0)
49: 36 37 (16.0)
50: (0.0)
51: 38 (10.0)
52: (0.0)
53: 40 (8.0)
54: (0.0)
55: 39 44 (17.0)
56: (0.0)
57: (0.0)
58: (0.0)
59: (0.0)
60: 43 49 (16.0)
61: 41 48 (17.0)
62: (0.0)
63: 46 47 (17.0)
64: 42 (10.0)
65: (0.0)
66: (0.0)
67: (0.0)
68: 50 (9.0)
69: (0.0)
70: 45 (10.0)
71: 56 (10.0)
72: 54 (9.0)
73: 52 (10.0)
74: 51 (9.0)
75: (0.0)
76: (0.0)
77: (0.0)
78: (0.0)
79: 55 58 (17.0)
80: 53 (10.0)
81: 59 64 (19.0)
82: 57 61 (18.0)
83: 62 (10.0)
84: (0.0)
85: 68 (10.0)
86: 60 66 (18.0)
87: (0.0)
88: (0.0)
89: 63 65 (17.0)
90: (0.0)
91: (0.0)
92: 70 75 (19.0)
93: 67 74 (19.0)
94: (0.0)
95: (0.0)
96: 69 73 79 (27.0)
97: (0.0)
98: 72 82 (17.0)
99: (0.0)
100: (0.0)
101: 71 (9.0)
102: 81 83 (18.0)
103: 77 (10.0)
104: 76 (10.0)
105: 85 89 (17.0)
106: (0.0)
107: (0.0)
108: 93 (10.0)
109: 80 (10.0)
110: 88 90 (18.0)
111: (0.0)
112: (0.0)
113: 78 94 (16.0)
114: 84 87 (18.0)
115: 86 91 (16.0)
116: 98 (10.0)
117: 97 100 (16.0)
118: 96 (10.0)
119: 95 99 (19.0)
120: (0.0)
121: 102 (10.0)
122: (0.0)
123: 92 103 (16.0)
124: 104 (8.0)
125: 107 (8.0)
126: 101 (10.0)
127: 108 (10.0)
128: (0.0)
129: 105 (9.0)
130: (0.0)
131: (0.0)
132: 109 (9.0)
133: (0.0)
134: 110 (10.0)
135: (0.0)
136: 106 114 116 (27.0)
137: 111 (9.0)
138: (0.0)
139: 115 117 (17.0)
140: 112 119 (17.0)
141: 118 (10.0)
142: 120 (10.0)
143: (0.0)
144: (0.0)
145: 113 (10.0)
146: (0.0)
147: (0.0)
148: (0.0)
149: 123 (10.0)
150: (0.0)
151: 121 122 (17.0)
152: (0.0)
153: (0.0)
154: 126 129 (16.0)
155: 127 (10.0)
156: (0.0)
157: 125 133 (17.0)
158: 132 (8.0)
159: 128 (9.0)
160: 131 137 (17.0)
161: (0.0)
162: (0.0)
163: (0.0)
164: 136 (9.0)
165: 124 134 (18.0)
166: (0.0)
167: 130 140 (18.0)
168: (0.0)
169: 135 138 145 (26.0)
170: 139 142 (17.0)
171: 147 (10.0)
172: (0.0)
173: 146 (8.0)
174: 149 (10.0)
175: (0.0)
176: (0.0)
177: (0.0)
178: 141 151 (16.0)
179: 143 144 (17.0)
180: 152 (9.0)
181: 148 (10.0)
182: 150 (10.0)
183: 155 (10.0)
184: (0.0)
185: (0.0)
186: (0.0)
187: 154 (10.0)
188: (0.0)
189: (0.0)
190: 161 (10.0)
191: 156 157 (19.0)
192: (0.0)
193: 153 158 (17.0)
194: 160 166 (18.0)
195: (0.0)
196: (0.0)
197: 159 165 (16.0)
198: 163 167 (16.0)
199: 169 (10.0)
200: 170 173 (17.0)
201: (0.0)
202: (0.0)
203: 162 (10.0)
204: 168 177 (17.0)
205: (0.0)
206: 171 (10.0)
207: 164 178 (18.0)
208: 174 (10.0)
209: 176 (10.0)
210: 179 (10.0)
211: (0.0)
212: 185 (10.0)
213: (0.0)
214: (0.0)
215: (0.0)
216: 172 (10.0)
217: 183 (10.0)
218: 180 (9.0)
219: 175 (10.0)
220: 182 (10.0)
221: 181 (10.0)
222: 184 (10.0)
223: (0.0)
224: (0.0)
225: 189 (10.0)
226: (0.0)
227: (0.0)
228: (0.0)
229: (0.0)
230: 186 187 (18.0)
231: 188 (10.0)
232: 191 197 (18.0)
233: 192 194 (20.0)
234: (0.0)
235: 193 (10.0)
236: (0.0)
237: (0.0)
238: 190 200 203 (26.0)
239: 196 (10.0)
240: 198 199 201 (26.0)
241: 195 (10.0)
242: 204 209 (18.0)
243: 202 (10.0)
244: 206 (10.0)
245: (0.0)
246: (0.0)
247: 207 214 (19.0)
248: (0.0)
249: 216 (10.0)
250: 217 218 (16.0)
251: 205 208 211 (26.0)
252: 212 (10.0)
253: (0.0)
254: (0.0)
255: 213 219 (17.0)
256: 210 215 (18.0)
257: (0.0)
258: (0.0)
259: 222 (10.0)
260: (0.0)
261: 223 (10.0)
262: (0.0)
263: 221 (10.0)
264: 225 (10.0)
265: (0.0)
266: 224 228 (19.0)
267: (0.0)
268: (0.0)
269: 227 (10.0)
270: 226 231 (17.0)
271: (0.0)
272: 229 232 (20.0)
273: 220 (10.0)
274: (0.0)
275: (0.0)
276: 236 (10.0)
277: (0.0)
278: (0.0)
279: (0.0)
280: (0.0)
281: 235 (9.0)
282: (0.0)
283: (0.0)
284: (0.0)
285: 230 237 239 (25.0)
286: (0.0)
287: 233 234 243 (26.0)
288: (0.0)
289: (0.0)
290: (0.0)
291: (0.0)
292: (0.0)
293: (0.0)
294: 242 (10.0)
295: 244 246 (16.0)
296: 241 252 (18.0)
297: 245 247 (18.0)
298: 238 (10.0)
299: (0.0)
300: 240 (9.0)
301: 248 (10.0)
302: (0.0)
303: 256 (10.0)
304: 255 (10.0)
305: (0.0)
306: 249 250 (18.0)
307: 254 (10.0)
308: (0.0)
309: 251 262 (16.0)
310: (0.0)
311: 257 (10.0)
312: 263 (8.0)
313: (0.0)
314: 260 266 (18.0)
315: 253 258 (17.0)
316: 264 269 (17.0)
317: 259 268 (17.0)
318: (0.0)
319: (0.0)
320: 270 271 (18.0)
321: 265 (10.0)
322: (0.0)
323: 272 276 (18.0)
324: 261 273 (19.0)
325: (0.0)
326: 267 (9.0)
327: (0.0)
328: (0.0)
329: (0.0)
330: 275 277 283 (25.0)
331: 274 284 (18.0)
332: (0.0)
333: 278 279 (16.0)
334: 282 (10.0)
335: (0.0)
336: 286 (10.0)
337: (0.0)
338: 281 289 (17.0)
339: (0.0)
340: (0.0)
341: 285 (10.0)
342: 280 290 292 295 (36.0)
343: 291 297 (17.0)
344: (0.0)
345: 288 294 (18.0)
346: (0.0)
347: 287 299 (17.0)
348: 293 301 (19.0)
349: (0.0)
350: (0.0)
351: 303 (10.0)
352: (0.0)
353: (0.0)
354: 296 (9.0)
355: 298 304 307 (27.0)
356: 311 (9.0)
357: 300 308 (18.0)
358: 302 309 (18.0)
359: (0.0)
360: (0.0)
361: (0.0)
362: 305 313 (18.0)
363: 315 (9.0)
364: 306 310 (18.0)
365: 312 318 (18.0)
366: (0.0)
367: 319 (10.0)
368: (0.0)
369: (0.0)
370: (0.0)
371: 314 (10.0)
372: (0.0)
373: 322 (9.0)
374: (0.0)
375: 316 320 323 (26.0)
376: (0.0)
377: 321 326 (19.0)
378: (0.0)
379: (0.0)
380: (0.0)
381: (0.0)
382: 325 333 (18.0)
383: 317 329 (18.0)
384: 324 331 334 (25.0)
385: (0.0)
386: (0.0)
387: 330 (9.0)
388: 335 338 (17.0)
389: 328 (10.0)
390: (0.0)
391: 339 340 (18.0)
392: 332 341 (19.0)
393: (0.0)
394: (0.0)
395: 327 (10.0)
396: 336 337 (16.0)
397: 344 (10.0)
398: 345 (9.0)
399: (0.0)
400: 343 (10.0)
401: (0.0)
402: (0.0)
403: (0.0)
404: (0.0)
405: 346 (10.0)
406: (0.0)
407: (0.0)
408: (0.0)
409: 342 351 (17.0)
410: 353 (8.0)
411: 348 (10.0)
412: 350 (10.0)
413: (0.0)
414: 358 (10.0)
415: (0.0)
416: (0.0)
417: 355 357 (18.0)
418: 347 356 (17.0)
419: 349 354 (18.0)
420: 352 360 (17.0)
421: (0.0)
422: (0.0)
423: 359 361 (18.0)
424: (0.0)
425: (0.0)
426: (0.0)
427: 363 (10.0)
428: 365 (10.0)
429: (0.0)
430: (0.0)
431: (0.0)
432: 362 366 (18.0)
433: 369 (10.0)
434: (0.0)
435: 370 (10.0)
436: (0.0)
437: 374 (10.0)
438: 364 (10.0)
439: (0.0)
440: 368 (9.0)
441: 376 (10.0)
442: 367 375 (17.0)
443: (0.0)
444: (0.0)
445: 373 (10.0)
446: 378 (9.0)
447: (0.0)
448: 372 (8.0)
449: 371 (10.0)
450: 377 384 (16.0)
451: 382 (8.0)
452: (0.0)
453: (0.0)
454: (0.0)
455: (0.0)
456: 379 (10.0)
457: 381 (10.0)
458: 383 (10.0)
459: 385 (10.0)
460: (0.0)
461: 386 (10.0)
462: (0.0)
463: 380 388 (16.0)
464: (0.0)
465: 387 (10.0)
466: 395 397 (18.0)
467: 393 (10.0)
468: (0.0)
469: 389 390 (18.0)
470: (0.0)
471: 400 (8.0)
472: 394 (10.0)
473: 392 396 (18.0)
474: (0.0)
475: (0.0)
476: 391 (10.0)
477: 398 (9.0)
478: 404 (10.0)
479: (0.0)
480: 403 (10.0)
481: (0.0)
482: 410 (10.0)
483: (0.0)
484: 399 (10.0)
485: 405 412 (18.0)
486: 401 (10.0)
487: (0.0)
488: 402 (10.0)
489: 408 (9.0)
490: 414 416 (17.0)
491: 407 (10.0)
492: 406 415 (16.0)
493: 420 (10.0)
494: (0.0)
495: 413 (10.0)
496: 409 421 (18.0)
497: (0.0)
498: 411 (10.0)
499: 417 (9.0)
500: 419 (10.0)
501: 418 (10.0)
502: (0.0)
503: 423 (10.0)
504: 425 428 (16.0)
505: 429 (8.0)
506: 422 424 (16.0)
507: 433 (10.0)
508: 426 427 (17.0)
509: 430 431 (18.0)
510: (0.0)
511: (0.0)
512: (0.0)
513: (0.0)
514: 437 (9.0)
515: 436 439 (17.0)
516: (0.0)
517: 432 434 441 (24.0)
518: 435 440 (17.0)
519: (0.0)
520: (0.0)
521: (0.0)
522: (0.0)
523: (0.0)
524: 443 447 (18.0)
525: (0.0)
526: (0.0)
527: 444 (10.0)
528: 438 448 (20.0)
529: 446 452 (16.0)
530: 442 449 (17.0)
531: (0.0)
532: (0.0)
533: (0.0)
534: 445 (10.0)
535: 451 (10.0)
536: 458 (10.0)
537: 450 456 (18.0)
538: 460 (10.0)
539: (0.0)
540: (0.0)
541: 457 463 (17.0)
542: 455 (10.0)
543: 465 (10.0)
544: 462 464 (16.0)
545: (0.0)
546: 466 467 (18.0)
547: 453 454 (17.0)
548: 461 (9.0)
549: (0.0)
550: 470 (10.0)
551: (0.0)
552: 459 474 (18.0)
553: 471 (10.0)
554: (0.0)
555: 468 (10.0)
556: 469 473 (17.0)
557: 479 (10.0)
558: (0.0)
559: (0.0)
560: 472 481 (16.0)
561: 477 482 (18.0)
562: (0.0)
563: 476 (10.0)
564: 478 (9.0)
565: (0.0)
566: 475 485 (17.0)
567: (0.0)
568: 489 (10.0)
569: 490 491 (19.0)
570: 480 488 (18.0)
571: 484 (10.0)
572: 486 (10.0)
573: (0.0)
574: 494 (9.0)
575: (0.0)
576: 483 498 (17.0)
577: 495 497 (16.0)
578: 492 493 (16.0)
579: (0.0)
580: 487 496 (16.0)
581: (0.0)
582: (0.0)
583: (0.0)
584: (0.0)
585: 499 (9.0)
586: (0.0)
587: (0.0)
588: (0.0)
