Name: 50-40-75
Time: 4.476942777633667 
Result: 19
Solution:  1 1 2 2 2 6 3 5 6 4 6 5 1 2 4 5 6 4 8 1 8 12 7 3 8 8 10 11 0 12 9 10 7 11 12 9 12 11 13 11 16 15 11 15 13 13 10 14 16 14
0: 28 (54.0)
1: 0 1 12 19 (51.0)
2: 2 3 4 13 (58.0)
3: 6 23 (55.0)
4: 9 14 17 (66.0)
5: 7 11 15 (64.0)
6: 5 8 10 16 (66.0)
7: 22 32 (61.0)
8: 18 20 24 25 (63.0)
9: 30 35 (58.0)
10: 26 31 46 (60.0)
11: 27 33 37 39 42 (54.0)
12: 21 29 34 36 (54.0)
13: 38 44 45 (62.0)
14: 47 49 (69.0)
15: 41 43 (69.0)
16: 40 48 (50.0)
