Name: 50-50-100
Time: 6.386991500854492 
Result: 37
Solution:  0 3 1 2 3 2 4 9 0 5 2 6 13 6 3 10 13 1 7 8 10 5 11 9 4 12 14 14 5 11 14 9 20 17 12 20 19 8 15 15 17 18 16 18 16 17 17 19 20 19
0: 0 8 (57.0)
1: 2 17 (59.0)
2: 3 5 10 (62.0)
3: 1 4 14 (77.0)
4: 6 24 (58.0)
5: 9 21 28 (66.0)
6: 11 13 (68.0)
7: 18 (55.0)
8: 19 37 (80.0)
9: 7 23 31 (83.0)
10: 15 20 (80.0)
11: 22 29 (92.0)
12: 25 34 (84.0)
13: 12 16 (71.0)
14: 26 27 30 (67.0)
15: 38 39 (79.0)
16: 42 44 (67.0)
17: 33 40 45 46 (85.0)
18: 41 43 (69.0)
19: 36 47 49 (89.0)
20: 32 35 48 (81.0)
