Name: 50-50-100
Time: 2.664959192276001 
Result: 38
Solution:  2 3 0 1 1 3 7 1 2 0 6 6 6 10 8 8 7 1 4 11 10 5 11 5 16 12 15 15 17 14 16 12 13 17 16 14 14 9 20 17 17 11 17 13 18 18 16 19 20 19
0: 2 9 (68.0)
1: 3 4 7 17 (59.0)
2: 0 8 (57.0)
3: 1 5 (57.0)
4: 18 (55.0)
5: 21 23 (73.0)
6: 10 11 12 (80.0)
7: 6 16 (88.0)
8: 14 15 (59.0)
9: 37 (71.0)
10: 13 20 (83.0)
11: 19 22 41 (93.0)
12: 25 31 (86.0)
13: 32 43 (64.0)
14: 29 35 36 (85.0)
15: 26 27 (66.0)
16: 24 30 34 46 (64.0)
17: 28 33 39 40 42 (88.0)
18: 44 45 (68.0)
19: 47 49 (84.0)
20: 38 48 (81.0)
