Name: 50-10-15
Time: 2.6491456031799316 
Result: 5
Solution:  0 9 3 3 5 2 5 2 6 2 4 8 4 1 0 10 1 6 11 7 10 11 9 12 14 13 16 7 15 8 20 13 12 16 21 14 10 21 19 20 17 17 21 19 15 13 13 18 21 21
0: 0 14 (13.0)
1: 13 16 (11.0)
2: 5 7 9 (13.0)
3: 2 3 (10.0)
4: 10 12 (11.0)
5: 4 6 (13.0)
6: 8 17 (11.0)
7: 19 27 (15.0)
8: 11 29 (14.0)
9: 1 22 (14.0)
10: 15 20 36 (12.0)
11: 18 21 (12.0)
12: 23 32 (10.0)
13: 25 31 45 46 (12.0)
14: 24 35 (14.0)
15: 28 44 (15.0)
16: 26 33 (15.0)
17: 40 41 (14.0)
18: 47 (11.0)
19: 38 43 (10.0)
20: 30 39 (15.0)
21: 34 37 42 48 49 (13.0)
