Name: 50-50-100
Time: 4.639066219329834 
Result: 37
Solution:  2 1 0 3 4 3 1 9 2 3 0 8 4 7 8 9 7 5 6 13 12 5 9 5 4 13 16 14 15 10 15 15 18 8 15 10 14 14 17 20 17 11 16 18 19 20 12 20 20 19
0: 2 10 (70.0)
1: 1 6 (67.0)
2: 0 8 (57.0)
3: 3 5 9 (60.0)
4: 4 12 24 (65.0)
5: 17 21 23 (87.0)
6: 18 (55.0)
7: 13 16 (84.0)
8: 11 14 33 (74.0)
9: 7 15 22 (72.0)
10: 29 35 (80.0)
11: 41 (59.0)
12: 20 46 (75.0)
13: 19 25 (76.0)
14: 27 36 37 (92.0)
15: 28 30 31 34 (57.0)
16: 26 42 (77.0)
17: 38 40 (80.0)
18: 32 43 (64.0)
19: 44 49 (86.0)
20: 39 45 47 48 (92.0)
