Name: 50-30-50
Time: 4.623443603515625 
Result: 25
Solution:  0 1 1 5 0 1 3 7 9 2 1 4 2 13 8 4 5 3 9 7 10 13 3 6 15 16 14 12 14 11 17 8 10 16 12 21 15 17 20 11 18 18 21 19 19 20 19 16 21 20
0: 0 4 (45.0)
1: 1 2 5 10 (31.0)
2: 9 12 (31.0)
3: 6 17 22 (35.0)
4: 11 15 (50.0)
5: 3 16 (44.0)
6: 23 (35.0)
7: 7 19 (54.0)
8: 14 31 (32.0)
9: 8 18 (41.0)
10: 20 32 (43.0)
11: 29 39 (51.0)
12: 27 34 (56.0)
13: 13 21 (37.0)
14: 26 28 (32.0)
15: 24 36 (51.0)
16: 25 33 47 (38.0)
17: 30 37 (44.0)
18: 40 41 (43.0)
19: 43 44 46 (48.0)
20: 38 45 49 (43.0)
21: 35 42 48 (32.0)
