Name: 50-10-15
Time: 4.649808406829834 
Result: 7
Solution:  0 9 2 7 5 1 7 0 8 2 3 4 6 5 1 8 3 6 0 4 13 12 11 11 9 8 14 10 18 15 16 16 14 10 17 20 20 17 20 10 17 13 15 21 18 13 21 19 21 21
0: 0 7 18 (11.0)
1: 5 14 (12.0)
2: 2 9 (10.0)
3: 10 16 (10.0)
4: 11 19 (16.0)
5: 4 13 (11.0)
6: 12 17 (13.0)
7: 3 6 (13.0)
8: 8 15 25 (13.0)
9: 1 24 (14.0)
10: 27 33 39 (15.0)
11: 22 23 (13.0)
12: 21 (9.0)
13: 20 41 45 (12.0)
14: 26 32 (14.0)
15: 29 42 (10.0)
16: 30 31 (14.0)
17: 34 37 40 (15.0)
18: 28 44 (15.0)
19: 47 (11.0)
20: 35 36 38 (12.0)
21: 43 46 48 49 (15.0)
