Name: 50-30-50
Time: 4.691854476928711 
Result: 22
Solution:  1 2 3 2 1 5 3 5 10 4 3 6 4 8 11 16 3 10 9 8 11 7 7 9 19 21 13 15 14 13 18 12 7 13 14 12 17 20 18 12 19 17 16 20 16 20 18 15 21 21
0: (0.0)
1: 0 4 (45.0)
2: 1 3 (31.0)
3: 2 6 10 16 (41.0)
4: 9 12 (31.0)
5: 5 7 (39.0)
6: 11 (32.0)
7: 21 22 32 (38.0)
8: 13 19 (47.0)
9: 18 23 (51.0)
10: 8 17 (46.0)
11: 14 20 (50.0)
12: 31 35 39 (48.0)
13: 26 29 33 (45.0)
14: 28 34 (45.0)
15: 27 47 (50.0)
16: 15 42 44 (42.0)
17: 36 41 (51.0)
18: 30 38 46 (53.0)
19: 24 40 (43.0)
20: 37 43 45 (47.0)
21: 25 48 49 (41.0)
