Name: 50-40-75
Time: 5.491913795471191 
Result: 21
Solution:  2 1 0 0 1 2 6 7 1 2 5 4 1 0 5 8 7 6 6 2 3 13 4 3 10 10 12 8 7 13 8 10 5 11 16 9 10 13 9 14 12 15 11 15 13 14 11 14 14 16
0: 2 3 13 (54.0)
1: 1 4 8 12 (64.0)
2: 0 5 9 19 (58.0)
3: 20 23 (66.0)
4: 11 22 (65.0)
5: 10 14 32 (59.0)
6: 6 17 18 (65.0)
7: 7 16 28 (64.0)
8: 15 27 30 (53.0)
9: 35 38 (57.0)
10: 24 25 31 36 (50.0)
11: 33 42 46 (59.0)
12: 26 40 (48.0)
13: 21 29 37 44 (61.0)
14: 39 45 47 48 (66.0)
15: 41 43 (69.0)
16: 34 49 (56.0)
