Name: 50-10-15
Time: 2.675274610519409 
Result: 2006
Solution:  0 1 3 1 2 3 7 0 8 4 3 6 12 14 4 9 5 2 0 10 10 6 11 11 7 13 16 5 12 9 15 16 18 8 21 14 21 16 18 21 20 13 18 19 19 13 20 17 21 21
0: 0 7 18 (11.0)
1: 1 3 (11.0)
2: 4 17 (12.0)
3: 2 5 10 (12.0)
4: 9 14 (14.0)
5: 16 27 (12.0)
6: 11 21 (16.0)
7: 6 24 (16.0)
8: 8 33 (12.0)
9: 15 29 (11.0)
10: 19 20 (13.0)
11: 22 23 (13.0)
12: 12 28 (14.0)
13: 25 41 45 (12.0)
14: 13 35 (10.0)
15: 30 (13.0)
16: 26 31 37 (14.0)
17: 47 (11.0)
18: 32 38 42 (12.0)
19: 43 44 (15.0)
20: 40 46 (13.0)
21: 34 36 39 48 49 (11.0)
