Name: 50-20-30
Time: 5.4651594161987305 
Result: 10
Solution:  6 1 6 1 9 1 3 2 3 7 0 4 8 10 2 7 8 3 5 14 14 17 11 11 19 4 19 9 13 9 12 10 15 16 10 14 12 19 12 18 13 16 14 18 17 20 15 19 20 20
0: 10 (20.0)
1: 1 3 5 (27.0)
2: 7 14 (23.0)
3: 6 8 17 (22.0)
4: 11 25 (27.0)
5: 18 (20.0)
6: 0 2 (27.0)
7: 9 15 (27.0)
8: 12 16 (30.0)
9: 4 27 29 (25.0)
10: 13 31 34 (29.0)
11: 22 23 (26.0)
12: 30 36 38 (29.0)
13: 28 40 (25.0)
14: 19 20 35 42 (24.0)
15: 32 46 (28.0)
16: 33 41 (26.0)
17: 21 44 (30.0)
18: 39 43 (20.0)
19: 24 26 37 47 (20.0)
20: 45 48 49 (22.0)
