Name: 50-20-30
Time: 5.325469017028809 
Result: 11
Solution:  3 2 4 1 2 0 2 4 1 7 5 4 9 6 0 3 7 10 8 2 14 11 15 9 10 13 19 14 10 12 13 6 12 11 12 14 15 14 16 18 17 16 14 19 18 20 17 19 20 20
0: 5 14 (21.0)
1: 3 8 (20.0)
2: 1 4 6 19 (24.0)
3: 0 15 (31.0)
4: 2 7 11 (30.0)
5: 10 (20.0)
6: 13 31 (25.0)
7: 9 16 (30.0)
8: 18 (20.0)
9: 12 23 (26.0)
10: 17 24 28 (22.0)
11: 21 33 (30.0)
12: 29 32 34 (26.0)
13: 25 30 (28.0)
14: 20 27 35 37 42 (29.0)
15: 22 36 (29.0)
16: 38 41 (21.0)
17: 40 46 (27.0)
18: 39 44 (23.0)
19: 26 43 47 (23.0)
20: 45 48 49 (22.0)
