Name: 50-10-15
Time: 4.859637260437012 
Result: 6
Solution:  0 8 1 6 5 2 1 0 7 2 3 4 5 11 4 10 6 13 0 3 10 8 9 12 7 12 14 17 16 9 15 16 19 11 17 18 17 19 20 10 13 12 16 18 21 21 14 20 21 21
0: 0 7 18 (11.0)
1: 2 6 (11.0)
2: 5 9 (10.0)
3: 10 19 (13.0)
4: 11 14 (15.0)
5: 4 12 (13.0)
6: 3 16 (12.0)
7: 8 24 (14.0)
8: 1 21 (14.0)
9: 22 29 (16.0)
10: 15 20 39 (10.0)
11: 13 33 (12.0)
12: 23 25 41 (13.0)
13: 17 40 (15.0)
14: 26 46 (12.0)
15: 30 (13.0)
16: 28 31 42 (11.0)
17: 27 34 36 (11.0)
18: 35 43 (12.0)
19: 32 37 (11.0)
20: 38 47 (14.0)
21: 44 45 48 49 (15.0)
