Name: 50-30-50
Time: 2.714285135269165 
Result: 20
Solution:  5 2 2 6 0 2 3 4 6 0 2 1 12 7 7 4 3 5 9 9 14 3 3 10 19 12 15 11 13 8 20 8 16 13 16 13 14 17 17 11 15 18 18 18 17 19 17 21 21 20
0: 4 9 (35.0)
1: 11 (32.0)
2: 1 2 5 10 (31.0)
3: 6 16 21 22 (49.0)
4: 7 15 (47.0)
5: 0 17 (44.0)
6: 3 8 (49.0)
7: 13 14 (45.0)
8: 29 31 (37.0)
9: 18 19 (41.0)
10: 23 (35.0)
11: 27 39 (50.0)
12: 12 25 (32.0)
13: 28 33 35 (33.0)
14: 20 36 (49.0)
15: 26 40 (30.0)
16: 32 34 (45.0)
17: 37 38 44 46 (49.0)
18: 41 42 43 (49.0)
19: 24 45 (49.0)
20: 30 49 (48.0)
21: 47 48 (37.0)
