Name: 50-50-100
Time: 2.569344997406006 
Result: 34
Solution:  1 2 0 3 0 2 11 1 3 1 6 4 14 4 3 7 11 9 5 12 7 6 9 9 14 13 12 15 14 10 17 6 17 14 16 18 17 8 15 18 17 16 18 17 19 20 18 20 20 19
0: 2 4 (69.0)
1: 0 7 9 (60.0)
2: 1 5 (57.0)
3: 3 8 14 (67.0)
4: 11 13 (68.0)
5: 18 (55.0)
6: 10 21 31 (67.0)
7: 15 20 (80.0)
8: 37 (71.0)
9: 17 22 23 (89.0)
10: 29 (67.0)
11: 6 16 (88.0)
12: 19 26 (59.0)
13: 25 (67.0)
14: 12 24 28 33 (77.0)
15: 27 38 (83.0)
16: 34 41 (76.0)
17: 30 32 36 40 43 (83.0)
18: 35 39 42 46 (80.0)
19: 44 49 (86.0)
20: 45 47 48 (80.0)
