Name: 50-30-50
Time: 2.703030586242676 
Result: 7022
Solution:  2 0 4 8 3 0 4 5 3 6 0 1 4 2 12 0 6 9 9 7 10 5 7 11 19 14 13 16 15 8 18 14 10 16 12 21 16 18 20 15 13 17 14 20 17 21 14 19 21 20
0: 1 5 10 15 (42.0)
1: 11 (32.0)
2: 0 13 (45.0)
3: 4 8 (47.0)
4: 2 6 12 (32.0)
5: 7 21 (44.0)
6: 9 16 (33.0)
7: 19 22 (32.0)
8: 3 29 (52.0)
9: 17 18 (37.0)
10: 20 32 (43.0)
11: 23 (35.0)
12: 14 34 (52.0)
13: 26 40 (30.0)
14: 25 31 42 46 (33.0)
15: 28 39 (39.0)
16: 27 33 36 (50.0)
17: 41 44 (51.0)
18: 30 37 (44.0)
19: 24 47 (52.0)
20: 38 43 49 (41.0)
21: 35 45 48 (50.0)
