Name: 50-50-100
Time: 2.6704444885253906 
Result: 40
Solution:  0 2 1 3 1 2 3 9 0 7 3 5 12 5 9 12 13 1 4 15 11 6 9 6 15 14 7 13 13 8 15 15 17 7 15 9 15 10 16 17 17 20 18 20 18 18 11 19 20 19
0: 0 8 (57.0)
1: 2 4 17 (83.0)
2: 1 5 (57.0)
3: 3 6 10 (72.0)
4: 18 (55.0)
5: 11 13 (68.0)
6: 21 23 (73.0)
7: 9 26 33 (89.0)
8: 29 (67.0)
9: 7 14 22 35 (78.0)
10: 37 (71.0)
11: 20 46 (75.0)
12: 12 15 (56.0)
13: 16 27 28 (84.0)
14: 25 (67.0)
15: 19 24 30 31 34 36 (69.0)
16: 38 (67.0)
17: 32 39 40 (79.0)
18: 42 44 45 (95.0)
19: 47 49 (84.0)
20: 41 43 48 (83.0)
