Name: 50-30-50
Time: 5.889269113540649 
Result: 20
Solution:  3 0 4 1 1 4 4 6 0 7 4 2 11 5 11 3 5 7 9 10 10 6 4 8 20 16 12 16 14 9 13 13 15 15 14 12 15 17 17 21 20 17 15 19 18 18 16 19 21 21
0: 1 8 (32.0)
1: 3 4 (46.0)
2: 11 (32.0)
3: 0 15 (41.0)
4: 2 5 6 10 22 (38.0)
5: 13 16 (42.0)
6: 7 21 (44.0)
7: 9 17 (34.0)
8: 23 (35.0)
9: 18 29 (44.0)
10: 19 20 (52.0)
11: 12 14 (41.0)
12: 26 35 (32.0)
13: 30 31 (44.0)
14: 28 34 (45.0)
15: 32 33 36 42 (41.0)
16: 25 27 46 (49.0)
17: 37 38 41 (48.0)
18: 44 45 (42.0)
19: 43 47 (41.0)
20: 24 40 (43.0)
21: 39 48 49 (50.0)
