Name: 40-40-75
Time: 1.2201931476593018 
Result: 19
Solution:  1 1 0 1 2 2 0 2 4 6 5 6 7 5 5 4 7 8 9 10 9 10 14 10 8 12 11 13 11 12 15 14 13 13 15 16 16 17 16 17
0 : [2, 6] (54.0)
1 : [0, 1, 3] (53.0)
2 : [4, 5, 7] (62.0)
3 : [] (0.0)
4 : [8, 15] (61.0)
5 : [10, 13, 14] (47.0)
6 : [9, 11] (50.0)
7 : [12, 16] (66.0)
8 : [17, 24] (48.0)
9 : [18, 20] (64.0)
10 : [19, 21, 23] (64.0)
11 : [26, 28] (62.0)
12 : [25, 29] (61.0)
13 : [27, 32, 33] (64.0)
14 : [22, 31] (59.0)
15 : [30, 34] (59.0)
16 : [35, 36, 38] (55.0)
17 : [37, 39] (62.0)
