Name: 40-50-100
Time: 1.5087032318115234 
Result: 32
Solution:  0 0 1 2 3 2 1 2 6 0 5 7 5 5 8 3 8 7 6 9 10 9 9 11 12 12 13 9 15 11 14 18 16 18 17 17 13 16 17 14
0 : [0, 1, 9] (76.0)
1 : [2, 6] (67.0)
2 : [3, 5, 7] (73.0)
3 : [4, 15] (69.0)
4 : [] (0.0)
5 : [10, 12, 13] (65.0)
6 : [8, 18] (81.0)
7 : [11, 17] (72.0)
8 : [14, 16] (73.0)
9 : [19, 21, 22, 27] (73.0)
10 : [20] (67.0)
11 : [23, 29] (78.0)
12 : [24, 25] (84.0)
13 : [26, 36] (97.0)
14 : [30, 39] (96.0)
15 : [28] (69.0)
16 : [32, 37] (91.0)
17 : [34, 35, 38] (90.0)
18 : [31, 33] (86.0)
