Name: 50-20-30
Time: 1.8963623046875 
Result: 5
Solution:  2 1 4 1 5 2 3 4 1 1 5 3 9 5 6 7 9 10 5 9 7 10 6 7 6 8 8 9 11 11 12 10 12 11 13 14 15 15 15 16 13 14 11 17 17 13 15 16 17 16
0 : [] (0.0)
1 : [1, 3, 8, 9] (22.0)
2 : [0, 5] (26.0)
3 : [6, 11] (26.0)
4 : [2, 7] (24.0)
5 : [4, 10, 13, 18] (24.0)
6 : [14, 22, 24] (22.0)
7 : [15, 20, 23] (26.0)
8 : [25, 26] (26.0)
9 : [12, 16, 19, 27] (22.0)
10 : [17, 21, 31] (22.0)
11 : [28, 29, 33, 42] (26.0)
12 : [30, 32] (25.0)
13 : [34, 40, 45] (27.0)
14 : [35, 41] (27.0)
15 : [36, 37, 38, 46] (24.0)
16 : [39, 47, 49] (24.0)
17 : [43, 44, 48] (25.0)
