Name: 50-10-15
Time: 1.8175640106201172 
Result: 4
Solution:  1 0 3 2 4 1 0 1 5 4 2 8 5 6 8 3 6 9 9 10 7 9 10 12 10 11 14 13 12 16 15 15 14 13 17 17 16 18 19 19 20 20 21 18 21 22 23 23 24 22
0 : [1, 6] (13.0)
1 : [0, 5, 7] (11.0)
2 : [3, 10] (12.0)
3 : [2, 15] (11.0)
4 : [4, 9] (15.0)
5 : [8, 12] (11.0)
6 : [13, 16] (13.0)
7 : [20] (11.0)
8 : [11, 14] (11.0)
9 : [17, 18, 21] (11.0)
10 : [19, 22, 24] (14.0)
11 : [25] (11.0)
12 : [23, 28] (13.0)
13 : [27, 33] (13.0)
14 : [26, 32] (14.0)
15 : [30, 31] (14.0)
16 : [29, 36] (11.0)
17 : [34, 35] (14.0)
18 : [37, 43] (14.0)
19 : [38, 39] (14.0)
20 : [40, 41] (14.0)
21 : [42, 44] (14.0)
22 : [45, 49] (15.0)
23 : [46, 47] (15.0)
24 : [48] (12.0)
