Name: 100-30-50
Time: 3.9117095470428467 
Result: 24
Solution:  1 1 3 2 4 3 4 2 7 5 6 7 6 2 8 10 8 5 9 9 10 12 11 8 12 13 13 11 16 14 15 15 13 14 20 16 17 17 23 19 20 22 19 20 24 19 23 26 21 20 22 26 30 24 26 25 29 27 28 28 31 27 31 29 34 33 31 33 35 35 32 32 34 36 38 39 40 38 39 37 36 39 40 40 37 41 44 38 42 42 42 44 44 41 43 43 43 45 45 45
0 : [] (0.0)
1 : [0, 1] (31.0)
2 : [3, 7, 13] (42.0)
3 : [2, 5] (33.0)
4 : [4, 6] (32.0)
5 : [9, 17] (42.0)
6 : [10, 12] (40.0)
7 : [8, 11] (37.0)
8 : [14, 16, 23] (33.0)
9 : [18, 19] (34.0)
10 : [15, 20] (32.0)
11 : [22, 27] (40.0)
12 : [21, 24] (45.0)
13 : [25, 26, 32] (32.0)
14 : [29, 33] (40.0)
15 : [30, 31] (36.0)
16 : [28, 35] (48.0)
17 : [36, 37] (36.0)
18 : [] (0.0)
19 : [39, 42, 45] (40.0)
20 : [34, 40, 43, 49] (41.0)
21 : [48] (37.0)
22 : [41, 50] (38.0)
23 : [38, 46] (53.0)
24 : [44, 53] (47.0)
25 : [55] (35.0)
26 : [47, 51, 54] (44.0)
27 : [57, 61] (48.0)
28 : [58, 59] (42.0)
29 : [56, 63] (44.0)
30 : [52] (30.0)
31 : [60, 62, 66] (48.0)
32 : [70, 71] (46.0)
33 : [65, 67] (41.0)
34 : [64, 72] (42.0)
35 : [68, 69] (45.0)
36 : [73, 80] (47.0)
37 : [79, 84] (46.0)
38 : [74, 77, 87] (47.0)
39 : [75, 78, 81] (47.0)
40 : [76, 82, 83] (45.0)
41 : [85, 93] (40.0)
42 : [88, 89, 90] (49.0)
43 : [94, 95, 96] (50.0)
44 : [86, 91, 92] (54.0)
45 : [97, 98, 99] (50.0)
