Name: 1000-60-125
Time: 45.0072979927063 
Result: 95
Solution:  0 0 1 1 3 6 4 3 5 6 5 4 7 9 7 9 8 8 7 10 14 6 10 12 12 12 13 13 14 16 17 17 16 14 15 17 15 22 19 20 20 21 20 22 19 20 23 25 23 21 23 25 25 24 29 24 30 31 31 28 28 30 29 31 36 32 35 32 34 31 35 37 37 36 37 35 34 38 38 39 43 40 40 38 39 41 43 41 44 46 45 45 44 50 47 46 44 50 49 47 49 47 53 52 56 53 52 52 54 54 58 56 55 55 57 58 61 57 59 59 62 60 58 60 62 61 63 64 64 66 66 64 66 65 63 65 70 67 67 71 70 71 72 74 73 71 72 73 75 73 78 74 77 76 75 74 79 78 76 80 79 80 77 80 82 84 81 84 86 86 84 84 87 90 88 87 90 89 93 89 90 90 94 92 88 93 92 93 95 94 93 96 96 95 98 97 97 101 99 100 99 100 98 101 102 102 99 104 106 104 101 109 108 104 107 110 107 108 111 109 112 110 113 110 111 112 115 113 116 114 111 116 119 114 115 118 119 121 119 118 120 122 121 120 125 121 123 125 123 122 125 125 124 124 127 127 127 126 127 128 130 126 125 129 128 131 132 128 127 134 129 130 133 130 132 131 135 133 135 135 132 134 135 135 137 134 137 138 138 139 137 138 139 140 136 142 139 140 141 140 140 139 141 141 142 143 143 145 142 144 148 147 145 144 145 147 147 149 150 146 148 145 151 151 149 150 154 149 151 149 148 151 151 154 157 154 153 153 154 152 153 157 157 156 156 155 158 156 156 160 155 155 159 157 160 158 158 160 159 160 163 162 162 162 161 165 163 164 161 164 165 164 164 167 167 170 166 165 168 172 164 168 167 168 169 168 171 169 174 172 170 171 173 168 171 173 173 178 173 177 175 174 174 176 176 173 179 178 179 178 177 178 177 183 175 178 180 179 181 181 182 179 182 183 182 181 182 180 184 185 185 185 183 188 187 188 186 189 184 186 187 189 187 192 188 192 188 193 191 194 187 189 191 193 190 196 190 195 190 194 195 199 194 196 196 199 194 193 193 197 197 196 200 198 198 203 198 200 200 205 201 201 203 201 202 203 204 204 203 205 205 205 202 207 206 204 206 209 207 209 208 208 207 209 206 213 212 208 213 211 209 210 209 212 216 212 211 214 212 214 212 216 214 215 215 216 217 216 216 218 216 217 219 219 219 221 220 220 218 221 221 221 221 226 222 222 227 224 221 224 226 225 222 226 222 228 225 228 228 227 228 227 230 228 228 229 228 229 231 232 231 233 230 231 234 233 234 232 236 235 235 237 237 236 234 236 237 237 238 241 240 240 239 241 237 242 241 239 244 241 243 242 241 242 243 247 243 242 245 244 248 244 244 246 244 246 247 250 247 252 249 248 249 247 253 249 253 248 250 251 253 254 248 251 254 256 250 255 251 257 252 255 255 256 258 254 257 256 256 259 261 257 258 255 259 258 263 260 261 261 261 262 261 260 263 265 264 268 264 266 262 265 267 263 267 268 264 266 265 268 269 268 267 270 266 269 267 267 269 270 270 271 273 272 274 272 271 277 273 277 273 274 272 274 276 273 275 278 276 278 276 280 281 278 280 279 280 278 278 281 281 282 279 285 283 282 282 284 284 283 286 284 281 287 288 285 289 286 288 287 292 287 289 290 290 290 291 288 290 291 289 292 294 292 293 290 294 295 293 293 298 291 291 294 295 297 296 296 295 298 299 297 299 297 295 300 300 300 302 299 302 304 302 302 301 301 304 303 301 305 304 305 306 306 308 309 304 306 307 310 309 307 309 308 308 310 312 311 309 310 311 313 313 314 313 310 317 315 314 313 317 314 312 316 319 315 316 318 316 320 318 318 323 318 319 319 320 317 323 321 320 322 320 321 320 324 324 324 323 326 322 327 329 328 325 326 327 330 325 331 331 327 329 328 328 330 326 330 331 333 331 333 329 332 334 332 329 334 333 335 337 334 332 336 334 336 337 337 335 334 339 340 338 338 339 339 340 338 341 341 339 345 338 342 344 343 346 342 345 344 345 344 347 343 346 348 344 347 346 347 351 348 350 348 353 350 348 349 349 351 349 354 351 353 350 353 356 352 352 352 354 352 356 355 357 354 357 356 358 355 359 361 357 359 355 361 359 363 360 360 359 364 363 360 362 363 364 364 365 366 368 362 362 366 365 363 366 367 367 367 368 370 369 369 369 374 368 368 373 370 372 371 372 372 371 373 370 374 370 372
0 : [0, 1] (60.0)
1 : [2, 3] (60.0)
2 : [] (0.0)
3 : [4, 7] (54.0)
4 : [6, 11] (61.0)
5 : [8, 10] (73.0)
6 : [5, 9, 21] (61.0)
7 : [12, 14, 18] (65.0)
8 : [16, 17] (61.0)
9 : [13, 15] (69.0)
10 : [19, 22] (86.0)
11 : [] (0.0)
12 : [23, 24, 25] (88.0)
13 : [26, 27] (62.0)
14 : [20, 28, 33] (91.0)
15 : [34, 36] (69.0)
16 : [29, 32] (90.0)
17 : [30, 31, 35] (77.0)
18 : [] (0.0)
19 : [38, 44] (88.0)
20 : [39, 40, 42, 45] (78.0)
21 : [41, 49] (77.0)
22 : [37, 43] (84.0)
23 : [46, 48, 50] (124.0)
24 : [53, 55] (63.0)
25 : [47, 51, 52] (62.0)
26 : [] (0.0)
27 : [] (0.0)
28 : [59, 60] (91.0)
29 : [54, 62] (79.0)
30 : [56, 61] (71.0)
31 : [57, 58, 63, 69] (56.0)
32 : [65, 67] (72.0)
33 : [] (0.0)
34 : [68, 76] (94.0)
35 : [66, 70, 75] (91.0)
36 : [64, 73] (88.0)
37 : [71, 72, 74] (71.0)
38 : [77, 78, 83] (59.0)
39 : [79, 84] (80.0)
40 : [81, 82] (61.0)
41 : [85, 87] (91.0)
42 : [] (0.0)
43 : [80, 86] (60.0)
44 : [88, 92, 96] (65.0)
45 : [90, 91] (66.0)
46 : [89, 95] (83.0)
47 : [94, 99, 101] (86.0)
48 : [] (0.0)
49 : [98, 100] (72.0)
50 : [93, 97] (89.0)
51 : [] (0.0)
52 : [103, 106, 107] (99.0)
53 : [102, 105] (60.0)
54 : [108, 109] (67.0)
55 : [112, 113] (67.0)
56 : [104, 111] (86.0)
57 : [114, 117] (60.0)
58 : [110, 115, 122] (69.0)
59 : [118, 119] (68.0)
60 : [121, 123] (73.0)
61 : [116, 125] (94.0)
62 : [120, 124] (65.0)
63 : [126, 134] (79.0)
64 : [127, 128, 131] (118.0)
65 : [133, 135] (86.0)
66 : [129, 130, 132] (61.0)
67 : [137, 138] (80.0)
68 : [] (0.0)
69 : [] (0.0)
70 : [136, 140] (57.0)
71 : [139, 141, 145] (84.0)
72 : [142, 146] (100.0)
73 : [144, 147, 149] (90.0)
74 : [143, 151, 155] (68.0)
75 : [148, 154] (100.0)
76 : [153, 158] (61.0)
77 : [152, 162] (71.0)
78 : [150, 157] (75.0)
79 : [156, 160] (88.0)
80 : [159, 161, 163] (109.0)
81 : [166] (61.0)
82 : [164] (68.0)
83 : [] (0.0)
84 : [165, 167, 170, 171] (87.0)
85 : [] (0.0)
86 : [168, 169] (72.0)
87 : [172, 175] (93.0)
88 : [174, 184] (99.0)
89 : [177, 179] (104.0)
90 : [173, 176, 180, 181] (122.0)
91 : [] (0.0)
92 : [183, 186] (87.0)
93 : [178, 185, 187, 190] (66.0)
94 : [182, 189] (80.0)
95 : [188, 193] (57.0)
96 : [191, 192] (99.0)
97 : [195, 196] (89.0)
98 : [194, 202] (117.0)
99 : [198, 200, 206] (109.0)
100 : [199, 201] (91.0)
101 : [197, 203, 210] (60.0)
102 : [204, 205] (75.0)
103 : [] (0.0)
104 : [207, 209, 213] (75.0)
105 : [] (0.0)
106 : [208] (63.0)
107 : [214, 216] (85.0)
108 : [212, 217] (85.0)
109 : [211, 219] (84.0)
110 : [215, 221, 223] (69.0)
111 : [218, 224, 230] (81.0)
112 : [220, 225] (104.0)
113 : [222, 227] (80.0)
114 : [229, 233] (85.0)
115 : [226, 234] (88.0)
116 : [228, 231] (104.0)
117 : [] (0.0)
118 : [235, 239] (75.0)
119 : [232, 236, 238] (68.0)
120 : [240, 243] (99.0)
121 : [237, 242, 245] (116.0)
122 : [241, 249] (76.0)
123 : [246, 248] (106.0)
124 : [252, 253] (90.0)
125 : [244, 247, 250, 251, 262] (116.0)
126 : [257, 261] (109.0)
127 : [254, 255, 256, 258, 268] (84.0)
128 : [259, 264, 267] (80.0)
129 : [263, 270] (79.0)
130 : [260, 271, 273] (71.0)
131 : [265, 275] (83.0)
132 : [266, 274, 280] (80.0)
133 : [272, 277] (71.0)
134 : [269, 281, 285] (98.0)
135 : [276, 278, 279, 282, 283] (78.0)
136 : [294] (66.0)
137 : [284, 286, 290] (64.0)
138 : [287, 288, 291] (82.0)
139 : [289, 292, 296, 301] (100.0)
140 : [293, 297, 299, 300] (121.0)
141 : [298, 302, 303] (65.0)
142 : [295, 304, 308] (77.0)
143 : [305, 306] (63.0)
144 : [309, 313] (87.0)
145 : [307, 312, 314, 321] (90.0)
146 : [319] (62.0)
147 : [311, 315, 316] (69.0)
148 : [310, 320, 330] (84.0)
149 : [317, 324, 327, 329] (95.0)
150 : [318, 325] (98.0)
151 : [322, 323, 328, 331, 332] (120.0)
152 : [339] (68.0)
153 : [336, 337, 340] (98.0)
154 : [326, 333, 335, 338] (81.0)
155 : [345, 350, 351] (111.0)
156 : [343, 344, 347, 348] (86.0)
157 : [334, 341, 342, 353] (71.0)
158 : [346, 355, 356] (83.0)
159 : [352, 358] (60.0)
160 : [349, 354, 357, 359] (113.0)
161 : [364, 368] (72.0)
162 : [361, 362, 363] (87.0)
163 : [360, 366] (97.0)
164 : [367, 369, 371, 372, 380] (94.0)
165 : [365, 370, 377] (61.0)
166 : [376] (72.0)
167 : [373, 374, 382] (78.0)
168 : [378, 381, 383, 385, 393] (66.0)
169 : [384, 387] (86.0)
170 : [375, 390] (89.0)
171 : [386, 391, 394] (124.0)
172 : [379, 389] (81.0)
173 : [392, 395, 396, 398, 405] (80.0)
174 : [388, 401, 402] (77.0)
175 : [400, 414] (109.0)
176 : [403, 404] (85.0)
177 : [399, 410, 412] (104.0)
178 : [397, 407, 409, 411, 415] (111.0)
179 : [406, 408, 417, 421] (123.0)
180 : [416, 427] (80.0)
181 : [418, 419, 425] (77.0)
182 : [420, 422, 424, 426] (123.0)
183 : [413, 423, 432] (118.0)
184 : [428, 438] (60.0)
185 : [429, 430, 431] (91.0)
186 : [436, 439] (91.0)
187 : [434, 440, 442, 450] (106.0)
188 : [433, 435, 444, 446] (96.0)
189 : [437, 441, 451] (71.0)
190 : [454, 456, 458] (119.0)
191 : [448, 452] (91.0)
192 : [443, 445] (90.0)
193 : [447, 453, 467, 468] (116.0)
194 : [449, 459, 462, 466] (88.0)
195 : [457, 460] (82.0)
196 : [455, 463, 464, 471] (74.0)
197 : [469, 470] (74.0)
198 : [473, 474, 476] (101.0)
199 : [461, 465] (98.0)
200 : [472, 477, 478] (117.0)
201 : [480, 481, 483] (117.0)
202 : [484, 492] (67.0)
203 : [475, 482, 485, 488] (89.0)
204 : [486, 487, 495] (98.0)
205 : [479, 489, 490, 491] (100.0)
206 : [494, 496, 504] (123.0)
207 : [493, 498, 502] (121.0)
208 : [500, 501, 507] (125.0)
209 : [497, 499, 503, 510, 512] (112.0)
210 : [511] (72.0)
211 : [509, 516] (76.0)
212 : [506, 513, 515, 518, 520] (85.0)
213 : [505, 508] (86.0)
214 : [517, 519, 522] (135.0)
215 : [523, 524] (82.0)
216 : [514, 521, 525, 527, 528, 530] (105.0)
217 : [526, 531] (114.0)
218 : [529, 538] (98.0)
219 : [532, 533, 534] (99.0)
220 : [536, 537] (88.0)
221 : [535, 539, 540, 541, 542, 548] (95.0)
222 : [544, 545, 552, 554] (115.0)
223 : [] (0.0)
224 : [547, 549] (91.0)
225 : [551, 556] (103.0)
226 : [543, 550, 553] (125.0)
227 : [546, 559, 561] (125.0)
228 : [555, 557, 558, 560, 563, 564, 566] (113.0)
229 : [565, 567] (98.0)
230 : [562, 572] (90.0)
231 : [568, 570, 573] (121.0)
232 : [569, 577] (62.0)
233 : [571, 575] (92.0)
234 : [574, 576, 584] (73.0)
235 : [579, 580] (107.0)
236 : [578, 583, 585] (103.0)
237 : [581, 582, 586, 587, 594] (108.0)
238 : [588] (89.0)
239 : [592, 597] (120.0)
240 : [590, 591] (78.0)
241 : [589, 593, 596, 599, 602] (105.0)
242 : [595, 601, 603, 607] (118.0)
243 : [600, 604, 606] (125.0)
244 : [598, 609, 611, 612, 614] (120.0)
245 : [608] (72.0)
246 : [613, 615] (98.0)
247 : [605, 616, 618, 623] (109.0)
248 : [610, 621, 627, 632] (123.0)
249 : [620, 622, 625] (110.0)
250 : [617, 628, 636] (100.0)
251 : [629, 633, 638] (124.0)
252 : [619, 640] (118.0)
253 : [624, 626, 630] (122.0)
254 : [631, 634, 645] (119.0)
255 : [637, 641, 642, 653] (115.0)
256 : [635, 643, 647, 648] (112.0)
257 : [639, 646, 651] (111.0)
258 : [644, 652, 655] (100.0)
259 : [649, 654] (99.0)
260 : [657, 663] (119.0)
261 : [650, 658, 659, 660, 662] (113.0)
262 : [661, 670] (88.0)
263 : [656, 664, 673] (125.0)
264 : [666, 668, 676] (96.0)
265 : [665, 671, 678] (125.0)
266 : [669, 677, 684] (112.0)
267 : [672, 674, 682, 686, 687] (113.0)
268 : [667, 675, 679, 681] (118.0)
269 : [680, 685, 688] (119.0)
270 : [683, 689, 690] (114.0)
271 : [691, 696] (104.0)
272 : [693, 695, 702] (117.0)
273 : [692, 698, 700, 705] (112.0)
274 : [694, 701, 703] (103.0)
275 : [706] (67.0)
276 : [704, 708, 710] (118.0)
277 : [697, 699] (102.0)
278 : [707, 709, 713, 717, 718] (113.0)
279 : [715, 722] (70.0)
280 : [711, 714, 716] (88.0)
281 : [712, 719, 720, 732] (118.0)
282 : [721, 725, 726] (115.0)
283 : [724, 729] (79.0)
284 : [727, 728, 731] (124.0)
285 : [723, 735] (95.0)
286 : [730, 737] (115.0)
287 : [733, 739, 741] (141.0)
288 : [734, 738, 747] (120.0)
289 : [736, 742, 750] (118.0)
290 : [743, 744, 745, 748, 755] (113.0)
291 : [746, 749, 761, 762] (118.0)
292 : [740, 751, 753] (125.0)
293 : [754, 758, 759] (108.0)
294 : [752, 756, 763] (119.0)
295 : [757, 764, 768, 774] (124.0)
296 : [766, 767] (99.0)
297 : [765, 771, 773] (118.0)
298 : [760, 769] (128.0)
299 : [770, 772, 779] (94.0)
300 : [775, 776, 777] (114.0)
301 : [784, 785, 788] (117.0)
302 : [778, 780, 782, 783] (103.0)
303 : [787] (72.0)
304 : [781, 786, 790, 796] (98.0)
305 : [789, 791] (110.0)
306 : [792, 793, 797] (114.0)
307 : [798, 801] (114.0)
308 : [794, 803, 804] (115.0)
309 : [795, 800, 802, 808] (102.0)
310 : [799, 805, 809, 815] (130.0)
311 : [807, 810] (122.0)
312 : [806, 822] (113.0)
313 : [811, 812, 814, 819] (120.0)
314 : [813, 818, 821] (121.0)
315 : [817, 825] (123.0)
316 : [823, 826, 828] (149.0)
317 : [816, 820, 837] (123.0)
318 : [827, 830, 831, 833] (119.0)
319 : [824, 834, 835] (112.0)
320 : [829, 836, 840, 842, 844] (118.0)
321 : [839, 843] (110.0)
322 : [841, 850] (74.0)
323 : [832, 838, 848] (123.0)
324 : [845, 846, 847] (138.0)
325 : [854, 858] (86.0)
326 : [849, 855, 866] (114.0)
327 : [851, 856, 861] (125.0)
328 : [853, 863, 864] (124.0)
329 : [852, 862, 872, 876] (124.0)
330 : [857, 865, 867] (127.0)
331 : [859, 860, 868, 870] (122.0)
332 : [873, 875, 882] (130.0)
333 : [869, 871, 878] (125.0)
334 : [874, 877, 881, 884, 889] (124.0)
335 : [879, 888] (139.0)
336 : [883, 885] (117.0)
337 : [880, 886, 887] (116.0)
338 : [892, 893, 897, 902] (112.0)
339 : [890, 894, 895, 900] (124.0)
340 : [891, 896] (111.0)
341 : [898, 899] (103.0)
342 : [903, 907] (113.0)
343 : [905, 913] (116.0)
344 : [904, 909, 911, 916] (130.0)
345 : [901, 908, 910] (124.0)
346 : [906, 914, 918] (135.0)
347 : [912, 917, 919] (126.0)
348 : [915, 921, 923, 926] (134.0)
349 : [927, 928, 930] (128.0)
350 : [922, 925, 934] (129.0)
351 : [920, 929, 932] (132.0)
352 : [937, 938, 939, 941] (125.0)
353 : [924, 933, 935] (145.0)
354 : [931, 940, 945] (134.0)
355 : [943, 949, 954] (123.0)
356 : [936, 942, 947] (116.0)
357 : [944, 946, 952] (123.0)
358 : [948] (105.0)
359 : [950, 953, 956, 960] (124.0)
360 : [958, 959, 963] (118.0)
361 : [951, 955] (103.0)
362 : [964, 971, 972] (125.0)
363 : [957, 962, 965, 975] (114.0)
364 : [961, 966, 967] (123.0)
365 : [968, 974] (98.0)
366 : [969, 973, 976] (124.0)
367 : [977, 978, 979] (125.0)
368 : [970, 980, 986, 987] (122.0)
369 : [982, 983, 984] (125.0)
370 : [981, 989, 996, 998] (122.0)
371 : [991, 994] (115.0)
372 : [990, 992, 993, 999] (125.0)
373 : [988, 995] (143.0)
374 : [985, 997] (128.0)
