Name: 1000-50-100
Time: 46.82141327857971 
Result: 117
Solution:  1 0 2 0 1 0 3 3 4 2 2 5 8 6 10 4 9 9 5 8 10 6 8 10 15 12 14 17 14 12 15 17 16 14 15 16 18 18 20 22 19 22 20 24 22 23 19 23 27 27 26 25 25 29 25 29 24 28 30 26 30 33 32 28 32 32 33 35 33 35 33 34 34 36 37 38 39 38 36 37 39 38 43 41 38 41 43 41 44 45 47 44 47 47 49 50 45 49 47 51 50 52 52 51 53 54 54 50 53 55 55 52 56 56 58 60 60 59 57 57 58 60 60 61 62 61 62 67 66 64 69 64 66 69 65 65 70 67 69 67 72 72 73 70 73 71 70 71 74 76 77 75 75 73 77 74 78 76 79 81 79 79 81 83 84 78 82 84 82 83 86 86 85 84 87 85 87 88 90 90 87 92 92 91 88 92 93 91 93 94 96 96 97 94 97 98 94 98 102 101 100 102 104 102 101 102 103 103 107 105 104 107 107 106 109 106 109 108 108 110 109 114 110 112 112 111 113 112 113 114 115 115 117 116 116 118 119 117 120 118 117 120 119 121 119 126 124 121 124 124 123 125 127 125 126 123 125 128 130 129 132 127 129 133 134 133 134 129 132 135 138 133 134 135 139 136 137 140 139 142 137 141 140 142 139 143 141 144 144 143 146 144 149 148 151 146 147 149 149 148 153 150 151 153 155 151 152 155 154 152 154 156 156 157 158 157 160 158 156 161 160 159 163 165 159 163 165 163 166 164 164 168 164 168 166 167 167 166 169 172 172 171 170 173 169 175 173 171 174 174 175 175 179 173 179 178 176 176 179 180 183 182 180 178 181 182 184 183 184 184 185 185 186 187 186 186 190 188 192 189 192 191 190 187 188 192 194 193 195 193 195 197 194 196 197 197 196 198 202 202 200 199 199 198 201 206 202 200 204 205 203 203 205 206 204 207 210 206 207 209 211 211 215 207 214 209 210 213 213 212 213 214 216 216 217 217 218 219 219 220 220 222 221 220 223 221 224 220 225 223 227 224 226 227 226 228 229 225 229 229 228 231 227 234 231 233 232 232 234 235 233 237 239 236 236 235 240 238 241 239 237 241 242 240 240 245 241 243 242 245 244 244 247 246 244 247 250 249 246 251 252 250 249 255 252 248 251 252 253 254 254 255 255 256 258 255 260 260 259 261 257 257 261 265 259 262 263 262 263 264 264 266 265 264 267 266 269 268 269 268 270 267 268 271 273 274 272 270 274 273 271 277 276 272 279 277 276 278 279 275 279 278 283 283 282 280 284 282 284 281 285 287 282 286 285 288 287 288 289 290 290 292 290 291 293 294 291 295 295 292 296 293 299 296 298 297 298 296 299 297 300 300 299 302 304 302 301 303 304 301 305 306 307 308 307 309 310 308 306 311 309 308 314 313 311 315 312 312 316 317 313 317 315 314 314 316 318 317 321 318 320 319 320 321 322 324 322 323 321 323 325 329 324 325 326 328 326 329 328 327 330 329 327 331 333 331 333 332 334 335 338 335 336 336 339 335 337 341 339 339 340 340 337 341 342 341 343 343 344 345 344 345 346 347 346 348 347 349 346 351 352 349 350 350 348 352 354 351 353 355 355 354 353 356 356 357 359 357 363 361 358 362 359 358 363 364 361 360 360 362 367 366 365 365 367 365 364 366 368 369 369 370 368 372 374 370 371 374 375 372 374 377 373 375 376 378 378 380 375 380 376 381 382 383 384 383 379 381 384 385 386 386 388 383 385 387 388 389 391 390 388 387 390 389 395 392 393 392 393 397 391 394 396 394 397 395 398 398 396 401 403 400 402 399 401 403 407 402 400 403 404 405 406 407 408 408 410 411 407 405 410 409 413 409 412 412 411 414 417 416 415 411 417 416 420 417 415 414 419 419 418 418 423 423 422 421 424 421 425 424 428 421 426 426 425 428 426 427 429 430 427 431 429 433 431 432 430 431 432 433 436 435 434 438 434 437 436 438 437 441 438 440 441 439 441 446 442 443 445 442 443 445 447 447 448 444 448 444 449 449 450 452 450 453 455 451 457 452 454 456 453 454 455 456 458 457 460 460 458 462 461 461 464 462 459 459 463 465 464 463 466 466 465 467 467 471 470 469 470 467 468 468 469 469 472 471 472 470 469 468 471 472 474 473 475 474 477 476 473 477 473 479 477 475 476 479 477 477 478 478 478 481 479 482 480 479 481 481 482 480 480 482 487 483 483 483 485 484 485 481 484 485 487 488 488 487 487 486 486 486
0 : [1, 3, 5] (64.0)
1 : [0, 4] (64.0)
2 : [2, 9, 10] (49.0)
3 : [6, 7] (50.0)
4 : [8, 15] (65.0)
5 : [11, 18] (79.0)
6 : [13, 21] (71.0)
7 : [] (0.0)
8 : [12, 19, 22] (55.0)
9 : [16, 17] (50.0)
10 : [14, 20, 23] (56.0)
11 : [] (0.0)
12 : [25, 29] (72.0)
13 : [] (0.0)
14 : [26, 28, 33] (44.0)
15 : [24, 30, 34] (48.0)
16 : [32, 35] (71.0)
17 : [27, 31] (71.0)
18 : [36, 37] (51.0)
19 : [40, 46] (62.0)
20 : [38, 42] (49.0)
21 : [] (0.0)
22 : [39, 41, 44] (62.0)
23 : [45, 47] (56.0)
24 : [43, 56] (66.0)
25 : [51, 52, 54] (60.0)
26 : [50, 59] (51.0)
27 : [48, 49] (52.0)
28 : [57, 63] (47.0)
29 : [53, 55] (56.0)
30 : [58, 60] (73.0)
31 : [] (0.0)
32 : [62, 64, 65] (74.0)
33 : [61, 66, 68, 70] (73.0)
34 : [71, 72] (51.0)
35 : [67, 69] (62.0)
36 : [73, 78] (73.0)
37 : [74, 79] (61.0)
38 : [75, 77, 81, 84] (69.0)
39 : [76, 80] (75.0)
40 : [] (0.0)
41 : [83, 85, 87] (82.0)
42 : [] (0.0)
43 : [82, 86] (57.0)
44 : [88, 91] (69.0)
45 : [89, 96] (68.0)
46 : [] (0.0)
47 : [90, 92, 93, 98] (77.0)
48 : [] (0.0)
49 : [94, 97] (50.0)
50 : [95, 100, 107] (63.0)
51 : [99, 103] (80.0)
52 : [101, 102, 111] (76.0)
53 : [104, 108] (55.0)
54 : [105, 106] (57.0)
55 : [109, 110] (51.0)
56 : [112, 113] (54.0)
57 : [118, 119] (55.0)
58 : [114, 120] (70.0)
59 : [117] (52.0)
60 : [115, 116, 121, 122] (54.0)
61 : [123, 125] (76.0)
62 : [124, 126] (74.0)
63 : [] (0.0)
64 : [129, 131] (57.0)
65 : [134, 135] (56.0)
66 : [128, 132] (70.0)
67 : [127, 137, 139] (83.0)
68 : [] (0.0)
69 : [130, 133, 138] (56.0)
70 : [136, 143, 146] (57.0)
71 : [145, 147] (87.0)
72 : [140, 141] (56.0)
73 : [142, 144, 153] (62.0)
74 : [148, 155] (49.0)
75 : [151, 152] (63.0)
76 : [149, 157] (68.0)
77 : [150, 154] (66.0)
78 : [156, 165] (60.0)
79 : [158, 160, 161] (72.0)
80 : [] (0.0)
81 : [159, 162] (78.0)
82 : [166, 168] (60.0)
83 : [163, 169] (64.0)
84 : [164, 167, 173] (57.0)
85 : [172, 175] (60.0)
86 : [170, 171] (58.0)
87 : [174, 176, 180] (77.0)
88 : [177, 184] (82.0)
89 : [] (0.0)
90 : [178, 179] (59.0)
91 : [183, 187] (80.0)
92 : [181, 182, 185] (52.0)
93 : [186, 188] (63.0)
94 : [189, 193, 196] (65.0)
95 : [] (0.0)
96 : [190, 191] (59.0)
97 : [192, 194] (64.0)
98 : [195, 197] (80.0)
99 : [] (0.0)
100 : [200] (58.0)
101 : [199, 204] (92.0)
102 : [198, 201, 203, 205] (55.0)
103 : [206, 207] (60.0)
104 : [202, 210] (82.0)
105 : [209] (53.0)
106 : [213, 215] (56.0)
107 : [208, 211, 212] (54.0)
108 : [217, 218] (61.0)
109 : [214, 216, 220] (74.0)
110 : [219, 222] (72.0)
111 : [225] (50.0)
112 : [223, 224, 227] (65.0)
113 : [226, 228] (56.0)
114 : [221, 229] (79.0)
115 : [230, 231] (61.0)
116 : [233, 234] (58.0)
117 : [232, 237, 240] (96.0)
118 : [235, 239] (68.0)
119 : [236, 242, 244] (97.0)
120 : [238, 241] (51.0)
121 : [243, 247] (50.0)
122 : [] (0.0)
123 : [250, 255] (80.0)
124 : [246, 248, 249] (96.0)
125 : [251, 253, 256] (68.0)
126 : [245, 254] (55.0)
127 : [252, 261] (61.0)
128 : [257] (54.0)
129 : [259, 262, 267] (82.0)
130 : [258] (55.0)
131 : [] (0.0)
132 : [260, 268] (63.0)
133 : [263, 265, 271] (81.0)
134 : [264, 266, 272] (88.0)
135 : [269, 273] (50.0)
136 : [275] (55.0)
137 : [276, 280] (71.0)
138 : [270] (51.0)
139 : [274, 278, 284] (68.0)
140 : [277, 282] (52.0)
141 : [281, 286] (60.0)
142 : [279, 283] (82.0)
143 : [285, 289] (59.0)
144 : [287, 288, 291] (81.0)
145 : [] (0.0)
146 : [290, 295] (82.0)
147 : [296] (54.0)
148 : [293, 299] (73.0)
149 : [292, 297, 298] (67.0)
150 : [301] (55.0)
151 : [294, 302, 305] (61.0)
152 : [306, 309] (72.0)
153 : [300, 303] (58.0)
154 : [308, 310] (64.0)
155 : [304, 307] (75.0)
156 : [311, 312, 318] (55.0)
157 : [313, 315] (66.0)
158 : [314, 317] (71.0)
159 : [321, 324] (89.0)
160 : [316, 320] (63.0)
161 : [319] (60.0)
162 : [] (0.0)
163 : [322, 325, 327] (82.0)
164 : [329, 330, 332] (80.0)
165 : [323, 326] (68.0)
166 : [328, 334, 337] (74.0)
167 : [335, 336] (87.0)
168 : [331, 333] (91.0)
169 : [338, 344] (83.0)
170 : [342] (52.0)
171 : [341, 347] (82.0)
172 : [339, 340] (67.0)
173 : [343, 346, 353] (59.0)
174 : [348, 349] (67.0)
175 : [345, 350, 351] (90.0)
176 : [356, 357] (68.0)
177 : [] (0.0)
178 : [355, 363] (77.0)
179 : [352, 354, 358] (86.0)
180 : [359, 362] (78.0)
181 : [364] (50.0)
182 : [361, 365] (71.0)
183 : [360, 367] (72.0)
184 : [366, 368, 369] (82.0)
185 : [370, 371] (69.0)
186 : [372, 374, 375] (91.0)
187 : [373, 383] (94.0)
188 : [377, 384] (67.0)
189 : [379] (51.0)
190 : [376, 382] (63.0)
191 : [381] (56.0)
192 : [378, 380, 385] (68.0)
193 : [387, 389] (55.0)
194 : [386, 392] (58.0)
195 : [388, 390] (88.0)
196 : [393, 396] (90.0)
197 : [391, 394, 395] (93.0)
198 : [397, 403] (106.0)
199 : [401, 402] (61.0)
200 : [400, 407] (68.0)
201 : [404] (59.0)
202 : [398, 399, 406] (89.0)
203 : [410, 411] (71.0)
204 : [408, 414] (71.0)
205 : [409, 412] (89.0)
206 : [405, 413, 417] (95.0)
207 : [415, 418, 423] (59.0)
208 : [] (0.0)
209 : [419, 425] (55.0)
210 : [416, 426] (77.0)
211 : [420, 421] (71.0)
212 : [429] (56.0)
213 : [427, 428, 430] (69.0)
214 : [424, 431] (95.0)
215 : [422] (60.0)
216 : [432, 433] (72.0)
217 : [434, 435] (72.0)
218 : [436] (57.0)
219 : [437, 438] (74.0)
220 : [439, 440, 443, 447] (72.0)
221 : [442, 445] (72.0)
222 : [441] (50.0)
223 : [444, 449] (77.0)
224 : [446, 451] (96.0)
225 : [448, 457] (89.0)
226 : [452, 454] (88.0)
227 : [450, 453, 462] (79.0)
228 : [455, 460] (78.0)
229 : [456, 458, 459] (90.0)
230 : [] (0.0)
231 : [461, 464] (72.0)
232 : [466, 467] (73.0)
233 : [465, 470] (66.0)
234 : [463, 468] (77.0)
235 : [469, 475] (94.0)
236 : [473, 474] (89.0)
237 : [471, 480] (87.0)
238 : [477] (65.0)
239 : [472, 479] (73.0)
240 : [476, 483, 484] (55.0)
241 : [478, 481, 486] (71.0)
242 : [482, 488] (74.0)
243 : [487] (50.0)
244 : [490, 491, 494] (88.0)
245 : [485, 489] (100.0)
246 : [493, 498] (80.0)
247 : [492, 495] (108.0)
248 : [505] (61.0)
249 : [497, 502] (89.0)
250 : [496, 501] (92.0)
251 : [499, 506] (73.0)
252 : [500, 504, 507] (63.0)
253 : [508] (55.0)
254 : [509, 510] (85.0)
255 : [503, 511, 512, 515] (49.0)
256 : [513] (67.0)
257 : [520, 521] (76.0)
258 : [514] (60.0)
259 : [518, 524] (79.0)
260 : [516, 517] (76.0)
261 : [519, 522] (80.0)
262 : [525, 527] (82.0)
263 : [526, 528] (80.0)
264 : [529, 530, 533] (86.0)
265 : [523, 532] (81.0)
266 : [531, 535] (72.0)
267 : [534, 541] (94.0)
268 : [537, 539, 542] (92.0)
269 : [536, 538] (85.0)
270 : [540, 547] (68.0)
271 : [543, 550] (84.0)
272 : [546, 553] (79.0)
273 : [544, 549] (77.0)
274 : [545, 548] (77.0)
275 : [559] (72.0)
276 : [552, 556] (88.0)
277 : [551, 555] (77.0)
278 : [557, 561] (61.0)
279 : [554, 558, 560] (95.0)
280 : [565] (55.0)
281 : [569] (52.0)
282 : [564, 567, 572] (92.0)
283 : [562, 563] (78.0)
284 : [566, 568] (52.0)
285 : [570, 574] (71.0)
286 : [573] (61.0)
287 : [571, 576] (94.0)
288 : [575, 577] (69.0)
289 : [578] (57.0)
290 : [579, 580, 582] (56.0)
291 : [583, 586] (102.0)
292 : [581, 589] (104.0)
293 : [584, 591] (88.0)
294 : [585] (65.0)
295 : [587, 588] (72.0)
296 : [590, 593, 597] (74.0)
297 : [595, 599] (95.0)
298 : [594, 596] (99.0)
299 : [592, 598, 602] (91.0)
300 : [600, 601] (80.0)
301 : [606, 609] (56.0)
302 : [603, 605] (86.0)
303 : [607] (57.0)
304 : [604, 608] (84.0)
305 : [610] (69.0)
306 : [611, 618] (68.0)
307 : [612, 614] (92.0)
308 : [613, 617, 621] (70.0)
309 : [615, 620] (94.0)
310 : [616] (68.0)
311 : [619, 624] (85.0)
312 : [626, 627] (81.0)
313 : [623, 630] (90.0)
314 : [622, 633, 634] (93.0)
315 : [625, 632] (91.0)
316 : [628, 635] (92.0)
317 : [629, 631, 637] (93.0)
318 : [636, 639] (103.0)
319 : [641] (80.0)
320 : [640, 642] (67.0)
321 : [638, 643, 648] (76.0)
322 : [644, 646] (97.0)
323 : [647, 649] (84.0)
324 : [645, 652] (74.0)
325 : [650, 653] (91.0)
326 : [654, 656] (56.0)
327 : [659, 662] (95.0)
328 : [655, 658] (80.0)
329 : [651, 657, 661] (94.0)
330 : [660] (67.0)
331 : [663, 665] (79.0)
332 : [667] (56.0)
333 : [664, 666] (80.0)
334 : [668] (74.0)
335 : [669, 671, 675] (100.0)
336 : [672, 673] (83.0)
337 : [676, 682] (87.0)
338 : [670] (58.0)
339 : [674, 678, 679] (100.0)
340 : [680, 681] (83.0)
341 : [677, 683, 685] (100.0)
342 : [684] (62.0)
343 : [686, 687] (84.0)
344 : [688, 690] (78.0)
345 : [689, 691] (90.0)
346 : [692, 694, 698] (99.0)
347 : [693, 696] (95.0)
348 : [695, 704] (76.0)
349 : [697, 701] (79.0)
350 : [702, 703] (85.0)
351 : [699, 707] (93.0)
352 : [700, 705] (83.0)
353 : [708, 712] (89.0)
354 : [706, 711] (99.0)
355 : [709, 710] (90.0)
356 : [713, 714] (85.0)
357 : [715, 717] (79.0)
358 : [720, 723] (75.0)
359 : [716, 722] (83.0)
360 : [727, 728] (86.0)
361 : [719, 726] (85.0)
362 : [721, 729] (100.0)
363 : [718, 724] (85.0)
364 : [725, 736] (92.0)
365 : [732, 733, 735] (103.0)
366 : [731, 737] (97.0)
367 : [730, 734] (109.0)
368 : [738, 742] (100.0)
369 : [739, 740] (111.0)
370 : [741, 745] (84.0)
371 : [746] (67.0)
372 : [743, 749] (83.0)
373 : [752] (77.0)
374 : [744, 747, 750] (56.0)
375 : [748, 753, 758] (92.0)
376 : [754, 760] (80.0)
377 : [751] (77.0)
378 : [755, 756] (80.0)
379 : [766] (68.0)
380 : [757, 759] (95.0)
381 : [761, 767] (73.0)
382 : [762] (74.0)
383 : [763, 765, 773] (94.0)
384 : [764, 768] (89.0)
385 : [769, 774] (96.0)
386 : [770, 771] (89.0)
387 : [775, 781] (97.0)
388 : [772, 776, 780] (114.0)
389 : [777, 783] (95.0)
390 : [779, 782] (99.0)
391 : [778, 790] (95.0)
392 : [785, 787] (97.0)
393 : [786, 788] (98.0)
394 : [791, 793] (87.0)
395 : [784, 795] (59.0)
396 : [792, 798] (83.0)
397 : [789, 794] (106.0)
398 : [796, 797] (90.0)
399 : [803] (78.0)
400 : [801, 808] (126.0)
401 : [799, 804] (109.0)
402 : [802, 807] (80.0)
403 : [800, 805, 809] (91.0)
404 : [810] (72.0)
405 : [811, 819] (92.0)
406 : [812] (53.0)
407 : [806, 813, 818] (81.0)
408 : [814, 815] (91.0)
409 : [821, 823] (75.0)
410 : [816, 820] (93.0)
411 : [817, 826, 831] (96.0)
412 : [824, 825] (92.0)
413 : [822] (87.0)
414 : [827, 837] (97.0)
415 : [830, 836] (106.0)
416 : [829, 833] (100.0)
417 : [828, 832, 835] (99.0)
418 : [840, 841] (93.0)
419 : [838, 839] (93.0)
420 : [834] (79.0)
421 : [845, 847, 851] (89.0)
422 : [844] (52.0)
423 : [842, 843] (93.0)
424 : [846, 849] (131.0)
425 : [848, 854] (95.0)
426 : [852, 853, 856] (124.0)
427 : [857, 860] (110.0)
428 : [850, 855] (100.0)
429 : [858, 862] (112.0)
430 : [859, 866] (109.0)
431 : [861, 864, 867] (103.0)
432 : [865, 868] (98.0)
433 : [863, 869] (99.0)
434 : [872, 874] (147.0)
435 : [871] (90.0)
436 : [870, 876] (87.0)
437 : [875, 878] (102.0)
438 : [873, 877, 880] (51.0)
439 : [883] (81.0)
440 : [881] (71.0)
441 : [879, 882, 884] (57.0)
442 : [886, 889] (100.0)
443 : [887, 890] (89.0)
444 : [895, 897] (95.0)
445 : [888, 891] (97.0)
446 : [885] (74.0)
447 : [892, 893] (96.0)
448 : [894, 896] (97.0)
449 : [898, 899] (96.0)
450 : [900, 902] (100.0)
451 : [905] (66.0)
452 : [901, 907] (110.0)
453 : [903, 910] (97.0)
454 : [908, 911] (81.0)
455 : [904, 912] (89.0)
456 : [909, 913] (95.0)
457 : [906, 915] (82.0)
458 : [914, 918] (89.0)
459 : [924, 925] (98.0)
460 : [916, 917] (98.0)
461 : [920, 921] (98.0)
462 : [919, 923] (75.0)
463 : [926, 929] (161.0)
464 : [922, 928] (97.0)
465 : [927, 932] (80.0)
466 : [930, 931] (98.0)
467 : [933, 934, 939] (114.0)
468 : [940, 941, 949] (108.0)
469 : [937, 942, 943, 948] (107.0)
470 : [936, 938, 947] (101.0)
471 : [935, 945, 950] (105.0)
472 : [944, 946, 951] (98.0)
473 : [953, 958, 960] (121.0)
474 : [952, 955] (97.0)
475 : [954, 963] (100.0)
476 : [957, 964] (110.0)
477 : [956, 959, 962, 966, 967] (100.0)
478 : [968, 969, 970] (102.0)
479 : [961, 965, 972, 975] (104.0)
480 : [974, 979, 980] (104.0)
481 : [971, 976, 977, 989] (86.0)
482 : [973, 978, 981] (90.0)
483 : [983, 984, 985] (101.0)
484 : [987, 990] (97.0)
485 : [986, 988, 991] (100.0)
486 : [997, 998, 999] (100.0)
487 : [982, 992, 995, 996] (89.0)
488 : [993, 994] (89.0)
