Name: 250-30-50
Time: 10.289066791534424 
Result: 31
Solution:  2 0 0 1 4 2 2 1 5 8 6 5 2 6 5 4 9 12 7 9 8 7 13 9 12 11 16 11 14 12 16 18 13 18 14 15 15 16 17 16 21 20 23 20 25 21 25 24 22 22 26 24 23 23 31 28 26 28 29 29 30 31 32 30 31 33 35 32 34 30 33 36 35 38 37 41 37 36 41 39 44 38 42 43 39 42 40 42 45 45 43 44 45 46 48 48 49 46 48 47 50 47 52 50 53 49 52 56 54 53 54 55 55 53 57 57 59 58 59 58 56 60 62 59 63 64 63 67 64 60 65 62 66 65 70 66 68 70 69 73 68 70 71 71 72 71 76 75 73 73 75 74 78 73 77 74 76 77 79 75 81 80 79 82 86 85 84 82 80 83 84 86 83 87 88 85 87 89 87 88 89 92 94 91 96 91 94 90 93 95 95 95 98 96 94 97 97 99 100 100 102 101 103 98 101 105 98 101 99 102 103 108 101 102 106 104 106 104 104 104 105 107 110 105 107 108 109 107 107 110 110 109 111 111 112 111 113 115 113 114 113 116 110 114 112 113 114 115 114 116
0 : [1, 2] (33.0)
1 : [3, 7] (32.0)
2 : [0, 5, 6, 12] (46.0)
3 : [] (0.0)
4 : [4, 15] (46.0)
5 : [8, 11, 14] (35.0)
6 : [10, 13] (32.0)
7 : [18, 21] (31.0)
8 : [9, 20] (41.0)
9 : [16, 19, 23] (35.0)
10 : [] (0.0)
11 : [25, 27] (46.0)
12 : [17, 24, 29] (33.0)
13 : [22, 32] (32.0)
14 : [28, 34] (49.0)
15 : [35, 36] (35.0)
16 : [26, 30, 37, 39] (29.0)
17 : [38] (31.0)
18 : [31, 33] (41.0)
19 : [] (0.0)
20 : [41, 43] (33.0)
21 : [40, 45] (37.0)
22 : [48, 49] (34.0)
23 : [42, 52, 53] (43.0)
24 : [47, 51] (35.0)
25 : [44, 46] (30.0)
26 : [50, 56] (33.0)
27 : [] (0.0)
28 : [55, 57] (30.0)
29 : [58, 59] (35.0)
30 : [60, 63, 69] (36.0)
31 : [54, 61, 64] (50.0)
32 : [62, 67] (41.0)
33 : [65, 70] (47.0)
34 : [68] (30.0)
35 : [66, 72] (39.0)
36 : [71, 77] (42.0)
37 : [74, 76] (38.0)
38 : [73, 81] (42.0)
39 : [79, 84] (36.0)
40 : [86] (32.0)
41 : [75, 78] (34.0)
42 : [82, 85, 87] (50.0)
43 : [83, 90] (30.0)
44 : [80, 91] (30.0)
45 : [88, 89, 92] (50.0)
46 : [93, 97] (39.0)
47 : [99, 101] (48.0)
48 : [94, 95, 98] (53.0)
49 : [96, 105] (55.0)
50 : [100, 103] (39.0)
51 : [] (0.0)
52 : [102, 106] (34.0)
53 : [104, 109, 113] (35.0)
54 : [108, 110] (39.0)
55 : [111, 112] (53.0)
56 : [107, 120] (34.0)
57 : [114, 115] (40.0)
58 : [117, 119] (53.0)
59 : [116, 118, 123] (41.0)
60 : [121, 129] (39.0)
61 : [] (0.0)
62 : [122, 131] (42.0)
63 : [124, 126] (33.0)
64 : [125, 128] (43.0)
65 : [130, 133] (54.0)
66 : [132, 135] (42.0)
67 : [127] (31.0)
68 : [136, 140] (43.0)
69 : [138] (36.0)
70 : [134, 137, 141] (48.0)
71 : [142, 143, 145] (46.0)
72 : [144] (36.0)
73 : [139, 148, 149, 153] (50.0)
74 : [151, 155] (45.0)
75 : [147, 150, 159] (48.0)
76 : [146, 156] (37.0)
77 : [154, 157] (55.0)
78 : [152] (40.0)
79 : [158, 162] (42.0)
80 : [161, 168] (46.0)
81 : [160] (39.0)
82 : [163, 167] (49.0)
83 : [169, 172] (48.0)
84 : [166, 170] (46.0)
85 : [165, 175] (49.0)
86 : [164, 171] (52.0)
87 : [173, 176, 178] (50.0)
88 : [174, 179] (31.0)
89 : [177, 180] (38.0)
90 : [187] (37.0)
91 : [183, 185] (60.0)
92 : [181] (34.0)
93 : [188] (41.0)
94 : [182, 186, 194] (49.0)
95 : [189, 190, 191] (53.0)
96 : [184, 193] (44.0)
97 : [195, 196] (52.0)
98 : [192, 203, 206] (36.0)
99 : [197, 208] (46.0)
100 : [198, 199] (47.0)
101 : [201, 204, 207, 212] (49.0)
102 : [200, 209, 213] (46.0)
103 : [202, 210] (54.0)
104 : [215, 217, 218, 219] (49.0)
105 : [205, 220, 223] (51.0)
106 : [214, 216] (47.0)
107 : [221, 224, 227, 228] (49.0)
108 : [211, 225] (51.0)
109 : [226, 231] (50.0)
110 : [222, 229, 230, 242] (50.0)
111 : [232, 233, 235] (47.0)
112 : [234, 244] (57.0)
113 : [236, 238, 240, 245] (50.0)
114 : [239, 243, 246, 248] (50.0)
115 : [237, 247] (44.0)
116 : [241, 249] (43.0)
