Name: 250-20-30
Time: 9.877807855606079 
Result: 15
Solution:  1 4 1 4 2 3 3 2 5 1 5 4 7 3 8 7 8 7 10 11 10 13 13 15 12 12 10 11 14 14 15 13 20 16 19 18 18 21 22 20 20 16 22 19 24 21 24 25 24 25 27 26 28 26 30 27 28 31 27 29 28 29 33 32 33 31 34 30 38 32 35 37 35 39 37 36 39 41 36 39 40 40 42 43 42 38 44 42 47 43 47 42 46 46 45 51 45 50 49 48 54 48 49 50 51 53 52 52 55 50 58 55 54 56 56 53 58 59 59 61 60 60 63 59 64 62 63 61 65 62 65 64 66 66 67 68 69 70 72 69 71 67 68 69 72 73 70 73 76 74 79 77 75 75 79 78 80 80 76 79 77 81 82 82 83 81 85 79 84 82 89 84 88 83 86 85 87 87 86 89 92 90 90 88 93 88 91 90 91 93 94 93 94 97 95 96 95 95 92 98 96 95 100 97 93 99 97 99 95 98 103 101 103 104 98 105 99 101 103 100 101 101 102 105 105 104 102 105 105 103 106 109 109 108 107 107 107 108 106 109 110 107 110 110 112 111 111 111 110 112
0 : [] (0.0)
1 : [0, 2, 9] (25.0)
2 : [4, 7] (23.0)
3 : [5, 6, 13] (30.0)
4 : [1, 3, 11] (25.0)
5 : [8, 10] (30.0)
6 : [] (0.0)
7 : [12, 15, 17] (22.0)
8 : [14, 16] (25.0)
9 : [] (0.0)
10 : [18, 20, 26] (21.0)
11 : [19, 27] (30.0)
12 : [24, 25] (21.0)
13 : [21, 22, 31] (22.0)
14 : [28, 29] (21.0)
15 : [23, 30] (30.0)
16 : [33, 41] (28.0)
17 : [] (0.0)
18 : [35, 36] (23.0)
19 : [34, 43] (23.0)
20 : [32, 39, 40] (21.0)
21 : [37, 45] (26.0)
22 : [38, 42] (24.0)
23 : [] (0.0)
24 : [44, 46, 48] (24.0)
25 : [47, 49] (25.0)
26 : [51, 53] (28.0)
27 : [50, 55, 58] (24.0)
28 : [52, 56, 60] (24.0)
29 : [59, 61] (24.0)
30 : [54, 67] (20.0)
31 : [57, 65] (30.0)
32 : [63, 69] (27.0)
33 : [62, 64] (22.0)
34 : [66] (20.0)
35 : [70, 72] (31.0)
36 : [75, 78] (22.0)
37 : [71, 74] (20.0)
38 : [68, 85] (25.0)
39 : [73, 76, 79] (23.0)
40 : [80, 81] (23.0)
41 : [77] (19.0)
42 : [82, 84, 87, 91] (20.0)
43 : [83, 89] (24.0)
44 : [86] (22.0)
45 : [94, 96] (26.0)
46 : [92, 93] (24.0)
47 : [88, 90] (34.0)
48 : [99, 101] (27.0)
49 : [98, 102] (26.0)
50 : [97, 103, 109] (30.0)
51 : [95, 104] (27.0)
52 : [106, 107] (24.0)
53 : [105, 115] (21.0)
54 : [100, 112] (27.0)
55 : [108, 111] (22.0)
56 : [113, 114] (23.0)
57 : [] (0.0)
58 : [110, 116] (29.0)
59 : [117, 118, 123] (30.0)
60 : [120, 121] (25.0)
61 : [119, 127] (29.0)
62 : [125, 129] (28.0)
63 : [122, 126] (28.0)
64 : [124, 131] (23.0)
65 : [128, 130] (26.0)
66 : [132, 133] (26.0)
67 : [134, 141] (23.0)
68 : [135, 142] (30.0)
69 : [136, 139, 143] (23.0)
70 : [137, 146] (26.0)
71 : [140] (21.0)
72 : [138, 144] (29.0)
73 : [145, 147] (33.0)
74 : [149] (20.0)
75 : [152, 153] (27.0)
76 : [148, 158] (29.0)
77 : [151, 160] (33.0)
78 : [155] (21.0)
79 : [150, 154, 159, 167] (26.0)
80 : [156, 157] (27.0)
81 : [161, 165] (25.0)
82 : [162, 163, 169] (30.0)
83 : [164, 173] (29.0)
84 : [168, 171] (34.0)
85 : [166, 175] (33.0)
86 : [174, 178] (27.0)
87 : [176, 177] (28.0)
88 : [172, 183, 185] (29.0)
89 : [170, 179] (28.0)
90 : [181, 182, 187] (27.0)
91 : [186, 188] (29.0)
92 : [180, 198] (29.0)
93 : [184, 189, 191, 204] (30.0)
94 : [190, 192] (28.0)
95 : [194, 196, 197, 201, 208] (25.0)
96 : [195, 200] (25.0)
97 : [193, 203, 206] (30.0)
98 : [199, 209, 214] (32.0)
99 : [205, 207, 216] (31.0)
100 : [202, 219] (33.0)
101 : [211, 217, 220, 221] (32.0)
102 : [222, 226] (29.0)
103 : [210, 212, 218, 229] (30.0)
104 : [213, 225] (34.0)
105 : [215, 223, 224, 227, 228] (32.0)
106 : [230, 238] (30.0)
107 : [234, 235, 236, 241] (29.0)
108 : [233, 237] (30.0)
109 : [231, 232, 239] (27.0)
110 : [240, 242, 243, 248] (22.0)
111 : [245, 246, 247] (29.0)
112 : [244, 249] (30.0)
