Name: 250-50-100
Time: 10.623706102371216 
Result: 66
Solution:  0 0 1 1 4 6 1 3 4 3 6 5 4 5 8 7 7 9 7 9 11 8 11 10 12 10 14 12 15 13 15 16 15 13 16 18 18 14 19 19 23 18 20 20 24 24 22 22 23 25 21 24 26 26 27 29 25 27 33 30 31 28 30 29 35 28 31 35 30 31 39 39 36 34 38 36 38 38 41 41 37 40 37 44 43 41 42 40 44 42 43 44 45 46 49 47 48 45 47 51 48 50 50 52 51 53 53 52 54 53 55 56 57 57 60 56 58 55 59 59 64 60 61 58 63 64 65 63 62 62 61 65 66 66 67 69 72 65 72 70 69 71 75 73 76 69 74 73 71 74 72 79 76 80 77 79 75 78 77 78 84 80 83 81 82 82 84 85 86 83 89 88 86 83 88 89 91 85 87 92 93 91 90 90 93 92 92 94 95 94 94 96 100 97 99 99 97 96 98 95 101 98 100 101 102 104 101 98 102 105 103 103 105 104 105 104 104 102 101 106 108 109 107 108 109 107 109 109 106 109 110 113 112 112 111 107 111 111 110 114 110 113 112 114 115 113 115 115 113 114
0 : [0, 1] (50.0)
1 : [2, 3, 6] (69.0)
2 : [] (0.0)
3 : [7, 9] (66.0)
4 : [4, 8, 12] (53.0)
5 : [11, 13] (64.0)
6 : [5, 10] (56.0)
7 : [15, 16, 18] (50.0)
8 : [14, 21] (60.0)
9 : [17, 19] (71.0)
10 : [23, 25] (51.0)
11 : [20, 22] (69.0)
12 : [24, 27] (58.0)
13 : [29, 33] (61.0)
14 : [26, 37] (64.0)
15 : [28, 30, 32] (75.0)
16 : [31, 34] (83.0)
17 : [] (0.0)
18 : [35, 36, 41] (54.0)
19 : [38, 39] (59.0)
20 : [42, 43] (61.0)
21 : [50] (57.0)
22 : [46, 47] (61.0)
23 : [40, 48] (60.0)
24 : [44, 45, 51] (67.0)
25 : [49, 56] (79.0)
26 : [52, 53] (65.0)
27 : [54, 57] (54.0)
28 : [61, 65] (87.0)
29 : [55, 63] (72.0)
30 : [59, 62, 68] (98.0)
31 : [60, 66, 69] (66.0)
32 : [] (0.0)
33 : [58] (51.0)
34 : [73] (59.0)
35 : [64, 67] (58.0)
36 : [72, 75] (61.0)
37 : [80, 82] (55.0)
38 : [74, 76, 77] (90.0)
39 : [70, 71] (69.0)
40 : [81, 87] (84.0)
41 : [78, 79, 85] (98.0)
42 : [86, 89] (93.0)
43 : [84, 90] (76.0)
44 : [83, 88, 91] (97.0)
45 : [92, 97] (57.0)
46 : [93] (57.0)
47 : [95, 98] (72.0)
48 : [96, 100] (71.0)
49 : [94] (56.0)
50 : [101, 102] (84.0)
51 : [99, 104] (58.0)
52 : [103, 107] (90.0)
53 : [105, 106, 109] (98.0)
54 : [108] (62.0)
55 : [110, 117] (63.0)
56 : [111, 115] (96.0)
57 : [112, 113] (82.0)
58 : [116, 123] (86.0)
59 : [118, 119] (82.0)
60 : [114, 121] (81.0)
61 : [122, 130] (84.0)
62 : [128, 129] (84.0)
63 : [124, 127] (116.0)
64 : [120, 125] (54.0)
65 : [126, 131, 137] (91.0)
66 : [132, 133] (86.0)
67 : [134] (61.0)
68 : [] (0.0)
69 : [135, 140, 145] (78.0)
70 : [139] (76.0)
71 : [141, 148] (100.0)
72 : [136, 138, 150] (91.0)
73 : [143, 147] (86.0)
74 : [146, 149] (89.0)
75 : [142, 156] (84.0)
76 : [144, 152] (100.0)
77 : [154, 158] (98.0)
78 : [157, 159] (100.0)
79 : [151, 155] (103.0)
80 : [153, 161] (95.0)
81 : [163] (81.0)
82 : [164, 165] (89.0)
83 : [162, 169, 173] (96.0)
84 : [160, 166] (109.0)
85 : [167, 177] (90.0)
86 : [168, 172] (92.0)
87 : [178] (81.0)
88 : [171, 174] (94.0)
89 : [170, 175] (87.0)
90 : [182, 183] (92.0)
91 : [176, 181] (81.0)
92 : [179, 185, 186] (86.0)
93 : [180, 184] (80.0)
94 : [187, 189, 190] (97.0)
95 : [188, 199] (100.0)
96 : [191, 197] (90.0)
97 : [193, 196] (104.0)
98 : [198, 201, 207] (105.0)
99 : [194, 195] (95.0)
100 : [192, 202] (100.0)
101 : [200, 203, 206, 218] (100.0)
102 : [204, 208, 217] (101.0)
103 : [210, 211] (116.0)
104 : [205, 213, 215, 216] (98.0)
105 : [209, 212, 214] (99.0)
106 : [219, 228] (99.0)
107 : [222, 225, 235] (100.0)
108 : [220, 223] (111.0)
109 : [221, 224, 226, 227, 229] (104.0)
110 : [230, 238, 240] (100.0)
111 : [234, 236, 237] (100.0)
112 : [232, 233, 242] (99.0)
113 : [231, 241, 245, 248] (92.0)
114 : [239, 243, 249] (98.0)
115 : [244, 246, 247] (103.0)
