Name: 500-60-125
Time: 22.715880870819092 
Result: 87
Solution:  0 2 1 0 1 2 3 3 5 4 4 2 5 7 7 6 8 6 11 7 9 8 13 9 13 13 15 15 13 15 16 11 18 18 19 18 17 17 18 16 19 23 22 22 24 23 23 24 26 25 26 25 28 27 28 23 30 27 30 25 29 29 34 29 32 34 30 32 37 32 35 37 36 35 36 39 38 40 36 39 41 40 41 38 41 42 42 42 46 45 46 43 46 48 46 49 50 49 48 50 49 51 52 51 52 52 53 53 55 53 55 56 56 57 56 57 59 55 58 59 58 61 60 64 61 66 62 63 62 64 64 63 65 65 65 67 68 68 66 70 74 70 72 71 72 72 74 73 74 71 77 75 75 76 76 79 81 78 78 79 80 77 80 81 82 84 86 83 84 83 81 85 88 87 85 83 88 92 87 85 91 88 91 92 96 91 95 94 98 94 98 93 95 96 95 99 100 97 99 98 97 100 102 101 101 102 104 105 105 103 103 106 104 106 110 109 107 105 109 112 107 108 110 111 113 110 113 116 114 115 114 116 112 119 119 118 117 114 120 119 120 117 122 121 123 126 123 121 124 122 126 124 125 125 129 123 130 127 127 127 130 128 131 133 133 132 132 131 136 133 134 135 135 134 139 141 138 140 137 138 139 139 142 142 140 141 143 142 141 144 145 145 143 147 148 151 147 150 149 146 153 146 148 149 152 152 156 154 154 151 157 157 156 153 155 158 157 160 159 159 160 158 162 161 166 162 164 164 163 168 163 161 166 165 167 168 169 165 168 167 169 170 172 173 171 172 174 173 174 175 173 171 179 174 179 178 176 178 177 177 181 181 180 183 184 182 183 180 187 182 187 186 186 185 188 186 188 190 189 189 191 193 191 192 192 190 194 192 195 197 195 199 194 198 197 196 199 198 196 201 200 202 198 202 200 203 199 201 201 201 202 205 203 203 206 204 205 205 206 207 206 207 207 209 204 209 208 210 207 208 209 212 210 209 213 213 208 212 214 209 211 215 211 213 216 218 216 212 214 217 219 217 215 215 215 217 216 218 222 218 221 222 221 219 219 222 220 220 220 219 223 223 223 226 224 224 225 225 224 226 229 225 227 230 227 228 229 229 225 228 231 230 228 229 230 230 231 232 232 232
0 : [0, 3] (55.0)
1 : [2, 4] (77.0)
2 : [1, 5, 11] (65.0)
3 : [6, 7] (60.0)
4 : [9, 10] (89.0)
5 : [8, 12] (54.0)
6 : [15, 17] (60.0)
7 : [13, 14, 19] (67.0)
8 : [16, 21] (73.0)
9 : [20, 23] (69.0)
10 : [] (0.0)
11 : [18, 31] (96.0)
12 : [] (0.0)
13 : [22, 24, 25, 28] (90.0)
14 : [] (0.0)
15 : [26, 27, 29] (117.0)
16 : [30, 39] (62.0)
17 : [36, 37] (63.0)
18 : [32, 33, 35, 38] (86.0)
19 : [34, 40] (80.0)
20 : [] (0.0)
21 : [] (0.0)
22 : [42, 43] (64.0)
23 : [41, 45, 46, 55] (103.0)
24 : [44, 47] (70.0)
25 : [49, 51, 59] (74.0)
26 : [48, 50] (95.0)
27 : [53, 57] (61.0)
28 : [52, 54] (94.0)
29 : [60, 61, 63] (118.0)
30 : [56, 58, 66] (78.0)
31 : [] (0.0)
32 : [64, 67, 69] (112.0)
33 : [] (0.0)
34 : [62, 65] (72.0)
35 : [70, 73] (73.0)
36 : [72, 74, 78] (84.0)
37 : [68, 71] (62.0)
38 : [76, 83] (96.0)
39 : [75, 79] (66.0)
40 : [77, 81] (71.0)
41 : [80, 82, 84] (74.0)
42 : [85, 86, 87] (104.0)
43 : [91] (61.0)
44 : [] (0.0)
45 : [89] (61.0)
46 : [88, 90, 92, 94] (64.0)
47 : [] (0.0)
48 : [93, 98] (90.0)
49 : [95, 97, 100] (100.0)
50 : [96, 99] (71.0)
51 : [101, 103] (104.0)
52 : [102, 104, 105] (92.0)
53 : [106, 107, 109] (115.0)
54 : [] (0.0)
55 : [108, 110, 117] (80.0)
56 : [111, 112, 114] (86.0)
57 : [113, 115] (123.0)
58 : [118, 120] (61.0)
59 : [116, 119] (75.0)
60 : [122] (62.0)
61 : [121, 124] (113.0)
62 : [126, 128] (105.0)
63 : [127, 131] (70.0)
64 : [123, 129, 130] (74.0)
65 : [132, 133, 134] (95.0)
66 : [125, 138] (74.0)
67 : [135] (63.0)
68 : [136, 137] (79.0)
69 : [] (0.0)
70 : [139, 141] (70.0)
71 : [143, 149] (104.0)
72 : [142, 144, 145] (113.0)
73 : [147] (73.0)
74 : [140, 146, 148] (66.0)
75 : [151, 152] (98.0)
76 : [153, 154] (75.0)
77 : [150, 161] (64.0)
78 : [157, 158] (115.0)
79 : [155, 159] (68.0)
80 : [160, 162] (105.0)
81 : [156, 163, 170] (108.0)
82 : [164] (63.0)
83 : [167, 169, 175] (120.0)
84 : [165, 168] (68.0)
85 : [171, 174, 179] (81.0)
86 : [166] (60.0)
87 : [173, 178] (108.0)
88 : [172, 176, 181] (120.0)
89 : [] (0.0)
90 : [] (0.0)
91 : [180, 182, 185] (118.0)
92 : [177, 183] (113.0)
93 : [191] (62.0)
94 : [187, 189] (113.0)
95 : [186, 192, 194] (117.0)
96 : [184, 193] (86.0)
97 : [197, 200] (89.0)
98 : [188, 190, 199] (77.0)
99 : [195, 198] (82.0)
100 : [196, 201] (89.0)
101 : [203, 204] (85.0)
102 : [202, 205] (95.0)
103 : [209, 210] (66.0)
104 : [206, 212] (108.0)
105 : [207, 208, 217] (108.0)
106 : [211, 213] (102.0)
107 : [216, 220] (86.0)
108 : [221] (73.0)
109 : [215, 218] (92.0)
110 : [214, 222, 225] (109.0)
111 : [223] (62.0)
112 : [219, 232] (79.0)
113 : [224, 226] (110.0)
114 : [228, 230, 237] (124.0)
115 : [229] (66.0)
116 : [227, 231] (70.0)
117 : [236, 241] (109.0)
118 : [235] (81.0)
119 : [233, 234, 239] (94.0)
120 : [238, 240] (112.0)
121 : [243, 247] (63.0)
122 : [242, 249] (95.0)
123 : [244, 246, 255] (108.0)
124 : [248, 251] (111.0)
125 : [252, 253] (97.0)
126 : [245, 250] (119.0)
127 : [257, 258, 259] (107.0)
128 : [261] (66.0)
129 : [254] (76.0)
130 : [256, 260] (119.0)
131 : [262, 267] (87.0)
132 : [265, 266] (101.0)
133 : [263, 264, 269] (122.0)
134 : [270, 273] (93.0)
135 : [271, 272] (103.0)
136 : [268] (82.0)
137 : [278] (60.0)
138 : [276, 279] (101.0)
139 : [274, 280, 281] (118.0)
140 : [277, 284] (119.0)
141 : [275, 285, 288] (99.0)
142 : [282, 283, 287] (118.0)
143 : [286, 292] (118.0)
144 : [289] (98.0)
145 : [290, 291] (101.0)
146 : [299, 301] (102.0)
147 : [293, 296] (87.0)
148 : [294, 302] (87.0)
149 : [298, 303] (97.0)
150 : [297] (80.0)
151 : [295, 309] (95.0)
152 : [304, 305] (102.0)
153 : [300, 313] (111.0)
154 : [307, 308] (127.0)
155 : [314] (93.0)
156 : [306, 312] (98.0)
157 : [310, 311, 316] (119.0)
158 : [315, 321] (113.0)
159 : [318, 319] (105.0)
160 : [317, 320] (92.0)
161 : [323, 331] (115.0)
162 : [322, 325] (91.0)
163 : [328, 330] (117.0)
164 : [326, 327] (106.0)
165 : [333, 337] (110.0)
166 : [324, 332] (116.0)
167 : [334, 339] (109.0)
168 : [329, 335, 338] (125.0)
169 : [336, 340] (102.0)
170 : [341] (72.0)
171 : [344, 351] (116.0)
172 : [342, 345] (107.0)
173 : [343, 347, 350] (122.0)
174 : [346, 348, 353] (122.0)
175 : [349] (96.0)
176 : [356] (72.0)
177 : [358, 359] (110.0)
178 : [355, 357] (114.0)
179 : [352, 354] (118.0)
180 : [362, 367] (108.0)
181 : [360, 361] (110.0)
182 : [365, 369] (87.0)
183 : [363, 366] (112.0)
184 : [364] (90.0)
185 : [373] (85.0)
186 : [371, 372, 375] (122.0)
187 : [368, 370] (100.0)
188 : [374, 376] (116.0)
189 : [378, 379] (111.0)
190 : [377, 385] (138.0)
191 : [380, 382] (104.0)
192 : [383, 384, 387] (123.0)
193 : [381] (92.0)
194 : [386, 392] (119.0)
195 : [388, 390] (117.0)
196 : [395, 398] (133.0)
197 : [389, 394] (107.0)
198 : [393, 397, 402] (124.0)
199 : [391, 396, 406] (124.0)
200 : [400, 404] (113.0)
201 : [399, 407, 408, 409] (119.0)
202 : [401, 403, 410] (133.0)
203 : [405, 412, 413] (141.0)
204 : [415, 424] (124.0)
205 : [411, 416, 417] (116.0)
206 : [414, 418, 420] (99.0)
207 : [419, 421, 422, 428] (125.0)
208 : [426, 429, 436] (113.0)
209 : [423, 425, 430, 433, 439] (90.0)
210 : [427, 432] (95.0)
211 : [440, 442] (112.0)
212 : [431, 437, 447] (131.0)
213 : [434, 435, 443] (121.0)
214 : [438, 448] (125.0)
215 : [441, 452, 453, 454] (129.0)
216 : [444, 446, 456] (131.0)
217 : [449, 451, 455] (119.0)
218 : [445, 457, 459] (125.0)
219 : [450, 463, 464, 469] (126.0)
220 : [466, 467, 468] (123.0)
221 : [460, 462] (122.0)
222 : [458, 461, 465] (126.0)
223 : [470, 471, 472] (123.0)
224 : [474, 475, 478] (125.0)
225 : [476, 477, 481, 488] (125.0)
226 : [473, 479] (134.0)
227 : [482, 484] (123.0)
228 : [485, 489, 492] (118.0)
229 : [480, 486, 487, 493] (119.0)
230 : [483, 491, 494, 495] (113.0)
231 : [490, 496] (139.0)
232 : [497, 498, 499] (125.0)
