Name: 500-30-50
Time: 21.788300275802612 
Result: 30
Solution:  0 4 0 0 2 5 3 3 5 2 5 6 8 4 5 7 6 8 7 13 12 6 11 10 13 12 11 15 10 15 17 16 16 15 16 19 20 17 19 18 20 22 18 20 22 23 24 24 21 21 24 25 27 27 25 23 30 28 29 30 30 28 31 29 29 31 32 32 33 33 37 34 35 38 34 37 35 39 37 38 37 43 41 39 44 40 41 40 42 44 43 45 46 44 48 49 48 46 49 45 52 49 51 48 51 48 55 53 53 56 53 55 54 59 54 55 60 54 54 58 56 54 57 58 57 58 58 59 61 59 62 61 62 60 63 60 64 61 64 65 64 64 63 66 66 65 67 63 67 68 63 67 70 72 68 69 71 65 72 70 70 69 71 70 73 72 71 73 73 71 72 75 77 75 75 75 76 76 76 78 75 78 78 78 79 77 78 80 84 80 81 80 81 82 82 85 83 86 84 79 85 83 84 85 87 82 87 85 84 86 86 88 88 90 91 89 89 88 90 86 93 92 91 89 92 89 91 90 94 94 95 97 93 97 97 96 95 95 100 94 95 97 98 97 98 97 100 99 96 101 99 101 100 102 101 98 104 103 102 102 105 103 104 106 104 103 105 106 107 108 105 108 111 110 111 107 110 108 109 108 110 109 112 112 115 111 113 115 115 112 115 114 110 113 112 117 118 117 114 116 117 117 115 116 118 117 121 120 122 116 120 119 121 119 122 123 121 124 122 124 122 125 128 123 127 125 124 126 127 127 128 125 128 130 126 132 131 129 130 127 129 135 132 131 130 130 133 132 132 135 135 134 134 139 136 135 138 136 136 133 134 136 135 137 137 138 139 140 141 140 143 142 138 141 140 142 141 143 142 141 146 147 147 144 142 144 145 145 145 144 148 147 146 147 146 149 150 148 150 151 149 152 152 153 150 151 152 152 154 150 153 157 151 155 154 157 158 155 156 156 157 156 155 161 159 160 157 159 160 157 160 161 162 158 162 161 161 163 164 166 165 161 163 169 167 164 166 163 163 165 167 168 169 170 166 167 165 169 172 169 174 168 175 170 173 170 173 172 173 169 175 174 174 171 178 171 176 177 175 177 177 178 179 177 176 182 179 178 179 182 181 180 180 181 183 182 182 183 182 181
0 : [0, 2, 3] (40.0)
1 : [] (0.0)
2 : [4, 9] (38.0)
3 : [6, 7] (30.0)
4 : [1, 13] (34.0)
5 : [5, 8, 10, 14] (46.0)
6 : [11, 16, 21] (33.0)
7 : [15, 18] (38.0)
8 : [12, 17] (42.0)
9 : [] (0.0)
10 : [23, 28] (30.0)
11 : [22, 26] (36.0)
12 : [20, 25] (31.0)
13 : [19, 24] (33.0)
14 : [] (0.0)
15 : [27, 29, 33] (36.0)
16 : [31, 32, 34] (32.0)
17 : [30, 37] (45.0)
18 : [39, 42] (32.0)
19 : [35, 38] (49.0)
20 : [36, 40, 43] (35.0)
21 : [48, 49] (33.0)
22 : [41, 44] (33.0)
23 : [45, 55] (41.0)
24 : [46, 47, 50] (43.0)
25 : [51, 54] (35.0)
26 : [] (0.0)
27 : [52, 53] (33.0)
28 : [57, 61] (44.0)
29 : [58, 63, 64] (31.0)
30 : [56, 59, 60] (46.0)
31 : [62, 65] (44.0)
32 : [66, 67] (33.0)
33 : [68, 69] (33.0)
34 : [71, 74] (51.0)
35 : [72, 76] (36.0)
36 : [] (0.0)
37 : [70, 75, 78, 80] (31.0)
38 : [73, 79] (36.0)
39 : [77, 83] (29.0)
40 : [85, 87] (41.0)
41 : [82, 86] (42.0)
42 : [88] (29.0)
43 : [81, 90] (50.0)
44 : [84, 89, 93] (40.0)
45 : [91, 99] (43.0)
46 : [92, 97] (34.0)
47 : [] (0.0)
48 : [94, 96, 103, 105] (37.0)
49 : [95, 98, 101] (31.0)
50 : [] (0.0)
51 : [102, 104] (42.0)
52 : [100] (31.0)
53 : [107, 108, 110] (36.0)
54 : [112, 114, 117, 118, 121] (36.0)
55 : [106, 111, 115] (31.0)
56 : [109, 120] (35.0)
57 : [122, 124] (35.0)
58 : [119, 123, 125, 126] (30.0)
59 : [113, 127, 129] (43.0)
60 : [116, 133, 135] (46.0)
61 : [128, 131, 137] (33.0)
62 : [130, 132] (41.0)
63 : [134, 142, 147, 150] (32.0)
64 : [136, 138, 140, 141] (35.0)
65 : [139, 145, 157] (35.0)
66 : [143, 144] (33.0)
67 : [146, 148, 151] (34.0)
68 : [149, 154] (47.0)
69 : [155, 161] (55.0)
70 : [152, 159, 160, 163] (40.0)
71 : [156, 162, 166, 169] (40.0)
72 : [153, 158, 165, 170] (34.0)
73 : [164, 167, 168] (38.0)
74 : [] (0.0)
75 : [171, 173, 174, 175, 180] (46.0)
76 : [176, 177, 178] (38.0)
77 : [172, 185] (45.0)
78 : [179, 181, 182, 183, 186] (47.0)
79 : [184, 199] (54.0)
80 : [187, 189, 191] (33.0)
81 : [190, 192] (31.0)
82 : [193, 194, 205] (47.0)
83 : [196, 201] (44.0)
84 : [188, 198, 202, 208] (34.0)
85 : [195, 200, 203, 207] (30.0)
86 : [197, 209, 210, 219] (32.0)
87 : [204, 206] (30.0)
88 : [211, 212, 217] (43.0)
89 : [215, 216, 223, 225] (40.0)
90 : [213, 218, 227] (31.0)
91 : [214, 222, 226] (41.0)
92 : [221, 224] (46.0)
93 : [220, 232] (49.0)
94 : [228, 229, 239] (42.0)
95 : [230, 236, 237, 240] (36.0)
96 : [235, 248] (38.0)
97 : [231, 233, 234, 241, 243, 245] (50.0)
98 : [242, 244, 255] (48.0)
99 : [247, 250] (37.0)
100 : [238, 246, 252] (37.0)
101 : [249, 251, 254] (34.0)
102 : [253, 258, 259] (49.0)
103 : [257, 261, 265] (32.0)
104 : [256, 262, 264] (37.0)
105 : [260, 266, 270] (38.0)
106 : [263, 267] (33.0)
107 : [268, 275] (45.0)
108 : [269, 271, 277, 279] (48.0)
109 : [278, 281] (44.0)
110 : [273, 276, 280, 292] (40.0)
111 : [272, 274, 285] (40.0)
112 : [282, 283, 289, 294] (40.0)
113 : [286, 293] (53.0)
114 : [291, 298] (43.0)
115 : [284, 287, 288, 290, 302] (50.0)
116 : [299, 303, 309] (43.0)
117 : [295, 297, 300, 301, 305] (49.0)
118 : [296, 304] (49.0)
119 : [311, 313] (39.0)
120 : [307, 310] (30.0)
121 : [306, 312, 316] (41.0)
122 : [308, 314, 318, 320] (41.0)
123 : [315, 323] (32.0)
124 : [317, 319, 326] (50.0)
125 : [321, 325, 331] (42.0)
126 : [327, 334] (42.0)
127 : [324, 328, 329, 339] (42.0)
128 : [322, 330, 332] (34.0)
129 : [337, 340] (58.0)
130 : [333, 338, 344, 345] (39.0)
131 : [336, 343] (43.0)
132 : [335, 342, 347, 348] (40.0)
133 : [346, 359] (46.0)
134 : [351, 352, 360] (44.0)
135 : [341, 349, 350, 355, 362] (49.0)
136 : [354, 357, 358, 361] (34.0)
137 : [363, 364] (41.0)
138 : [356, 365, 372] (50.0)
139 : [353, 366] (47.0)
140 : [367, 369, 374] (50.0)
141 : [368, 373, 376, 379] (48.0)
142 : [371, 375, 378, 384] (50.0)
143 : [370, 377] (50.0)
144 : [383, 385, 389] (49.0)
145 : [386, 387, 388] (46.0)
146 : [380, 392, 394] (50.0)
147 : [381, 382, 391, 393] (50.0)
148 : [390, 397] (55.0)
149 : [395, 400] (47.0)
150 : [396, 398, 404, 409] (33.0)
151 : [399, 405, 412] (40.0)
152 : [401, 402, 406, 407] (43.0)
153 : [403, 410] (46.0)
154 : [408, 414] (48.0)
155 : [413, 417, 422] (50.0)
156 : [418, 419, 421] (50.0)
157 : [411, 415, 420, 426, 429] (49.0)
158 : [416, 433] (49.0)
159 : [424, 427] (51.0)
160 : [425, 428, 430] (50.0)
161 : [423, 431, 435, 436, 441] (50.0)
162 : [432, 434] (42.0)
163 : [437, 442, 447, 448] (50.0)
164 : [438, 445] (48.0)
165 : [440, 449, 456] (49.0)
166 : [439, 446, 454] (55.0)
167 : [444, 450, 455] (51.0)
168 : [451, 461] (48.0)
169 : [443, 452, 457, 459, 469] (49.0)
170 : [453, 463, 465] (47.0)
171 : [473, 475] (48.0)
172 : [458, 467] (47.0)
173 : [464, 466, 468] (59.0)
174 : [460, 471, 472] (49.0)
175 : [462, 470, 478] (45.0)
176 : [476, 484] (52.0)
177 : [477, 479, 480, 483] (45.0)
178 : [474, 481, 487] (47.0)
179 : [482, 486, 488] (38.0)
180 : [491, 492] (44.0)
181 : [490, 493, 499] (51.0)
182 : [485, 489, 495, 496, 498] (50.0)
183 : [494, 497] (52.0)
