Name: 750-40-75
Time: 35.35061073303223 
Result: 57
Solution:  0 4 1 1 0 3 4 3 7 5 8 7 8 4 6 5 10 6 11 12 11 10 12 11 13 10 14 13 14 13 15 15 16 18 17 17 17 18 16 20 20 21 21 22 21 22 23 25 23 25 22 25 27 29 29 27 26 26 29 28 33 28 34 29 32 32 34 33 31 31 37 37 36 35 40 35 36 40 42 40 41 40 41 44 46 45 42 44 46 42 41 45 47 47 45 49 48 48 52 47 49 49 50 50 52 53 52 53 55 57 55 57 57 56 57 58 56 59 60 58 61 60 61 62 63 59 61 65 65 67 65 63 66 66 68 70 70 67 69 68 69 72 74 68 72 73 69 73 74 78 73 75 73 80 79 76 75 78 76 80 82 79 83 78 78 81 84 82 82 85 83 85 89 85 86 88 84 89 91 88 88 88 91 90 93 90 93 94 92 94 97 95 94 95 97 95 96 96 99 101 100 100 103 98 106 101 104 104 104 103 108 103 105 105 106 107 108 107 109 109 110 111 114 107 113 110 113 114 115 111 115 115 113 116 118 117 118 121 116 117 121 119 117 119 123 124 124 125 123 123 127 126 129 126 127 125 128 129 129 132 130 130 131 131 132 128 134 133 133 136 137 135 136 136 141 135 137 138 138 139 142 139 138 140 142 141 142 143 141 140 144 147 144 145 146 147 148 148 147 149 152 151 153 151 153 152 153 154 157 154 155 156 155 154 158 160 159 158 157 160 160 161 161 159 162 162 163 164 166 164 167 165 168 166 163 165 167 171 169 169 172 168 170 170 172 175 171 174 175 173 174 176 177 177 180 178 176 178 181 179 179 182 180 182 180 184 181 183 186 187 185 186 185 183 186 187 188 188 189 192 191 189 192 190 194 191 196 193 190 193 193 194 195 196 195 199 197 198 198 200 202 201 197 202 205 201 204 202 200 200 206 203 206 205 206 207 211 209 208 210 207 210 212 211 213 212 213 217 214 216 215 216 215 217 218 218 221 220 223 218 221 220 219 219 222 225 223 222 224 224 228 226 227 228 225 226 229 228 227 229 231 231 233 235 230 232 232 234 234 236 233 234 239 236 237 237 236 240 242 235 240 238 239 241 241 241 246 244 238 243 245 246 244 245 245 244 242 248 246 248 248 246 247 250 249 251 247 249 246 247 251 248 253 252 250 249 253 252 254 251 253 254 254 250 252 258 255 255 256 256 256 255 257 256 259 257 258 261 260 258 261 262 257 262 257 258 262 259 265 263 263 263 260 268 265 264 264 264 266 267 266 265 269 270 268 267 267 270 268 269 268 270 270 269 272 274 276 269 271 275 271 276 275 274 271 272 277 277 273 276 273 276 277 278 279 276 277 282 281 279 280 281 281 281 280 285 281 281 283 282 283 280 288 284 285 281 282 284 287 287 285 289 288 289 292 287 286 286 289 291 290 292 288 292 290 293 294 293 293 291 293 291 296 292 294 295 295 297 296 293 294 297 295 300 298 297 298 299 300 300 303 299 302 301 302 300 305 299 303 302 306 301 308 307 303 304 305 304 306 305 307 306 307 309 306 308 308 307 309 311 311 311 310 309 311 310 312 312 313 315 313 313 314 314 312 316 314 315 315 318 316 317 319 318 319 317 319 316 320 319 320 321 318 319 321 322 321 322 323 323 323 326 324 326 322 321 325 327 328 326 324 327 327 328 329 329 325 328 325 329
0 : [0, 4] (35.0)
1 : [2, 3] (40.0)
2 : [] (0.0)
3 : [5, 7] (58.0)
4 : [1, 6, 13] (39.0)
5 : [9, 15] (39.0)
6 : [14, 17] (54.0)
7 : [8, 11] (47.0)
8 : [10, 12] (39.0)
9 : [] (0.0)
10 : [16, 21, 25] (42.0)
11 : [18, 20, 23] (47.0)
12 : [19, 22] (52.0)
13 : [24, 27, 29] (50.0)
14 : [26, 28] (59.0)
15 : [30, 31] (41.0)
16 : [32, 38] (42.0)
17 : [34, 35, 36] (47.0)
18 : [33, 37] (47.0)
19 : [] (0.0)
20 : [39, 40] (57.0)
21 : [41, 42, 44] (50.0)
22 : [43, 45, 50] (59.0)
23 : [46, 48] (68.0)
24 : [] (0.0)
25 : [47, 49, 51] (40.0)
26 : [56, 57] (41.0)
27 : [52, 55] (61.0)
28 : [59, 61] (54.0)
29 : [53, 54, 58, 63] (40.0)
30 : [] (0.0)
31 : [68, 69] (42.0)
32 : [64, 65] (42.0)
33 : [60, 67] (52.0)
34 : [62, 66] (43.0)
35 : [73, 75] (71.0)
36 : [72, 76] (45.0)
37 : [70, 71] (42.0)
38 : [] (0.0)
39 : [] (0.0)
40 : [74, 77, 79, 81] (42.0)
41 : [80, 82, 90] (74.0)
42 : [78, 86, 89] (44.0)
43 : [] (0.0)
44 : [83, 87] (73.0)
45 : [85, 91, 94] (46.0)
46 : [84, 88] (51.0)
47 : [92, 93, 99] (74.0)
48 : [96, 97] (43.0)
49 : [95, 100, 101] (69.0)
50 : [102, 103] (44.0)
51 : [] (0.0)
52 : [98, 104, 106] (45.0)
53 : [105, 107] (55.0)
54 : [] (0.0)
55 : [108, 110] (55.0)
56 : [113, 116] (46.0)
57 : [109, 111, 112, 114] (57.0)
58 : [115, 119] (40.0)
59 : [117, 125] (60.0)
60 : [118, 121] (48.0)
61 : [120, 122, 126] (70.0)
62 : [123] (40.0)
63 : [124, 131] (58.0)
64 : [] (0.0)
65 : [127, 128, 130] (40.0)
66 : [132, 133] (46.0)
67 : [129, 137] (46.0)
68 : [134, 139, 143] (75.0)
69 : [138, 140, 146] (71.0)
70 : [135, 136] (51.0)
71 : [] (0.0)
72 : [141, 144] (56.0)
73 : [145, 147, 150, 152] (47.0)
74 : [142, 148] (64.0)
75 : [151, 156] (74.0)
76 : [155, 158] (58.0)
77 : [] (0.0)
78 : [149, 157, 163, 164] (47.0)
79 : [154, 161] (53.0)
80 : [153, 159] (50.0)
81 : [165] (43.0)
82 : [160, 167, 168] (53.0)
83 : [162, 170] (45.0)
84 : [166, 176] (62.0)
85 : [169, 171, 173] (72.0)
86 : [174] (43.0)
87 : [] (0.0)
88 : [175, 179, 180, 181] (63.0)
89 : [172, 177] (46.0)
90 : [183, 185] (47.0)
91 : [178, 182] (58.0)
92 : [188] (44.0)
93 : [184, 186] (40.0)
94 : [187, 189, 192] (70.0)
95 : [191, 193, 195] (53.0)
96 : [196, 197] (49.0)
97 : [190, 194] (66.0)
98 : [203] (41.0)
99 : [198] (41.0)
100 : [200, 201] (49.0)
101 : [199, 205] (42.0)
102 : [] (0.0)
103 : [202, 209, 211] (56.0)
104 : [206, 207, 208] (58.0)
105 : [212, 213] (50.0)
106 : [204, 214] (43.0)
107 : [215, 217, 223] (50.0)
108 : [210, 216] (77.0)
109 : [218, 219] (50.0)
110 : [220, 225] (50.0)
111 : [221, 229] (64.0)
112 : [] (0.0)
113 : [224, 226, 232] (52.0)
114 : [222, 227] (72.0)
115 : [228, 230, 231] (66.0)
116 : [233, 238] (73.0)
117 : [235, 239, 242] (55.0)
118 : [234, 236] (74.0)
119 : [241, 243] (43.0)
120 : [] (0.0)
121 : [237, 240] (47.0)
122 : [] (0.0)
123 : [244, 248, 249] (68.0)
124 : [245, 246] (65.0)
125 : [247, 255] (58.0)
126 : [251, 253] (51.0)
127 : [250, 254] (41.0)
128 : [256, 265] (60.0)
129 : [252, 257, 258] (53.0)
130 : [260, 261] (53.0)
131 : [262, 263] (53.0)
132 : [259, 264] (73.0)
133 : [267, 268] (58.0)
134 : [266] (42.0)
135 : [271, 275] (77.0)
136 : [269, 272, 273] (60.0)
137 : [270, 276] (72.0)
138 : [277, 278, 282] (47.0)
139 : [279, 281] (58.0)
140 : [283, 289] (62.0)
141 : [274, 285, 288] (58.0)
142 : [280, 284, 286] (59.0)
143 : [287] (52.0)
144 : [290, 292] (38.0)
145 : [293] (46.0)
146 : [294] (40.0)
147 : [291, 295, 298] (53.0)
148 : [296, 297] (55.0)
149 : [299] (41.0)
150 : [] (0.0)
151 : [301, 303] (55.0)
152 : [300, 305] (66.0)
153 : [302, 304, 306] (72.0)
154 : [307, 309, 313] (71.0)
155 : [310, 312] (57.0)
156 : [311] (45.0)
157 : [308, 318] (64.0)
158 : [314, 317] (70.0)
159 : [316, 323] (74.0)
160 : [315, 319, 320] (45.0)
161 : [321, 322] (45.0)
162 : [324, 325] (56.0)
163 : [326, 334] (43.0)
164 : [327, 329] (72.0)
165 : [331, 335] (43.0)
166 : [328, 333] (57.0)
167 : [330, 336] (60.0)
168 : [332, 341] (46.0)
169 : [338, 339] (57.0)
170 : [342, 343] (57.0)
171 : [337, 346] (73.0)
172 : [340, 344] (62.0)
173 : [349] (46.0)
174 : [347, 350] (44.0)
175 : [345, 348] (45.0)
176 : [351, 356] (66.0)
177 : [352, 353] (57.0)
178 : [355, 357] (52.0)
179 : [359, 360] (45.0)
180 : [354, 362, 364] (65.0)
181 : [358, 366] (63.0)
182 : [361, 363] (64.0)
183 : [367, 373] (71.0)
184 : [365] (42.0)
185 : [370, 372] (62.0)
186 : [368, 371, 374] (71.0)
187 : [369, 375] (60.0)
188 : [376, 377] (58.0)
189 : [378, 381] (89.0)
190 : [383, 388] (66.0)
191 : [380, 385] (59.0)
192 : [379, 382] (57.0)
193 : [387, 389, 390] (49.0)
194 : [384, 391] (50.0)
195 : [392, 394] (58.0)
196 : [386, 393] (54.0)
197 : [396, 402] (70.0)
198 : [397, 398] (71.0)
199 : [395] (49.0)
200 : [399, 408, 409] (73.0)
201 : [401, 405] (72.0)
202 : [400, 403, 407] (68.0)
203 : [411] (53.0)
204 : [406] (53.0)
205 : [404, 413] (48.0)
206 : [410, 412, 414] (53.0)
207 : [415, 420] (75.0)
208 : [418] (40.0)
209 : [417] (41.0)
210 : [419, 421] (46.0)
211 : [416, 423] (50.0)
212 : [422, 425] (63.0)
213 : [424, 426] (69.0)
214 : [428] (41.0)
215 : [430, 432] (72.0)
216 : [429, 431] (44.0)
217 : [427, 433] (47.0)
218 : [434, 435, 439] (71.0)
219 : [442, 443] (62.0)
220 : [437, 441] (49.0)
221 : [436, 440] (75.0)
222 : [444, 447] (85.0)
223 : [438, 446] (68.0)
224 : [448, 449] (62.0)
225 : [445, 454] (66.0)
226 : [451, 455] (71.0)
227 : [452, 458] (64.0)
228 : [450, 453, 457] (60.0)
229 : [456, 459] (75.0)
230 : [464] (46.0)
231 : [460, 461] (63.0)
232 : [465, 466] (75.0)
233 : [462, 470] (73.0)
234 : [467, 468, 471] (51.0)
235 : [463, 479] (65.0)
236 : [469, 473, 476] (67.0)
237 : [474, 475] (64.0)
238 : [481, 488] (62.0)
239 : [472, 482] (73.0)
240 : [477, 480] (68.0)
241 : [483, 484, 485] (65.0)
242 : [478, 496] (58.0)
243 : [489] (40.0)
244 : [487, 492, 495] (57.0)
245 : [490, 493, 494] (52.0)
246 : [486, 491, 498, 501, 508] (64.0)
247 : [502, 506, 509] (73.0)
248 : [497, 499, 500, 511] (70.0)
249 : [504, 507, 515] (71.0)
250 : [503, 514, 523] (74.0)
251 : [505, 510, 519] (75.0)
252 : [513, 517, 524] (68.0)
253 : [512, 516, 520] (75.0)
254 : [518, 521, 522] (75.0)
255 : [526, 527, 531] (81.0)
256 : [528, 529, 530, 533] (74.0)
257 : [532, 535, 542, 544] (75.0)
258 : [525, 536, 539, 545] (69.0)
259 : [534, 547] (68.0)
260 : [538, 552] (67.0)
261 : [537, 540] (74.0)
262 : [541, 543, 546] (74.0)
263 : [549, 550, 551] (68.0)
264 : [555, 556, 557] (68.0)
265 : [548, 554, 561] (74.0)
266 : [558, 560] (58.0)
267 : [559, 565, 566] (63.0)
268 : [553, 564, 568, 570] (71.0)
269 : [562, 569, 573, 577] (71.0)
270 : [563, 567, 571, 572] (74.0)
271 : [578, 580, 584] (72.0)
272 : [574, 585] (58.0)
273 : [588, 590] (54.0)
274 : [575, 583] (58.0)
275 : [579, 582] (64.0)
276 : [576, 581, 589, 591, 595] (75.0)
277 : [586, 587, 592, 596] (61.0)
278 : [593] (41.0)
279 : [594, 599] (66.0)
280 : [600, 604, 611] (67.0)
281 : [598, 601, 602, 603, 606, 607, 615] (61.0)
282 : [597, 609, 616] (76.0)
283 : [608, 610] (85.0)
284 : [613, 617] (74.0)
285 : [605, 614, 620] (74.0)
286 : [626, 627] (73.0)
287 : [618, 619, 625] (75.0)
288 : [612, 622, 632] (72.0)
289 : [621, 623, 628] (67.0)
290 : [630, 634] (74.0)
291 : [629, 639, 641] (74.0)
292 : [624, 631, 633, 643] (73.0)
293 : [635, 637, 638, 640, 649] (66.0)
294 : [636, 644, 650] (71.0)
295 : [645, 646, 652] (69.0)
296 : [642, 648] (91.0)
297 : [647, 651, 655] (59.0)
298 : [654, 656] (70.0)
299 : [657, 661, 667] (71.0)
300 : [653, 658, 659, 665] (75.0)
301 : [663, 671] (70.0)
302 : [662, 664, 669] (72.0)
303 : [660, 668, 674] (69.0)
304 : [675, 677] (67.0)
305 : [666, 676, 679] (70.0)
306 : [670, 678, 681, 684] (66.0)
307 : [673, 680, 682, 687] (73.0)
308 : [672, 685, 686] (77.0)
309 : [683, 688, 693] (82.0)
310 : [692, 695] (79.0)
311 : [689, 690, 691, 694] (92.0)
312 : [696, 697, 704] (75.0)
313 : [698, 700, 701] (74.0)
314 : [702, 703, 706] (75.0)
315 : [699, 707, 708] (74.0)
316 : [705, 710, 717] (83.0)
317 : [711, 715] (74.0)
318 : [709, 713, 722] (74.0)
319 : [712, 714, 716, 719, 723] (72.0)
320 : [718, 720] (73.0)
321 : [721, 724, 726, 735] (74.0)
322 : [725, 727, 734] (70.0)
323 : [728, 729, 730] (83.0)
324 : [732, 740] (75.0)
325 : [736, 746, 748] (79.0)
326 : [731, 733, 739] (81.0)
327 : [737, 741, 742] (69.0)
328 : [738, 743, 747] (72.0)
329 : [744, 745, 749] (60.0)
