Name: 1000-40-85
Time: 228.87748908996582 
Result: 22
Solution:  9 11 5 5 5 5 9 12 23 11 11 12 24 27 24 23 23 24 23 27 28 27 28 41 41 49 41 55 49 47 41 55 47 49 47 51 47 53 51 53 66 55 65 70 65 70 66 72 78 68 65 75 73 72 68 73 70 70 74 73 74 75 78 87 83 83 83 87 90 90 105 106 106 99 98 99 99 106 98 114 104 109 109 111 104 105 123 109 111 114 109 111 111 118 127 118 128 123 136 134 134 128 134 127 127 128 134 136 139 140 139 154 139 140 150 150 147 149 154 147 150 149 163 150 164 159 162 161 163 162 162 159 162 167 161 163 164 167 177 167 177 180 182 186 177 180 192 177 181 186 180 186 182 181 196 191 188 188 200 191 192 196 200 203 196 201 201 205 205 206 203 206 209 207 207 212 209 212 212 223 226 223 226 223 223 228 228 231 231 245 247 239 243 239 239 258 243 245 245 247 255 258 254 253 264 253 254 255 267 267 265 272 271 269 264 265 281 267 281 288 269 271 272 275 275 275 275 293 281 289 290 295 295 288 290 288 289 307 293 293 293 304 312 312 308 308 304 306 306 315 307 308 312 321 315 315 321 326 331 321 331 326 326 326 333 330 330 337 331 331 337 333 337 351 341 341 349 360 355 349 349 353 357 351 360 355 357 359 353 359 357 358 363 369 358 369 360 364 363 363 364 366 366 369 369 387 374 374 381 381 374 380 380 385 380 387 385 381 387 387 385 385 400 394 394 394 400 410 411 400 407 400 405 405 407 405 405 417 407 417 410 411 411 411 428 420 426 426 420 425 425 425 435 441 431 428 431 444 435 435 448 438 435 455 438 438 441 441 452 444 444 444 452 458 450 448 450 450 457 455 465 465 469 457 458 464 464 469 476 473 474 478 478 480 469 477 474 473 477 476 477 480 493 499 489 491 489 499 491 502 496 504 493 510 496 496 499 502 512 510 502 504 504 519 512 510 526 519 523 512 523 526 527 519 527 522 522 537 527 527 532 532 537 541 536 536 541 537 541 541 551 549 552 549 551 549 561 559 565 552 561 559 559 565 561 559 561 565 572 578 577 572 578 577 585 581 581 580 580 585 585 585 591 591 600 595 597 595 607 600 597 597 600 600 609 609 610 607 607 615 610 610 610 615 615 633 621 615 619 619 629 621 622 619 629 633 622 629 626 626 640 647 644 633 647 645 638 638 642 638 638 649 645 640 642 649 644 654 654 664 649 651 660 651 658 654 670 654 664 658 662 658 658 672 660 669 662 662 676 677 669 664 672 677 669 670 669 680 676 676 688 680 689 687 685 685 692 692 688 689 687 689 707 698 704 698 706 698 708 698 712 710 706 712 704 707 710 704 708 717 707 710 712 731 720 721 721 717 729 734 720 730 721 729 731 729 738 730 734 740 746 734 734 742 756 740 738 742 760 742 746 746 750 750 750 750 760 766 753 753 759 753 757 756 757 759 766 767 781 776 766 766 767 767 776 779 779 774 777 786 774 776 777 781 781 784 793 790 784 795 790 786 795 793 793 801 793 809 808 814 801 808 809 814 808 817 817 809 809 830 814 814 831 828 824 817 830 824 824 838 824 835 828 838 830 830 831 842 835 842 835 838 841 842 854 855 841 857 854 857 848 848 854 864 865 855 854 868 857 868 864 864 871 871 865 883 874 874 888 871 871 882 888 881 881 881 883 881 882 883 888 888 899 899 905 903 901 910 905 899 912 912 899 901 903 913 913 905 917 912 910 910 912 913 917 925 917 927 927 925 925 927 934 925 931 927 944 940 931 934 940 934 944 944 940 940 942 942 950 942 942 958 944 950 955 950 958 958 950 955 961 971 958 960 960 973 961 973 976 971 972 972 977 971 973 982 982 977 976 976 989 982 992 990 985 982 985 990 995 990 985 995 993 989 1002 1005 992 993 997 995 1007 1006 997 1004 1000 1007 1000 1002 1002 1005 1005 1004 1006 1005 1006 1007 1017 1021 1023 1017 1017 1021 1027 1017 1031 1021 1026 1035 1030 1030 1023 1040 1035 1027 1026 1036 1031 1040 1042 1037 1037 1035 1043 1047 1035 1036 1036 1037 1054 1042 1042 1043 1047 1047 1057 1056 1054 1059 1054 1057 1056 1057 1057 1071 1059 1067 1067 1071 1067 1067 1069 1069 1075 1071 1084 1084 1075 1083 1083 1080 1084 1080 1097 1083 1104 1089 1089 1103 1089 1097 1094 1094 1097 1103 1094 1094 1097 1113 1103 1104 1104 1104 1103 1117 1124 1120 1113 1117 1120 1124 1122 1131 1120 1125 1122 1122 1125 1120 1134 1122 1134 1124 1125 1134 1137 1143 1131 1143 1134 1150 1137 1137 1137 1150 1150 1147 1154 1143 1160 1147 1152 1152 1165 1154 1154 1165 1160 1160 1160 1165
0 : [] (0.0)
1 : [] (0.0)
2 : [] (0.0)
3 : [] (0.0)
4 : [] (0.0)
5 : [2, 3, 4, 5] (38.0)
6 : [] (0.0)
7 : [] (0.0)
8 : [] (0.0)
9 : [0, 6] (18.0)
10 : [] (0.0)
11 : [1, 9, 10] (27.0)
12 : [7, 11] (18.0)
13 : [] (0.0)
14 : [] (0.0)
15 : [] (0.0)
16 : [] (0.0)
17 : [] (0.0)
18 : [] (0.0)
19 : [] (0.0)
20 : [] (0.0)
21 : [] (0.0)
22 : [] (0.0)
23 : [8, 15, 16, 18] (34.0)
24 : [12, 14, 17] (27.0)
25 : [] (0.0)
26 : [] (0.0)
27 : [13, 19, 21] (27.0)
28 : [20, 22] (19.0)
29 : [] (0.0)
30 : [] (0.0)
31 : [] (0.0)
32 : [] (0.0)
33 : [] (0.0)
34 : [] (0.0)
35 : [] (0.0)
36 : [] (0.0)
37 : [] (0.0)
38 : [] (0.0)
39 : [] (0.0)
40 : [] (0.0)
41 : [23, 24, 26, 30] (36.0)
42 : [] (0.0)
43 : [] (0.0)
44 : [] (0.0)
45 : [] (0.0)
46 : [] (0.0)
47 : [29, 32, 34, 36] (36.0)
48 : [] (0.0)
49 : [25, 28, 33] (25.0)
50 : [] (0.0)
51 : [35, 38] (16.0)
52 : [] (0.0)
53 : [37, 39] (19.0)
54 : [] (0.0)
55 : [27, 31, 41] (29.0)
56 : [] (0.0)
57 : [] (0.0)
58 : [] (0.0)
59 : [] (0.0)
60 : [] (0.0)
61 : [] (0.0)
62 : [] (0.0)
63 : [] (0.0)
64 : [] (0.0)
65 : [42, 44, 50] (27.0)
66 : [40, 46] (18.0)
67 : [] (0.0)
68 : [49, 54] (18.0)
69 : [] (0.0)
70 : [43, 45, 56, 57] (38.0)
71 : [] (0.0)
72 : [47, 53] (17.0)
73 : [52, 55, 59] (28.0)
74 : [58, 60] (16.0)
75 : [51, 61] (19.0)
76 : [] (0.0)
77 : [] (0.0)
78 : [48, 62] (18.0)
79 : [] (0.0)
80 : [] (0.0)
81 : [] (0.0)
82 : [] (0.0)
83 : [64, 65, 66] (26.0)
84 : [] (0.0)
85 : [] (0.0)
86 : [] (0.0)
87 : [63, 67] (18.0)
88 : [] (0.0)
89 : [] (0.0)
90 : [68, 69] (18.0)
91 : [] (0.0)
92 : [] (0.0)
93 : [] (0.0)
94 : [] (0.0)
95 : [] (0.0)
96 : [] (0.0)
97 : [] (0.0)
98 : [74, 78] (17.0)
99 : [73, 75, 76] (27.0)
100 : [] (0.0)
101 : [] (0.0)
102 : [] (0.0)
103 : [] (0.0)
104 : [80, 84] (17.0)
105 : [70, 85] (17.0)
106 : [71, 72, 77] (28.0)
107 : [] (0.0)
108 : [] (0.0)
109 : [81, 82, 87, 90] (37.0)
110 : [] (0.0)
111 : [83, 88, 91, 92] (37.0)
112 : [] (0.0)
113 : [] (0.0)
114 : [79, 89] (17.0)
115 : [] (0.0)
116 : [] (0.0)
117 : [] (0.0)
118 : [93, 95] (16.0)
119 : [] (0.0)
120 : [] (0.0)
121 : [] (0.0)
122 : [] (0.0)
123 : [86, 97] (16.0)
124 : [] (0.0)
125 : [] (0.0)
126 : [] (0.0)
127 : [94, 103, 104] (27.0)
128 : [96, 101, 105] (25.0)
129 : [] (0.0)
130 : [] (0.0)
131 : [] (0.0)
132 : [] (0.0)
133 : [] (0.0)
134 : [99, 100, 102, 106] (35.0)
135 : [] (0.0)
136 : [98, 107] (17.0)
137 : [] (0.0)
138 : [] (0.0)
139 : [108, 110, 112] (26.0)
140 : [109, 113] (16.0)
141 : [] (0.0)
142 : [] (0.0)
143 : [] (0.0)
144 : [] (0.0)
145 : [] (0.0)
146 : [] (0.0)
147 : [116, 119] (16.0)
148 : [] (0.0)
149 : [117, 121] (18.0)
150 : [114, 115, 120, 123] (36.0)
151 : [] (0.0)
152 : [] (0.0)
153 : [] (0.0)
154 : [111, 118] (17.0)
155 : [] (0.0)
156 : [] (0.0)
157 : [] (0.0)
158 : [] (0.0)
159 : [125, 131] (17.0)
160 : [] (0.0)
161 : [127, 134] (19.0)
162 : [126, 129, 130, 132] (37.0)
163 : [122, 128, 135] (29.0)
164 : [124, 136] (18.0)
165 : [] (0.0)
166 : [] (0.0)
167 : [133, 137, 139] (26.0)
168 : [] (0.0)
169 : [] (0.0)
170 : [] (0.0)
171 : [] (0.0)
172 : [] (0.0)
173 : [] (0.0)
174 : [] (0.0)
175 : [] (0.0)
176 : [] (0.0)
177 : [138, 140, 144, 147] (34.0)
178 : [] (0.0)
179 : [] (0.0)
180 : [141, 145, 150] (24.0)
181 : [148, 153] (17.0)
182 : [142, 152] (18.0)
183 : [] (0.0)
184 : [] (0.0)
185 : [] (0.0)
186 : [143, 149, 151] (28.0)
187 : [] (0.0)
188 : [156, 157] (18.0)
189 : [] (0.0)
190 : [] (0.0)
191 : [155, 159] (19.0)
192 : [146, 160] (18.0)
193 : [] (0.0)
194 : [] (0.0)
195 : [] (0.0)
196 : [154, 161, 164] (26.0)
197 : [] (0.0)
198 : [] (0.0)
199 : [] (0.0)
200 : [158, 162] (20.0)
201 : [165, 166] (19.0)
202 : [] (0.0)
203 : [163, 170] (17.0)
204 : [] (0.0)
205 : [167, 168] (18.0)
206 : [169, 171] (20.0)
207 : [173, 174] (18.0)
208 : [] (0.0)
209 : [172, 176] (19.0)
210 : [] (0.0)
211 : [] (0.0)
212 : [175, 177, 178] (25.0)
213 : [] (0.0)
214 : [] (0.0)
215 : [] (0.0)
216 : [] (0.0)
217 : [] (0.0)
218 : [] (0.0)
219 : [] (0.0)
220 : [] (0.0)
221 : [] (0.0)
222 : [] (0.0)
223 : [179, 181, 183, 184] (34.0)
224 : [] (0.0)
225 : [] (0.0)
226 : [180, 182] (19.0)
227 : [] (0.0)
228 : [185, 186] (17.0)
229 : [] (0.0)
230 : [] (0.0)
231 : [187, 188] (19.0)
232 : [] (0.0)
233 : [] (0.0)
234 : [] (0.0)
235 : [] (0.0)
236 : [] (0.0)
237 : [] (0.0)
238 : [] (0.0)
239 : [191, 193, 194] (30.0)
240 : [] (0.0)
241 : [] (0.0)
242 : [] (0.0)
243 : [192, 196] (17.0)
244 : [] (0.0)
245 : [189, 197, 198] (26.0)
246 : [] (0.0)
247 : [190, 199] (18.0)
248 : [] (0.0)
249 : [] (0.0)
250 : [] (0.0)
251 : [] (0.0)
252 : [] (0.0)
253 : [203, 205] (16.0)
254 : [202, 206] (18.0)
255 : [200, 207] (19.0)
256 : [] (0.0)
257 : [] (0.0)
258 : [195, 201] (18.0)
259 : [] (0.0)
260 : [] (0.0)
261 : [] (0.0)
262 : [] (0.0)
263 : [] (0.0)
264 : [204, 214] (17.0)
265 : [210, 215] (20.0)
266 : [] (0.0)
267 : [208, 209, 217] (28.0)
268 : [] (0.0)
269 : [213, 220] (17.0)
270 : [] (0.0)
271 : [212, 221] (18.0)
272 : [211, 222] (16.0)
273 : [] (0.0)
274 : [] (0.0)
275 : [223, 224, 225, 226] (36.0)
276 : [] (0.0)
277 : [] (0.0)
278 : [] (0.0)
279 : [] (0.0)
280 : [] (0.0)
281 : [216, 218, 228] (27.0)
282 : [] (0.0)
283 : [] (0.0)
284 : [] (0.0)
285 : [] (0.0)
286 : [] (0.0)
287 : [] (0.0)
288 : [219, 233, 235] (29.0)
289 : [229, 236] (20.0)
290 : [230, 234] (17.0)
291 : [] (0.0)
292 : [] (0.0)
293 : [227, 238, 239, 240] (33.0)
294 : [] (0.0)
295 : [231, 232] (17.0)
296 : [] (0.0)
297 : [] (0.0)
298 : [] (0.0)
299 : [] (0.0)
300 : [] (0.0)
301 : [] (0.0)
302 : [] (0.0)
303 : [] (0.0)
304 : [241, 246] (20.0)
305 : [] (0.0)
306 : [247, 248] (20.0)
307 : [237, 250] (18.0)
308 : [244, 245, 251] (29.0)
309 : [] (0.0)
310 : [] (0.0)
311 : [] (0.0)
312 : [242, 243, 252] (24.0)
313 : [] (0.0)
314 : [] (0.0)
315 : [249, 254, 255] (26.0)
316 : [] (0.0)
317 : [] (0.0)
318 : [] (0.0)
319 : [] (0.0)
320 : [] (0.0)
321 : [253, 256, 259] (28.0)
322 : [] (0.0)
323 : [] (0.0)
324 : [] (0.0)
325 : [] (0.0)
326 : [257, 261, 262, 263] (36.0)
327 : [] (0.0)
328 : [] (0.0)
329 : [] (0.0)
330 : [265, 266] (18.0)
331 : [258, 260, 268, 269] (34.0)
332 : [] (0.0)
333 : [264, 271] (18.0)
334 : [] (0.0)
335 : [] (0.0)
336 : [] (0.0)
337 : [267, 270, 272] (28.0)
338 : [] (0.0)
339 : [] (0.0)
340 : [] (0.0)
341 : [274, 275] (18.0)
342 : [] (0.0)
343 : [] (0.0)
344 : [] (0.0)
345 : [] (0.0)
346 : [] (0.0)
347 : [] (0.0)
348 : [] (0.0)
349 : [276, 279, 280] (27.0)
350 : [] (0.0)
351 : [273, 283] (20.0)
352 : [] (0.0)
353 : [281, 288] (17.0)
354 : [] (0.0)
355 : [278, 285] (19.0)
356 : [] (0.0)
357 : [282, 286, 290] (27.0)
358 : [291, 294] (18.0)
359 : [287, 289] (18.0)
360 : [277, 284, 296] (29.0)
361 : [] (0.0)
362 : [] (0.0)
363 : [292, 298, 299] (28.0)
364 : [297, 300] (18.0)
365 : [] (0.0)
366 : [301, 302] (17.0)
367 : [] (0.0)
368 : [] (0.0)
369 : [293, 295, 303, 304] (35.0)
370 : [] (0.0)
371 : [] (0.0)
372 : [] (0.0)
373 : [] (0.0)
374 : [306, 307, 310] (28.0)
375 : [] (0.0)
376 : [] (0.0)
377 : [] (0.0)
378 : [] (0.0)
379 : [] (0.0)
380 : [311, 312, 314] (28.0)
381 : [308, 309, 317] (26.0)
382 : [] (0.0)
383 : [] (0.0)
384 : [] (0.0)
385 : [313, 316, 320, 321] (36.0)
386 : [] (0.0)
387 : [305, 315, 318, 319] (37.0)
388 : [] (0.0)
389 : [] (0.0)
390 : [] (0.0)
391 : [] (0.0)
392 : [] (0.0)
393 : [] (0.0)
394 : [323, 324, 325] (28.0)
395 : [] (0.0)
396 : [] (0.0)
397 : [] (0.0)
398 : [] (0.0)
399 : [] (0.0)
400 : [322, 326, 329, 331] (38.0)
401 : [] (0.0)
402 : [] (0.0)
403 : [] (0.0)
404 : [] (0.0)
405 : [332, 333, 335, 336] (33.0)
406 : [] (0.0)
407 : [330, 334, 338] (26.0)
408 : [] (0.0)
409 : [] (0.0)
410 : [327, 340] (19.0)
411 : [328, 341, 342, 343] (35.0)
412 : [] (0.0)
413 : [] (0.0)
414 : [] (0.0)
415 : [] (0.0)
416 : [] (0.0)
417 : [337, 339] (20.0)
418 : [] (0.0)
419 : [] (0.0)
420 : [345, 348] (20.0)
421 : [] (0.0)
422 : [] (0.0)
423 : [] (0.0)
424 : [] (0.0)
425 : [349, 350, 351] (26.0)
426 : [346, 347] (18.0)
427 : [] (0.0)
428 : [344, 355] (19.0)
429 : [] (0.0)
430 : [] (0.0)
431 : [354, 356] (16.0)
432 : [] (0.0)
433 : [] (0.0)
434 : [] (0.0)
435 : [352, 358, 359, 362] (36.0)
436 : [] (0.0)
437 : [] (0.0)
438 : [361, 364, 365] (27.0)
439 : [] (0.0)
440 : [] (0.0)
441 : [353, 366, 367] (28.0)
442 : [] (0.0)
443 : [] (0.0)
444 : [357, 369, 370, 371] (35.0)
445 : [] (0.0)
446 : [] (0.0)
447 : [] (0.0)
448 : [360, 375] (17.0)
449 : [] (0.0)
450 : [374, 376, 377] (27.0)
451 : [] (0.0)
452 : [368, 372] (17.0)
453 : [] (0.0)
454 : [] (0.0)
455 : [363, 379] (20.0)
456 : [] (0.0)
457 : [378, 383] (18.0)
458 : [373, 384] (20.0)
459 : [] (0.0)
460 : [] (0.0)
461 : [] (0.0)
462 : [] (0.0)
463 : [] (0.0)
464 : [385, 386] (20.0)
465 : [380, 381] (17.0)
466 : [] (0.0)
467 : [] (0.0)
468 : [] (0.0)
469 : [382, 387, 394] (27.0)
470 : [] (0.0)
471 : [] (0.0)
472 : [] (0.0)
473 : [389, 397] (19.0)
474 : [390, 396] (16.0)
475 : [] (0.0)
476 : [388, 399] (19.0)
477 : [395, 398, 400] (29.0)
478 : [391, 392] (17.0)
479 : [] (0.0)
480 : [393, 401] (18.0)
481 : [] (0.0)
482 : [] (0.0)
483 : [] (0.0)
484 : [] (0.0)
485 : [] (0.0)
486 : [] (0.0)
487 : [] (0.0)
488 : [] (0.0)
489 : [404, 406] (17.0)
490 : [] (0.0)
491 : [405, 408] (19.0)
492 : [] (0.0)
493 : [402, 412] (19.0)
494 : [] (0.0)
495 : [] (0.0)
496 : [410, 414, 415] (28.0)
497 : [] (0.0)
498 : [] (0.0)
499 : [403, 407, 416] (27.0)
500 : [] (0.0)
501 : [] (0.0)
502 : [409, 417, 420] (29.0)
503 : [] (0.0)
504 : [411, 421, 422] (25.0)
505 : [] (0.0)
506 : [] (0.0)
507 : [] (0.0)
508 : [] (0.0)
509 : [] (0.0)
510 : [413, 419, 425] (28.0)
511 : [] (0.0)
512 : [418, 424, 429] (27.0)
513 : [] (0.0)
514 : [] (0.0)
515 : [] (0.0)
516 : [] (0.0)
517 : [] (0.0)
518 : [] (0.0)
519 : [423, 427, 433] (27.0)
520 : [] (0.0)
521 : [] (0.0)
522 : [435, 436] (19.0)
523 : [428, 430] (18.0)
524 : [] (0.0)
525 : [] (0.0)
526 : [426, 431] (18.0)
527 : [432, 434, 438, 439] (36.0)
528 : [] (0.0)
529 : [] (0.0)
530 : [] (0.0)
531 : [] (0.0)
532 : [440, 441] (16.0)
533 : [] (0.0)
534 : [] (0.0)
535 : [] (0.0)
536 : [444, 445] (18.0)
537 : [437, 442, 447] (27.0)
538 : [] (0.0)
539 : [] (0.0)
540 : [] (0.0)
541 : [443, 446, 448, 449] (36.0)
542 : [] (0.0)
543 : [] (0.0)
544 : [] (0.0)
545 : [] (0.0)
546 : [] (0.0)
547 : [] (0.0)
548 : [] (0.0)
549 : [451, 453, 455] (28.0)
550 : [] (0.0)
551 : [450, 454] (19.0)
552 : [452, 459] (17.0)
553 : [] (0.0)
554 : [] (0.0)
555 : [] (0.0)
556 : [] (0.0)
557 : [] (0.0)
558 : [] (0.0)
559 : [457, 461, 462, 465] (36.0)
560 : [] (0.0)
561 : [456, 460, 464, 466] (35.0)
562 : [] (0.0)
563 : [] (0.0)
564 : [] (0.0)
565 : [458, 463, 467] (26.0)
566 : [] (0.0)
567 : [] (0.0)
568 : [] (0.0)
569 : [] (0.0)
570 : [] (0.0)
571 : [] (0.0)
572 : [468, 471] (19.0)
573 : [] (0.0)
574 : [] (0.0)
575 : [] (0.0)
576 : [] (0.0)
577 : [470, 473] (19.0)
578 : [469, 472] (20.0)
579 : [] (0.0)
580 : [477, 478] (20.0)
581 : [475, 476] (19.0)
582 : [] (0.0)
583 : [] (0.0)
584 : [] (0.0)
585 : [474, 479, 480, 481] (35.0)
586 : [] (0.0)
587 : [] (0.0)
588 : [] (0.0)
589 : [] (0.0)
590 : [] (0.0)
591 : [482, 483] (16.0)
592 : [] (0.0)
593 : [] (0.0)
594 : [] (0.0)
595 : [485, 487] (20.0)
596 : [] (0.0)
597 : [486, 490, 491] (27.0)
598 : [] (0.0)
599 : [] (0.0)
600 : [484, 489, 492, 493] (37.0)
601 : [] (0.0)
602 : [] (0.0)
603 : [] (0.0)
604 : [] (0.0)
605 : [] (0.0)
606 : [] (0.0)
607 : [488, 497, 498] (26.0)
608 : [] (0.0)
609 : [494, 495] (18.0)
610 : [496, 500, 501, 502] (35.0)
611 : [] (0.0)
612 : [] (0.0)
613 : [] (0.0)
614 : [] (0.0)
615 : [499, 503, 504, 507] (37.0)
616 : [] (0.0)
617 : [] (0.0)
618 : [] (0.0)
619 : [508, 509, 513] (29.0)
620 : [] (0.0)
621 : [506, 511] (17.0)
622 : [512, 516] (18.0)
623 : [] (0.0)
624 : [] (0.0)
625 : [] (0.0)
626 : [518, 519] (20.0)
627 : [] (0.0)
628 : [] (0.0)
629 : [510, 514, 517] (24.0)
630 : [] (0.0)
631 : [] (0.0)
632 : [] (0.0)
633 : [505, 515, 523] (30.0)
634 : [] (0.0)
635 : [] (0.0)
636 : [] (0.0)
637 : [] (0.0)
638 : [526, 527, 529, 530] (38.0)
639 : [] (0.0)
640 : [520, 533] (17.0)
641 : [] (0.0)
642 : [528, 534] (17.0)
643 : [] (0.0)
644 : [522, 536] (19.0)
645 : [525, 532] (16.0)
646 : [] (0.0)
647 : [521, 524] (17.0)
648 : [] (0.0)
649 : [531, 535, 540] (29.0)
650 : [] (0.0)
651 : [541, 543] (17.0)
652 : [] (0.0)
653 : [] (0.0)
654 : [537, 538, 545, 547] (37.0)
655 : [] (0.0)
656 : [] (0.0)
657 : [] (0.0)
658 : [544, 549, 551, 552] (36.0)
659 : [] (0.0)
660 : [542, 554] (17.0)
661 : [] (0.0)
662 : [550, 556, 557] (28.0)
663 : [] (0.0)
664 : [539, 548, 561] (30.0)
665 : [] (0.0)
666 : [] (0.0)
667 : [] (0.0)
668 : [] (0.0)
669 : [555, 560, 564, 566] (37.0)
670 : [546, 565] (17.0)
671 : [] (0.0)
672 : [553, 562] (17.0)
673 : [] (0.0)
674 : [] (0.0)
675 : [] (0.0)
676 : [558, 568, 569] (26.0)
677 : [559, 563] (20.0)
678 : [] (0.0)
679 : [] (0.0)
680 : [567, 571] (19.0)
681 : [] (0.0)
682 : [] (0.0)
683 : [] (0.0)
684 : [] (0.0)
685 : [574, 575] (18.0)
686 : [] (0.0)
687 : [573, 580] (18.0)
688 : [570, 578] (18.0)
689 : [572, 579, 581] (26.0)
690 : [] (0.0)
691 : [] (0.0)
692 : [576, 577] (19.0)
693 : [] (0.0)
694 : [] (0.0)
695 : [] (0.0)
696 : [] (0.0)
697 : [] (0.0)
698 : [583, 585, 587, 589] (33.0)
699 : [] (0.0)
700 : [] (0.0)
701 : [] (0.0)
702 : [] (0.0)
703 : [] (0.0)
704 : [584, 594, 597] (25.0)
705 : [] (0.0)
706 : [586, 592] (19.0)
707 : [582, 595, 600] (27.0)
708 : [588, 598] (16.0)
709 : [] (0.0)
710 : [591, 596, 601] (29.0)
711 : [] (0.0)
712 : [590, 593, 602] (26.0)
713 : [] (0.0)
714 : [] (0.0)
715 : [] (0.0)
716 : [] (0.0)
717 : [599, 607] (18.0)
718 : [] (0.0)
719 : [] (0.0)
720 : [604, 610] (18.0)
721 : [605, 606, 612] (27.0)
722 : [] (0.0)
723 : [] (0.0)
724 : [] (0.0)
725 : [] (0.0)
726 : [] (0.0)
727 : [] (0.0)
728 : [] (0.0)
729 : [608, 613, 615] (26.0)
730 : [611, 617] (19.0)
731 : [603, 614] (20.0)
732 : [] (0.0)
733 : [] (0.0)
734 : [609, 618, 621, 622] (34.0)
735 : [] (0.0)
736 : [] (0.0)
737 : [] (0.0)
738 : [616, 626] (19.0)
739 : [] (0.0)
740 : [619, 625] (17.0)
741 : [] (0.0)
742 : [623, 627, 629] (26.0)
743 : [] (0.0)
744 : [] (0.0)
745 : [] (0.0)
746 : [620, 630, 631] (28.0)
747 : [] (0.0)
748 : [] (0.0)
749 : [] (0.0)
750 : [632, 633, 634, 635] (35.0)
751 : [] (0.0)
752 : [] (0.0)
753 : [638, 639, 641] (26.0)
754 : [] (0.0)
755 : [] (0.0)
756 : [624, 643] (19.0)
757 : [642, 644] (17.0)
758 : [] (0.0)
759 : [640, 645] (17.0)
760 : [628, 636] (18.0)
761 : [] (0.0)
762 : [] (0.0)
763 : [] (0.0)
764 : [] (0.0)
765 : [] (0.0)
766 : [637, 646, 650, 651] (35.0)
767 : [647, 652, 653] (28.0)
768 : [] (0.0)
769 : [] (0.0)
770 : [] (0.0)
771 : [] (0.0)
772 : [] (0.0)
773 : [] (0.0)
774 : [657, 660] (17.0)
775 : [] (0.0)
776 : [649, 654, 661] (27.0)
777 : [658, 662] (18.0)
778 : [] (0.0)
779 : [655, 656] (17.0)
780 : [] (0.0)
781 : [648, 663, 664] (27.0)
782 : [] (0.0)
783 : [] (0.0)
784 : [665, 668] (17.0)
785 : [] (0.0)
786 : [659, 671] (17.0)
787 : [] (0.0)
788 : [] (0.0)
789 : [] (0.0)
790 : [667, 670] (18.0)
791 : [] (0.0)
792 : [] (0.0)
793 : [666, 673, 674, 676] (38.0)
794 : [] (0.0)
795 : [669, 672] (20.0)
796 : [] (0.0)
797 : [] (0.0)
798 : [] (0.0)
799 : [] (0.0)
800 : [] (0.0)
801 : [675, 680] (17.0)
802 : [] (0.0)
803 : [] (0.0)
804 : [] (0.0)
805 : [] (0.0)
806 : [] (0.0)
807 : [] (0.0)
808 : [678, 681, 684] (24.0)
809 : [677, 682, 687, 688] (38.0)
810 : [] (0.0)
811 : [] (0.0)
812 : [] (0.0)
813 : [] (0.0)
814 : [679, 683, 690, 691] (33.0)
815 : [] (0.0)
816 : [] (0.0)
817 : [685, 686, 695] (27.0)
818 : [] (0.0)
819 : [] (0.0)
820 : [] (0.0)
821 : [] (0.0)
822 : [] (0.0)
823 : [] (0.0)
824 : [694, 697, 698, 700] (36.0)
825 : [] (0.0)
826 : [] (0.0)
827 : [] (0.0)
828 : [693, 702] (18.0)
829 : [] (0.0)
830 : [689, 696, 704, 705] (35.0)
831 : [692, 706] (20.0)
832 : [] (0.0)
833 : [] (0.0)
834 : [] (0.0)
835 : [701, 708, 710] (26.0)
836 : [] (0.0)
837 : [] (0.0)
838 : [699, 703, 711] (28.0)
839 : [] (0.0)
840 : [] (0.0)
841 : [712, 716] (18.0)
842 : [707, 709, 713] (27.0)
843 : [] (0.0)
844 : [] (0.0)
845 : [] (0.0)
846 : [] (0.0)
847 : [] (0.0)
848 : [720, 721] (19.0)
849 : [] (0.0)
850 : [] (0.0)
851 : [] (0.0)
852 : [] (0.0)
853 : [] (0.0)
854 : [714, 718, 722, 726] (38.0)
855 : [715, 725] (19.0)
856 : [] (0.0)
857 : [717, 719, 728] (27.0)
858 : [] (0.0)
859 : [] (0.0)
860 : [] (0.0)
861 : [] (0.0)
862 : [] (0.0)
863 : [] (0.0)
864 : [723, 730, 731] (26.0)
865 : [724, 734] (19.0)
866 : [] (0.0)
867 : [] (0.0)
868 : [727, 729] (18.0)
869 : [] (0.0)
870 : [] (0.0)
871 : [732, 733, 739, 740] (34.0)
872 : [] (0.0)
873 : [] (0.0)
874 : [736, 737] (20.0)
875 : [] (0.0)
876 : [] (0.0)
877 : [] (0.0)
878 : [] (0.0)
879 : [] (0.0)
880 : [] (0.0)
881 : [743, 744, 745, 747] (36.0)
882 : [741, 748] (18.0)
883 : [735, 746, 749] (27.0)
884 : [] (0.0)
885 : [] (0.0)
886 : [] (0.0)
887 : [] (0.0)
888 : [738, 742, 750, 751] (38.0)
889 : [] (0.0)
890 : [] (0.0)
891 : [] (0.0)
892 : [] (0.0)
893 : [] (0.0)
894 : [] (0.0)
895 : [] (0.0)
896 : [] (0.0)
897 : [] (0.0)
898 : [] (0.0)
899 : [752, 753, 759, 762] (38.0)
900 : [] (0.0)
901 : [756, 763] (18.0)
902 : [] (0.0)
903 : [755, 764] (19.0)
904 : [] (0.0)
905 : [754, 758, 767] (27.0)
906 : [] (0.0)
907 : [] (0.0)
908 : [] (0.0)
909 : [] (0.0)
910 : [757, 770, 771] (30.0)
911 : [] (0.0)
912 : [760, 761, 769, 772] (35.0)
913 : [765, 766, 773] (27.0)
914 : [] (0.0)
915 : [] (0.0)
916 : [] (0.0)
917 : [768, 774, 776] (28.0)
918 : [] (0.0)
919 : [] (0.0)
920 : [] (0.0)
921 : [] (0.0)
922 : [] (0.0)
923 : [] (0.0)
924 : [] (0.0)
925 : [775, 779, 780, 783] (38.0)
926 : [] (0.0)
927 : [777, 778, 781, 785] (38.0)
928 : [] (0.0)
929 : [] (0.0)
930 : [] (0.0)
931 : [784, 788] (19.0)
932 : [] (0.0)
933 : [] (0.0)
934 : [782, 789, 791] (25.0)
935 : [] (0.0)
936 : [] (0.0)
937 : [] (0.0)
938 : [] (0.0)
939 : [] (0.0)
940 : [787, 790, 794, 795] (37.0)
941 : [] (0.0)
942 : [796, 797, 799, 800] (38.0)
943 : [] (0.0)
944 : [786, 792, 793, 802] (35.0)
945 : [] (0.0)
946 : [] (0.0)
947 : [] (0.0)
948 : [] (0.0)
949 : [] (0.0)
950 : [798, 803, 805, 808] (35.0)
951 : [] (0.0)
952 : [] (0.0)
953 : [] (0.0)
954 : [] (0.0)
955 : [804, 809] (18.0)
956 : [] (0.0)
957 : [] (0.0)
958 : [801, 806, 807, 812] (37.0)
959 : [] (0.0)
960 : [813, 814] (18.0)
961 : [810, 816] (17.0)
962 : [] (0.0)
963 : [] (0.0)
964 : [] (0.0)
965 : [] (0.0)
966 : [] (0.0)
967 : [] (0.0)
968 : [] (0.0)
969 : [] (0.0)
970 : [] (0.0)
971 : [811, 819, 823] (25.0)
972 : [820, 821] (19.0)
973 : [815, 817, 824] (27.0)
974 : [] (0.0)
975 : [] (0.0)
976 : [818, 828, 829] (27.0)
977 : [822, 827] (19.0)
978 : [] (0.0)
979 : [] (0.0)
980 : [] (0.0)
981 : [] (0.0)
982 : [825, 826, 831, 835] (37.0)
983 : [] (0.0)
984 : [] (0.0)
985 : [834, 836, 840] (29.0)
986 : [] (0.0)
987 : [] (0.0)
988 : [] (0.0)
989 : [830, 843] (16.0)
990 : [833, 837, 839] (30.0)
991 : [] (0.0)
992 : [832, 846] (18.0)
993 : [842, 847] (16.0)
994 : [] (0.0)
995 : [838, 841, 849] (25.0)
996 : [] (0.0)
997 : [848, 852] (18.0)
998 : [] (0.0)
999 : [] (0.0)
1000 : [854, 856] (17.0)
1001 : [] (0.0)
1002 : [844, 857, 858] (29.0)
1003 : [] (0.0)
1004 : [853, 861] (20.0)
1005 : [845, 859, 860, 863] (38.0)
1006 : [851, 862, 864] (27.0)
1007 : [850, 855, 865] (25.0)
1008 : [] (0.0)
1009 : [] (0.0)
1010 : [] (0.0)
1011 : [] (0.0)
1012 : [] (0.0)
1013 : [] (0.0)
1014 : [] (0.0)
1015 : [] (0.0)
1016 : [] (0.0)
1017 : [866, 869, 870, 873] (35.0)
1018 : [] (0.0)
1019 : [] (0.0)
1020 : [] (0.0)
1021 : [867, 871, 875] (27.0)
1022 : [] (0.0)
1023 : [868, 880] (18.0)
1024 : [] (0.0)
1025 : [] (0.0)
1026 : [876, 884] (17.0)
1027 : [872, 883] (18.0)
1028 : [] (0.0)
1029 : [] (0.0)
1030 : [878, 879] (18.0)
1031 : [874, 886] (17.0)
1032 : [] (0.0)
1033 : [] (0.0)
1034 : [] (0.0)
1035 : [877, 882, 891, 894] (36.0)
1036 : [885, 895, 896] (27.0)
1037 : [889, 890, 897] (24.0)
1038 : [] (0.0)
1039 : [] (0.0)
1040 : [881, 887] (17.0)
1041 : [] (0.0)
1042 : [888, 899, 900] (27.0)
1043 : [892, 901] (17.0)
1044 : [] (0.0)
1045 : [] (0.0)
1046 : [] (0.0)
1047 : [893, 902, 903] (29.0)
1048 : [] (0.0)
1049 : [] (0.0)
1050 : [] (0.0)
1051 : [] (0.0)
1052 : [] (0.0)
1053 : [] (0.0)
1054 : [898, 906, 908] (28.0)
1055 : [] (0.0)
1056 : [905, 910] (18.0)
1057 : [904, 909, 911, 912] (34.0)
1058 : [] (0.0)
1059 : [907, 914] (19.0)
1060 : [] (0.0)
1061 : [] (0.0)
1062 : [] (0.0)
1063 : [] (0.0)
1064 : [] (0.0)
1065 : [] (0.0)
1066 : [] (0.0)
1067 : [915, 916, 918, 919] (34.0)
1068 : [] (0.0)
1069 : [920, 921] (19.0)
1070 : [] (0.0)
1071 : [913, 917, 923] (26.0)
1072 : [] (0.0)
1073 : [] (0.0)
1074 : [] (0.0)
1075 : [922, 926] (17.0)
1076 : [] (0.0)
1077 : [] (0.0)
1078 : [] (0.0)
1079 : [] (0.0)
1080 : [929, 931] (20.0)
1081 : [] (0.0)
1082 : [] (0.0)
1083 : [927, 928, 933] (28.0)
1084 : [924, 925, 930] (25.0)
1085 : [] (0.0)
1086 : [] (0.0)
1087 : [] (0.0)
1088 : [] (0.0)
1089 : [935, 936, 938] (27.0)
1090 : [] (0.0)
1091 : [] (0.0)
1092 : [] (0.0)
1093 : [] (0.0)
1094 : [940, 941, 944, 945] (37.0)
1095 : [] (0.0)
1096 : [] (0.0)
1097 : [932, 939, 942, 946] (38.0)
1098 : [] (0.0)
1099 : [] (0.0)
1100 : [] (0.0)
1101 : [] (0.0)
1102 : [] (0.0)
1103 : [937, 943, 948, 952] (38.0)
1104 : [934, 949, 950, 951] (35.0)
1105 : [] (0.0)
1106 : [] (0.0)
1107 : [] (0.0)
1108 : [] (0.0)
1109 : [] (0.0)
1110 : [] (0.0)
1111 : [] (0.0)
1112 : [] (0.0)
1113 : [947, 956] (19.0)
1114 : [] (0.0)
1115 : [] (0.0)
1116 : [] (0.0)
1117 : [953, 957] (20.0)
1118 : [] (0.0)
1119 : [] (0.0)
1120 : [955, 958, 962, 967] (36.0)
1121 : [] (0.0)
1122 : [960, 964, 965, 969] (37.0)
1123 : [] (0.0)
1124 : [954, 959, 971] (28.0)
1125 : [963, 966, 972] (27.0)
1126 : [] (0.0)
1127 : [] (0.0)
1128 : [] (0.0)
1129 : [] (0.0)
1130 : [] (0.0)
1131 : [961, 976] (20.0)
1132 : [] (0.0)
1133 : [] (0.0)
1134 : [968, 970, 973, 978] (34.0)
1135 : [] (0.0)
1136 : [] (0.0)
1137 : [974, 980, 981, 982] (36.0)
1138 : [] (0.0)
1139 : [] (0.0)
1140 : [] (0.0)
1141 : [] (0.0)
1142 : [] (0.0)
1143 : [975, 977, 987] (25.0)
1144 : [] (0.0)
1145 : [] (0.0)
1146 : [] (0.0)
1147 : [985, 989] (20.0)
1148 : [] (0.0)
1149 : [] (0.0)
1150 : [979, 983, 984] (29.0)
1151 : [] (0.0)
1152 : [990, 991] (18.0)
1153 : [] (0.0)
1154 : [986, 993, 994] (28.0)
1155 : [] (0.0)
1156 : [] (0.0)
1157 : [] (0.0)
1158 : [] (0.0)
1159 : [] (0.0)
1160 : [988, 996, 997, 998] (37.0)
1161 : [] (0.0)
1162 : [] (0.0)
1163 : [] (0.0)
1164 : [] (0.0)
1165 : [992, 995, 999] (28.0)
1166 : [] (0.0)
1167 : [] (0.0)
1168 : [] (0.0)
1169 : [] (0.0)
1170 : [] (0.0)
1171 : [] (0.0)
1172 : [] (0.0)
1173 : [] (0.0)
1174 : [] (0.0)
1175 : [] (0.0)
