Name: 1000-50-100
Time: 337.66506242752075 
Result: 31
Solution:  8 8 8 25 18 30 23 25 8 30 23 8 23 30 35 16 16 25 18 18 25 36 23 23 25 36 48 30 35 45 48 45 48 36 38 38 47 58 52 60 60 55 47 68 53 53 68 52 62 59 55 74 58 58 59 71 62 77 86 77 74 75 89 74 71 95 81 77 85 75 77 81 81 89 98 86 98 104 85 86 104 105 95 113 107 95 98 113 108 121 113 104 108 126 111 105 107 113 112 111 112 112 113 119 119 119 139 121 121 126 126 148 126 151 148 139 156 139 157 159 161 148 163 148 156 152 159 155 152 151 161 172 155 176 159 156 156 178 157 179 178 161 172 163 168 168 183 168 185 168 182 187 183 182 176 188 178 179 188 178 185 189 187 183 183 185 203 209 188 189 208 208 209 203 210 202 207 207 202 212 220 216 202 202 222 216 222 207 207 216 209 210 210 212 221 227 221 216 229 216 220 225 234 227 243 241 225 227 248 227 229 229 241 234 250 252 252 241 243 250 241 243 241 252 259 255 248 248 250 269 256 266 267 255 269 256 267 259 267 283 279 278 266 278 288 283 276 276 276 276 278 278 279 297 284 284 297 308 288 303 308 308 297 314 297 312 297 303 309 303 312 315 314 309 315 322 309 312 320 322 315 322 320 335 320 320 337 335 344 335 328 343 328 332 338 349 332 337 351 351 340 352 338 340 340 344 343 354 356 349 349 354 363 349 355 351 368 352 354 355 355 356 363 377 377 374 363 368 368 382 379 368 382 382 374 374 379 397 376 376 386 379 399 382 394 382 402 394 386 392 402 392 392 399 392 397 406 397 410 418 409 421 423 406 410 423 409 417 417 415 430 415 421 425 415 418 418 430 437 433 423 423 435 435 425 432 432 444 449 455 433 449 442 459 437 437 449 442 442 453 444 455 457 469 462 455 457 463 459 453 459 462 455 463 471 463 459 476 462 462 483 469 487 473 469 487 482 471 473 476 497 482 491 483 491 482 482 491 487 483 491 487 497 491 500 512 506 493 493 512 514 500 501 513 504 501 504 504 506 512 525 513 512 514 513 514 520 520 520 525 534 540 540 525 542 542 534 540 534 534 550 545 555 540 540 560 545 545 560 550 566 556 565 556 555 555 566 575 560 563 563 563 565 579 580 588 575 580 575 575 575 596 579 579 599 603 594 596 588 588 594 607 599 596 596 599 599 599 603 603 620 615 617 607 622 631 626 622 615 622 617 626 620 629 638 626 636 636 629 629 641 631 631 649 634 634 656 654 638 649 641 652 663 656 662 657 666 656 649 649 654 652 652 666 671 663 657 679 662 662 662 679 665 665 677 681 684 671 681 676 676 697 677 682 679 679 684 686 682 684 701 686 703 693 693 693 693 701 703 707 697 697 707 717 701 701 701 717 707 707 707 712 712 719 712 721 721 728 732 721 723 719 731 723 728 728 736 747 732 748 731 732 751 736 736 748 758 736 744 747 744 760 753 758 767 758 747 751 753 764 774 753 753 753 758 758 770 774 777 760 777 777 764 780 767 770 771 771 774 787 777 774 789 777 780 789 783 801 797 783 787 810 811 789 789 799 797 807 797 811 811 815 801 818 799 820 825 810 819 812 807 812 828 818 807 815 810 829 813 813 818 819 825 818 831 820 844 837 829 829 829 828 838 838 831 843 853 837 837 844 851 841 853 841 843 847 869 847 847 857 857 851 853 865 857 865 876 865 880 865 883 865 888 871 869 871 871 876 897 883 886 897 880 900 894 903 904 902 886 888 888 888 903 904 907 899 912 900 894 894 894 907 915 899 915 900 912 902 902 903 914 925 920 914 925 925 934 914 925 927 937 920 920 920 920 925 940 940 927 940 927 946 934 943 934 943 943 957 939 937 939 940 939 961 943 946 946 951 957 951 951 951 961 966 957 957 969 966 980 980 966 980 969 975 969 981 984 975 980 979 981 979 979 981 984 992 1009 992 994 996 994 1015 1006 996 1009 1011 1011 1015 1006 1006 1006 1006 1017 1009 1012 1032 1034 1026 1012 1017 1033 1017 1026 1026 1032 1041 1026 1032 1037 1026 1033 1036 1037 1032 1045 1036 1034 1041 1033 1040 1050 1053 1049 1040 1040 1041 1049 1059 1045 1059 1067 1049 1050 1055 1053 1064 1055 1074 1071 1064 1071 1067 1064 1074 1076 1082 1071 1081 1076 1071 1094 1082 1095 1076 1099 1081 1081 1101 1086 1086 1082 1094 1086 1099 1100 1095 1091 1091 1094 1094 1100 1099 1109 1115 1100 1101 1106 1106 1125 1120 1106 1120 1109 1109 1120 1115 1115 1120 1125 1142 1142 1138 1133 1138 1132 1132 1132 1132 1144 1133 1137 1154 1137 1137 1154 1154 1142 1154 1144 1144
0 : [] (0.0)
1 : [] (0.0)
2 : [] (0.0)
3 : [] (0.0)
4 : [] (0.0)
5 : [] (0.0)
6 : [] (0.0)
7 : [] (0.0)
8 : [0, 1, 2, 8, 11] (46.0)
9 : [] (0.0)
10 : [] (0.0)
11 : [] (0.0)
12 : [] (0.0)
13 : [] (0.0)
14 : [] (0.0)
15 : [] (0.0)
16 : [15, 16] (17.0)
17 : [] (0.0)
18 : [4, 18, 19] (28.0)
19 : [] (0.0)
20 : [] (0.0)
21 : [] (0.0)
22 : [] (0.0)
23 : [6, 10, 12, 22, 23] (46.0)
24 : [] (0.0)
25 : [3, 7, 17, 20, 24] (41.0)
26 : [] (0.0)
27 : [] (0.0)
28 : [] (0.0)
29 : [] (0.0)
30 : [5, 9, 13, 27] (35.0)
31 : [] (0.0)
32 : [] (0.0)
33 : [] (0.0)
34 : [] (0.0)
35 : [14, 28] (17.0)
36 : [21, 25, 33] (28.0)
37 : [] (0.0)
38 : [34, 35] (17.0)
39 : [] (0.0)
40 : [] (0.0)
41 : [] (0.0)
42 : [] (0.0)
43 : [] (0.0)
44 : [] (0.0)
45 : [29, 31] (17.0)
46 : [] (0.0)
47 : [36, 42] (17.0)
48 : [26, 30, 32] (28.0)
49 : [] (0.0)
50 : [] (0.0)
51 : [] (0.0)
52 : [38, 47] (20.0)
53 : [44, 45] (16.0)
54 : [] (0.0)
55 : [41, 50] (18.0)
56 : [] (0.0)
57 : [] (0.0)
58 : [37, 52, 53] (28.0)
59 : [49, 54] (19.0)
60 : [39, 40] (17.0)
61 : [] (0.0)
62 : [48, 56] (19.0)
63 : [] (0.0)
64 : [] (0.0)
65 : [] (0.0)
66 : [] (0.0)
67 : [] (0.0)
68 : [43, 46] (17.0)
69 : [] (0.0)
70 : [] (0.0)
71 : [55, 64] (17.0)
72 : [] (0.0)
73 : [] (0.0)
74 : [51, 60, 63] (29.0)
75 : [61, 69] (17.0)
76 : [] (0.0)
77 : [57, 59, 67, 70] (37.0)
78 : [] (0.0)
79 : [] (0.0)
80 : [] (0.0)
81 : [66, 71, 72] (28.0)
82 : [] (0.0)
83 : [] (0.0)
84 : [] (0.0)
85 : [68, 78] (20.0)
86 : [58, 75, 79] (25.0)
87 : [] (0.0)
88 : [] (0.0)
89 : [62, 73] (18.0)
90 : [] (0.0)
91 : [] (0.0)
92 : [] (0.0)
93 : [] (0.0)
94 : [] (0.0)
95 : [65, 82, 85] (24.0)
96 : [] (0.0)
97 : [] (0.0)
98 : [74, 76, 86] (29.0)
99 : [] (0.0)
100 : [] (0.0)
101 : [] (0.0)
102 : [] (0.0)
103 : [] (0.0)
104 : [77, 80, 91] (25.0)
105 : [81, 95] (18.0)
106 : [] (0.0)
107 : [84, 96] (17.0)
108 : [88, 92] (18.0)
109 : [] (0.0)
110 : [] (0.0)
111 : [94, 99] (17.0)
112 : [98, 100, 101] (29.0)
113 : [83, 87, 90, 97, 102] (46.0)
114 : [] (0.0)
115 : [] (0.0)
116 : [] (0.0)
117 : [] (0.0)
118 : [] (0.0)
119 : [103, 104, 105] (25.0)
120 : [] (0.0)
121 : [89, 107, 108] (28.0)
122 : [] (0.0)
123 : [] (0.0)
124 : [] (0.0)
125 : [] (0.0)
126 : [93, 109, 110, 112] (37.0)
127 : [] (0.0)
128 : [] (0.0)
129 : [] (0.0)
130 : [] (0.0)
131 : [] (0.0)
132 : [] (0.0)
133 : [] (0.0)
134 : [] (0.0)
135 : [] (0.0)
136 : [] (0.0)
137 : [] (0.0)
138 : [] (0.0)
139 : [106, 115, 117] (26.0)
140 : [] (0.0)
141 : [] (0.0)
142 : [] (0.0)
143 : [] (0.0)
144 : [] (0.0)
145 : [] (0.0)
146 : [] (0.0)
147 : [] (0.0)
148 : [111, 114, 121, 123] (36.0)
149 : [] (0.0)
150 : [] (0.0)
151 : [113, 129] (18.0)
152 : [125, 128] (16.0)
153 : [] (0.0)
154 : [] (0.0)
155 : [127, 132] (17.0)
156 : [116, 124, 135, 136] (36.0)
157 : [118, 138] (20.0)
158 : [] (0.0)
159 : [119, 126, 134] (28.0)
160 : [] (0.0)
161 : [120, 130, 141] (26.0)
162 : [] (0.0)
163 : [122, 143] (18.0)
164 : [] (0.0)
165 : [] (0.0)
166 : [] (0.0)
167 : [] (0.0)
168 : [144, 145, 147, 149] (36.0)
169 : [] (0.0)
170 : [] (0.0)
171 : [] (0.0)
172 : [131, 142] (18.0)
173 : [] (0.0)
174 : [] (0.0)
175 : [] (0.0)
176 : [133, 154] (17.0)
177 : [] (0.0)
178 : [137, 140, 156, 159] (35.0)
179 : [139, 157] (18.0)
180 : [] (0.0)
181 : [] (0.0)
182 : [150, 153] (17.0)
183 : [146, 152, 163, 164] (33.0)
184 : [] (0.0)
185 : [148, 160, 165] (27.0)
186 : [] (0.0)
187 : [151, 162] (18.0)
188 : [155, 158, 168] (26.0)
189 : [161, 169] (16.0)
190 : [] (0.0)
191 : [] (0.0)
192 : [] (0.0)
193 : [] (0.0)
194 : [] (0.0)
195 : [] (0.0)
196 : [] (0.0)
197 : [] (0.0)
198 : [] (0.0)
199 : [] (0.0)
200 : [] (0.0)
201 : [] (0.0)
202 : [175, 178, 182, 183] (36.0)
203 : [166, 173] (18.0)
204 : [] (0.0)
205 : [] (0.0)
206 : [] (0.0)
207 : [176, 177, 187, 188] (33.0)
208 : [170, 171] (19.0)
209 : [167, 172, 190] (29.0)
210 : [174, 191, 192] (25.0)
211 : [] (0.0)
212 : [179, 193] (17.0)
213 : [] (0.0)
214 : [] (0.0)
215 : [] (0.0)
216 : [181, 185, 189, 197, 199] (45.0)
217 : [] (0.0)
218 : [] (0.0)
219 : [] (0.0)
220 : [180, 200] (17.0)
221 : [194, 196] (20.0)
222 : [184, 186] (17.0)
223 : [] (0.0)
224 : [] (0.0)
225 : [201, 206] (17.0)
226 : [] (0.0)
227 : [195, 203, 207, 209] (33.0)
228 : [] (0.0)
229 : [198, 210, 211] (24.0)
230 : [] (0.0)
231 : [] (0.0)
232 : [] (0.0)
233 : [] (0.0)
234 : [202, 213] (20.0)
235 : [] (0.0)
236 : [] (0.0)
237 : [] (0.0)
238 : [] (0.0)
239 : [] (0.0)
240 : [] (0.0)
241 : [205, 212, 217, 220, 222] (47.0)
242 : [] (0.0)
243 : [204, 218, 221] (30.0)
244 : [] (0.0)
245 : [] (0.0)
246 : [] (0.0)
247 : [] (0.0)
248 : [208, 226, 227] (25.0)
249 : [] (0.0)
250 : [214, 219, 228] (26.0)
251 : [] (0.0)
252 : [215, 216, 223] (26.0)
253 : [] (0.0)
254 : [] (0.0)
255 : [225, 233] (18.0)
256 : [230, 235] (18.0)
257 : [] (0.0)
258 : [] (0.0)
259 : [224, 237] (18.0)
260 : [] (0.0)
261 : [] (0.0)
262 : [] (0.0)
263 : [] (0.0)
264 : [] (0.0)
265 : [] (0.0)
266 : [231, 242] (17.0)
267 : [232, 236, 238] (26.0)
268 : [] (0.0)
269 : [229, 234] (17.0)
270 : [] (0.0)
271 : [] (0.0)
272 : [] (0.0)
273 : [] (0.0)
274 : [] (0.0)
275 : [] (0.0)
276 : [246, 247, 248, 249] (37.0)
277 : [] (0.0)
278 : [241, 243, 250, 251] (34.0)
279 : [240, 252] (18.0)
280 : [] (0.0)
281 : [] (0.0)
282 : [] (0.0)
283 : [239, 245] (20.0)
284 : [254, 255] (16.0)
285 : [] (0.0)
286 : [] (0.0)
287 : [] (0.0)
288 : [244, 258] (17.0)
289 : [] (0.0)
290 : [] (0.0)
291 : [] (0.0)
292 : [] (0.0)
293 : [] (0.0)
294 : [] (0.0)
295 : [] (0.0)
296 : [] (0.0)
297 : [253, 256, 262, 264, 266] (43.0)
298 : [] (0.0)
299 : [] (0.0)
300 : [] (0.0)
301 : [] (0.0)
302 : [] (0.0)
303 : [259, 267, 269] (29.0)
304 : [] (0.0)
305 : [] (0.0)
306 : [] (0.0)
307 : [] (0.0)
308 : [257, 260, 261] (30.0)
309 : [268, 273, 276] (29.0)
310 : [] (0.0)
311 : [] (0.0)
312 : [265, 270, 277] (25.0)
313 : [] (0.0)
314 : [263, 272] (18.0)
315 : [271, 274, 280] (27.0)
316 : [] (0.0)
317 : [] (0.0)
318 : [] (0.0)
319 : [] (0.0)
320 : [278, 282, 284, 285] (36.0)
321 : [] (0.0)
322 : [275, 279, 281] (26.0)
323 : [] (0.0)
324 : [] (0.0)
325 : [] (0.0)
326 : [] (0.0)
327 : [] (0.0)
328 : [290, 292] (18.0)
329 : [] (0.0)
330 : [] (0.0)
331 : [] (0.0)
332 : [293, 296] (19.0)
333 : [] (0.0)
334 : [] (0.0)
335 : [283, 287, 289] (29.0)
336 : [] (0.0)
337 : [286, 297] (17.0)
338 : [294, 302] (17.0)
339 : [] (0.0)
340 : [300, 303, 304] (27.0)
341 : [] (0.0)
342 : [] (0.0)
343 : [291, 306] (18.0)
344 : [288, 305] (18.0)
345 : [] (0.0)
346 : [] (0.0)
347 : [] (0.0)
348 : [] (0.0)
349 : [295, 309, 310, 313] (35.0)
350 : [] (0.0)
351 : [298, 299, 315] (27.0)
352 : [301, 317] (19.0)
353 : [] (0.0)
354 : [307, 311, 318] (28.0)
355 : [314, 319, 320] (29.0)
356 : [308, 321] (19.0)
357 : [] (0.0)
358 : [] (0.0)
359 : [] (0.0)
360 : [] (0.0)
361 : [] (0.0)
362 : [] (0.0)
363 : [312, 322, 326] (25.0)
364 : [] (0.0)
365 : [] (0.0)
366 : [] (0.0)
367 : [] (0.0)
368 : [316, 327, 328, 331] (36.0)
369 : [] (0.0)
370 : [] (0.0)
371 : [] (0.0)
372 : [] (0.0)
373 : [] (0.0)
374 : [325, 334, 335] (26.0)
375 : [] (0.0)
376 : [338, 339] (18.0)
377 : [323, 324] (19.0)
378 : [] (0.0)
379 : [330, 336, 341] (26.0)
380 : [] (0.0)
381 : [] (0.0)
382 : [329, 332, 333, 343, 345] (44.0)
383 : [] (0.0)
384 : [] (0.0)
385 : [] (0.0)
386 : [340, 348] (19.0)
387 : [] (0.0)
388 : [] (0.0)
389 : [] (0.0)
390 : [] (0.0)
391 : [] (0.0)
392 : [349, 351, 352, 354] (33.0)
393 : [] (0.0)
394 : [344, 347] (19.0)
395 : [] (0.0)
396 : [] (0.0)
397 : [337, 355, 357] (27.0)
398 : [] (0.0)
399 : [342, 353] (16.0)
400 : [] (0.0)
401 : [] (0.0)
402 : [346, 350] (18.0)
403 : [] (0.0)
404 : [] (0.0)
405 : [] (0.0)
406 : [356, 363] (18.0)
407 : [] (0.0)
408 : [] (0.0)
409 : [360, 366] (18.0)
410 : [358, 364] (19.0)
411 : [] (0.0)
412 : [] (0.0)
413 : [] (0.0)
414 : [] (0.0)
415 : [369, 371, 374] (26.0)
416 : [] (0.0)
417 : [367, 368] (18.0)
418 : [359, 375, 376] (27.0)
419 : [] (0.0)
420 : [] (0.0)
421 : [361, 372] (18.0)
422 : [] (0.0)
423 : [362, 365, 380, 381] (38.0)
424 : [] (0.0)
425 : [373, 384] (19.0)
426 : [] (0.0)
427 : [] (0.0)
428 : [] (0.0)
429 : [] (0.0)
430 : [370, 377] (18.0)
431 : [] (0.0)
432 : [385, 386] (20.0)
433 : [379, 390] (18.0)
434 : [] (0.0)
435 : [382, 383] (17.0)
436 : [] (0.0)
437 : [378, 394, 395] (28.0)
438 : [] (0.0)
439 : [] (0.0)
440 : [] (0.0)
441 : [] (0.0)
442 : [392, 397, 398] (26.0)
443 : [] (0.0)
444 : [387, 400] (18.0)
445 : [] (0.0)
446 : [] (0.0)
447 : [] (0.0)
448 : [] (0.0)
449 : [388, 391, 396] (25.0)
450 : [] (0.0)
451 : [] (0.0)
452 : [] (0.0)
453 : [399, 409] (18.0)
454 : [] (0.0)
455 : [389, 401, 405, 412] (39.0)
456 : [] (0.0)
457 : [402, 406] (16.0)
458 : [] (0.0)
459 : [393, 408, 410, 416] (36.0)
460 : [] (0.0)
461 : [] (0.0)
462 : [404, 411, 418, 419] (35.0)
463 : [407, 413, 415] (28.0)
464 : [] (0.0)
465 : [] (0.0)
466 : [] (0.0)
467 : [] (0.0)
468 : [] (0.0)
469 : [403, 421, 424] (28.0)
470 : [] (0.0)
471 : [414, 427] (18.0)
472 : [] (0.0)
473 : [423, 428] (17.0)
474 : [] (0.0)
475 : [] (0.0)
476 : [417, 429] (18.0)
477 : [] (0.0)
478 : [] (0.0)
479 : [] (0.0)
480 : [] (0.0)
481 : [] (0.0)
482 : [426, 431, 435, 436] (37.0)
483 : [420, 433, 439] (28.0)
484 : [] (0.0)
485 : [] (0.0)
486 : [] (0.0)
487 : [422, 425, 438, 441] (37.0)
488 : [] (0.0)
489 : [] (0.0)
490 : [] (0.0)
491 : [432, 434, 437, 440, 443] (45.0)
492 : [] (0.0)
493 : [447, 448] (18.0)
494 : [] (0.0)
495 : [] (0.0)
496 : [] (0.0)
497 : [430, 442] (18.0)
498 : [] (0.0)
499 : [] (0.0)
500 : [444, 451] (19.0)
501 : [452, 455] (18.0)
502 : [] (0.0)
503 : [] (0.0)
504 : [454, 456, 457] (27.0)
505 : [] (0.0)
506 : [446, 458] (16.0)
507 : [] (0.0)
508 : [] (0.0)
509 : [] (0.0)
510 : [] (0.0)
511 : [] (0.0)
512 : [445, 449, 459, 462] (34.0)
513 : [453, 461, 464] (28.0)
514 : [450, 463, 465] (29.0)
515 : [] (0.0)
516 : [] (0.0)
517 : [] (0.0)
518 : [] (0.0)
519 : [] (0.0)
520 : [466, 467, 468] (26.0)
521 : [] (0.0)
522 : [] (0.0)
523 : [] (0.0)
524 : [] (0.0)
525 : [460, 469, 473] (28.0)
526 : [] (0.0)
527 : [] (0.0)
528 : [] (0.0)
529 : [] (0.0)
530 : [] (0.0)
531 : [] (0.0)
532 : [] (0.0)
533 : [] (0.0)
534 : [470, 476, 478, 479] (36.0)
535 : [] (0.0)
536 : [] (0.0)
537 : [] (0.0)
538 : [] (0.0)
539 : [] (0.0)
540 : [471, 472, 477, 483, 484] (46.0)
541 : [] (0.0)
542 : [474, 475] (19.0)
543 : [] (0.0)
544 : [] (0.0)
545 : [481, 486, 487] (29.0)
546 : [] (0.0)
547 : [] (0.0)
548 : [] (0.0)
549 : [] (0.0)
550 : [480, 489] (18.0)
551 : [] (0.0)
552 : [] (0.0)
553 : [] (0.0)
554 : [] (0.0)
555 : [482, 494, 495] (27.0)
556 : [491, 493] (19.0)
557 : [] (0.0)
558 : [] (0.0)
559 : [] (0.0)
560 : [485, 488, 498] (28.0)
561 : [] (0.0)
562 : [] (0.0)
563 : [499, 500, 501] (24.0)
564 : [] (0.0)
565 : [492, 502] (18.0)
566 : [490, 496] (18.0)
567 : [] (0.0)
568 : [] (0.0)
569 : [] (0.0)
570 : [] (0.0)
571 : [] (0.0)
572 : [] (0.0)
573 : [] (0.0)
574 : [] (0.0)
575 : [497, 506, 508, 509, 510] (42.0)
576 : [] (0.0)
577 : [] (0.0)
578 : [] (0.0)
579 : [503, 512, 513] (24.0)
580 : [504, 507] (17.0)
581 : [] (0.0)
582 : [] (0.0)
583 : [] (0.0)
584 : [] (0.0)
585 : [] (0.0)
586 : [] (0.0)
587 : [] (0.0)
588 : [505, 518, 519] (28.0)
589 : [] (0.0)
590 : [] (0.0)
591 : [] (0.0)
592 : [] (0.0)
593 : [] (0.0)
594 : [516, 520] (20.0)
595 : [] (0.0)
596 : [511, 517, 523, 524] (37.0)
597 : [] (0.0)
598 : [] (0.0)
599 : [514, 522, 525, 526, 527] (43.0)
600 : [] (0.0)
601 : [] (0.0)
602 : [] (0.0)
603 : [515, 528, 529] (28.0)
604 : [] (0.0)
605 : [] (0.0)
606 : [] (0.0)
607 : [521, 533] (17.0)
608 : [] (0.0)
609 : [] (0.0)
610 : [] (0.0)
611 : [] (0.0)
612 : [] (0.0)
613 : [] (0.0)
614 : [] (0.0)
615 : [531, 538] (19.0)
616 : [] (0.0)
617 : [532, 540] (19.0)
618 : [] (0.0)
619 : [] (0.0)
620 : [530, 542] (18.0)
621 : [] (0.0)
622 : [534, 537, 539] (24.0)
623 : [] (0.0)
624 : [] (0.0)
625 : [] (0.0)
626 : [536, 541, 545] (26.0)
627 : [] (0.0)
628 : [] (0.0)
629 : [543, 548, 549] (26.0)
630 : [] (0.0)
631 : [535, 551, 552] (26.0)
632 : [] (0.0)
633 : [] (0.0)
634 : [554, 555] (17.0)
635 : [] (0.0)
636 : [546, 547] (19.0)
637 : [] (0.0)
638 : [544, 558] (18.0)
639 : [] (0.0)
640 : [] (0.0)
641 : [550, 560] (18.0)
642 : [] (0.0)
643 : [] (0.0)
644 : [] (0.0)
645 : [] (0.0)
646 : [] (0.0)
647 : [] (0.0)
648 : [] (0.0)
649 : [553, 559, 568, 569] (35.0)
650 : [] (0.0)
651 : [] (0.0)
652 : [561, 571, 572] (29.0)
653 : [] (0.0)
654 : [557, 570] (18.0)
655 : [] (0.0)
656 : [556, 563, 567] (25.0)
657 : [565, 576] (16.0)
658 : [] (0.0)
659 : [] (0.0)
660 : [] (0.0)
661 : [] (0.0)
662 : [564, 578, 579, 580] (37.0)
663 : [562, 575] (17.0)
664 : [] (0.0)
665 : [582, 583] (17.0)
666 : [566, 573] (17.0)
667 : [] (0.0)
668 : [] (0.0)
669 : [] (0.0)
670 : [] (0.0)
671 : [574, 587] (17.0)
672 : [] (0.0)
673 : [] (0.0)
674 : [] (0.0)
675 : [] (0.0)
676 : [589, 590] (16.0)
677 : [584, 592] (18.0)
678 : [] (0.0)
679 : [577, 581, 594, 595] (36.0)
680 : [] (0.0)
681 : [585, 588] (16.0)
682 : [593, 598] (18.0)
683 : [] (0.0)
684 : [586, 596, 599] (29.0)
685 : [] (0.0)
686 : [597, 601] (19.0)
687 : [] (0.0)
688 : [] (0.0)
689 : [] (0.0)
690 : [] (0.0)
691 : [] (0.0)
692 : [] (0.0)
693 : [603, 604, 605, 606] (36.0)
694 : [] (0.0)
695 : [] (0.0)
696 : [] (0.0)
697 : [591, 610, 611] (27.0)
698 : [] (0.0)
699 : [] (0.0)
700 : [] (0.0)
701 : [600, 607, 614, 615, 616] (43.0)
702 : [] (0.0)
703 : [602, 608] (18.0)
704 : [] (0.0)
705 : [] (0.0)
706 : [] (0.0)
707 : [609, 612, 618, 619, 620] (44.0)
708 : [] (0.0)
709 : [] (0.0)
710 : [] (0.0)
711 : [] (0.0)
712 : [621, 622, 624] (29.0)
713 : [] (0.0)
714 : [] (0.0)
715 : [] (0.0)
716 : [] (0.0)
717 : [613, 617] (17.0)
718 : [] (0.0)
719 : [623, 631] (17.0)
720 : [] (0.0)
721 : [625, 626, 629] (26.0)
722 : [] (0.0)
723 : [630, 633] (16.0)
724 : [] (0.0)
725 : [] (0.0)
726 : [] (0.0)
727 : [] (0.0)
728 : [627, 634, 635] (26.0)
729 : [] (0.0)
730 : [] (0.0)
731 : [632, 640] (18.0)
732 : [628, 638, 641] (27.0)
733 : [] (0.0)
734 : [] (0.0)
735 : [] (0.0)
736 : [636, 643, 644, 647] (40.0)
737 : [] (0.0)
738 : [] (0.0)
739 : [] (0.0)
740 : [] (0.0)
741 : [] (0.0)
742 : [] (0.0)
743 : [] (0.0)
744 : [648, 650] (16.0)
745 : [] (0.0)
746 : [] (0.0)
747 : [637, 649, 656] (30.0)
748 : [639, 645] (20.0)
749 : [] (0.0)
750 : [] (0.0)
751 : [642, 657] (16.0)
752 : [] (0.0)
753 : [652, 658, 661, 662, 663] (46.0)
754 : [] (0.0)
755 : [] (0.0)
756 : [] (0.0)
757 : [] (0.0)
758 : [646, 653, 655, 664, 665] (43.0)
759 : [] (0.0)
760 : [651, 669] (17.0)
761 : [] (0.0)
762 : [] (0.0)
763 : [] (0.0)
764 : [659, 672] (17.0)
765 : [] (0.0)
766 : [] (0.0)
767 : [654, 674] (18.0)
768 : [] (0.0)
769 : [] (0.0)
770 : [666, 675] (19.0)
771 : [676, 677] (18.0)
772 : [] (0.0)
773 : [] (0.0)
774 : [660, 667, 678, 681] (35.0)
775 : [] (0.0)
776 : [] (0.0)
777 : [668, 670, 671, 680, 683] (45.0)
778 : [] (0.0)
779 : [] (0.0)
780 : [673, 684] (17.0)
781 : [] (0.0)
782 : [] (0.0)
783 : [686, 689] (16.0)
784 : [] (0.0)
785 : [] (0.0)
786 : [] (0.0)
787 : [679, 690] (17.0)
788 : [] (0.0)
789 : [682, 685, 693, 694] (35.0)
790 : [] (0.0)
791 : [] (0.0)
792 : [] (0.0)
793 : [] (0.0)
794 : [] (0.0)
795 : [] (0.0)
796 : [] (0.0)
797 : [688, 696, 698] (29.0)
798 : [] (0.0)
799 : [695, 704] (18.0)
800 : [] (0.0)
801 : [687, 702] (18.0)
802 : [] (0.0)
803 : [] (0.0)
804 : [] (0.0)
805 : [] (0.0)
806 : [] (0.0)
807 : [697, 710, 714] (26.0)
808 : [] (0.0)
809 : [] (0.0)
810 : [691, 707, 716] (27.0)
811 : [692, 699, 700] (27.0)
812 : [709, 711] (17.0)
813 : [718, 719] (20.0)
814 : [] (0.0)
815 : [701, 715] (18.0)
816 : [] (0.0)
817 : [] (0.0)
818 : [703, 713, 720, 723] (36.0)
819 : [708, 721] (16.0)
820 : [705, 725] (17.0)
821 : [] (0.0)
822 : [] (0.0)
823 : [] (0.0)
824 : [] (0.0)
825 : [706, 722] (20.0)
826 : [] (0.0)
827 : [] (0.0)
828 : [712, 731] (18.0)
829 : [717, 728, 729, 730] (35.0)
830 : [] (0.0)
831 : [724, 734] (17.0)
832 : [] (0.0)
833 : [] (0.0)
834 : [] (0.0)
835 : [] (0.0)
836 : [] (0.0)
837 : [727, 737, 738] (27.0)
838 : [732, 733] (18.0)
839 : [] (0.0)
840 : [] (0.0)
841 : [741, 743] (18.0)
842 : [] (0.0)
843 : [735, 744] (18.0)
844 : [726, 739] (19.0)
845 : [] (0.0)
846 : [] (0.0)
847 : [745, 747, 748] (26.0)
848 : [] (0.0)
849 : [] (0.0)
850 : [] (0.0)
851 : [740, 751] (20.0)
852 : [] (0.0)
853 : [736, 742, 752] (26.0)
854 : [] (0.0)
855 : [] (0.0)
856 : [] (0.0)
857 : [749, 750, 754] (28.0)
858 : [] (0.0)
859 : [] (0.0)
860 : [] (0.0)
861 : [] (0.0)
862 : [] (0.0)
863 : [] (0.0)
864 : [] (0.0)
865 : [753, 755, 757, 759, 761] (47.0)
866 : [] (0.0)
867 : [] (0.0)
868 : [] (0.0)
869 : [746, 764] (19.0)
870 : [] (0.0)
871 : [763, 765, 766] (25.0)
872 : [] (0.0)
873 : [] (0.0)
874 : [] (0.0)
875 : [] (0.0)
876 : [756, 767] (17.0)
877 : [] (0.0)
878 : [] (0.0)
879 : [] (0.0)
880 : [758, 772] (19.0)
881 : [] (0.0)
882 : [] (0.0)
883 : [760, 769] (18.0)
884 : [] (0.0)
885 : [] (0.0)
886 : [770, 778] (18.0)
887 : [] (0.0)
888 : [762, 779, 780, 781] (37.0)
889 : [] (0.0)
890 : [] (0.0)
891 : [] (0.0)
892 : [] (0.0)
893 : [] (0.0)
894 : [774, 788, 789, 790] (37.0)
895 : [] (0.0)
896 : [] (0.0)
897 : [768, 771] (18.0)
898 : [] (0.0)
899 : [785, 793] (19.0)
900 : [773, 787, 795] (24.0)
901 : [] (0.0)
902 : [777, 797, 798] (27.0)
903 : [775, 782, 799] (29.0)
904 : [776, 783] (19.0)
905 : [] (0.0)
906 : [] (0.0)
907 : [784, 791] (17.0)
908 : [] (0.0)
909 : [] (0.0)
910 : [] (0.0)
911 : [] (0.0)
912 : [786, 796] (17.0)
913 : [] (0.0)
914 : [800, 803, 807] (28.0)
915 : [792, 794] (18.0)
916 : [] (0.0)
917 : [] (0.0)
918 : [] (0.0)
919 : [] (0.0)
920 : [802, 811, 812, 813, 814] (42.0)
921 : [] (0.0)
922 : [] (0.0)
923 : [] (0.0)
924 : [] (0.0)
925 : [801, 804, 805, 808, 815] (47.0)
926 : [] (0.0)
927 : [809, 818, 820] (26.0)
928 : [] (0.0)
929 : [] (0.0)
930 : [] (0.0)
931 : [] (0.0)
932 : [] (0.0)
933 : [] (0.0)
934 : [806, 822, 824] (26.0)
935 : [] (0.0)
936 : [] (0.0)
937 : [810, 829] (17.0)
938 : [] (0.0)
939 : [828, 830, 832] (29.0)
940 : [816, 817, 819, 831] (36.0)
941 : [] (0.0)
942 : [] (0.0)
943 : [823, 825, 826, 834] (34.0)
944 : [] (0.0)
945 : [] (0.0)
946 : [821, 835, 836] (28.0)
947 : [] (0.0)
948 : [] (0.0)
949 : [] (0.0)
950 : [] (0.0)
951 : [837, 839, 840, 841] (38.0)
952 : [] (0.0)
953 : [] (0.0)
954 : [] (0.0)
955 : [] (0.0)
956 : [] (0.0)
957 : [827, 838, 844, 845] (37.0)
958 : [] (0.0)
959 : [] (0.0)
960 : [] (0.0)
961 : [833, 842] (18.0)
962 : [] (0.0)
963 : [] (0.0)
964 : [] (0.0)
965 : [] (0.0)
966 : [843, 847, 850] (28.0)
967 : [] (0.0)
968 : [] (0.0)
969 : [846, 852, 854] (29.0)
970 : [] (0.0)
971 : [] (0.0)
972 : [] (0.0)
973 : [] (0.0)
974 : [] (0.0)
975 : [853, 857] (18.0)
976 : [] (0.0)
977 : [] (0.0)
978 : [] (0.0)
979 : [859, 861, 862] (25.0)
980 : [848, 849, 851, 858] (35.0)
981 : [855, 860, 863] (26.0)
982 : [] (0.0)
983 : [] (0.0)
984 : [856, 864] (17.0)
985 : [] (0.0)
986 : [] (0.0)
987 : [] (0.0)
988 : [] (0.0)
989 : [] (0.0)
990 : [] (0.0)
991 : [] (0.0)
992 : [865, 867] (19.0)
993 : [] (0.0)
994 : [868, 870] (18.0)
995 : [] (0.0)
996 : [869, 873] (19.0)
997 : [] (0.0)
998 : [] (0.0)
999 : [] (0.0)
1000 : [] (0.0)
1001 : [] (0.0)
1002 : [] (0.0)
1003 : [] (0.0)
1004 : [] (0.0)
1005 : [] (0.0)
1006 : [872, 878, 879, 880, 881] (46.0)
1007 : [] (0.0)
1008 : [] (0.0)
1009 : [866, 874, 883] (27.0)
1010 : [] (0.0)
1011 : [875, 876] (19.0)
1012 : [884, 888] (18.0)
1013 : [] (0.0)
1014 : [] (0.0)
1015 : [871, 877] (19.0)
1016 : [] (0.0)
1017 : [882, 889, 891] (28.0)
1018 : [] (0.0)
1019 : [] (0.0)
1020 : [] (0.0)
1021 : [] (0.0)
1022 : [] (0.0)
1023 : [] (0.0)
1024 : [] (0.0)
1025 : [] (0.0)
1026 : [887, 892, 893, 896, 899] (42.0)
1027 : [] (0.0)
1028 : [] (0.0)
1029 : [] (0.0)
1030 : [] (0.0)
1031 : [] (0.0)
1032 : [885, 894, 897, 903] (36.0)
1033 : [890, 900, 908] (27.0)
1034 : [886, 906] (17.0)
1035 : [] (0.0)
1036 : [901, 905] (18.0)
1037 : [898, 902] (18.0)
1038 : [] (0.0)
1039 : [] (0.0)
1040 : [909, 913, 914] (27.0)
1041 : [895, 907, 915] (30.0)
1042 : [] (0.0)
1043 : [] (0.0)
1044 : [] (0.0)
1045 : [904, 918] (18.0)
1046 : [] (0.0)
1047 : [] (0.0)
1048 : [] (0.0)
1049 : [912, 916, 921] (26.0)
1050 : [910, 922] (18.0)
1051 : [] (0.0)
1052 : [] (0.0)
1053 : [911, 924] (16.0)
1054 : [] (0.0)
1055 : [923, 926] (18.0)
1056 : [] (0.0)
1057 : [] (0.0)
1058 : [] (0.0)
1059 : [917, 919] (18.0)
1060 : [] (0.0)
1061 : [] (0.0)
1062 : [] (0.0)
1063 : [] (0.0)
1064 : [925, 929, 932] (27.0)
1065 : [] (0.0)
1066 : [] (0.0)
1067 : [920, 931] (20.0)
1068 : [] (0.0)
1069 : [] (0.0)
1070 : [] (0.0)
1071 : [928, 930, 936, 939] (34.0)
1072 : [] (0.0)
1073 : [] (0.0)
1074 : [927, 933] (20.0)
1075 : [] (0.0)
1076 : [934, 938, 943] (27.0)
1077 : [] (0.0)
1078 : [] (0.0)
1079 : [] (0.0)
1080 : [] (0.0)
1081 : [937, 945, 946] (29.0)
1082 : [935, 941, 950] (28.0)
1083 : [] (0.0)
1084 : [] (0.0)
1085 : [] (0.0)
1086 : [948, 949, 952] (26.0)
1087 : [] (0.0)
1088 : [] (0.0)
1089 : [] (0.0)
1090 : [] (0.0)
1091 : [956, 957] (18.0)
1092 : [] (0.0)
1093 : [] (0.0)
1094 : [940, 951, 958, 959] (39.0)
1095 : [942, 955] (18.0)
1096 : [] (0.0)
1097 : [] (0.0)
1098 : [] (0.0)
1099 : [944, 953, 961] (27.0)
1100 : [954, 960, 964] (28.0)
1101 : [947, 965] (18.0)
1102 : [] (0.0)
1103 : [] (0.0)
1104 : [] (0.0)
1105 : [] (0.0)
1106 : [966, 967, 970] (30.0)
1107 : [] (0.0)
1108 : [] (0.0)
1109 : [962, 972, 973] (24.0)
1110 : [] (0.0)
1111 : [] (0.0)
1112 : [] (0.0)
1113 : [] (0.0)
1114 : [] (0.0)
1115 : [963, 975, 976] (27.0)
1116 : [] (0.0)
1117 : [] (0.0)
1118 : [] (0.0)
1119 : [] (0.0)
1120 : [969, 971, 974, 977] (39.0)
1121 : [] (0.0)
1122 : [] (0.0)
1123 : [] (0.0)
1124 : [] (0.0)
1125 : [968, 978] (16.0)
1126 : [] (0.0)
1127 : [] (0.0)
1128 : [] (0.0)
1129 : [] (0.0)
1130 : [] (0.0)
1131 : [] (0.0)
1132 : [984, 985, 986, 987] (32.0)
1133 : [982, 989] (19.0)
1134 : [] (0.0)
1135 : [] (0.0)
1136 : [] (0.0)
1137 : [990, 992, 993] (25.0)
1138 : [981, 983] (18.0)
1139 : [] (0.0)
1140 : [] (0.0)
1141 : [] (0.0)
1142 : [979, 980, 996] (29.0)
1143 : [] (0.0)
1144 : [988, 998, 999] (26.0)
1145 : [] (0.0)
1146 : [] (0.0)
1147 : [] (0.0)
1148 : [] (0.0)
1149 : [] (0.0)
1150 : [] (0.0)
1151 : [] (0.0)
1152 : [] (0.0)
1153 : [] (0.0)
1154 : [991, 994, 995, 997] (37.0)
1155 : [] (0.0)
1156 : [] (0.0)
1157 : [] (0.0)
1158 : [] (0.0)
1159 : [] (0.0)
1160 : [] (0.0)
1161 : [] (0.0)
1162 : [] (0.0)
1163 : [] (0.0)
1164 : [] (0.0)
1165 : [] (0.0)
1166 : [] (0.0)
