Name: 1000-50-100
Time: 47.325494050979614 
Result: 62
Solution:  2 1 0 1 1 2 1 0 5 2 5 0 5 1 2 1 6 2 5 7 4 5 2 9 4 6 5 4 6 6 8 8 9 9 8 8 13 10 11 11 11 10 13 10 14 14 7 11 13 13 8 12 12 13 11 13 14 15 13 13 16 13 16 17 17 14 13 15 19 13 17 17 17 19 22 18 22 19 17 16 18 21 19 21 22 23 21 22 26 22 22 20 22 24 24 20 22 24 27 26 22 24 23 21 29 28 28 29 24 29 30 26 27 29 27 25 28 29 28 25 34 30 29 28 33 31 32 32 32 30 36 29 32 29 35 31 34 35 35 33 35 34 35 39 33 36 33 36 37 36 37 35 35 40 35 38 36 39 39 39 41 40 40 41 38 42 40 37 41 44 42 46 40 40 42 43 43 44 44 46 45 45 45 42 48 47 46 44 47 47 46 47 45 50 48 48 49 46 49 49 52 52 49 50 51 50 52 47 56 51 53 56 52 51 55 51 54 55 53 53 52 55 59 58 53 58 57 53 58 57 58 54 58 57 56 62 62 58 59 57 61 64 59 59 60 59 62 61 63 63 62 61 60 63 63 64 67 64 65 63 68 63 62 65 67 64 66 66 68 67 66 68 68 66 71 64 69 69 67 69 71 74 73 70 69 70 71 72 71 72 71 73 73 75 77 70 75 74 72 75 77 73 75 77 76 76 77 76 76 73 80 74 77 79 80 78 79 79 80 81 82 80 81 80 81 80 80 78 85 80 81 82 85 80 80 84 83 85 84 83 86 85 85 88 88 83 83 86 86 88 88 89 87 86 88 88 89 90 90 90 87 89 88 92 90 93 91 91 93 91 93 91 95 90 90 92 95 91 94 96 98 92 97 95 96 94 94 98 97 99 96 100 101 99 97 99 101 97 100 98 99 97 102 101 100 104 102 102 100 99 100 103 101 103 105 104 103 101 103 106 107 103 105 106 110 103 104 105 107 106 106 108 109 108 108 109 108 111 113 106 110 112 109 113 111 113 109 112 112 110 110 114 113 115 117 111 115 116 113 117 112 116 115 117 119 114 114 117 116 115 117 114 116 118 118 119 120 119 119 123 119 118 122 117 123 118 118 122 123 121 120 123 122 121 124 122 126 125 126 124 127 122 128 125 126 125 126 128 124 127 127 128 126 125 127 131 126 125 131 129 133 129 130 132 130 129 131 131 134 133 133 132 134 132 133 134 135 134 134 133 135 137 138 136 135 140 136 137 136 135 138 137 139 138 137 140 141 138 139 140 140 139 141 140 144 139 138 140 141 142 144 143 143 143 143 143 145 141 142 142 144 146 147 146 147 150 147 144 148 149 146 148 149 149 148 149 147 148 145 152 154 149 150 154 150 150 153 151 151 150 150 152 153 153 151 154 150 155 154 157 156 155 151 155 157 155 154 160 155 154 155 158 159 158 157 156 159 159 162 155 161 160 162 158 160 159 162 161 161 163 162 165 162 167 165 163 163 164 164 163 167 164 164 166 166 164 164 168 165 167 170 165 171 169 168 168 169 168 169 171 170 168 171 172 173 173 169 172 176 173 168 170 176 173 171 172 174 174 175 175 174 173 177 174 176 178 177 176 178 177 179 178 178 180 179 178 175 181 178 180 177 180 179 182 184 179 178 181 183 183 186 182 181 183 186 182 184 185 185 184 186 188 185 187 185 185 184 183 187 186 187 188 188 188 189 190 190 193 189 191 189 189 189 187 193 190 189 188 192 192 193 196 195 194 195 192 191 195 195 195 196 196 198 194 197 200 194 193 194 196 197 199 198 198 198 198 199 200 201 199 201 201 202 197 202 200 201 203 203 201 201 200 203 206 200 203 204 203 205 202 205 204 201 204 204 206 203 206 207 206 205 207 208 209 208 209 213 208 209 209 207 208 210 210 208 208 212 210 211 210 215 211 211 212 213 212 213 211 215 212 215 216 218 216 216 217 216 218 216 212 217 219 217 217 214 219 220 215 216 218 220 218 221 220 217 219 221 219 218 222 217 223 221 220 221 221 222 222 225 226 223 222 223 222 224 223 220 222 222 224 224 223 227 224 229 225 225 229 225 230 226 228 227 229 226 228 228 226 228 230 227 229 230 229 229 230 230 229 230 232 234 230 231 231 229 233 232 231 231 231 235 237 236 236 234 235 233 235 234 236 234 232 235 231 234 237 240 240 233 236 233 238 241 240 241 239 237 240 238 238 237 238 241 242 242 240 241 242 239 241 241 242 239 242 240 239 242 239 241 241
0 : [2, 7, 11] (57.0)
1 : [1, 3, 4, 6, 13, 15] (55.0)
2 : [0, 5, 9, 14, 17, 22] (53.0)
3 : [] (0.0)
4 : [20, 24, 27] (52.0)
5 : [8, 10, 12, 18, 21, 26] (55.0)
6 : [16, 25, 28, 29] (52.0)
7 : [19, 46] (57.0)
8 : [30, 31, 34, 35, 50] (51.0)
9 : [23, 32, 33] (61.0)
10 : [37, 41, 43] (51.0)
11 : [38, 39, 40, 47, 54] (51.0)
12 : [51, 52] (71.0)
13 : [36, 42, 48, 49, 53, 55, 58, 59, 61, 66, 69] (54.0)
14 : [44, 45, 56, 65] (50.0)
15 : [57, 67] (65.0)
16 : [60, 62, 79] (59.0)
17 : [63, 64, 70, 71, 72, 78] (57.0)
18 : [75, 80] (52.0)
19 : [68, 73, 77, 82] (50.0)
20 : [91, 95] (55.0)
21 : [81, 83, 86, 103] (51.0)
22 : [74, 76, 84, 87, 89, 90, 92, 96, 100] (53.0)
23 : [85, 102] (59.0)
24 : [93, 94, 97, 101, 108] (53.0)
25 : [115, 119] (54.0)
26 : [88, 99, 111] (62.0)
27 : [98, 112, 114] (49.0)
28 : [105, 106, 116, 118, 123] (53.0)
29 : [104, 107, 109, 113, 117, 122, 131, 133] (50.0)
30 : [110, 121, 129] (67.0)
31 : [125, 135] (50.0)
32 : [126, 127, 128, 132] (57.0)
33 : [124, 139, 144, 146] (56.0)
34 : [120, 136, 141] (59.0)
35 : [134, 137, 138, 140, 142, 151, 152, 154] (54.0)
36 : [130, 145, 147, 149, 156] (68.0)
37 : [148, 150, 167] (57.0)
38 : [155, 164] (54.0)
39 : [143, 157, 158, 159] (67.0)
40 : [153, 161, 162, 166, 172, 173] (51.0)
41 : [160, 163, 168] (61.0)
42 : [165, 170, 174, 183] (69.0)
43 : [175, 176] (50.0)
44 : [169, 177, 178, 187] (58.0)
45 : [180, 181, 182, 192] (56.0)
46 : [171, 179, 186, 190, 197] (53.0)
47 : [185, 188, 189, 191, 207] (58.0)
48 : [184, 194, 195] (56.0)
49 : [196, 198, 199, 202] (70.0)
50 : [193, 203, 205] (59.0)
51 : [204, 209, 213, 215] (58.0)
52 : [200, 201, 206, 212, 220] (66.0)
53 : [210, 218, 219, 224, 227] (99.0)
54 : [216, 231] (52.0)
55 : [214, 217, 221] (51.0)
56 : [208, 211, 234] (53.0)
57 : [226, 229, 233, 239] (54.0)
58 : [223, 225, 228, 230, 232, 237] (53.0)
59 : [222, 238, 242, 243, 245] (53.0)
60 : [244, 252] (76.0)
61 : [240, 247, 251] (60.0)
62 : [235, 236, 246, 250, 262] (50.0)
63 : [248, 249, 253, 254, 259, 261] (52.0)
64 : [241, 255, 257, 265, 275] (55.0)
65 : [258, 263] (51.0)
66 : [266, 267, 270, 273] (69.0)
67 : [256, 264, 269, 278] (95.0)
68 : [260, 268, 271, 272] (64.0)
69 : [276, 277, 279, 284] (81.0)
70 : [283, 285, 295] (68.0)
71 : [274, 280, 286, 288, 290] (64.0)
72 : [287, 289, 298] (57.0)
73 : [282, 291, 292, 301, 309] (64.0)
74 : [281, 297, 311] (58.0)
75 : [293, 296, 299, 302] (60.0)
76 : [304, 305, 307, 308] (68.0)
77 : [294, 300, 303, 306, 312] (64.0)
78 : [315, 327] (61.0)
79 : [313, 316, 317] (58.0)
80 : [310, 314, 318, 321, 323, 325, 326, 329, 333, 334] (53.0)
81 : [319, 322, 324, 330] (65.0)
82 : [320, 331] (67.0)
83 : [336, 339, 345, 346] (58.0)
84 : [335, 338] (56.0)
85 : [328, 332, 337, 341, 342] (75.0)
86 : [340, 347, 348, 353] (78.0)
87 : [352, 360] (66.0)
88 : [343, 344, 349, 350, 354, 355, 362] (79.0)
89 : [351, 356, 361] (82.0)
90 : [357, 358, 359, 364, 373, 374] (52.0)
91 : [366, 367, 369, 371, 377] (59.0)
92 : [363, 375, 381] (59.0)
93 : [365, 368, 370] (63.0)
94 : [378, 385, 386] (60.0)
95 : [372, 376, 383] (77.0)
96 : [379, 384, 390] (62.0)
97 : [382, 388, 394, 397, 401] (66.0)
98 : [380, 387, 399] (94.0)
99 : [389, 393, 395, 400, 409] (69.0)
100 : [391, 398, 404, 408, 410] (81.0)
101 : [392, 396, 403, 412, 417] (77.0)
102 : [402, 406, 407] (69.0)
103 : [411, 413, 416, 418, 421, 425] (73.0)
104 : [405, 415, 426] (88.0)
105 : [414, 422, 427] (60.0)
106 : [419, 423, 429, 430, 439] (90.0)
107 : [420, 428] (61.0)
108 : [431, 433, 434, 436] (74.0)
109 : [432, 435, 442, 446] (66.0)
110 : [424, 440, 449, 450] (60.0)
111 : [437, 444, 455] (55.0)
112 : [441, 447, 448, 460] (79.0)
113 : [438, 443, 445, 452, 458] (72.0)
114 : [451, 465, 466, 471] (62.0)
115 : [453, 456, 462, 469] (71.0)
116 : [457, 461, 468, 472] (94.0)
117 : [454, 459, 463, 467, 470, 483] (98.0)
118 : [473, 474, 481, 485, 486] (79.0)
119 : [464, 475, 477, 478, 480] (88.0)
120 : [476, 490] (57.0)
121 : [489, 493] (72.0)
122 : [482, 487, 492, 495, 501] (66.0)
123 : [479, 484, 488, 491] (67.0)
124 : [494, 499, 508] (81.0)
125 : [497, 503, 505, 513, 517] (82.0)
126 : [496, 498, 504, 506, 512, 516] (88.0)
127 : [500, 509, 510, 514] (55.0)
128 : [502, 507, 511] (66.0)
129 : [519, 521, 525] (67.0)
130 : [522, 524] (54.0)
131 : [515, 518, 526, 527] (66.0)
132 : [523, 531, 533] (75.0)
133 : [520, 529, 530, 534, 539] (74.0)
134 : [528, 532, 535, 537, 538] (93.0)
135 : [536, 540, 544, 549] (97.0)
136 : [543, 546, 548] (96.0)
137 : [541, 547, 551, 554] (100.0)
138 : [542, 550, 553, 557, 566] (79.0)
139 : [552, 558, 561, 565] (64.0)
140 : [545, 555, 559, 560, 563, 567] (90.0)
141 : [556, 562, 568, 577] (92.0)
142 : [569, 578, 579] (72.0)
143 : [571, 572, 573, 574, 575] (85.0)
144 : [564, 570, 580, 587] (63.0)
145 : [576, 598] (63.0)
146 : [581, 583, 590] (56.0)
147 : [582, 584, 586, 596] (73.0)
148 : [588, 591, 594, 597] (83.0)
149 : [589, 592, 593, 595, 601] (91.0)
150 : [585, 602, 604, 605, 609, 610, 616] (100.0)
151 : [607, 608, 614, 622] (81.0)
152 : [599, 611] (71.0)
153 : [606, 612, 613] (69.0)
154 : [600, 603, 615, 618, 626, 629] (92.0)
155 : [617, 621, 623, 625, 628, 630, 639] (98.0)
156 : [620, 635] (59.0)
157 : [619, 624, 634] (92.0)
158 : [631, 633, 643] (93.0)
159 : [632, 636, 637, 645] (99.0)
160 : [627, 641, 644] (79.0)
161 : [640, 647, 648] (100.0)
162 : [638, 642, 646, 650, 652] (76.0)
163 : [649, 655, 656, 659] (92.0)
164 : [657, 658, 661, 662, 665, 666] (58.0)
165 : [651, 654, 668, 671] (66.0)
166 : [663, 664] (91.0)
167 : [653, 660, 669] (62.0)
168 : [667, 674, 675, 677, 681, 690] (82.0)
169 : [673, 676, 678, 686] (93.0)
170 : [670, 680, 691] (98.0)
171 : [672, 679, 682, 694] (87.0)
172 : [683, 687, 695] (67.0)
173 : [684, 685, 689, 693, 701] (90.0)
174 : [696, 697, 700, 703] (100.0)
175 : [698, 699, 716] (63.0)
176 : [688, 692, 704, 707] (59.0)
177 : [702, 706, 709, 720] (97.0)
178 : [705, 708, 711, 712, 715, 718, 726] (85.0)
179 : [710, 714, 722, 725] (98.0)
180 : [713, 719, 721] (82.0)
181 : [717, 727, 732] (64.0)
182 : [723, 731, 735] (95.0)
183 : [728, 729, 733, 747] (95.0)
184 : [724, 736, 739, 746] (96.0)
185 : [737, 738, 742, 744, 745] (96.0)
186 : [730, 734, 740, 749] (99.0)
187 : [743, 748, 750, 763] (98.0)
188 : [741, 751, 752, 753, 767] (97.0)
189 : [754, 758, 760, 761, 762, 766] (87.0)
190 : [755, 756, 765] (81.0)
191 : [759, 776] (68.0)
192 : [768, 769, 775] (74.0)
193 : [757, 764, 770, 787] (96.0)
194 : [773, 783, 786, 788] (99.0)
195 : [772, 774, 777, 778, 779] (100.0)
196 : [771, 780, 781, 789] (95.0)
197 : [784, 790, 803] (98.0)
198 : [782, 792, 793, 794, 795] (100.0)
199 : [791, 796, 799] (101.0)
200 : [785, 797, 805, 811, 814] (97.0)
201 : [798, 800, 801, 806, 809, 810, 822] (93.0)
202 : [802, 804, 819] (77.0)
203 : [807, 808, 812, 815, 817, 826] (97.0)
204 : [816, 821, 823, 824] (99.0)
205 : [818, 820, 830] (100.0)
206 : [813, 825, 827, 829] (100.0)
207 : [828, 831, 840] (106.0)
208 : [832, 834, 837, 841, 844, 845] (100.0)
209 : [833, 835, 838, 839] (99.0)
210 : [842, 843, 847, 849] (99.0)
211 : [848, 851, 852, 857] (96.0)
212 : [846, 853, 855, 859, 869] (95.0)
213 : [836, 854, 856] (100.0)
214 : [874] (52.0)
215 : [850, 858, 860, 877] (81.0)
216 : [861, 863, 864, 866, 868, 878] (99.0)
217 : [865, 870, 872, 873, 884, 890] (95.0)
218 : [862, 867, 879, 881, 888] (100.0)
219 : [871, 875, 885, 887] (87.0)
220 : [876, 880, 883, 893, 906] (81.0)
221 : [882, 886, 892, 894, 895] (100.0)
222 : [889, 896, 897, 901, 903, 907, 908] (91.0)
223 : [891, 900, 902, 905, 911] (99.0)
224 : [904, 909, 910, 913] (99.0)
225 : [898, 915, 916, 918] (100.0)
226 : [899, 920, 924, 927] (79.0)
227 : [912, 922, 930] (86.0)
228 : [921, 925, 926, 928] (96.0)
229 : [914, 917, 923, 931, 933, 934, 937, 944] (98.0)
230 : [919, 929, 932, 935, 936, 938, 941] (100.0)
231 : [942, 943, 947, 948, 949, 963] (96.0)
232 : [939, 946, 961] (101.0)
233 : [945, 956, 968, 970] (100.0)
234 : [940, 954, 958, 960, 964] (105.0)
235 : [950, 955, 957, 962] (104.0)
236 : [952, 953, 959, 969] (111.0)
237 : [951, 965, 976, 980] (99.0)
238 : [971, 978, 979, 981] (99.0)
239 : [975, 988, 992, 995, 997] (100.0)
240 : [966, 967, 973, 977, 985, 994] (100.0)
241 : [972, 974, 982, 986, 989, 990, 998, 999] (102.0)
242 : [983, 984, 987, 991, 993, 996] (99.0)
