Name: 100-40-75
Time: 4.5860395431518555 
Result: 26
Solution:  1 0 1 0 2 1 0 3 1 3 2 5 5 1 3 0 4 4 7 7 5 5 6 2 8 5 3 3 6 5 7 4 6 9 7 8 9 9 8 5 10 10 7 10 10 14 11 9 15 11 11 12 11 11 12 13 12 11 13 11 14 13 12 12 14 16 15 11 17 17 13 14 18 18 16 15 17 14 17 14 16 19 15 18 18 19 18 20 20 19 21 18 20 19 21 21 20 20 21 19
0 : [1, 3, 6, 15] (48.0)
1 : [0, 2, 5, 8, 13] (47.0)
2 : [4, 10, 23] (46.0)
3 : [7, 9, 14, 26, 27] (53.0)
4 : [16, 17, 31] (46.0)
5 : [11, 12, 20, 21, 25, 29, 39] (47.0)
6 : [22, 28, 32] (46.0)
7 : [18, 19, 30, 34, 42] (46.0)
8 : [24, 35, 38] (51.0)
9 : [33, 36, 37, 47] (57.0)
10 : [40, 41, 43, 44] (48.0)
11 : [46, 49, 50, 52, 53, 57, 59, 67] (48.0)
12 : [51, 54, 56, 62, 63] (70.0)
13 : [55, 58, 61, 70] (66.0)
14 : [45, 60, 64, 71, 77, 79] (68.0)
15 : [48, 66, 75, 82] (67.0)
16 : [65, 74, 80] (63.0)
17 : [68, 69, 76, 78] (67.0)
18 : [72, 73, 83, 84, 86, 91] (65.0)
19 : [81, 85, 89, 93, 99] (67.0)
20 : [87, 88, 92, 96, 97] (71.0)
21 : [90, 94, 95, 98] (72.0)
