Name: 250-50-100
Time: 12.23663854598999 
Result: 41
Solution:  2 3 0 0 1 3 0 1 0 2 2 3 4 0 4 2 3 6 0 1 5 3 1 4 3 3 5 5 6 3 4 6 6 6 4 6 6 10 7 7 5 6 9 7 5 9 10 8 12 12 10 10 8 8 9 12 7 11 10 9 10 12 12 14 12 16 9 11 13 11 11 13 13 14 17 15 13 14 13 16 16 13 15 14 13 16 18 15 17 19 18 14 18 17 17 22 19 18 19 22 18 20 21 24 17 21 20 19 22 24 23 19 22 24 25 19 23 22 19 20 24 23 23 25 21 28 24 23 24 24 26 25 28 27 29 25 27 24 27 30 27 25 26 28 26 28 33 30 31 30 30 30 27 29 33 32 33 31 29 33 32 32 33 31 33 31 34 29 32 33 32 35 35 33 32 32 36 34 35 32 35 33 34 37 37 36 37 34 38 37 41 35 35 39 37 36 38 39 35 37 36 34 40 39 41 38 36 41 39 40 42 36 43 38 39 39 37 38 41 42 43 40 42 40 42 42 39 43 46 42 40 43 45 46 46 44 43 43 45 41 41 45 46 44 45 46 46 45 46 46
0 : [2, 3, 6, 8, 13, 18] (55.0)
1 : [4, 7, 19, 22] (65.0)
2 : [0, 9, 10, 15] (53.0)
3 : [1, 5, 11, 16, 21, 24, 25, 29] (67.0)
4 : [12, 14, 23, 30, 34] (63.0)
5 : [20, 26, 27, 40, 44] (65.0)
6 : [17, 28, 31, 32, 33, 35, 36, 41] (62.0)
7 : [38, 39, 43, 56] (56.0)
8 : [47, 52, 53] (54.0)
9 : [42, 45, 54, 59, 66] (53.0)
10 : [37, 46, 50, 51, 58, 60] (53.0)
11 : [57, 67, 69, 70] (56.0)
12 : [48, 49, 55, 61, 62, 64] (75.0)
13 : [68, 71, 72, 76, 78, 81, 84] (76.0)
14 : [63, 73, 77, 83, 91] (76.0)
15 : [75, 82, 87] (65.0)
16 : [65, 79, 80, 85] (68.0)
17 : [74, 88, 93, 94, 104] (83.0)
18 : [86, 90, 92, 97, 100] (66.0)
19 : [89, 96, 98, 107, 111, 115, 118] (87.0)
20 : [101, 106, 119] (85.0)
21 : [102, 105, 124] (73.0)
22 : [95, 99, 108, 112, 117] (60.0)
23 : [110, 116, 121, 122, 127] (64.0)
24 : [103, 109, 113, 120, 126, 128, 129, 137] (65.0)
25 : [114, 123, 131, 135, 141] (82.0)
26 : [130, 142, 144] (81.0)
27 : [133, 136, 138, 140, 152] (61.0)
28 : [125, 132, 143, 145] (90.0)
29 : [134, 153, 158, 167] (77.0)
30 : [139, 147, 149, 150, 151] (89.0)
31 : [148, 157, 163, 165] (83.0)
32 : [155, 160, 161, 168, 170, 174, 175, 179] (94.0)
33 : [146, 154, 156, 159, 162, 164, 169, 173, 181] (84.0)
34 : [166, 177, 182, 187, 201] (92.0)
35 : [171, 172, 178, 180, 191, 192, 198] (94.0)
36 : [176, 185, 195, 200, 206, 211] (82.0)
37 : [183, 184, 186, 189, 194, 199, 216] (86.0)
38 : [188, 196, 205, 213, 217] (94.0)
39 : [193, 197, 203, 208, 214, 215, 226] (92.0)
40 : [202, 209, 221, 223, 230] (93.0)
41 : [190, 204, 207, 218, 239, 240] (85.0)
42 : [210, 219, 222, 224, 225, 229] (85.0)
43 : [212, 220, 227, 231, 236, 237] (93.0)
44 : [235, 243] (85.0)
45 : [232, 238, 241, 244, 247] (87.0)
46 : [228, 233, 234, 242, 245, 246, 248, 249] (93.0)
