Name: 250-30-50
Time: 12.701211214065552 
Result: 20
Solution:  1 1 2 1 2 4 1 2 0 2 4 0 3 4 4 0 4 3 3 5 3 9 6 8 5 6 5 5 7 6 6 10 8 8 8 9 7 10 6 6 9 13 11 10 8 10 10 11 12 10 9 10 13 15 13 17 14 16 10 14 15 16 13 12 14 13 16 16 16 18 13 17 18 20 19 15 15 19 19 20 20 20 19 21 21 22 22 21 21 22 20 23 24 23 23 23 23 23 26 25 22 26 24 25 26 27 26 27 29 24 26 29 30 26 26 30 30 27 30 28 29 33 30 28 32 32 31 31 31 31 31 28 36 33 32 32 34 34 35 36 37 32 36 35 34 38 37 37 33 38 40 35 35 40 38 38 39 37 40 43 41 40 38 40 39 44 40 42 41 39 42 41 41 46 39 40 44 43 43 42 43 45 41 41 44 44 42 44 42 45 48 46 47 45 48 45 46 46 45 47 49 46 48 48 46 47 49 49 51 51 49 51 50 53 50 52 53 51 50 52 52 51 51 52 52 53 54 52 53 55 57 53 55 55 53 54 57 56 51 54 56 54 57 54 55 56 57 57 56 57
0 : [8, 11, 15] (32.0)
1 : [0, 1, 3, 6] (30.0)
2 : [2, 4, 7, 9] (33.0)
3 : [12, 17, 18, 20] (32.0)
4 : [5, 10, 13, 14, 16] (30.0)
5 : [19, 24, 26, 27] (32.0)
6 : [22, 25, 29, 30, 38, 39] (30.0)
7 : [28, 36] (39.0)
8 : [23, 32, 33, 34, 44] (32.0)
9 : [21, 35, 40, 50] (31.0)
10 : [31, 37, 43, 45, 46, 49, 51, 58] (30.0)
11 : [42, 47] (33.0)
12 : [48, 63] (32.0)
13 : [41, 52, 54, 62, 65, 70] (31.0)
14 : [56, 59, 64] (40.0)
15 : [53, 60, 75, 76] (35.0)
16 : [57, 61, 66, 67, 68] (34.0)
17 : [55, 71] (32.0)
18 : [69, 72] (36.0)
19 : [74, 77, 78, 82] (31.0)
20 : [73, 79, 80, 81, 90] (30.0)
21 : [83, 84, 87, 88] (40.0)
22 : [85, 86, 89, 100] (39.0)
23 : [91, 93, 94, 95, 96, 97] (42.0)
24 : [92, 102, 109] (39.0)
25 : [99, 103] (41.0)
26 : [98, 101, 104, 106, 110, 113, 114] (39.0)
27 : [105, 107, 117] (35.0)
28 : [119, 123, 131] (37.0)
29 : [108, 111, 120] (48.0)
30 : [112, 115, 116, 118, 122] (37.0)
31 : [126, 127, 128, 129, 130] (41.0)
32 : [124, 125, 134, 135, 141] (49.0)
33 : [121, 133, 148] (39.0)
34 : [136, 137, 144] (43.0)
35 : [138, 143, 151, 152] (48.0)
36 : [132, 139, 142] (42.0)
37 : [140, 146, 147, 157] (35.0)
38 : [145, 149, 154, 155, 162] (44.0)
39 : [156, 164, 169, 174] (37.0)
40 : [150, 153, 158, 161, 163, 166, 175] (45.0)
41 : [160, 168, 171, 172, 182, 183] (48.0)
42 : [167, 170, 179, 186, 188] (44.0)
43 : [159, 177, 178, 180] (49.0)
44 : [165, 176, 184, 185, 187] (37.0)
45 : [181, 189, 193, 195, 198] (43.0)
46 : [173, 191, 196, 197, 201, 204] (45.0)
47 : [192, 199, 205] (50.0)
48 : [190, 194, 202, 203] (45.0)
49 : [200, 206, 207, 210] (46.0)
50 : [212, 214, 218] (50.0)
51 : [208, 209, 211, 217, 221, 222, 238] (42.0)
52 : [215, 219, 220, 223, 224, 227] (46.0)
53 : [213, 216, 225, 228, 231, 234] (50.0)
54 : [226, 235, 239, 241, 243] (50.0)
55 : [229, 232, 233, 244] (50.0)
56 : [237, 240, 245, 248] (50.0)
57 : [230, 236, 242, 246, 247, 249] (49.0)
