Name: 500-20-30
Time: 24.682781219482422 
Result: 10
Solution:  0 1 0 1 0 3 4 0 1 2 2 2 1 1 3 3 1 1 7 4 4 1 3 4 3 1 5 5 7 6 6 3 5 8 6 6 5 6 7 8 7 7 3 9 6 10 9 7 7 9 10 11 7 9 9 10 10 13 8 11 11 13 8 12 8 12 11 12 10 12 11 11 9 14 11 12 13 12 13 12 14 17 12 13 13 15 18 18 14 13 15 12 16 18 17 16 13 13 18 16 17 21 16 19 20 15 19 18 19 18 22 21 20 21 21 18 24 21 20 17 22 19 18 17 18 21 21 20 22 23 21 22 24 19 23 25 22 23 24 23 24 21 26 21 24 26 25 23 24 26 25 27 25 26 26 24 23 23 26 28 27 30 28 28 28 27 30 31 28 27 28 28 30 27 30 29 31 32 31 29 29 29 27 31 31 32 31 34 35 32 29 30 31 33 33 34 32 30 31 32 32 33 33 31 36 34 37 33 32 36 35 36 32 34 36 38 38 37 39 38 34 34 35 37 40 37 36 41 38 35 37 38 40 35 43 40 41 39 40 38 41 38 39 41 39 41 43 44 42 45 43 41 43 41 39 42 43 43 40 45 44 43 45 41 42 46 45 43 45 46 42 49 42 44 46 46 46 44 43 47 46 49 47 49 49 46 48 46 46 47 50 49 53 49 49 48 50 48 53 53 53 50 52 50 48 51 50 48 51 52 49 53 50 55 49 53 54 53 52 51 57 53 51 53 56 55 57 56 52 55 54 54 54 54 55 56 55 58 56 57 58 57 59 56 61 56 56 58 58 58 61 59 61 59 58 59 60 64 62 58 61 60 61 59 60 62 63 61 65 63 64 63 64 62 63 62 65 62 63 59 63 64 64 64 64 66 67 63 64 64 67 61 67 64 65 65 65 66 65 65 65 66 68 68 70 65 66 68 70 69 67 70 68 69 70 69 71 70 70 69 69 72 71 72 72 71 70 73 70 71 69 70 68 73 76 71 74 76 73 72 72 74 78 76 74 75 73 75 75 74 74 74 72 75 76 73 74 78 75 79 81 79 77 77 78 77 79 79 81 81 79 79 80 80 78 83 77 81 82 82 82 78 81 83 82 81 83 81 80 81 83 82 79 82 83 82 82 80 83 83
0 : [0, 2, 4, 7] (21.0)
1 : [1, 3, 8, 12, 13, 16, 17, 21, 25] (20.0)
2 : [9, 10, 11] (20.0)
3 : [5, 14, 15, 22, 24, 31, 42] (20.0)
4 : [6, 19, 20, 23] (21.0)
5 : [26, 27, 32, 36] (20.0)
6 : [29, 30, 34, 35, 37, 44] (24.0)
7 : [18, 28, 38, 40, 41, 47, 48, 52] (20.0)
8 : [33, 39, 58, 62, 64] (21.0)
9 : [43, 46, 49, 53, 54, 72] (20.0)
10 : [45, 50, 55, 56, 68] (20.0)
11 : [51, 59, 60, 66, 70, 71, 74] (20.0)
12 : [63, 65, 67, 69, 75, 77, 79, 82, 91] (20.0)
13 : [57, 61, 76, 78, 83, 84, 89, 96, 97] (21.0)
14 : [73, 80, 88] (20.0)
15 : [85, 90, 105] (20.0)
16 : [92, 95, 99, 102] (20.0)
17 : [81, 94, 100, 119, 123] (22.0)
18 : [86, 87, 93, 98, 107, 109, 115, 122, 124] (20.0)
19 : [103, 106, 108, 121, 133] (20.0)
20 : [104, 112, 118, 127] (24.0)
21 : [101, 111, 113, 114, 117, 125, 126, 130, 141, 143] (20.0)
22 : [110, 120, 128, 131, 136] (25.0)
23 : [129, 134, 137, 139, 147, 156, 157] (24.0)
24 : [116, 132, 138, 140, 144, 148, 155] (20.0)
25 : [135, 146, 150, 152] (20.0)
26 : [142, 145, 149, 153, 154, 158] (29.0)
27 : [151, 160, 165, 169, 173, 182] (22.0)
28 : [159, 162, 163, 164, 168, 170, 171] (21.0)
29 : [175, 179, 180, 181, 190] (20.0)
30 : [161, 166, 172, 174, 191, 197] (22.0)
31 : [167, 176, 178, 183, 184, 186, 192, 198, 203] (23.0)
32 : [177, 185, 189, 196, 199, 200, 208, 212] (20.0)
33 : [193, 194, 201, 202, 207] (21.0)
34 : [187, 195, 205, 213, 220, 221] (23.0)
35 : [188, 210, 222, 229, 233] (25.0)
36 : [204, 209, 211, 214, 226] (24.0)
37 : [206, 217, 223, 225, 230] (23.0)
38 : [215, 216, 219, 228, 231, 239, 241] (26.0)
39 : [218, 237, 242, 244, 254] (26.0)
40 : [224, 232, 235, 238, 258] (24.0)
41 : [227, 236, 240, 243, 245, 251, 253, 263] (27.0)
42 : [248, 255, 264, 270, 272] (23.0)
43 : [234, 246, 250, 252, 256, 257, 261, 267, 278] (22.0)
44 : [247, 260, 273, 277] (27.0)
45 : [249, 259, 262, 266, 268] (22.0)
46 : [265, 269, 274, 275, 276, 280, 285, 287, 288] (26.0)
47 : [279, 282, 289] (23.0)
48 : [286, 295, 297, 304, 307] (24.0)
49 : [271, 281, 283, 284, 291, 293, 294, 310, 314] (25.0)
50 : [290, 296, 301, 303, 306, 312] (25.0)
51 : [305, 308, 319, 322] (23.0)
52 : [302, 309, 318, 328] (25.0)
53 : [292, 298, 299, 300, 311, 315, 317, 321, 323] (23.0)
54 : [316, 330, 331, 332, 333] (30.0)
55 : [313, 325, 329, 334, 336] (21.0)
56 : [324, 327, 335, 338, 343, 345, 346] (27.0)
57 : [320, 326, 339, 341] (24.0)
58 : [337, 340, 347, 348, 349, 354, 359] (23.0)
59 : [342, 351, 353, 355, 363, 379] (25.0)
60 : [356, 361, 364] (30.0)
61 : [344, 350, 352, 360, 362, 367, 391] (30.0)
62 : [358, 365, 373, 375, 377] (28.0)
63 : [366, 369, 371, 374, 378, 380, 387] (28.0)
64 : [357, 370, 372, 381, 382, 383, 384, 388, 389, 393] (28.0)
65 : [368, 376, 394, 395, 396, 398, 399, 400, 405] (28.0)
66 : [385, 397, 401, 406] (22.0)
67 : [386, 390, 392, 410] (26.0)
68 : [402, 403, 407, 412, 432] (25.0)
69 : [409, 413, 415, 419, 420, 430] (26.0)
70 : [404, 408, 411, 414, 417, 418, 426, 428, 431] (28.0)
71 : [416, 422, 425, 429, 435] (30.0)
72 : [421, 423, 424, 439, 440, 452] (30.0)
73 : [427, 433, 438, 446, 455] (30.0)
74 : [436, 441, 444, 449, 450, 451, 456] (30.0)
75 : [445, 447, 448, 453, 458] (24.0)
76 : [434, 437, 443, 454] (30.0)
77 : [462, 463, 465, 476] (30.0)
78 : [442, 457, 464, 474, 481] (30.0)
79 : [459, 461, 466, 467, 470, 471, 492] (30.0)
80 : [472, 473, 488, 497] (30.0)
81 : [460, 468, 469, 477, 482, 485, 487, 489] (28.0)
82 : [478, 479, 480, 484, 491, 493, 495, 496] (28.0)
83 : [475, 483, 486, 490, 494, 498, 499] (28.0)
