Name: 500-30-50
Time: 22.16705632209778 
Result: 23
Solution:  0 0 0 0 1 1 3 0 3 3 3 4 3 6 3 1 5 5 3 6 4 4 3 9 5 7 6 6 7 6 8 6 10 6 11 8 11 11 9 8 11 12 13 10 11 9 9 12 11 9 15 12 13 11 13 11 15 12 17 14 14 13 14 15 19 16 15 17 19 17 20 19 17 20 21 18 17 20 16 22 17 22 20 18 21 20 20 21 21 23 21 24 26 26 23 22 26 25 22 24 23 22 24 25 22 25 26 25 28 27 30 29 27 27 28 29 28 32 29 30 32 29 30 33 31 30 32 31 35 32 32 29 31 35 33 34 34 32 36 33 36 35 35 33 38 37 32 40 37 41 35 35 41 35 38 37 38 38 39 38 42 40 44 39 41 41 38 44 42 40 42 43 41 43 42 40 47 44 43 45 44 44 45 43 46 45 45 48 47 49 49 46 46 48 52 45 48 49 50 49 48 49 49 49 49 48 52 53 52 52 55 51 56 52 51 57 50 52 56 52 54 55 54 56 57 55 56 53 55 56 57 55 59 57 56 56 58 58 57 60 60 61 61 58 62 63 63 61 58 62 61 62 64 59 61 63 65 65 64 63 64 64 66 62 66 65 64 68 66 65 67 65 68 68 69 69 71 72 66 71 70 70 71 72 69 71 70 67 70 70 72 72 73 71 74 76 74 78 73 75 74 76 76 72 73 73 75 77 77 77 77 78 78 75 79 76 75 78 80 79 81 80 76 83 78 82 85 81 80 82 83 80 82 86 79 82 83 84 87 85 83 85 83 84 86 88 85 84 86 87 87 87 88 86 87 89 90 85 90 91 89 90 93 90 88 92 90 91 91 93 92 91 93 94 94 93 94 96 94 92 95 95 92 95 98 96 96 99 96 96 97 95 97 99 96 98 99 97 99 100 97 100 103 97 103 104 103 102 102 100 101 104 103 102 105 104 102 102 103 106 101 104 102 104 103 105 102 103 102 105 106 105 106 108 109 108 106 105 107 104 106 107 105 108 107 109 108 108 107 109 112 112 109 109 111 113 112 113 114 115 111 113 111 112 110 114 112 114 113 112 113 110 111 116 117 118 117 115 111 116 113 116 116 115 118 115 115 119 118 117 118 117 117 118 119 117 119 116 119 117
0 : [0, 1, 2, 3, 7] (38.0)
1 : [4, 5, 15] (44.0)
2 : [] (0.0)
3 : [6, 8, 9, 10, 12, 14, 18, 22] (31.0)
4 : [11, 20, 21] (33.0)
5 : [16, 17, 24] (30.0)
6 : [13, 19, 26, 27, 29, 31, 33] (33.0)
7 : [25, 28] (30.0)
8 : [30, 35, 39] (33.0)
9 : [23, 38, 45, 46, 49] (30.0)
10 : [32, 43] (39.0)
11 : [34, 36, 37, 40, 44, 48, 53, 55] (29.0)
12 : [41, 47, 51, 57] (33.0)
13 : [42, 52, 54, 61] (29.0)
14 : [59, 60, 62] (29.0)
15 : [50, 56, 63, 66] (38.0)
16 : [65, 78] (34.0)
17 : [58, 67, 69, 72, 76, 80] (34.0)
18 : [75, 83] (45.0)
19 : [64, 68, 71] (32.0)
20 : [70, 73, 77, 82, 85, 86] (33.0)
21 : [74, 84, 87, 88, 90] (35.0)
22 : [79, 81, 95, 98, 101, 104] (32.0)
23 : [89, 94, 100] (31.0)
24 : [91, 99, 102] (30.0)
25 : [97, 103, 105, 107] (36.0)
26 : [92, 93, 96, 106] (33.0)
27 : [109, 112, 113] (41.0)
28 : [108, 114, 116] (30.0)
29 : [111, 115, 118, 121, 131] (41.0)
30 : [110, 119, 122, 125] (36.0)
31 : [124, 127, 132] (34.0)
32 : [117, 120, 126, 129, 130, 137, 146] (41.0)
33 : [123, 134, 139, 143] (30.0)
34 : [135, 136] (30.0)
35 : [128, 133, 141, 142, 150, 151, 153] (31.0)
36 : [138, 140] (31.0)
37 : [145, 148, 155] (44.0)
38 : [144, 154, 156, 157, 159, 166] (37.0)
39 : [158, 163] (33.0)
40 : [147, 161, 169, 175] (34.0)
41 : [149, 152, 164, 165, 172] (50.0)
42 : [160, 168, 170, 174] (39.0)
43 : [171, 173, 178, 183] (39.0)
44 : [162, 167, 177, 180, 181] (37.0)
45 : [179, 182, 185, 186, 195] (31.0)
46 : [184, 191, 192] (49.0)
47 : [176, 188] (51.0)
48 : [187, 193, 196, 200, 205] (40.0)
49 : [189, 190, 197, 199, 201, 202, 203, 204] (41.0)
50 : [198, 216] (43.0)
51 : [211, 214] (31.0)
52 : [194, 206, 208, 209, 213, 217, 219] (44.0)
53 : [207, 227] (40.0)
54 : [220, 222] (36.0)
55 : [210, 221, 225, 228, 231] (39.0)
56 : [212, 218, 223, 226, 229, 234, 235] (37.0)
57 : [215, 224, 230, 233, 238] (38.0)
58 : [236, 237, 243, 248] (40.0)
59 : [232, 253] (33.0)
60 : [239, 240] (39.0)
61 : [241, 242, 247, 250, 254] (38.0)
62 : [244, 249, 251, 263] (50.0)
63 : [245, 246, 255, 259] (49.0)
64 : [252, 258, 260, 261, 266] (44.0)
65 : [256, 257, 265, 269, 271] (47.0)
66 : [262, 264, 268, 278] (40.0)
67 : [270, 287] (34.0)
68 : [267, 272, 273] (41.0)
69 : [274, 275, 284] (37.0)
70 : [280, 281, 286, 288, 289] (39.0)
71 : [276, 279, 282, 285, 293] (47.0)
72 : [277, 283, 290, 291, 303] (42.0)
73 : [292, 298, 304, 305] (37.0)
74 : [294, 296, 300] (41.0)
75 : [299, 306, 313, 316] (41.0)
76 : [295, 301, 302, 315, 322] (50.0)
77 : [307, 308, 309, 310] (49.0)
78 : [297, 311, 312, 317, 324] (49.0)
79 : [314, 319, 334] (50.0)
80 : [318, 321, 328, 331] (50.0)
81 : [320, 327] (41.0)
82 : [325, 329, 332, 335] (40.0)
83 : [323, 330, 336, 340, 342] (43.0)
84 : [337, 343, 347] (50.0)
85 : [326, 339, 341, 346, 357] (49.0)
86 : [333, 344, 348, 353] (37.0)
87 : [338, 349, 350, 351, 354] (44.0)
88 : [345, 352, 364] (48.0)
89 : [355, 360] (51.0)
90 : [356, 358, 361, 363, 366] (48.0)
91 : [359, 367, 368, 371] (50.0)
92 : [365, 370, 379, 382] (49.0)
93 : [362, 369, 372, 375] (35.0)
94 : [373, 374, 376, 378] (33.0)
95 : [380, 381, 383, 391] (41.0)
96 : [377, 385, 386, 388, 389, 394] (38.0)
97 : [390, 392, 397, 400, 403] (49.0)
98 : [384, 395] (51.0)
99 : [387, 393, 396, 398] (47.0)
100 : [399, 401, 409] (50.0)
101 : [410, 420] (50.0)
102 : [407, 408, 413, 416, 417, 422, 426, 428] (50.0)
103 : [402, 404, 406, 412, 418, 424, 427] (44.0)
104 : [405, 411, 415, 421, 423, 439] (49.0)
105 : [414, 425, 429, 431, 437, 442] (50.0)
106 : [419, 430, 432, 436, 440] (49.0)
107 : [438, 441, 444, 448] (49.0)
108 : [433, 435, 443, 446, 447] (48.0)
109 : [434, 445, 449, 452, 453] (49.0)
110 : [464, 471] (49.0)
111 : [454, 460, 462, 472, 478] (50.0)
112 : [450, 451, 456, 463, 466, 469] (52.0)
113 : [455, 457, 461, 468, 470, 480] (52.0)
114 : [458, 465, 467] (49.0)
115 : [459, 477, 483, 485, 486] (50.0)
116 : [473, 479, 481, 482, 497] (46.0)
117 : [474, 476, 489, 491, 492, 495, 499] (47.0)
118 : [475, 484, 488, 490, 493] (49.0)
119 : [487, 494, 496, 498] (42.0)
