Name: 1000-10-50
Time: 215.2289216518402 
Result: 9
Solution:  5 3 3 8 5 6 18 17 14 13 25 16 14 17 20 24 23 26 27 32 29 37 24 25 30 29 26 45 33 36 39 34 43 38 41 34 37 46 41 50 53 43 55 46 45 53 57 54 56 60 66 57 56 70 69 63 66 62 78 68 73 85 68 71 70 81 74 82 79 81 93 78 80 90 80 92 92 86 88 99 88 87 97 89 90 91 97 98 101 100 104 103 107 106 103 98 108 102 104 117 118 119 117 113 116 119 116 124 126 118 123 126 127 134 134 130 141 130 144 137 140 141 137 143 140 142 142 143 153 148 157 164 152 152 153 161 163 165 166 168 157 162 161 163 162 173 165 164 176 185 166 171 181 180 179 176 177 184 178 184 179 190 190 189 193 189 195 206 197 191 197 192 192 202 195 204 199 203 198 200 201 204 218 210 200 207 221 208 217 207 213 213 216 214 232 218 221 220 217 229 228 227 228 224 238 224 237 225 235 239 238 244 237 242 245 240 243 245 240 249 249 241 241 242 247 251 247 248 257 260 260 261 257 253 261 266 259 270 264 262 262 264 268 275 271 280 268 273 276 277 277 284 276 278 282 280 284 292 286 296 295 289 290 295 289 290 292 302 296 300 306 301 311 311 315 305 310 315 313 327 319 325 319 313 314 321 324 332 334 331 324 333 340 331 329 329 340 334 336 338 337 338 352 343 339 351 349 348 343 350 342 355 352 346 349 350 359 351 359 364 366 353 358 361 366 368 361 360 364 360 367 371 375 368 369 382 369 380 376 376 381 388 395 388 380 392 383 397 394 397 393 390 402 402 393 391 391 394 395 405 410 405 408 403 403 404 409 415 420 409 415 422 419 427 416 431 421 420 423 429 422 425 434 425 429 426 438 439 444 430 436 433 443 438 436 437 437 449 439 448 440 444 450 451 451 452 456 463 452 455 454 463 454 456 455 462 469 462 464 475 472 470 467 467 471 469 485 482 472 480 475 484 482 484 480 493 490 491 492 490 497 492 491 496 493 496 497 499 499 514 510 520 512 510 518 518 522 521 514 517 519 512 524 517 530 524 525 525 535 520 522 535 538 536 530 537 532 548 538 539 541 547 544 545 537 545 541 556 547 544 552 557 550 560 559 554 554 556 551 562 551 568 566 558 562 560 570 572 564 580 564 573 566 577 577 569 568 569 575 576 580 579 581 582 575 582 579 585 585 587 593 584 589 584 596 595 594 591 594 600 599 592 593 600 599 608 607 605 608 611 612 613 609 607 614 611 615 616 612 624 627 624 631 629 627 622 630 630 634 635 639 635 636 637 634 636 642 639 644 645 646 650 642 651 644 645 650 655 662 653 665 669 653 656 669 657 661 662 670 667 664 673 667 673 675 676 676 670 683 675 686 681 681 682 684 682 687 692 689 694 696 689 687 697 708 707 694 693 703 695 702 708 705 700 702 707 712 715 712 720 711 714 721 715 724 717 725 717 716 729 716 728 721 724 727 738 728 730 730 736 742 733 739 732 733 744 749 736 742 744 750 739 740 738 740 756 752 746 755 758 751 746 763 753 753 749 750 751 763 768 754 754 756 764 761 764 762 770 768 784 777 770 775 773 776 786 773 782 779 775 782 781 781 788 791 784 792 788 794 785 791 789 792 800 809 802 801 802 808 798 798 800 808 806 801 807 806 815 809 820 814 815 812 820 823 812 821 816 822 819 833 821 826 837 835 829 828 831 833 837 835 842 840 848 842 857 852 854 848 847 856 847 856 850 865 852 858 854 857 864 875 873 874 873 872 881 868 868 874 877 875 887 880 880 883 877 882 890 889 893 886 886 883 896 885 894 894 899 889 896 891 901 899 907 907 905 904 917 915 919 905 914 917 912 915 913 918 920 914 913 927 919 920 924 918 926 933 925 925 928 935 939 939 936 936 950 934 935 947 945 959 944 950 958 962 955 955 952 959 951 951 961 958 965 965 961 960 962 963 974 973 974 970 971 969 982 970 979 981 977 977 980 983 979 989 990 989 990 987 987 988 1003 999 995 995 1000 1001 1001 999 1010 1012 1014 1010 1020 1012 1020 1014 1023 1032 1029 1023 1034 1029 1035 1036 1037 1031 1038 1031 1046 1032 1039 1036 1040 1047 1045 1042 1037 1038 1047 1054 1041 1045 1040 1049 1050 1042 1050 1049 1055 1064 1056 1061 1061 1066 1067 1063 1063 1066 1071 1075 1076 1076 1070 1065 1075 1082 1071 1078 1085 1083 1081 1088 1096 1085 1091 1093 1104 1088 1091 1094 1093 1097 1102 1095 1095 1096 1099 1115 1110 1109 1118 1102 1120 1109 1126 1114 1116 1110 1111 1116 1126 1117 1117 1122 1124 1132 1122 1132 1124
0 : [] (0.0)
1 : [] (0.0)
2 : [] (0.0)
3 : [1, 2] (17.0)
4 : [] (0.0)
5 : [0, 4] (18.0)
6 : [5] (10.0)
7 : [] (0.0)
8 : [3] (10.0)
9 : [] (0.0)
10 : [] (0.0)
11 : [] (0.0)
12 : [] (0.0)
13 : [9] (10.0)
14 : [8, 12] (18.0)
15 : [] (0.0)
16 : [11] (10.0)
17 : [7, 13] (16.0)
18 : [6] (10.0)
19 : [] (0.0)
20 : [14] (10.0)
21 : [] (0.0)
22 : [] (0.0)
23 : [16] (10.0)
24 : [15, 22] (17.0)
25 : [10, 23] (17.0)
26 : [17, 26] (18.0)
27 : [18] (10.0)
28 : [] (0.0)
29 : [20, 25] (17.0)
30 : [24] (10.0)
31 : [] (0.0)
32 : [19] (10.0)
33 : [28] (10.0)
34 : [31, 35] (16.0)
35 : [] (0.0)
36 : [29] (10.0)
37 : [21, 36] (18.0)
38 : [33] (10.0)
39 : [30] (10.0)
40 : [] (0.0)
41 : [34, 38] (17.0)
42 : [] (0.0)
43 : [32, 41] (18.0)
44 : [] (0.0)
45 : [27, 44] (16.0)
46 : [37, 43] (17.0)
47 : [] (0.0)
48 : [] (0.0)
49 : [] (0.0)
50 : [39] (10.0)
51 : [] (0.0)
52 : [] (0.0)
53 : [40, 45] (18.0)
54 : [47] (10.0)
55 : [42] (10.0)
56 : [48, 52] (16.0)
57 : [46, 51] (19.0)
58 : [] (0.0)
59 : [] (0.0)
60 : [49] (10.0)
61 : [] (0.0)
62 : [57] (10.0)
63 : [55] (10.0)
64 : [] (0.0)
65 : [] (0.0)
66 : [50, 56] (17.0)
67 : [] (0.0)
68 : [59, 62] (17.0)
69 : [54] (10.0)
70 : [53, 64] (16.0)
71 : [63] (10.0)
72 : [] (0.0)
73 : [60] (10.0)
74 : [66] (10.0)
75 : [] (0.0)
76 : [] (0.0)
77 : [] (0.0)
78 : [58, 71] (17.0)
79 : [68] (10.0)
80 : [72, 74] (18.0)
81 : [65, 69] (17.0)
82 : [67] (10.0)
83 : [] (0.0)
84 : [] (0.0)
85 : [61] (10.0)
86 : [77] (10.0)
87 : [81] (10.0)
88 : [78, 80] (16.0)
89 : [83] (10.0)
90 : [73, 84] (16.0)
91 : [85] (10.0)
92 : [75, 76] (18.0)
93 : [70] (10.0)
94 : [] (0.0)
95 : [] (0.0)
96 : [] (0.0)
97 : [82, 86] (19.0)
98 : [87, 95] (18.0)
99 : [79] (10.0)
100 : [89] (10.0)
101 : [88] (10.0)
102 : [97] (10.0)
103 : [91, 94] (16.0)
104 : [90, 98] (17.0)
105 : [] (0.0)
106 : [93] (10.0)
107 : [92] (10.0)
108 : [96] (10.0)
109 : [] (0.0)
110 : [] (0.0)
111 : [] (0.0)
112 : [] (0.0)
113 : [103] (10.0)
114 : [] (0.0)
115 : [] (0.0)
116 : [104, 106] (16.0)
117 : [99, 102] (18.0)
118 : [100, 109] (19.0)
119 : [101, 105] (17.0)
120 : [] (0.0)
121 : [] (0.0)
122 : [] (0.0)
123 : [110] (10.0)
124 : [107] (10.0)
125 : [] (0.0)
126 : [108, 111] (17.0)
127 : [112] (10.0)
128 : [] (0.0)
129 : [] (0.0)
130 : [115, 117] (18.0)
131 : [] (0.0)
132 : [] (0.0)
133 : [] (0.0)
134 : [113, 114] (17.0)
135 : [] (0.0)
136 : [] (0.0)
137 : [119, 122] (18.0)
138 : [] (0.0)
139 : [] (0.0)
140 : [120, 124] (17.0)
141 : [116, 121] (18.0)
142 : [125, 126] (16.0)
143 : [123, 127] (19.0)
144 : [118] (10.0)
145 : [] (0.0)
146 : [] (0.0)
147 : [] (0.0)
148 : [129] (10.0)
149 : [] (0.0)
150 : [] (0.0)
151 : [] (0.0)
152 : [132, 133] (17.0)
153 : [128, 134] (16.0)
154 : [] (0.0)
155 : [] (0.0)
156 : [] (0.0)
157 : [130, 140] (17.0)
158 : [] (0.0)
159 : [] (0.0)
160 : [] (0.0)
161 : [135, 142] (17.0)
162 : [141, 144] (16.0)
163 : [136, 143] (18.0)
164 : [131, 147] (18.0)
165 : [137, 146] (16.0)
166 : [138, 150] (18.0)
167 : [] (0.0)
168 : [139] (10.0)
169 : [] (0.0)
170 : [] (0.0)
171 : [151] (10.0)
172 : [] (0.0)
173 : [145] (10.0)
174 : [] (0.0)
175 : [] (0.0)
176 : [148, 155] (17.0)
177 : [156] (10.0)
178 : [158] (10.0)
179 : [154, 160] (18.0)
180 : [153] (10.0)
181 : [152] (10.0)
182 : [] (0.0)
183 : [] (0.0)
184 : [157, 159] (17.0)
185 : [149] (10.0)
186 : [] (0.0)
187 : [] (0.0)
188 : [] (0.0)
189 : [163, 165] (17.0)
190 : [161, 162] (18.0)
191 : [169] (10.0)
192 : [171, 172] (16.0)
193 : [164] (10.0)
194 : [] (0.0)
195 : [166, 174] (18.0)
196 : [] (0.0)
197 : [168, 170] (17.0)
198 : [178] (10.0)
199 : [176] (10.0)
200 : [179, 184] (19.0)
201 : [180] (10.0)
202 : [173] (10.0)
203 : [177] (10.0)
204 : [175, 181] (17.0)
205 : [] (0.0)
206 : [167] (10.0)
207 : [185, 189] (17.0)
208 : [187] (10.0)
209 : [] (0.0)
210 : [183] (10.0)
211 : [] (0.0)
212 : [] (0.0)
213 : [190, 191] (16.0)
214 : [193] (10.0)
215 : [] (0.0)
216 : [192] (10.0)
217 : [188, 198] (17.0)
218 : [182, 195] (16.0)
219 : [] (0.0)
220 : [197] (10.0)
221 : [186, 196] (18.0)
222 : [] (0.0)
223 : [] (0.0)
224 : [203, 205] (16.0)
225 : [207] (10.0)
226 : [] (0.0)
227 : [201] (10.0)
228 : [200, 202] (17.0)
229 : [199] (10.0)
230 : [] (0.0)
231 : [] (0.0)
232 : [194] (10.0)
233 : [] (0.0)
234 : [] (0.0)
235 : [208] (10.0)
236 : [] (0.0)
237 : [206, 212] (17.0)
238 : [204, 210] (19.0)
239 : [209] (10.0)
240 : [215, 218] (17.0)
241 : [221, 222] (17.0)
242 : [213, 223] (17.0)
243 : [216] (10.0)
244 : [211] (10.0)
245 : [214, 217] (17.0)
246 : [] (0.0)
247 : [224, 226] (18.0)
248 : [227] (10.0)
249 : [219, 220] (19.0)
250 : [] (0.0)
251 : [225] (10.0)
252 : [] (0.0)
253 : [233] (10.0)
254 : [] (0.0)
255 : [] (0.0)
256 : [] (0.0)
257 : [228, 232] (18.0)
258 : [] (0.0)
259 : [236] (10.0)
260 : [229, 230] (17.0)
261 : [231, 234] (18.0)
262 : [239, 240] (16.0)
263 : [] (0.0)
264 : [238, 241] (16.0)
265 : [] (0.0)
266 : [235] (10.0)
267 : [] (0.0)
268 : [242, 246] (16.0)
269 : [] (0.0)
270 : [237] (10.0)
271 : [244] (10.0)
272 : [] (0.0)
273 : [247] (10.0)
274 : [] (0.0)
275 : [243] (10.0)
276 : [248, 252] (17.0)
277 : [249, 250] (17.0)
278 : [253] (10.0)
279 : [] (0.0)
280 : [245, 255] (17.0)
281 : [] (0.0)
282 : [254] (10.0)
283 : [] (0.0)
284 : [251, 256] (19.0)
285 : [] (0.0)
286 : [258] (10.0)
287 : [] (0.0)
288 : [] (0.0)
289 : [261, 264] (16.0)
290 : [262, 265] (18.0)
291 : [] (0.0)
292 : [257, 266] (16.0)
293 : [] (0.0)
294 : [] (0.0)
295 : [260, 263] (17.0)
296 : [259, 268] (19.0)
297 : [] (0.0)
298 : [] (0.0)
299 : [] (0.0)
300 : [269] (10.0)
301 : [271] (10.0)
302 : [267] (10.0)
303 : [] (0.0)
304 : [] (0.0)
305 : [275] (10.0)
306 : [270] (10.0)
307 : [] (0.0)
308 : [] (0.0)
309 : [] (0.0)
310 : [276] (10.0)
311 : [272, 273] (16.0)
312 : [] (0.0)
313 : [278, 283] (18.0)
314 : [284] (10.0)
315 : [274, 277] (17.0)
316 : [] (0.0)
317 : [] (0.0)
318 : [] (0.0)
319 : [280, 282] (18.0)
320 : [] (0.0)
321 : [285] (10.0)
322 : [] (0.0)
323 : [] (0.0)
324 : [286, 290] (17.0)
325 : [281] (10.0)
326 : [] (0.0)
327 : [279] (10.0)
328 : [] (0.0)
329 : [294, 295] (18.0)
330 : [] (0.0)
331 : [289, 293] (16.0)
332 : [287] (10.0)
333 : [291] (10.0)
334 : [288, 297] (18.0)
335 : [] (0.0)
336 : [298] (10.0)
337 : [300] (10.0)
338 : [299, 301] (17.0)
339 : [304] (10.0)
340 : [292, 296] (16.0)
341 : [] (0.0)
342 : [310] (10.0)
343 : [303, 308] (17.0)
344 : [] (0.0)
345 : [] (0.0)
346 : [313] (10.0)
347 : [] (0.0)
348 : [307] (10.0)
349 : [306, 314] (17.0)
350 : [309, 315] (17.0)
351 : [305, 317] (17.0)
352 : [302, 312] (17.0)
353 : [321] (10.0)
354 : [] (0.0)
355 : [311] (10.0)
356 : [] (0.0)
357 : [] (0.0)
358 : [322] (10.0)
359 : [316, 318] (16.0)
360 : [327, 329] (17.0)
361 : [323, 326] (17.0)
362 : [] (0.0)
363 : [] (0.0)
364 : [319, 328] (16.0)
365 : [] (0.0)
366 : [320, 324] (17.0)
367 : [330] (10.0)
368 : [325, 333] (17.0)
369 : [334, 336] (19.0)
370 : [] (0.0)
371 : [331] (10.0)
372 : [] (0.0)
373 : [] (0.0)
374 : [] (0.0)
375 : [332] (10.0)
376 : [338, 339] (17.0)
377 : [] (0.0)
378 : [] (0.0)
379 : [] (0.0)
380 : [337, 344] (18.0)
381 : [340] (10.0)
382 : [335] (10.0)
383 : [346] (10.0)
384 : [] (0.0)
385 : [] (0.0)
386 : [] (0.0)
387 : [] (0.0)
388 : [341, 343] (18.0)
389 : [] (0.0)
390 : [351] (10.0)
391 : [355, 356] (17.0)
392 : [345] (10.0)
393 : [350, 354] (16.0)
394 : [348, 357] (18.0)
395 : [342, 358] (16.0)
396 : [] (0.0)
397 : [347, 349] (18.0)
398 : [] (0.0)
399 : [] (0.0)
400 : [] (0.0)
401 : [] (0.0)
402 : [352, 353] (16.0)
403 : [363, 364] (17.0)
404 : [365] (10.0)
405 : [359, 361] (17.0)
406 : [] (0.0)
407 : [] (0.0)
408 : [362] (10.0)
409 : [366, 369] (17.0)
410 : [360] (10.0)
411 : [] (0.0)
412 : [] (0.0)
413 : [] (0.0)
414 : [] (0.0)
415 : [367, 370] (17.0)
416 : [374] (10.0)
417 : [] (0.0)
418 : [] (0.0)
419 : [372] (10.0)
420 : [368, 377] (16.0)
421 : [376] (10.0)
422 : [371, 380] (18.0)
423 : [378] (10.0)
424 : [] (0.0)
425 : [381, 383] (16.0)
426 : [385] (10.0)
427 : [373] (10.0)
428 : [] (0.0)
429 : [379, 384] (16.0)
430 : [389] (10.0)
431 : [375] (10.0)
432 : [] (0.0)
433 : [391] (10.0)
434 : [382] (10.0)
435 : [] (0.0)
436 : [390, 394] (18.0)
437 : [395, 396] (16.0)
438 : [386, 393] (16.0)
439 : [387, 398] (17.0)
440 : [400] (10.0)
441 : [] (0.0)
442 : [] (0.0)
443 : [392] (10.0)
444 : [388, 401] (16.0)
445 : [] (0.0)
446 : [] (0.0)
447 : [] (0.0)
448 : [399] (10.0)
449 : [397] (10.0)
450 : [402] (10.0)
451 : [403, 404] (17.0)
452 : [405, 408] (17.0)
453 : [] (0.0)
454 : [410, 412] (16.0)
455 : [409, 414] (16.0)
456 : [406, 413] (18.0)
457 : [] (0.0)
458 : [] (0.0)
459 : [] (0.0)
460 : [] (0.0)
461 : [] (0.0)
462 : [415, 417] (18.0)
463 : [407, 411] (19.0)
464 : [418] (10.0)
465 : [] (0.0)
466 : [] (0.0)
467 : [422, 423] (17.0)
468 : [] (0.0)
469 : [416, 425] (16.0)
470 : [421] (10.0)
471 : [424] (10.0)
472 : [420, 428] (18.0)
473 : [] (0.0)
474 : [] (0.0)
475 : [419, 430] (16.0)
476 : [] (0.0)
477 : [] (0.0)
478 : [] (0.0)
479 : [] (0.0)
480 : [429, 434] (19.0)
481 : [] (0.0)
482 : [427, 432] (18.0)
483 : [] (0.0)
484 : [431, 433] (16.0)
485 : [426] (10.0)
486 : [] (0.0)
487 : [] (0.0)
488 : [] (0.0)
489 : [] (0.0)
490 : [436, 439] (16.0)
491 : [437, 442] (18.0)
492 : [438, 441] (17.0)
493 : [435, 444] (19.0)
494 : [] (0.0)
495 : [] (0.0)
496 : [443, 445] (17.0)
497 : [440, 446] (18.0)
498 : [] (0.0)
499 : [447, 448] (18.0)
500 : [] (0.0)
501 : [] (0.0)
502 : [] (0.0)
503 : [] (0.0)
504 : [] (0.0)
505 : [] (0.0)
506 : [] (0.0)
507 : [] (0.0)
508 : [] (0.0)
509 : [] (0.0)
510 : [450, 453] (17.0)
511 : [] (0.0)
512 : [452, 461] (18.0)
513 : [] (0.0)
514 : [449, 458] (19.0)
515 : [] (0.0)
516 : [] (0.0)
517 : [459, 463] (17.0)
518 : [454, 455] (17.0)
519 : [460] (10.0)
520 : [451, 469] (16.0)
521 : [457] (10.0)
522 : [456, 470] (18.0)
523 : [] (0.0)
524 : [462, 465] (18.0)
525 : [466, 467] (17.0)
526 : [] (0.0)
527 : [] (0.0)
528 : [] (0.0)
529 : [] (0.0)
530 : [464, 474] (16.0)
531 : [] (0.0)
532 : [476] (10.0)
533 : [] (0.0)
534 : [] (0.0)
535 : [468, 471] (17.0)
536 : [473] (10.0)
537 : [475, 484] (18.0)
538 : [472, 478] (18.0)
539 : [479] (10.0)
540 : [] (0.0)
541 : [480, 486] (16.0)
542 : [] (0.0)
543 : [] (0.0)
544 : [482, 489] (16.0)
545 : [483, 485] (17.0)
546 : [] (0.0)
547 : [481, 488] (18.0)
548 : [477] (10.0)
549 : [] (0.0)
550 : [492] (10.0)
551 : [498, 500] (17.0)
552 : [490] (10.0)
553 : [] (0.0)
554 : [495, 496] (18.0)
555 : [] (0.0)
556 : [487, 497] (18.0)
557 : [491] (10.0)
558 : [503] (10.0)
559 : [494] (10.0)
560 : [493, 505] (16.0)
561 : [] (0.0)
562 : [499, 504] (18.0)
563 : [] (0.0)
564 : [508, 510] (17.0)
565 : [] (0.0)
566 : [502, 512] (16.0)
567 : [] (0.0)
568 : [501, 516] (18.0)
569 : [515, 517] (18.0)
570 : [506] (10.0)
571 : [] (0.0)
572 : [507] (10.0)
573 : [511] (10.0)
574 : [] (0.0)
575 : [518, 524] (18.0)
576 : [519] (10.0)
577 : [513, 514] (17.0)
578 : [] (0.0)
579 : [521, 526] (18.0)
580 : [509, 520] (16.0)
581 : [522] (10.0)
582 : [523, 525] (18.0)
583 : [] (0.0)
584 : [531, 533] (16.0)
585 : [527, 528] (18.0)
586 : [] (0.0)
587 : [529] (10.0)
588 : [] (0.0)
589 : [532] (10.0)
590 : [] (0.0)
591 : [537] (10.0)
592 : [541] (10.0)
593 : [530, 542] (17.0)
594 : [536, 538] (18.0)
595 : [535] (10.0)
596 : [534] (10.0)
597 : [] (0.0)
598 : [] (0.0)
599 : [540, 544] (16.0)
600 : [539, 543] (19.0)
601 : [] (0.0)
602 : [] (0.0)
603 : [] (0.0)
604 : [] (0.0)
605 : [547] (10.0)
606 : [] (0.0)
607 : [546, 553] (16.0)
608 : [545, 548] (16.0)
609 : [552] (10.0)
610 : [] (0.0)
611 : [549, 555] (17.0)
612 : [550, 558] (16.0)
613 : [551] (10.0)
614 : [554] (10.0)
615 : [556] (10.0)
616 : [557] (10.0)
617 : [] (0.0)
618 : [] (0.0)
619 : [] (0.0)
620 : [] (0.0)
621 : [] (0.0)
622 : [565] (10.0)
623 : [] (0.0)
624 : [559, 561] (17.0)
625 : [] (0.0)
626 : [] (0.0)
627 : [560, 564] (17.0)
628 : [] (0.0)
629 : [563] (10.0)
630 : [566, 567] (18.0)
631 : [562] (10.0)
632 : [] (0.0)
633 : [] (0.0)
634 : [568, 574] (16.0)
635 : [569, 571] (18.0)
636 : [572, 575] (16.0)
637 : [573] (10.0)
638 : [] (0.0)
639 : [570, 577] (19.0)
640 : [] (0.0)
641 : [] (0.0)
642 : [576, 582] (17.0)
643 : [] (0.0)
644 : [578, 584] (18.0)
645 : [579, 585] (18.0)
646 : [580] (10.0)
647 : [] (0.0)
648 : [] (0.0)
649 : [] (0.0)
650 : [581, 586] (17.0)
651 : [583] (10.0)
652 : [] (0.0)
653 : [589, 592] (18.0)
654 : [] (0.0)
655 : [587] (10.0)
656 : [593] (10.0)
657 : [595] (10.0)
658 : [] (0.0)
659 : [] (0.0)
660 : [] (0.0)
661 : [596] (10.0)
662 : [588, 597] (17.0)
663 : [] (0.0)
664 : [600] (10.0)
665 : [590] (10.0)
666 : [] (0.0)
667 : [599, 602] (17.0)
668 : [] (0.0)
669 : [591, 594] (18.0)
670 : [598, 607] (16.0)
671 : [] (0.0)
672 : [] (0.0)
673 : [601, 603] (16.0)
674 : [] (0.0)
675 : [604, 609] (16.0)
676 : [605, 606] (19.0)
677 : [] (0.0)
678 : [] (0.0)
679 : [] (0.0)
680 : [] (0.0)
681 : [611, 612] (18.0)
682 : [613, 615] (19.0)
683 : [608] (10.0)
684 : [614] (10.0)
685 : [] (0.0)
686 : [610] (10.0)
687 : [616, 622] (17.0)
688 : [] (0.0)
689 : [618, 621] (18.0)
690 : [] (0.0)
691 : [] (0.0)
692 : [617] (10.0)
693 : [627] (10.0)
694 : [619, 626] (17.0)
695 : [629] (10.0)
696 : [620] (10.0)
697 : [623] (10.0)
698 : [] (0.0)
699 : [] (0.0)
700 : [633] (10.0)
701 : [] (0.0)
702 : [630, 634] (19.0)
703 : [628] (10.0)
704 : [] (0.0)
705 : [632] (10.0)
706 : [] (0.0)
707 : [625, 635] (18.0)
708 : [624, 631] (17.0)
709 : [] (0.0)
710 : [] (0.0)
711 : [640] (10.0)
712 : [636, 638] (16.0)
713 : [] (0.0)
714 : [641] (10.0)
715 : [637, 643] (16.0)
716 : [648, 650] (18.0)
717 : [645, 647] (17.0)
718 : [] (0.0)
719 : [] (0.0)
720 : [639] (10.0)
721 : [642, 652] (18.0)
722 : [] (0.0)
723 : [] (0.0)
724 : [644, 653] (16.0)
725 : [646] (10.0)
726 : [] (0.0)
727 : [654] (10.0)
728 : [651, 656] (17.0)
729 : [649] (10.0)
730 : [657, 658] (16.0)
731 : [] (0.0)
732 : [663] (10.0)
733 : [661, 664] (17.0)
734 : [] (0.0)
735 : [] (0.0)
736 : [659, 667] (19.0)
737 : [] (0.0)
738 : [655, 673] (18.0)
739 : [662, 671] (16.0)
740 : [672, 674] (18.0)
741 : [] (0.0)
742 : [660, 668] (17.0)
743 : [] (0.0)
744 : [665, 669] (16.0)
745 : [] (0.0)
746 : [677, 681] (17.0)
747 : [] (0.0)
748 : [] (0.0)
749 : [666, 685] (16.0)
750 : [670, 686] (17.0)
751 : [680, 687] (16.0)
752 : [676] (10.0)
753 : [683, 684] (18.0)
754 : [690, 691] (17.0)
755 : [678] (10.0)
756 : [675, 692] (18.0)
757 : [] (0.0)
758 : [679] (10.0)
759 : [] (0.0)
760 : [] (0.0)
761 : [694] (10.0)
762 : [696] (10.0)
763 : [682, 688] (16.0)
764 : [693, 695] (18.0)
765 : [] (0.0)
766 : [] (0.0)
767 : [] (0.0)
768 : [689, 698] (17.0)
769 : [] (0.0)
770 : [697, 701] (18.0)
771 : [] (0.0)
772 : [] (0.0)
773 : [703, 706] (16.0)
774 : [] (0.0)
775 : [702, 709] (18.0)
776 : [704] (10.0)
777 : [700] (10.0)
778 : [] (0.0)
779 : [708] (10.0)
780 : [] (0.0)
781 : [711, 712] (18.0)
782 : [707, 710] (18.0)
783 : [] (0.0)
784 : [699, 715] (19.0)
785 : [719] (10.0)
786 : [705] (10.0)
787 : [] (0.0)
788 : [713, 717] (17.0)
789 : [721] (10.0)
790 : [] (0.0)
791 : [714, 720] (17.0)
792 : [716, 722] (16.0)
793 : [] (0.0)
794 : [718] (10.0)
795 : [] (0.0)
796 : [] (0.0)
797 : [] (0.0)
798 : [729, 730] (18.0)
799 : [] (0.0)
800 : [723, 731] (17.0)
801 : [726, 734] (18.0)
802 : [725, 727] (16.0)
803 : [] (0.0)
804 : [] (0.0)
805 : [] (0.0)
806 : [733, 736] (19.0)
807 : [735] (10.0)
808 : [728, 732] (16.0)
809 : [724, 738] (16.0)
810 : [] (0.0)
811 : [] (0.0)
812 : [742, 745] (17.0)
813 : [] (0.0)
814 : [740] (10.0)
815 : [737, 741] (18.0)
816 : [747] (10.0)
817 : [] (0.0)
818 : [] (0.0)
819 : [749] (10.0)
820 : [739, 743] (17.0)
821 : [746, 751] (16.0)
822 : [748] (10.0)
823 : [744] (10.0)
824 : [] (0.0)
825 : [] (0.0)
826 : [752] (10.0)
827 : [] (0.0)
828 : [756] (10.0)
829 : [755] (10.0)
830 : [] (0.0)
831 : [757] (10.0)
832 : [] (0.0)
833 : [750, 758] (16.0)
834 : [] (0.0)
835 : [754, 760] (16.0)
836 : [] (0.0)
837 : [753, 759] (18.0)
838 : [] (0.0)
839 : [] (0.0)
840 : [762] (10.0)
841 : [] (0.0)
842 : [761, 764] (17.0)
843 : [] (0.0)
844 : [] (0.0)
845 : [] (0.0)
846 : [] (0.0)
847 : [769, 771] (19.0)
848 : [763, 768] (17.0)
849 : [] (0.0)
850 : [773] (10.0)
851 : [] (0.0)
852 : [766, 775] (17.0)
853 : [] (0.0)
854 : [767, 777] (17.0)
855 : [] (0.0)
856 : [770, 772] (18.0)
857 : [765, 778] (18.0)
858 : [776] (10.0)
859 : [] (0.0)
860 : [] (0.0)
861 : [] (0.0)
862 : [] (0.0)
863 : [] (0.0)
864 : [779] (10.0)
865 : [774] (10.0)
866 : [] (0.0)
867 : [] (0.0)
868 : [786, 787] (18.0)
869 : [] (0.0)
870 : [] (0.0)
871 : [] (0.0)
872 : [784] (10.0)
873 : [781, 783] (16.0)
874 : [782, 788] (19.0)
875 : [780, 790] (17.0)
876 : [] (0.0)
877 : [789, 795] (17.0)
878 : [] (0.0)
879 : [] (0.0)
880 : [792, 793] (16.0)
881 : [785] (10.0)
882 : [796] (10.0)
883 : [794, 802] (16.0)
884 : [] (0.0)
885 : [804] (10.0)
886 : [800, 801] (18.0)
887 : [791] (10.0)
888 : [] (0.0)
889 : [798, 808] (19.0)
890 : [797] (10.0)
891 : [810] (10.0)
892 : [] (0.0)
893 : [799] (10.0)
894 : [805, 806] (17.0)
895 : [] (0.0)
896 : [803, 809] (18.0)
897 : [] (0.0)
898 : [] (0.0)
899 : [807, 812] (16.0)
900 : [] (0.0)
901 : [811] (10.0)
902 : [] (0.0)
903 : [] (0.0)
904 : [816] (10.0)
905 : [815, 820] (16.0)
906 : [] (0.0)
907 : [813, 814] (17.0)
908 : [] (0.0)
909 : [] (0.0)
910 : [] (0.0)
911 : [] (0.0)
912 : [823] (10.0)
913 : [825, 829] (16.0)
914 : [821, 828] (16.0)
915 : [818, 824] (18.0)
916 : [] (0.0)
917 : [817, 822] (19.0)
918 : [826, 834] (17.0)
919 : [819, 831] (16.0)
920 : [827, 832] (18.0)
921 : [] (0.0)
922 : [] (0.0)
923 : [] (0.0)
924 : [833] (10.0)
925 : [837, 838] (16.0)
926 : [835] (10.0)
927 : [830] (10.0)
928 : [839] (10.0)
929 : [] (0.0)
930 : [] (0.0)
931 : [] (0.0)
932 : [] (0.0)
933 : [836] (10.0)
934 : [846] (10.0)
935 : [840, 847] (18.0)
936 : [843, 844] (17.0)
937 : [] (0.0)
938 : [] (0.0)
939 : [841, 842] (16.0)
940 : [] (0.0)
941 : [] (0.0)
942 : [] (0.0)
943 : [] (0.0)
944 : [851] (10.0)
945 : [849] (10.0)
946 : [] (0.0)
947 : [848] (10.0)
948 : [] (0.0)
949 : [] (0.0)
950 : [845, 852] (17.0)
951 : [859, 860] (16.0)
952 : [857] (10.0)
953 : [] (0.0)
954 : [] (0.0)
955 : [855, 856] (17.0)
956 : [] (0.0)
957 : [] (0.0)
958 : [853, 862] (17.0)
959 : [850, 858] (18.0)
960 : [866] (10.0)
961 : [861, 865] (18.0)
962 : [854, 867] (18.0)
963 : [868] (10.0)
964 : [] (0.0)
965 : [863, 864] (17.0)
966 : [] (0.0)
967 : [] (0.0)
968 : [] (0.0)
969 : [874] (10.0)
970 : [872, 876] (17.0)
971 : [873] (10.0)
972 : [] (0.0)
973 : [870] (10.0)
974 : [869, 871] (17.0)
975 : [] (0.0)
976 : [] (0.0)
977 : [879, 880] (19.0)
978 : [] (0.0)
979 : [877, 883] (18.0)
980 : [881] (10.0)
981 : [878] (10.0)
982 : [875] (10.0)
983 : [882] (10.0)
984 : [] (0.0)
985 : [] (0.0)
986 : [] (0.0)
987 : [888, 889] (16.0)
988 : [890] (10.0)
989 : [884, 886] (18.0)
990 : [885, 887] (18.0)
991 : [] (0.0)
992 : [] (0.0)
993 : [] (0.0)
994 : [] (0.0)
995 : [893, 894] (18.0)
996 : [] (0.0)
997 : [] (0.0)
998 : [] (0.0)
999 : [892, 898] (16.0)
1000 : [895] (10.0)
1001 : [896, 897] (16.0)
1002 : [] (0.0)
1003 : [891] (10.0)
1004 : [] (0.0)
1005 : [] (0.0)
1006 : [] (0.0)
1007 : [] (0.0)
1008 : [] (0.0)
1009 : [] (0.0)
1010 : [899, 902] (19.0)
1011 : [] (0.0)
1012 : [900, 904] (17.0)
1013 : [] (0.0)
1014 : [901, 906] (18.0)
1015 : [] (0.0)
1016 : [] (0.0)
1017 : [] (0.0)
1018 : [] (0.0)
1019 : [] (0.0)
1020 : [903, 905] (17.0)
1021 : [] (0.0)
1022 : [] (0.0)
1023 : [907, 910] (19.0)
1024 : [] (0.0)
1025 : [] (0.0)
1026 : [] (0.0)
1027 : [] (0.0)
1028 : [] (0.0)
1029 : [909, 912] (17.0)
1030 : [] (0.0)
1031 : [916, 918] (18.0)
1032 : [908, 920] (18.0)
1033 : [] (0.0)
1034 : [911] (10.0)
1035 : [913] (10.0)
1036 : [914, 922] (17.0)
1037 : [915, 927] (16.0)
1038 : [917, 928] (16.0)
1039 : [921] (10.0)
1040 : [923, 933] (16.0)
1041 : [931] (10.0)
1042 : [926, 936] (16.0)
1043 : [] (0.0)
1044 : [] (0.0)
1045 : [925, 932] (18.0)
1046 : [919] (10.0)
1047 : [924, 929] (17.0)
1048 : [] (0.0)
1049 : [934, 938] (16.0)
1050 : [935, 937] (17.0)
1051 : [] (0.0)
1052 : [] (0.0)
1053 : [] (0.0)
1054 : [930] (10.0)
1055 : [939] (10.0)
1056 : [941] (10.0)
1057 : [] (0.0)
1058 : [] (0.0)
1059 : [] (0.0)
1060 : [] (0.0)
1061 : [942, 943] (17.0)
1062 : [] (0.0)
1063 : [946, 947] (16.0)
1064 : [940] (10.0)
1065 : [954] (10.0)
1066 : [944, 948] (18.0)
1067 : [945] (10.0)
1068 : [] (0.0)
1069 : [] (0.0)
1070 : [953] (10.0)
1071 : [949, 957] (17.0)
1072 : [] (0.0)
1073 : [] (0.0)
1074 : [] (0.0)
1075 : [950, 955] (17.0)
1076 : [951, 952] (18.0)
1077 : [] (0.0)
1078 : [958] (10.0)
1079 : [] (0.0)
1080 : [] (0.0)
1081 : [961] (10.0)
1082 : [956] (10.0)
1083 : [960] (10.0)
1084 : [] (0.0)
1085 : [959, 964] (17.0)
1086 : [] (0.0)
1087 : [] (0.0)
1088 : [962, 968] (18.0)
1089 : [] (0.0)
1090 : [] (0.0)
1091 : [965, 969] (17.0)
1092 : [] (0.0)
1093 : [966, 971] (19.0)
1094 : [970] (10.0)
1095 : [974, 975] (16.0)
1096 : [963, 976] (18.0)
1097 : [972] (10.0)
1098 : [] (0.0)
1099 : [977] (10.0)
1100 : [] (0.0)
1101 : [] (0.0)
1102 : [973, 982] (17.0)
1103 : [] (0.0)
1104 : [967] (10.0)
1105 : [] (0.0)
1106 : [] (0.0)
1107 : [] (0.0)
1108 : [] (0.0)
1109 : [980, 984] (16.0)
1110 : [979, 988] (18.0)
1111 : [989] (10.0)
1112 : [] (0.0)
1113 : [] (0.0)
1114 : [986] (10.0)
1115 : [978] (10.0)
1116 : [987, 990] (17.0)
1117 : [992, 993] (17.0)
1118 : [981] (10.0)
1119 : [] (0.0)
1120 : [983] (10.0)
1121 : [] (0.0)
1122 : [994, 997] (18.0)
1123 : [] (0.0)
1124 : [995, 999] (17.0)
1125 : [] (0.0)
1126 : [985, 991] (17.0)
1127 : [] (0.0)
1128 : [] (0.0)
1129 : [] (0.0)
1130 : [] (0.0)
1131 : [] (0.0)
1132 : [996, 998] (19.0)
1133 : [] (0.0)
1134 : [] (0.0)
1135 : [] (0.0)
1136 : [] (0.0)
1137 : [] (0.0)
1138 : [] (0.0)
1139 : [] (0.0)
1140 : [] (0.0)
1141 : [] (0.0)
