Name: 500-10-50
Time: 98.98238015174866 
Result: 9
Solution:  11 9 7 10 8 10 17 9 11 15 27 23 18 30 24 21 18 27 24 22 23 30 25 39 44 25 33 42 37 37 46 38 43 41 39 48 42 50 52 50 58 48 66 58 71 67 62 60 60 68 62 64 64 69 71 68 83 82 82 79 84 81 80 79 85 95 84 96 89 98 91 100 98 96 104 95 107 94 109 103 112 103 110 100 116 114 115 108 111 109 108 114 111 124 110 118 113 115 120 116 130 119 127 125 125 133 121 136 138 130 143 137 137 139 133 136 147 143 145 147 151 144 144 154 152 159 152 161 158 167 158 171 165 164 159 164 170 172 169 169 167 165 168 179 170 168 171 172 180 176 175 179 180 184 190 187 182 184 195 204 196 194 197 201 202 195 196 204 201 199 202 203 206 211 207 210 212 222 211 205 214 216 213 214 223 217 222 226 228 229 226 236 233 224 231 244 230 234 240 240 239 234 249 236 242 239 243 245 245 248 246 242 255 248 254 257 251 256 257 256 273 258 259 264 263 272 271 267 272 284 269 269 275 271 287 280 288 280 283 294 289 289 286 287 301 299 294 299 295 305 302 305 301 302 312 318 303 304 310 314 307 316 307 314 310 313 327 312 316 327 320 321 320 325 334 324 333 324 329 334 345 329 330 333 336 339 331 340 340 343 337 344 344 343 337 352 352 351 351 353 357 360 353 346 362 368 359 364 359 362 355 363 368 370 361 363 379 374 372 375 372 378 370 373 378 373 374 387 380 379 396 391 390 390 396 389 389 391 394 400 394 402 407 409 404 400 410 407 411 416 406 408 420 408 416 425 420 417 424 417 431 426 425 433 430 427 431 426 442 434 450 435 447 445 441 445 440 442 452 457 447 458 452 456 454 466 459 460 454 468 463 464 477 461 467 463 468 471 471 483 482 473 486 495 478 477 482 485 498 494 501 484 492 500 488 488 492 494 504 496 499 509 498 503 506 511 512 507 507 511 503 509 506 514 512 516 529 522 516 519 519 522 525 521 521 527 530 529 531 525 533 526 539 531 530 535 543 533 534 543 549 546 541 539 541 551 546 555 547 556 550 560 563 566 563 562 555 565 559 558 566 556 569 559 564 562 571 565 569 582 570 575 578 574 575 577 571 574 578 577
0 : [] (0.0)
1 : [] (0.0)
2 : [] (0.0)
3 : [] (0.0)
4 : [] (0.0)
5 : [] (0.0)
6 : [] (0.0)
7 : [2] (10.0)
8 : [4] (10.0)
9 : [1, 7] (18.0)
10 : [3, 5] (16.0)
11 : [0, 8] (17.0)
12 : [] (0.0)
13 : [] (0.0)
14 : [] (0.0)
15 : [9] (10.0)
16 : [] (0.0)
17 : [6] (10.0)
18 : [12, 16] (16.0)
19 : [] (0.0)
20 : [] (0.0)
21 : [15] (10.0)
22 : [19] (10.0)
23 : [11, 20] (17.0)
24 : [14, 18] (16.0)
25 : [22, 25] (18.0)
26 : [] (0.0)
27 : [10, 17] (18.0)
28 : [] (0.0)
29 : [] (0.0)
30 : [13, 21] (17.0)
31 : [] (0.0)
32 : [] (0.0)
33 : [26] (10.0)
34 : [] (0.0)
35 : [] (0.0)
36 : [] (0.0)
37 : [28, 29] (18.0)
38 : [31] (10.0)
39 : [23, 34] (19.0)
40 : [] (0.0)
41 : [33] (10.0)
42 : [27, 36] (16.0)
43 : [32] (10.0)
44 : [24] (10.0)
45 : [] (0.0)
46 : [30] (10.0)
47 : [] (0.0)
48 : [35, 41] (17.0)
49 : [] (0.0)
50 : [37, 39] (16.0)
51 : [] (0.0)
52 : [38] (10.0)
53 : [] (0.0)
54 : [] (0.0)
55 : [] (0.0)
56 : [] (0.0)
57 : [] (0.0)
58 : [40, 43] (16.0)
59 : [] (0.0)
60 : [47, 48] (17.0)
61 : [] (0.0)
62 : [46, 50] (18.0)
63 : [] (0.0)
64 : [51, 52] (19.0)
65 : [] (0.0)
66 : [42] (10.0)
67 : [45] (10.0)
68 : [49, 55] (16.0)
69 : [53] (10.0)
70 : [] (0.0)
71 : [44, 54] (18.0)
72 : [] (0.0)
73 : [] (0.0)
74 : [] (0.0)
75 : [] (0.0)
76 : [] (0.0)
77 : [] (0.0)
78 : [] (0.0)
79 : [59, 63] (17.0)
80 : [62] (10.0)
81 : [61] (10.0)
82 : [57, 58] (17.0)
83 : [56] (10.0)
84 : [60, 66] (18.0)
85 : [64] (10.0)
86 : [] (0.0)
87 : [] (0.0)
88 : [] (0.0)
89 : [68] (10.0)
90 : [] (0.0)
91 : [70] (10.0)
92 : [] (0.0)
93 : [] (0.0)
94 : [77] (10.0)
95 : [65, 75] (18.0)
96 : [67, 73] (18.0)
97 : [] (0.0)
98 : [69, 72] (18.0)
99 : [] (0.0)
100 : [71, 83] (18.0)
101 : [] (0.0)
102 : [] (0.0)
103 : [79, 81] (18.0)
104 : [74] (10.0)
105 : [] (0.0)
106 : [] (0.0)
107 : [76] (10.0)
108 : [87, 90] (18.0)
109 : [78, 89] (16.0)
110 : [82, 94] (16.0)
111 : [88, 92] (17.0)
112 : [80] (10.0)
113 : [96] (10.0)
114 : [85, 91] (17.0)
115 : [86, 97] (16.0)
116 : [84, 99] (18.0)
117 : [] (0.0)
118 : [95] (10.0)
119 : [101] (10.0)
120 : [98] (10.0)
121 : [106] (10.0)
122 : [] (0.0)
123 : [] (0.0)
124 : [93] (10.0)
125 : [103, 104] (16.0)
126 : [] (0.0)
127 : [102] (10.0)
128 : [] (0.0)
129 : [] (0.0)
130 : [100, 109] (17.0)
131 : [] (0.0)
132 : [] (0.0)
133 : [105, 114] (18.0)
134 : [] (0.0)
135 : [] (0.0)
136 : [107, 115] (16.0)
137 : [111, 112] (18.0)
138 : [108] (10.0)
139 : [113] (10.0)
140 : [] (0.0)
141 : [] (0.0)
142 : [] (0.0)
143 : [110, 117] (19.0)
144 : [121, 122] (17.0)
145 : [118] (10.0)
146 : [] (0.0)
147 : [116, 119] (16.0)
148 : [] (0.0)
149 : [] (0.0)
150 : [] (0.0)
151 : [120] (10.0)
152 : [124, 126] (17.0)
153 : [] (0.0)
154 : [123] (10.0)
155 : [] (0.0)
156 : [] (0.0)
157 : [] (0.0)
158 : [128, 130] (18.0)
159 : [125, 134] (18.0)
160 : [] (0.0)
161 : [127] (10.0)
162 : [] (0.0)
163 : [] (0.0)
164 : [133, 135] (17.0)
165 : [132, 141] (16.0)
166 : [] (0.0)
167 : [129, 140] (17.0)
168 : [142, 145] (16.0)
169 : [138, 139] (18.0)
170 : [136, 144] (18.0)
171 : [131, 146] (16.0)
172 : [137, 147] (19.0)
173 : [] (0.0)
174 : [] (0.0)
175 : [150] (10.0)
176 : [149] (10.0)
177 : [] (0.0)
178 : [] (0.0)
179 : [143, 151] (16.0)
180 : [148, 152] (19.0)
181 : [] (0.0)
182 : [156] (10.0)
183 : [] (0.0)
184 : [153, 157] (18.0)
185 : [] (0.0)
186 : [] (0.0)
187 : [155] (10.0)
188 : [] (0.0)
189 : [] (0.0)
190 : [154] (10.0)
191 : [] (0.0)
192 : [] (0.0)
193 : [] (0.0)
194 : [161] (10.0)
195 : [158, 165] (16.0)
196 : [160, 166] (18.0)
197 : [162] (10.0)
198 : [] (0.0)
199 : [169] (10.0)
200 : [] (0.0)
201 : [163, 168] (16.0)
202 : [164, 170] (18.0)
203 : [171] (10.0)
204 : [159, 167] (16.0)
205 : [179] (10.0)
206 : [172] (10.0)
207 : [174] (10.0)
208 : [] (0.0)
209 : [] (0.0)
210 : [175] (10.0)
211 : [173, 178] (17.0)
212 : [176] (10.0)
213 : [182] (10.0)
214 : [180, 183] (19.0)
215 : [] (0.0)
216 : [181] (10.0)
217 : [185] (10.0)
218 : [] (0.0)
219 : [] (0.0)
220 : [] (0.0)
221 : [] (0.0)
222 : [177, 186] (18.0)
223 : [184] (10.0)
224 : [193] (10.0)
225 : [] (0.0)
226 : [187, 190] (18.0)
227 : [] (0.0)
228 : [188] (10.0)
229 : [189] (10.0)
230 : [196] (10.0)
231 : [194] (10.0)
232 : [] (0.0)
233 : [192] (10.0)
234 : [197, 201] (18.0)
235 : [] (0.0)
236 : [191, 203] (18.0)
237 : [] (0.0)
238 : [] (0.0)
239 : [200, 205] (16.0)
240 : [198, 199] (17.0)
241 : [] (0.0)
242 : [204, 211] (18.0)
243 : [206] (10.0)
244 : [195] (10.0)
245 : [207, 208] (18.0)
246 : [210] (10.0)
247 : [] (0.0)
248 : [209, 213] (18.0)
249 : [202] (10.0)
250 : [] (0.0)
251 : [216] (10.0)
252 : [] (0.0)
253 : [] (0.0)
254 : [214] (10.0)
255 : [212] (10.0)
256 : [217, 219] (16.0)
257 : [215, 218] (16.0)
258 : [221] (10.0)
259 : [222] (10.0)
260 : [] (0.0)
261 : [] (0.0)
262 : [] (0.0)
263 : [224] (10.0)
264 : [223] (10.0)
265 : [] (0.0)
266 : [] (0.0)
267 : [227] (10.0)
268 : [] (0.0)
269 : [230, 231] (16.0)
270 : [] (0.0)
271 : [226, 233] (18.0)
272 : [225, 228] (19.0)
273 : [220] (10.0)
274 : [] (0.0)
275 : [232] (10.0)
276 : [] (0.0)
277 : [] (0.0)
278 : [] (0.0)
279 : [] (0.0)
280 : [235, 237] (17.0)
281 : [] (0.0)
282 : [] (0.0)
283 : [238] (10.0)
284 : [229] (10.0)
285 : [] (0.0)
286 : [242] (10.0)
287 : [234, 243] (17.0)
288 : [236] (10.0)
289 : [240, 241] (18.0)
290 : [] (0.0)
291 : [] (0.0)
292 : [] (0.0)
293 : [] (0.0)
294 : [239, 246] (17.0)
295 : [248] (10.0)
296 : [] (0.0)
297 : [] (0.0)
298 : [] (0.0)
299 : [245, 247] (18.0)
300 : [] (0.0)
301 : [244, 252] (17.0)
302 : [250, 253] (17.0)
303 : [256] (10.0)
304 : [257] (10.0)
305 : [249, 251] (17.0)
306 : [] (0.0)
307 : [260, 262] (17.0)
308 : [] (0.0)
309 : [] (0.0)
310 : [258, 264] (18.0)
311 : [] (0.0)
312 : [254, 267] (19.0)
313 : [265] (10.0)
314 : [259, 263] (16.0)
315 : [] (0.0)
316 : [261, 268] (18.0)
317 : [] (0.0)
318 : [255] (10.0)
319 : [] (0.0)
320 : [270, 272] (17.0)
321 : [271] (10.0)
322 : [] (0.0)
323 : [] (0.0)
324 : [275, 277] (17.0)
325 : [273] (10.0)
326 : [] (0.0)
327 : [266, 269] (17.0)
328 : [] (0.0)
329 : [278, 281] (16.0)
330 : [282] (10.0)
331 : [286] (10.0)
332 : [] (0.0)
333 : [276, 283] (17.0)
334 : [274, 279] (16.0)
335 : [] (0.0)
336 : [284] (10.0)
337 : [290, 294] (18.0)
338 : [] (0.0)
339 : [285] (10.0)
340 : [287, 288] (18.0)
341 : [] (0.0)
342 : [] (0.0)
343 : [289, 293] (18.0)
344 : [291, 292] (17.0)
345 : [280] (10.0)
346 : [303] (10.0)
347 : [] (0.0)
348 : [] (0.0)
349 : [] (0.0)
350 : [] (0.0)
351 : [297, 298] (18.0)
352 : [295, 296] (17.0)
353 : [299, 302] (17.0)
354 : [] (0.0)
355 : [310] (10.0)
356 : [] (0.0)
357 : [300] (10.0)
358 : [] (0.0)
359 : [306, 308] (16.0)
360 : [301] (10.0)
361 : [314] (10.0)
362 : [304, 309] (17.0)
363 : [311, 315] (18.0)
364 : [307] (10.0)
365 : [] (0.0)
366 : [] (0.0)
367 : [] (0.0)
368 : [305, 312] (18.0)
369 : [] (0.0)
370 : [313, 322] (18.0)
371 : [] (0.0)
372 : [318, 320] (18.0)
373 : [323, 325] (16.0)
374 : [317, 326] (19.0)
375 : [319] (10.0)
376 : [] (0.0)
377 : [] (0.0)
378 : [321, 324] (17.0)
379 : [316, 329] (18.0)
380 : [328] (10.0)
381 : [] (0.0)
382 : [] (0.0)
383 : [] (0.0)
384 : [] (0.0)
385 : [] (0.0)
386 : [] (0.0)
387 : [327] (10.0)
388 : [] (0.0)
389 : [335, 336] (16.0)
390 : [332, 333] (19.0)
391 : [331, 337] (16.0)
392 : [] (0.0)
393 : [] (0.0)
394 : [338, 340] (18.0)
395 : [] (0.0)
396 : [330, 334] (18.0)
397 : [] (0.0)
398 : [] (0.0)
399 : [] (0.0)
400 : [339, 345] (18.0)
401 : [] (0.0)
402 : [341] (10.0)
403 : [] (0.0)
404 : [344] (10.0)
405 : [] (0.0)
406 : [350] (10.0)
407 : [342, 347] (18.0)
408 : [351, 353] (16.0)
409 : [343] (10.0)
410 : [346] (10.0)
411 : [348] (10.0)
412 : [] (0.0)
413 : [] (0.0)
414 : [] (0.0)
415 : [] (0.0)
416 : [349, 354] (18.0)
417 : [357, 359] (18.0)
418 : [] (0.0)
419 : [] (0.0)
420 : [352, 356] (16.0)
421 : [] (0.0)
422 : [] (0.0)
423 : [] (0.0)
424 : [358] (10.0)
425 : [355, 362] (18.0)
426 : [361, 367] (17.0)
427 : [365] (10.0)
428 : [] (0.0)
429 : [] (0.0)
430 : [364] (10.0)
431 : [360, 366] (18.0)
432 : [] (0.0)
433 : [363] (10.0)
434 : [369] (10.0)
435 : [371] (10.0)
436 : [] (0.0)
437 : [] (0.0)
438 : [] (0.0)
439 : [] (0.0)
440 : [376] (10.0)
441 : [374] (10.0)
442 : [368, 377] (17.0)
443 : [] (0.0)
444 : [] (0.0)
445 : [373, 375] (19.0)
446 : [] (0.0)
447 : [372, 380] (16.0)
448 : [] (0.0)
449 : [] (0.0)
450 : [370] (10.0)
451 : [] (0.0)
452 : [378, 382] (17.0)
453 : [] (0.0)
454 : [384, 388] (16.0)
455 : [] (0.0)
456 : [383] (10.0)
457 : [379] (10.0)
458 : [381] (10.0)
459 : [386] (10.0)
460 : [387] (10.0)
461 : [393] (10.0)
462 : [] (0.0)
463 : [390, 395] (18.0)
464 : [391] (10.0)
465 : [] (0.0)
466 : [385] (10.0)
467 : [394] (10.0)
468 : [389, 396] (18.0)
469 : [] (0.0)
470 : [] (0.0)
471 : [397, 398] (18.0)
472 : [] (0.0)
473 : [401] (10.0)
474 : [] (0.0)
475 : [] (0.0)
476 : [] (0.0)
477 : [392, 405] (18.0)
478 : [404] (10.0)
479 : [] (0.0)
480 : [] (0.0)
481 : [] (0.0)
482 : [400, 406] (16.0)
483 : [399] (10.0)
484 : [411] (10.0)
485 : [407] (10.0)
486 : [402] (10.0)
487 : [] (0.0)
488 : [414, 415] (17.0)
489 : [] (0.0)
490 : [] (0.0)
491 : [] (0.0)
492 : [412, 416] (17.0)
493 : [] (0.0)
494 : [409, 417] (18.0)
495 : [403] (10.0)
496 : [419] (10.0)
497 : [] (0.0)
498 : [408, 422] (17.0)
499 : [420] (10.0)
500 : [413] (10.0)
501 : [410] (10.0)
502 : [] (0.0)
503 : [423, 430] (19.0)
504 : [418] (10.0)
505 : [] (0.0)
506 : [424, 432] (16.0)
507 : [427, 428] (16.0)
508 : [] (0.0)
509 : [421, 431] (18.0)
510 : [] (0.0)
511 : [425, 429] (16.0)
512 : [426, 434] (17.0)
513 : [] (0.0)
514 : [433] (10.0)
515 : [] (0.0)
516 : [435, 438] (19.0)
517 : [] (0.0)
518 : [] (0.0)
519 : [439, 440] (17.0)
520 : [] (0.0)
521 : [443, 444] (19.0)
522 : [437, 441] (17.0)
523 : [] (0.0)
524 : [] (0.0)
525 : [442, 449] (17.0)
526 : [451] (10.0)
527 : [445] (10.0)
528 : [] (0.0)
529 : [436, 447] (17.0)
530 : [446, 454] (16.0)
531 : [448, 453] (19.0)
532 : [] (0.0)
533 : [450, 457] (18.0)
534 : [458] (10.0)
535 : [455] (10.0)
536 : [] (0.0)
537 : [] (0.0)
538 : [] (0.0)
539 : [452, 463] (16.0)
540 : [] (0.0)
541 : [462, 464] (16.0)
542 : [] (0.0)
543 : [456, 459] (18.0)
544 : [] (0.0)
545 : [] (0.0)
546 : [461, 466] (18.0)
547 : [468] (10.0)
548 : [] (0.0)
549 : [460] (10.0)
550 : [470] (10.0)
551 : [465] (10.0)
552 : [] (0.0)
553 : [] (0.0)
554 : [] (0.0)
555 : [467, 476] (19.0)
556 : [469, 481] (16.0)
557 : [] (0.0)
558 : [479] (10.0)
559 : [478, 483] (17.0)
560 : [471] (10.0)
561 : [] (0.0)
562 : [475, 485] (17.0)
563 : [472, 474] (17.0)
564 : [484] (10.0)
565 : [477, 487] (16.0)
566 : [473, 480] (18.0)
567 : [] (0.0)
568 : [] (0.0)
569 : [482, 488] (19.0)
570 : [490] (10.0)
571 : [486, 496] (18.0)
572 : [] (0.0)
573 : [] (0.0)
574 : [493, 497] (16.0)
575 : [491, 494] (18.0)
576 : [] (0.0)
577 : [495, 499] (17.0)
578 : [492, 498] (17.0)
579 : [] (0.0)
580 : [] (0.0)
581 : [] (0.0)
582 : [489] (10.0)
583 : [] (0.0)
584 : [] (0.0)
585 : [] (0.0)
586 : [] (0.0)
587 : [] (0.0)
588 : [] (0.0)
