Name: 40-10-15
Time: 2.4294276237487793 
Result: 5
Solution:  5 1 2 7 0 7 8 1 2 0 4 13 3 11 9 0 9 14 7 3 10 12 4 5 8 13 13 15 12 17 14 16 17 16 18 15 11 10 18 18
0 : [4, 9, 15] (13.0)
1 : [1, 7] (15.0)
2 : [2, 8] (13.0)
3 : [12, 19] (11.0)
4 : [10, 22] (13.0)
5 : [0, 23] (11.0)
6 : [] (0.0)
7 : [3, 5, 18] (13.0)
8 : [6, 24] (11.0)
9 : [14, 16] (12.0)
10 : [20, 37] (14.0)
11 : [13, 36] (12.0)
12 : [21, 28] (13.0)
13 : [11, 25, 26] (12.0)
14 : [17, 30] (14.0)
15 : [27, 35] (16.0)
16 : [31, 33] (15.0)
17 : [29, 32] (14.0)
18 : [34, 38, 39] (11.0)
