Name: 50-20-30
Time: 1.7036590576171875 
Result: 5
Solution:  0 0 0 1 2 0 1 0 1 1 5 3 1 3 3 1 4 6 4 2 6 2 6 4 6 7 6 6 7 9 7 5 10 6 6 8 9 5 8 11 10 9 7 11 6 8 9 11 9 11
0 : [0, 1, 2, 5, 7] (23.0)
1 : [3, 6, 8, 9, 12, 15] (24.0)
2 : [4, 19, 21] (25.0)
3 : [11, 13, 14] (24.0)
4 : [16, 18, 23] (25.0)
5 : [10, 31, 37] (24.0)
6 : [17, 20, 22, 24, 26, 27, 33, 34, 44] (24.0)
7 : [25, 28, 30, 42] (28.0)
8 : [35, 38, 45] (27.0)
9 : [29, 36, 41, 46, 48] (27.0)
10 : [32, 40] (28.0)
11 : [39, 43, 47, 49] (24.0)
