Name: 100-40-75
Time: 9.065922498703003 
Result: 29
Solution:  6 3 2 0 5 0 2 8 3 1 7 1 1 9 5 6 9 13 7 7 10 5 12 10 10 19 8 13 14 11 18 17 10 11 18 16 17 15 18 23 25 16 12 21 28 22 26 21 20 14 20 15 21 26 29 19 29 20 24 22 25 27 18 21 31 26 23 24 25 24 32 39 27 26 31 35 31 28 38 32 28 38 38 36 35 33 30 37 30 34 33 33 31 34 31 39 36 37 39 36
0 : [3, 5] (47.0)
1 : [9, 11, 12] (42.0)
2 : [2, 6] (51.0)
3 : [1, 8] (45.0)
4 : [] (0.0)
5 : [4, 14, 21] (51.0)
6 : [0, 15] (51.0)
7 : [10, 18, 19] (66.0)
8 : [7, 26] (45.0)
9 : [13, 16] (51.0)
10 : [20, 23, 24, 32] (49.0)
11 : [29, 33] (64.0)
12 : [22, 42] (46.0)
13 : [17, 27] (54.0)
14 : [28, 49] (50.0)
15 : [37, 51] (71.0)
16 : [35, 41] (50.0)
17 : [31, 36] (47.0)
18 : [30, 34, 38, 62] (46.0)
19 : [25, 55] (61.0)
20 : [48, 50, 57] (51.0)
21 : [43, 47, 52, 63] (64.0)
22 : [45, 59] (65.0)
23 : [39, 66] (70.0)
24 : [58, 67, 69] (70.0)
25 : [40, 60, 68] (69.0)
26 : [46, 53, 65, 73] (66.0)
27 : [61, 72] (61.0)
28 : [44, 77, 80] (60.0)
29 : [54, 56] (45.0)
30 : [86, 88] (52.0)
31 : [64, 74, 76, 92, 94] (71.0)
32 : [70, 79] (68.0)
33 : [85, 90, 91] (68.0)
34 : [89, 93] (59.0)
35 : [75, 84] (64.0)
36 : [83, 96, 99] (70.0)
37 : [87, 97] (71.0)
38 : [78, 81, 82] (60.0)
39 : [71, 95, 98] (60.0)
