Name: 1000-60-125
Time: 103.6943883895874 
Result: 94
Solution:  1 0 0 6 0 4 10 5 0 8 11 7 4 9 6 8 1 4 7 8 5 16 13 9 11 10 13 15 21 20 19 19 11 18 18 17 18 15 16 25 20 21 17 25 28 22 20 23 22 29 25 24 24 26 26 28 22 24 34 33 26 32 29 23 27 29 31 34 32 30 27 38 30 35 33 30 37 30 31 30 38 37 36 38 42 36 33 34 42 38 29 33 38 41 43 38 35 41 38 43 40 38 40 38 47 39 43 44 45 50 51 45 41 44 39 49 47 46 44 43 41 46 49 48 46 49 55 57 48 50 52 45 50 52 60 50 51 56 52 58 58 59 56 56 53 54 58 48 53 50 49 55 63 54 61 59 60 56 58 68 58 63 61 61 56 64 67 63 68 64 63 69 65 63 65 57 68 73 71 63 72 68 65 63 69 70 71 76 66 72 72 70 77 66 75 73 67 76 74 77 70 80 74 75 78 74 73 83 77 79 75 76 84 84 85 76 82 75 78 86 85 79 79 87 81 89 85 82 78 81 81 84 80 93 82 87 81 91 93 82 88 83 84 86 95 91 89 88 88 87 97 88 94 92 88 89 90 97 91 91 96 96 95 100 94 92 89 97 90 98 96 97 103 102 100 101 106 103 100 99 99 98 101 101 100 102 103 98 105 104 111 110 110 105 105 107 103 103 114 104 108 107 111 108 108 109 114 111 110 110 112 105 105 111 113 113 104 109 106 113 119 115 112 118 116 124 115 109 117 125 116 119 117 116 119 116 125 112 129 118 118 122 122 123 124 121 120 124 126 131 125 117 123 124 121 126 124 127 126 126 119 125 132 127 128 125 131 130 130 133 132 133 129 135 131 131 130 128 129 130 136 131 140 135 138 132 135 133 134 144 131 139 138 137 144 137 137 143 140 138 143 137 144 141 140 148 142 148 140 141 140 144 146 151 148 153 137 142 142 147 145 146 150 148 150 152 151 150 145 147 157 154 152 153 155 153 154 150 149 158 162 154 149 152 162 163 154 156 156 156 155 162 153 159 158 164 155 159 164 165 158 170 161 160 166 160 169 160 163 157 166 168 163 169 161 159 164 168 171 166 165 167 174 164 166 173 169 174 172 175 169 174 173 171 172 167 174 167 170 176 175 174 173 177 171 175 168 175 176 179 177 183 181 178 187 182 178 180 178 180 183 179 179 188 184 185 188 183 185 184 184 182 186 181 181 186 189 187 192 187 182 189 192 188 191 185 188 190 195 192 182 186 196 190 194 191 187 199 194 199 196 195 198 197 193 193 199 190 202 200 195 192 198 198 199 201 194 202 194 197 202 201 205 210 200 204 205 197 200 201 204 207 203 200 207 205 206 206 205 203 204 207 209 208 210 209 211 208 210 205 212 212 209 209 206 216 215 217 212 213 207 214 214 210 213 216 215 213 211 217 218 218 221 222 220 216 222 220 224 219 220 225 222 221 222 223 227 227 220 224 220 226 226 233 225 231 224 223 224 226 229 226 228 229 225 227 234 231 232 228 236 230 237 231 230 232 232 233 233 227 234 234 235 231 241 242 235 230 232 236 244 239 237 238 239 238 239 245 231 245 237 234 235 238 243 243 244 244 242 237 238 244 240 247 240 254 245 247 246 247 255 242 248 250 249 250 241 248 251 251 257 252 246 247 259 253 250 260 249 252 255 248 261 248 256 254 251 255 257 263 256 259 260 260 258 261 253 264 261 254 260 267 258 258 270 262 261 261 262 268 263 268 265 264 265 270 267 269 269 262 271 272 266 266 272 262 271 272 271 268 274 264 277 274 270 275 272 276 266 275 274 280 278 274 278 273 275 283 285 274 277 273 277 273 279 276 276 281 273 277 280 287 278 282 284 282 279 282 288 284 280 285 279 281 289 288 278 280 287 286 283 286 286 288 293 289 290 295 290 289 293 287 292 294 300 297 294 294 291 298 292 292 295 298 290 296 289 300 295 299 299 304 297 291 298 296 305 299 302 300 304 296 297 307 303 298 303 298 297 301 308 301 305 305 302 307 303 301 312 300 304 310 310 307 313 310 308 306 309 304 316 314 308 314 306 312 309 313 314 311 309 316 315 311 315 316 321 324 322 320 320 317 318 319 318 317 315 312 327 323 317 313 321 321 330 322 323 320 317 324 326 331 319 328 320 324 324 321 327 331 334 328 329 325 329 323 325 331 322 326 333 330 332 337 328 334 334 329 333 330 340 331 335 332 335 338 331 336 337 336 338 338 332 332 339 339 339 340 337 335
0 : [1, 2, 4, 8] (79.0)
1 : [0, 16] (92.0)
2 : [] (0.0)
3 : [] (0.0)
4 : [5, 12, 17] (69.0)
5 : [7, 20] (63.0)
6 : [3, 14] (92.0)
7 : [11, 18] (111.0)
8 : [9, 15, 19] (62.0)
9 : [13, 23] (60.0)
10 : [6, 25] (66.0)
11 : [10, 24, 32] (75.0)
12 : [] (0.0)
13 : [22, 26] (71.0)
14 : [] (0.0)
15 : [27, 37] (69.0)
16 : [21, 38] (78.0)
17 : [35, 42] (72.0)
18 : [33, 34, 36] (66.0)
19 : [30, 31] (64.0)
20 : [29, 40, 46] (59.0)
21 : [28, 41] (81.0)
22 : [45, 48, 56] (60.0)
23 : [47, 63] (66.0)
24 : [51, 52, 57] (61.0)
25 : [39, 43, 50] (78.0)
26 : [53, 54, 60] (84.0)
27 : [64, 70] (64.0)
28 : [44, 55] (72.0)
29 : [49, 62, 65, 90] (75.0)
30 : [69, 72, 75, 77, 79] (60.0)
31 : [66, 78] (61.0)
32 : [61, 68] (61.0)
33 : [59, 74, 86, 91] (63.0)
34 : [58, 67, 87] (62.0)
35 : [73, 96] (106.0)
36 : [82, 85] (68.0)
37 : [76, 81] (61.0)
38 : [71, 80, 83, 89, 92, 95, 98, 101, 103] (62.0)
39 : [105, 114] (67.0)
40 : [100, 102] (66.0)
41 : [93, 97, 112, 120] (64.0)
42 : [84, 88] (64.0)
43 : [94, 99, 106, 119] (62.0)
44 : [107, 113, 118] (100.0)
45 : [108, 111, 131] (65.0)
46 : [117, 121, 124] (65.0)
47 : [104, 116] (63.0)
48 : [123, 128, 147] (61.0)
49 : [115, 122, 125, 150] (71.0)
50 : [109, 129, 132, 135, 149] (60.0)
51 : [110, 136] (82.0)
52 : [130, 133, 138] (62.0)
53 : [144, 148] (70.0)
54 : [145, 153] (65.0)
55 : [126, 151] (93.0)
56 : [137, 142, 143, 157, 164] (81.0)
57 : [127, 175] (71.0)
58 : [139, 140, 146, 158, 160] (91.0)
59 : [141, 155] (66.0)
60 : [134, 156] (62.0)
61 : [154, 162, 163] (73.0)
62 : [] (0.0)
63 : [152, 161, 167, 170, 173, 179, 183] (63.0)
64 : [165, 169] (62.0)
65 : [172, 174, 182] (99.0)
66 : [188, 193] (65.0)
67 : [166, 196] (74.0)
68 : [159, 168, 176, 181] (68.0)
69 : [171, 184] (78.0)
70 : [185, 191, 200] (66.0)
71 : [178, 186] (62.0)
72 : [180, 189, 190] (62.0)
73 : [177, 195, 206] (63.0)
74 : [198, 202, 205] (81.0)
75 : [194, 203, 210, 217] (72.0)
76 : [187, 197, 211, 215] (82.0)
77 : [192, 199, 208] (60.0)
78 : [204, 218, 228] (69.0)
79 : [209, 221, 222] (73.0)
80 : [201, 232] (99.0)
81 : [224, 229, 230, 236] (83.0)
82 : [216, 227, 234, 239] (70.0)
83 : [207, 241] (64.0)
84 : [212, 213, 231, 242] (105.0)
85 : [214, 220, 226] (85.0)
86 : [219, 243] (81.0)
87 : [223, 235, 249] (63.0)
88 : [240, 247, 248, 251, 254] (72.0)
89 : [225, 246, 255, 266] (101.0)
90 : [256, 268] (74.0)
91 : [237, 245, 258, 259] (78.0)
92 : [253, 265] (77.0)
93 : [233, 238] (78.0)
94 : [252, 264] (63.0)
95 : [244, 262] (74.0)
96 : [260, 261, 270] (66.0)
97 : [250, 257, 267, 271] (97.0)
98 : [269, 281, 287] (88.0)
99 : [279, 280] (79.0)
100 : [263, 274, 278, 284] (72.0)
101 : [275, 282, 283] (65.0)
102 : [273, 285] (86.0)
103 : [272, 277, 286, 296, 297] (84.0)
104 : [289, 299, 316] (92.0)
105 : [288, 293, 294, 311, 312] (99.0)
106 : [276, 318] (73.0)
107 : [295, 301] (92.0)
108 : [300, 303, 304] (81.0)
109 : [305, 317, 327] (103.0)
110 : [291, 292, 308, 309] (81.0)
111 : [290, 302, 307, 313] (125.0)
112 : [310, 322, 337] (76.0)
113 : [314, 315, 319] (73.0)
114 : [298, 306] (71.0)
115 : [321, 326] (79.0)
116 : [324, 330, 333, 335] (112.0)
117 : [328, 332, 351] (101.0)
118 : [323, 339, 340] (106.0)
119 : [320, 331, 334, 360] (121.0)
120 : [346] (62.0)
121 : [345, 354] (76.0)
122 : [341, 342] (70.0)
123 : [343, 352] (65.0)
124 : [325, 344, 347, 353, 356] (88.0)
125 : [329, 336, 350, 361, 365] (84.0)
126 : [348, 355, 358, 359] (78.0)
127 : [357, 363] (85.0)
128 : [364, 377] (77.0)
129 : [338, 372, 378] (87.0)
130 : [367, 368, 376, 379] (84.0)
131 : [349, 366, 374, 375, 381, 390] (84.0)
132 : [362, 370, 385] (106.0)
133 : [369, 371, 387] (99.0)
134 : [388] (65.0)
135 : [373, 383, 386] (63.0)
136 : [380] (62.0)
137 : [393, 395, 396, 401, 416] (65.0)
138 : [384, 392, 399] (94.0)
139 : [391] (64.0)
140 : [382, 398, 404, 408, 410] (112.0)
141 : [403, 409] (108.0)
142 : [406, 417, 418] (115.0)
143 : [397, 400] (92.0)
144 : [389, 394, 402, 411] (123.0)
145 : [420, 428] (63.0)
146 : [412, 421] (88.0)
147 : [419, 429] (64.0)
148 : [405, 407, 414, 423] (85.0)
149 : [438, 442] (70.0)
150 : [422, 424, 427, 437] (107.0)
151 : [413, 426] (92.0)
152 : [425, 432, 443] (68.0)
153 : [415, 433, 435, 452] (98.0)
154 : [431, 436, 441, 446] (94.0)
155 : [434, 450, 456] (123.0)
156 : [447, 448, 449] (95.0)
157 : [430, 469] (104.0)
158 : [439, 454, 460] (99.0)
159 : [453, 457, 475] (112.0)
160 : [463, 465, 467] (117.0)
161 : [462, 474] (106.0)
162 : [440, 444, 451] (78.0)
163 : [445, 468, 472] (81.0)
164 : [455, 458, 476, 483] (94.0)
165 : [459, 480] (72.0)
166 : [464, 470, 479, 484] (101.0)
167 : [481, 495, 497] (86.0)
168 : [471, 477, 506] (74.0)
169 : [466, 473, 486, 490] (75.0)
170 : [461, 498] (65.0)
171 : [478, 493, 504] (106.0)
172 : [488, 494] (67.0)
173 : [485, 492, 502] (74.0)
174 : [482, 487, 491, 496, 501] (88.0)
175 : [489, 500, 505, 507] (119.0)
176 : [499, 508] (77.0)
177 : [503, 510] (75.0)
178 : [513, 516, 518] (122.0)
179 : [509, 521, 522] (73.0)
180 : [517, 519] (86.0)
181 : [512, 533, 534] (65.0)
182 : [515, 531, 540, 550] (76.0)
183 : [511, 520, 527] (92.0)
184 : [524, 529, 530] (86.0)
185 : [525, 528, 545] (84.0)
186 : [532, 535, 551] (121.0)
187 : [514, 537, 539, 556] (88.0)
188 : [523, 526, 543, 546] (108.0)
189 : [536, 541] (82.0)
190 : [547, 553, 567] (93.0)
191 : [544, 555] (107.0)
192 : [538, 542, 549, 571] (122.0)
193 : [564, 565] (110.0)
194 : [554, 558, 576, 578] (122.0)
195 : [548, 561, 570] (124.0)
196 : [552, 560] (79.0)
197 : [563, 579, 587] (112.0)
198 : [562, 572, 573] (120.0)
199 : [557, 559, 566, 574] (74.0)
200 : [569, 584, 588, 593] (88.0)
201 : [575, 581, 589] (94.0)
202 : [568, 577, 580] (109.0)
203 : [592, 599] (87.0)
204 : [585, 590, 600] (125.0)
205 : [582, 586, 595, 598, 609] (111.0)
206 : [596, 597, 614] (119.0)
207 : [591, 594, 601, 620] (110.0)
208 : [603, 607] (60.0)
209 : [602, 605, 612, 613] (123.0)
210 : [583, 604, 608, 623] (125.0)
211 : [606, 628] (90.0)
212 : [610, 611, 618] (79.0)
213 : [619, 624, 627] (95.0)
214 : [621, 622] (101.0)
215 : [616, 626] (69.0)
216 : [615, 625, 635] (105.0)
217 : [617, 629] (84.0)
218 : [630, 631] (82.0)
219 : [639] (74.0)
220 : [634, 637, 640, 648, 650] (122.0)
221 : [632, 643] (101.0)
222 : [633, 636, 642, 644] (120.0)
223 : [645, 657] (80.0)
224 : [638, 649, 656, 658] (96.0)
225 : [641, 654, 664] (114.0)
226 : [651, 652, 659, 661] (124.0)
227 : [646, 647, 665, 679] (115.0)
228 : [662, 669] (82.0)
229 : [660, 663] (103.0)
230 : [671, 674, 687] (106.0)
231 : [655, 667, 673, 683, 698] (123.0)
232 : [668, 675, 676, 688] (118.0)
233 : [653, 677, 678] (109.0)
234 : [666, 680, 681, 701] (124.0)
235 : [682, 686, 702] (115.0)
236 : [670, 689] (89.0)
237 : [672, 692, 700, 709] (120.0)
238 : [693, 695, 703, 710] (124.0)
239 : [691, 694, 696] (123.0)
240 : [712, 714] (97.0)
241 : [684, 726] (89.0)
242 : [685, 708, 721] (115.0)
243 : [704, 705] (83.0)
244 : [690, 706, 707, 711] (123.0)
245 : [697, 699, 716] (117.0)
246 : [718, 732] (87.0)
247 : [713, 717, 719, 733] (125.0)
248 : [722, 727, 741, 743] (105.0)
249 : [724, 738] (102.0)
250 : [723, 725, 736] (121.0)
251 : [728, 729, 746] (116.0)
252 : [731, 739] (88.0)
253 : [735, 756] (88.0)
254 : [715, 745, 759] (110.0)
255 : [720, 740, 747] (93.0)
256 : [744, 750] (91.0)
257 : [730, 748] (79.0)
258 : [754, 762, 763] (103.0)
259 : [734, 751] (100.0)
260 : [737, 752, 753, 760] (80.0)
261 : [742, 755, 758, 766, 767] (105.0)
262 : [765, 768, 779, 785] (118.0)
263 : [749, 770] (83.0)
264 : [757, 773, 791] (89.0)
265 : [772, 774] (107.0)
266 : [782, 783, 798] (124.0)
267 : [761, 776] (108.0)
268 : [769, 771, 789] (124.0)
269 : [777, 778] (88.0)
270 : [764, 775, 794] (123.0)
271 : [780, 786, 788] (122.0)
272 : [781, 784, 787, 796] (123.0)
273 : [805, 811, 813, 818] (124.0)
274 : [790, 793, 800, 803, 809] (125.0)
275 : [795, 799, 806] (125.0)
276 : [797, 815, 816] (115.0)
277 : [792, 810, 812, 819] (99.0)
278 : [802, 804, 822, 836] (124.0)
279 : [814, 826, 832] (120.0)
280 : [801, 820, 830, 837] (123.0)
281 : [817, 833] (120.0)
282 : [823, 825, 827] (117.0)
283 : [807, 840] (121.0)
284 : [824, 829] (89.0)
285 : [808, 831] (117.0)
286 : [839, 841, 842] (123.0)
287 : [821, 838, 851] (122.0)
288 : [828, 835, 843] (125.0)
289 : [834, 845, 849, 866] (125.0)
290 : [846, 848, 864] (120.0)
291 : [858, 873] (121.0)
292 : [852, 860, 861] (124.0)
293 : [844, 850] (125.0)
294 : [853, 856, 857] (133.0)
295 : [847, 862, 868] (122.0)
296 : [865, 875, 881] (123.0)
297 : [855, 872, 882, 888] (107.0)
298 : [859, 863, 874, 885, 887] (121.0)
299 : [869, 870, 877] (123.0)
300 : [854, 867, 879, 899] (120.0)
301 : [889, 891, 897] (116.0)
302 : [878, 894] (120.0)
303 : [884, 886, 896] (114.0)
304 : [871, 880, 900, 909] (122.0)
305 : [876, 892, 893] (119.0)
306 : [907, 914] (113.0)
307 : [883, 895, 903] (124.0)
308 : [890, 906, 912] (120.0)
309 : [908, 916, 920] (120.0)
310 : [901, 902, 905] (122.0)
311 : [919, 923] (123.0)
312 : [898, 915, 937] (119.0)
313 : [904, 917, 941] (119.0)
314 : [911, 913, 918] (113.0)
315 : [922, 924, 936] (124.0)
316 : [910, 921, 925] (125.0)
317 : [931, 935, 940, 948] (128.0)
318 : [932, 934] (136.0)
319 : [933, 952] (124.0)
320 : [929, 930, 947, 954] (123.0)
321 : [926, 942, 943, 957] (125.0)
322 : [928, 945, 968] (94.0)
323 : [939, 946, 965] (118.0)
324 : [927, 949, 955, 956] (125.0)
325 : [963, 966] (125.0)
326 : [950, 969] (125.0)
327 : [938, 958] (115.0)
328 : [953, 961, 974] (129.0)
329 : [962, 964, 977] (114.0)
330 : [944, 971, 979] (114.0)
331 : [951, 959, 967, 981, 986] (122.0)
332 : [972, 983, 992, 993] (123.0)
333 : [970, 978] (111.0)
334 : [960, 975, 976] (124.0)
335 : [982, 984, 999] (124.0)
336 : [987, 989] (119.0)
337 : [973, 988, 998] (126.0)
338 : [985, 990, 991] (109.0)
339 : [994, 995, 996] (125.0)
340 : [980, 997] (153.0)
