Name: 1000-40-75
Time: 105.70739030838013 
Result: 49
Solution:  0 0 1 1 3 7 4 5 12 4 6 6 2 2 7 3 5 13 9 8 10 11 8 15 4 11 11 9 10 14 15 12 19 23 16 23 14 14 17 17 20 19 13 16 22 26 18 20 25 18 20 26 25 21 21 32 26 27 29 22 29 25 38 27 35 32 34 34 38 26 37 35 33 37 32 40 39 37 36 36 44 40 45 43 45 33 43 40 39 46 48 44 41 46 46 41 54 49 53 48 47 53 54 51 52 52 54 49 57 52 48 56 47 58 57 64 62 51 59 66 55 64 56 64 65 55 66 70 59 62 58 62 66 74 71 64 65 67 67 64 73 76 78 70 70 69 69 78 79 79 77 83 74 73 77 75 86 83 82 77 87 76 82 81 87 75 81 79 84 88 90 86 89 85 91 88 92 84 88 85 93 88 94 87 93 96 91 95 96 89 86 95 97 97 95 100 100 98 100 97 94 92 104 100 99 104 103 103 101 99 106 107 99 110 114 109 111 106 109 101 106 112 112 113 110 116 115 114 114 111 115 121 114 113 112 122 118 117 119 116 117 121 120 118 123 124 119 124 126 131 122 125 121 134 129 120 124 127 133 129 127 125 134 131 136 134 141 134 142 135 135 126 139 143 137 140 133 135 147 139 144 143 140 145 138 140 139 147 141 144 140 142 149 146 148 140 152 146 150 153 153 149 149 152 146 151 150 159 155 155 157 156 160 156 160 151 161 163 164 157 154 155 167 159 163 163 164 161 156 158 165 165 168 166 174 162 170 168 173 170 164 169 171 172 168 167 169 174 175 181 174 177 180 180 175 176 176 173 171 179 181 178 183 179 189 179 186 183 177 184 188 181 190 185 189 182 190 187 192 193 191 191 189 190 187 193 186 194 194 201 195 196 196 198 200 199 198 203 195 200 193 203 200 204 206 201 196 202 205 197 197 212 207 201 207 212 208 211 208 209 215 209 213 218 215 205 209 210 214 214 211 210 222 217 222 219 218 219 226 221 216 213 216 222 222 221 223 223 224 227 225 227 228 221 220 226 227 232 229 229 236 230 231 231 235 234 230 232 234 227 233 235 241 239 233 236 240 244 238 238 237 242 239 238 243 243 242 244 250 240 245 240 249 246 248 253 247 247 252 250 246 257 249 253 247 252 253 256 255 249 254 255 251 252 264 258 259 257 260 258 257 266 258 262 265 261 260 261 258 263 262 265 267 267 269 266 270 273 276 274 272 268 268 271 264 273 270 272 268 269 276 276 275 275 270 278 282 277 280 279 277 278 283 280 281 281 282 279 287 284 279 288 284 291 286 292 288 290 289 289 294 290 292 285 294 299 285 292 295 287 295 293 291 298 295 297 300 296 299 300 303 306 301 305 301 301 298 300 301 308 305 304 296 296 303 302 304 302 302 309 306 313 307 309 303 316 306 308 302 305 307 304 316 312 310 313 311 315 317 313 311 319 311 317 319 313 312 316 315 314 309 310 321 323 323 324 319 317 314 319 325 314 320 321 322 318 320 323 320 316 324 325 318 318 320 327 331 324 322 324 327 326 327 328 328 335 329 329 331 322 330 330 333 325 334 333 336 333 337 326 328 338 334 334 329 332 335 341 333 336 332 332 337 337 331 339 336 338 331 339 339 340 341 342 344 342 335 336 346 338 343 341 336 345 339 343 340 340 341 347 353 345 344 353 350 348 348 347 347 351 357 352 349 350 351 349 358 348 354 354 346 356 349 354 357 359 355 353 358 352 356 360 360 355 361 363 362 365 358 358 365 356 366 360 363 360 353 361 361 359 359 355 362 364 362 364 371 364 364 366 362 368 372 368 367 370 366 367 369 369 367 363 373 365 377 373 370 366 366 371 369 374 375 378 372 372 373 373 376 376 385 376 377 374 374 379 384 381 375 379 384 371 381 379 380 380 377 383 380 380 391 381 385 385 382 386 389 378 378 388 393 387 382 389 383 389 385 388 388 383 394 392 390 392 390 391 398 390 395 384 388 391 399 394 393 398 398 393 393 395 397 390 396 390 397 402 407 400 396 404 400 397 392 393 403 403 403 401 396 405 402 406 395 406 401 404 399 413 405 405 407 407 404 409 408 405 409 411 412 409 408 416 409 410 410 411 415 416 413 409 408 414 411 413 418 423 416 421 412 420 419 414 418 418 412 419 418 417 415 428 417 425 423 420 424 421 423 425 427 422 421 423 417 420 424 419 426 428 420 428 417 430 422 428 427 432 422 430 431 424 421 426 426 429 432 431 432 429 428 431
0 : [0, 1] (40.0)
1 : [2, 3] (40.0)
2 : [12, 13] (40.0)
3 : [4, 15] (39.0)
4 : [6, 9, 24] (37.0)
5 : [7, 16] (40.0)
6 : [10, 11] (40.0)
7 : [5, 14] (41.0)
8 : [19, 22] (48.0)
9 : [18, 27] (41.0)
10 : [20, 28] (48.0)
11 : [21, 25, 26] (53.0)
12 : [8, 31] (51.0)
13 : [17, 42] (46.0)
14 : [29, 36, 37] (51.0)
15 : [23, 30] (44.0)
16 : [34, 43] (40.0)
17 : [38, 39] (41.0)
18 : [46, 49] (65.0)
19 : [32, 41] (49.0)
20 : [40, 47, 50] (41.0)
21 : [53, 54] (46.0)
22 : [44, 59] (59.0)
23 : [33, 35] (50.0)
24 : [] (0.0)
25 : [48, 52, 61] (41.0)
26 : [45, 51, 56, 69] (40.0)
27 : [57, 63] (66.0)
28 : [] (0.0)
29 : [58, 60] (48.0)
30 : [] (0.0)
31 : [] (0.0)
32 : [55, 65, 74] (45.0)
33 : [72, 85] (48.0)
34 : [66, 67] (42.0)
35 : [64, 71] (66.0)
36 : [78, 79] (43.0)
37 : [70, 73, 77] (40.0)
38 : [62, 68] (44.0)
39 : [76, 88] (57.0)
40 : [75, 81, 87] (42.0)
41 : [92, 95] (41.0)
42 : [] (0.0)
43 : [83, 86] (48.0)
44 : [80, 91] (50.0)
45 : [82, 84] (54.0)
46 : [89, 93, 94] (57.0)
47 : [100, 112] (56.0)
48 : [90, 99, 110] (48.0)
49 : [97, 107] (52.0)
50 : [] (0.0)
51 : [103, 117] (52.0)
52 : [104, 105, 109] (54.0)
53 : [98, 101] (54.0)
54 : [96, 102, 106] (52.0)
55 : [120, 125] (42.0)
56 : [111, 122] (67.0)
57 : [108, 114] (68.0)
58 : [113, 130] (42.0)
59 : [118, 128] (57.0)
60 : [] (0.0)
61 : [] (0.0)
62 : [116, 129, 131] (44.0)
63 : [] (0.0)
64 : [115, 121, 123, 135, 139] (48.0)
65 : [124, 136] (48.0)
66 : [119, 126, 132] (65.0)
67 : [137, 138] (59.0)
68 : [] (0.0)
69 : [145, 146] (56.0)
70 : [127, 143, 144] (46.0)
71 : [134] (44.0)
72 : [] (0.0)
73 : [140, 153] (41.0)
74 : [133, 152] (61.0)
75 : [155, 165] (69.0)
76 : [141, 161] (47.0)
77 : [150, 154, 159] (41.0)
78 : [142, 147] (41.0)
79 : [148, 149, 167] (57.0)
80 : [] (0.0)
81 : [163, 166] (70.0)
82 : [158, 162] (48.0)
83 : [151, 157] (45.0)
84 : [168, 177] (42.0)
85 : [173, 179] (61.0)
86 : [156, 171, 190] (61.0)
87 : [160, 164, 183] (45.0)
88 : [169, 175, 178, 181] (42.0)
89 : [172, 189] (43.0)
90 : [170] (42.0)
91 : [174, 186] (50.0)
92 : [176, 201] (61.0)
93 : [180, 184] (66.0)
94 : [182, 200] (66.0)
95 : [187, 191, 194] (69.0)
96 : [185, 188] (43.0)
97 : [192, 193, 199] (63.0)
98 : [197] (40.0)
99 : [204, 209, 212] (56.0)
100 : [195, 196, 198, 203] (73.0)
101 : [208, 219] (63.0)
102 : [] (0.0)
103 : [206, 207] (47.0)
104 : [202, 205] (60.0)
105 : [] (0.0)
106 : [210, 217, 220] (74.0)
107 : [211] (42.0)
108 : [] (0.0)
109 : [215, 218] (53.0)
110 : [213, 224] (45.0)
111 : [216, 229] (50.0)
112 : [221, 222, 234] (40.0)
113 : [223, 233] (72.0)
114 : [214, 227, 228, 232] (47.0)
115 : [226, 230] (70.0)
116 : [225, 239] (58.0)
117 : [237, 240] (72.0)
118 : [236, 243] (41.0)
119 : [238, 246] (53.0)
120 : [242, 255] (50.0)
121 : [231, 241, 252] (68.0)
122 : [235, 250] (64.0)
123 : [244] (43.0)
124 : [245, 247, 256] (47.0)
125 : [251, 261] (54.0)
126 : [248, 271] (50.0)
127 : [257, 260] (42.0)
128 : [] (0.0)
129 : [254, 259] (56.0)
130 : [] (0.0)
131 : [249, 263] (67.0)
132 : [] (0.0)
133 : [258, 276] (46.0)
134 : [253, 262, 265, 267] (40.0)
135 : [269, 270, 277] (56.0)
136 : [264] (49.0)
137 : [274] (46.0)
138 : [284] (47.0)
139 : [272, 279, 286] (52.0)
140 : [275, 282, 285, 290, 295] (41.0)
141 : [266, 288] (66.0)
142 : [268, 291] (72.0)
143 : [273, 281] (60.0)
144 : [280, 289] (44.0)
145 : [283] (42.0)
146 : [293, 297, 304] (56.0)
147 : [278, 287] (71.0)
148 : [294] (42.0)
149 : [292, 301, 302] (55.0)
150 : [298, 306] (49.0)
151 : [305, 315] (46.0)
152 : [296, 303] (73.0)
153 : [299, 300] (68.0)
154 : [320] (40.0)
155 : [308, 309, 321] (64.0)
156 : [311, 313, 328] (67.0)
157 : [310, 319] (60.0)
158 : [329] (41.0)
159 : [307, 323] (48.0)
160 : [312, 314] (67.0)
161 : [316, 327] (74.0)
162 : [335] (40.0)
163 : [317, 324, 325] (65.0)
164 : [318, 326, 340] (65.0)
165 : [330, 331] (53.0)
166 : [333] (46.0)
167 : [322, 345] (48.0)
168 : [332, 337, 344] (61.0)
169 : [341, 346] (61.0)
170 : [336, 339] (60.0)
171 : [342, 358] (50.0)
172 : [343] (48.0)
173 : [338, 357] (52.0)
174 : [334, 347, 350] (48.0)
175 : [348, 354] (63.0)
176 : [355, 356] (48.0)
177 : [351, 368] (46.0)
178 : [361] (42.0)
179 : [359, 363, 365] (67.0)
180 : [352, 353] (54.0)
181 : [349, 360, 371] (44.0)
182 : [375] (41.0)
183 : [362, 367] (55.0)
184 : [369] (47.0)
185 : [373] (44.0)
186 : [366, 386] (57.0)
187 : [377, 384] (67.0)
188 : [370] (45.0)
189 : [364, 374, 382] (52.0)
190 : [372, 376, 383] (65.0)
191 : [380, 381] (55.0)
192 : [378] (42.0)
193 : [379, 385, 400] (65.0)
194 : [387, 388] (64.0)
195 : [390, 398] (74.0)
196 : [391, 392, 406] (48.0)
197 : [409, 410] (54.0)
198 : [393, 396] (64.0)
199 : [395] (40.0)
200 : [394, 399, 402] (49.0)
201 : [389, 405, 413] (47.0)
202 : [407] (40.0)
203 : [397, 401] (60.0)
204 : [403] (41.0)
205 : [408, 425] (65.0)
206 : [404] (40.0)
207 : [412, 414] (69.0)
208 : [416, 418] (64.0)
209 : [419, 421, 426] (50.0)
210 : [427, 431] (69.0)
211 : [417, 430] (55.0)
212 : [411, 415] (62.0)
213 : [422, 441] (66.0)
214 : [428, 429] (56.0)
215 : [420, 424] (61.0)
216 : [440, 442] (60.0)
217 : [433] (51.0)
218 : [423, 436] (73.0)
219 : [435, 437] (67.0)
220 : [454] (40.0)
221 : [439, 445, 453] (49.0)
222 : [432, 434, 443, 444] (61.0)
223 : [446, 447] (58.0)
224 : [448] (44.0)
225 : [450] (48.0)
226 : [438, 455] (56.0)
227 : [449, 451, 456, 469] (52.0)
228 : [452] (48.0)
229 : [458, 459] (58.0)
230 : [461, 466] (45.0)
231 : [462, 463] (58.0)
232 : [457, 467] (72.0)
233 : [470, 474] (58.0)
234 : [465, 468] (70.0)
235 : [464, 471] (59.0)
236 : [460, 475] (76.0)
237 : [480] (44.0)
238 : [478, 479, 483] (75.0)
239 : [473, 482] (46.0)
240 : [476, 489, 491] (66.0)
241 : [472] (56.0)
242 : [481, 486] (55.0)
243 : [484, 485] (59.0)
244 : [477, 487] (63.0)
245 : [490] (51.0)
246 : [493, 500] (57.0)
247 : [496, 497, 504] (74.0)
248 : [494] (42.0)
249 : [492, 502, 509] (71.0)
250 : [488, 499] (65.0)
251 : [512] (42.0)
252 : [498, 505, 513] (73.0)
253 : [495, 503, 506] (70.0)
254 : [510] (41.0)
255 : [508, 511] (60.0)
256 : [507] (40.0)
257 : [501, 517, 520] (70.0)
258 : [515, 519, 522, 528] (72.0)
259 : [516] (57.0)
260 : [518, 526] (65.0)
261 : [525, 527] (58.0)
262 : [523, 530] (69.0)
263 : [529] (51.0)
264 : [514, 544] (73.0)
265 : [524, 531] (71.0)
266 : [521, 535] (56.0)
267 : [532, 533] (61.0)
268 : [541, 542, 548] (71.0)
269 : [534, 549] (82.0)
270 : [536, 546, 554] (68.0)
271 : [543] (49.0)
272 : [540, 547] (56.0)
273 : [537, 545] (57.0)
274 : [539] (50.0)
275 : [552, 553] (62.0)
276 : [538, 550, 551] (73.0)
277 : [557, 560] (70.0)
278 : [555, 561] (86.0)
279 : [559, 567, 570] (66.0)
280 : [558, 563] (62.0)
281 : [564, 565] (62.0)
282 : [556, 566] (51.0)
283 : [562] (50.0)
284 : [569, 572] (70.0)
285 : [583, 586] (74.0)
286 : [574] (59.0)
287 : [568, 589] (73.0)
288 : [571, 576] (67.0)
289 : [578, 579] (63.0)
290 : [577, 581] (60.0)
291 : [573, 592] (56.0)
292 : [575, 582, 587] (56.0)
293 : [591] (47.0)
294 : [580, 584] (69.0)
295 : [588, 590, 594] (54.0)
296 : [597, 612, 613] (70.0)
297 : [595] (47.0)
298 : [593, 606] (70.0)
299 : [585, 598] (45.0)
300 : [596, 599, 607] (54.0)
301 : [602, 604, 605, 608] (49.0)
302 : [615, 617, 618, 628] (70.0)
303 : [600, 614, 624] (50.0)
304 : [611, 616, 631] (61.0)
305 : [603, 610, 629] (65.0)
306 : [601, 620, 626] (63.0)
307 : [622, 630] (70.0)
308 : [609, 627] (72.0)
309 : [619, 623, 650] (75.0)
310 : [634, 651] (69.0)
311 : [636, 640, 642] (68.0)
312 : [633, 646] (71.0)
313 : [621, 635, 639, 645] (64.0)
314 : [649, 658, 661] (61.0)
315 : [637, 648] (51.0)
316 : [625, 632, 647, 669] (73.0)
317 : [638, 643, 657] (69.0)
318 : [665, 672, 673] (75.0)
319 : [641, 644, 656, 659] (66.0)
320 : [662, 666, 668, 674] (74.0)
321 : [652, 663] (71.0)
322 : [664, 678, 689] (73.0)
323 : [653, 654, 667] (51.0)
324 : [655, 670, 677, 679] (74.0)
325 : [660, 671, 693] (70.0)
326 : [681, 699] (74.0)
327 : [675, 680, 682] (69.0)
328 : [683, 684, 700] (67.0)
329 : [686, 687, 704] (71.0)
330 : [690, 691] (60.0)
331 : [676, 688, 714, 718] (75.0)
332 : [705, 710, 711] (68.0)
333 : [692, 695, 697, 708] (75.0)
334 : [694, 702, 703] (75.0)
335 : [685, 706, 726] (74.0)
336 : [696, 709, 716, 727, 732] (66.0)
337 : [698, 712, 713] (70.0)
338 : [701, 717, 729] (59.0)
339 : [715, 719, 720, 734] (73.0)
340 : [721, 736, 737] (57.0)
341 : [707, 722, 731, 738] (61.0)
342 : [723, 725] (47.0)
343 : [730, 735] (79.0)
344 : [724, 742] (51.0)
345 : [733, 741] (58.0)
346 : [728, 760] (73.0)
347 : [739, 747, 748] (67.0)
348 : [745, 746, 757] (74.0)
349 : [752, 755, 762] (72.0)
350 : [744, 753] (75.0)
351 : [749, 754] (71.0)
352 : [751, 769] (45.0)
353 : [740, 743, 767, 786] (72.0)
354 : [758, 759, 763] (73.0)
355 : [766, 773, 791] (75.0)
356 : [761, 770, 781] (74.0)
357 : [750, 764] (47.0)
358 : [756, 768, 778, 779] (75.0)
359 : [765, 789, 790] (69.0)
360 : [771, 772, 783, 785] (69.0)
361 : [774, 787, 788] (75.0)
362 : [776, 792, 794, 800] (73.0)
363 : [775, 784, 811] (75.0)
364 : [793, 795, 797, 798] (70.0)
365 : [777, 780, 813] (75.0)
366 : [782, 799, 806, 817, 818] (73.0)
367 : [804, 807, 810] (73.0)
368 : [801, 803] (70.0)
369 : [808, 809, 820] (72.0)
370 : [805, 816] (71.0)
371 : [796, 819, 841] (74.0)
372 : [802, 824, 825] (67.0)
373 : [812, 815, 826, 827] (75.0)
374 : [821, 833, 834] (71.0)
375 : [822, 838] (70.0)
376 : [828, 829, 831] (69.0)
377 : [814, 832, 846] (72.0)
378 : [823, 857, 858] (71.0)
379 : [835, 839, 843] (74.0)
380 : [844, 845, 848, 849] (74.0)
381 : [837, 842, 851] (75.0)
382 : [854, 862] (75.0)
383 : [847, 864, 869] (73.0)
384 : [836, 840, 879] (68.0)
385 : [830, 852, 853, 866] (68.0)
386 : [855] (40.0)
387 : [861] (44.0)
388 : [859, 867, 868, 880] (75.0)
389 : [856, 863, 865] (75.0)
390 : [872, 874, 877, 891, 893] (71.0)
391 : [850, 875, 881] (72.0)
392 : [871, 873, 902] (67.0)
393 : [860, 884, 887, 888, 903] (75.0)
394 : [870, 883] (74.0)
395 : [878, 889, 912] (72.0)
396 : [892, 898, 908] (74.0)
397 : [890, 894, 901] (65.0)
398 : [876, 885, 886] (72.0)
399 : [882, 916] (74.0)
400 : [897, 900] (68.0)
401 : [907, 914] (75.0)
402 : [895, 910] (67.0)
403 : [904, 905, 906] (73.0)
404 : [899, 915, 922] (72.0)
405 : [909, 918, 919, 925] (75.0)
406 : [911, 913] (71.0)
407 : [896, 920, 921] (75.0)
408 : [924, 930, 940] (74.0)
409 : [923, 926, 929, 932, 939] (75.0)
410 : [933, 934] (72.0)
411 : [927, 935, 942] (76.0)
412 : [928, 948, 954] (74.0)
413 : [917, 938, 943] (74.0)
414 : [941, 951] (70.0)
415 : [936, 958] (71.0)
416 : [931, 937, 946] (75.0)
417 : [957, 960, 972, 980] (73.0)
418 : [944, 952, 953, 956] (78.0)
419 : [950, 955, 975] (75.0)
420 : [949, 963, 973, 978] (76.0)
421 : [947, 965, 970, 990] (79.0)
422 : [969, 982, 986] (74.0)
423 : [945, 962, 966, 971] (77.0)
424 : [964, 974, 989] (73.0)
425 : [961, 967] (75.0)
426 : [976, 991, 992] (74.0)
427 : [968, 984] (75.0)
428 : [959, 977, 979, 983, 998] (74.0)
429 : [993, 997] (72.0)
430 : [981, 987] (71.0)
431 : [988, 995, 999] (82.0)
432 : [985, 994, 996] (80.0)
