Name: 100-60-125
Time: 9.098365306854248 
Result: 50
Solution:  2 0 0 5 3 3 5 2 0 3 4 1 10 11 8 6 6 4 7 13 12 13 8 8 6 13 12 15 9 14 16 14 15 17 10 14 16 18 21 18 20 14 19 27 19 15 17 22 27 21 22 20 32 21 24 25 30 23 26 30 28 24 24 25 29 32 32 30 25 31 27 34 28 35 31 26 35 33 30 28 37 32 33 29 39 36 37 33 36 34 31 38 37 41 39 40 40 38 39 40
0 : [1, 2, 8] (77.0)
1 : [11] (60.0)
2 : [0, 7] (72.0)
3 : [4, 5, 9] (109.0)
4 : [10, 17] (79.0)
5 : [3, 6] (67.0)
6 : [15, 16, 24] (97.0)
7 : [18] (60.0)
8 : [14, 22, 23] (106.0)
9 : [28] (60.0)
10 : [12, 34] (71.0)
11 : [13] (66.0)
12 : [20, 26] (61.0)
13 : [19, 21, 25] (106.0)
14 : [29, 31, 35, 41] (99.0)
15 : [27, 32, 45] (110.0)
16 : [30, 36] (102.0)
17 : [33, 46] (106.0)
18 : [37, 39] (94.0)
19 : [42, 44] (103.0)
20 : [40, 51] (108.0)
21 : [38, 49, 53] (110.0)
22 : [47, 50] (110.0)
23 : [57] (72.0)
24 : [54, 61, 62] (75.0)
25 : [55, 63, 68] (93.0)
26 : [58, 75] (79.0)
27 : [43, 48, 70] (108.0)
28 : [60, 72, 79] (102.0)
29 : [64, 83] (104.0)
30 : [56, 59, 67, 78] (85.0)
31 : [69, 74, 90] (79.0)
32 : [52, 65, 66, 81] (101.0)
33 : [77, 82, 87] (94.0)
34 : [71, 89] (97.0)
35 : [73, 76] (106.0)
36 : [85, 88] (110.0)
37 : [80, 86, 92] (94.0)
38 : [91, 97] (90.0)
39 : [84, 94, 98] (91.0)
40 : [95, 96, 99] (108.0)
41 : [93] (102.0)
