Name: 1000-20-30
Time: 90.2213454246521 
Result: 20
Solution:  0 3 8 3 5 5 3 2 6 8 11 0 7 6 7 13 13 16 10 15 10 11 12 7 12 15 17 7 11 14 16 10 18 14 17 21 20 23 21 20 21 19 19 30 26 18 26 18 27 19 25 23 29 27 25 32 29 31 28 29 28 25 35 29 31 33 30 34 32 33 36 34 36 33 35 42 38 37 39 45 45 41 44 42 46 38 46 37 41 42 39 47 44 48 47 44 45 50 49 48 46 52 53 51 50 51 53 58 49 55 51 55 61 58 52 58 63 62 56 56 60 63 65 60 62 65 61 71 69 63 70 64 68 67 68 69 68 67 64 71 66 71 74 74 71 76 71 77 82 75 76 70 77 75 78 75 79 85 72 72 81 82 80 81 83 80 85 79 86 87 83 78 85 93 90 84 87 84 89 88 92 90 96 96 97 97 99 93 94 93 89 87 96 95 101 100 98 98 92 104 99 95 98 105 93 101 106 106 107 108 104 103 102 103 100 102 105 108 113 111 109 117 114 111 113 109 118 109 107 115 109 112 114 116 118 117 119 121 116 115 128 123 115 129 114 125 121 121 123 122 129 133 128 127 125 122 130 131 132 131 126 136 126 130 137 134 127 134 133 135 130 139 135 138 136 141 135 145 142 139 143 139 137 144 141 140 138 142 140 143 150 146 147 149 151 147 152 146 151 145 149 150 149 158 144 152 156 154 156 153 152 157 155 165 163 157 158 161 153 158 154 164 166 155 161 163 163 159 168 160 164 169 165 160 173 170 166 164 170 168 167 169 171 171 167 172 172 176 176 182 174 175 177 177 173 174 175 177 180 180 172 181 181 182 178 179 178 186 181 183 186 189 184 187 187 191 185 192 183 189 186 188 185 188 190 200 193 195 196 194 198 197 192 195 198 196 197 202 191 201 193 191 194 204 201 200 200 203 204 202 209 212 206 207 199 209 210 216 210 206 208 205 207 212 210 217 214 213 208 213 209 211 219 214 213 221 220 225 223 218 218 222 216 227 218 228 222 229 224 221 220 233 227 226 226 224 230 223 230 232 229 233 230 225 232 236 241 233 231 236 243 238 235 236 236 244 239 237 233 239 238 247 236 234 244 240 245 246 237 248 242 249 243 242 246 245 242 247 250 252 251 252 250 244 254 251 249 255 248 258 258 253 254 256 256 262 255 257 259 264 266 260 259 258 262 270 261 262 264 260 267 263 265 262 274 264 268 263 270 275 268 273 267 266 270 271 269 278 277 281 272 274 277 275 273 272 283 284 280 276 276 280 281 278 286 282 279 280 281 283 285 282 292 293 288 285 286 289 287 284 294 292 290 288 288 291 293 292 289 297 296 303 295 297 299 300 291 302 300 297 298 304 296 299 296 302 307 305 301 308 312 306 301 306 309 308 304 306 311 303 307 313 313 309 312 305 310 319 317 316 311 317 319 316 314 312 314 313 320 318 326 320 321 321 322 322 315 326 328 325 326 324 325 319 326 329 331 325 326 337 332 327 323 323 332 333 335 332 335 330 330 338 340 337 334 336 341 338 332 336 342 339 331 339 338 334 338 340 343 339 346 342 346 349 342 335 346 351 344 341 342 345 344 345 347 339 348 345 349 347 350 344 347 348 345 350 345 352 352 348 353 343 353 355 356 358 351 354 357 352 354 349 355 362 362 357 356 363 357 357 361 358 368 361 361 360 359 363 360 356 355 362 362 359 363 370 363 365 363 365 364 370 366 367 359 367 372 361 364 366 363 369 371 361 376 371 375 368 375 376 374 372 375 369 372 376 374 371 380 377 377 371 380 378 380 373 375 380 381 370 373 373 379 382 383 381 379 376 383 383 382 382 377 386 387 381 385 386 387 389 378 382 384 385 390 391 384 381 387 391 388 384 388 390 392 383 392 389 394 392 393 396 398 393 401 392 390 399 392 395 400 391 395 390 394 402 397 396 397 398 394 396 400 395 405 407 394 392 399 397 405 401 398 398 403 406 403 404 404 404 410 408 413 406 406 402 406 405 413 408 403 407 409 412 408 416 414 412 416 410 414 408 416 415 415 414 411 420 409 417 417 414 409 412 419 411 412 420 420 418 414 425 423 415 418 414 418 421 423 418 424 422 422 422 421 425 419 426 424 427 429 421 429 431 433 419 428 428 428 419 424 424 426 434 427 431 430 429 437 427 434 432 432 432 430 426 435 441 435 430 439 433 435 438 440 438 436 436 436 437 438 439 441 441 440 443 439 440 444 438 434 442 442 437 443 443 442 444 437 441
0 : [0, 11] (29.0)
1 : [] (0.0)
2 : [7] (18.0)
3 : [1, 3, 6] (21.0)
4 : [] (0.0)
5 : [4, 5] (20.0)
6 : [8, 13] (20.0)
7 : [12, 14, 23, 27] (20.0)
8 : [2, 9] (21.0)
9 : [] (0.0)
10 : [18, 20, 31] (19.0)
11 : [10, 21, 28] (19.0)
12 : [22, 24] (26.0)
13 : [15, 16] (33.0)
14 : [29, 33] (31.0)
15 : [19, 25] (25.0)
16 : [17, 30] (19.0)
17 : [26, 34] (25.0)
18 : [32, 45, 47] (20.0)
19 : [41, 42, 49] (21.0)
20 : [36, 39] (24.0)
21 : [35, 38, 40] (21.0)
22 : [] (0.0)
23 : [37, 51] (22.0)
24 : [] (0.0)
25 : [50, 54, 61] (19.0)
26 : [44, 46] (27.0)
27 : [48, 53] (35.0)
28 : [58, 60] (35.0)
29 : [52, 56, 59, 63] (19.0)
30 : [43, 66] (22.0)
31 : [57, 64] (26.0)
32 : [55, 68] (21.0)
33 : [65, 69, 73] (25.0)
34 : [67, 71] (23.0)
35 : [62, 74] (28.0)
36 : [70, 72] (23.0)
37 : [77, 87] (26.0)
38 : [76, 85] (21.0)
39 : [78, 90] (21.0)
40 : [] (0.0)
41 : [81, 88] (27.0)
42 : [75, 83, 89] (22.0)
43 : [] (0.0)
44 : [82, 92, 95] (20.0)
45 : [79, 80, 96] (27.0)
46 : [84, 86, 100] (21.0)
47 : [91, 94] (28.0)
48 : [93, 99] (20.0)
49 : [98, 108] (20.0)
50 : [97, 104] (30.0)
51 : [103, 105, 110] (22.0)
52 : [101, 114] (34.0)
53 : [102, 106] (23.0)
54 : [] (0.0)
55 : [109, 111] (27.0)
56 : [118, 119] (21.0)
57 : [] (0.0)
58 : [107, 113, 115] (21.0)
59 : [] (0.0)
60 : [120, 123] (22.0)
61 : [112, 126] (32.0)
62 : [117, 124] (19.0)
63 : [116, 121, 129] (23.0)
64 : [131, 138] (22.0)
65 : [122, 125] (30.0)
66 : [140] (18.0)
67 : [133, 137] (27.0)
68 : [132, 134, 136] (20.0)
69 : [128, 135] (27.0)
70 : [130, 151] (29.0)
71 : [127, 139, 141, 144, 146] (20.0)
72 : [158, 159] (21.0)
73 : [] (0.0)
74 : [142, 143] (21.0)
75 : [149, 153, 155] (20.0)
76 : [145, 150] (26.0)
77 : [147, 152] (30.0)
78 : [154, 171] (20.0)
79 : [156, 167] (29.0)
80 : [162, 165] (22.0)
81 : [160, 163] (28.0)
82 : [148, 161] (23.0)
83 : [164, 170] (22.0)
84 : [175, 177] (18.0)
85 : [157, 166, 172] (19.0)
86 : [168] (19.0)
87 : [169, 176, 191] (19.0)
88 : [179] (20.0)
89 : [178, 190] (20.0)
90 : [174, 181] (27.0)
91 : [] (0.0)
92 : [180, 198] (21.0)
93 : [173, 187, 189, 204] (26.0)
94 : [188] (20.0)
95 : [193, 201] (29.0)
96 : [182, 183, 192] (26.0)
97 : [184, 185] (22.0)
98 : [196, 197, 202] (28.0)
99 : [186, 200] (29.0)
100 : [195, 214] (23.0)
101 : [194, 205] (24.0)
102 : [212, 215] (28.0)
103 : [211, 213] (20.0)
104 : [199, 210] (22.0)
105 : [203, 216] (23.0)
106 : [206, 207] (22.0)
107 : [208, 228] (30.0)
108 : [209, 217] (23.0)
109 : [220, 225, 227, 230] (23.0)
110 : [] (0.0)
111 : [219, 223] (33.0)
112 : [231] (20.0)
113 : [218, 224] (21.0)
114 : [222, 232, 244] (24.0)
115 : [229, 239, 242] (20.0)
116 : [233, 238] (32.0)
117 : [221, 235] (25.0)
118 : [226, 234] (25.0)
119 : [236] (20.0)
120 : [] (0.0)
121 : [237, 246, 247] (24.0)
122 : [249, 255] (20.0)
123 : [241, 248] (29.0)
124 : [] (0.0)
125 : [245, 254] (22.0)
126 : [260, 262] (23.0)
127 : [253, 266] (19.0)
128 : [240, 252] (23.0)
129 : [243, 250] (29.0)
130 : [256, 263, 270] (23.0)
131 : [257, 259] (20.0)
132 : [258] (19.0)
133 : [251, 268] (24.0)
134 : [265, 267] (20.0)
135 : [269, 272, 276] (23.0)
136 : [261, 274] (20.0)
137 : [264, 282] (27.0)
138 : [273, 286] (28.0)
139 : [271, 279, 281] (30.0)
140 : [285, 288] (25.0)
141 : [275, 284] (24.0)
142 : [278, 287] (30.0)
143 : [280, 289] (29.0)
144 : [283, 304] (28.0)
145 : [277, 299] (27.0)
146 : [291, 297] (31.0)
147 : [292, 295] (29.0)
148 : [] (0.0)
149 : [293, 300, 302] (27.0)
150 : [290, 301] (24.0)
151 : [294, 298] (20.0)
152 : [296, 305, 310] (21.0)
153 : [309, 318] (25.0)
154 : [307, 320] (26.0)
155 : [312, 323] (20.0)
156 : [306, 308] (22.0)
157 : [311, 315] (30.0)
158 : [303, 316, 319] (25.0)
159 : [327] (22.0)
160 : [329, 333] (22.0)
161 : [317, 324] (30.0)
162 : [] (0.0)
163 : [314, 325, 326] (20.0)
164 : [321, 330, 337] (27.0)
165 : [313, 332] (22.0)
166 : [322, 336] (30.0)
167 : [340, 344] (27.0)
168 : [328, 339] (26.0)
169 : [331, 341] (31.0)
170 : [335, 338] (22.0)
171 : [342, 343] (24.0)
172 : [345, 346, 360] (30.0)
173 : [334, 354] (26.0)
174 : [350, 355] (29.0)
175 : [351, 356] (28.0)
176 : [347, 348] (29.0)
177 : [352, 353, 357] (29.0)
178 : [364, 366] (24.0)
179 : [365] (20.0)
180 : [358, 359] (24.0)
181 : [361, 362, 368] (27.0)
182 : [349, 363] (31.0)
183 : [369, 378] (24.0)
184 : [372] (22.0)
185 : [376, 382] (28.0)
186 : [367, 370, 380] (20.0)
187 : [373, 374] (23.0)
188 : [381, 383] (24.0)
189 : [371, 379] (30.0)
190 : [384] (20.0)
191 : [375, 398, 401] (30.0)
192 : [377, 392] (28.0)
193 : [386, 400] (28.0)
194 : [389, 402] (25.0)
195 : [387, 393] (28.0)
196 : [388, 395] (27.0)
197 : [391, 396] (23.0)
198 : [390, 394] (27.0)
199 : [414] (21.0)
200 : [385, 405, 406] (20.0)
201 : [399, 404] (20.0)
202 : [397, 409] (24.0)
203 : [407] (20.0)
204 : [403, 408] (24.0)
205 : [421] (22.0)
206 : [412, 419] (31.0)
207 : [413, 422] (23.0)
208 : [420, 428] (20.0)
209 : [410, 415, 430] (22.0)
210 : [416, 418, 424] (24.0)
211 : [431] (21.0)
212 : [411, 423] (20.0)
213 : [427, 429, 434] (26.0)
214 : [426, 433] (20.0)
215 : [] (0.0)
216 : [417, 442] (29.0)
217 : [425] (20.0)
218 : [439, 440, 444] (25.0)
219 : [432] (22.0)
220 : [436, 450] (38.0)
221 : [435, 449] (25.0)
222 : [441, 446] (32.0)
223 : [438, 457] (31.0)
224 : [448, 455] (32.0)
225 : [437, 463] (25.0)
226 : [453, 454] (20.0)
227 : [443, 452] (30.0)
228 : [445] (20.0)
229 : [447, 460] (29.0)
230 : [456, 458, 462] (30.0)
231 : [468] (22.0)
232 : [459, 464] (32.0)
233 : [451, 461, 467, 478] (27.0)
234 : [483] (23.0)
235 : [472] (24.0)
236 : [465, 469, 473, 474, 482] (21.0)
237 : [477, 488] (25.0)
238 : [471, 480] (29.0)
239 : [476, 479] (30.0)
240 : [485] (23.0)
241 : [466] (24.0)
242 : [490, 493, 496] (21.0)
243 : [470, 492] (28.0)
244 : [475, 484, 503] (29.0)
245 : [486, 495] (31.0)
246 : [487, 494] (21.0)
247 : [481, 497] (30.0)
248 : [489, 508] (26.0)
249 : [491, 506] (29.0)
250 : [498, 502] (30.0)
251 : [500, 505] (27.0)
252 : [499, 501] (33.0)
253 : [511] (22.0)
254 : [504, 512] (24.0)
255 : [507, 516] (23.0)
256 : [513, 514] (21.0)
257 : [517] (22.0)
258 : [509, 510, 523] (23.0)
259 : [518, 522] (35.0)
260 : [521, 529] (30.0)
261 : [526] (24.0)
262 : [515, 524, 527, 533] (29.0)
263 : [531, 537] (24.0)
264 : [519, 528, 535] (28.0)
265 : [532] (23.0)
266 : [520, 543] (24.0)
267 : [530, 542] (29.0)
268 : [536, 540] (25.0)
269 : [546] (22.0)
270 : [525, 538, 544] (30.0)
271 : [545] (23.0)
272 : [550, 555] (27.0)
273 : [541, 554] (31.0)
274 : [534, 551] (29.0)
275 : [539, 553] (35.0)
276 : [559, 560] (35.0)
277 : [548, 552] (32.0)
278 : [547, 563] (24.0)
279 : [566] (20.0)
280 : [558, 561, 567] (26.0)
281 : [549, 562, 568] (28.0)
282 : [565, 571] (30.0)
283 : [556, 569] (20.0)
284 : [557, 579] (25.0)
285 : [570, 575] (22.0)
286 : [564, 576] (28.0)
287 : [578] (21.0)
288 : [574, 583, 584] (25.0)
289 : [577, 588] (31.0)
290 : [582] (24.0)
291 : [585, 596] (28.0)
292 : [572, 581, 587] (27.0)
293 : [573, 586] (28.0)
294 : [580] (26.0)
295 : [592] (21.0)
296 : [590, 602, 604] (30.0)
297 : [589, 593, 599] (28.0)
298 : [600] (23.0)
299 : [594, 603] (38.0)
300 : [595, 598] (23.0)
301 : [608, 612] (30.0)
302 : [597, 605] (35.0)
303 : [591, 619] (33.0)
304 : [601, 616] (27.0)
305 : [607, 625] (29.0)
306 : [611, 613, 617] (30.0)
307 : [606, 620] (32.0)
308 : [609, 615] (36.0)
309 : [614, 623] (25.0)
310 : [626] (24.0)
311 : [618, 630] (30.0)
312 : [610, 624, 635] (30.0)
313 : [621, 622, 637] (34.0)
314 : [634, 636] (35.0)
315 : [646] (25.0)
316 : [629, 633] (29.0)
317 : [628, 631] (31.0)
318 : [639] (26.0)
319 : [627, 632, 653] (29.0)
320 : [638, 641] (26.0)
321 : [642, 643] (28.0)
322 : [644, 645] (28.0)
323 : [662, 663] (28.0)
324 : [651] (22.0)
325 : [649, 652, 657] (24.0)
326 : [640, 647, 650, 654, 658] (22.0)
327 : [661] (22.0)
328 : [648] (20.0)
329 : [655] (22.0)
330 : [669, 670] (20.0)
331 : [656, 682] (24.0)
332 : [660, 664, 667, 678] (29.0)
333 : [665] (26.0)
334 : [674, 685] (29.0)
335 : [666, 668, 695] (30.0)
336 : [675, 679] (30.0)
337 : [659, 673] (28.0)
338 : [671, 677, 684, 686] (29.0)
339 : [681, 683, 689, 705] (28.0)
340 : [672, 687] (28.0)
341 : [676, 699] (32.0)
342 : [680, 691, 694, 700] (29.0)
343 : [688, 721] (24.0)
344 : [698, 702, 711] (31.0)
345 : [701, 703, 707, 714, 716] (30.0)
346 : [690, 692, 696] (30.0)
347 : [704, 709, 712] (32.0)
348 : [706, 713, 719] (25.0)
349 : [693, 708, 731] (29.0)
350 : [710, 715] (26.0)
351 : [697, 726] (24.0)
352 : [717, 718, 729] (29.0)
353 : [720, 722] (22.0)
354 : [727, 730] (25.0)
355 : [723, 732, 750] (27.0)
356 : [724, 736, 749] (30.0)
357 : [728, 735, 738, 739] (27.0)
358 : [725, 741] (29.0)
359 : [746, 753, 764] (28.0)
360 : [745, 748] (32.0)
361 : [740, 743, 744, 767, 773] (25.0)
362 : [733, 734, 751, 752] (30.0)
363 : [737, 747, 754, 756, 758, 770] (29.0)
364 : [760, 768] (33.0)
365 : [757, 759] (23.0)
366 : [762, 769] (23.0)
367 : [763, 765] (26.0)
368 : [742, 777] (35.0)
369 : [771, 783] (32.0)
370 : [755, 761, 799] (29.0)
371 : [772, 775, 787, 791] (30.0)
372 : [766, 781, 784] (30.0)
373 : [795, 800, 801] (28.0)
374 : [780, 786] (31.0)
375 : [776, 778, 782, 796] (28.0)
376 : [774, 779, 785, 807] (25.0)
377 : [789, 790, 812] (24.0)
378 : [793, 820] (33.0)
379 : [802, 806] (34.0)
380 : [788, 792, 794, 797] (28.0)
381 : [798, 805, 815, 827] (29.0)
382 : [803, 810, 811, 821] (30.0)
383 : [804, 808, 809, 835] (29.0)
384 : [822, 826, 831] (30.0)
385 : [816, 823] (24.0)
386 : [813, 817] (33.0)
387 : [814, 818, 828] (30.0)
388 : [830, 832] (28.0)
389 : [819, 837] (27.0)
390 : [824, 833, 846, 853] (28.0)
391 : [825, 829, 851] (30.0)
392 : [834, 836, 839, 845, 848, 867] (27.0)
393 : [840, 843] (28.0)
394 : [838, 854, 860, 866] (26.0)
395 : [849, 852, 863] (28.0)
396 : [841, 857, 861] (27.0)
397 : [856, 858, 869] (30.0)
398 : [842, 859, 872, 873] (29.0)
399 : [847, 868] (28.0)
400 : [850, 862] (30.0)
401 : [844, 871] (35.0)
402 : [855, 885] (36.0)
403 : [874, 876, 890] (29.0)
404 : [877, 878, 879] (30.0)
405 : [864, 870, 887] (30.0)
406 : [875, 883, 884, 886] (29.0)
407 : [865, 891] (36.0)
408 : [881, 889, 894, 901] (30.0)
409 : [892, 908, 912] (30.0)
410 : [880, 899] (31.0)
411 : [906, 915] (27.0)
412 : [893, 897, 913, 916] (28.0)
413 : [882, 888] (27.0)
414 : [896, 900, 905, 911, 920, 925] (29.0)
415 : [903, 904, 923] (30.0)
416 : [895, 898, 902] (30.0)
417 : [909, 910] (33.0)
418 : [919, 924, 926, 929] (28.0)
419 : [914, 936, 945, 949] (33.0)
420 : [907, 917, 918] (29.0)
421 : [927, 934, 941] (29.0)
422 : [931, 932, 933] (30.0)
423 : [922, 928] (34.0)
424 : [930, 938, 950, 951] (30.0)
425 : [921, 935] (34.0)
426 : [937, 952, 965] (33.0)
427 : [939, 954, 959] (30.0)
428 : [946, 947, 948] (30.0)
429 : [940, 942, 957] (30.0)
430 : [956, 964, 969] (33.0)
431 : [943, 955] (30.0)
432 : [961, 962, 963] (30.0)
433 : [944, 971] (32.0)
434 : [953, 960, 990] (30.0)
435 : [966, 968, 972] (30.0)
436 : [976, 977, 978] (30.0)
437 : [958, 979, 993, 998] (31.0)
438 : [973, 975, 980, 989] (33.0)
439 : [970, 981, 986] (30.0)
440 : [974, 984, 987] (30.0)
441 : [967, 982, 983, 999] (30.0)
442 : [991, 992, 996] (30.0)
443 : [985, 994, 995] (30.0)
444 : [988, 997] (36.0)
