Name: 1000-50-100
Time: 102.93641448020935 
Result: 59
Solution:  1 1 9 4 3 3 9 2 4 7 4 6 2 7 11 6 11 8 10 13 2 12 12 11 8 19 18 14 23 17 21 11 10 14 17 19 21 24 19 20 23 18 13 18 18 17 22 24 22 26 28 26 20 26 32 33 24 28 31 25 32 31 27 27 37 25 29 33 31 34 35 40 40 38 37 29 38 40 39 36 32 36 49 42 46 47 35 39 43 46 50 42 43 48 51 47 45 47 50 45 54 46 50 52 58 56 48 49 59 51 56 49 52 50 66 59 62 61 63 61 62 60 58 54 59 60 63 65 64 64 63 66 70 65 67 73 75 70 69 74 70 78 71 62 72 71 72 74 77 78 67 74 77 69 76 76 80 73 75 74 83 82 83 85 80 90 86 82 80 81 86 81 87 85 83 84 89 87 89 84 83 92 94 90 93 90 91 92 88 91 98 101 94 88 105 95 97 100 103 96 103 98 99 99 104 97 105 104 104 103 101 109 105 100 103 113 114 110 109 115 105 110 112 115 119 108 108 114 116 114 112 119 122 113 117 118 113 116 117 115 121 121 120 123 123 125 126 126 124 128 123 118 130 124 130 122 127 123 132 123 129 138 131 124 138 125 133 129 131 133 137 137 135 137 146 145 140 137 134 143 134 133 144 141 148 136 136 144 147 147 143 145 150 141 148 142 150 146 151 145 151 156 152 156 157 154 148 157 161 148 147 155 155 152 162 166 154 157 158 153 153 162 161 168 159 159 162 163 165 170 158 160 169 169 164 168 171 167 160 172 177 172 171 178 174 173 172 170 173 176 169 176 178 179 178 175 177 180 174 182 180 181 182 181 178 184 183 183 185 189 191 185 179 186 187 188 188 183 192 188 196 193 193 189 197 193 190 195 194 191 190 191 202 193 194 198 196 200 201 207 206 199 198 203 209 209 202 203 204 204 199 203 200 203 207 214 207 201 211 218 219 205 212 215 209 210 212 213 219 215 218 213 218 208 216 214 224 214 223 223 216 217 216 228 219 222 223 225 227 220 220 229 227 221 226 229 227 226 225 231 231 232 230 226 233 228 236 230 239 233 234 241 238 237 238 236 240 239 243 237 243 241 243 238 242 240 241 235 246 244 246 246 249 248 248 247 245 245 250 249 256 242 248 248 251 255 252 251 254 254 258 257 253 257 261 260 255 252 259 259 253 260 263 261 261 258 260 262 265 265 267 266 262 268 266 260 275 267 264 273 270 264 277 271 269 280 271 274 274 275 278 273 269 279 272 276 284 275 281 277 280 279 282 278 276 281 282 283 287 285 285 291 281 286 289 282 288 287 295 294 286 290 290 293 292 293 300 292 298 289 291 299 297 293 296 298 295 297 300 306 300 303 301 301 308 304 305 302 305 299 309 302 307 309 310 303 308 315 312 307 311 311 310 314 319 304 313 317 313 322 322 316 309 315 321 312 313 318 316 314 318 323 318 321 316 320 319 315 327 322 320 323 321 317 323 320 325 317 327 325 324 326 331 323 325 326 324 324 327 335 327 331 328 326 327 333 332 328 330 329 331 324 332 329 328 334 339 327 341 340 337 335 337 332 336 330 335 336 336 338 334 333 338 339 342 340 340 339 342 342 348 339 337 344 346 345 349 344 347 346 344 344 352 348 346 344 343 341 351 349 345 349 354 347 350 343 349 351 342 350 342 352 351 353 352 353 347 356 353 360 357 351 348 355 361 357 357 354 356 360 366 355 353 362 357 356 355 362 364 361 362 360 358 362 358 365 359 363 364 356 359 363 362 366 367 370 365 365 371 371 375 371 368 364 367 369 369 370 371 374 376 363 380 367 373 371 370 375 374 373 374 381 376 376 384 370 372 372 379 375 377 381 379 378 372 373 381 379 380 380 383 377 383 385 383 377 384 388 386 386 382 386 382 378 389 382 388 384 387 387 390 385 387 384 383 395 391 391 393 389 387 398 388 394 385 392 392 391 393 393 390 394 395 386 397 396 403 398 397 394 392 396 397 404 393 396 402 398 399 402 396 401 400 402 394 407 403 403 401 405 410 410 399 402 406 409 404 410 413 400 408 407 405 409 407 405 406 409 408 405 408 413 411 411 408 416 412 414 412 411 422 415 417 415 414 416 413 420 423 421 412 417 417 421 414 419 422 423 418 417 420 419 428 419 422 425 427 423 425 427 421 425 421 418 433 432 432 421 430 428 429 429 426 427 430 426 431 429 424 431 424 430 424 433 429 433 437 434 436 430 431 435 437 437 432 436 435 435 437 434
0 : [] (0.0)
1 : [0, 1] (50.0)
2 : [7, 12, 20] (50.0)
3 : [4, 5] (50.0)
4 : [3, 8, 10] (61.0)
5 : [] (0.0)
6 : [11, 15] (54.0)
7 : [9, 13] (75.0)
8 : [17, 24] (91.0)
9 : [2, 6] (66.0)
10 : [18, 32] (59.0)
11 : [14, 16, 23, 31] (53.0)
12 : [21, 22] (63.0)
13 : [19, 42] (63.0)
14 : [27, 33] (52.0)
15 : [] (0.0)
16 : [] (0.0)
17 : [29, 34, 45] (87.0)
18 : [26, 41, 43, 44] (64.0)
19 : [25, 35, 38] (56.0)
20 : [39, 52] (66.0)
21 : [30, 36] (58.0)
22 : [46, 48] (75.0)
23 : [28, 40] (60.0)
24 : [37, 47, 56] (69.0)
25 : [59, 65] (73.0)
26 : [49, 51, 53] (55.0)
27 : [62, 63] (54.0)
28 : [50, 57] (69.0)
29 : [66, 75] (57.0)
30 : [] (0.0)
31 : [58, 61, 68] (53.0)
32 : [54, 60, 80] (56.0)
33 : [55, 67] (69.0)
34 : [69] (50.0)
35 : [70, 86] (65.0)
36 : [79, 81] (51.0)
37 : [64, 74] (50.0)
38 : [73, 76] (61.0)
39 : [78, 87] (56.0)
40 : [71, 72, 77] (71.0)
41 : [] (0.0)
42 : [83, 91] (84.0)
43 : [88, 92] (73.0)
44 : [] (0.0)
45 : [96, 99] (91.0)
46 : [84, 89, 101] (56.0)
47 : [85, 95, 97] (66.0)
48 : [93, 106] (56.0)
49 : [82, 107, 111] (54.0)
50 : [90, 98, 102, 113] (61.0)
51 : [94, 109] (68.0)
52 : [103, 112] (80.0)
53 : [] (0.0)
54 : [100, 123] (50.0)
55 : [] (0.0)
56 : [105, 110] (59.0)
57 : [] (0.0)
58 : [104, 122] (89.0)
59 : [108, 115, 124] (57.0)
60 : [121, 125] (89.0)
61 : [117, 119] (56.0)
62 : [116, 120, 143] (63.0)
63 : [118, 126, 130] (79.0)
64 : [128, 129] (58.0)
65 : [127, 133] (54.0)
66 : [114, 131] (62.0)
67 : [134, 150] (62.0)
68 : [] (0.0)
69 : [138, 153] (56.0)
70 : [132, 137, 140] (66.0)
71 : [142, 145] (88.0)
72 : [144, 146] (64.0)
73 : [135, 157] (74.0)
74 : [139, 147, 151, 159] (50.0)
75 : [136, 158] (95.0)
76 : [154, 155] (59.0)
77 : [148, 152] (87.0)
78 : [141, 149] (59.0)
79 : [] (0.0)
80 : [156, 164, 168] (50.0)
81 : [169, 171] (66.0)
82 : [161, 167] (52.0)
83 : [160, 162, 174, 180] (60.0)
84 : [175, 179] (75.0)
85 : [163, 173] (79.0)
86 : [166, 170] (92.0)
87 : [172, 177] (60.0)
88 : [188, 193] (67.0)
89 : [176, 178] (64.0)
90 : [165, 183, 185] (77.0)
91 : [186, 189] (66.0)
92 : [181, 187] (87.0)
93 : [184] (51.0)
94 : [182, 192] (55.0)
95 : [195] (53.0)
96 : [199] (54.0)
97 : [196, 205] (56.0)
98 : [190, 201] (95.0)
99 : [202, 203] (62.0)
100 : [197, 213] (55.0)
101 : [191, 210] (51.0)
102 : [] (0.0)
103 : [198, 200, 209, 214] (88.0)
104 : [204, 207, 208] (92.0)
105 : [194, 206, 212, 220] (89.0)
106 : [] (0.0)
107 : [] (0.0)
108 : [225, 226] (64.0)
109 : [211, 218] (74.0)
110 : [217, 221] (83.0)
111 : [] (0.0)
112 : [222, 230] (70.0)
113 : [215, 233, 236] (96.0)
114 : [216, 227, 229] (60.0)
115 : [219, 223, 239] (63.0)
116 : [228, 237] (82.0)
117 : [234, 238] (76.0)
118 : [235, 251] (83.0)
119 : [224, 231] (65.0)
120 : [242] (56.0)
121 : [240, 241] (64.0)
122 : [232, 255] (66.0)
123 : [243, 244, 250, 257, 259] (55.0)
124 : [248, 253, 263] (56.0)
125 : [245, 265] (74.0)
126 : [246, 247] (64.0)
127 : [256] (57.0)
128 : [249] (51.0)
129 : [260, 267] (65.0)
130 : [252, 254] (89.0)
131 : [262, 268] (76.0)
132 : [258] (50.0)
133 : [266, 269, 281] (75.0)
134 : [278, 280] (77.0)
135 : [272] (58.0)
136 : [285, 286] (97.0)
137 : [270, 271, 273, 277] (87.0)
138 : [261, 264] (85.0)
139 : [] (0.0)
140 : [276] (51.0)
141 : [283, 293] (60.0)
142 : [295] (53.0)
143 : [279, 290] (78.0)
144 : [282, 287] (64.0)
145 : [275, 291, 299] (53.0)
146 : [274, 297] (85.0)
147 : [288, 289, 310] (73.0)
148 : [284, 294, 306, 309] (78.0)
149 : [] (0.0)
150 : [292, 296] (63.0)
151 : [298, 300] (82.0)
152 : [302, 313] (91.0)
153 : [319, 320] (50.0)
154 : [305, 316] (87.0)
155 : [311, 312] (80.0)
156 : [301, 303] (55.0)
157 : [304, 307, 317] (97.0)
158 : [318, 330] (91.0)
159 : [324, 325] (69.0)
160 : [331, 338] (62.0)
161 : [308, 322] (52.0)
162 : [314, 321, 326] (71.0)
163 : [327] (56.0)
164 : [334] (55.0)
165 : [328] (62.0)
166 : [315] (50.0)
167 : [337] (58.0)
168 : [323, 335] (70.0)
169 : [332, 333, 350] (98.0)
170 : [329, 347] (68.0)
171 : [336, 342] (68.0)
172 : [339, 341, 346] (92.0)
173 : [345, 348] (77.0)
174 : [344, 358] (64.0)
175 : [355] (60.0)
176 : [349, 351] (74.0)
177 : [340, 356] (51.0)
178 : [343, 352, 354, 364] (70.0)
179 : [353, 372] (52.0)
180 : [357, 360] (66.0)
181 : [361, 363] (86.0)
182 : [359, 362] (72.0)
183 : [366, 367, 377] (89.0)
184 : [365] (58.0)
185 : [368, 371] (74.0)
186 : [373] (59.0)
187 : [374] (53.0)
188 : [375, 376, 379] (87.0)
189 : [369, 383] (73.0)
190 : [386, 390] (75.0)
191 : [370, 389, 391] (92.0)
192 : [378] (59.0)
193 : [381, 382, 385, 393] (67.0)
194 : [388, 394] (87.0)
195 : [387] (51.0)
196 : [380, 396] (98.0)
197 : [384] (62.0)
198 : [395, 402] (86.0)
199 : [401, 410] (67.0)
200 : [397, 412] (94.0)
201 : [398, 417] (97.0)
202 : [392, 406] (98.0)
203 : [403, 407, 411, 413] (86.0)
204 : [408, 409] (74.0)
205 : [421] (57.0)
206 : [400] (56.0)
207 : [399, 414, 416] (99.0)
208 : [433] (53.0)
209 : [404, 405, 424] (91.0)
210 : [425] (57.0)
211 : [418] (56.0)
212 : [422, 426] (74.0)
213 : [427, 431] (76.0)
214 : [415, 435, 437] (96.0)
215 : [423, 429] (70.0)
216 : [434, 440, 442] (63.0)
217 : [441] (54.0)
218 : [419, 430, 432] (77.0)
219 : [420, 428, 444] (83.0)
220 : [449, 450] (68.0)
221 : [453] (69.0)
222 : [445] (50.0)
223 : [438, 439, 446] (97.0)
224 : [436] (59.0)
225 : [447, 458] (65.0)
226 : [454, 457, 463] (90.0)
227 : [448, 452, 456] (87.0)
228 : [443, 465] (91.0)
229 : [451, 455] (92.0)
230 : [462, 467] (106.0)
231 : [459, 460] (77.0)
232 : [461] (63.0)
233 : [464, 469] (88.0)
234 : [470] (59.0)
235 : [487] (52.0)
236 : [466, 475] (82.0)
237 : [473, 479] (87.0)
238 : [472, 474, 483] (99.0)
239 : [468, 477] (56.0)
240 : [476, 485] (96.0)
241 : [471, 481, 486] (87.0)
242 : [484, 501] (59.0)
243 : [478, 480, 482] (94.0)
244 : [489] (56.0)
245 : [496, 497] (78.0)
246 : [488, 490, 491] (100.0)
247 : [495] (73.0)
248 : [493, 494, 502, 503] (100.0)
249 : [492, 499] (84.0)
250 : [498] (57.0)
251 : [504, 507] (85.0)
252 : [506, 517] (76.0)
253 : [512, 520] (93.0)
254 : [508, 509] (79.0)
255 : [505, 516] (76.0)
256 : [500] (50.0)
257 : [511, 513] (96.0)
258 : [510, 525] (77.0)
259 : [518, 519] (79.0)
260 : [515, 521, 526, 535] (90.0)
261 : [514, 523, 524] (96.0)
262 : [527, 532] (91.0)
263 : [522] (66.0)
264 : [538, 541] (70.0)
265 : [528, 529] (80.0)
266 : [531, 534] (92.0)
267 : [530, 537] (78.0)
268 : [533] (61.0)
269 : [544, 552] (82.0)
270 : [540] (51.0)
271 : [543, 546] (81.0)
272 : [554] (52.0)
273 : [539, 551] (81.0)
274 : [547, 548] (86.0)
275 : [536, 549, 557] (98.0)
276 : [555, 564] (96.0)
277 : [542, 559] (84.0)
278 : [550, 563] (91.0)
279 : [553, 561] (68.0)
280 : [545, 560] (96.0)
281 : [558, 565, 572] (91.0)
282 : [562, 566, 575] (86.0)
283 : [567] (59.0)
284 : [556] (62.0)
285 : [569, 570] (67.0)
286 : [573, 580] (85.0)
287 : [568, 577] (78.0)
288 : [576] (55.0)
289 : [574, 589] (67.0)
290 : [581, 582] (91.0)
291 : [571, 590] (82.0)
292 : [584, 587] (65.0)
293 : [583, 585, 593] (96.0)
294 : [579] (50.0)
295 : [578, 596] (79.0)
296 : [594] (65.0)
297 : [592, 597] (95.0)
298 : [588, 595] (91.0)
299 : [591, 609] (93.0)
300 : [586, 598, 600] (97.0)
301 : [602, 603] (85.0)
302 : [607, 611] (91.0)
303 : [601, 615] (98.0)
304 : [605, 625] (95.0)
305 : [606, 608] (86.0)
306 : [599] (69.0)
307 : [612, 619] (91.0)
308 : [604, 616] (86.0)
309 : [610, 613, 632] (85.0)
310 : [614, 622] (80.0)
311 : [620, 621] (86.0)
312 : [618, 635] (86.0)
313 : [626, 628, 636] (91.0)
314 : [623, 639] (94.0)
315 : [617, 633, 647] (91.0)
316 : [631, 638, 644] (87.0)
317 : [627, 653, 657] (97.0)
318 : [637, 640, 642] (99.0)
319 : [624, 646] (100.0)
320 : [645, 650, 655] (99.0)
321 : [634, 643, 652] (93.0)
322 : [629, 630, 649] (89.0)
323 : [641, 651, 654, 663] (85.0)
324 : [660, 666, 667, 681] (96.0)
325 : [656, 659, 664] (67.0)
326 : [661, 665, 673] (100.0)
327 : [648, 658, 668, 670, 674, 687] (95.0)
328 : [672, 677, 684] (99.0)
329 : [679, 683] (75.0)
330 : [678, 695] (87.0)
331 : [662, 671, 680] (70.0)
332 : [676, 682, 693] (92.0)
333 : [675, 701] (75.0)
334 : [685, 700] (93.0)
335 : [669, 691, 696] (94.0)
336 : [694, 697, 698] (93.0)
337 : [690, 692, 712] (100.0)
338 : [699, 702] (90.0)
339 : [686, 703, 707, 711] (100.0)
340 : [689, 705, 706] (92.0)
341 : [688, 727] (93.0)
342 : [704, 708, 709, 738, 740] (100.0)
343 : [726, 735] (78.0)
344 : [713, 717, 720, 721, 725] (99.0)
345 : [715, 730] (88.0)
346 : [714, 719, 724] (100.0)
347 : [718, 733, 746] (100.0)
348 : [710, 723, 752] (99.0)
349 : [716, 729, 731, 736] (100.0)
350 : [734, 739] (97.0)
351 : [728, 737, 742, 751] (95.0)
352 : [722, 741, 744] (95.0)
353 : [743, 745, 748, 762] (99.0)
354 : [732, 757] (82.0)
355 : [753, 761, 766] (107.0)
356 : [747, 758, 765, 779] (93.0)
357 : [750, 755, 756, 764] (89.0)
358 : [772, 774] (91.0)
359 : [776, 780] (90.0)
360 : [749, 759, 771] (82.0)
361 : [754, 769] (94.0)
362 : [763, 767, 770, 773, 782] (95.0)
363 : [777, 781, 801] (97.0)
364 : [768, 778, 793] (94.0)
365 : [775, 786, 787] (89.0)
366 : [760, 783] (85.0)
367 : [784, 794, 803] (82.0)
368 : [792] (71.0)
369 : [795, 796] (95.0)
370 : [785, 797, 806, 815] (100.0)
371 : [788, 789, 791, 798, 805] (99.0)
372 : [816, 817, 824] (98.0)
373 : [804, 809, 825] (96.0)
374 : [799, 808, 810] (99.0)
375 : [790, 807, 819] (98.0)
376 : [800, 812, 813] (96.0)
377 : [820, 831, 835] (98.0)
378 : [823, 843] (94.0)
379 : [818, 822, 827] (102.0)
380 : [802, 828, 829] (89.0)
381 : [811, 821, 826] (93.0)
382 : [840, 842, 845] (88.0)
383 : [830, 832, 834, 854] (86.0)
384 : [814, 836, 847, 853] (98.0)
385 : [833, 851, 864] (99.0)
386 : [838, 839, 841, 873] (100.0)
387 : [848, 849, 852, 860] (104.0)
388 : [837, 846, 862] (100.0)
389 : [844, 859] (99.0)
390 : [850, 870] (95.0)
391 : [856, 857, 867] (100.0)
392 : [865, 866, 880] (95.0)
393 : [858, 868, 869, 884] (95.0)
394 : [863, 871, 879, 894] (93.0)
395 : [855, 872] (86.0)
396 : [875, 881, 885, 890] (93.0)
397 : [874, 878, 882] (102.0)
398 : [861, 877, 887] (99.0)
399 : [888, 902] (90.0)
400 : [892, 909] (98.0)
401 : [891, 898] (99.0)
402 : [886, 889, 893, 903] (96.0)
403 : [876, 896, 897] (93.0)
404 : [883, 906] (98.0)
405 : [899, 912, 915, 919] (98.0)
406 : [904, 916] (93.0)
407 : [895, 911, 914] (99.0)
408 : [910, 918, 920, 924] (100.0)
409 : [905, 913, 917] (94.0)
410 : [900, 901, 907] (99.0)
411 : [922, 923, 929] (100.0)
412 : [926, 928, 940] (97.0)
413 : [908, 921, 936] (109.0)
414 : [927, 934, 944] (100.0)
415 : [931, 933] (97.0)
416 : [925, 935] (99.0)
417 : [932, 941, 942, 949] (100.0)
418 : [948, 963] (100.0)
419 : [945, 951, 953] (98.0)
420 : [937, 950] (98.0)
421 : [939, 943, 960, 962, 967] (96.0)
422 : [930, 946, 954] (100.0)
423 : [938, 947, 957] (97.0)
424 : [978, 980, 982] (99.0)
425 : [955, 958, 961] (102.0)
426 : [972, 975] (86.0)
427 : [956, 959, 973] (99.0)
428 : [952, 969] (100.0)
429 : [970, 971, 977, 984] (99.0)
430 : [968, 974, 981, 989] (93.0)
431 : [976, 979, 990] (99.0)
432 : [965, 966, 994] (100.0)
433 : [964, 983, 985] (86.0)
434 : [987, 999] (100.0)
435 : [991, 996, 997] (108.0)
436 : [988, 995] (100.0)
437 : [986, 992, 993, 998] (98.0)
