Name: 250-40-75
Time: 23.057620525360107 
Result: 42
Solution:  0 0 1 3 2 3 2 8 1 7 11 6 6 7 5 5 11 4 10 11 10 11 16 13 3 11 8 22 20 15 19 8 18 16 16 25 19 13 17 17 18 21 20 21 27 24 28 15 22 21 30 25 32 26 23 23 26 24 29 33 29 28 28 40 31 32 30 33 36 36 35 34 40 32 37 32 38 35 42 39 43 34 42 40 44 45 46 45 39 43 45 40 38 41 48 49 54 44 41 55 50 50 48 57 57 49 54 47 51 57 53 56 52 57 53 53 57 58 60 64 54 61 59 60 62 59 63 62 62 66 65 62 62 68 69 67 65 61 68 66 70 69 65 71 67 74 68 66 71 70 72 70 73 70 77 64 67 70 74 75 75 71 72 81 75 77 79 73 78 80 72 84 83 79 78 73 76 80 76 88 76 80 81 82 83 86 79 83 92 92 85 84 84 90 81 82 88 85 91 87 87 91 87 88 83 89 86 88 89 93 90 99 89 96 99 85 85 95 90 94 95 95 97 94 98 98 93 100 98 92 93 96 101 96 98 101 94 100 102 102 97 96 100 103 104 99 104 99 102 103
0 : [0, 1] (40.0)
1 : [2, 8] (47.0)
2 : [4, 6] (59.0)
3 : [3, 5, 24] (58.0)
4 : [17] (42.0)
5 : [14, 15] (43.0)
6 : [11, 12] (53.0)
7 : [9, 13] (45.0)
8 : [7, 26, 31] (52.0)
9 : [] (0.0)
10 : [18, 20] (49.0)
11 : [10, 16, 19, 21, 25] (55.0)
12 : [] (0.0)
13 : [23, 37] (70.0)
14 : [] (0.0)
15 : [29, 47] (58.0)
16 : [22, 33, 34] (41.0)
17 : [38, 39] (47.0)
18 : [32, 40] (62.0)
19 : [30, 36] (44.0)
20 : [28, 42] (45.0)
21 : [41, 43, 49] (45.0)
22 : [27, 48] (64.0)
23 : [54, 55] (49.0)
24 : [45, 57] (45.0)
25 : [35, 51] (61.0)
26 : [53, 56] (46.0)
27 : [44] (40.0)
28 : [46, 61, 62] (50.0)
29 : [58, 60] (51.0)
30 : [50, 66] (55.0)
31 : [64] (43.0)
32 : [52, 65, 73, 75] (69.0)
33 : [59, 67] (55.0)
34 : [71, 81] (41.0)
35 : [70, 77] (58.0)
36 : [68, 69] (52.0)
37 : [74] (40.0)
38 : [76, 92] (40.0)
39 : [79, 88] (59.0)
40 : [63, 72, 83, 91] (67.0)
41 : [93, 98] (60.0)
42 : [78, 82] (67.0)
43 : [80, 89] (67.0)
44 : [84, 97] (69.0)
45 : [85, 87, 90] (74.0)
46 : [86] (41.0)
47 : [107] (59.0)
48 : [94, 102] (72.0)
49 : [95, 105] (72.0)
50 : [100, 101] (59.0)
51 : [108] (48.0)
52 : [112] (48.0)
53 : [110, 114, 115] (66.0)
54 : [96, 106, 120] (66.0)
55 : [99] (43.0)
56 : [111] (57.0)
57 : [103, 104, 109, 113, 116] (68.0)
58 : [117] (55.0)
59 : [122, 125] (60.0)
60 : [118, 123] (73.0)
61 : [121, 137] (67.0)
62 : [124, 127, 128, 131, 132] (62.0)
63 : [126] (53.0)
64 : [119, 155] (52.0)
65 : [130, 136, 142] (66.0)
66 : [129, 139, 147] (74.0)
67 : [135, 144, 156] (70.0)
68 : [133, 138, 146] (75.0)
69 : [134, 141] (67.0)
70 : [140, 149, 151, 153, 157] (75.0)
71 : [143, 148, 161] (70.0)
72 : [150, 162, 170] (74.0)
73 : [152, 167, 175] (71.0)
74 : [145, 158] (62.0)
75 : [159, 160, 164] (69.0)
76 : [176, 178, 180] (66.0)
77 : [154, 165] (71.0)
78 : [168, 174] (72.0)
79 : [166, 173, 186] (69.0)
80 : [169, 177, 181] (64.0)
81 : [163, 182, 194] (66.0)
82 : [183, 195] (73.0)
83 : [172, 184, 187, 204] (75.0)
84 : [171, 191, 192] (74.0)
85 : [190, 197, 215, 216] (69.0)
86 : [185, 206] (60.0)
87 : [199, 200, 202] (72.0)
88 : [179, 196, 203, 207] (75.0)
89 : [205, 208, 212] (75.0)
90 : [193, 210, 218] (71.0)
91 : [198, 201] (68.0)
92 : [188, 189, 229] (70.0)
93 : [209, 226, 230] (74.0)
94 : [219, 223, 236] (73.0)
95 : [217, 220, 221] (72.0)
96 : [213, 231, 233, 241] (70.0)
97 : [222, 240] (62.0)
98 : [224, 225, 228, 234] (65.0)
99 : [211, 214, 245, 247] (70.0)
100 : [227, 237, 242] (73.0)
101 : [232, 235] (72.0)
102 : [238, 239, 248] (82.0)
103 : [243, 249] (77.0)
104 : [244, 246] (69.0)
