Name: 250-30-50
Time: 23.61800503730774 
Result: 23
Solution:  1 0 1 2 2 7 0 12 5 1 4 4 3 3 7 10 8 13 9 5 9 8 11 10 12 11 17 15 14 13 7 17 14 15 26 21 18 9 21 22 22 18 24 25 20 29 16 20 23 22 23 19 26 19 24 29 29 27 30 25 36 31 35 26 31 29 40 34 28 30 38 28 34 35 42 36 38 41 33 38 39 41 39 48 40 43 42 44 46 43 46 49 38 45 48 45 46 44 49 52 56 50 47 54 53 52 57 50 48 54 57 55 53 56 63 58 58 63 51 50 59 60 62 60 66 68 62 64 65 72 65 61 59 68 67 75 69 74 69 75 68 67 71 76 71 70 73 76 74 78 73 72 79 71 78 72 76 77 76 74 70 81 73 77 78 81 80 81 80 75 88 77 79 83 82 83 86 80 91 83 89 84 82 85 85 89 87 87 88 86 88 88 95 84 89 90 87 91 82 97 85 90 99 90 96 89 91 94 92 96 93 101 86 99 94 102 98 92 95 89 97 107 94 100 101 96 104 93 107 106 106 96 105 106 93 102 102 101 103 98 100 104 107 105 103 105 105 106 102 107
0 : [1, 6] (31.0)
1 : [0, 2, 9] (30.0)
2 : [3, 4] (45.0)
3 : [12, 13] (31.0)
4 : [10, 11] (31.0)
5 : [8, 19] (37.0)
6 : [] (0.0)
7 : [5, 14, 30] (32.0)
8 : [16, 21] (30.0)
9 : [18, 20, 37] (37.0)
10 : [15, 23] (38.0)
11 : [22, 25] (31.0)
12 : [7, 24] (37.0)
13 : [17, 29] (34.0)
14 : [28, 32] (35.0)
15 : [27, 33] (33.0)
16 : [46] (30.0)
17 : [26, 31] (37.0)
18 : [36, 41] (37.0)
19 : [51, 53] (40.0)
20 : [44, 47] (35.0)
21 : [35, 38] (50.0)
22 : [39, 40, 49] (36.0)
23 : [48, 50] (43.0)
24 : [42, 54] (31.0)
25 : [43, 59] (38.0)
26 : [34, 52, 63] (30.0)
27 : [57] (32.0)
28 : [68, 71] (39.0)
29 : [45, 55, 56, 65] (31.0)
30 : [58, 69] (43.0)
31 : [61, 64] (46.0)
32 : [] (0.0)
33 : [78] (31.0)
34 : [67, 72] (33.0)
35 : [62, 73] (31.0)
36 : [60, 75] (32.0)
37 : [] (0.0)
38 : [70, 76, 79, 92] (40.0)
39 : [80, 82] (46.0)
40 : [66, 84] (43.0)
41 : [77, 81] (48.0)
42 : [74, 86] (45.0)
43 : [85, 89] (45.0)
44 : [87, 97] (46.0)
45 : [93, 95] (39.0)
46 : [88, 90, 96] (41.0)
47 : [102] (30.0)
48 : [83, 94, 108] (45.0)
49 : [91, 98] (41.0)
50 : [101, 107, 119] (38.0)
51 : [118] (36.0)
52 : [99, 105] (46.0)
53 : [104, 112] (37.0)
54 : [103, 109] (41.0)
55 : [111] (30.0)
56 : [100, 113] (39.0)
57 : [106, 110] (39.0)
58 : [115, 116] (44.0)
59 : [120, 132] (38.0)
60 : [121, 123] (39.0)
61 : [131] (34.0)
62 : [122, 126] (41.0)
63 : [114, 117] (36.0)
64 : [127] (32.0)
65 : [128, 130] (32.0)
66 : [124] (32.0)
67 : [134, 141] (52.0)
68 : [125, 133, 140] (39.0)
69 : [136, 138] (50.0)
70 : [145, 160] (49.0)
71 : [142, 144, 153] (47.0)
72 : [129, 151, 155] (45.0)
73 : [146, 150, 162] (42.0)
74 : [137, 148, 159] (50.0)
75 : [135, 139, 169] (47.0)
76 : [143, 147, 156, 158] (49.0)
77 : [157, 163, 171] (50.0)
78 : [149, 154, 164] (45.0)
79 : [152, 172] (47.0)
80 : [166, 168, 177] (49.0)
81 : [161, 165, 167] (48.0)
82 : [174, 182, 198] (35.0)
83 : [173, 175, 179] (49.0)
84 : [181, 193] (49.0)
85 : [183, 184, 200] (50.0)
86 : [176, 189, 212] (37.0)
87 : [186, 187, 196] (49.0)
88 : [170, 188, 190, 191] (45.0)
89 : [180, 185, 194, 205, 219] (48.0)
90 : [195, 201, 203] (49.0)
91 : [178, 197, 206] (42.0)
92 : [208, 217] (48.0)
93 : [210, 227, 234] (49.0)
94 : [207, 214, 222] (50.0)
95 : [192, 218] (50.0)
96 : [204, 209, 225, 231] (50.0)
97 : [199, 220] (49.0)
98 : [216, 239] (50.0)
99 : [202, 213] (53.0)
100 : [223, 240] (48.0)
101 : [211, 224, 237] (50.0)
102 : [215, 235, 236, 248] (50.0)
103 : [238, 244] (50.0)
104 : [226, 241] (49.0)
105 : [232, 243, 245, 246] (51.0)
106 : [229, 230, 233, 247] (50.0)
107 : [221, 228, 242, 249] (49.0)
