Name: 250-60-125
Time: 23.267388343811035 
Result: 73
Solution:  2 2 1 0 7 3 6 1 3 4 5 1 15 0 11 6 8 5 9 7 8 10 4 8 10 13 13 9 22 16 21 14 11 15 16 14 21 16 19 19 21 24 29 17 23 13 15 23 24 22 29 32 27 25 27 28 28 32 25 29 35 31 28 34 30 32 30 34 35 33 31 36 31 37 38 38 38 44 33 42 41 44 43 39 41 36 40 37 37 45 39 46 43 47 49 42 49 48 47 49 47 50 47 54 47 52 51 45 53 59 61 59 56 52 55 57 55 59 58 57 56 51 60 57 67 62 65 61 65 63 64 64 66 63 68 68 67 68 72 60 72 73 73 71 70 69 74 66 74 74 81 73 84 76 69 77 75 77 84 82 78 81 78 79 86 87 80 86 83 79 76 87 85 88 80 79 93 90 84 90 85 91 93 92 94 94 86 88 97 91 89 89 103 92 95 100 98 97 96 96 101 101 100 106 107 106 99 99 98 105 104 104 108 108 106 109 111 103 102 102 110 113 105 111 108 107 112 111 109 118 110 112 115 114 113 114 119 110 116 115 114 116 119 119 117 117 117 119 119 115
0 : [3, 13] (86.0)
1 : [2, 7, 11] (52.0)
2 : [0, 1] (60.0)
3 : [5, 8] (62.0)
4 : [9, 22] (71.0)
5 : [10, 17] (78.0)
6 : [6, 15] (61.0)
7 : [4, 19] (61.0)
8 : [16, 20, 23] (77.0)
9 : [18, 27] (71.0)
10 : [21, 24] (76.0)
11 : [14, 32] (69.0)
12 : [] (0.0)
13 : [25, 26, 45] (75.0)
14 : [31, 35] (88.0)
15 : [12, 33, 46] (70.0)
16 : [29, 34, 37] (62.0)
17 : [43] (61.0)
18 : [] (0.0)
19 : [38, 39] (65.0)
20 : [] (0.0)
21 : [30, 36, 40] (79.0)
22 : [28, 49] (99.0)
23 : [44, 47] (83.0)
24 : [41, 48] (61.0)
25 : [53, 58] (74.0)
26 : [] (0.0)
27 : [52, 54] (90.0)
28 : [55, 56, 62] (73.0)
29 : [42, 50, 59] (72.0)
30 : [64, 66] (91.0)
31 : [61, 70, 72] (78.0)
32 : [51, 57, 65] (77.0)
33 : [69, 78] (83.0)
34 : [63, 67] (77.0)
35 : [60, 68] (71.0)
36 : [71, 85] (72.0)
37 : [73, 87, 88] (119.0)
38 : [74, 75, 76] (102.0)
39 : [83, 90] (83.0)
40 : [86] (64.0)
41 : [80, 84] (78.0)
42 : [79, 95] (86.0)
43 : [82, 92] (75.0)
44 : [77, 81] (77.0)
45 : [89, 107] (60.0)
46 : [91] (62.0)
47 : [93, 98, 100, 102, 104] (108.0)
48 : [97] (69.0)
49 : [94, 96, 99] (105.0)
50 : [101] (67.0)
51 : [106, 121] (108.0)
52 : [105, 113] (87.0)
53 : [108] (69.0)
54 : [103] (71.0)
55 : [114, 116] (108.0)
56 : [112, 120] (67.0)
57 : [115, 119, 123] (74.0)
58 : [118] (88.0)
59 : [109, 111, 117] (66.0)
60 : [122, 139] (92.0)
61 : [110, 127] (109.0)
62 : [125] (76.0)
63 : [129, 133] (106.0)
64 : [130, 131] (95.0)
65 : [126, 128] (108.0)
66 : [132, 147] (102.0)
67 : [124, 136] (83.0)
68 : [134, 135, 137] (124.0)
69 : [145, 154] (61.0)
70 : [144] (68.0)
71 : [143] (82.0)
72 : [138, 140] (110.0)
73 : [141, 142, 151] (96.0)
74 : [146, 148, 149] (124.0)
75 : [156] (76.0)
76 : [153, 170] (125.0)
77 : [155, 157] (91.0)
78 : [160, 162] (121.0)
79 : [163, 169, 175] (117.0)
80 : [166, 174] (117.0)
81 : [150, 161] (121.0)
82 : [159] (77.0)
83 : [168] (90.0)
84 : [152, 158, 178] (115.0)
85 : [172, 180] (86.0)
86 : [164, 167, 186] (104.0)
87 : [165, 171] (116.0)
88 : [173, 187] (87.0)
89 : [190, 191] (112.0)
90 : [177, 179] (105.0)
91 : [181, 189] (118.0)
92 : [183, 193] (120.0)
93 : [176, 182] (119.0)
94 : [184, 185] (111.0)
95 : [194] (102.0)
96 : [198, 199] (115.0)
97 : [188, 197] (125.0)
98 : [196, 208] (117.0)
99 : [206, 207] (116.0)
100 : [195, 202] (110.0)
101 : [200, 201] (115.0)
102 : [218, 219] (121.0)
103 : [192, 217] (118.0)
104 : [210, 211] (118.0)
105 : [209, 222] (120.0)
106 : [203, 205, 214] (123.0)
107 : [204, 225] (122.0)
108 : [212, 213, 224] (119.0)
109 : [215, 228] (117.0)
110 : [220, 230, 237] (91.0)
111 : [216, 223, 227] (124.0)
112 : [226, 231] (117.0)
113 : [221, 234] (123.0)
114 : [233, 235, 240] (122.0)
115 : [232, 239, 249] (121.0)
116 : [238, 241] (120.0)
117 : [244, 245, 246] (125.0)
118 : [229] (66.0)
119 : [236, 242, 243, 247, 248] (125.0)
