Name: 250-50-100
Time: 24.53866410255432 
Result: 49
Solution:  2 4 4 0 5 0 12 2 2 7 1 1 7 5 6 8 14 9 7 0 8 6 13 11 13 12 13 16 14 15 17 13 9 15 20 11 16 18 20 24 23 22 17 19 20 18 19 21 22 26 21 23 28 21 31 24 29 32 29 35 33 27 26 38 27 34 34 31 32 36 37 39 36 33 40 28 35 38 46 39 41 37 47 34 44 47 43 43 39 45 43 48 41 44 50 42 42 44 49 49 57 55 51 48 45 46 56 51 55 53 61 56 54 60 56 58 52 59 59 59 66 57 62 63 62 55 61 60 70 66 65 64 65 74 64 65 67 67 69 68 72 73 73 71 64 78 66 65 69 72 70 75 63 71 72 68 68 71 74 75 71 72 77 73 76 80 76 81 78 79 77 76 82 76 79 84 86 77 75 80 83 80 91 81 82 84 86 87 85 81 83 93 90 80 88 77 91 83 89 89 88 87 88 86 94 96 91 90 92 90 82 87 93 92 90 90 85 92 89 97 100 91 95 93 98 100 99 98 98 97 94 98 104 92 102 101 95 100 101 96 103 94 99 102 103 101 94 103 98 104
0 : [3, 5, 19] (55.0)
1 : [10, 11] (51.0)
2 : [0, 7, 8] (61.0)
3 : [] (0.0)
4 : [1, 2] (79.0)
5 : [4, 13] (69.0)
6 : [14, 21] (53.0)
7 : [9, 12, 18] (60.0)
8 : [15, 20] (53.0)
9 : [17, 32] (54.0)
10 : [] (0.0)
11 : [23, 35] (77.0)
12 : [6, 25] (74.0)
13 : [22, 24, 26, 31] (56.0)
14 : [16, 28] (53.0)
15 : [29, 33] (59.0)
16 : [27, 36] (78.0)
17 : [30, 42] (63.0)
18 : [37, 45] (53.0)
19 : [43, 46] (89.0)
20 : [34, 38, 44] (55.0)
21 : [47, 50, 53] (79.0)
22 : [41, 48] (53.0)
23 : [40, 51] (53.0)
24 : [39, 55] (64.0)
25 : [] (0.0)
26 : [49, 62] (58.0)
27 : [61, 64] (57.0)
28 : [52, 75] (53.0)
29 : [56, 58] (58.0)
30 : [] (0.0)
31 : [54, 67] (74.0)
32 : [57, 68] (64.0)
33 : [60, 73] (68.0)
34 : [65, 66, 83] (79.0)
35 : [59, 76] (71.0)
36 : [69, 72] (65.0)
37 : [70, 81] (88.0)
38 : [63, 77] (57.0)
39 : [71, 79, 88] (64.0)
40 : [74] (57.0)
41 : [80, 92] (65.0)
42 : [95, 96] (69.0)
43 : [86, 87, 90] (78.0)
44 : [84, 93, 97] (70.0)
45 : [89, 104] (88.0)
46 : [78, 105] (78.0)
47 : [82, 85] (92.0)
48 : [91, 103] (92.0)
49 : [98, 99] (72.0)
50 : [94] (52.0)
51 : [102, 107] (84.0)
52 : [116] (75.0)
53 : [109] (61.0)
54 : [112] (54.0)
55 : [101, 108, 125] (91.0)
56 : [106, 111, 114] (92.0)
57 : [100, 121] (93.0)
58 : [115] (55.0)
59 : [117, 118, 119] (79.0)
60 : [113, 127] (57.0)
61 : [110, 126] (85.0)
62 : [122, 124] (63.0)
63 : [123, 152] (65.0)
64 : [131, 134, 144] (92.0)
65 : [130, 132, 135, 147] (51.0)
66 : [120, 129, 146] (71.0)
67 : [136, 137] (52.0)
68 : [139, 155, 156] (93.0)
69 : [138, 148] (59.0)
70 : [128, 150] (93.0)
71 : [143, 153, 157, 160] (89.0)
72 : [140, 149, 154, 161] (90.0)
73 : [141, 142, 163] (100.0)
74 : [133, 158] (84.0)
75 : [151, 159, 178] (94.0)
76 : [164, 166, 171, 173] (98.0)
77 : [162, 170, 177, 195] (85.0)
78 : [145, 168] (92.0)
79 : [169, 174] (94.0)
80 : [165, 179, 181, 193] (88.0)
81 : [167, 183, 189] (99.0)
82 : [172, 184, 210] (100.0)
83 : [180, 190, 197] (90.0)
84 : [175, 185] (82.0)
85 : [188, 216] (93.0)
86 : [176, 186, 203] (98.0)
87 : [187, 201, 211] (96.0)
88 : [194, 200, 202] (97.0)
89 : [198, 199, 218] (99.0)
90 : [192, 207, 209, 214, 215] (99.0)
91 : [182, 196, 206, 221] (95.0)
92 : [208, 213, 217, 233] (95.0)
93 : [191, 212, 223] (86.0)
94 : [204, 230, 241, 246] (96.0)
95 : [222, 236] (98.0)
96 : [205, 239] (99.0)
97 : [219, 229] (92.0)
98 : [224, 227, 228, 231, 248] (96.0)
99 : [226, 242] (99.0)
100 : [220, 225, 237] (99.0)
101 : [235, 238, 245] (98.0)
102 : [234, 243] (89.0)
103 : [240, 244, 247] (95.0)
104 : [232, 249] (91.0)
