Name: 250-20-30
Time: 24.40367102622986 
Result: 13
Solution:  1 0 1 2 4 0 5 6 7 2 8 2 5 4 10 7 5 14 0 8 12 16 10 6 9 12 13 12 14 18 9 11 16 11 19 16 18 13 18 15 21 19 28 20 20 21 26 22 25 25 22 24 26 32 24 30 29 28 27 31 30 33 30 32 31 34 27 33 29 35 32 42 36 31 33 34 32 35 36 37 34 41 37 40 39 38 34 40 39 40 35 46 37 38 41 46 40 43 41 44 52 41 44 40 42 43 48 45 44 51 48 49 50 47 42 48 49 51 45 51 42 45 45 52 55 42 49 50 59 51 54 60 56 58 59 54 50 58 61 55 54 57 57 57 61 54 58 53 62 54 61 59 53 58 56 57 64 63 59 62 65 64 62 61 66 63 64 60 59 64 65 67 68 69 71 72 60 67 69 66 62 71 64 66 70 71 70 71 68 68 74 74 75 73 74 74 75 76 73 76 75 76 80 75 81 77 71 72 87 72 79 78 81 78 77 81 72 75 82 83 90 84 84 83 82 87 85 79 83 85 91 84 80 90 85 88 83 90 89 89 86 88 85 91 91 89 92 92 92 89
0 : [1, 5, 18] (22.0)
1 : [0, 2] (29.0)
2 : [3, 9, 11] (22.0)
3 : [] (0.0)
4 : [4, 13] (30.0)
5 : [6, 12, 16] (23.0)
6 : [7, 23] (21.0)
7 : [8, 15] (21.0)
8 : [10, 19] (24.0)
9 : [24, 30] (28.0)
10 : [14, 22] (21.0)
11 : [31, 33] (20.0)
12 : [20, 25, 27] (22.0)
13 : [26, 37] (28.0)
14 : [17, 28] (21.0)
15 : [39] (20.0)
16 : [21, 32, 35] (24.0)
17 : [] (0.0)
18 : [29, 36, 38] (21.0)
19 : [34, 41] (27.0)
20 : [43, 44] (20.0)
21 : [40, 45] (24.0)
22 : [47, 50] (26.0)
23 : [] (0.0)
24 : [51, 54] (23.0)
25 : [48, 49] (22.0)
26 : [46, 52] (28.0)
27 : [58, 66] (22.0)
28 : [42, 57] (22.0)
29 : [56, 68] (23.0)
30 : [55, 60, 62] (20.0)
31 : [59, 64, 73] (26.0)
32 : [53, 63, 70, 76] (24.0)
33 : [61, 67, 74] (20.0)
34 : [65, 75, 80, 86] (20.0)
35 : [69, 77, 90] (20.0)
36 : [72, 78] (28.0)
37 : [79, 82, 92] (22.0)
38 : [85, 93] (26.0)
39 : [84, 88] (27.0)
40 : [83, 87, 89, 96, 103] (21.0)
41 : [81, 94, 98, 101] (21.0)
42 : [71, 104, 114, 120, 125] (21.0)
43 : [97, 105] (31.0)
44 : [99, 102, 108] (25.0)
45 : [107, 118, 121, 122] (22.0)
46 : [91, 95] (24.0)
47 : [113] (20.0)
48 : [106, 110, 115] (27.0)
49 : [111, 116, 126] (24.0)
50 : [112, 127, 136] (28.0)
51 : [109, 117, 119, 129] (24.0)
52 : [100, 123] (28.0)
53 : [147, 152] (24.0)
54 : [130, 135, 140, 145, 149] (29.0)
55 : [124, 139] (31.0)
56 : [132, 154] (32.0)
57 : [141, 142, 143, 155] (29.0)
58 : [133, 137, 146, 153] (30.0)
59 : [128, 134, 151, 158, 168] (26.0)
60 : [131, 167, 176] (22.0)
61 : [138, 144, 150, 163] (28.0)
62 : [148, 159, 162, 180] (24.0)
63 : [157, 165] (21.0)
64 : [156, 161, 166, 169, 182] (30.0)
65 : [160, 170] (27.0)
66 : [164, 179, 183] (30.0)
67 : [171, 177] (28.0)
68 : [172, 188, 189] (30.0)
69 : [173, 178] (28.0)
70 : [184, 186] (25.0)
71 : [174, 181, 185, 187, 206] (30.0)
72 : [175, 207, 209, 216] (30.0)
73 : [193, 198] (33.0)
74 : [190, 191, 194, 195] (30.0)
75 : [192, 196, 200, 203, 217] (30.0)
76 : [197, 199, 201] (30.0)
77 : [205, 214] (32.0)
78 : [211, 213] (26.0)
79 : [210, 227] (28.0)
80 : [202, 232] (28.0)
81 : [204, 212, 215] (26.0)
82 : [218, 224] (24.0)
83 : [219, 223, 228, 236] (26.0)
84 : [221, 222, 231] (26.0)
85 : [226, 229, 234, 242] (29.0)
86 : [240] (25.0)
87 : [208, 225] (27.0)
88 : [235, 241] (29.0)
89 : [238, 239, 245, 249] (27.0)
90 : [220, 233, 237] (26.0)
91 : [230, 243, 244] (28.0)
92 : [246, 247, 248] (29.0)
