Name: 500-40-75
Time: 48.73346018791199 
Result: 37
Solution:  3 4 1 7 4 0 0 3 7 1 2 7 5 7 3 2 5 6 0 9 7 9 6 10 13 10 13 15 14 12 10 15 14 12 15 23 17 17 21 18 22 27 26 18 21 21 23 27 24 22 25 25 31 32 24 28 30 35 32 29 31 26 28 27 34 32 39 35 30 37 29 30 36 37 37 34 38 38 43 40 43 40 39 41 50 44 50 36 45 48 41 44 43 42 46 49 49 42 45 49 49 48 50 51 51 56 54 55 58 47 55 54 59 57 53 55 58 61 63 57 61 62 60 61 56 66 66 69 65 59 62 63 73 72 63 68 77 67 67 69 65 70 75 72 70 71 71 67 72 74 72 74 76 67 75 73 77 75 76 72 78 78 82 80 81 85 85 83 85 80 82 76 79 80 87 82 79 89 87 83 89 85 92 84 91 87 91 84 88 92 81 86 89 89 89 88 90 88 90 91 95 87 94 101 91 86 90 93 96 93 96 95 92 92 97 88 100 98 98 102 95 97 92 103 103 98 101 99 105 99 104 98 106 94 95 100 102 96 102 107 105 102 106 101 104 111 99 100 110 106 107 107 108 108 116 106 111 111 108 103 115 114 105 113 116 109 113 110 115 117 112 112 114 113 116 123 124 118 120 123 112 122 110 118 121 119 122 117 119 126 126 115 114 115 123 121 120 122 122 129 120 128 126 118 125 124 124 121 128 127 127 129 135 133 130 136 128 131 131 133 127 132 129 124 128 132 137 131 135 130 136 136 132 133 134 137 140 131 135 136 142 140 142 138 140 138 139 136 139 145 143 138 143 145 143 144 146 146 141 146 144 141 152 142 142 143 150 146 149 145 147 150 147 148 152 150 154 147 151 147 143 144 153 157 148 146 154 151 147 153 154 155 161 153 151 152 160 156 155 157 156 159 157 158 160 151 159 167 161 163 163 156 160 163 160 161 166 156 158 166 168 165 164 162 165 162 158 166 166 167 170 171 169 165 167 164 162 172 175 178 180 171 168 177 172 175 168 166 173 169 165 178 176 181 173 184 174 176 174 170 174 177 176 177 178 171 179 172 177 182 182 184 184 185 187 183 183 174 185 179 180 187 181 187 180 189 185 186 189 188 188 187 189 190 180 190 188 186 189 190
0 : [5, 6, 18] (40.0)
1 : [2, 9] (66.0)
2 : [10, 15] (58.0)
3 : [0, 7, 14] (45.0)
4 : [1, 4] (63.0)
5 : [12, 16] (51.0)
6 : [17, 22] (48.0)
7 : [3, 8, 11, 13, 20] (50.0)
8 : [] (0.0)
9 : [19, 21] (56.0)
10 : [23, 25, 30] (45.0)
11 : [] (0.0)
12 : [29, 33] (44.0)
13 : [24, 26] (51.0)
14 : [28, 32] (41.0)
15 : [27, 31, 34] (60.0)
16 : [] (0.0)
17 : [36, 37] (43.0)
18 : [39, 43] (54.0)
19 : [] (0.0)
20 : [] (0.0)
21 : [38, 44, 45] (50.0)
22 : [40, 49] (54.0)
23 : [35, 46] (51.0)
24 : [48, 54] (53.0)
25 : [50, 51] (45.0)
26 : [42, 61] (60.0)
27 : [41, 47, 63] (44.0)
28 : [55, 62] (46.0)
29 : [59, 70] (56.0)
30 : [56, 68, 71] (42.0)
31 : [52, 60] (41.0)
32 : [53, 58, 65] (46.0)
33 : [] (0.0)
34 : [64, 75] (66.0)
35 : [57, 67] (63.0)
36 : [72, 87] (62.0)
37 : [69, 73, 74] (66.0)
38 : [76, 77] (48.0)
39 : [66, 82] (45.0)
40 : [79, 81] (70.0)
41 : [83, 90] (56.0)
42 : [93, 97] (64.0)
43 : [78, 80, 92] (43.0)
44 : [85, 91] (54.0)
45 : [88, 98] (50.0)
46 : [94] (40.0)
47 : [109] (42.0)
48 : [89, 101] (71.0)
49 : [95, 96, 99, 100] (56.0)
50 : [84, 86, 102] (51.0)
51 : [103, 104] (42.0)
52 : [] (0.0)
53 : [114] (46.0)
54 : [106, 111] (63.0)
55 : [107, 110, 115] (41.0)
56 : [105, 124] (61.0)
57 : [113, 119] (46.0)
58 : [108, 116] (42.0)
59 : [112, 129] (50.0)
60 : [122] (40.0)
61 : [117, 120, 123] (50.0)
62 : [121, 130] (68.0)
63 : [118, 131, 134] (54.0)
64 : [] (0.0)
65 : [128, 140] (52.0)
66 : [125, 126] (52.0)
67 : [137, 138, 147, 153] (46.0)
68 : [135] (41.0)
69 : [127, 139] (64.0)
70 : [141, 144] (48.0)
71 : [145, 146] (61.0)
72 : [133, 143, 148, 150, 159] (49.0)
73 : [132, 155] (74.0)
74 : [149, 151] (52.0)
75 : [142, 154, 157] (65.0)
76 : [152, 158, 171] (75.0)
77 : [136, 156] (47.0)
78 : [160, 161] (50.0)
79 : [172, 176] (46.0)
80 : [163, 169, 173] (51.0)
81 : [164, 190] (44.0)
82 : [162, 170, 175] (74.0)
83 : [167, 179] (48.0)
84 : [183, 187] (58.0)
85 : [165, 166, 168, 181] (68.0)
86 : [191, 205] (46.0)
87 : [174, 178, 185, 201] (63.0)
88 : [188, 195, 197, 215] (54.0)
89 : [177, 180, 192, 193, 194] (59.0)
90 : [196, 198, 206] (69.0)
91 : [184, 186, 199, 204] (47.0)
92 : [182, 189, 212, 213, 222] (51.0)
93 : [207, 209] (52.0)
94 : [202, 233] (58.0)
95 : [200, 211, 220, 234] (52.0)
96 : [208, 210, 237] (59.0)
97 : [214, 221] (57.0)
98 : [217, 218, 225, 231] (61.0)
99 : [227, 229, 246] (58.0)
100 : [216, 235, 247] (60.0)
101 : [203, 226, 243] (74.0)
102 : [219, 236, 238, 241] (67.0)
103 : [223, 224, 259] (75.0)
104 : [230, 244] (71.0)
105 : [228, 240, 262] (74.0)
106 : [232, 242, 249, 255] (71.0)
107 : [239, 250, 251] (54.0)
108 : [252, 253, 258] (68.0)
109 : [265] (42.0)
110 : [248, 267, 282] (55.0)
111 : [245, 256, 257] (47.0)
112 : [270, 271, 280] (50.0)
113 : [263, 266, 273] (46.0)
114 : [261, 272, 292] (56.0)
115 : [260, 268, 291, 293] (65.0)
116 : [254, 264, 274] (43.0)
117 : [269, 287] (61.0)
118 : [277, 283, 303] (49.0)
119 : [285, 288] (54.0)
120 : [278, 296, 300] (54.0)
121 : [284, 295, 307] (71.0)
122 : [281, 286, 297, 298] (64.0)
123 : [275, 279, 294] (49.0)
124 : [276, 305, 306, 323] (67.0)
125 : [304] (55.0)
126 : [289, 290, 302] (54.0)
127 : [309, 310, 320] (75.0)
128 : [301, 308, 316, 324] (74.0)
129 : [299, 311, 322] (71.0)
130 : [314, 329] (65.0)
131 : [317, 318, 327, 337] (61.0)
132 : [321, 325, 332] (60.0)
133 : [313, 319, 333] (75.0)
134 : [334] (40.0)
135 : [312, 328, 338] (70.0)
136 : [315, 330, 331, 339, 347] (66.0)
137 : [326, 335] (72.0)
138 : [343, 345, 351] (72.0)
139 : [346, 348] (66.0)
140 : [336, 341, 344] (56.0)
141 : [358, 361] (69.0)
142 : [340, 342, 363, 364] (71.0)
143 : [350, 352, 354, 365, 380] (70.0)
144 : [355, 360, 381] (71.0)
145 : [349, 353, 369] (65.0)
146 : [356, 357, 359, 367, 385] (70.0)
147 : [370, 372, 377, 379, 388] (67.0)
148 : [373, 384] (75.0)
149 : [368] (66.0)
150 : [366, 371, 375] (68.0)
151 : [378, 387, 394, 405] (74.0)
152 : [362, 374, 395] (75.0)
153 : [382, 389, 393] (64.0)
154 : [376, 386, 390] (72.0)
155 : [391, 398] (64.0)
156 : [397, 400, 411, 417] (75.0)
157 : [383, 399, 402] (70.0)
158 : [403, 418, 426] (64.0)
159 : [401, 406] (69.0)
160 : [396, 404, 412, 414] (71.0)
161 : [392, 408, 415] (71.0)
162 : [423, 425, 436] (74.0)
163 : [409, 410, 413] (72.0)
164 : [422, 435] (77.0)
165 : [421, 424, 433, 450] (75.0)
166 : [416, 419, 427, 428, 447] (70.0)
167 : [407, 429, 434] (70.0)
168 : [420, 442, 446] (73.0)
169 : [432, 449] (74.0)
170 : [430, 459] (70.0)
171 : [431, 441, 465] (56.0)
172 : [437, 444, 467] (75.0)
173 : [448, 454] (68.0)
174 : [456, 458, 460, 477] (72.0)
175 : [438, 445] (69.0)
176 : [452, 457, 462] (72.0)
177 : [443, 461, 463, 468] (74.0)
178 : [439, 451, 464] (75.0)
179 : [466, 479] (71.0)
180 : [440, 480, 484, 494] (67.0)
181 : [453, 482] (73.0)
182 : [469, 470] (69.0)
183 : [475, 476] (74.0)
184 : [455, 471, 472] (74.0)
185 : [473, 478, 486] (75.0)
186 : [487, 497] (65.0)
187 : [474, 481, 483, 491] (74.0)
188 : [489, 490, 496] (72.0)
189 : [485, 488, 492, 498] (73.0)
190 : [493, 495, 499] (73.0)
