Name: 500-50-100
Time: 51.13811707496643 
Result: 87
Solution:  0 2 0 3 0 6 2 1 5 10 12 6 5 6 7 7 10 5 1 8 14 8 11 3 11 14 14 12 17 19 11 13 17 17 20 22 20 12 13 21 19 24 17 28 23 20 27 22 26 20 21 24 31 26 27 34 30 28 25 24 23 25 32 30 29 35 36 35 35 34 31 39 36 29 32 41 38 37 38 47 37 36 47 43 36 41 43 46 43 40 40 49 49 39 44 53 44 55 51 47 50 52 51 50 52 58 54 61 53 59 46 55 54 57 57 58 57 52 68 63 60 63 60 62 62 68 59 64 61 63 63 68 69 64 66 71 72 72 69 66 75 70 76 70 76 69 73 79 73 71 71 79 71 78 83 75 82 82 80 75 75 83 81 84 77 87 85 81 84 81 85 88 89 87 87 90 91 80 89 92 88 90 92 89 91 90 95 99 94 94 99 86 98 99 100 100 104 93 105 93 99 102 97 103 96 96 102 101 106 101 103 104 111 109 101 108 104 110 108 106 107 105 112 111 119 110 107 113 114 117 112 113 117 115 116 109 118 116 118 119 121 117 125 117 123 113 130 120 127 122 125 126 130 132 124 131 122 128 137 127 128 129 134 131 129 132 133 132 135 129 137 133 131 136 139 136 140 134 141 138 140 143 138 139 144 142 147 148 144 146 145 143 145 148 141 149 146 144 150 147 149 150 152 150 152 160 154 156 153 156 158 157 154 158 157 158 157 155 165 159 164 155 160 161 159 166 163 161 168 168 167 171 166 162 170 166 169 169 163 172 175 171 173 166 170 175 172 174 167 174 173 182 176 180 178 177 177 175 179 178 184 180 181 183 181 185 185 183 187 188 187 185 189 179 194 182 186 184 191 190 189 188 197 193 191 186 190 192 192 189 191 198 195 194 195 202 204 193 200 193 196 196 200 194 199 199 206 204 203 205 208 208 207 201 202 213 210 210 215 212 211 212 207 213 205 203 211 209 218 206 217 215 219 212 217 222 224 221 220 223 220 226 219 221 216 216 214 221 225 218 223 225 228 229 227 227 229 228 232 226 236 234 231 235 224 233 230 236 237 232 234 231 230 240 235 231 237 235 237 238 241 239 236 239 238 243 239 238 233 236 241 240 242 234 242 236 243 236 240 243
0 : [0, 2, 4] (89.0)
1 : [7, 18] (71.0)
2 : [1, 6] (52.0)
3 : [3, 23] (59.0)
4 : [] (0.0)
5 : [8, 12, 17] (58.0)
6 : [5, 11, 13] (77.0)
7 : [14, 15] (50.0)
8 : [19, 21] (55.0)
9 : [] (0.0)
10 : [9, 16] (53.0)
11 : [22, 24, 30] (58.0)
12 : [10, 27, 37] (55.0)
13 : [31, 38] (66.0)
14 : [20, 25, 26] (55.0)
15 : [] (0.0)
16 : [] (0.0)
17 : [28, 32, 33, 42] (95.0)
18 : [] (0.0)
19 : [29, 40] (71.0)
20 : [34, 36, 45, 49] (81.0)
21 : [39, 50] (63.0)
22 : [35, 47] (69.0)
23 : [44, 60] (60.0)
24 : [41, 51, 59] (61.0)
25 : [58, 61] (63.0)
26 : [48, 53] (76.0)
27 : [46, 54] (51.0)
28 : [43, 57] (67.0)
29 : [64, 73] (65.0)
30 : [56, 63] (50.0)
31 : [52, 70] (52.0)
32 : [62, 74] (62.0)
33 : [] (0.0)
34 : [55, 69] (69.0)
35 : [65, 67, 68] (94.0)
36 : [66, 72, 81, 84] (54.0)
37 : [77, 80] (79.0)
38 : [76, 78] (54.0)
39 : [71, 93] (51.0)
40 : [89, 90] (83.0)
41 : [75, 85] (56.0)
42 : [] (0.0)
43 : [83, 86, 88] (71.0)
44 : [94, 96] (72.0)
45 : [] (0.0)
46 : [87, 110] (66.0)
47 : [79, 82, 99] (62.0)
48 : [] (0.0)
49 : [91, 92] (54.0)
50 : [100, 103] (66.0)
51 : [98, 102] (77.0)
52 : [101, 104, 117] (51.0)
53 : [95, 108] (60.0)
54 : [106, 112] (62.0)
55 : [97, 111] (54.0)
56 : [] (0.0)
57 : [113, 114, 116] (79.0)
58 : [105, 115] (91.0)
59 : [109, 126] (63.0)
60 : [120, 122] (75.0)
61 : [107, 128] (70.0)
62 : [123, 124] (83.0)
63 : [119, 121, 129, 130] (79.0)
64 : [127, 133] (76.0)
65 : [] (0.0)
66 : [134, 139] (78.0)
67 : [] (0.0)
68 : [118, 125, 131] (87.0)
69 : [132, 138, 145] (59.0)
70 : [141, 143] (63.0)
71 : [135, 149, 150, 152] (58.0)
72 : [136, 137] (62.0)
73 : [146, 148] (73.0)
74 : [] (0.0)
75 : [140, 155, 159, 160] (73.0)
76 : [142, 144] (83.0)
77 : [164] (52.0)
78 : [153] (52.0)
79 : [147, 151] (88.0)
80 : [158, 177] (81.0)
81 : [162, 167, 169] (58.0)
82 : [156, 157] (63.0)
83 : [154, 161] (96.0)
84 : [163, 168] (82.0)
85 : [166, 170] (82.0)
86 : [191] (55.0)
87 : [165, 173, 174] (79.0)
88 : [171, 180] (72.0)
89 : [172, 178, 183] (86.0)
90 : [175, 181, 185] (82.0)
91 : [176, 184] (72.0)
92 : [179, 182] (76.0)
93 : [197, 199] (68.0)
94 : [188, 189] (67.0)
95 : [186] (50.0)
96 : [204, 205] (68.0)
97 : [202] (53.0)
98 : [192] (55.0)
99 : [187, 190, 193, 200] (60.0)
100 : [194, 195] (67.0)
101 : [207, 209, 214] (78.0)
102 : [201, 206] (94.0)
103 : [203, 210] (67.0)
104 : [196, 211, 216] (76.0)
105 : [198, 221] (50.0)
106 : [208, 219] (73.0)
107 : [220, 226] (87.0)
108 : [215, 218] (79.0)
109 : [213, 235] (57.0)
110 : [217, 225] (84.0)
111 : [212, 223] (90.0)
112 : [222, 230] (73.0)
113 : [227, 231, 245] (80.0)
114 : [228] (59.0)
115 : [233] (57.0)
116 : [234, 237] (80.0)
117 : [229, 232, 241, 243] (57.0)
118 : [236, 238] (57.0)
119 : [224, 239] (79.0)
120 : [247] (56.0)
121 : [240] (51.0)
122 : [249, 256] (71.0)
123 : [244] (50.0)
124 : [254] (66.0)
125 : [242, 250] (80.0)
126 : [251] (60.0)
127 : [248, 259] (76.0)
128 : [257, 260] (74.0)
129 : [261, 264, 269] (76.0)
130 : [246, 252] (76.0)
131 : [255, 263, 272] (64.0)
132 : [253, 265, 267] (98.0)
133 : [266, 271] (94.0)
134 : [262, 277] (64.0)
135 : [268] (58.0)
136 : [273, 275] (78.0)
137 : [258, 270] (84.0)
138 : [279, 282] (85.0)
139 : [274, 283] (85.0)
140 : [276, 280] (93.0)
141 : [278, 294] (96.0)
142 : [285] (71.0)
143 : [281, 291] (87.0)
144 : [284, 288, 297] (100.0)
145 : [290, 292] (90.0)
146 : [289, 296] (66.0)
147 : [286, 299] (87.0)
148 : [287, 293] (99.0)
149 : [295, 300] (88.0)
150 : [298, 301, 303] (67.0)
151 : [] (0.0)
152 : [302, 304] (71.0)
153 : [308] (53.0)
154 : [306, 312] (92.0)
155 : [317, 321] (90.0)
156 : [307, 309] (79.0)
157 : [311, 314, 316] (97.0)
158 : [310, 313, 315] (89.0)
159 : [319, 324] (63.0)
160 : [305, 322] (82.0)
161 : [323, 327] (79.0)
162 : [333] (69.0)
163 : [326, 338] (88.0)
164 : [320] (70.0)
165 : [318] (51.0)
166 : [325, 332, 335, 343] (96.0)
167 : [330, 348] (80.0)
168 : [328, 329] (83.0)
169 : [336, 337] (84.0)
170 : [334, 344] (100.0)
171 : [331, 341] (99.0)
172 : [339, 346] (92.0)
173 : [342, 350] (94.0)
174 : [347, 349] (99.0)
175 : [340, 345, 357] (93.0)
176 : [352] (81.0)
177 : [355, 356] (97.0)
178 : [354, 359] (85.0)
179 : [358, 373] (90.0)
180 : [353, 361] (73.0)
181 : [362, 364] (137.0)
182 : [351, 375] (100.0)
183 : [363, 367] (96.0)
184 : [360, 377] (100.0)
185 : [365, 366, 371] (92.0)
186 : [376, 385] (99.0)
187 : [368, 370] (84.0)
188 : [369, 381] (89.0)
189 : [372, 380, 389] (99.0)
190 : [379, 386] (92.0)
191 : [378, 384, 390] (91.0)
192 : [387, 388] (98.0)
193 : [383, 397, 399] (96.0)
194 : [374, 393, 403] (99.0)
195 : [392, 394] (100.0)
196 : [400, 401] (92.0)
197 : [382] (86.0)
198 : [391] (66.0)
199 : [404, 405] (92.0)
200 : [398, 402] (109.0)
201 : [413] (78.0)
202 : [395, 414] (91.0)
203 : [408, 425] (90.0)
204 : [396, 407] (97.0)
205 : [409, 424] (96.0)
206 : [406, 429] (100.0)
207 : [412, 422] (99.0)
208 : [410, 411] (93.0)
209 : [427] (65.0)
210 : [416, 417] (94.0)
211 : [420, 426] (88.0)
212 : [419, 421, 433] (95.0)
213 : [415, 423] (81.0)
214 : [446] (88.0)
215 : [418, 431] (97.0)
216 : [444, 445] (96.0)
217 : [430, 434] (102.0)
218 : [428, 449] (100.0)
219 : [432, 442] (84.0)
220 : [438, 440] (99.0)
221 : [437, 443, 447] (91.0)
222 : [435] (71.0)
223 : [439, 450] (99.0)
224 : [436, 464] (92.0)
225 : [448, 451] (86.0)
226 : [441, 459] (100.0)
227 : [454, 455] (97.0)
228 : [452, 457] (94.0)
229 : [453, 456] (100.0)
230 : [466, 472] (95.0)
231 : [462, 471, 475] (95.0)
232 : [458, 469] (95.0)
233 : [465, 488] (98.0)
234 : [461, 470, 493] (99.0)
235 : [463, 474, 477] (100.0)
236 : [460, 467, 482, 489, 495, 497] (94.0)
237 : [468, 476, 478] (100.0)
238 : [479, 484, 487] (98.0)
239 : [481, 483, 486] (98.0)
240 : [473, 491, 498] (115.0)
241 : [480, 490] (98.0)
242 : [492, 494] (97.0)
243 : [485, 496, 499] (105.0)
