Name: 500-30-50
Time: 48.19144058227539 
Result: 29
Solution:  3 0 2 0 8 7 6 2 2 5 5 2 7 6 3 12 10 11 8 9 15 8 7 10 9 12 13 13 10 15 14 16 22 11 16 18 14 16 19 19 22 15 18 21 20 23 21 20 26 30 30 18 27 23 25 23 31 28 33 35 27 31 38 29 25 28 35 37 39 41 41 36 29 34 36 35 39 37 46 31 33 43 44 40 39 38 45 34 42 39 45 45 40 54 39 52 50 48 51 43 46 51 50 54 52 55 51 47 51 57 53 55 61 50 54 62 66 55 53 61 54 63 60 59 69 58 58 64 70 65 59 65 72 64 63 60 67 68 74 77 70 71 69 64 67 72 75 66 68 77 70 75 71 73 76 73 78 76 78 81 81 86 81 74 85 86 82 85 90 80 82 79 80 91 87 83 92 87 95 84 93 91 83 84 89 91 91 88 95 93 92 90 100 96 98 99 98 96 96 97 102 99 103 106 105 101 99 110 111 101 104 98 108 103 103 109 107 111 108 102 107 105 112 110 106 115 113 114 121 109 122 111 122 115 120 116 113 118 116 119 122 117 117 112 121 114 124 119 123 118 120 126 123 125 124 122 127 126 129 132 129 136 131 127 130 131 127 133 134 135 136 138 128 138 138 137 144 140 144 135 141 145 140 147 139 142 142 146 143 143 146 141 141 149 147 151 152 153 148 148 152 158 147 153 155 145 155 146 151 151 150 152 149 154 153 155 157 163 162 154 161 155 161 156 156 158 159 159 157 157 160 160 169 163 156 162 162 164 163 158 161 172 166 167 159 164 164 166 167 169 166 168 167 171 165 161 168 171 168 173 170 172 165 163 173 175 172 172 170 171 174 173 165 174 176 166 174 179 180 181 177 176 181 176 178 178 178 179 176 183 179 173 180 181 175 184 180 184 179 188 177 182 185 189 185 185 183 189 188 182 187 188 186 187 191 180 195 193 192 191 184 190 187 190 196 190 189 198 202 191 198 194 188 186 194 200 194 193 193 201 197 200 203 195 196 199 201 203 192 200 201 199 202 202 206 199 206 207 201 207 197 205 203 203 205 202 209 207 214 206 210 206 208 210 209 208 209 205 204 215 208 213 216 215 204 214 204 215 209 212 211 213 216 211 212 211 212 214 216 214
0 : [1, 3] (36.0)
1 : [] (0.0)
2 : [2, 7, 8, 11] (32.0)
3 : [0, 14] (32.0)
4 : [] (0.0)
5 : [9, 10] (46.0)
6 : [6, 13] (39.0)
7 : [5, 12, 22] (34.0)
8 : [4, 18, 21] (35.0)
9 : [19, 24] (37.0)
10 : [16, 23, 28] (48.0)
11 : [17, 33] (30.0)
12 : [15, 25] (33.0)
13 : [26, 27] (31.0)
14 : [30, 36] (41.0)
15 : [20, 29, 41] (37.0)
16 : [31, 34, 37] (34.0)
17 : [] (0.0)
18 : [35, 42, 51] (33.0)
19 : [38, 39] (32.0)
20 : [44, 47] (36.0)
21 : [43, 46] (42.0)
22 : [32, 40] (49.0)
23 : [45, 53, 55] (32.0)
24 : [] (0.0)
25 : [54, 64] (41.0)
26 : [48] (30.0)
27 : [52, 60] (34.0)
28 : [57, 65] (44.0)
29 : [63, 72] (34.0)
30 : [49, 50] (32.0)
31 : [56, 61, 79] (33.0)
32 : [] (0.0)
33 : [58, 80] (36.0)
34 : [73, 87] (41.0)
35 : [59, 66, 75] (36.0)
36 : [71, 74] (37.0)
37 : [67, 77] (47.0)
38 : [62, 85] (41.0)
39 : [68, 76, 84, 89, 94] (31.0)
40 : [83, 92] (33.0)
41 : [69, 70] (42.0)
42 : [88] (31.0)
43 : [81, 99] (45.0)
44 : [82] (30.0)
45 : [86, 90, 91] (44.0)
46 : [78, 100] (34.0)
47 : [107] (33.0)
48 : [97] (32.0)
49 : [] (0.0)
50 : [96, 102, 113] (45.0)
51 : [98, 101, 106, 108] (38.0)
52 : [95, 104] (49.0)
53 : [110, 118] (50.0)
54 : [93, 103, 114, 120] (31.0)
55 : [105, 111, 117] (37.0)
56 : [] (0.0)
57 : [109] (31.0)
58 : [125, 126] (30.0)
59 : [123, 130] (38.0)
60 : [122, 135] (32.0)
61 : [112, 119] (30.0)
62 : [115] (30.0)
63 : [121, 134] (38.0)
64 : [127, 133, 143] (47.0)
65 : [129, 131] (47.0)
66 : [116, 147] (42.0)
67 : [136, 144] (49.0)
68 : [137, 148] (36.0)
69 : [124, 142] (42.0)
70 : [128, 140, 150] (39.0)
71 : [141, 152] (36.0)
72 : [132, 145] (35.0)
73 : [153, 155] (34.0)
74 : [138, 163] (45.0)
75 : [146, 151] (37.0)
76 : [154, 157] (43.0)
77 : [139, 149] (31.0)
78 : [156, 158] (51.0)
79 : [171] (31.0)
80 : [169, 172] (48.0)
81 : [159, 160, 162] (31.0)
82 : [166, 170] (33.0)
83 : [175, 182] (39.0)
84 : [179, 183] (43.0)
85 : [164, 167] (37.0)
86 : [161, 165] (39.0)
87 : [174, 177] (36.0)
88 : [187] (29.0)
89 : [184] (33.0)
90 : [168, 191] (37.0)
91 : [173, 181, 185, 186] (34.0)
92 : [176, 190] (36.0)
93 : [180, 189] (42.0)
94 : [] (0.0)
95 : [178, 188] (44.0)
96 : [193, 197, 198] (32.0)
97 : [199] (32.0)
98 : [194, 196, 211] (47.0)
99 : [195, 201, 206] (49.0)
100 : [192] (30.0)
101 : [205, 209] (47.0)
102 : [200, 219] (51.0)
103 : [202, 213, 214] (43.0)
104 : [210] (36.0)
105 : [204, 221] (43.0)
106 : [203, 224] (51.0)
107 : [216, 220] (48.0)
108 : [212, 218] (37.0)
109 : [215, 229] (46.0)
110 : [207, 223] (44.0)
111 : [208, 217, 231] (44.0)
112 : [222, 243] (42.0)
113 : [226, 236] (46.0)
114 : [227, 245] (38.0)
115 : [225, 233] (46.0)
116 : [235, 238] (40.0)
117 : [241, 242] (47.0)
118 : [237, 249] (35.0)
119 : [239, 247] (42.0)
120 : [234, 250] (45.0)
121 : [228, 244] (55.0)
122 : [230, 232, 240, 255] (49.0)
123 : [248, 252] (31.0)
124 : [246, 254] (43.0)
125 : [253] (31.0)
126 : [251, 257] (56.0)
127 : [256, 263, 266] (36.0)
128 : [272] (40.0)
129 : [258, 260] (45.0)
130 : [264] (33.0)
131 : [262, 265] (42.0)
132 : [259] (38.0)
133 : [267] (30.0)
134 : [268] (29.0)
135 : [269, 279] (36.0)
136 : [261, 270] (30.0)
137 : [275] (34.0)
138 : [271, 273, 274] (31.0)
139 : [284] (32.0)
140 : [277, 282] (44.0)
141 : [280, 291, 292] (47.0)
142 : [285, 286] (48.0)
143 : [288, 289] (44.0)
144 : [276, 278] (49.0)
145 : [281, 305] (55.0)
146 : [287, 290, 307] (49.0)
147 : [283, 294, 302] (45.0)
148 : [298, 299] (45.0)
149 : [293, 312] (47.0)
150 : [310] (34.0)
151 : [295, 308, 309] (43.0)
152 : [296, 300, 311] (48.0)
153 : [297, 303, 314] (47.0)
154 : [313, 319] (41.0)
155 : [304, 306, 315, 321] (48.0)
156 : [323, 324, 334] (50.0)
157 : [316, 328, 329] (45.0)
158 : [301, 325, 339] (38.0)
159 : [326, 327, 344] (49.0)
160 : [330, 331] (40.0)
161 : [320, 322, 340, 355] (48.0)
162 : [318, 335, 336] (42.0)
163 : [317, 333, 338, 363] (47.0)
164 : [337, 345, 346] (38.0)
165 : [354, 362, 372] (49.0)
166 : [342, 347, 350, 375] (42.0)
167 : [343, 348, 352] (50.0)
168 : [351, 356, 358] (50.0)
169 : [332, 349] (49.0)
170 : [360, 368] (56.0)
171 : [353, 357, 369] (49.0)
172 : [341, 361, 366, 367] (49.0)
173 : [359, 364, 371, 391] (50.0)
174 : [370, 373, 376] (49.0)
175 : [365, 394] (54.0)
176 : [374, 381, 383, 388] (49.0)
177 : [380, 400] (49.0)
178 : [384, 385, 386] (50.0)
179 : [377, 387, 390, 398] (46.0)
180 : [378, 392, 396, 415] (48.0)
181 : [379, 382, 393] (50.0)
182 : [401, 409] (52.0)
183 : [389, 406] (50.0)
184 : [395, 397, 420] (48.0)
185 : [402, 404, 405] (48.0)
186 : [412, 433] (39.0)
187 : [410, 413, 422] (49.0)
188 : [399, 408, 411, 432] (38.0)
189 : [403, 407, 426] (49.0)
190 : [421, 423, 425] (50.0)
191 : [414, 419, 429] (38.0)
192 : [418, 448] (46.0)
193 : [417, 437, 438] (49.0)
194 : [431, 434, 436] (47.0)
195 : [416, 443] (36.0)
196 : [424, 444] (50.0)
197 : [440, 460] (46.0)
198 : [427, 430] (50.0)
199 : [445, 451, 455] (48.0)
200 : [435, 441, 449] (46.0)
201 : [439, 446, 450, 458] (48.0)
202 : [428, 452, 453, 465] (50.0)
203 : [442, 447, 462, 463] (50.0)
204 : [478, 484, 486] (50.0)
205 : [461, 464, 477] (50.0)
206 : [454, 456, 469, 471] (48.0)
207 : [457, 459, 467] (50.0)
208 : [472, 475, 480] (52.0)
209 : [466, 474, 476, 488] (50.0)
210 : [470, 473] (50.0)
211 : [490, 493, 495] (49.0)
212 : [489, 494, 496] (58.0)
213 : [481, 491] (49.0)
214 : [468, 485, 497, 499] (54.0)
215 : [479, 483, 487] (49.0)
216 : [482, 492, 498] (49.0)
