Name: 500-20-30
Time: 45.92898225784302 
Result: 22
Solution:  0 0 5 1 1 4 6 7 9 3 8 1 14 5 8 15 11 3 6 9 9 4 3 11 13 15 19 14 14 7 16 17 22 13 14 21 17 19 25 22 26 26 24 15 29 20 23 20 16 30 23 25 28 31 28 30 24 35 21 25 30 33 38 32 36 31 29 37 42 35 39 37 32 36 33 36 39 44 38 43 40 41 41 40 45 42 44 46 51 44 48 45 43 40 48 48 49 42 57 46 51 52 56 49 50 52 55 55 61 56 53 50 58 53 57 54 60 52 61 59 54 64 61 60 63 67 64 61 63 58 59 67 66 66 73 68 75 70 65 68 69 75 67 65 69 72 79 72 73 74 78 73 76 75 71 68 74 80 80 87 78 75 82 79 85 79 85 83 88 87 86 84 81 84 91 88 81 89 84 82 92 88 89 86 83 85 94 96 96 94 95 91 101 99 92 95 98 93 99 105 102 93 100 98 104 99 102 108 111 100 104 105 107 111 103 108 103 106 110 115 119 108 107 113 109 118 116 114 109 115 120 111 114 112 110 122 116 123 117 117 118 119 124 120 121 121 123 128 124 127 130 126 128 122 124 126 130 135 128 133 131 125 131 127 138 129 130 131 129 137 134 141 133 136 145 132 134 138 139 136 137 140 140 139 141 142 144 143 142 148 146 144 147 138 152 146 154 145 150 147 148 151 152 151 145 155 153 149 149 150 155 159 164 161 156 155 157 158 153 157 160 166 158 162 164 162 156 163 161 162 165 174 168 160 175 163 169 170 171 167 176 167 170 166 173 172 172 171 174 168 176 178 184 179 181 173 178 177 182 179 174 186 181 177 185 188 183 183 185 186 185 187 182 190 189 182 184 197 188 180 187 190 191 191 193 189 193 192 191 199 186 200 194 195 192 192 202 196 196 190 195 194 192 200 201 198 195 198 199 192 202 203 201 200 209 201 195 210 197 203 207 205 206 206 202 199 209 204 205 206 204 207 209 211 211 206 203 210 209 208 214 210 209 213 210 212 212 208 204 218 210 215 207 214 221 216 213 214 219 216 223 217 220 210 220 218 215 213 218 214 220 219 227 217 218 225 224 221 218 220 222 221 218 228 219 225 224 226 219 223 227 226 220 228 222 229 224 225 228 229
0 : [0, 1] (20.0)
1 : [3, 4, 11] (22.0)
2 : [] (0.0)
3 : [9, 17, 22] (21.0)
4 : [5, 21] (23.0)
5 : [2, 13] (22.0)
6 : [6, 18] (22.0)
7 : [7, 29] (30.0)
8 : [10, 14] (23.0)
9 : [8, 19, 20] (24.0)
10 : [] (0.0)
11 : [16, 23] (29.0)
12 : [] (0.0)
13 : [24, 33] (22.0)
14 : [12, 27, 28, 34] (24.0)
15 : [15, 25, 43] (20.0)
16 : [30, 48] (29.0)
17 : [31, 36] (22.0)
18 : [] (0.0)
19 : [26, 37] (24.0)
20 : [45, 47] (27.0)
21 : [35, 58] (30.0)
22 : [32, 39] (22.0)
23 : [46, 50] (25.0)
24 : [42, 56] (28.0)
25 : [38, 51, 59] (19.0)
26 : [40, 41] (20.0)
27 : [] (0.0)
28 : [52, 54] (18.0)
29 : [44, 66] (19.0)
30 : [49, 55, 60] (22.0)
31 : [53, 65] (30.0)
32 : [63, 72] (23.0)
33 : [61, 74] (22.0)
34 : [] (0.0)
35 : [57, 69] (21.0)
36 : [64, 73, 75] (22.0)
37 : [67, 71] (24.0)
38 : [62, 78] (27.0)
39 : [70, 76] (23.0)
40 : [80, 83, 93] (22.0)
41 : [81, 82] (29.0)
42 : [68, 85, 97] (22.0)
43 : [79, 92] (20.0)
44 : [77, 86, 89] (21.0)
45 : [84, 91] (26.0)
46 : [87, 99] (20.0)
47 : [] (0.0)
48 : [90, 94, 95] (24.0)
49 : [96, 103] (27.0)
50 : [104, 111] (20.0)
51 : [88, 100] (27.0)
52 : [101, 105, 117] (24.0)
53 : [110, 113] (23.0)
54 : [115, 120] (32.0)
55 : [106, 107] (22.0)
56 : [102, 109] (30.0)
57 : [98, 114] (23.0)
58 : [112, 129] (24.0)
59 : [119, 130] (31.0)
60 : [116, 123] (22.0)
61 : [108, 118, 122, 127] (22.0)
62 : [] (0.0)
63 : [124, 128] (32.0)
64 : [121, 126] (22.0)
65 : [138, 143] (24.0)
66 : [132, 133] (22.0)
67 : [125, 131, 142] (25.0)
68 : [135, 139, 155] (25.0)
69 : [140, 144] (31.0)
70 : [137] (20.0)
71 : [154] (22.0)
72 : [145, 147] (24.0)
73 : [134, 148, 151] (20.0)
74 : [149, 156] (28.0)
75 : [136, 141, 153, 161] (24.0)
76 : [152] (20.0)
77 : [] (0.0)
78 : [150, 160] (27.0)
79 : [146, 163, 165] (24.0)
80 : [157, 158] (24.0)
81 : [172, 176] (21.0)
82 : [162, 179] (32.0)
83 : [167, 184] (34.0)
84 : [171, 173, 178] (21.0)
85 : [164, 166, 185] (28.0)
86 : [170, 183] (32.0)
87 : [159, 169] (25.0)
88 : [168, 175, 181] (25.0)
89 : [177, 182] (29.0)
90 : [] (0.0)
91 : [174, 191] (30.0)
92 : [180, 194] (30.0)
93 : [197, 201] (31.0)
94 : [186, 189] (20.0)
95 : [190, 195] (20.0)
96 : [187, 188] (28.0)
97 : [] (0.0)
98 : [196, 203] (28.0)
99 : [193, 198, 205] (24.0)
100 : [202, 209] (24.0)
101 : [192] (22.0)
102 : [200, 206] (25.0)
103 : [214, 216] (23.0)
104 : [204, 210] (25.0)
105 : [199, 211] (25.0)
106 : [217] (19.0)
107 : [212, 222] (21.0)
108 : [207, 215, 221] (22.0)
109 : [224, 228] (27.0)
110 : [218, 234] (29.0)
111 : [208, 213, 231] (21.0)
112 : [233] (22.0)
113 : [223] (20.0)
114 : [227, 232] (21.0)
115 : [219, 229] (24.0)
116 : [226, 236] (21.0)
117 : [238, 239] (25.0)
118 : [225, 240] (25.0)
119 : [220, 241] (30.0)
120 : [230, 243] (36.0)
121 : [244, 245] (25.0)
122 : [235, 253] (29.0)
123 : [237, 246] (25.0)
124 : [242, 248, 254] (22.0)
125 : [261] (23.0)
126 : [251, 255] (31.0)
127 : [249, 263] (36.0)
128 : [247, 252, 258] (29.0)
129 : [265, 268] (26.0)
130 : [250, 256, 266] (22.0)
131 : [260, 262, 267] (30.0)
132 : [275] (20.0)
133 : [259, 272] (24.0)
134 : [270, 276] (26.0)
135 : [257] (22.0)
136 : [273, 279] (30.0)
137 : [269, 280] (29.0)
138 : [264, 277, 293] (27.0)
139 : [278, 283] (25.0)
140 : [281, 282] (29.0)
141 : [271, 284] (30.0)
142 : [285, 288] (24.0)
143 : [287] (23.0)
144 : [286, 291] (21.0)
145 : [274, 297, 304] (24.0)
146 : [290, 295] (27.0)
147 : [292, 299] (29.0)
148 : [289, 300] (20.0)
149 : [307, 308] (26.0)
150 : [298, 309] (31.0)
151 : [301, 303] (31.0)
152 : [294, 302] (24.0)
153 : [306, 318] (28.0)
154 : [296] (24.0)
155 : [305, 310, 315] (23.0)
156 : [314, 326] (25.0)
157 : [316, 319] (21.0)
158 : [317, 322] (40.0)
159 : [311] (23.0)
160 : [320, 333] (26.0)
161 : [313, 328] (27.0)
162 : [323, 325, 329] (27.0)
163 : [327, 335] (29.0)
164 : [312, 324] (31.0)
165 : [330] (22.0)
166 : [321, 343] (26.0)
167 : [339, 341] (32.0)
168 : [332, 349] (31.0)
169 : [336] (23.0)
170 : [337, 342] (23.0)
171 : [338, 347] (26.0)
172 : [345, 346] (24.0)
173 : [344, 355] (33.0)
174 : [331, 348, 360] (30.0)
175 : [334] (21.0)
176 : [340, 350] (30.0)
177 : [357, 363] (31.0)
178 : [351, 356] (23.0)
179 : [353, 359] (23.0)
180 : [379] (24.0)
181 : [354, 362] (25.0)
182 : [358, 372, 375] (28.0)
183 : [366, 367] (28.0)
184 : [352, 376] (28.0)
185 : [364, 368, 370] (30.0)
186 : [361, 369, 390] (30.0)
187 : [371, 380] (35.0)
188 : [365, 378] (30.0)
189 : [374, 385] (30.0)
190 : [373, 381, 399] (27.0)
191 : [382, 383, 388] (30.0)
192 : [387, 394, 395, 402, 409] (30.0)
193 : [384, 386] (30.0)
194 : [392, 401] (30.0)
195 : [393, 400, 406, 416] (28.0)
196 : [397, 398] (29.0)
197 : [377, 418] (30.0)
198 : [405, 407] (27.0)
199 : [389, 408, 425] (28.0)
200 : [391, 403, 413] (32.0)
201 : [404, 412, 415] (29.0)
202 : [396, 410, 424] (28.0)
203 : [411, 419, 436] (30.0)
204 : [427, 430, 448] (27.0)
205 : [421, 428] (28.0)
206 : [422, 423, 429, 435] (30.0)
207 : [420, 431, 452] (28.0)
208 : [439, 447] (25.0)
209 : [414, 426, 432, 438, 442] (30.0)
210 : [417, 437, 441, 444, 450, 463] (30.0)
211 : [433, 434] (28.0)
212 : [445, 446] (33.0)
213 : [443, 456, 467] (30.0)
214 : [440, 453, 457, 469] (30.0)
215 : [451, 466] (33.0)
216 : [455, 459] (28.0)
217 : [461, 473] (30.0)
218 : [449, 465, 468, 474, 478, 482] (30.0)
219 : [458, 471, 484, 488] (29.0)
220 : [462, 464, 470, 479, 492] (30.0)
221 : [454, 477, 481] (31.0)
222 : [480, 494] (35.0)
223 : [460, 489] (31.0)
224 : [476, 486, 496] (30.0)
225 : [475, 485, 497] (34.0)
226 : [487, 491] (31.0)
227 : [472, 490] (30.0)
228 : [483, 493, 498] (29.0)
229 : [495, 499] (30.0)
