Name: 750-40-75
Time: 76.28266024589539 
Result: 59
Solution:  0 0 1 5 3 1 2 3 12 7 2 0 5 1 7 6 10 12 16 14 11 3 20 10 17 3 20 6 14 15 15 18 11 19 15 14 11 18 19 20 17 22 22 16 24 21 20 22 26 23 29 21 23 27 31 33 26 24 29 24 27 28 30 26 29 28 35 38 31 35 33 37 36 36 37 42 45 30 31 38 42 43 41 44 40 41 42 42 48 46 40 45 51 45 47 46 48 48 43 45 58 52 50 50 51 44 54 47 57 58 59 52 56 61 56 55 55 58 59 54 60 68 57 63 67 62 61 59 65 60 69 58 65 67 72 63 70 62 68 72 71 69 63 78 75 71 81 67 73 71 74 77 74 76 77 75 80 77 76 73 78 81 78 79 76 82 85 83 84 79 84 89 88 80 86 88 87 89 83 96 92 86 93 87 85 93 91 91 95 92 92 90 93 102 90 105 102 95 101 100 102 97 96 99 103 107 103 111 101 99 106 99 103 104 104 100 111 109 109 106 107 110 112 105 112 113 119 115 110 118 115 120 117 118 124 115 121 119 122 113 127 115 121 117 123 119 129 122 128 123 126 124 131 119 130 125 119 125 126 128 128 129 133 131 139 132 129 134 135 140 130 141 137 144 134 140 138 132 136 140 144 143 133 139 142 140 137 145 150 147 138 141 153 143 148 151 152 152 146 157 154 148 151 155 150 147 153 149 150 158 160 156 154 161 149 159 160 152 157 159 155 152 157 156 154 162 165 162 163 159 167 169 164 169 166 165 171 161 172 174 166 170 164 171 174 171 178 173 170 173 168 172 180 178 184 183 175 175 174 176 177 173 181 179 183 185 180 184 182 182 188 181 188 185 186 179 190 193 188 194 187 186 192 190 191 190 197 199 187 196 188 189 190 192 200 201 199 197 204 198 195 196 200 202 201 202 203 203 202 207 206 205 208 211 204 210 211 210 205 209 216 206 213 217 209 208 211 213 215 207 216 214 219 214 224 216 212 225 220 218 219 217 223 218 226 222 221 221 224 222 229 225 230 223 228 232 231 227 226 233 227 239 232 227 232 225 235 230 230 234 233 236 237 237 238 238 240 239 236 235 244 241 241 235 234 244 248 243 243 240 245 245 246 242 253 252 251 249 253 242 250 249 250 246 252 247 254 247 253 256 248 255 255 256 257 251 260 254 262 259 260 257 261 261 263 268 263 258 265 264 267 264 269 267 270 262 265 269 266 276 270 268 280 278 273 273 273 272 271 270 279 274 277 277 272 276 270 280 275 274 278 281 282 289 283 289 282 275 281 286 284 279 290 287 286 287 284 290 285 285 283 291 297 288 292 292 288 291 295 296 294 293 302 293 290 301 298 295 296 293 299 297 300 298 301 306 303 300 301 299 302 307 312 312 305 305 309 303 306 304 308 309 315 308 316 311 310 310 313 315 318 318 314 317 314 317 319 321 321 311 322 316 328 329 316 324 329 320 326 321 327 320 323 323 327 326 327 323 329 322 331 334 328 325 328 326 332 330 331 332 334 330 331 330 338 334 332 335 333 332 339 340 337 326 334 335 336 337 340 335 333 333 338 342 339 339 349 333 344 341 336 340 343 345 337 336 343 343 348 346 347 353 350 341 342 348 345 349 339 347 350 354 344 349 353 346 352 356 351 345 351 355 356 353 353 355 353 347 354 353 355 350 354 352 356 352 353 357 357 357
0 : [0, 1, 11] (51.0)
1 : [2, 5, 13] (47.0)
2 : [6, 10] (66.0)
3 : [4, 7, 21, 25] (49.0)
4 : [] (0.0)
5 : [3, 12] (49.0)
6 : [15, 27] (43.0)
7 : [9, 14] (44.0)
8 : [] (0.0)
9 : [] (0.0)
10 : [16, 23] (47.0)
11 : [20, 32, 36] (50.0)
12 : [8, 17] (45.0)
13 : [] (0.0)
14 : [19, 28, 35] (56.0)
15 : [29, 30, 34] (51.0)
16 : [18, 43] (53.0)
17 : [24, 40] (56.0)
18 : [31, 37] (63.0)
19 : [33, 38] (68.0)
20 : [22, 26, 39, 46] (54.0)
21 : [45, 51] (67.0)
22 : [41, 42, 47] (47.0)
23 : [49, 52] (59.0)
24 : [44, 57, 59] (41.0)
25 : [] (0.0)
26 : [48, 56, 63] (48.0)
27 : [53, 60] (50.0)
28 : [61, 65] (45.0)
29 : [50, 58, 64] (42.0)
30 : [62, 77] (47.0)
31 : [54, 68, 78] (51.0)
32 : [] (0.0)
33 : [55, 70] (50.0)
34 : [] (0.0)
35 : [66, 69] (41.0)
36 : [72, 73] (43.0)
37 : [71, 74] (56.0)
38 : [67, 79] (53.0)
39 : [] (0.0)
40 : [84, 90] (45.0)
41 : [82, 85] (41.0)
42 : [75, 80, 86, 87] (60.0)
43 : [81, 98] (61.0)
44 : [83, 105] (56.0)
45 : [76, 91, 93, 99] (59.0)
46 : [89, 95] (63.0)
47 : [94, 107] (40.0)
48 : [88, 96, 97] (55.0)
49 : [] (0.0)
50 : [102, 103] (44.0)
51 : [92, 104] (61.0)
52 : [101, 111] (69.0)
53 : [] (0.0)
54 : [106, 119] (53.0)
55 : [115, 116] (49.0)
56 : [112, 114] (47.0)
57 : [108, 122] (63.0)
58 : [100, 109, 117, 131] (48.0)
59 : [110, 118, 127] (47.0)
60 : [120, 129] (52.0)
61 : [113, 126] (43.0)
62 : [125, 137] (42.0)
63 : [123, 135, 142] (70.0)
64 : [] (0.0)
65 : [128, 132] (47.0)
66 : [] (0.0)
67 : [124, 133, 147] (44.0)
68 : [121, 138] (44.0)
69 : [130, 141] (67.0)
70 : [136] (42.0)
71 : [140, 145, 149] (42.0)
72 : [134, 139] (47.0)
73 : [148, 159] (57.0)
74 : [150, 152] (47.0)
75 : [144, 155] (73.0)
76 : [153, 158, 164] (55.0)
77 : [151, 154, 157] (44.0)
78 : [143, 160, 162] (45.0)
79 : [163, 169] (53.0)
80 : [156, 173] (46.0)
81 : [146, 161] (57.0)
82 : [165] (45.0)
83 : [167, 178] (57.0)
84 : [168, 170] (50.0)
85 : [166, 184] (50.0)
86 : [174, 181] (60.0)
87 : [176, 183] (47.0)
88 : [172, 175] (47.0)
89 : [171, 177] (58.0)
90 : [191, 194] (72.0)
91 : [186, 187] (48.0)
92 : [180, 189, 190] (68.0)
93 : [182, 185, 192] (47.0)
94 : [] (0.0)
95 : [188, 197] (45.0)
96 : [179, 202] (53.0)
97 : [201] (43.0)
98 : [] (0.0)
99 : [203, 209, 211] (52.0)
100 : [199, 215] (43.0)
101 : [198, 208] (58.0)
102 : [193, 196, 200] (44.0)
103 : [204, 206, 212] (45.0)
104 : [213, 214] (68.0)
105 : [195, 223] (40.0)
106 : [210, 219] (65.0)
107 : [205, 220] (54.0)
108 : [] (0.0)
109 : [217, 218] (57.0)
110 : [221, 228] (54.0)
111 : [207, 216] (45.0)
112 : [222, 224] (40.0)
113 : [225, 239] (52.0)
114 : [] (0.0)
115 : [227, 230, 235, 241] (39.0)
116 : [] (0.0)
117 : [232, 243] (62.0)
118 : [229, 233] (45.0)
119 : [226, 237, 245, 253, 256] (67.0)
120 : [231] (46.0)
121 : [236, 242] (70.0)
122 : [238, 247] (70.0)
123 : [244, 249] (68.0)
124 : [234, 251] (61.0)
125 : [255, 257] (62.0)
126 : [250, 258] (78.0)
127 : [240] (41.0)
128 : [248, 259, 260] (69.0)
129 : [246, 261, 266] (65.0)
130 : [254, 270] (63.0)
131 : [252, 263] (58.0)
132 : [265, 277] (62.0)
133 : [262, 282] (64.0)
134 : [267, 274] (48.0)
135 : [268] (40.0)
136 : [278] (44.0)
137 : [272, 286] (51.0)
138 : [276, 290] (55.0)
139 : [264, 283] (40.0)
140 : [269, 275, 279, 285] (62.0)
141 : [271, 291] (49.0)
142 : [284] (48.0)
143 : [281, 293] (53.0)
144 : [273, 280] (48.0)
145 : [287] (45.0)
146 : [298] (49.0)
147 : [289, 305] (50.0)
148 : [294, 301] (57.0)
149 : [307, 314] (58.0)
150 : [288, 304, 308] (70.0)
151 : [295, 302] (74.0)
152 : [296, 297, 317, 321] (74.0)
153 : [292, 306] (43.0)
154 : [300, 312, 324] (72.0)
155 : [303, 320] (64.0)
156 : [311, 323] (66.0)
157 : [299, 318, 322] (60.0)
158 : [309] (44.0)
159 : [315, 319, 329] (62.0)
160 : [310, 316] (65.0)
161 : [313, 337] (64.0)
162 : [325, 327] (64.0)
163 : [328] (53.0)
164 : [332, 342] (65.0)
165 : [326, 335] (44.0)
166 : [334, 340] (59.0)
167 : [330] (48.0)
168 : [350] (46.0)
169 : [331, 333] (55.0)
170 : [341, 348] (68.0)
171 : [336, 343, 345] (51.0)
172 : [338, 351] (54.0)
173 : [347, 349, 361] (75.0)
174 : [339, 344, 358] (72.0)
175 : [356, 357] (60.0)
176 : [359] (41.0)
177 : [360] (43.0)
178 : [346, 353] (57.0)
179 : [363, 375] (49.0)
180 : [352, 366] (54.0)
181 : [362, 371] (73.0)
182 : [368, 369] (60.0)
183 : [355, 364] (51.0)
184 : [354, 367] (73.0)
185 : [365, 373] (71.0)
186 : [374, 381] (67.0)
187 : [380, 388] (57.0)
188 : [370, 372, 378, 390] (75.0)
189 : [391] (46.0)
190 : [376, 383, 385, 392] (64.0)
191 : [384] (58.0)
192 : [382, 393] (73.0)
193 : [377] (46.0)
194 : [379] (44.0)
195 : [400] (41.0)
196 : [389, 401] (53.0)
197 : [386, 397] (59.0)
198 : [399] (42.0)
199 : [387, 396] (63.0)
200 : [394, 402] (73.0)
201 : [395, 404] (63.0)
202 : [403, 405, 408] (61.0)
203 : [406, 407] (61.0)
204 : [398, 414] (63.0)
205 : [411, 418] (61.0)
206 : [410, 421] (59.0)
207 : [409, 429] (64.0)
208 : [412, 425] (66.0)
209 : [419, 424] (53.0)
210 : [415, 417] (62.0)
211 : [413, 416, 426] (68.0)
212 : [436] (48.0)
213 : [422, 427] (74.0)
214 : [431, 433] (66.0)
215 : [428] (45.0)
216 : [420, 430, 435] (71.0)
217 : [423, 441] (68.0)
218 : [439, 443] (67.0)
219 : [432, 440] (67.0)
220 : [438] (44.0)
221 : [446, 447] (63.0)
222 : [445, 449] (68.0)
223 : [442, 453] (57.0)
224 : [434, 448] (72.0)
225 : [437, 451, 465] (73.0)
226 : [444, 458] (63.0)
227 : [457, 460, 463] (48.0)
228 : [454] (59.0)
229 : [450] (48.0)
230 : [452, 467, 468] (69.0)
231 : [456] (52.0)
232 : [455, 462, 464] (75.0)
233 : [459, 470] (69.0)
234 : [469, 484] (70.0)
235 : [466, 479, 483] (62.0)
236 : [471, 478] (87.0)
237 : [472, 473] (65.0)
238 : [474, 475] (65.0)
239 : [461, 477] (63.0)
240 : [476, 489] (72.0)
241 : [481, 482] (73.0)
242 : [493, 499] (75.0)
243 : [487, 488] (68.0)
244 : [480, 485] (80.0)
245 : [490, 491] (66.0)
246 : [492, 503] (65.0)
247 : [505, 507] (73.0)
248 : [486, 510] (74.0)
249 : [497, 501] (69.0)
250 : [500, 502] (67.0)
251 : [496, 515] (75.0)
252 : [495, 504] (68.0)
253 : [494, 498, 508] (70.0)
254 : [506, 517] (67.0)
255 : [511, 512] (56.0)
256 : [509, 513] (75.0)
257 : [514, 521] (61.0)
258 : [527] (44.0)
259 : [519] (59.0)
260 : [516, 520] (67.0)
261 : [522, 523] (67.0)
262 : [518, 535] (56.0)
263 : [524, 526] (72.0)
264 : [529, 531] (77.0)
265 : [528, 536] (73.0)
266 : [538] (53.0)
267 : [530, 533] (57.0)
268 : [525, 541] (68.0)
269 : [532, 537] (61.0)
270 : [534, 540, 549, 556] (75.0)
271 : [548] (56.0)
272 : [547, 554] (66.0)
273 : [544, 545, 546] (81.0)
274 : [551, 559] (75.0)
275 : [558, 567] (70.0)
276 : [539, 555] (72.0)
277 : [552, 553] (68.0)
278 : [543, 560] (78.0)
279 : [550, 571] (70.0)
280 : [542, 557] (71.0)
281 : [561, 568] (72.0)
282 : [562, 566] (98.0)
283 : [564, 580] (74.0)
284 : [570, 576] (69.0)
285 : [578, 579] (70.0)
286 : [569, 574] (70.0)
287 : [573, 575] (71.0)
288 : [583, 586] (72.0)
289 : [563, 565] (67.0)
290 : [572, 577, 594] (71.0)
291 : [581, 587] (61.0)
292 : [584, 585] (70.0)
293 : [591, 593, 599] (64.0)
294 : [590] (62.0)
295 : [588, 597] (68.0)
296 : [589, 598] (65.0)
297 : [582, 601] (73.0)
298 : [596, 603] (70.0)
299 : [600, 609] (69.0)
300 : [602, 607] (64.0)
301 : [595, 604, 608] (74.0)
302 : [592, 610] (70.0)
303 : [606, 617] (72.0)
304 : [619] (59.0)
305 : [614, 615] (72.0)
306 : [605, 618] (73.0)
307 : [611] (65.0)
308 : [620, 623] (69.0)
309 : [616, 621] (70.0)
310 : [626, 627] (72.0)
311 : [625, 639] (73.0)
312 : [612, 613] (72.0)
313 : [628] (49.0)
314 : [632, 634] (69.0)
315 : [622, 629] (66.0)
316 : [624, 641, 644] (72.0)
317 : [633, 635] (75.0)
318 : [630, 631] (72.0)
319 : [636] (68.0)
320 : [647, 651] (68.0)
321 : [637, 638, 649] (73.0)
322 : [640, 659] (68.0)
323 : [652, 653, 657] (75.0)
324 : [645] (63.0)
325 : [663] (67.0)
326 : [648, 655, 665, 683] (70.0)
327 : [650, 654, 656] (75.0)
328 : [642, 662, 664] (74.0)
329 : [643, 646, 658] (75.0)
330 : [667, 671, 673] (73.0)
331 : [660, 668, 672] (75.0)
332 : [666, 669, 676, 679] (75.0)
333 : [678, 690, 691, 697] (78.0)
334 : [661, 670, 675, 684] (73.0)
335 : [677, 685, 689] (71.0)
336 : [686, 700, 705] (78.0)
337 : [682, 687, 704] (78.0)
338 : [674, 692] (73.0)
339 : [680, 694, 695, 718] (74.0)
340 : [681, 688, 701] (74.0)
341 : [699, 713] (84.0)
342 : [693, 714] (74.0)
343 : [702, 706, 707] (84.0)
344 : [698, 722] (77.0)
345 : [703, 716, 729] (91.0)
346 : [709, 725] (73.0)
347 : [710, 719, 737] (68.0)
348 : [708, 715] (73.0)
349 : [696, 717, 723] (74.0)
350 : [712, 720, 741] (72.0)
351 : [728, 730] (71.0)
352 : [726, 743, 745] (69.0)
353 : [711, 724, 733, 734, 736, 739, 746] (71.0)
354 : [721, 738, 742] (75.0)
355 : [731, 735, 740] (69.0)
356 : [727, 732, 744] (75.0)
357 : [747, 748, 749] (75.0)
