Name: 750-30-50
Time: 75.93804812431335 
Result: 32
Solution:  0 2 3 1 10 0 6 4 3 4 5 5 6 1 6 2 7 7 8 8 18 12 13 10 3 16 14 17 13 13 15 14 15 18 17 16 12 21 20 18 22 25 27 22 27 22 26 23 26 25 23 29 20 34 24 24 29 33 26 21 28 28 32 37 32 33 39 33 37 34 37 35 39 42 32 38 41 41 36 41 36 44 38 35 49 43 45 50 50 42 41 46 52 45 47 42 43 44 53 49 47 53 48 44 54 54 48 53 56 59 56 63 58 55 58 57 58 61 62 59 63 62 55 61 59 60 57 70 65 71 60 71 65 69 66 66 68 69 69 72 64 69 73 71 71 70 78 68 67 76 78 80 76 80 76 72 77 74 83 82 73 74 77 85 81 90 91 87 83 88 82 81 86 78 83 92 87 87 86 85 88 90 97 89 85 91 89 90 98 93 96 97 100 93 95 94 94 101 99 93 98 95 107 100 107 96 106 103 109 110 104 102 106 104 108 102 114 107 103 113 101 113 111 112 112 110 117 109 109 115 112 122 115 108 113 116 118 120 118 114 123 121 121 127 125 124 123 124 126 119 126 130 133 120 128 126 136 122 133 130 125 133 127 126 131 138 134 136 136 135 138 131 134 138 141 129 129 132 144 139 140 140 144 141 145 141 146 149 148 151 137 144 148 153 147 147 148 146 149 142 149 150 150 151 145 154 147 155 157 156 156 153 159 152 158 156 159 160 158 154 159 166 163 162 165 162 164 159 159 167 169 163 161 163 168 169 176 170 165 167 168 171 174 166 170 171 180 170 174 172 177 173 172 171 183 175 178 177 179 183 173 178 182 176 180 184 188 177 179 187 186 187 184 181 183 184 185 185 182 198 186 188 196 189 191 195 192 190 196 194 201 193 198 197 190 196 197 199 190 191 199 192 206 201 201 207 202 203 201 203 200 204 204 204 210 208 208 202 216 217 205 213 212 211 214 215 215 212 213 211 210 212 221 209 220 216 218 219 220 217 224 219 221 215 219 222 223 223 230 226 221 224 220 225 229 227 231 228 228 231 230 230 225 227 238 232 233 229 239 233 243 235 234 235 236 241 240 245 232 242 245 239 240 236 249 244 246 237 244 238 243 248 246 249 247 250 241 246 252 249 248 247 252 242 250 247 252 251 246 252 251 249 253 255 256 254 263 252 253 261 256 252 254 258 251 256 254 263 258 262 257 255 253 258 260 257 260 264 265 264 257 264 270 261 265 266 267 263 262 266 260 259 263 265 268 272 267 259 269 269 272 270 273 275 270 265 267 274 273 271 265 266 271 274 272 275 280 268 282 278 277 273 276 277 272 274 271 278 276 279 278 286 270 280 277 280 273 281 281 283 281 286 287 288 285 285 288 288 279 283 285 285 285 288 293 284 292 286 287 286 282 284 285 292 290 288 290 290 294 293 299 292 286 296 296 289 298 294 296 301 291 295 295 291 298 289 300 297 294 289 298 303 304 299 297 295 298 305 303 297 303 301 296 306 299 304 300 305 302 299 309 302 306 308 305 310 316 307 305 303 311 309 304 301 307 305 312 318 310 308 310 311 309 315 313 314 310 317 315 312 313 319 321 308 315 322 320 313 312 315 317 314 327 320 316 318 317 321 324 319 326 316 318 323 322 318 327 321 319 327 330 329 320 330 325 328 323 322 328 330 324 325 328 325 323 326 329 331 331 331
0 : [0, 5] (32.0)
1 : [3, 13] (30.0)
2 : [1, 15] (30.0)
3 : [2, 8, 24] (36.0)
4 : [7, 9] (44.0)
5 : [10, 11] (30.0)
6 : [6, 12, 14] (29.0)
7 : [16, 17] (30.0)
8 : [18, 19] (30.0)
9 : [] (0.0)
10 : [4, 23] (46.0)
11 : [] (0.0)
12 : [21, 36] (34.0)
13 : [22, 28, 29] (36.0)
14 : [26, 31] (31.0)
15 : [30, 32] (41.0)
16 : [25, 35] (37.0)
17 : [27, 34] (28.0)
18 : [20, 33, 39] (29.0)
19 : [] (0.0)
20 : [38, 52] (37.0)
21 : [37, 59] (38.0)
22 : [40, 43, 45] (38.0)
23 : [47, 50] (32.0)
24 : [54, 55] (32.0)
25 : [41, 49] (43.0)
26 : [46, 48, 58] (27.0)
27 : [42, 44] (36.0)
28 : [60, 61] (32.0)
29 : [51, 56] (32.0)
30 : [] (0.0)
31 : [] (0.0)
32 : [62, 64, 74] (43.0)
33 : [57, 65, 67] (40.0)
34 : [53, 69] (32.0)
35 : [71, 83] (42.0)
36 : [78, 80] (44.0)
37 : [63, 68, 70] (40.0)
38 : [75, 82] (36.0)
39 : [66, 72] (46.0)
40 : [] (0.0)
41 : [76, 77, 79, 90] (48.0)
42 : [73, 89, 95] (32.0)
43 : [85, 96] (30.0)
44 : [81, 97, 103] (30.0)
45 : [86, 93] (30.0)
46 : [91] (30.0)
47 : [94, 100] (37.0)
48 : [102, 106] (49.0)
49 : [84, 99] (49.0)
50 : [87, 88] (30.0)
51 : [] (0.0)
52 : [92] (31.0)
53 : [98, 101, 107] (33.0)
54 : [104, 105] (33.0)
55 : [113, 122] (32.0)
56 : [108, 110] (39.0)
57 : [115, 126] (39.0)
58 : [112, 114, 116] (37.0)
59 : [109, 119, 124] (30.0)
60 : [125, 130] (51.0)
61 : [117, 123] (41.0)
62 : [118, 121] (40.0)
63 : [111, 120] (35.0)
64 : [140] (31.0)
65 : [128, 132] (38.0)
66 : [134, 135] (34.0)
67 : [148] (30.0)
68 : [136, 147] (51.0)
69 : [133, 137, 138, 141] (39.0)
70 : [127, 145] (37.0)
71 : [129, 131, 143, 144] (43.0)
72 : [139, 155] (48.0)
73 : [142, 160] (37.0)
74 : [157, 161] (35.0)
75 : [] (0.0)
76 : [149, 152, 154] (31.0)
77 : [156, 162] (49.0)
78 : [146, 150, 173] (40.0)
79 : [] (0.0)
80 : [151, 153] (43.0)
81 : [164, 171] (39.0)
82 : [159, 170] (42.0)
83 : [158, 168, 174] (32.0)
84 : [] (0.0)
85 : [163, 179, 184] (30.0)
86 : [172, 178] (31.0)
87 : [167, 176, 177] (47.0)
88 : [169, 180] (50.0)
89 : [183, 186] (35.0)
90 : [165, 181, 187] (33.0)
91 : [166, 185] (51.0)
92 : [175] (30.0)
93 : [189, 193, 199] (30.0)
94 : [195, 196] (34.0)
95 : [194, 201] (35.0)
96 : [190, 205] (45.0)
97 : [182, 191] (34.0)
98 : [188, 200] (47.0)
99 : [198] (30.0)
100 : [192, 203] (49.0)
101 : [197, 220] (44.0)
102 : [211, 215] (30.0)
103 : [207, 218] (30.0)
104 : [210, 213] (36.0)
105 : [] (0.0)
106 : [206, 212] (51.0)
107 : [202, 204, 217] (37.0)
108 : [214, 233] (39.0)
109 : [208, 227, 228] (33.0)
110 : [209, 225] (49.0)
111 : [222] (32.0)
112 : [223, 224, 230] (30.0)
113 : [219, 221, 234] (31.0)
114 : [216, 239] (39.0)
115 : [229, 232] (37.0)
116 : [235] (30.0)
117 : [226] (31.0)
118 : [236, 238] (36.0)
119 : [249] (32.0)
120 : [237, 253] (43.0)
121 : [241, 242] (30.0)
122 : [231, 257] (52.0)
123 : [240, 246] (47.0)
124 : [245, 247] (31.0)
125 : [244, 260] (47.0)
126 : [248, 250, 255, 263] (34.0)
127 : [243, 262] (45.0)
128 : [254] (33.0)
129 : [275, 276] (33.0)
130 : [251, 259] (50.0)
131 : [264, 271] (59.0)
132 : [277] (33.0)
133 : [252, 258, 261] (37.0)
134 : [266, 272] (45.0)
135 : [269] (30.0)
136 : [256, 267, 268] (36.0)
137 : [290] (32.0)
138 : [265, 270, 273] (31.0)
139 : [279] (32.0)
140 : [280, 281] (38.0)
141 : [274, 283, 285] (35.0)
142 : [299] (30.0)
143 : [] (0.0)
144 : [278, 282, 291] (41.0)
145 : [284, 304] (39.0)
146 : [286, 297] (30.0)
147 : [294, 295, 306] (44.0)
148 : [288, 292, 296] (39.0)
149 : [287, 298, 300] (52.0)
150 : [301, 302] (40.0)
151 : [289, 303] (51.0)
152 : [313] (35.0)
153 : [293, 311] (54.0)
154 : [305, 319] (45.0)
155 : [307] (34.0)
156 : [309, 310, 315] (33.0)
157 : [308] (33.0)
158 : [314, 318] (43.0)
159 : [312, 316, 320, 327, 328] (49.0)
160 : [317] (30.0)
161 : [332] (32.0)
162 : [323, 325] (42.0)
163 : [322, 331, 333] (36.0)
164 : [326] (34.0)
165 : [324, 338] (41.0)
166 : [321, 343] (34.0)
167 : [329, 339] (45.0)
168 : [334, 340] (43.0)
169 : [330, 335] (47.0)
170 : [337, 344, 347] (47.0)
171 : [341, 345, 353] (47.0)
172 : [349, 352] (52.0)
173 : [351, 360] (50.0)
174 : [342, 348] (46.0)
175 : [355] (33.0)
176 : [336, 363] (47.0)
177 : [350, 357, 367] (45.0)
178 : [356, 361] (43.0)
179 : [358, 368] (39.0)
180 : [346, 364] (42.0)
181 : [373] (34.0)
182 : [362, 378] (45.0)
183 : [354, 359, 374] (49.0)
184 : [365, 372, 375] (50.0)
185 : [376, 377] (41.0)
186 : [370, 380] (49.0)
187 : [369, 371] (41.0)
188 : [366, 381] (31.0)
189 : [383] (30.0)
190 : [387, 394, 398] (50.0)
191 : [384, 399] (36.0)
192 : [386, 401] (54.0)
193 : [391] (37.0)
194 : [389] (30.0)
195 : [385] (37.0)
196 : [382, 388, 395] (34.0)
197 : [393, 396] (35.0)
198 : [379, 392] (43.0)
199 : [397, 400] (42.0)
200 : [410] (40.0)
201 : [390, 403, 404, 408] (35.0)
202 : [406, 417] (50.0)
203 : [407, 409] (52.0)
204 : [411, 412, 413] (44.0)
205 : [420] (37.0)
206 : [402] (30.0)
207 : [405] (34.0)
208 : [415, 416] (30.0)
209 : [433] (34.0)
210 : [414, 430] (44.0)
211 : [423, 429] (48.0)
212 : [422, 427, 431] (41.0)
213 : [421, 428] (35.0)
214 : [424] (40.0)
215 : [425, 426, 443] (42.0)
216 : [418, 435] (53.0)
217 : [419, 439] (43.0)
218 : [436] (41.0)
219 : [437, 441, 444] (46.0)
220 : [434, 438, 452] (44.0)
221 : [432, 442, 450] (46.0)
222 : [445] (32.0)
223 : [446, 447] (43.0)
224 : [440, 451] (46.0)
225 : [453, 462] (43.0)
226 : [449] (38.0)
227 : [455, 463] (48.0)
228 : [457, 458] (41.0)
229 : [454, 467] (44.0)
230 : [448, 460, 461] (48.0)
231 : [456, 459] (45.0)
232 : [465, 478] (46.0)
233 : [466, 469] (41.0)
234 : [472] (31.0)
235 : [471, 473] (30.0)
236 : [474, 483] (42.0)
237 : [487] (33.0)
238 : [464, 489] (36.0)
239 : [468, 481] (51.0)
240 : [476, 482] (32.0)
241 : [475, 496] (39.0)
242 : [479, 503] (49.0)
243 : [470, 490] (43.0)
244 : [485, 488] (49.0)
245 : [477, 480] (46.0)
246 : [486, 492, 497, 508] (46.0)
247 : [494, 501, 505] (50.0)
248 : [491, 500] (54.0)
249 : [484, 493, 499, 511] (49.0)
250 : [495, 504] (39.0)
251 : [507, 510, 524] (44.0)
252 : [498, 502, 506, 509, 517, 521] (49.0)
253 : [512, 518, 532] (50.0)
254 : [515, 522, 526] (50.0)
255 : [513, 531] (48.0)
256 : [514, 520, 525] (50.0)
257 : [530, 535, 540] (49.0)
258 : [523, 528, 533] (49.0)
259 : [551, 557] (47.0)
260 : [534, 536, 550] (50.0)
261 : [519, 543] (45.0)
262 : [529, 548] (32.0)
263 : [516, 527, 547, 552] (46.0)
264 : [537, 539, 541] (40.0)
265 : [538, 544, 553, 565, 570] (34.0)
266 : [545, 549, 571] (33.0)
267 : [546, 556, 566] (48.0)
268 : [554, 577] (40.0)
269 : [558, 559] (42.0)
270 : [542, 561, 564, 592] (49.0)
271 : [569, 572, 586] (42.0)
272 : [555, 560, 574, 584] (46.0)
273 : [562, 568, 581, 596] (44.0)
274 : [567, 573, 585] (50.0)
275 : [563, 575] (42.0)
276 : [582, 588] (49.0)
277 : [580, 583, 594] (47.0)
278 : [579, 587, 590] (50.0)
279 : [589, 608] (46.0)
280 : [576, 593, 595] (50.0)
281 : [597, 598, 600] (48.0)
282 : [578, 620] (53.0)
283 : [599, 609] (46.0)
284 : [615, 621] (38.0)
285 : [604, 605, 610, 611, 612, 622] (50.0)
286 : [591, 601, 617, 619, 632] (49.0)
287 : [602, 618] (49.0)
288 : [603, 606, 607, 613, 625] (48.0)
289 : [635, 645, 649] (49.0)
290 : [624, 626, 627] (48.0)
291 : [640, 643] (46.0)
292 : [616, 623, 631] (50.0)
293 : [614, 629] (48.0)
294 : [628, 637, 648] (52.0)
295 : [641, 642, 655] (49.0)
296 : [633, 634, 638, 662] (50.0)
297 : [647, 654, 659] (50.0)
298 : [636, 644, 650, 656] (50.0)
299 : [630, 653, 664, 669] (42.0)
300 : [646, 666] (39.0)
301 : [639, 661, 683] (49.0)
302 : [668, 671] (53.0)
303 : [651, 658, 660, 679] (50.0)
304 : [652, 665, 682] (45.0)
305 : [657, 667, 674, 678, 685] (49.0)
306 : [663, 672] (51.0)
307 : [677, 684] (48.0)
308 : [673, 689, 703] (40.0)
309 : [670, 681, 692] (50.0)
310 : [675, 688, 690, 696] (48.0)
311 : [680, 691] (56.0)
312 : [686, 699, 708] (54.0)
313 : [694, 700, 707] (49.0)
314 : [695, 711] (49.0)
315 : [693, 698, 704, 709] (49.0)
316 : [676, 714, 721] (50.0)
317 : [697, 710, 716] (50.0)
318 : [687, 715, 722, 725] (47.0)
319 : [701, 719, 728] (48.0)
320 : [706, 713, 732] (50.0)
321 : [702, 717, 727] (49.0)
322 : [705, 724, 737] (44.0)
323 : [723, 736, 744] (46.0)
324 : [718, 740] (50.0)
325 : [734, 741, 743] (46.0)
326 : [720, 745] (45.0)
327 : [712, 726, 729] (52.0)
328 : [735, 738, 742] (52.0)
329 : [731, 746] (45.0)
330 : [730, 733, 739] (48.0)
331 : [747, 748, 749] (50.0)
