Name: 750-50-100
Time: 77.76267910003662 
Result: 62
Solution:  5 2 1 1 2 0 4 5 4 5 9 0 9 8 5 6 8 6 12 9 13 10 13 19 14 13 17 9 14 15 15 21 18 24 18 21 12 10 20 28 19 16 16 15 24 17 24 25 28 29 20 26 30 24 25 26 27 21 30 31 25 38 25 26 31 33 37 39 29 35 35 39 33 31 33 38 36 36 40 44 41 37 43 41 45 42 42 46 48 45 41 49 44 40 51 48 43 47 45 50 54 43 55 42 51 55 53 52 56 58 63 47 58 56 55 55 59 58 52 54 58 60 60 53 57 61 61 65 64 65 66 63 61 65 66 73 68 68 73 76 70 67 69 69 73 77 74 73 78 78 70 73 81 72 75 72 80 79 80 73 81 79 75 76 84 85 81 83 82 86 89 84 82 89 90 85 87 88 87 94 86 91 90 92 88 97 101 91 90 91 89 94 95 96 96 95 97 98 98 92 100 102 93 102 100 101 102 106 99 99 110 105 105 102 115 113 107 105 108 111 105 103 113 106 114 111 110 118 118 119 109 115 115 116 112 111 114 118 121 119 122 125 126 117 128 123 124 123 120 128 122 120 129 126 126 130 121 127 127 136 129 124 134 132 130 131 132 137 137 134 141 132 135 138 136 138 129 133 145 138 135 146 139 146 140 148 142 135 141 143 145 140 140 143 144 147 149 150 154 144 143 153 147 148 150 158 151 160 153 149 148 159 157 157 158 155 166 156 163 154 152 166 155 161 163 162 160 165 162 171 164 161 167 164 168 165 166 174 172 167 169 178 172 170 170 173 166 168 171 169 180 180 174 177 183 171 180 176 179 183 175 177 184 175 182 176 184 178 186 179 182 187 185 187 185 188 181 181 189 189 190 188 190 191 194 186 193 195 192 192 197 203 198 190 196 199 193 193 200 192 199 202 200 204 194 195 197 198 198 205 208 213 208 210 212 201 206 210 215 202 201 215 209 211 213 205 204 207 209 207 210 219 216 219 212 219 218 218 214 221 214 217 220 221 222 226 228 229 229 224 217 226 223 227 220 225 230 225 228 235 227 234 233 231 233 237 236 234 242 229 234 234 234 231 235 232 232 237 239 239 238 242 230 241 233 238 247 240 246 236 239 238 243 241 239 240 245 242 246 250 250 240 247 244 246 244 244 253 247 251 245 243 254 248 249 244 249 253 255 250 248 249 254 256 252 244 253 254 248 263 255 251 260 252 255 257 258 259 256 259 258 251 257 252 265 261 257 265 260 259 260 268 256 265 260 261 263 268 258 265 268 262 266 267 260 264 263 264 263 267 266 266 269 270 276 262 273 270 269 275 271 273 267 265 269 270 271 272 272 274 274 268 272 280 273 281 271 283 274 278 279 276 277 281 275 272 287 279 276 278 286 281 280 279 277 282 290 286 292 287 291 285 284 289 282 286 291 286 287 283 287 285 288 288 285 284 289 283 294 289 292 290 284 293 293 295 302 294 294 291 292 288 297 295 290 296 299 300 297 300 300 300 294 296 292 299 303 300 305 304 301 297 298 304 296 298 301 302 303 307 301 307 304 304 307 311 309 310 304 305 309 311 308 307 306 311 310 307 309 311 306 308 313 317 311 313 314 320 313 319 315 316 312 315 314 318 319 318 314 320 312 316 318 322 324 321 326 319 326 327 318 320 323 320 323 325 321 317 321 321 324 325 327 316 327 326 325 327 322 327
0 : [5, 11] (51.0)
1 : [2, 3] (50.0)
2 : [1, 4] (54.0)
3 : [] (0.0)
4 : [6, 8] (52.0)
5 : [0, 7, 9, 14] (86.0)
6 : [15, 17] (57.0)
7 : [] (0.0)
8 : [13, 16] (77.0)
9 : [10, 12, 19, 27] (51.0)
10 : [21, 37] (52.0)
11 : [] (0.0)
12 : [18, 36] (80.0)
13 : [20, 22, 25] (50.0)
14 : [24, 28] (72.0)
15 : [29, 30, 43] (60.0)
16 : [41, 42] (58.0)
17 : [26, 45] (75.0)
18 : [32, 34] (61.0)
19 : [23, 40] (67.0)
20 : [38, 50] (64.0)
21 : [31, 35, 57] (60.0)
22 : [] (0.0)
23 : [] (0.0)
24 : [33, 44, 46, 53] (86.0)
25 : [47, 54, 60, 62] (57.0)
26 : [51, 55, 63] (80.0)
27 : [56] (51.0)
28 : [39, 48] (53.0)
29 : [49, 68] (54.0)
30 : [52, 58] (88.0)
31 : [59, 64, 73] (94.0)
32 : [] (0.0)
33 : [65, 72, 74] (61.0)
34 : [] (0.0)
35 : [69, 70] (51.0)
36 : [76, 77] (56.0)
37 : [66, 81] (77.0)
38 : [61, 75] (70.0)
39 : [67, 71] (61.0)
40 : [78, 93] (54.0)
41 : [80, 83, 90] (51.0)
42 : [85, 86, 103] (84.0)
43 : [82, 96, 101] (70.0)
44 : [79, 92] (60.0)
45 : [84, 89, 98] (57.0)
46 : [87] (50.0)
47 : [97, 111] (59.0)
48 : [88, 95] (64.0)
49 : [91] (51.0)
50 : [99] (50.0)
51 : [94, 104] (73.0)
52 : [107, 118] (51.0)
53 : [106, 123] (59.0)
54 : [100, 119] (74.0)
55 : [102, 105, 114, 115] (87.0)
56 : [108, 113] (85.0)
57 : [124] (50.0)
58 : [109, 112, 117, 120] (54.0)
59 : [116] (51.0)
60 : [121, 122] (81.0)
61 : [125, 126, 132] (50.0)
62 : [] (0.0)
63 : [110, 131] (69.0)
64 : [128] (55.0)
65 : [127, 129, 133] (87.0)
66 : [130, 134] (74.0)
67 : [141] (54.0)
68 : [136, 137] (61.0)
69 : [142, 143] (61.0)
70 : [140, 150] (65.0)
71 : [] (0.0)
72 : [153, 155] (70.0)
73 : [135, 138, 144, 147, 151, 159] (63.0)
74 : [146] (53.0)
75 : [154, 162] (72.0)
76 : [139, 163] (69.0)
77 : [145] (51.0)
78 : [148, 149] (62.0)
79 : [157, 161] (58.0)
80 : [156, 158] (89.0)
81 : [152, 160, 166] (56.0)
82 : [168, 172] (69.0)
83 : [167] (55.0)
84 : [164, 171] (83.0)
85 : [165, 175] (67.0)
86 : [169, 180] (75.0)
87 : [176, 178] (55.0)
88 : [177, 184] (80.0)
89 : [170, 173, 190] (63.0)
90 : [174, 182, 188] (84.0)
91 : [181, 187, 189] (71.0)
92 : [183, 199] (83.0)
93 : [202] (59.0)
94 : [179, 191] (75.0)
95 : [192, 195] (76.0)
96 : [193, 194] (56.0)
97 : [185, 196] (53.0)
98 : [197, 198] (75.0)
99 : [208, 209] (66.0)
100 : [200, 204] (90.0)
101 : [186, 205] (54.0)
102 : [201, 203, 206, 213] (70.0)
103 : [221] (60.0)
104 : [] (0.0)
105 : [211, 212, 217, 220] (81.0)
106 : [207, 223] (62.0)
107 : [216] (65.0)
108 : [218] (54.0)
109 : [230] (50.0)
110 : [210, 226] (97.0)
111 : [219, 225, 235] (59.0)
112 : [234] (59.0)
113 : [215, 222] (81.0)
114 : [224, 236] (81.0)
115 : [214, 231, 232] (70.0)
116 : [233] (53.0)
117 : [243] (55.0)
118 : [227, 228, 237] (64.0)
119 : [229, 239] (71.0)
120 : [248, 251] (50.0)
121 : [238, 256] (84.0)
122 : [240, 250] (67.0)
123 : [245, 247] (68.0)
124 : [246, 261] (88.0)
125 : [241] (55.0)
126 : [242, 253, 254] (58.0)
127 : [257, 258] (75.0)
128 : [244, 249] (75.0)
129 : [252, 260, 276] (88.0)
130 : [255, 264] (56.0)
131 : [265] (64.0)
132 : [263, 266, 271] (93.0)
133 : [277] (62.0)
134 : [262, 269] (85.0)
135 : [272, 280, 287] (88.0)
136 : [259, 274] (76.0)
137 : [267, 268] (87.0)
138 : [273, 275, 279] (66.0)
139 : [282] (53.0)
140 : [284, 291, 292] (93.0)
141 : [270, 288] (78.0)
142 : [286] (59.0)
143 : [289, 293, 300] (91.0)
144 : [294, 299] (61.0)
145 : [278, 290] (87.0)
146 : [281, 283] (89.0)
147 : [295, 302] (84.0)
148 : [285, 303, 310] (93.0)
149 : [296, 309] (98.0)
150 : [297, 304] (82.0)
151 : [306] (62.0)
152 : [320] (71.0)
153 : [301, 308] (73.0)
154 : [298, 319] (87.0)
155 : [315, 322] (82.0)
156 : [317] (54.0)
157 : [312, 313] (77.0)
158 : [305, 314] (67.0)
159 : [311] (59.0)
160 : [307, 326] (62.0)
161 : [323, 331] (112.0)
162 : [325, 328] (51.0)
163 : [318, 324] (83.0)
164 : [330, 333] (69.0)
165 : [327, 335] (77.0)
166 : [316, 321, 336, 346] (71.0)
167 : [332, 339] (53.0)
168 : [334, 347] (78.0)
169 : [340, 349] (88.0)
170 : [343, 344] (59.0)
171 : [329, 348, 355] (89.0)
172 : [338, 342] (86.0)
173 : [345] (53.0)
174 : [337, 352] (89.0)
175 : [360, 363] (82.0)
176 : [357, 365] (87.0)
177 : [353, 361] (99.0)
178 : [341, 367] (99.0)
179 : [358, 369] (94.0)
180 : [350, 351, 356] (100.0)
181 : [376, 377] (82.0)
182 : [364, 370] (79.0)
183 : [354, 359] (91.0)
184 : [362, 366] (83.0)
185 : [372, 374] (95.0)
186 : [368, 385] (86.0)
187 : [371, 373] (90.0)
188 : [375, 381] (73.0)
189 : [378, 379] (82.0)
190 : [380, 382, 393] (97.0)
191 : [383] (73.0)
192 : [388, 389, 399] (93.0)
193 : [386, 396, 397] (90.0)
194 : [384, 404] (92.0)
195 : [387, 405] (95.0)
196 : [394] (57.0)
197 : [390, 406] (91.0)
198 : [392, 407, 408] (96.0)
199 : [395, 400] (62.0)
200 : [398, 402] (85.0)
201 : [415, 420] (85.0)
202 : [401, 419] (95.0)
203 : [391] (60.0)
204 : [403, 426] (97.0)
205 : [409, 425] (82.0)
206 : [416] (63.0)
207 : [427, 429] (73.0)
208 : [410, 412] (87.0)
209 : [422, 428] (99.0)
210 : [413, 417, 430] (100.0)
211 : [423] (52.0)
212 : [414, 434] (83.0)
213 : [411, 424] (84.0)
214 : [438, 440] (78.0)
215 : [418, 421] (83.0)
216 : [432] (66.0)
217 : [441, 450] (84.0)
218 : [436, 437] (85.0)
219 : [431, 433, 435] (96.0)
220 : [442, 454] (86.0)
221 : [439, 443] (86.0)
222 : [444] (63.0)
223 : [452] (68.0)
224 : [449] (61.0)
225 : [455, 457] (80.0)
226 : [445, 451] (78.0)
227 : [453, 460] (91.0)
228 : [446, 458] (87.0)
229 : [447, 448, 469] (71.0)
230 : [456, 482] (93.0)
231 : [463, 473] (65.0)
232 : [475, 476] (72.0)
233 : [462, 464, 484] (98.0)
234 : [461, 467, 470, 471, 472] (94.0)
235 : [459, 474] (84.0)
236 : [466, 489] (89.0)
237 : [465, 477] (98.0)
238 : [480, 485, 491] (71.0)
239 : [478, 479, 490, 494] (100.0)
240 : [487, 495, 501] (74.0)
241 : [483, 493] (93.0)
242 : [468, 481, 497] (73.0)
243 : [492, 511] (83.0)
244 : [503, 505, 506, 515, 525] (90.0)
245 : [496, 510] (95.0)
246 : [488, 498, 504] (100.0)
247 : [486, 502, 508] (100.0)
248 : [513, 520, 528] (100.0)
249 : [514, 516, 521] (99.0)
250 : [499, 500, 519] (99.0)
251 : [509, 531, 541] (99.0)
252 : [524, 533, 543] (81.0)
253 : [507, 517, 526] (94.0)
254 : [512, 522, 527] (97.0)
255 : [518, 530, 534] (99.0)
256 : [523, 538, 552] (99.0)
257 : [535, 542, 546] (98.0)
258 : [536, 540, 558] (108.0)
259 : [537, 539, 549] (81.0)
260 : [532, 548, 550, 554, 564] (98.0)
261 : [545, 555] (78.0)
262 : [561, 575] (87.0)
263 : [529, 556, 566, 568] (98.0)
264 : [565, 567] (89.0)
265 : [544, 547, 553, 559, 583] (92.0)
266 : [562, 570, 571] (100.0)
267 : [563, 569, 582] (99.0)
268 : [551, 557, 560, 591] (99.0)
269 : [572, 578, 584] (93.0)
270 : [573, 577, 585] (93.0)
271 : [580, 586, 596] (98.0)
272 : [587, 588, 592, 605] (98.0)
273 : [576, 581, 594] (100.0)
274 : [589, 590, 598] (89.0)
275 : [579, 604] (85.0)
276 : [574, 601, 608] (70.0)
277 : [602, 614] (60.0)
278 : [599, 609] (92.0)
279 : [600, 607, 613] (99.0)
280 : [593, 612] (88.0)
281 : [595, 603, 611] (98.0)
282 : [615, 624] (98.0)
283 : [597, 629, 637] (94.0)
284 : [622, 635, 642] (96.0)
285 : [621, 631, 634] (105.0)
286 : [610, 617, 625, 627] (98.0)
287 : [606, 619, 628, 630] (95.0)
288 : [632, 633, 651] (104.0)
289 : [623, 636, 639] (96.0)
290 : [616, 641, 654] (99.0)
291 : [620, 626, 649] (100.0)
292 : [618, 640, 650, 664] (99.0)
293 : [643, 644] (77.0)
294 : [638, 647, 648, 662] (97.0)
295 : [645, 653] (86.0)
296 : [655, 663, 674] (95.0)
297 : [652, 658, 671] (93.0)
298 : [672, 675] (84.0)
299 : [656, 665] (104.0)
300 : [657, 659, 660, 661, 667] (100.0)
301 : [670, 676, 680] (100.0)
302 : [646, 677] (91.0)
303 : [666, 678] (99.0)
304 : [669, 673, 682, 683, 688] (97.0)
305 : [668, 689] (100.0)
306 : [694, 700] (96.0)
307 : [679, 681, 684, 693, 697] (98.0)
308 : [692, 701] (94.0)
309 : [686, 690, 698] (99.0)
310 : [687, 696] (80.0)
311 : [685, 691, 695, 699, 704] (99.0)
312 : [712, 720] (110.0)
313 : [702, 705, 708] (89.0)
314 : [706, 714, 718] (97.0)
315 : [710, 713] (107.0)
316 : [711, 721, 743] (97.0)
317 : [703, 737] (100.0)
318 : [715, 717, 722, 730] (90.0)
319 : [709, 716, 727] (100.0)
320 : [707, 719, 731, 733] (94.0)
321 : [725, 736, 738, 739] (75.0)
322 : [723, 748] (100.0)
323 : [732, 734] (96.0)
324 : [724, 740] (98.0)
325 : [735, 741, 746] (98.0)
326 : [726, 728, 745] (96.0)
327 : [729, 742, 744, 747, 749] (95.0)
