Name: 750-60-125
Time: 79.75859379768372 
Result: 87
Solution:  2 3 2 1 4 7 9 4 3 1 8 5 9 1 4 7 5 6 5 8 7 3 11 10 5 15 12 17 8 10 6 11 12 17 18 13 12 19 11 15 5 18 17 14 16 24 17 14 13 17 14 22 21 19 16 17 22 22 21 22 26 18 19 24 27 19 25 18 26 25 27 17 23 25 30 23 21 25 30 28 33 28 31 27 29 27 32 36 30 30 34 31 29 31 36 39 34 32 31 37 33 35 33 30 37 35 36 40 40 38 32 42 32 38 39 38 43 34 38 41 38 41 49 36 34 42 46 45 47 45 45 44 38 37 47 49 46 43 46 45 49 53 44 48 44 49 55 50 53 49 50 51 52 48 53 52 55 53 52 58 56 56 60 61 54 58 59 61 56 53 54 51 62 58 59 60 61 68 58 53 60 58 65 66 56 64 63 60 62 57 66 67 65 67 61 72 64 63 64 62 70 72 69 70 68 69 69 70 70 64 71 70 67 77 71 71 73 70 76 74 77 75 75 72 73 74 82 85 74 72 79 81 83 76 78 86 80 82 78 83 79 78 81 81 82 84 85 89 78 88 85 80 79 85 85 85 86 86 83 90 81 88 88 93 82 83 90 99 89 89 95 90 87 89 91 94 91 92 92 94 98 96 103 96 89 96 95 87 92 96 101 96 97 105 98 96 105 93 102 100 96 100 97 100 100 101 104 94 105 108 110 104 106 97 102 107 104 106 107 108 106 102 115 112 112 106 116 109 107 114 110 111 112 110 111 115 121 115 118 111 111 109 114 108 117 115 115 113 120 117 121 116 115 120 118 119 123 125 123 124 120 119 115 126 125 122 124 124 122 127 128 117 124 123 121 129 117 119 125 128 123 128 126 133 132 129 127 128 127 130 125 130 126 139 132 137 136 134 129 134 134 139 131 137 133 135 131 132 137 140 137 142 143 139 136 138 141 140 143 133 138 135 145 145 141 145 142 141 143 146 146 142 148 136 145 144 145 144 142 147 149 151 149 150 150 141 148 154 146 143 153 159 147 150 155 153 152 146 149 147 155 157 156 158 152 151 162 158 157 159 158 156 156 158 155 161 160 167 160 164 161 155 163 163 160 167 161 166 162 165 164 166 159 173 159 165 164 163 170 169 173 170 168 162 166 169 169 165 167 168 172 177 171 175 173 168 171 181 180 174 175 175 171 178 179 172 169 176 176 172 177 178 184 180 177 176 175 183 174 188 185 179 179 181 179 182 174 179 182 193 183 180 190 178 189 185 190 180 186 183 179 182 189 190 184 187 188 186 195 184 199 198 194 189 193 191 194 187 186 195 196 193 191 198 197 199 193 201 192 193 195 199 196 200 196 192 205 198 198 200 201 196 204 202 208 200 205 195 203 210 208 202 197 204 205 203 200 209 212 208 210 204 203 211 213 206 206 215 216 209 207 206 214 219 208 207 214 209 213 213 207 211 214 217 217 217 216 215 212 213 216 218 222 222 217 220 223 226 222 218 218 219 221 216 226 219 220 230 223 227 222 223 221 224 225 229 221 227 225 223 228 229 224 234 229 221 233 231 227 228 232 226 236 236 232 224 232 227 237 234 238 231 230 236 231 240 232 235 242 235 239 233 239 245 247 233 239 242 236 238 240 244 235 237 238 246 249 237 248 244 245 250 242 243 246 241 243 250 244 247 247 246 249 249 249 249 241 248 248 243
0 : [] (0.0)
1 : [3, 9, 13] (56.0)
2 : [0, 2] (70.0)
3 : [1, 8, 21] (56.0)
4 : [4, 7, 14] (62.0)
5 : [11, 16, 18, 24, 40] (51.0)
6 : [17, 30] (62.0)
7 : [5, 15, 20] (61.0)
8 : [10, 19, 28] (61.0)
9 : [6, 12] (63.0)
10 : [23, 29] (74.0)
11 : [22, 31, 38] (61.0)
12 : [26, 32, 36] (62.0)
13 : [35, 48] (69.0)
14 : [43, 47, 50] (69.0)
15 : [25, 39] (79.0)
16 : [44, 54] (72.0)
17 : [27, 33, 42, 46, 49, 55, 71] (64.0)
18 : [34, 41, 61, 67] (63.0)
19 : [37, 53, 62, 65] (60.0)
20 : [] (0.0)
21 : [52, 58, 76] (80.0)
22 : [51, 56, 57, 59] (75.0)
23 : [72, 75] (68.0)
24 : [45, 63] (60.0)
25 : [66, 69, 73, 77] (59.0)
26 : [60, 68] (70.0)
27 : [64, 70, 83, 85] (60.0)
28 : [79, 81] (58.0)
29 : [84, 92] (89.0)
30 : [74, 78, 88, 89, 103] (62.0)
31 : [82, 91, 93, 98] (70.0)
32 : [86, 97, 110, 112] (68.0)
33 : [80, 100, 102] (62.0)
34 : [90, 96, 117, 124] (60.0)
35 : [101, 105] (65.0)
36 : [87, 94, 106, 123] (60.0)
37 : [99, 104, 133] (64.0)
38 : [109, 113, 115, 118, 120, 132] (58.0)
39 : [95, 114] (84.0)
40 : [107, 108] (80.0)
41 : [119, 121] (72.0)
42 : [111, 125] (77.0)
43 : [116, 137] (63.0)
44 : [131, 142, 144] (73.0)
45 : [127, 129, 130, 139] (71.0)
46 : [126, 136, 138] (71.0)
47 : [128, 134] (93.0)
48 : [143, 153] (83.0)
49 : [122, 135, 140, 145, 149] (61.0)
50 : [147, 150] (78.0)
51 : [151, 171] (72.0)
52 : [152, 155, 158] (64.0)
53 : [141, 148, 154, 157, 169, 179] (66.0)
54 : [164, 170] (67.0)
55 : [146, 156] (63.0)
56 : [160, 161, 168, 184] (103.0)
57 : [189] (61.0)
58 : [159, 165, 173, 178, 181] (72.0)
59 : [166, 174] (79.0)
60 : [162, 175, 180, 187] (75.0)
61 : [163, 167, 176, 194] (66.0)
62 : [172, 188, 199] (69.0)
63 : [186, 197] (78.0)
64 : [185, 196, 198, 209] (83.0)
65 : [182, 192] (73.0)
66 : [183, 190] (63.0)
67 : [191, 193, 212] (68.0)
68 : [177, 204] (88.0)
69 : [202, 205, 206] (77.0)
70 : [200, 203, 207, 208, 211, 217] (61.0)
71 : [210, 214, 215] (65.0)
72 : [195, 201, 223, 229] (62.0)
73 : [216, 224] (63.0)
74 : [219, 225, 228] (119.0)
75 : [221, 222] (69.0)
76 : [218, 233] (63.0)
77 : [213, 220] (77.0)
78 : [234, 238, 241, 248] (111.0)
79 : [230, 240, 252] (117.0)
80 : [236, 251] (67.0)
81 : [231, 242, 243, 260] (112.0)
82 : [226, 237, 244, 264] (78.0)
83 : [232, 239, 258, 265] (72.0)
84 : [245] (68.0)
85 : [227, 246, 250, 253, 254, 255] (77.0)
86 : [235, 256, 257] (72.0)
87 : [272, 287] (75.0)
88 : [249, 261, 262] (72.0)
89 : [247, 268, 269, 273, 284] (67.0)
90 : [259, 266, 271] (77.0)
91 : [274, 276] (65.0)
92 : [277, 278, 288] (101.0)
93 : [263, 297] (94.0)
94 : [275, 279, 307] (86.0)
95 : [270, 286] (64.0)
96 : [281, 283, 285, 289, 291, 295, 300] (76.0)
97 : [292, 302, 313] (116.0)
98 : [280, 294] (83.0)
99 : [267] (62.0)
100 : [299, 301, 303, 304] (95.0)
101 : [290, 305] (61.0)
102 : [298, 314, 321] (115.0)
103 : [282] (62.0)
104 : [306, 311, 316] (85.0)
105 : [293, 296, 308] (74.0)
106 : [312, 317, 320, 325] (113.0)
107 : [315, 318, 328] (87.0)
108 : [309, 319, 343] (75.0)
109 : [327, 341] (68.0)
110 : [310, 330, 333] (110.0)
111 : [331, 334, 339, 340] (88.0)
112 : [323, 324, 332] (62.0)
113 : [347] (76.0)
114 : [329, 342] (76.0)
115 : [322, 335, 337, 345, 346, 352, 362] (83.0)
116 : [326, 351] (92.0)
117 : [344, 349, 371, 376] (72.0)
118 : [338, 354] (95.0)
119 : [355, 361, 377] (83.0)
120 : [348, 353, 360] (88.0)
121 : [336, 350, 374] (70.0)
122 : [365, 368] (96.0)
123 : [356, 358, 373, 380] (120.0)
124 : [359, 366, 367, 372] (125.0)
125 : [357, 364, 378, 390] (101.0)
126 : [363, 382, 392] (103.0)
127 : [369, 386, 388] (105.0)
128 : [370, 379, 381, 387] (84.0)
129 : [375, 385, 398] (107.0)
130 : [389, 391] (68.0)
131 : [402, 406] (84.0)
132 : [384, 394, 407] (73.0)
133 : [383, 404, 419] (89.0)
134 : [397, 399, 400] (90.0)
135 : [405, 421] (72.0)
136 : [396, 414, 433] (116.0)
137 : [395, 403, 408, 410] (113.0)
138 : [415, 420] (70.0)
139 : [393, 401, 413] (110.0)
140 : [409, 417] (85.0)
141 : [416, 424, 427, 445] (101.0)
142 : [411, 426, 431, 438] (94.0)
143 : [412, 418, 428, 449] (125.0)
144 : [435, 437] (82.0)
145 : [422, 423, 425, 434, 436] (119.0)
146 : [429, 430, 448, 457] (118.0)
147 : [439, 452, 459] (125.0)
148 : [432, 446] (72.0)
149 : [440, 442, 458] (81.0)
150 : [443, 444, 453] (118.0)
151 : [441, 465] (83.0)
152 : [456, 464] (105.0)
153 : [450, 455] (78.0)
154 : [447] (63.0)
155 : [454, 460, 474, 481] (117.0)
156 : [462, 471, 472] (125.0)
157 : [461, 468] (83.0)
158 : [463, 467, 470, 473] (123.0)
159 : [451, 469, 492, 494] (112.0)
160 : [476, 478, 484] (106.0)
161 : [475, 480, 486] (74.0)
162 : [466, 488, 503] (89.0)
163 : [482, 483, 497] (110.0)
164 : [479, 490, 496] (118.0)
165 : [489, 495, 507] (104.0)
166 : [487, 491, 504] (92.0)
167 : [477, 485, 508] (95.0)
168 : [502, 509, 515] (112.0)
169 : [499, 505, 506, 526] (110.0)
170 : [498, 501] (104.0)
171 : [512, 516, 522] (132.0)
172 : [510, 525, 529] (123.0)
173 : [493, 500, 514] (118.0)
174 : [519, 538, 546] (121.0)
175 : [513, 520, 521, 536] (123.0)
176 : [527, 528, 535] (122.0)
177 : [511, 530, 534] (106.0)
178 : [523, 531, 553] (92.0)
179 : [524, 541, 542, 544, 547, 560] (120.0)
180 : [518, 533, 551, 557] (121.0)
181 : [517, 543] (91.0)
182 : [545, 548, 561] (82.0)
183 : [537, 550, 559] (125.0)
184 : [532, 564, 569] (105.0)
185 : [540, 555] (105.0)
186 : [558, 567, 578] (118.0)
187 : [565, 577] (68.0)
188 : [539, 566] (94.0)
189 : [554, 562, 573] (103.0)
190 : [552, 556, 563] (117.0)
191 : [575, 582] (97.0)
192 : [588, 595] (99.0)
193 : [549, 574, 581, 586, 589] (117.0)
194 : [572, 576] (106.0)
195 : [568, 579, 590, 607] (101.0)
196 : [580, 592, 594, 601] (120.0)
197 : [584, 612] (103.0)
198 : [571, 583, 597, 598] (124.0)
199 : [570, 585, 591] (109.0)
200 : [593, 599, 605, 616] (110.0)
201 : [587, 600] (119.0)
202 : [603, 611] (82.0)
203 : [608, 615, 622] (120.0)
204 : [602, 613, 621] (116.0)
205 : [596, 606, 614] (119.0)
206 : [625, 626, 631] (122.0)
207 : [630, 635, 640] (124.0)
208 : [604, 610, 619, 634] (117.0)
209 : [617, 629, 637] (113.0)
210 : [609, 620] (119.0)
211 : [623, 641] (118.0)
212 : [618, 648] (122.0)
213 : [624, 638, 639, 649] (119.0)
214 : [632, 636, 642] (121.0)
215 : [627, 647] (123.0)
216 : [628, 646, 650, 663] (122.0)
217 : [643, 644, 645, 654] (104.0)
218 : [651, 659, 660] (125.0)
219 : [633, 661, 665] (124.0)
220 : [655, 666] (94.0)
221 : [662, 672, 676, 685] (122.0)
222 : [652, 653, 658, 670] (121.0)
223 : [656, 668, 671, 679] (125.0)
224 : [673, 682, 695] (116.0)
225 : [674, 678] (116.0)
226 : [657, 664, 691] (93.0)
227 : [669, 677, 688, 697] (122.0)
228 : [680, 689] (125.0)
229 : [675, 681, 684] (116.0)
230 : [667, 702] (124.0)
231 : [687, 701, 704] (122.0)
232 : [690, 694, 696, 706] (119.0)
233 : [686, 711, 715] (119.0)
234 : [683, 699] (120.0)
235 : [707, 709, 722] (123.0)
236 : [692, 693, 703, 718] (115.0)
237 : [698, 723, 727] (122.0)
238 : [700, 719, 724] (122.0)
239 : [710, 712, 716] (125.0)
240 : [705, 720] (118.0)
241 : [735, 746] (122.0)
242 : [708, 717, 732] (121.0)
243 : [733, 736, 749] (118.0)
244 : [721, 729, 738] (107.0)
245 : [713, 730] (114.0)
246 : [725, 734, 741] (124.0)
247 : [714, 739, 740] (120.0)
248 : [728, 747, 748] (121.0)
249 : [726, 742, 743, 744, 745] (138.0)
250 : [731, 737] (121.0)
