Name: 100-40-75
Time: 4.168598413467407 
Result: 2
Solution:  0 3 1 0 0 0 0 2 1 1 0 0 2 1 1 2 1 0 4 4 2 1 2 2 0 3 2 4 2 0 2 2 3 7 3 1 3 1 5 2 1 8 5 6 1 3 6 3 2 4 9 3 3 1 5 2 4 8 6 4 5 3 7 6 8 5 8 5 5 8 9 3 7 7 6 4 6 5 7 8 6 7 5 6 6 9 9 10 8 10 10 9 9 9 8 10 9 9 7 10
0 : [0, 3, 4, 5, 6, 10, 11, 17, 24, 29] (61.0)
1 : [2, 8, 9, 13, 14, 16, 21, 35, 37, 40, 44, 53] (60.0)
2 : [7, 12, 15, 20, 22, 23, 26, 28, 30, 31, 39, 48, 55] (60.0)
3 : [1, 25, 32, 34, 36, 45, 47, 51, 52, 61, 71] (60.0)
4 : [18, 19, 27, 49, 56, 59, 75] (60.0)
5 : [38, 42, 54, 60, 65, 67, 68, 77, 82] (61.0)
6 : [43, 46, 58, 63, 74, 76, 80, 83, 84] (61.0)
7 : [33, 62, 72, 73, 78, 81, 98] (61.0)
8 : [41, 57, 64, 66, 69, 79, 88, 94] (62.0)
9 : [50, 70, 85, 86, 91, 92, 93, 96, 97] (60.0)
10 : [87, 89, 90, 95, 99] (62.0)
