Name: 1000-50-100
Time: 48.27515935897827 
Result: 49
Solution:  0 0 1 1 0 0 1 3 0 3 1 1 1 1 1 1 2 0 3 1 1 1 1 2 1 1 2 2 4 0 6 0 2 3 4 3 5 5 6 6 5 4 5 5 4 2 6 2 6 4 6 4 3 3 5 6 7 7 10 6 6 6 6 9 6 6 7 6 10 6 8 7 10 8 11 8 6 8 6 9 10 11 8 9 8 10 8 7 6 13 6 13 10 10 8 10 8 7 11 9 10 9 11 10 12 11 8 10 14 9 13 11 13 9 12 12 8 12 10 12 13 12 16 11 15 14 16 15 14 14 13 12 11 16 15 14 14 12 10 15 15 13 14 13 13 14 17 15 16 16 16 14 13 16 14 13 17 16 20 13 15 17 16 19 17 20 17 15 16 17 19 18 21 21 18 17 17 19 18 19 22 19 23 16 20 17 19 19 20 19 18 20 21 22 19 19 18 20 22 18 19 19 21 20 21 21 20 22 22 21 24 23 22 23 19 23 22 19 24 19 21 25 22 20 23 20 24 23 24 20 26 23 24 24 24 24 23 26 25 24 29 25 24 25 24 24 28 25 21 25 28 27 26 25 29 26 25 24 27 26 29 25 28 29 27 30 26 30 27 24 27 28 27 29 28 29 30 27 31 30 26 29 29 33 32 25 27 25 29 29 30 30 28 33 31 32 31 33 27 33 32 30 31 31 30 31 33 31 27 31 34 32 33 30 30 31 33 35 36 32 31 33 32 36 32 33 31 36 36 32 36 36 33 35 36 33 35 31 35 35 34 36 33 35 35 35 35 35 34 35 34 35 34 38 38 35 39 34 33 36 36 35 35 37 38 39 36 38 38 38 39 40 37 36 37 35 39 40 41 36 37 40 40 37 41 36 39 40 42 39 39 43 42 43 42 40 40 37 44 41 39 42 39 38 40 41 39 42 43 41 41 46 42 42 39 40 42 42 40 43 43 42 42 39 42 44 46 43 43 43 45 44 45 44 40 44 44 46 43 43 47 47 44 45 48 46 44 46 46 47 47 46 46 44 46 46 46 45 48 45 49 47 45 44 51 47 45 45 44 49 47 44 47 49 50 48 48 49 50 48 47 48 50 48 50 48 50 45 49 49 53 49 48 48 50 50 50 49 50 48 54 51 51 49 51 49 50 50 52 51 53 52 54 52 50 54 51 52 52 51 51 52 52 53 54 53 49 51 52 53 53 53 53 54 53 54 55 54 51 56 54 51 57 55 56 56 57 56 52 57 58 59 55 57 56 57 56 56 59 55 55 57 58 55 60 57 55 55 56 55 57 58 60 59 61 59 57 57 56 59 61 59 58 56 60 58 56 58 58 57 60 64 60 57 61 62 59 61 59 63 61 63 61 65 61 59 61 61 59 62 58 64 62 64 59 60 63 62 61 60 59 64 63 62 62 60 64 61 61 62 64 60 62 64 61 64 61 65 65 63 65 63 65 65 67 66 63 65 65 64 67 65 68 69 64 68 65 63 63 69 65 65 65 65 66 67 71 63 67 68 67 66 67 64 64 71 66 68 67 68 68 66 69 71 69 69 66 69 69 67 70 69 73 70 67 70 71 67 72 70 71 72 70 72 68 71 71 70 70 70 76 73 71 72 72 70 73 68 72 74 72 73 71 72 71 74 70 72 72 74 75 73 74 76 73 76 75 74 74 73 75 71 73 74 74 72 75 78 77 78 78 79 75 74 76 74 74 78 79 77 78 77 77 77 75 76 80 73 78 77 79 75 77 75 77 78 78 75 80 77 80 81 79 80 81 76 81 76 76 78 80 81 82 80 81 79 79 80 77 79 83 82 79 84 79 78 80 81 79 81 82 82 81 85 80 83 81 86 82 83 85 83 80 84 84 86 86 85 79 84 83 85 85 85 84 84 84 83 86 84 85 87 86 86 84 83 82 83 84 83 85 86 85 87 89 84 87 85 83 88 88 91 85 86 91 89 88 89 86 87 90 87 89 89 85 89 87 87 89 86 87 91 88 86 89 88 86 89 89 88 89 92 89 91 86 89 93 90 89 90 88 90 93 91 91 92 93 91 90 92 95 93 94 88 89 93 93 93 89 90 93 94 95 90 91 93 91 93 92 92 93 92 95 93 94 95 94 92 93 94 94 97 97 94 92 95 95 97 95 95 94 96 96 96 96 94 94 96 97 99 94 94 99 98 98 97 99 97 96 97 98 98 98 98 96 98 100 98 98 100 99 99 99 100 96 100 97 96 100 96 100 98 99 100 100 98 100 99 99 100
0 : [0, 1, 4, 5, 8, 17, 29, 31] (52.0)
1 : [2, 3, 6, 10, 11, 12, 13, 14, 15, 19, 20, 21, 22, 24, 25] (54.0)
2 : [16, 23, 26, 27, 32, 45, 47] (56.0)
3 : [7, 9, 18, 33, 35, 52, 53] (51.0)
4 : [28, 34, 41, 44, 49, 51] (53.0)
5 : [36, 37, 40, 42, 43, 54] (51.0)
6 : [30, 38, 39, 46, 48, 50, 55, 59, 60, 61, 62, 64, 65, 67, 69, 76, 78, 88, 90] (52.0)
7 : [56, 57, 66, 71, 87, 97] (51.0)
8 : [70, 73, 75, 77, 82, 84, 86, 94, 96, 106, 116] (53.0)
9 : [63, 79, 83, 99, 101, 109, 113] (53.0)
10 : [58, 68, 72, 80, 85, 92, 93, 95, 100, 103, 107, 118, 138] (51.0)
11 : [74, 81, 98, 102, 105, 111, 123, 132] (54.0)
12 : [104, 114, 115, 117, 119, 121, 131, 137] (53.0)
13 : [89, 91, 110, 112, 120, 130, 141, 143, 144, 152, 155, 159] (52.0)
14 : [108, 125, 128, 129, 135, 136, 142, 145, 151, 154] (62.0)
15 : [124, 127, 134, 139, 140, 147, 160, 167] (64.0)
16 : [122, 126, 133, 148, 149, 150, 153, 157, 162, 168, 183] (56.0)
17 : [146, 156, 161, 164, 166, 169, 175, 176, 185] (56.0)
18 : [171, 174, 178, 190, 196, 199] (52.0)
19 : [163, 170, 177, 179, 181, 186, 187, 189, 194, 195, 200, 201, 214, 217, 219] (54.0)
20 : [158, 165, 184, 188, 191, 197, 203, 206, 223, 225, 229] (67.0)
21 : [172, 173, 192, 202, 204, 205, 209, 220, 248] (57.0)
22 : [180, 193, 198, 207, 208, 212, 216, 222] (61.0)
23 : [182, 211, 213, 215, 224, 227, 231, 236] (52.0)
24 : [210, 218, 226, 228, 232, 233, 234, 235, 239, 242, 244, 245, 257, 269] (57.0)
25 : [221, 238, 241, 243, 247, 249, 253, 256, 261, 285, 287] (53.0)
26 : [230, 237, 252, 255, 259, 266, 280] (64.0)
27 : [251, 258, 264, 268, 270, 272, 277, 286, 298, 308] (64.0)
28 : [246, 250, 262, 271, 274, 292] (53.0)
29 : [240, 254, 260, 263, 273, 275, 281, 282, 288, 289] (76.0)
30 : [265, 267, 276, 279, 290, 291, 301, 304, 313, 314] (80.0)
31 : [278, 294, 296, 302, 303, 305, 307, 309, 315, 320, 326, 337] (61.0)
32 : [284, 295, 300, 311, 319, 322, 324, 329] (56.0)
33 : [283, 293, 297, 299, 306, 312, 316, 321, 325, 332, 335, 342, 358] (83.0)
34 : [310, 340, 348, 350, 352, 357] (62.0)
35 : [317, 333, 336, 338, 339, 343, 344, 345, 346, 347, 349, 351, 355, 361, 362, 375] (99.0)
36 : [318, 323, 327, 328, 330, 331, 334, 341, 359, 360, 366, 373, 379, 385] (89.0)
37 : [363, 372, 374, 380, 383, 397] (60.0)
38 : [353, 354, 364, 367, 368, 369, 403] (67.0)
39 : [356, 365, 370, 376, 386, 389, 390, 400, 402, 406, 414, 423] (77.0)
40 : [371, 377, 381, 382, 387, 395, 396, 404, 415, 418, 434] (62.0)
41 : [378, 384, 399, 405, 409, 410] (72.0)
42 : [388, 392, 394, 401, 407, 412, 413, 416, 417, 421, 422, 424] (69.0)
43 : [391, 393, 408, 419, 420, 427, 428, 429, 438, 439] (74.0)
44 : [398, 425, 431, 433, 435, 436, 442, 446, 453, 463, 468, 471] (60.0)
45 : [430, 432, 443, 457, 459, 462, 466, 467, 487] (75.0)
46 : [411, 426, 437, 445, 447, 448, 451, 452, 454, 455, 456] (83.0)
47 : [440, 441, 449, 450, 461, 465, 470, 472, 480] (73.0)
48 : [444, 458, 475, 476, 479, 481, 483, 485, 492, 493, 499] (72.0)
49 : [460, 469, 473, 477, 488, 489, 491, 497, 503, 505, 526] (74.0)
50 : [474, 478, 482, 484, 486, 494, 495, 496, 498, 506, 507, 514] (86.0)
51 : [464, 501, 502, 504, 509, 516, 519, 520, 527, 538, 541] (89.0)
52 : [508, 511, 513, 517, 518, 521, 522, 528, 548] (82.0)
53 : [490, 510, 523, 525, 529, 530, 531, 532, 534] (73.0)
54 : [500, 512, 515, 524, 533, 535, 537, 540] (75.0)
55 : [536, 543, 552, 559, 560, 563, 566, 567, 569] (93.0)
56 : [539, 544, 545, 547, 554, 556, 557, 568, 578, 583, 586] (92.0)
57 : [542, 546, 549, 553, 555, 561, 565, 570, 576, 577, 589, 593] (95.0)
58 : [550, 562, 571, 582, 585, 587, 588, 610] (73.0)
59 : [551, 558, 573, 575, 579, 581, 596, 598, 605, 608, 614, 620] (100.0)
60 : [564, 572, 584, 590, 592, 615, 619, 625, 631] (80.0)
61 : [574, 580, 594, 597, 600, 602, 604, 606, 607, 618, 627, 628, 634, 636] (94.0)
62 : [595, 609, 612, 617, 623, 624, 629, 632] (76.0)
63 : [599, 601, 616, 622, 639, 641, 646, 657, 658, 667] (78.0)
64 : [591, 611, 613, 621, 626, 630, 633, 635, 649, 654, 673, 674] (78.0)
65 : [603, 637, 638, 640, 642, 643, 647, 648, 651, 656, 660, 661, 662, 663] (89.0)
66 : [645, 664, 671, 676, 681, 686] (63.0)
67 : [644, 650, 665, 668, 670, 672, 678, 689, 694, 697] (75.0)
68 : [652, 655, 669, 677, 679, 680, 704, 717] (76.0)
69 : [653, 659, 682, 684, 685, 687, 688, 691] (93.0)
70 : [690, 693, 695, 699, 702, 707, 708, 709, 715, 726] (99.0)
71 : [666, 675, 683, 696, 700, 705, 706, 712, 722, 724, 741] (94.0)
72 : [698, 701, 703, 713, 714, 718, 720, 723, 727, 728, 745] (91.0)
73 : [692, 711, 716, 721, 731, 734, 739, 742, 767] (72.0)
74 : [719, 725, 729, 732, 737, 738, 743, 744, 753, 755, 756] (91.0)
75 : [730, 736, 740, 746, 752, 764, 771, 773, 777] (100.0)
76 : [710, 733, 735, 754, 765, 785, 787, 788] (66.0)
77 : [748, 759, 761, 762, 763, 769, 772, 774, 779, 798] (90.0)
78 : [747, 749, 750, 757, 760, 768, 775, 776, 789, 805] (83.0)
79 : [751, 758, 770, 782, 795, 796, 799, 802, 804, 808, 828] (96.0)
80 : [766, 778, 780, 783, 790, 793, 797, 806, 814, 822] (69.0)
81 : [781, 784, 786, 791, 794, 807, 809, 812, 816] (100.0)
82 : [792, 801, 810, 811, 818, 846] (76.0)
83 : [800, 815, 819, 821, 830, 837, 845, 847, 849, 858] (100.0)
84 : [803, 823, 824, 829, 834, 835, 836, 839, 844, 848, 855] (96.0)
85 : [813, 820, 827, 831, 832, 833, 840, 850, 852, 857, 862, 874] (100.0)
86 : [817, 825, 826, 838, 842, 843, 851, 863, 868, 879, 883, 886, 894] (88.0)
87 : [841, 853, 856, 869, 871, 876, 877, 880] (100.0)
88 : [859, 860, 866, 882, 885, 889, 900, 913] (100.0)
89 : [854, 865, 867, 872, 873, 875, 878, 884, 887, 888, 890, 892, 895, 898, 914, 918] (100.0)
90 : [870, 897, 899, 901, 908, 919, 923] (98.0)
91 : [861, 864, 881, 893, 903, 904, 907, 924, 926] (87.0)
92 : [891, 905, 909, 928, 929, 931, 937, 944] (100.0)
93 : [896, 902, 906, 911, 915, 916, 917, 920, 925, 927, 930, 933, 938] (100.0)
94 : [912, 921, 934, 936, 939, 940, 943, 950, 955, 956, 960, 961] (92.0)
95 : [910, 922, 932, 935, 945, 946, 948, 949] (100.0)
96 : [951, 952, 953, 954, 957, 968, 974, 984, 987, 989] (99.0)
97 : [941, 942, 947, 958, 965, 967, 969, 986] (95.0)
98 : [963, 964, 970, 971, 972, 973, 975, 977, 978, 991, 995] (99.0)
99 : [959, 962, 966, 980, 981, 982, 992, 997, 998] (100.0)
100 : [976, 979, 983, 985, 988, 990, 993, 994, 996, 999] (80.0)
