Name: 100-30-50
Time: 3.555190324783325 
Result: 1
Solution:  0 0 2 0 1 1 1 0 2 0 0 1 2 1 2 1 1 0 2 2 0 2 5 5 2 0 1 3 4 0 1 2 1 4 2 4 5 7 4 6 2 5 4 2 3 2 6 4 6 1 6 1 3 5 6 8 2 6 6 5 5 2 3 4 4 4 8 9 7 8 4 7 9 6 8 9 8 8 8 5 9 9 6 9 8 7 8 7 9 6 10 10 10 10 9 10 10 6 7 8
0 : [0, 1, 3, 7, 9, 10, 17, 20, 25, 29] (40.0)
1 : [4, 5, 6, 11, 13, 15, 16, 26, 30, 32, 49, 51] (40.0)
2 : [2, 8, 12, 14, 18, 19, 21, 24, 31, 34, 40, 43, 45, 56, 61] (40.0)
3 : [27, 44, 52, 62] (41.0)
4 : [28, 33, 35, 38, 42, 47, 63, 64, 65, 70] (40.0)
5 : [22, 23, 36, 41, 53, 59, 60, 79] (40.0)
6 : [39, 46, 48, 50, 54, 57, 58, 73, 82, 89, 97] (41.0)
7 : [37, 68, 71, 85, 87, 98] (41.0)
8 : [55, 66, 69, 74, 76, 77, 78, 84, 86, 99] (41.0)
9 : [67, 72, 75, 80, 81, 83, 88, 94] (41.0)
10 : [90, 91, 92, 93, 95, 96] (41.0)
