Name: 100-20-30
Time: 3.3559305667877197 
Result: 1
Solution:  0 0 0 2 0 0 2 2 2 0 0 2 3 3 1 0 0 3 1 2 2 4 3 2 2 0 2 7 2 2 7 3 0 4 3 1 1 7 3 2 7 3 4 5 4 8 2 4 6 5 7 4 7 5 4 5 6 4 6 2 5 5 6 5 6 5 8 3 3 7 7 6 8 8 7 9 7 4 5 10 6 9 9 9 7 9 9 7 9 8 9 7 10 9 10 10 7 10 10 10
0 : [0, 1, 2, 4, 5, 9, 10, 15, 16, 25, 32] (25.0)
1 : [14, 18, 35, 36] (25.0)
2 : [3, 6, 7, 8, 11, 19, 20, 23, 24, 26, 28, 29, 39, 46, 59] (25.0)
3 : [12, 13, 17, 22, 31, 34, 38, 41, 67, 68] (25.0)
4 : [21, 33, 42, 44, 47, 51, 54, 57, 77] (25.0)
5 : [43, 49, 53, 55, 60, 61, 63, 65, 78] (25.0)
6 : [48, 56, 58, 62, 64, 71, 80] (26.0)
7 : [27, 30, 37, 40, 50, 52, 69, 70, 74, 76, 84, 87, 91, 96] (25.0)
8 : [45, 66, 72, 73, 89] (25.0)
9 : [75, 81, 82, 83, 85, 86, 88, 90, 93] (25.0)
10 : [79, 92, 94, 95, 97, 98, 99] (26.0)
