Name: 1000-60-125
Time: 44.49023628234863 
Result: 62
Solution:  0 2 0 0 0 0 0 1 1 2 1 0 1 0 1 0 0 2 2 0 2 0 0 2 2 2 3 4 3 3 3 3 0 3 5 4 4 2 2 5 2 3 2 8 4 2 6 6 7 5 1 5 3 6 6 3 6 10 6 6 4 7 8 5 7 11 9 10 5 8 3 5 8 9 6 9 8 7 8 6 6 9 5 7 9 7 7 9 11 8 10 7 13 10 10 12 10 11 11 14 7 10 11 11 11 11 13 11 8 10 14 14 14 13 13 11 12 10 11 12 12 13 16 13 9 16 13 11 14 13 13 12 13 13 15 11 12 16 13 14 16 15 15 16 15 15 14 16 14 18 16 12 17 16 15 16 13 17 16 16 19 17 14 16 16 16 15 17 19 16 17 17 19 15 19 19 17 16 22 18 20 19 16 19 19 17 19 19 18 17 21 20 21 17 20 19 22 20 20 22 20 22 21 19 24 19 22 20 19 25 22 23 22 23 23 21 22 22 23 24 25 23 24 19 24 20 22 26 20 23 23 22 26 23 21 26 21 23 26 26 23 25 25 25 27 23 27 24 27 25 25 26 27 25 24 30 25 27 26 28 26 26 26 30 27 29 26 27 27 24 29 28 27 30 28 28 28 28 27 31 29 28 30 31 31 27 29 28 27 27 30 33 29 31 34 31 27 29 28 28 29 28 29 32 34 31 29 31 31 33 32 31 32 32 30 30 35 36 32 35 35 34 34 30 31 31 33 30 33 33 32 31 33 35 35 35 37 33 33 34 35 37 35 33 37 36 36 35 34 37 37 38 39 35 36 37 36 34 36 35 36 36 38 37 37 37 40 36 37 39 38 39 41 42 36 38 36 34 37 35 38 38 37 38 38 43 39 40 41 41 40 40 39 40 40 40 41 41 41 41 38 41 41 41 40 39 39 41 42 39 39 43 41 42 38 43 43 43 42 41 44 42 45 42 43 44 44 43 46 41 44 44 44 45 44 46 45 43 47 43 44 47 45 45 45 42 45 45 45 45 46 43 45 46 47 47 48 44 45 46 45 46 48 46 48 47 48 48 47 48 49 44 51 46 45 46 49 46 47 49 47 47 49 47 52 48 48 49 48 46 54 49 52 49 50 50 52 46 50 52 51 50 49 49 50 53 52 53 51 48 54 52 51 52 50 53 53 52 52 51 52 53 52 56 51 52 53 52 51 50 53 53 54 57 55 51 56 52 56 53 52 58 55 53 56 53 56 55 57 55 54 57 55 55 56 55 55 53 56 55 57 54 54 59 53 55 56 54 57 60 57 56 60 59 58 57 58 57 59 57 60 58 58 58 59 57 59 59 59 59 61 62 63 62 62 59 62 61 58 57 61 65 62 60 61 61 58 63 61 61 61 62 62 62 65 61 63 59 60 65 61 63 65 64 62 64 64 62 63 62 65 64 63 64 64 65 66 66 63 64 68 64 64 66 63 68 63 67 65 65 67 65 64 65 66 64 65 66 65 67 67 67 67 64 65 68 67 68 66 71 68 70 64 71 69 68 69 69 69 69 65 69 68 69 69 68 71 70 70 73 69 70 67 67 67 69 70 70 68 71 73 70 74 74 70 70 67 71 69 72 72 70 72 72 72 71 74 70 73 72 71 73 72 75 74 71 74 71 74 72 72 76 71 77 70 75 75 74 78 74 78 71 76 75 75 73 75 78 78 75 77 78 77 79 75 75 76 76 78 80 75 77 77 80 76 78 77 81 77 77 75 78 81 78 76 80 78 77 81 79 78 81 75 77 80 79 78 80 80 82 80 81 79 80 81 79 82 81 78 81 79 81 78 82 82 80 82 84 82 79 84 84 82 82 79 82 80 86 82 83 83 84 83 84 84 79 84 83 81 84 82 81 80 83 81 88 81 83 82 83 86 85 87 87 88 85 85 83 86 87 84 86 86 88 89 86 86 88 84 85 90 91 88 89 86 85 88 85 87 86 89 88 88 90 87 90 88 88 88 91 88 91 92 93 89 90 92 85 89 87 92 93 90 90 93 92 89 89 90 88 91 88 92 91 88 88 90 90 93 90 91 93 91 91 92 90 92 95 90 92 89 94 96 92 96 93 92 92 92 93 96 97 93 93 94 92 95 94 94 94 94 94 95 95 94 94 94 94 96 95 97 93 92 94 96 96 97 94 96 96 95 95 96 97 98 97 97 93 95 100 98 96 99 97 96 99 97 98 94 98 98 99 98 99 98 99 98 99 100 99 100 97 100 100 97 99 98 100 100 100
0 : [0, 2, 3, 4, 5, 6, 11, 13, 15, 16, 19, 21, 22, 32] (66.0)
1 : [7, 8, 10, 12, 14, 50] (66.0)
2 : [1, 9, 17, 18, 20, 23, 24, 25, 37, 38, 40, 42, 45] (64.0)
3 : [26, 28, 29, 30, 31, 33, 41, 52, 55, 70] (68.0)
4 : [27, 35, 36, 44, 60] (65.0)
5 : [34, 39, 49, 51, 63, 68, 71, 82] (63.0)
6 : [46, 47, 53, 54, 56, 58, 59, 74, 79, 80] (64.0)
7 : [48, 61, 64, 77, 83, 85, 86, 91, 100] (73.0)
8 : [43, 62, 69, 72, 76, 78, 89, 108] (74.0)
9 : [66, 73, 75, 81, 84, 87, 124] (78.0)
10 : [57, 67, 90, 93, 94, 96, 101, 109, 117] (74.0)
11 : [65, 88, 97, 98, 102, 103, 104, 105, 107, 115, 118, 127, 135] (71.0)
12 : [95, 116, 119, 120, 131, 136, 151] (64.0)
13 : [92, 106, 113, 114, 121, 123, 126, 129, 130, 132, 133, 138, 156] (102.0)
14 : [99, 110, 111, 112, 128, 139, 146, 148, 162] (68.0)
15 : [134, 141, 142, 144, 145, 154, 166, 173] (71.0)
16 : [122, 125, 137, 140, 143, 147, 150, 153, 155, 158, 159, 163, 164, 165, 169, 177, 182] (67.0)
17 : [152, 157, 161, 167, 170, 171, 176, 185, 189, 193] (73.0)
18 : [149, 179, 188] (66.0)
19 : [160, 168, 172, 174, 175, 181, 183, 184, 186, 187, 195, 203, 205, 208, 223] (79.0)
20 : [180, 191, 194, 197, 198, 200, 207, 225, 228] (80.0)
21 : [190, 192, 202, 215, 234, 236] (87.0)
22 : [178, 196, 199, 201, 206, 210, 212, 216, 217, 226, 231] (81.0)
23 : [211, 213, 214, 218, 221, 229, 230, 233, 237, 240, 245] (82.0)
24 : [204, 219, 222, 224, 247, 254, 269] (78.0)
25 : [209, 220, 241, 242, 243, 249, 250, 253, 256] (82.0)
26 : [227, 232, 235, 238, 239, 251, 258, 260, 261, 262, 266] (68.0)
27 : [244, 246, 248, 252, 257, 264, 267, 268, 272, 278, 285, 288, 289, 296] (76.0)
28 : [259, 271, 274, 275, 276, 277, 281, 287, 298, 299, 301] (79.0)
29 : [265, 270, 280, 286, 292, 297, 300, 302, 306] (86.0)
30 : [255, 263, 273, 282, 290, 314, 315, 323, 327] (68.0)
31 : [279, 283, 284, 293, 295, 305, 307, 308, 311, 324, 325, 331] (91.0)
32 : [303, 310, 312, 313, 318, 330] (75.0)
33 : [291, 309, 326, 328, 329, 332, 337, 338, 343] (75.0)
34 : [294, 304, 321, 322, 339, 348, 357, 377] (82.0)
35 : [316, 319, 320, 333, 334, 335, 340, 342, 347, 353, 359, 379] (96.0)
36 : [317, 345, 346, 354, 356, 358, 360, 361, 367, 374, 376] (111.0)
37 : [336, 341, 344, 349, 350, 355, 363, 364, 365, 368, 378, 382] (103.0)
38 : [351, 362, 370, 375, 380, 381, 383, 384, 400, 414] (93.0)
39 : [352, 369, 371, 386, 392, 405, 406, 409, 410] (87.0)
40 : [366, 387, 390, 391, 393, 394, 395, 404] (77.0)
41 : [372, 388, 389, 396, 397, 398, 399, 401, 402, 403, 407, 412, 419, 429] (93.0)
42 : [373, 408, 413, 418, 421, 423, 445] (77.0)
43 : [385, 411, 415, 416, 417, 424, 427, 437, 439, 451] (88.0)
44 : [420, 425, 426, 430, 431, 432, 434, 440, 457, 471] (115.0)
45 : [422, 433, 436, 442, 443, 444, 446, 447, 448, 449, 452, 458, 460, 474] (94.0)
46 : [428, 435, 450, 453, 459, 461, 463, 473, 475, 477, 489, 497] (78.0)
47 : [438, 441, 454, 455, 465, 468, 478, 480, 481, 483] (112.0)
48 : [456, 462, 464, 466, 467, 469, 485, 486, 488, 509] (96.0)
49 : [470, 476, 479, 482, 487, 491, 493, 502, 503] (85.0)
50 : [494, 495, 498, 501, 504, 514, 529] (80.0)
51 : [472, 500, 508, 512, 519, 524, 528, 535] (91.0)
52 : [484, 492, 496, 499, 506, 511, 513, 517, 518, 520, 522, 525, 527, 537, 540] (119.0)
53 : [505, 507, 515, 516, 521, 526, 530, 531, 539, 543, 545, 557, 564] (101.0)
54 : [490, 510, 532, 550, 561, 562, 567] (96.0)
55 : [534, 542, 547, 549, 552, 553, 555, 556, 559, 565] (108.0)
56 : [523, 536, 538, 544, 546, 554, 558, 566, 571] (98.0)
57 : [533, 548, 551, 560, 568, 570, 575, 577, 579, 585, 599] (121.0)
58 : [541, 574, 576, 581, 582, 583, 598, 606] (88.0)
59 : [563, 573, 578, 584, 586, 587, 588, 589, 595, 617] (91.0)
60 : [569, 572, 580, 603, 618] (63.0)
61 : [590, 597, 600, 604, 605, 608, 609, 610, 615, 620] (117.0)
62 : [591, 593, 594, 596, 602, 611, 612, 613, 624, 627, 629] (87.0)
63 : [592, 607, 616, 621, 628, 632, 638, 644, 646] (89.0)
64 : [623, 625, 626, 631, 633, 634, 639, 641, 642, 652, 655, 663, 672] (122.0)
65 : [601, 614, 619, 622, 630, 635, 648, 649, 651, 653, 656, 658, 664, 680] (108.0)
66 : [636, 637, 643, 654, 657, 668] (72.0)
67 : [647, 650, 659, 660, 661, 662, 666, 692, 693, 694, 706] (109.0)
68 : [640, 645, 665, 667, 670, 675, 682, 685, 698] (113.0)
69 : [674, 676, 677, 678, 679, 681, 683, 684, 690, 695, 708] (95.0)
70 : [671, 687, 688, 691, 696, 697, 701, 704, 705, 711, 717, 734] (106.0)
71 : [669, 673, 686, 699, 707, 715, 720, 725, 727, 732, 741] (120.0)
72 : [709, 710, 712, 713, 714, 719, 722, 729, 730] (125.0)
73 : [689, 700, 718, 721, 745] (113.0)
74 : [702, 703, 716, 724, 726, 728, 737, 739] (91.0)
75 : [723, 735, 736, 743, 744, 746, 749, 754, 755, 760, 770, 782] (124.0)
76 : [731, 742, 756, 757, 764, 774] (125.0)
77 : [733, 750, 752, 761, 762, 766, 768, 769, 777, 783] (125.0)
78 : [738, 740, 747, 748, 751, 758, 765, 771, 773, 776, 780, 786, 798, 802] (124.0)
79 : [753, 779, 785, 792, 795, 800, 809, 814, 825] (88.0)
80 : [759, 763, 775, 784, 787, 788, 790, 793, 805, 816, 832] (125.0)
81 : [767, 772, 778, 781, 791, 794, 797, 799, 801, 828, 831, 834, 836] (98.0)
82 : [789, 796, 803, 804, 806, 808, 812, 813, 815, 818, 830, 838] (125.0)
83 : [819, 820, 822, 827, 833, 837, 839, 847] (119.0)
84 : [807, 810, 811, 821, 823, 824, 826, 829, 850, 858] (123.0)
85 : [841, 845, 846, 859, 865, 867, 887] (125.0)
86 : [817, 840, 848, 851, 852, 855, 856, 864, 869] (121.0)
87 : [842, 843, 849, 868, 874, 889] (125.0)
88 : [835, 844, 853, 857, 862, 866, 871, 872, 876, 877, 878, 880, 899, 901, 904, 905] (125.0)
89 : [854, 863, 870, 884, 888, 896, 897, 920] (125.0)
90 : [860, 873, 875, 885, 892, 893, 898, 906, 907, 909, 915, 918] (125.0)
91 : [861, 879, 881, 900, 903, 910, 912, 913] (121.0)
92 : [882, 886, 890, 895, 902, 914, 916, 919, 923, 926, 927, 928, 935, 952] (122.0)
93 : [883, 891, 894, 908, 911, 925, 929, 932, 933, 951, 967] (112.0)
94 : [921, 934, 937, 938, 939, 940, 941, 944, 945, 946, 947, 953, 957, 978] (125.0)
95 : [917, 936, 942, 943, 949, 960, 961, 968] (125.0)
96 : [922, 924, 930, 948, 954, 955, 958, 959, 962, 971, 974] (125.0)
97 : [931, 950, 956, 963, 965, 966, 973, 976, 991, 994] (124.0)
98 : [964, 970, 977, 979, 980, 982, 984, 986, 996] (121.0)
99 : [972, 975, 981, 983, 985, 987, 989, 995] (115.0)
100 : [969, 988, 990, 992, 993, 997, 998, 999] (124.0)
