Name: 250-20-30
Time: 10.475887298583984 
Result: 7
Solution:  1 1 0 0 0 0 0 0 0 2 3 1 0 2 1 0 2 1 3 0 3 0 2 4 2 0 1 3 2 3 2 6 3 3 2 0 5 4 2 2 3 4 4 5 4 2 2 2 5 4 9 5 4 4 6 6 9 8 6 4 8 7 6 6 3 8 11 5 4 8 6 9 6 9 11 7 9 9 7 10 8 5 9 7 10 12 11 7 9 8 10 10 13 8 11 6 6 9 11 10 11 11 9 9 9 11 12 12 13 10 14 11 11 12 12 10 11 8 12 13 11 15 13 9 14 15 13 14 9 12 12 15 16 14 14 14 14 13 13 14 15 19 13 14 16 15 12 14 14 14 14 12 16 17 18 15 17 12 15 12 18 20 20 16 18 16 19 18 17 16 18 19 21 18 18 17 17 22 16 18 17 18 20 20 19 19 20 16 19 16 22 19 23 17 17 17 20 16 19 20 21 22 19 20 17 21 19 20 21 21 22 23 24 20 25 21 23 20 21 23 21 24 24 24 23 23 22 23 24 23 24 22 24 22 22 20 24 25 25 21 25 21 25 23 25 25 25 22 22 23
0 : [2, 3, 4, 5, 6, 7, 8, 12, 15, 19, 21, 25, 35] (22.0)
1 : [0, 1, 11, 14, 17, 26] (23.0)
2 : [9, 13, 16, 22, 24, 28, 30, 34, 38, 39, 45, 46, 47] (21.0)
3 : [10, 18, 20, 27, 29, 32, 33, 40, 64] (21.0)
4 : [23, 37, 41, 42, 44, 49, 52, 53, 59, 68] (21.0)
5 : [36, 43, 48, 51, 67, 81] (21.0)
6 : [31, 54, 55, 58, 62, 63, 70, 72, 95, 96] (24.0)
7 : [61, 75, 78, 83, 87] (22.0)
8 : [57, 60, 65, 69, 80, 89, 93, 117] (21.0)
9 : [50, 56, 71, 73, 76, 77, 82, 88, 97, 102, 103, 104, 123, 128] (23.0)
10 : [79, 84, 90, 91, 99, 109, 115] (25.0)
11 : [66, 74, 86, 94, 98, 100, 101, 105, 111, 112, 116, 120] (24.0)
12 : [85, 106, 107, 113, 114, 118, 129, 130, 146, 151, 157, 159] (25.0)
13 : [92, 108, 119, 122, 126, 137, 138, 142] (25.0)
14 : [110, 124, 127, 133, 134, 135, 136, 139, 143, 147, 148, 149, 150] (26.0)
15 : [121, 125, 131, 140, 145, 155, 158] (23.0)
16 : [132, 144, 152, 163, 165, 169, 178, 187, 189, 197] (23.0)
17 : [153, 156, 168, 175, 176, 180, 193, 194, 195, 204] (27.0)
18 : [154, 160, 164, 167, 170, 173, 174, 179, 181] (28.0)
19 : [141, 166, 171, 184, 185, 188, 191, 198, 202, 206] (25.0)
20 : [161, 162, 182, 183, 186, 196, 199, 203, 207, 213, 217, 235] (28.0)
21 : [172, 200, 205, 208, 209, 215, 218, 220, 239, 241] (27.0)
22 : [177, 190, 201, 210, 226, 231, 233, 234, 247, 248] (28.0)
23 : [192, 211, 216, 219, 224, 225, 227, 229, 243, 249] (28.0)
24 : [212, 221, 222, 223, 228, 230, 232, 236] (28.0)
25 : [214, 237, 238, 240, 242, 244, 245, 246] (27.0)
