Name: 250-50-100
Time: 10.635581970214844 
Result: 35
Solution:  1 0 0 0 0 0 1 0 0 3 1 3 2 1 0 0 2 0 1 4 0 0 3 1 4 2 0 6 1 1 0 3 3 3 4 2 5 2 2 5 2 4 3 4 4 7 4 7 7 4 5 3 2 4 4 5 5 6 6 3 4 8 5 7 11 5 7 5 8 6 8 5 6 4 7 9 7 5 7 10 8 6 8 8 5 7 6 6 10 8 11 9 11 10 9 14 13 10 7 11 11 11 9 12 13 10 11 11 10 11 9 12 13 11 9 11 15 11 11 13 14 16 12 12 13 13 15 13 13 12 12 14 15 14 10 12 17 13 12 12 15 13 15 15 16 14 12 17 14 14 17 14 17 16 12 15 16 13 12 16 15 17 17 15 20 17 17 13 15 14 20 19 18 17 17 18 17 16 20 22 15 20 16 22 20 19 19 20 21 19 18 21 18 18 21 22 18 20 21 18 19 20 22 23 20 22 21 21 21 18 24 25 21 22 23 22 22 20 19 25 25 23 19 21 23 21 25 22 22 23 23 22 23 25 24 22 20 24 21 25 24 22 24 25 25 24 25 22 25 24
0 : [1, 2, 3, 4, 5, 7, 8, 14, 15, 17, 20, 21, 26, 30] (58.0)
1 : [0, 6, 10, 13, 18, 23, 28, 29] (64.0)
2 : [12, 16, 25, 35, 37, 38, 40, 52] (60.0)
3 : [9, 11, 22, 31, 32, 33, 42, 51, 59] (59.0)
4 : [19, 24, 34, 41, 43, 44, 46, 49, 53, 54, 60, 73] (60.0)
5 : [36, 39, 50, 55, 56, 62, 65, 67, 71, 77, 84] (63.0)
6 : [27, 57, 58, 69, 72, 81, 86, 87] (67.0)
7 : [45, 47, 48, 63, 66, 74, 76, 78, 85, 98] (66.0)
8 : [61, 68, 70, 80, 82, 83, 89] (62.0)
9 : [75, 91, 94, 102, 110, 114] (58.0)
10 : [79, 88, 93, 97, 105, 108, 134] (59.0)
11 : [64, 90, 92, 99, 100, 101, 106, 107, 109, 113, 115, 117, 118] (60.0)
12 : [103, 111, 122, 123, 129, 130, 135, 138, 139, 146, 154, 158] (75.0)
13 : [96, 104, 112, 119, 124, 125, 127, 128, 137, 141, 157, 167] (93.0)
14 : [95, 120, 131, 133, 145, 148, 149, 151, 169] (93.0)
15 : [116, 126, 132, 140, 142, 143, 155, 160, 163, 168, 180] (89.0)
16 : [121, 144, 153, 156, 159, 177, 182] (93.0)
17 : [136, 147, 150, 152, 161, 162, 165, 166, 173, 174, 176] (89.0)
18 : [172, 175, 190, 192, 193, 196, 199, 209] (93.0)
19 : [171, 185, 186, 189, 200, 218, 222] (92.0)
20 : [164, 170, 178, 181, 184, 187, 197, 201, 204, 217, 236] (91.0)
21 : [188, 191, 194, 198, 206, 207, 208, 212, 223, 225, 238] (93.0)
22 : [179, 183, 195, 202, 205, 213, 215, 216, 227, 228, 231, 235, 241, 247] (93.0)
23 : [203, 214, 221, 224, 229, 230, 232] (87.0)
24 : [210, 234, 237, 240, 242, 245, 249] (92.0)
25 : [211, 219, 220, 226, 233, 239, 243, 244, 246, 248] (90.0)
