Name: 500-40-75
Time: 23.22969937324524 
Result: 30
Solution:  0 3 0 4 3 2 1 0 0 0 0 1 1 1 1 3 1 1 3 1 3 4 1 2 3 2 0 2 4 3 6 3 3 4 1 4 6 6 3 1 4 4 7 3 6 3 4 7 7 3 2 6 4 2 6 7 5 4 5 8 5 7 8 5 5 6 7 8 5 7 5 7 10 9 9 11 7 7 7 7 9 10 9 9 9 7 9 6 6 9 6 10 12 7 13 7 9 10 6 11 12 13 8 7 8 9 13 13 14 9 12 14 13 10 12 11 10 13 14 8 11 14 12 9 13 13 11 13 14 13 12 15 16 15 13 13 14 14 13 15 15 16 15 11 11 15 11 13 14 16 19 16 20 13 15 13 13 16 19 16 17 18 14 17 17 19 15 16 16 13 14 16 18 17 17 17 22 16 19 16 17 19 22 20 21 19 19 21 19 18 18 20 21 19 16 20 19 19 19 17 17 20 22 23 17 24 20 21 23 24 23 25 23 20 21 22 21 21 20 23 20 24 21 24 21 20 19 25 23 22 22 22 24 23 25 23 26 24 24 24 26 25 26 21 26 23 25 24 25 26 26 25 24 24 25 27 27 22 27 27 27 29 28 26 25 27 29 27 27 26 28 29 29 30 30 31 29 32 30 28 29 28 31 31 28 30 25 32 28 26 31 33 30 32 29 34 31 32 29 30 28 33 32 28 31 33 30 31 35 31 29 33 34 30 34 28 31 32 33 33 34 31 31 33 32 31 32 32 32 33 34 34 34 35 35 36 34 35 34 30 32 35 33 39 33 36 36 33 36 38 36 37 35 36 38 35 36 37 35 35 38 35 35 37 34 36 36 41 36 34 38 37 37 39 36 37 37 38 38 37 35 41 36 40 38 37 39 39 37 39 39 40 40 36 39 40 40 40 40 39 42 42 40 40 41 40 41 41 41 39 42 42 41 39 42 43 39 42 44 42 40 43 45 43 41 46 41 45 41 46 44 44 46 46 43 42 45 41 45 43 45 42 44 45 49 44 46 48 42 41 46 46 49 48 46 45 47 45 49 45 43 47 47 48 50 47 44 46 47 48 44 50 49 49 46 45 48 50 47 47 48 48 49 49 49 50 50 46 48 48 50 49 50 50 50 47 49 49 49 50
0 : [0, 2, 7, 8, 9, 10, 26] (44.0)
1 : [6, 11, 12, 13, 14, 16, 17, 19, 22, 34, 39] (46.0)
2 : [5, 23, 25, 27, 50, 53] (49.0)
3 : [1, 4, 15, 18, 20, 24, 29, 31, 32, 38, 43, 45, 49] (47.0)
4 : [3, 21, 28, 33, 35, 40, 41, 46, 52, 57] (43.0)
5 : [56, 58, 60, 63, 64, 68, 70] (45.0)
6 : [30, 36, 37, 44, 51, 54, 65, 87, 88, 90, 98] (43.0)
7 : [42, 47, 48, 55, 61, 66, 69, 71, 76, 77, 78, 79, 85, 93, 95, 103] (44.0)
8 : [59, 62, 67, 102, 104, 119] (43.0)
9 : [73, 74, 80, 82, 83, 84, 86, 89, 96, 105, 109, 123] (54.0)
10 : [72, 81, 91, 97, 113, 116] (48.0)
11 : [75, 99, 115, 120, 126, 143, 144, 146] (47.0)
12 : [92, 100, 110, 114, 122, 130] (58.0)
13 : [94, 101, 106, 107, 112, 117, 124, 125, 127, 129, 134, 135, 138, 147, 153, 155, 156, 169] (65.0)
14 : [108, 111, 118, 121, 128, 136, 137, 148, 162, 170] (55.0)
15 : [131, 133, 139, 140, 142, 145, 154, 166] (61.0)
16 : [132, 141, 149, 151, 157, 159, 167, 168, 171, 177, 179, 194] (61.0)
17 : [160, 163, 164, 173, 174, 175, 180, 199, 200, 204] (51.0)
18 : [161, 172, 189, 190] (48.0)
19 : [150, 158, 165, 178, 181, 185, 186, 188, 193, 196, 197, 198, 226] (58.0)
20 : [152, 183, 191, 195, 201, 206, 213, 218, 220, 225] (54.0)
21 : [184, 187, 192, 207, 214, 216, 217, 222, 224, 243] (44.0)
22 : [176, 182, 202, 215, 229, 230, 231, 257] (62.0)
23 : [203, 208, 210, 212, 219, 228, 233, 235, 245] (52.0)
24 : [205, 209, 221, 223, 232, 237, 238, 239, 247, 252, 253] (59.0)
25 : [211, 227, 234, 241, 246, 248, 251, 254, 264, 286] (52.0)
26 : [236, 240, 242, 244, 249, 250, 263, 269, 289] (64.0)
27 : [255, 256, 258, 259, 260, 265, 267, 268] (57.0)
28 : [262, 270, 279, 281, 284, 288, 300, 303, 315] (69.0)
29 : [261, 266, 271, 272, 276, 280, 294, 298, 310] (50.0)
30 : [273, 274, 278, 285, 292, 299, 306, 313, 339] (51.0)
31 : [275, 282, 283, 290, 296, 304, 307, 309, 316, 321, 322, 325] (73.0)
32 : [277, 287, 293, 297, 302, 317, 324, 326, 327, 328, 340] (65.0)
33 : [291, 301, 305, 311, 318, 319, 323, 329, 342, 344, 347] (68.0)
34 : [295, 312, 314, 320, 330, 331, 332, 336, 338, 364, 369] (71.0)
35 : [308, 333, 334, 337, 341, 352, 355, 358, 359, 361, 362, 380] (70.0)
36 : [335, 345, 346, 348, 350, 353, 356, 365, 366, 368, 374, 382, 393] (70.0)
37 : [351, 357, 363, 371, 372, 375, 376, 379, 385, 388] (72.0)
38 : [349, 354, 360, 370, 377, 378, 384] (70.0)
39 : [343, 373, 386, 387, 389, 390, 394, 399, 409, 413, 416] (61.0)
40 : [383, 391, 392, 395, 396, 397, 398, 402, 403, 405, 420] (71.0)
41 : [367, 381, 404, 406, 407, 408, 412, 424, 426, 428, 437, 449] (71.0)
42 : [400, 401, 410, 411, 414, 417, 419, 435, 441, 448] (70.0)
43 : [415, 421, 423, 434, 439, 460] (56.0)
44 : [418, 430, 431, 442, 445, 466, 470] (72.0)
45 : [422, 427, 436, 438, 440, 443, 455, 457, 459, 475] (67.0)
46 : [425, 429, 432, 433, 446, 450, 451, 454, 467, 474, 487] (69.0)
47 : [456, 461, 462, 465, 468, 478, 479, 495] (64.0)
48 : [447, 453, 463, 469, 476, 480, 481, 488, 489] (73.0)
49 : [444, 452, 458, 472, 473, 482, 483, 484, 491, 496, 497, 498] (69.0)
50 : [464, 471, 477, 485, 486, 490, 492, 493, 494, 499] (59.0)
