Name: 500-50-100
Time: 22.622409105300903 
Result: 46
Solution:  0 0 0 2 2 1 1 0 3 1 0 3 1 2 1 1 1 3 0 3 2 2 0 0 2 3 4 2 2 3 4 2 7 3 5 1 0 8 4 2 3 6 5 8 4 7 5 8 1 5 2 4 8 5 5 5 3 5 4 3 8 6 8 3 7 11 9 4 11 8 8 5 6 6 8 9 9 8 8 8 9 8 9 9 12 5 10 9 9 13 7 10 14 14 10 9 9 8 9 10 8 10 8 10 11 12 11 9 10 12 15 14 12 12 13 10 13 9 11 10 9 13 15 16 13 11 11 9 13 10 14 14 14 14 16 12 15 10 11 12 18 16 14 12 16 16 15 16 14 15 15 18 17 16 17 15 16 15 13 17 18 17 17 18 18 18 19 17 16 16 19 18 19 19 16 21 18 19 19 20 18 18 19 18 18 17 23 17 17 19 21 20 19 20 17 24 20 18 22 19 21 22 20 22 20 25 20 23 21 21 22 19 22 25 22 23 20 21 24 23 23 22 24 24 20 23 22 20 20 23 22 20 21 23 22 22 24 25 25 23 23 27 26 25 25 28 23 22 26 28 27 26 26 24 26 25 27 26 25 27 24 27 28 27 28 29 26 30 30 23 30 27 29 28 25 25 31 30 28 27 29 29 27 31 28 28 29 30 30 30 29 28 28 32 27 30 31 28 32 29 31 29 32 32 29 29 30 33 32 32 32 32 33 29 32 30 32 31 35 31 30 31 31 33 31 33 34 29 33 35 34 35 34 34 38 36 32 35 35 33 37 35 36 33 33 36 35 32 34 38 38 37 36 38 39 34 38 33 37 35 36 36 33 35 36 35 36 41 37 39 37 38 41 38 37 34 35 38 39 40 39 40 40 39 36 40 42 39 39 39 37 39 37 40 40 36 42 40 40 40 39 41 41 42 41 42 38 41 41 43 43 38 43 39 46 45 40 42 43 40 43 40 44 41 42 42 46 42 43 44 43 44 43 42 45 43 42 42 45 41 45 45 45 46 43 46 45 48 44 45 47 46 47 49 46 48 47 47 46 44 48 47 47 44 46 45 47 48 43 49 45 47 48 47 48 46 50 50 46 49 50 48 50 45 49 46 46 47 48 49 49 46 50 46 49 50 48 50 50 50
0 : [0, 1, 2, 7, 10, 18, 22, 23, 36] (52.0)
1 : [5, 6, 9, 12, 14, 15, 16, 35, 48] (51.0)
2 : [3, 4, 13, 20, 21, 24, 27, 28, 31, 39, 50] (67.0)
3 : [8, 11, 17, 19, 25, 29, 33, 40, 56, 59, 63] (57.0)
4 : [26, 30, 38, 44, 51, 58, 67] (63.0)
5 : [34, 42, 46, 49, 53, 54, 55, 57, 71, 85] (53.0)
6 : [41, 61, 72, 73] (54.0)
7 : [32, 45, 64, 90] (55.0)
8 : [37, 43, 47, 52, 60, 62, 69, 70, 74, 77, 78, 79, 81, 97, 100, 102] (51.0)
9 : [66, 75, 76, 80, 82, 83, 87, 88, 95, 96, 98, 107, 117, 120, 127] (55.0)
10 : [86, 91, 94, 99, 101, 103, 108, 115, 119, 129, 137] (52.0)
11 : [65, 68, 104, 106, 118, 125, 126, 138] (52.0)
12 : [84, 105, 109, 112, 113, 135, 139, 143] (65.0)
13 : [89, 114, 116, 121, 124, 128, 158] (61.0)
14 : [92, 93, 111, 130, 131, 132, 133, 142, 148] (56.0)
15 : [110, 122, 136, 146, 149, 150, 155, 157] (60.0)
16 : [123, 134, 141, 144, 145, 147, 153, 156, 168, 169, 174] (60.0)
17 : [152, 154, 159, 161, 162, 167, 185, 187, 188, 194] (58.0)
18 : [140, 151, 160, 163, 164, 165, 171, 176, 180, 181, 183, 184, 197] (68.0)
19 : [166, 170, 172, 173, 177, 178, 182, 189, 192, 199, 211] (78.0)
20 : [179, 191, 193, 196, 202, 204, 206, 216, 224, 227, 228, 231] (65.0)
21 : [175, 190, 200, 208, 209, 217, 232] (56.0)
22 : [198, 201, 203, 210, 212, 214, 221, 226, 230, 234, 235, 247] (63.0)
23 : [186, 207, 215, 219, 220, 225, 229, 233, 239, 240, 246, 269] (65.0)
24 : [195, 218, 222, 223, 236, 253, 260] (72.0)
25 : [205, 213, 237, 238, 243, 244, 255, 258, 274, 275] (72.0)
26 : [242, 248, 251, 252, 254, 257, 266] (69.0)
27 : [241, 250, 256, 259, 261, 263, 271, 279, 282, 294] (85.0)
28 : [245, 249, 262, 264, 273, 278, 284, 285, 291, 292, 297] (93.0)
29 : [265, 272, 280, 281, 286, 290, 299, 301, 304, 305, 313, 327] (78.0)
30 : [267, 268, 270, 277, 287, 288, 289, 295, 306, 315, 320] (82.0)
31 : [276, 283, 296, 300, 317, 319, 321, 322, 324] (62.0)
32 : [293, 298, 302, 303, 308, 309, 310, 311, 314, 316, 336, 347] (90.0)
33 : [307, 312, 323, 325, 328, 339, 343, 344, 357, 362] (82.0)
34 : [326, 330, 332, 333, 348, 355, 375] (68.0)
35 : [318, 329, 331, 337, 338, 341, 346, 359, 363, 365, 376] (75.0)
36 : [335, 342, 345, 352, 360, 361, 364, 366, 384, 395] (91.0)
37 : [340, 351, 358, 368, 370, 374, 390, 392] (97.0)
38 : [334, 349, 350, 353, 356, 371, 373, 377, 406, 411] (85.0)
39 : [354, 369, 378, 380, 383, 387, 388, 389, 391, 400, 413] (91.0)
40 : [379, 381, 382, 385, 393, 394, 397, 398, 399, 416, 419, 421] (96.0)
41 : [367, 372, 401, 402, 404, 407, 408, 423, 439] (84.0)
42 : [386, 396, 403, 405, 417, 424, 425, 427, 433, 436, 437] (89.0)
43 : [409, 410, 412, 418, 420, 428, 430, 432, 435, 444, 468] (88.0)
44 : [422, 429, 431, 448, 459, 463] (91.0)
45 : [415, 434, 438, 440, 441, 442, 446, 449, 465, 470, 483] (90.0)
46 : [414, 426, 443, 445, 451, 454, 458, 464, 475, 478, 485, 486, 491, 493] (93.0)
47 : [450, 452, 456, 457, 461, 462, 466, 471, 473, 487] (94.0)
48 : [447, 455, 460, 467, 472, 474, 481, 488, 496] (91.0)
49 : [453, 469, 479, 484, 489, 490, 494] (94.0)
50 : [476, 477, 480, 482, 492, 495, 497, 498, 499] (97.0)
