Name: 500-30-50
Time: 22.32821249961853 
Result: 20
Solution:  1 0 0 0 0 0 0 3 1 1 0 0 2 1 2 2 0 0 3 2 0 4 0 1 2 2 3 0 2 2 4 4 6 3 2 0 3 4 5 5 2 4 7 5 5 5 6 8 5 6 4 4 6 4 4 7 6 5 6 2 6 6 2 6 8 7 7 8 6 7 8 6 9 10 7 6 7 11 8 7 9 10 7 12 11 9 9 7 7 9 9 11 9 9 9 7 7 9 7 8 8 11 14 12 9 11 11 12 11 12 12 12 12 14 15 12 12 10 13 14 16 12 14 15 14 13 11 10 16 13 12 14 14 12 15 13 14 14 11 11 17 15 14 18 13 12 13 15 18 14 18 16 16 16 17 13 14 19 13 16 15 18 21 21 18 15 18 19 13 17 17 15 17 14 19 18 20 18 14 19 19 15 19 17 19 22 18 18 23 17 20 21 17 17 16 21 19 19 22 19 25 18 20 24 20 22 20 23 21 20 22 22 22 23 22 22 19 22 26 25 23 23 22 23 21 21 24 24 23 24 23 24 25 24 25 23 26 21 24 23 27 24 22 24 24 25 27 24 28 29 25 27 23 25 26 26 26 26 25 25 28 25 27 26 27 27 24 27 27 26 24 27 26 28 29 32 24 30 28 29 30 29 31 26 30 30 29 28 26 27 31 27 28 27 30 30 29 26 33 30 32 32 32 32 31 32 30 32 30 31 30 28 28 32 32 31 31 31 33 33 34 34 33 37 35 32 34 31 33 32 33 32 32 32 37 34 34 34 32 32 33 37 36 36 36 35 37 35 34 35 35 39 37 39 36 38 38 38 38 36 37 33 37 39 36 39 35 40 38 37 36 39 38 36 41 37 37 41 38 38 41 38 38 40 40 37 40 43 38 38 44 36 42 43 41 42 40 40 39 37 41 39 42 41 39 38 42 41 41 40 45 42 43 42 45 40 41 41 41 42 42 43 39 44 41 44 42 46 43 47 45 44 40 42 43 45 43 43 43 48 43 45 45 44 45 45 46 43 44 41 47 46 45 47 45 44 44 47 48 47 48 49 46 48 49 49 49 46 47 49 48 50 47 48 47 45 46 50 48 47 48 47 50 45 49 48 48 45 50 46 49 49 50 50 49 50 50 50 50 48
0 : [1, 2, 3, 4, 5, 6, 10, 11, 16, 17, 20, 22, 27, 35] (30.0)
1 : [0, 8, 9, 13, 23] (31.0)
2 : [12, 14, 15, 19, 24, 25, 28, 29, 34, 40, 59, 62] (37.0)
3 : [7, 18, 26, 33, 36] (33.0)
4 : [21, 30, 31, 37, 41, 50, 51, 53, 54] (32.0)
5 : [38, 39, 43, 44, 45, 48, 57] (30.0)
6 : [32, 46, 49, 52, 56, 58, 60, 61, 63, 68, 71, 75] (31.0)
7 : [42, 55, 65, 66, 69, 74, 76, 79, 82, 87, 88, 95, 96, 98] (30.0)
8 : [47, 64, 67, 70, 78, 99, 100] (38.0)
9 : [72, 80, 85, 86, 89, 90, 92, 93, 94, 97, 104] (35.0)
10 : [73, 81, 117, 127] (32.0)
11 : [77, 84, 91, 101, 105, 106, 108, 126, 138, 139] (38.0)
12 : [83, 103, 107, 109, 110, 111, 112, 115, 116, 121, 130, 133, 145] (35.0)
13 : [118, 125, 129, 135, 144, 146, 155, 158, 168] (31.0)
14 : [102, 113, 119, 122, 124, 131, 132, 136, 137, 142, 149, 156, 173, 178] (35.0)
15 : [114, 123, 134, 141, 147, 160, 165, 171, 181] (32.0)
16 : [120, 128, 151, 152, 153, 159, 194] (33.0)
17 : [140, 154, 169, 170, 172, 183, 189, 192, 193] (37.0)
18 : [143, 148, 150, 161, 164, 166, 175, 177, 186, 187, 201] (39.0)
19 : [157, 167, 174, 179, 180, 182, 184, 196, 197, 199, 216] (39.0)
20 : [176, 190, 202, 204, 206, 209] (36.0)
21 : [162, 163, 191, 195, 208, 224, 225, 237] (41.0)
22 : [185, 198, 205, 210, 211, 212, 214, 215, 217, 222, 242] (42.0)
23 : [188, 207, 213, 220, 221, 223, 228, 230, 235, 239, 252] (39.0)
24 : [203, 226, 227, 229, 231, 233, 238, 241, 243, 244, 247, 266, 270, 276] (41.0)
25 : [200, 219, 232, 234, 245, 250, 253, 258, 259, 261] (45.0)
26 : [218, 236, 254, 255, 256, 257, 263, 269, 272, 283, 288, 297] (42.0)
27 : [240, 246, 251, 262, 264, 265, 267, 268, 271, 289, 291, 293] (45.0)
28 : [248, 260, 273, 278, 287, 292, 311, 312] (50.0)
29 : [249, 274, 279, 281, 286, 296] (37.0)
30 : [277, 280, 284, 285, 294, 295, 299, 306, 308, 310] (43.0)
31 : [282, 290, 304, 309, 315, 316, 317, 327] (41.0)
32 : [275, 300, 301, 302, 303, 305, 307, 313, 314, 325, 329, 331, 332, 333, 338, 339] (47.0)
33 : [298, 318, 319, 322, 328, 330, 340, 361] (40.0)
34 : [320, 321, 326, 335, 336, 337, 348] (37.0)
35 : [324, 345, 347, 349, 350, 366] (50.0)
36 : [342, 343, 344, 354, 359, 364, 370, 373, 391] (43.0)
37 : [323, 334, 341, 346, 352, 360, 362, 369, 375, 376, 385, 399] (46.0)
38 : [355, 356, 357, 358, 368, 372, 378, 379, 381, 382, 388, 389, 405] (50.0)
39 : [351, 353, 363, 365, 371, 398, 401, 404, 422] (39.0)
40 : [367, 383, 384, 386, 396, 397, 409, 415, 432] (48.0)
41 : [374, 377, 380, 394, 400, 403, 407, 408, 416, 417, 418, 424, 449] (45.0)
42 : [392, 395, 402, 406, 411, 413, 419, 420, 426, 433] (49.0)
43 : [387, 393, 412, 421, 428, 434, 436, 437, 438, 440, 447] (47.0)
44 : [390, 423, 425, 431, 443, 448, 455, 456] (50.0)
45 : [410, 414, 430, 435, 441, 442, 444, 445, 452, 454, 475, 483, 487] (50.0)
46 : [427, 446, 451, 462, 467, 476, 489] (50.0)
47 : [429, 450, 453, 457, 459, 468, 472, 474, 479, 481] (50.0)
48 : [439, 458, 460, 463, 470, 473, 478, 480, 485, 486, 499] (50.0)
49 : [461, 464, 465, 466, 469, 484, 490, 491, 494] (49.0)
50 : [471, 477, 482, 488, 492, 493, 495, 496, 497, 498] (49.0)
