Name: 750-40-75
Time: 34.66521620750427 
Result: 34
Solution:  0 2 0 0 2 0 0 0 3 0 0 0 0 0 2 3 1 3 2 0 2 0 1 5 4 3 4 6 2 1 4 6 0 3 3 5 5 4 5 1 5 1 3 3 7 4 5 3 9 2 5 5 4 7 6 5 8 4 5 8 9 5 5 7 7 8 7 5 7 5 6 4 6 9 11 9 7 9 10 11 5 9 8 10 10 9 10 9 9 8 9 10 9 12 9 9 12 11 13 10 8 9 9 12 10 8 11 10 7 13 12 13 10 11 10 10 10 16 13 11 10 14 14 13 12 12 12 13 11 17 14 16 18 15 10 14 13 11 12 15 14 16 13 16 15 16 15 16 15 17 16 13 19 20 13 17 18 13 15 18 14 19 16 15 15 19 15 18 21 17 18 20 18 18 21 22 16 17 19 18 19 17 17 19 17 20 16 19 19 18 21 18 16 19 20 21 23 20 19 20 20 21 22 21 22 21 20 22 18 24 22 20 22 24 24 22 24 20 21 20 23 21 22 25 19 22 23 21 19 24 23 24 23 26 23 23 23 25 25 23 25 26 25 29 25 28 24 22 22 23 27 27 26 27 26 26 25 27 25 25 27 28 26 27 27 28 27 28 29 23 28 28 25 28 26 30 28 26 27 30 29 29 28 28 30 29 32 33 33 29 31 32 33 32 26 29 30 30 27 29 31 31 27 31 33 31 28 35 32 32 32 29 29 30 32 32 31 32 31 30 30 33 32 33 33 36 34 32 35 34 34 35 30 35 36 34 36 34 30 33 35 35 31 34 34 31 35 37 33 35 37 33 36 37 33 32 35 38 34 36 38 37 34 39 39 35 37 36 35 36 37 39 38 40 39 39 35 38 39 36 38 40 39 42 37 39 39 37 42 39 41 40 40 41 41 40 40 41 37 40 39 41 37 39 37 39 40 39 42 42 40 41 41 39 41 42 46 42 42 42 43 43 42 44 41 45 42 42 47 41 43 43 43 42 45 42 41 43 45 44 46 43 48 45 44 44 44 43 45 41 45 43 45 47 45 44 47 48 48 46 50 45 49 46 44 49 47 45 47 47 47 51 48 49 49 44 50 48 45 46 48 50 47 46 48 49 47 49 46 49 48 50 47 49 53 51 50 52 51 51 51 51 53 52 51 48 49 50 51 50 53 52 51 52 53 52 52 51 53 54 51 51 53 54 50 52 52 52 51 53 55 56 53 55 53 52 54 58 52 56 55 55 54 56 55 57 55 55 56 52 56 58 53 54 55 54 59 60 57 57 55 56 58 57 56 56 57 58 57 58 58 57 60 58 58 59 57 55 58 59 60 58 61 60 59 58 55 57 60 57 60 64 60 59 60 59 62 59 59 61 59 60 64 61 62 59 62 63 59 64 62 64 64 62 64 64 62 63 62 63 61 63 66 64 62 64 62 63 65 65 67 63 66 65 62 66 62 61 65 61 69 65 63 65 63 65 67 67 65 67 67 66 67 64 64 65 64 63 64 66 66 67 67 68 65 65 71 66 67 68 68 72 69 69 65 68 68 69 68 65 68 69 72 68 70 69 68 73 65 71 71 70 72 70 67 72 69 71 69 67 69 67 70 72 70 72 70 72 72 74 73 74 72 70 72 72 72 73 68 71 75 73 74 69 73 73 75 70 71 71 70 75 72 75 73 72 72 74 74 74 75 74 75 74 75 72 75 75 75 75
0 : [0, 2, 3, 5, 6, 7, 9, 10, 11, 12, 13, 19, 21, 32] (41.0)
1 : [16, 22, 29, 39, 41] (44.0)
2 : [1, 4, 14, 18, 20, 28, 49] (41.0)
3 : [8, 15, 17, 25, 33, 34, 42, 43, 47] (41.0)
4 : [24, 26, 30, 37, 45, 52, 57, 71] (42.0)
5 : [23, 35, 36, 38, 40, 46, 50, 51, 55, 58, 61, 62, 67, 69, 80] (41.0)
6 : [27, 31, 54, 70, 72] (44.0)
7 : [44, 53, 63, 64, 66, 68, 76, 108] (42.0)
8 : [56, 59, 65, 82, 89, 100, 105] (41.0)
9 : [48, 60, 73, 75, 77, 81, 85, 87, 88, 90, 92, 94, 95, 101, 102] (43.0)
10 : [78, 83, 84, 86, 91, 99, 104, 107, 112, 114, 115, 116, 120, 134] (46.0)
11 : [74, 79, 97, 106, 113, 119, 128, 137] (43.0)
12 : [93, 96, 103, 110, 124, 125, 126, 138] (44.0)
13 : [98, 109, 111, 118, 123, 127, 136, 142, 151, 154, 157] (43.0)
14 : [121, 122, 130, 135, 140, 160] (46.0)
15 : [133, 139, 144, 146, 148, 158, 163, 164, 166] (41.0)
16 : [117, 131, 141, 143, 145, 147, 150, 162, 176, 186, 192] (50.0)
17 : [129, 149, 155, 169, 177, 181, 182, 184] (47.0)
18 : [132, 156, 159, 167, 170, 172, 173, 179, 189, 191, 208] (53.0)
19 : [152, 161, 165, 178, 180, 183, 187, 188, 193, 198, 224, 228] (42.0)
20 : [153, 171, 185, 194, 197, 199, 200, 206, 211, 217, 219] (49.0)
21 : [168, 174, 190, 195, 201, 203, 205, 218, 221, 227] (48.0)
22 : [175, 202, 204, 207, 210, 212, 215, 222, 225, 247, 248] (54.0)
23 : [196, 220, 226, 230, 232, 234, 235, 236, 239, 249, 269] (55.0)
24 : [209, 213, 214, 216, 229, 231, 246] (48.0)
25 : [223, 237, 238, 240, 242, 244, 256, 258, 259, 272] (56.0)
26 : [233, 241, 252, 254, 255, 262, 274, 277, 294] (45.0)
27 : [250, 251, 253, 257, 260, 263, 264, 266, 278, 298, 302] (45.0)
28 : [245, 261, 265, 267, 270, 271, 273, 276, 282, 283, 306] (50.0)
29 : [243, 268, 280, 281, 285, 289, 295, 299, 311, 312] (63.0)
30 : [275, 279, 284, 296, 297, 313, 319, 320, 332, 338] (51.0)
31 : [290, 300, 301, 303, 305, 316, 318, 342, 345] (56.0)
32 : [286, 291, 293, 308, 309, 310, 314, 315, 317, 322, 327, 355] (59.0)
33 : [287, 288, 292, 304, 321, 323, 324, 339, 348, 351, 354] (57.0)
34 : [326, 329, 330, 335, 337, 343, 344, 358, 362] (49.0)
35 : [307, 328, 331, 333, 340, 341, 346, 349, 356, 365, 368, 376] (60.0)
36 : [325, 334, 336, 352, 359, 367, 369, 379] (53.0)
37 : [347, 350, 353, 361, 366, 370, 384, 387, 398, 402, 404] (68.0)
38 : [357, 360, 372, 377, 380] (44.0)
39 : [363, 364, 371, 374, 375, 378, 382, 385, 386, 389, 400, 403, 405, 407, 413] (58.0)
40 : [373, 381, 391, 392, 395, 396, 399, 406, 410] (63.0)
41 : [390, 393, 394, 397, 401, 411, 412, 414, 424, 429, 436, 449] (63.0)
42 : [383, 388, 408, 409, 415, 417, 418, 419, 422, 426, 427, 433, 435] (60.0)
43 : [420, 421, 430, 431, 432, 437, 441, 447, 451] (58.0)
44 : [423, 439, 444, 445, 446, 455, 464, 475] (55.0)
45 : [425, 434, 438, 443, 448, 450, 452, 454, 461, 467, 478] (50.0)
46 : [416, 440, 459, 463, 479, 483, 488] (65.0)
47 : [428, 453, 456, 466, 468, 469, 470, 482, 486, 492] (67.0)
48 : [442, 457, 458, 472, 477, 480, 484, 490, 505] (52.0)
49 : [462, 465, 473, 474, 485, 487, 489, 493, 506] (63.0)
50 : [460, 476, 481, 491, 496, 507, 509, 524] (61.0)
51 : [471, 495, 498, 499, 500, 501, 504, 508, 512, 517, 520, 521, 528] (66.0)
52 : [497, 503, 511, 513, 515, 516, 525, 526, 527, 535, 538, 549] (59.0)
53 : [494, 502, 510, 514, 518, 522, 529, 532, 534, 552] (59.0)
54 : [519, 523, 536, 542, 553, 555] (64.0)
55 : [530, 533, 540, 541, 544, 546, 547, 554, 560, 577, 586] (66.0)
56 : [531, 539, 543, 548, 550, 561, 564, 565] (71.0)
57 : [545, 558, 559, 563, 566, 568, 571, 576, 587, 589] (58.0)
58 : [537, 551, 562, 567, 569, 570, 573, 574, 578, 581, 585] (74.0)
59 : [556, 575, 579, 584, 593, 595, 597, 598, 600, 605, 608] (67.0)
60 : [557, 572, 580, 583, 588, 590, 592, 594, 601] (75.0)
61 : [582, 599, 603, 620, 637, 639] (57.0)
62 : [596, 604, 606, 610, 613, 616, 618, 624, 626, 634, 636] (65.0)
63 : [607, 617, 619, 621, 627, 631, 642, 644, 657] (75.0)
64 : [591, 602, 609, 611, 612, 614, 615, 623, 625, 653, 654, 656, 658] (65.0)
65 : [628, 629, 633, 638, 641, 643, 645, 648, 655, 664, 665, 674, 679, 688] (75.0)
66 : [622, 632, 635, 651, 659, 660, 667] (75.0)
67 : [630, 646, 647, 649, 650, 652, 661, 662, 668, 694, 699, 701] (74.0)
68 : [663, 669, 670, 675, 676, 678, 680, 683, 686, 718] (75.0)
69 : [640, 672, 673, 677, 681, 685, 696, 698, 700, 723] (71.0)
70 : [684, 691, 693, 702, 704, 706, 713, 727, 730] (75.0)
71 : [666, 689, 690, 697, 719, 728, 729] (75.0)
72 : [671, 682, 692, 695, 703, 705, 707, 708, 712, 714, 715, 716, 732, 735, 736, 745] (75.0)
73 : [687, 710, 717, 721, 724, 725, 734] (62.0)
74 : [709, 711, 722, 737, 738, 739, 741, 743] (75.0)
75 : [720, 726, 731, 733, 740, 742, 744, 746, 747, 748, 749] (73.0)
