Name: 750-30-50
Time: 35.19245767593384 
Result: 20
Solution:  0 1 1 0 3 2 0 2 0 4 2 2 1 2 2 1 2 0 3 0 2 2 2 2 2 2 2 3 1 2 0 2 2 7 5 7 5 3 5 1 7 3 2 2 4 6 4 3 4 5 5 5 8 5 6 6 6 2 5 4 8 8 7 11 7 4 9 8 8 3 11 6 7 8 8 8 5 7 10 12 9 10 8 8 8 7 8 12 7 6 12 9 9 8 8 8 10 10 10 12 9 11 10 10 10 11 10 8 8 12 11 14 10 11 11 12 10 12 12 13 10 13 13 11 16 14 13 13 13 13 14 15 14 10 16 12 12 15 11 15 14 14 15 15 13 11 16 11 18 15 16 18 16 15 19 14 17 17 18 15 15 14 20 17 17 20 18 21 17 20 18 19 15 22 17 22 18 16 21 20 19 22 18 16 20 20 19 20 22 22 18 23 16 21 23 17 21 20 20 22 24 22 21 17 23 21 17 22 20 23 21 21 25 20 22 23 22 21 22 19 23 20 23 22 21 22 24 23 22 24 24 21 22 24 23 25 22 24 23 24 25 28 26 28 26 27 26 22 21 27 23 26 26 28 25 29 28 26 26 26 28 29 24 30 25 27 23 28 27 25 28 29 24 27 25 29 27 27 29 26 28 29 30 29 29 26 29 28 32 32 28 27 29 32 30 30 27 31 30 31 30 30 32 30 32 32 30 35 31 31 33 30 30 33 33 31 31 33 30 34 30 33 33 32 31 29 35 29 35 30 33 36 32 31 33 32 33 34 35 33 31 37 39 35 35 36 34 33 33 36 36 39 37 33 36 36 36 36 36 37 37 38 39 38 35 33 37 34 38 34 37 34 38 37 39 41 36 37 41 38 36 39 36 38 41 36 37 40 39 37 39 36 40 40 40 41 40 41 39 42 38 41 37 41 42 42 40 45 41 43 41 45 41 43 42 43 44 41 43 38 45 43 43 44 41 40 42 43 42 45 47 45 44 42 45 46 44 45 44 45 46 42 44 43 45 46 45 41 42 42 44 46 43 45 46 48 48 48 48 46 49 47 48 48 48 47 46 48 46 49 46 46 45 49 44 47 49 48 46 48 49 47 48 50 50 48 50 47 49 48 51 52 50 48 49 50 49 48 51 51 49 53 47 54 54 51 52 52 49 47 52 52 51 50 53 50 54 52 52 56 55 52 56 52 53 54 53 51 56 54 54 54 53 53 57 57 54 53 50 54 54 54 54 57 55 54 56 53 55 56 57 59 52 58 56 57 55 52 56 57 59 54 54 61 57 56 55 57 57 56 57 58 58 59 59 57 58 62 54 58 61 57 59 57 59 61 58 59 60 60 63 60 56 59 61 62 60 60 59 60 61 62 59 61 61 59 60 63 60 58 62 65 60 64 64 64 61 62 61 63 62 62 61 64 62 66 64 64 65 63 64 63 63 63 62 65 64 63 65 65 65 64 65 64 64 66 61 65 63 63 68 67 69 63 66 64 66 67 68 64 67 69 67 66 63 67 66 64 66 67 66 67 67 66 68 69 72 68 68 67 70 66 69 67 67 69 66 70 70 67 69 67 71 73 70 69 72 70 74 70 73 72 71 73 70 71 70 72 69 72 71 71 72 71 72 71 68 70 70 73 75 71 71 71 71 72 75 72 71 74 75 75 73 74 75 71 73 75 74 74 74 73 75 74 75 75 75 72 71 74
0 : [0, 3, 6, 8, 17, 19, 30] (31.0)
1 : [1, 2, 12, 15, 28, 39] (31.0)
2 : [5, 7, 10, 11, 13, 14, 16, 20, 21, 22, 23, 24, 25, 26, 29, 31, 32, 42, 43, 57] (30.0)
3 : [4, 18, 27, 37, 41, 47, 69] (31.0)
4 : [9, 44, 46, 48, 59, 65] (31.0)
5 : [34, 36, 38, 49, 50, 51, 53, 58, 76] (31.0)
6 : [45, 54, 55, 56, 71, 89] (30.0)
7 : [33, 35, 40, 62, 64, 72, 77, 85, 88] (30.0)
8 : [52, 60, 61, 67, 68, 73, 74, 75, 82, 83, 84, 86, 93, 94, 95, 107, 108] (30.0)
9 : [66, 80, 91, 92, 100] (30.0)
10 : [78, 81, 96, 97, 98, 102, 103, 104, 106, 112, 116, 120, 133] (34.0)
11 : [63, 70, 101, 105, 110, 113, 114, 123, 138, 145, 147] (34.0)
12 : [79, 87, 90, 99, 109, 115, 117, 118, 135, 136] (39.0)
13 : [119, 121, 122, 126, 127, 128, 129, 144] (40.0)
14 : [111, 125, 130, 132, 140, 141, 155, 161] (35.0)
15 : [131, 137, 139, 142, 143, 149, 153, 159, 160, 172] (34.0)
16 : [124, 134, 146, 150, 152, 177, 183, 192] (36.0)
17 : [156, 157, 163, 164, 168, 174, 195, 203, 206] (34.0)
18 : [148, 151, 158, 166, 170, 176, 182, 190] (34.0)
19 : [154, 171, 180, 186, 219] (33.0)
20 : [162, 165, 169, 179, 184, 185, 187, 197, 198, 208, 213, 221] (37.0)
21 : [167, 178, 193, 196, 202, 205, 210, 211, 217, 224, 231, 248] (36.0)
22 : [173, 175, 181, 188, 189, 199, 201, 207, 214, 216, 218, 223, 225, 228, 232, 236, 247] (36.0)
23 : [191, 194, 204, 209, 215, 220, 222, 227, 234, 238, 250, 266] (36.0)
24 : [200, 226, 229, 230, 233, 237, 239, 262, 272] (38.0)
25 : [212, 235, 240, 254, 264, 269, 274] (36.0)
26 : [242, 244, 246, 251, 252, 257, 258, 259, 279, 285] (35.0)
27 : [245, 249, 265, 268, 273, 276, 277, 291, 296] (43.0)
28 : [241, 243, 253, 256, 260, 267, 270, 280, 287, 290] (35.0)
29 : [255, 261, 271, 275, 278, 281, 283, 284, 286, 292, 325, 327] (36.0)
30 : [263, 282, 294, 295, 298, 300, 301, 303, 306, 311, 312, 318, 320, 329] (45.0)
31 : [297, 299, 308, 309, 315, 316, 324, 333, 340] (35.0)
32 : [288, 289, 293, 302, 304, 305, 323, 332, 335] (37.0)
33 : [310, 313, 314, 317, 321, 322, 330, 334, 336, 339, 347, 348, 353, 365] (38.0)
34 : [319, 337, 346, 367, 369, 371] (33.0)
35 : [307, 326, 328, 338, 343, 344, 364] (33.0)
36 : [331, 345, 349, 350, 354, 355, 356, 357, 358, 376, 380, 382, 385, 391] (44.0)
37 : [341, 352, 359, 360, 366, 370, 373, 377, 386, 389, 402] (49.0)
38 : [361, 363, 368, 372, 379, 383, 400, 419] (34.0)
39 : [342, 351, 362, 374, 381, 388, 390, 398] (40.0)
40 : [387, 392, 393, 394, 396, 406, 425] (38.0)
41 : [375, 378, 384, 395, 397, 401, 403, 408, 410, 412, 417, 424, 447] (38.0)
42 : [399, 404, 405, 414, 426, 428, 433, 441, 448, 449] (45.0)
43 : [409, 413, 415, 418, 421, 422, 427, 443, 452] (45.0)
44 : [416, 423, 432, 436, 438, 442, 450, 474] (38.0)
45 : [407, 411, 420, 429, 431, 434, 437, 439, 444, 446, 453, 472] (44.0)
46 : [435, 440, 445, 451, 454, 459, 466, 468, 470, 471, 478] (49.0)
47 : [430, 461, 465, 475, 481, 487, 502, 509] (41.0)
48 : [455, 456, 457, 458, 462, 463, 464, 467, 477, 479, 482, 485, 489, 493, 497] (43.0)
49 : [460, 469, 473, 476, 480, 488, 494, 496, 500, 508] (49.0)
50 : [483, 484, 486, 492, 495, 513, 515, 538] (33.0)
51 : [490, 498, 499, 505, 512, 527] (36.0)
52 : [491, 506, 507, 510, 511, 517, 518, 521, 523, 552, 557] (48.0)
53 : [501, 514, 524, 526, 532, 533, 537, 547] (36.0)
54 : [503, 504, 516, 525, 529, 530, 531, 536, 539, 540, 541, 542, 545, 561, 562, 578] (47.0)
55 : [520, 544, 548, 556, 566] (39.0)
56 : [519, 522, 528, 546, 549, 554, 558, 565, 569, 592] (42.0)
57 : [534, 535, 543, 550, 555, 559, 564, 567, 568, 570, 575, 581, 583] (49.0)
58 : [553, 571, 572, 576, 579, 586, 609] (48.0)
59 : [551, 560, 573, 574, 582, 584, 587, 593, 598, 602, 605] (42.0)
60 : [588, 589, 591, 596, 597, 599, 606, 608, 612] (45.0)
61 : [563, 580, 585, 594, 600, 603, 604, 616, 618, 622, 646] (50.0)
62 : [577, 595, 601, 610, 617, 620, 621, 624, 634] (50.0)
63 : [590, 607, 619, 629, 631, 632, 633, 637, 648, 649, 653, 664] (49.0)
64 : [613, 614, 615, 623, 626, 627, 630, 636, 641, 643, 644, 655, 659, 667] (46.0)
65 : [611, 628, 635, 638, 639, 640, 642, 647] (50.0)
66 : [625, 645, 654, 656, 663, 666, 668, 670, 673, 681, 686] (48.0)
67 : [651, 657, 660, 662, 665, 669, 671, 672, 679, 683, 684, 689, 691] (45.0)
68 : [650, 658, 674, 677, 678, 716] (42.0)
69 : [652, 661, 675, 682, 685, 690, 695, 708] (50.0)
70 : [680, 687, 688, 694, 697, 699, 704, 706, 717, 718] (45.0)
71 : [692, 702, 705, 710, 711, 713, 715, 721, 722, 723, 724, 728, 735, 748] (46.0)
72 : [676, 696, 701, 707, 709, 712, 714, 725, 727, 747] (50.0)
73 : [693, 700, 703, 719, 732, 736, 741] (50.0)
74 : [698, 729, 733, 738, 739, 740, 743, 749] (50.0)
75 : [720, 726, 730, 731, 734, 737, 742, 744, 745, 746] (48.0)
