Name: 750-50-100
Time: 33.72156500816345 
Result: 49
Solution:  1 3 0 0 0 0 3 0 0 2 1 0 0 0 3 0 3 3 0 0 0 2 2 4 6 1 2 0 3 1 2 4 2 3 4 4 2 3 8 5 1 2 5 3 6 5 5 6 5 5 4 6 4 5 5 6 8 6 4 6 4 9 7 6 8 8 5 10 7 6 4 7 11 7 8 6 9 8 8 9 8 9 8 8 10 6 11 8 9 8 11 12 12 9 10 10 11 9 7 8 11 10 9 7 8 14 11 12 12 12 11 11 13 12 10 11 16 12 9 12 16 13 15 15 14 14 15 13 10 14 14 15 14 14 15 10 10 15 15 17 18 15 13 15 15 14 13 13 17 15 17 15 14 15 16 16 16 16 16 16 17 18 16 17 17 14 13 16 15 18 19 18 18 18 17 18 19 17 19 19 18 19 16 20 15 23 17 23 15 18 19 21 22 22 20 18 19 18 19 22 20 20 21 20 24 22 21 21 20 21 21 19 21 23 24 25 26 21 22 21 24 26 21 22 21 23 21 23 22 24 23 26 20 22 26 26 23 24 21 23 21 27 26 25 23 24 27 23 27 25 27 25 26 26 26 23 28 23 22 26 24 25 27 25 27 29 27 28 30 23 28 29 25 29 28 25 25 27 29 28 27 27 29 30 26 29 30 32 28 29 31 26 32 29 32 31 31 29 30 34 32 32 29 32 30 31 31 31 32 29 31 34 29 30 30 29 33 30 35 35 35 33 31 34 36 30 34 35 34 32 35 32 35 34 33 30 35 34 33 33 34 35 36 39 34 38 36 37 36 36 40 36 37 38 36 35 37 37 34 36 35 39 39 34 36 36 39 41 34 37 39 38 38 41 40 38 37 36 36 39 38 38 40 40 42 39 39 40 41 37 40 42 41 41 39 40 40 38 39 40 40 45 38 42 40 38 41 43 43 43 42 42 42 41 45 42 38 40 38 38 42 43 40 41 43 44 43 42 46 43 45 43 46 44 44 46 45 44 41 44 43 45 47 45 44 48 45 45 41 44 46 46 45 47 46 47 46 46 48 46 45 47 49 45 46 47 47 49 46 48 48 49 47 46 45 50 50 48 46 48 48 51 52 51 50 51 50 49 50 50 47 49 50 48 51 51 47 49 50 52 52 51 50 49 50 51 52 51 52 51 56 49 49 52 52 51 51 54 50 51 51 52 53 53 53 53 54 53 50 53 50 54 53 55 58 55 55 52 53 54 55 53 54 55 52 57 54 54 56 51 56 56 59 56 57 53 58 55 57 57 57 59 55 57 60 58 55 55 56 55 58 57 59 56 59 61 59 55 60 59 63 62 59 62 60 58 60 58 60 55 63 56 58 60 58 58 60 58 57 59 60 63 57 60 63 59 57 61 64 62 62 62 62 63 62 62 62 61 60 63 64 60 62 59 60 64 61 62 62 63 63 65 65 66 64 63 64 64 65 67 65 66 67 66 66 66 66 67 69 61 70 65 66 65 66 68 67 68 69 64 71 69 69 69 65 66 67 65 65 67 68 72 68 66 68 67 69 71 66 67 70 71 68 69 68 70 66 67 70 69 68 71 66 67 71 72 70 67 71 67 74 69 74 70 68 69 71 70 72 72 72 72 68 74 71 73 71 70 73 69 70 73 75 71 71 73 72 73 71 74 74 75 71 74 73 74 71 71 75 75 72 71 73 75 75 73 71 75 75 73
0 : [2, 3, 4, 5, 7, 8, 11, 12, 13, 15, 18, 19, 20, 27] (55.0)
1 : [0, 10, 25, 29, 40] (59.0)
2 : [9, 21, 22, 26, 30, 32, 36, 41] (51.0)
3 : [1, 6, 14, 16, 17, 28, 33, 37, 43] (54.0)
4 : [23, 31, 34, 35, 50, 52, 58, 60, 70] (52.0)
5 : [39, 42, 45, 46, 48, 49, 53, 54, 66] (51.0)
6 : [24, 44, 47, 51, 55, 57, 59, 63, 69, 75, 85] (51.0)
7 : [62, 68, 71, 73, 98, 103] (54.0)
8 : [38, 56, 64, 65, 74, 77, 78, 80, 82, 83, 87, 89, 99, 104] (51.0)
9 : [61, 76, 79, 81, 88, 93, 97, 102, 118] (51.0)
10 : [67, 84, 94, 95, 101, 114, 128, 135, 136] (51.0)
11 : [72, 86, 90, 96, 100, 106, 110, 111, 115] (56.0)
12 : [91, 92, 107, 108, 109, 113, 117, 119] (56.0)
13 : [112, 121, 127, 142, 146, 147, 166] (56.0)
14 : [105, 124, 125, 129, 130, 132, 133, 145, 152, 165] (58.0)
15 : [122, 123, 126, 131, 134, 137, 138, 141, 143, 144, 149, 151, 153, 168, 184, 188] (55.0)
16 : [116, 120, 154, 155, 156, 157, 158, 159, 162, 167, 182] (57.0)
17 : [139, 148, 150, 160, 163, 164, 174, 177, 186] (65.0)
18 : [140, 161, 169, 171, 172, 173, 175, 180, 189, 195, 197] (57.0)
19 : [170, 176, 178, 179, 181, 190, 196, 198, 211] (63.0)
20 : [183, 194, 200, 201, 203, 208, 232] (64.0)
21 : [191, 202, 206, 207, 209, 210, 212, 217, 219, 222, 224, 226, 238, 240] (69.0)
22 : [192, 193, 199, 205, 218, 223, 228, 233, 258] (60.0)
23 : [185, 187, 213, 225, 227, 230, 236, 239, 244, 247, 255, 257, 269] (62.0)
24 : [204, 214, 220, 229, 237, 245, 260] (63.0)
25 : [215, 243, 249, 251, 261, 263, 272, 275, 276] (62.0)
26 : [216, 221, 231, 234, 235, 242, 252, 253, 254, 259, 284, 291] (65.0)
27 : [241, 246, 248, 250, 262, 264, 266, 277, 280, 281] (58.0)
28 : [256, 267, 270, 274, 279, 288] (60.0)
29 : [265, 271, 273, 278, 282, 285, 289, 293, 297, 302, 309, 312, 315] (64.0)
30 : [268, 283, 286, 298, 304, 313, 314, 317, 325, 335] (61.0)
31 : [290, 295, 296, 305, 306, 307, 310, 322] (66.0)
32 : [287, 292, 294, 300, 301, 303, 308, 329, 331] (65.0)
33 : [316, 321, 334, 338, 339] (63.0)
34 : [299, 311, 323, 326, 328, 333, 337, 340, 344, 358, 363, 368] (75.0)
35 : [318, 319, 320, 327, 330, 332, 336, 341, 355, 360] (64.0)
36 : [324, 342, 346, 348, 349, 351, 354, 359, 364, 365, 377, 378] (83.0)
37 : [347, 352, 356, 357, 369, 376, 389] (60.0)
38 : [345, 353, 371, 372, 375, 380, 381, 397, 402, 405, 416, 418, 419] (76.0)
39 : [343, 361, 362, 366, 370, 379, 385, 386, 394, 398] (68.0)
40 : [350, 374, 382, 383, 387, 390, 395, 396, 399, 400, 404, 417, 422] (78.0)
41 : [367, 373, 388, 392, 393, 406, 413, 423, 438, 448] (77.0)
42 : [384, 391, 403, 410, 411, 412, 415, 420, 427] (82.0)
43 : [407, 408, 409, 421, 424, 426, 429, 431, 440] (67.0)
44 : [425, 433, 434, 437, 439, 444, 449] (62.0)
45 : [401, 414, 430, 436, 441, 443, 446, 447, 452, 460, 463, 474] (74.0)
46 : [428, 432, 435, 450, 451, 454, 456, 457, 459, 464, 468, 473, 478] (90.0)
47 : [442, 453, 455, 461, 465, 466, 472, 490, 496] (85.0)
48 : [445, 458, 469, 470, 477, 479, 480, 493] (66.0)
49 : [462, 467, 471, 487, 491, 497, 503, 511, 512] (61.0)
50 : [475, 476, 484, 486, 488, 489, 492, 498, 502, 504, 518, 528, 530] (99.0)
51 : [481, 483, 485, 494, 495, 501, 505, 507, 509, 515, 516, 519, 520, 549] (100.0)
52 : [482, 499, 500, 506, 508, 513, 514, 521, 537, 544] (87.0)
53 : [522, 523, 524, 525, 527, 529, 532, 538, 541, 555] (73.0)
54 : [517, 526, 531, 539, 542, 546, 547] (82.0)
55 : [533, 535, 536, 540, 543, 557, 562, 566, 567, 569, 577, 589] (84.0)
56 : [510, 548, 550, 551, 553, 568, 573, 591] (74.0)
57 : [545, 554, 558, 559, 560, 563, 571, 598, 602, 606] (84.0)
58 : [534, 556, 565, 570, 585, 587, 592, 594, 595, 597] (85.0)
59 : [552, 561, 572, 574, 576, 579, 582, 599, 605, 623] (85.0)
60 : [564, 578, 584, 586, 588, 593, 596, 600, 603, 618, 621, 624] (95.0)
61 : [575, 607, 617, 626, 649] (63.0)
62 : [581, 583, 609, 610, 611, 612, 614, 615, 616, 622, 627, 628] (100.0)
63 : [580, 590, 601, 604, 613, 619, 629, 630, 635] (74.0)
64 : [608, 620, 625, 634, 636, 637, 659] (98.0)
65 : [631, 632, 638, 640, 651, 653, 664, 667, 668] (100.0)
66 : [633, 641, 643, 644, 645, 646, 652, 654, 665, 673, 678, 686, 692] (94.0)
67 : [639, 642, 647, 656, 666, 669, 675, 679, 687, 693, 697, 699] (82.0)
68 : [655, 657, 670, 672, 674, 682, 684, 690, 704, 712] (95.0)
69 : [648, 658, 661, 662, 663, 676, 683, 689, 701, 705, 719] (98.0)
70 : [650, 680, 685, 688, 696, 703, 707, 717, 720] (100.0)
71 : [660, 677, 681, 691, 694, 698, 706, 714, 716, 723, 724, 728, 732, 736, 737, 741, 746] (100.0)
72 : [671, 695, 708, 709, 710, 711, 726, 740] (100.0)
73 : [715, 718, 721, 725, 727, 734, 742, 745, 749] (100.0)
74 : [700, 702, 713, 729, 730, 733, 735] (100.0)
75 : [722, 731, 738, 739, 743, 744, 747, 748] (99.0)
