Name: 1000-60-125
Time: 105.88269853591919 
Result: 69
Solution:  0 4 7 0 2 0 3 2 0 0 2 3 0 7 7 5 1 7 7 0 11 8 1 4 6 10 6 7 6 8 11 3 8 13 3 17 4 7 7 10 6 7 8 5 14 15 6 14 12 15 16 10 18 14 18 16 14 6 8 21 13 13 20 16 12 19 15 13 22 19 14 11 16 12 19 18 19 14 17 11 18 19 22 20 27 19 14 22 21 26 19 21 25 22 28 25 24 19 23 23 17 23 25 29 31 24 23 31 30 26 23 26 28 25 27 23 29 20 20 32 30 31 28 27 39 29 31 32 34 29 29 38 31 28 34 41 33 28 29 30 36 33 36 33 34 45 35 36 35 37 35 34 38 38 38 37 39 43 42 40 30 41 37 35 39 46 40 40 38 44 41 40 36 37 39 39 43 42 42 40 45 42 43 41 40 47 36 48 44 35 51 37 45 42 43 46 40 42 48 49 47 40 46 44 45 43 50 45 47 45 49 46 50 42 43 44 48 57 44 50 59 51 50 53 54 56 53 57 53 54 52 52 56 53 52 57 51 59 57 52 55 49 54 54 55 59 62 55 54 53 58 54 61 58 56 52 58 57 57 60 67 57 61 58 58 67 63 61 60 62 66 61 57 61 69 69 67 64 63 60 56 64 67 62 65 66 60 61 64 67 60 69 65 63 64 60 58 65 63 65 72 70 74 69 70 64 63 68 70 74 68 70 69 69 69 71 70 65 64 76 73 70 69 70 69 73 71 70 70 74 75 75 79 77 67 69 72 67 78 78 80 73 84 79 75 72 77 76 80 71 74 83 73 72 82 76 79 75 71 77 76 75 79 78 82 81 73 75 77 78 89 76 86 82 74 79 84 80 81 87 83 79 83 81 81 76 84 93 85 82 83 76 83 88 85 84 86 80 95 77 91 79 88 86 86 87 96 88 96 88 91 88 94 80 83 91 90 90 92 89 90 92 88 86 88 94 89 92 97 89 91 90 97 90 95 85 98 96 94 95 98 100 95 93 99 94 95 104 93 98 93 91 100 103 89 93 103 101 93 102 97 98 93 98 92 102 96 101 101 95 105 105 105 98 97 102 99 103 103 97 104 105 103 103 99 103 105 105 107 108 96 109 101 107 108 109 110 109 104 104 99 107 101 102 110 106 106 110 109 103 107 106 113 105 107 109 106 114 105 103 111 113 117 110 118 112 113 114 111 109 120 117 115 111 111 112 114 112 120 115 114 120 116 113 113 116 117 113 121 107 119 113 120 115 116 117 113 123 119 121 119 123 119 126 110 123 115 115 122 114 125 117 126 118 129 125 123 124 119 122 118 121 121 126 121 127 121 119 121 116 122 117 126 129 127 123 128 123 132 125 126 126 132 127 125 128 129 123 130 128 124 130 123 129 133 134 128 128 134 134 130 131 131 130 137 136 132 136 124 132 139 135 133 131 135 128 129 139 134 131 133 133 137 132 134 128 132 137 135 132 136 139 136 140 142 137 136 141 140 139 142 143 138 144 141 137 143 145 140 145 141 141 140 140 142 145 142 142 143 138 151 140 141 143 146 140 153 147 143 141 144 143 143 139 143 147 153 142 148 146 155 152 147 144 150 143 149 146 149 150 152 146 155 145 150 154 150 142 152 149 149 149 154 148 151 147 151 148 156 150 157 149 148 154 150 154 152 154 152 149 155 161 159 160 153 156 154 159 153 156 155 158 158 156 148 161 159 153 162 163 155 158 152 160 161 163 158 157 156 160 160 164 164 161 163 159 162 165 157 162 166 162 158 165 165 166 167 166 165 164 167 164 165 170 162 169 159 165 167 160 168 171 169 163 171 166 172 170 166 165 170 177 172 169 167 168 168 172 172 171 171 172 166 170 163 172 171 174 166 173 173 174 167 177 179 173 173 176 168 174 183 178 175 177 176 177 167 176 177 184 174 175 182 177 182 178 183 180 181 178 181 179 180 178 178 182 177 182 174 175 174 181 179 177 186 185 178 178 187 186 184 187 180 186 185 188 186 182 179 185 181 180 185 183 183 188 191 179 189 185 187 186 188 184 190 192 193 185 189 186 184 191 187 185 196 190 189 194 199 182 190 197 191 183 190 199 184 192 191 194 188 194 191 197 195 193 189 189 191 197 195 191 193 196 200 205 188 192 198 195 203 200 198 189 197 192 196 205 192 194 199 196 205 202 206 195 198 193 202 201 205 199 198 200 201 203 206 206 204 204 202 201 199 206 201 198 205 204 203 202 205 203 200 205 200 204 201 206 206 206
0 : [0, 3, 5, 8, 9, 12, 19] (61.0)
1 : [16, 22] (62.0)
2 : [4, 7, 10] (60.0)
3 : [6, 11, 31, 34] (63.0)
4 : [1, 23, 36] (71.0)
5 : [15, 43] (80.0)
6 : [24, 26, 28, 40, 46, 57] (61.0)
7 : [2, 13, 14, 17, 18, 27, 37, 38, 41] (60.0)
8 : [21, 29, 32, 42, 58] (63.0)
9 : [] (0.0)
10 : [25, 39, 51] (71.0)
11 : [20, 30, 71, 79] (69.0)
12 : [48, 64, 73] (64.0)
13 : [33, 60, 61, 67] (62.0)
14 : [44, 47, 53, 56, 70, 77, 86] (58.0)
15 : [45, 49, 66] (69.0)
16 : [50, 55, 63, 72] (64.0)
17 : [35, 78, 100] (62.0)
18 : [52, 54, 75, 80] (62.0)
19 : [65, 69, 74, 76, 81, 85, 90, 97] (65.0)
20 : [62, 83, 117, 118] (63.0)
21 : [59, 88, 91] (76.0)
22 : [68, 82, 87, 93] (67.0)
23 : [98, 99, 101, 106, 110, 115] (60.0)
24 : [96, 105] (61.0)
25 : [92, 95, 102, 113] (65.0)
26 : [89, 109, 111] (67.0)
27 : [84, 114, 123] (82.0)
28 : [94, 112, 122, 133, 137] (70.0)
29 : [103, 116, 125, 129, 130, 138] (67.0)
30 : [108, 120, 139, 160] (66.0)
31 : [104, 107, 121, 126, 132] (69.0)
32 : [119, 127] (74.0)
33 : [136, 141, 143] (60.0)
34 : [128, 134, 144, 151] (65.0)
35 : [146, 148, 150, 163, 189] (63.0)
36 : [140, 142, 147, 172, 186] (60.0)
37 : [149, 155, 162, 173, 191] (73.0)
38 : [131, 152, 153, 154, 168] (65.0)
39 : [124, 156, 164, 174, 175] (61.0)
40 : [159, 166, 167, 171, 179, 184, 196, 201] (73.0)
41 : [135, 161, 170, 183] (92.0)
42 : [158, 177, 178, 181, 193, 197, 213] (84.0)
43 : [157, 176, 182, 194, 205, 214] (66.0)
44 : [169, 188, 203, 215, 218] (61.0)
45 : [145, 180, 192, 204, 207, 209] (70.0)
46 : [165, 195, 202, 211] (75.0)
47 : [185, 200, 208] (70.0)
48 : [187, 198, 216] (66.0)
49 : [199, 210, 241] (70.0)
50 : [206, 212, 219, 222] (70.0)
51 : [190, 221, 236] (81.0)
52 : [230, 231, 234, 239, 255] (104.0)
53 : [223, 226, 228, 233, 249] (66.0)
54 : [224, 229, 242, 243, 248, 251] (73.0)
55 : [240, 244, 247] (67.0)
56 : [225, 232, 254, 280] (64.0)
57 : [217, 227, 235, 238, 257, 258, 261, 272] (64.0)
58 : [250, 253, 256, 263, 264, 296] (64.0)
59 : [220, 237, 245] (81.0)
60 : [259, 268, 279, 286, 290, 295] (70.0)
61 : [252, 262, 267, 271, 273, 287] (64.0)
62 : [246, 269, 283] (63.0)
63 : [266, 278, 293, 298, 306] (77.0)
64 : [277, 281, 288, 294, 305, 318] (96.0)
65 : [284, 292, 297, 299, 317] (76.0)
66 : [270, 285] (87.0)
67 : [260, 265, 276, 282, 289, 334, 337] (92.0)
68 : [307, 310] (80.0)
69 : [274, 275, 291, 303, 312, 313, 314, 322, 324, 335] (122.0)
70 : [301, 304, 308, 311, 316, 321, 323, 327, 328] (101.0)
71 : [315, 326, 349, 358] (80.0)
72 : [300, 336, 345, 353] (95.0)
73 : [320, 325, 341, 352, 366] (81.0)
74 : [302, 309, 329, 350, 374] (75.0)
75 : [330, 331, 344, 357, 361, 367] (117.0)
76 : [319, 347, 355, 360, 371, 385, 391] (87.0)
77 : [333, 346, 359, 368, 399] (84.0)
78 : [338, 339, 363, 369] (82.0)
79 : [332, 343, 356, 362, 375, 381, 401] (88.0)
80 : [340, 348, 377, 397, 413] (85.0)
81 : [365, 378, 383, 384] (70.0)
82 : [354, 364, 373, 389] (96.0)
83 : [351, 380, 382, 390, 392, 414] (81.0)
84 : [342, 376, 386, 395] (70.0)
85 : [388, 394, 435] (100.0)
86 : [372, 396, 403, 404, 423] (105.0)
87 : [379, 405] (62.0)
88 : [393, 402, 407, 409, 411, 422, 424] (106.0)
89 : [370, 419, 426, 429, 454] (103.0)
90 : [416, 417, 420, 431, 433] (78.0)
91 : [400, 410, 415, 430, 451] (71.0)
92 : [418, 421, 427, 464] (91.0)
93 : [387, 443, 448, 450, 455, 458, 462] (90.0)
94 : [412, 425, 438, 445] (71.0)
95 : [398, 434, 439, 442, 446, 469] (89.0)
96 : [406, 408, 437, 466, 490] (91.0)
97 : [428, 432, 460, 474, 479] (84.0)
98 : [436, 440, 449, 461, 463, 473] (102.0)
99 : [444, 476, 484, 500] (75.0)
100 : [441, 452] (68.0)
101 : [457, 467, 468, 492, 502] (76.0)
102 : [459, 465, 475, 503] (111.0)
103 : [453, 456, 477, 478, 482, 483, 485, 509, 519] (103.0)
104 : [447, 480, 498, 499] (106.0)
105 : [470, 471, 472, 481, 486, 487, 513, 518] (87.0)
106 : [505, 506, 511, 516] (88.0)
107 : [488, 493, 501, 510, 514, 549] (95.0)
108 : [489, 494] (62.0)
109 : [491, 495, 497, 508, 515, 529] (103.0)
110 : [496, 504, 507, 523, 564] (90.0)
111 : [520, 528, 533, 534] (99.0)
112 : [525, 535, 537] (87.0)
113 : [512, 521, 526, 543, 544, 547, 551, 556] (97.0)
114 : [517, 527, 536, 540, 569] (96.0)
115 : [532, 539, 553, 566, 567] (101.0)
116 : [542, 545, 554, 589] (125.0)
117 : [522, 531, 546, 555, 571, 591] (99.0)
118 : [524, 573, 580] (109.0)
119 : [550, 558, 560, 562, 578, 587] (105.0)
120 : [530, 538, 541, 552] (77.0)
121 : [548, 559, 581, 582, 584, 586, 588] (122.0)
122 : [568, 579, 590] (86.0)
123 : [557, 561, 565, 576, 595, 597, 607, 612] (121.0)
124 : [577, 610, 628] (72.0)
125 : [570, 575, 599, 604] (125.0)
126 : [563, 572, 583, 592, 600, 601] (112.0)
127 : [585, 594, 603] (78.0)
128 : [596, 605, 609, 616, 617, 635, 645] (105.0)
129 : [574, 593, 606, 613, 636] (119.0)
130 : [608, 611, 620, 623] (79.0)
131 : [621, 622, 633, 639] (94.0)
132 : [598, 602, 626, 629, 643, 646, 649] (122.0)
133 : [614, 632, 640, 641] (114.0)
134 : [615, 618, 619, 638, 644] (83.0)
135 : [631, 634, 648] (69.0)
136 : [625, 627, 650, 652, 656] (82.0)
137 : [624, 642, 647, 655, 665] (87.0)
138 : [662, 679] (75.0)
139 : [630, 637, 651, 659, 693] (84.0)
140 : [653, 658, 668, 672, 673, 681, 685] (123.0)
141 : [657, 664, 670, 671, 682, 689] (117.0)
142 : [654, 660, 674, 676, 677, 697, 717] (121.0)
143 : [661, 666, 678, 683, 688, 691, 692, 694, 705] (103.0)
144 : [663, 690, 703] (113.0)
145 : [667, 669, 675, 713] (86.0)
146 : [684, 699, 707, 711] (125.0)
147 : [687, 695, 702, 725] (125.0)
148 : [698, 723, 727, 732, 754] (84.0)
149 : [706, 708, 719, 720, 721, 731, 739] (116.0)
150 : [704, 709, 714, 716, 729, 734] (124.0)
151 : [680, 724, 726] (97.0)
152 : [701, 710, 718, 736, 738, 762] (100.0)
153 : [686, 696, 744, 748, 757] (122.0)
154 : [715, 722, 733, 735, 737, 746] (113.0)
155 : [700, 712, 740, 750, 760] (118.0)
156 : [728, 745, 749, 753, 768] (125.0)
157 : [730, 767, 778] (92.0)
158 : [751, 752, 761, 766, 782] (124.0)
159 : [742, 747, 756, 775, 796] (106.0)
160 : [743, 763, 769, 770, 799] (125.0)
161 : [741, 755, 764, 773] (97.0)
162 : [758, 776, 779, 781, 794] (122.0)
163 : [759, 765, 774, 803, 824] (115.0)
164 : [771, 772, 789, 791] (116.0)
165 : [777, 783, 784, 788, 792, 797, 809] (92.0)
166 : [780, 785, 787, 805, 808, 822, 828] (124.0)
167 : [786, 790, 798, 814, 832, 846] (114.0)
168 : [800, 815, 816, 838] (123.0)
169 : [795, 802, 813] (121.0)
170 : [793, 807, 810, 823] (125.0)
171 : [801, 804, 819, 820, 826] (119.0)
172 : [806, 812, 817, 818, 821, 825] (100.0)
173 : [829, 830, 835, 836] (96.0)
174 : [827, 831, 839, 850, 868, 870] (122.0)
175 : [842, 851, 869] (90.0)
176 : [837, 844, 847] (127.0)
177 : [811, 833, 843, 845, 848, 853, 866, 873] (104.0)
178 : [841, 855, 859, 863, 864, 876, 877] (122.0)
179 : [834, 861, 872, 888, 897] (102.0)
180 : [857, 862, 882, 891] (124.0)
181 : [858, 860, 871, 890] (123.0)
182 : [852, 854, 865, 867, 887, 919] (125.0)
183 : [840, 856, 893, 894, 923] (118.0)
184 : [849, 880, 903, 910, 926] (124.0)
185 : [875, 884, 889, 892, 899, 907, 913] (121.0)
186 : [874, 879, 883, 886, 901, 909] (121.0)
187 : [878, 881, 900, 912] (124.0)
188 : [885, 895, 902, 930, 946] (125.0)
189 : [898, 908, 916, 936, 937, 953] (124.0)
190 : [904, 915, 920, 924] (124.0)
191 : [896, 911, 922, 928, 932, 938, 941] (116.0)
192 : [905, 927, 947, 955, 958] (125.0)
193 : [906, 935, 942, 967] (125.0)
194 : [917, 929, 931, 959] (125.0)
195 : [934, 940, 949, 965] (126.0)
196 : [914, 943, 956, 961] (125.0)
197 : [921, 933, 939, 954] (124.0)
198 : [948, 952, 966, 972, 985] (125.0)
199 : [918, 925, 960, 971, 982] (125.0)
200 : [944, 951, 973, 992, 994] (122.0)
201 : [969, 974, 981, 984, 996] (125.0)
202 : [963, 968, 980, 989] (127.0)
203 : [950, 975, 988, 991] (125.0)
204 : [978, 979, 987, 995] (125.0)
205 : [945, 957, 962, 970, 986, 990, 993] (124.0)
206 : [964, 976, 977, 983, 997, 998, 999] (125.0)
