Name: 1000-40-75
Time: 108.15616869926453 
Result: 35
Solution:  2 2 3 0 5 3 3 3 1 9 3 1 12 4 2 4 5 3 3 1 13 9 2 7 3 3 8 4 3 7 8 0 2 9 2 8 8 8 7 11 4 10 11 9 19 15 8 10 10 11 14 7 19 13 11 9 13 10 19 16 19 20 8 14 19 20 19 18 14 19 20 12 16 20 15 14 23 20 21 18 20 17 20 17 17 19 22 20 23 27 20 24 16 21 25 22 21 27 23 24 25 25 21 25 25 34 26 23 30 34 33 31 28 30 35 22 26 34 34 30 28 26 32 28 33 40 24 27 33 34 34 29 34 29 34 33 36 34 32 37 32 38 36 32 39 37 37 35 39 35 36 36 39 35 42 31 36 44 36 45 44 38 43 40 40 44 42 39 50 44 42 42 44 41 41 38 45 44 49 50 46 41 47 40 50 48 52 43 47 48 47 47 46 44 52 52 49 50 47 53 46 48 46 49 52 57 43 51 53 54 60 55 54 52 55 51 54 48 51 53 51 56 51 57 59 55 47 56 57 54 58 64 50 66 54 56 60 62 53 62 63 56 59 60 60 55 66 63 62 65 58 62 63 61 64 61 65 68 69 61 66 69 65 58 67 74 66 64 61 63 70 66 71 70 68 65 72 69 69 67 70 70 70 68 65 67 67 69 69 76 69 71 72 68 74 74 73 79 73 74 77 73 69 77 78 76 78 80 77 82 84 70 78 81 75 81 74 84 81 75 76 79 74 79 85 75 86 81 75 78 83 76 81 84 86 87 84 85 79 86 79 80 82 80 90 88 89 82 83 87 91 88 86 92 81 82 90 83 86 85 86 97 88 90 91 92 89 89 96 88 91 92 87 101 90 92 98 88 94 96 95 101 96 94 91 97 98 94 96 100 97 91 97 95 96 102 99 102 90 93 100 104 102 94 99 105 103 101 101 105 102 93 103 104 107 107 108 102 109 108 105 101 106 106 104 103 110 102 109 109 103 111 111 110 109 107 100 106 109 109 105 105 107 113 114 107 111 104 113 106 117 112 112 109 113 112 118 115 114 109 116 117 120 116 119 115 108 117 123 121 112 114 115 120 119 110 121 118 120 117 115 123 110 123 122 113 123 121 118 126 127 117 116 121 119 123 114 116 122 122 131 124 130 124 124 117 117 122 122 121 126 126 121 123 122 125 129 121 129 121 128 128 124 128 126 127 125 127 127 120 124 131 127 129 127 128 130 136 130 133 129 126 134 132 132 130 129 126 136 128 136 132 132 135 134 130 134 134 133 135 137 133 132 134 134 138 136 129 137 142 136 144 138 137 141 133 138 141 133 139 134 130 131 142 140 141 139 136 145 145 148 148 144 144 139 143 141 141 145 138 146 143 144 144 146 145 146 145 140 147 144 151 152 141 140 148 148 144 146 142 154 147 150 145 144 149 143 149 155 143 150 150 152 152 149 150 156 146 146 153 152 151 151 149 155 147 150 148 144 151 160 159 149 153 158 153 151 159 161 153 152 155 162 159 157 157 155 159 164 158 155 156 162 156 154 160 158 161 157 154 159 156 157 153 163 164 162 159 164 156 161 163 167 164 160 162 160 165 155 156 169 166 165 162 168 164 163 161 173 162 164 165 165 171 166 170 169 169 168 166 172 163 164 169 164 170 163 163 168 170 171 174 164 175 161 165 165 165 167 167 171 162 172 163 167 175 171 169 169 168 174 173 168 171 175 173 174 181 166 167 177 176 173 176 176 173 180 174 183 178 186 176 171 172 174 178 177 183 176 170 182 183 177 182 180 186 181 179 177 181 180 185 185 183 173 183 181 183 181 186 191 179 186 189 176 183 180 185 184 185 177 184 188 186 187 187 186 187 189 182 188 190 195 184 191 188 191 191 190 187 185 184 182 184 191 193 185 190 184 188 189 191 193 195 190 193 194 186 201 189 187 197 192 186 194 194 192 191 192 194 193 197 192 190 197 195 196 191 196 205 199 198 194 194 192 197 195 196 198 199 190 203 193 204 204 198 202 204 196 201 206 196 198 204 198 200 200 199 207 202 204 200 205 203 202 201 199 200 202 197 205 204 203 199 203 211 205 206 212 207 209 209 205 200 202 206 211 214 202 208 209 216 210 207 209 210 214 218 208 210 211 213 212 216 218 212 210 212 216 210 216 213 215 217 213 221 219 216 208 217 214 214 217 215 211 221 219 222 220 214 220 215 222 216 215 217 213 219 222 221 212 221 222 216 219 213 220 215 218 218 219 222 219 222 220 222 217 221 222 220
0 : [3, 31] (40.0)
1 : [8, 11, 19] (48.0)
2 : [0, 1, 14, 22, 32, 34] (53.0)
3 : [2, 5, 6, 7, 10, 17, 18, 24, 25, 28] (40.0)
4 : [13, 15, 27, 40] (57.0)
5 : [4, 16] (42.0)
6 : [] (0.0)
7 : [23, 29, 38, 51] (40.0)
8 : [26, 30, 35, 36, 37, 46, 62] (40.0)
9 : [9, 21, 33, 43, 55] (40.0)
10 : [41, 47, 48, 57] (42.0)
11 : [39, 42, 49, 54] (50.0)
12 : [12, 71] (51.0)
13 : [20, 53, 56] (45.0)
14 : [50, 63, 68, 75] (41.0)
15 : [45, 74] (42.0)
16 : [59, 72, 92] (43.0)
17 : [81, 83, 84] (46.0)
18 : [67, 79] (51.0)
19 : [44, 52, 58, 60, 64, 66, 69, 85] (40.0)
20 : [61, 65, 70, 73, 77, 80, 82, 87, 90] (40.0)
21 : [78, 93, 96, 102] (40.0)
22 : [86, 95, 115] (49.0)
23 : [76, 88, 98, 107] (44.0)
24 : [91, 99, 126] (45.0)
25 : [94, 100, 101, 103, 104] (47.0)
26 : [106, 116, 121] (41.0)
27 : [89, 97, 127] (44.0)
28 : [112, 120, 123] (43.0)
29 : [131, 133] (45.0)
30 : [108, 113, 119] (44.0)
31 : [111, 155] (41.0)
32 : [122, 138, 140, 143] (43.0)
33 : [110, 124, 128, 135] (43.0)
34 : [105, 109, 117, 118, 129, 130, 132, 134, 137] (42.0)
35 : [114, 147, 149, 153] (43.0)
36 : [136, 142, 150, 151, 156, 158] (41.0)
37 : [139, 145, 146] (45.0)
38 : [141, 161, 175] (47.0)
39 : [144, 148, 152, 167] (40.0)
40 : [125, 163, 164, 183] (45.0)
41 : [173, 174, 181] (44.0)
42 : [154, 166, 170, 171] (41.0)
43 : [162, 187, 206] (52.0)
44 : [157, 160, 165, 169, 172, 177, 193] (40.0)
45 : [159, 176] (58.0)
46 : [180, 192, 200, 202] (71.0)
47 : [182, 188, 190, 191, 198, 226] (52.0)
48 : [185, 189, 201, 217] (41.0)
49 : [178, 196, 203] (49.0)
50 : [168, 179, 184, 197, 232] (45.0)
51 : [207, 215, 218, 220, 222] (44.0)
52 : [186, 194, 195, 204, 213] (47.0)
53 : [199, 208, 219, 238] (47.0)
54 : [209, 212, 216, 229, 234] (46.0)
55 : [211, 214, 225, 245] (53.0)
56 : [221, 227, 235, 241] (43.0)
57 : [205, 223, 228] (56.0)
58 : [230, 250, 263] (41.0)
59 : [224, 242] (40.0)
60 : [210, 236, 243, 244] (47.0)
61 : [253, 255, 259, 268] (54.0)
62 : [237, 239, 248, 251] (65.0)
63 : [240, 247, 252, 269] (57.0)
64 : [231, 254, 267] (49.0)
65 : [249, 256, 262, 275, 284] (45.0)
66 : [233, 246, 260, 266, 271] (55.0)
67 : [264, 279, 285, 286] (50.0)
68 : [257, 274, 283, 293] (51.0)
69 : [258, 261, 277, 278, 287, 288, 290, 302] (71.0)
70 : [270, 273, 280, 281, 282, 311] (49.0)
71 : [272, 291] (40.0)
72 : [276, 292] (54.0)
73 : [296, 298, 301] (51.0)
74 : [265, 294, 295, 299, 316, 322] (51.0)
75 : [314, 319, 325, 328] (57.0)
76 : [289, 305, 320, 331] (46.0)
77 : [300, 303, 308] (71.0)
78 : [304, 306, 312, 329] (49.0)
79 : [297, 321, 323, 338, 340] (67.0)
80 : [307, 341, 343] (51.0)
81 : [313, 315, 318, 327, 332, 354] (64.0)
82 : [309, 342, 347, 355] (47.0)
83 : [330, 348, 357] (47.0)
84 : [310, 317, 333, 336] (45.0)
85 : [324, 337, 359] (51.0)
86 : [326, 334, 339, 352, 358, 360] (71.0)
87 : [335, 349, 372] (52.0)
88 : [345, 351, 362, 369, 377] (52.0)
89 : [346, 366, 367] (42.0)
90 : [344, 356, 363, 374, 398] (57.0)
91 : [350, 364, 370, 384, 391] (68.0)
92 : [353, 365, 371, 375] (70.0)
93 : [399, 411] (41.0)
94 : [378, 383, 387, 403] (55.0)
95 : [380, 393] (47.0)
96 : [368, 379, 382, 388, 394] (61.0)
97 : [361, 385, 390, 392] (48.0)
98 : [376, 386] (43.0)
99 : [396, 404] (63.0)
100 : [389, 400, 436] (48.0)
101 : [373, 381, 407, 408, 421] (47.0)
102 : [395, 397, 402, 410, 417, 427] (61.0)
103 : [406, 412, 425, 430] (50.0)
104 : [401, 413, 424, 447] (55.0)
105 : [405, 409, 420, 440, 441] (61.0)
106 : [422, 423, 437, 449] (56.0)
107 : [414, 415, 435, 442, 445] (65.0)
108 : [416, 419, 466] (65.0)
109 : [418, 428, 429, 434, 438, 439, 453, 459] (69.0)
110 : [426, 433, 475, 482] (45.0)
111 : [431, 432, 446] (53.0)
112 : [451, 452, 455, 470] (71.0)
113 : [443, 448, 454, 485] (75.0)
114 : [444, 458, 471, 496] (73.0)
115 : [457, 465, 472, 480] (62.0)
116 : [460, 463, 492, 497] (53.0)
117 : [450, 461, 467, 479, 491, 505, 506] (74.0)
118 : [456, 477, 488] (45.0)
119 : [464, 474, 494] (47.0)
120 : [462, 473, 478, 529] (50.0)
121 : [469, 476, 487, 493, 509, 512, 517, 519] (57.0)
122 : [484, 498, 499, 507, 508, 514] (74.0)
123 : [468, 481, 483, 486, 495, 513] (63.0)
124 : [501, 503, 504, 522, 530] (70.0)
125 : [515, 526] (40.0)
126 : [489, 510, 511, 524, 541, 547] (44.0)
127 : [490, 525, 527, 528, 532, 534] (57.0)
128 : [520, 521, 523, 535, 549] (46.0)
129 : [516, 518, 533, 540, 546, 567] (60.0)
130 : [502, 536, 538, 545, 555, 581] (53.0)
131 : [500, 531, 582] (55.0)
132 : [543, 544, 551, 552, 562] (67.0)
133 : [539, 558, 561, 575, 578] (51.0)
134 : [542, 554, 556, 557, 563, 564, 580] (54.0)
135 : [553, 559] (46.0)
136 : [537, 548, 550, 566, 570, 587] (66.0)
137 : [560, 568, 573] (52.0)
138 : [565, 572, 576, 599] (63.0)
139 : [579, 586, 594] (52.0)
140 : [584, 608, 614] (51.0)
141 : [574, 577, 585, 596, 597, 613] (63.0)
142 : [569, 583, 619] (75.0)
143 : [595, 601, 626, 629] (61.0)
144 : [571, 592, 593, 602, 603, 610, 617, 624, 648] (67.0)
145 : [588, 589, 598, 605, 607, 623] (75.0)
146 : [600, 604, 606, 618, 637, 638] (71.0)
147 : [609, 621, 645] (52.0)
148 : [590, 591, 615, 616, 647] (71.0)
149 : [625, 627, 634, 643, 652] (70.0)
150 : [622, 630, 631, 635, 646] (74.0)
151 : [611, 641, 642, 649, 656] (72.0)
152 : [612, 632, 633, 640, 660] (72.0)
153 : [639, 653, 655, 659, 683] (71.0)
154 : [620, 674, 679] (63.0)
155 : [628, 644, 661, 666, 670, 698] (54.0)
156 : [636, 671, 673, 681, 689, 699] (67.0)
157 : [664, 665, 678, 682] (75.0)
158 : [654, 669, 676] (50.0)
159 : [651, 657, 663, 667, 680, 687] (75.0)
160 : [650, 675, 694, 696] (71.0)
161 : [658, 677, 690, 707, 734] (69.0)
162 : [662, 672, 686, 695, 703, 709, 741] (75.0)
163 : [684, 691, 706, 721, 726, 727, 743] (72.0)
164 : [668, 685, 688, 693, 705, 710, 722, 724, 732] (72.0)
165 : [697, 702, 711, 712, 735, 736, 737] (69.0)
166 : [701, 714, 719, 758] (71.0)
167 : [692, 738, 739, 744, 759] (73.0)
168 : [704, 718, 728, 749, 752] (68.0)
169 : [700, 716, 717, 723, 747, 748] (66.0)
170 : [715, 725, 729, 779] (68.0)
171 : [713, 730, 740, 746, 753, 772] (69.0)
172 : [720, 742, 773] (72.0)
173 : [708, 751, 755, 762, 765, 794] (63.0)
174 : [731, 750, 756, 767, 774] (64.0)
175 : [733, 745, 754] (53.0)
176 : [761, 763, 764, 771, 778, 804] (74.0)
177 : [760, 776, 782, 788, 810] (65.0)
178 : [769, 775] (74.0)
179 : [787, 801] (51.0)
180 : [766, 784, 790, 806] (73.0)
181 : [757, 786, 789, 796, 798] (73.0)
182 : [780, 783, 819, 832] (74.0)
183 : [768, 777, 781, 793, 795, 797, 805] (73.0)
184 : [808, 811, 823, 831, 833, 838] (60.0)
185 : [791, 792, 807, 809, 830, 836] (75.0)
186 : [770, 785, 799, 802, 813, 816, 847, 853] (74.0)
187 : [814, 815, 817, 829, 850] (75.0)
188 : [812, 820, 825, 839] (74.0)
189 : [803, 818, 840, 849] (75.0)
190 : [821, 828, 837, 844, 863, 880] (75.0)
191 : [800, 824, 826, 827, 834, 841, 857, 867] (72.0)
192 : [852, 856, 858, 862, 874] (64.0)
193 : [835, 842, 845, 860, 882] (75.0)
194 : [846, 854, 855, 859, 872, 873] (64.0)
195 : [822, 843, 865, 876] (75.0)
196 : [866, 868, 877, 888, 891] (75.0)
197 : [851, 861, 864, 875, 909] (75.0)
198 : [871, 878, 885, 892, 894] (72.0)
199 : [870, 879, 897, 906, 913] (75.0)
200 : [895, 896, 901, 907, 923] (75.0)
201 : [848, 889, 905] (75.0)
202 : [886, 899, 904, 908, 924, 928] (75.0)
203 : [881, 903, 912, 914] (63.0)
204 : [883, 884, 887, 893, 900, 911] (75.0)
205 : [869, 902, 910, 916, 922] (75.0)
206 : [890, 917, 925] (75.0)
207 : [898, 919, 933] (60.0)
208 : [929, 938, 958] (75.0)
209 : [920, 921, 930, 934] (74.0)
210 : [932, 935, 939, 946, 949] (74.0)
211 : [915, 926, 940, 964] (72.0)
212 : [918, 942, 945, 947, 980] (75.0)
213 : [941, 951, 954, 976, 985] (74.0)
214 : [927, 936, 960, 961, 969] (75.0)
215 : [952, 963, 971, 974, 987] (75.0)
216 : [931, 943, 948, 950, 957, 973, 983] (74.0)
217 : [953, 959, 962, 975, 996] (75.0)
218 : [937, 944, 988, 989] (75.0)
219 : [956, 966, 977, 984, 990, 992] (65.0)
220 : [968, 970, 986, 994, 999] (72.0)
221 : [955, 965, 979, 981, 997] (74.0)
222 : [967, 972, 978, 982, 991, 993, 995, 998] (63.0)
