Name: 100-40-75
Time: 8.146321773529053 
Result: 5
Solution:  0 7 5 0 7 1 4 0 2 8 0 2 0 1 1 6 0 7 4 2 5 0 11 0 0 5 5 3 5 6 3 0 3 2 4 9 2 3 2 2 6 5 1 7 10 4 6 7 2 6 3 13 1 10 14 5 11 17 9 13 11 5 13 17 12 14 14 8 9 14 8 12 17 11 14 7 12 16 15 18 16 11 13 16 12 13 8 16 18 11 15 11 17 18 17 18 18 12 15 17
0 : [0, 3, 7, 10, 12, 16, 21, 23, 24, 31] (63.0)
1 : [5, 13, 14, 42, 52] (60.0)
2 : [8, 11, 19, 33, 36, 38, 39, 48] (61.0)
3 : [27, 30, 32, 37, 50] (59.0)
4 : [6, 18, 34, 45] (58.0)
5 : [2, 20, 25, 26, 28, 41, 55, 61] (63.0)
6 : [15, 29, 40, 46, 49] (60.0)
7 : [1, 4, 17, 43, 47, 75] (63.0)
8 : [9, 67, 70, 86] (62.0)
9 : [35, 58, 68] (63.0)
10 : [44, 53] (61.0)
11 : [22, 56, 60, 73, 81, 89, 91] (62.0)
12 : [64, 71, 76, 84, 97] (59.0)
13 : [51, 59, 62, 82, 85] (61.0)
14 : [54, 65, 66, 69, 74] (60.0)
15 : [78, 90, 98] (60.0)
16 : [77, 80, 83, 87] (59.0)
17 : [57, 63, 72, 92, 94, 99] (58.0)
18 : [79, 88, 93, 95, 96] (58.0)
