Name: 1000-30-50
Time: 102.97659635543823 
Result: 21
Solution:  0 1 3 1 3 5 0 1 4 1 0 1 2 4 3 2 3 10 10 0 6 4 3 5 4 2 11 5 5 8 14 7 4 14 8 8 8 17 9 3 10 15 8 6 11 17 9 15 12 14 11 11 12 16 10 12 8 14 19 7 16 14 13 14 15 20 17 23 21 14 17 13 15 12 19 16 20 20 22 18 15 16 16 28 17 25 20 19 17 26 21 18 21 18 22 19 19 25 20 24 28 25 21 25 25 18 21 30 27 30 18 27 29 30 22 23 26 31 26 24 34 25 26 30 31 35 33 37 28 36 33 35 29 32 36 27 25 41 38 32 32 37 39 35 40 37 36 33 42 31 40 30 35 36 37 44 34 41 37 37 41 42 38 42 41 42 43 39 36 49 42 38 43 49 41 49 43 37 49 47 44 44 46 39 44 45 43 46 40 46 51 47 52 46 52 50 53 46 47 51 50 52 52 52 48 49 48 54 54 46 51 52 54 52 45 57 54 52 53 55 56 61 52 53 54 58 52 49 56 48 49 51 58 55 60 55 57 57 63 62 58 62 55 52 54 54 63 60 60 59 67 63 54 63 62 59 62 67 63 65 69 68 60 60 60 63 61 67 60 70 64 61 65 63 69 56 68 71 64 66 64 65 65 68 62 71 70 71 68 66 61 62 69 70 66 71 74 62 69 67 65 69 69 66 68 73 62 68 69 72 75 75 72 74 72 74 73 69 73 73 71 74 81 78 73 76 76 69 75 69 77 77 76 77 72 79 70 75 81 69 75 79 80 87 78 74 79 74 80 80 79 79 77 82 80 79 74 81 84 82 82 84 84 77 88 92 84 83 82 86 83 85 75 87 83 84 79 86 81 86 91 86 82 85 78 83 81 83 82 88 88 93 91 86 85 89 89 87 90 87 81 90 85 91 87 87 90 87 87 90 93 96 91 91 91 93 95 97 93 99 88 90 95 96 98 96 91 96 89 98 92 95 96 96 94 97 98 99 95 96 94 102 97 97 97 99 97 94 100 104 98 107 106 101 105 101 99 94 102 105 104 95 102 104 106 101 102 104 106 110 99 107 109 105 98 114 102 100 104 109 102 107 106 109 100 108 110 103 107 101 111 104 107 108 108 105 112 107 109 110 108 110 114 111 116 109 114 105 110 103 115 115 103 116 117 113 117 114 106 111 116 114 110 110 116 117 119 118 107 114 113 115 115 121 117 111 115 121 112 121 118 114 120 120 113 127 112 117 126 119 118 126 124 118 112 121 121 118 120 123 121 121 120 122 127 120 124 123 124 125 122 123 123 126 119 126 126 122 119 124 133 123 129 132 126 128 125 130 133 131 135 131 126 130 124 125 136 131 136 125 131 132 130 123 130 128 134 124 129 134 137 126 131 132 132 139 139 132 133 130 137 134 135 131 133 135 128 134 129 137 134 139 129 137 136 141 135 134 131 141 140 142 144 133 143 135 136 139 136 139 141 136 143 140 138 138 142 141 137 138 146 145 144 136 148 140 144 146 143 135 142 143 150 144 152 146 152 153 149 149 143 144 145 138 149 154 146 147 153 143 152 147 149 150 144 156 147 141 153 147 150 147 155 144 145 150 156 151 148 145 153 148 149 155 151 149 153 151 152 151 145 152 155 157 153 148 158 153 158 157 149 158 160 155 157 156 156 162 152 154 158 158 155 163 158 159 157 158 157 159 164 164 159 163 162 161 162 160 156 159 164 155 167 157 170 160 161 170 168 165 169 158 165 169 162 171 167 162 166 165 169 160 163 169 161 164 159 166 176 159 163 167 172 167 169 170 173 173 165 169 171 172 176 168 168 167 168 168 171 174 177 180 181 171 172 176 177 174 178 166 173 172 182 179 181 175 176 175 174 172 176 173 181 176 178 174 182 168 179 177 177 174 176 180 175 175 182 180 185 178 179 184 174 171 184 181 185 178 187 177 182 180 180 182 180 183 181 186 185 184 190 186 183 180 183 181 186 183 185 183 187 186 185 186 187 190 182 185 183 185 191 195 187 189 193 184 189 188 187 188 197 196 188 190 198 185 189 194 186 189 189 189 190 193 195 192 198 186 193 188 188 197 200 193 192 201 197 197 189 196 195 202 197 193 194 203 195 198 198 192 204 197 195 207 191 199 200 204 200 202 202 196 205 197 199 200 206 198 198 202 205 209 193 206 194 203 206 203 206 205 204 203 204 206 201 207 207 208 205 201 209 202 205 204 208 206 203 204 208 207 208 208 200 208 205 209 206 207 207 209
0 : [0, 6, 10, 19] (35.0)
1 : [1, 3, 7, 9, 11] (31.0)
2 : [12, 15, 25] (37.0)
3 : [2, 4, 14, 16, 22, 39] (34.0)
4 : [8, 13, 21, 24, 32] (38.0)
5 : [5, 23, 27, 28] (30.0)
6 : [20, 43] (38.0)
7 : [31, 59] (30.0)
8 : [29, 34, 35, 36, 42, 56] (32.0)
9 : [38, 46] (38.0)
10 : [17, 18, 40, 54] (30.0)
11 : [26, 44, 50, 51] (31.0)
12 : [48, 52, 55, 73] (33.0)
13 : [62, 71] (30.0)
14 : [30, 33, 49, 57, 61, 63, 69] (29.0)
15 : [41, 47, 64, 72, 80] (29.0)
16 : [53, 60, 75, 81, 82] (30.0)
17 : [37, 45, 66, 70, 84, 88] (30.0)
18 : [79, 91, 93, 105, 110] (30.0)
19 : [58, 74, 87, 95, 96] (30.0)
20 : [65, 76, 77, 86, 98] (30.0)
21 : [68, 90, 92, 102, 106] (30.0)
22 : [78, 94, 114] (33.0)
23 : [67, 115] (31.0)
24 : [99, 119] (29.0)
25 : [85, 97, 101, 103, 104, 121, 136] (30.0)
26 : [89, 116, 118, 122] (31.0)
27 : [108, 111, 135] (32.0)
28 : [83, 100, 128] (39.0)
29 : [112, 132] (30.0)
30 : [107, 109, 113, 123, 151] (30.0)
31 : [117, 124, 149] (32.0)
32 : [133, 139, 140] (33.0)
33 : [126, 130, 147] (32.0)
34 : [120, 156] (30.0)
35 : [125, 131, 143, 152] (35.0)
36 : [129, 134, 146, 153, 168] (40.0)
37 : [127, 141, 145, 154, 158, 159, 177] (31.0)
38 : [138, 162, 171] (37.0)
39 : [142, 167, 183] (34.0)
40 : [144, 150, 188] (33.0)
41 : [137, 157, 160, 164, 174] (47.0)
42 : [148, 161, 163, 165, 170] (31.0)
43 : [166, 172, 176, 186] (35.0)
44 : [155, 180, 181, 184] (35.0)
45 : [185, 214] (31.0)
46 : [182, 187, 189, 193, 197, 209] (32.0)
47 : [179, 191, 198] (34.0)
48 : [204, 206, 229] (31.0)
49 : [169, 173, 175, 178, 205, 227, 230] (31.0)
50 : [195, 200] (35.0)
51 : [190, 199, 210, 231] (33.0)
52 : [192, 194, 201, 202, 203, 211, 213, 217, 222, 226, 243] (34.0)
53 : [196, 218, 223] (31.0)
54 : [207, 208, 212, 216, 224, 244, 245, 252] (30.0)
55 : [219, 233, 235, 242] (33.0)
56 : [220, 228, 275] (32.0)
57 : [215, 236, 237] (34.0)
58 : [225, 232, 240] (36.0)
59 : [249, 255] (40.0)
60 : [234, 247, 248, 262, 263, 264, 268] (33.0)
61 : [221, 266, 271, 290] (33.0)
62 : [239, 241, 254, 256, 284, 291, 297, 306] (30.0)
63 : [238, 246, 251, 253, 258, 265, 273] (39.0)
64 : [270, 278, 280] (36.0)
65 : [259, 272, 281, 282, 300] (42.0)
66 : [279, 289, 294, 303] (31.0)
67 : [250, 257, 267, 299] (34.0)
68 : [261, 276, 283, 288, 304, 307] (35.0)
69 : [260, 274, 292, 298, 301, 302, 308, 317, 327, 329, 339] (37.0)
70 : [269, 286, 293, 336] (33.0)
71 : [277, 285, 287, 295, 320] (40.0)
72 : [309, 312, 314, 334] (50.0)
73 : [305, 316, 318, 319, 324] (45.0)
74 : [296, 313, 315, 321, 345, 347, 356] (42.0)
75 : [310, 311, 328, 337, 340, 372] (41.0)
76 : [325, 326, 332] (36.0)
77 : [330, 331, 333, 352, 363] (38.0)
78 : [323, 344, 384] (34.0)
79 : [335, 341, 346, 350, 351, 355, 376] (41.0)
80 : [342, 348, 349, 354] (45.0)
81 : [322, 338, 357, 378, 386, 400] (37.0)
82 : [353, 359, 360, 368, 382, 388] (43.0)
83 : [367, 370, 374, 385, 387] (48.0)
84 : [358, 361, 362, 366, 375] (37.0)
85 : [371, 383, 394, 402] (34.0)
86 : [369, 377, 379, 381, 393] (42.0)
87 : [343, 373, 397, 399, 404, 405, 407, 408] (39.0)
88 : [364, 389, 390, 420] (32.0)
89 : [395, 396, 428] (34.0)
90 : [398, 401, 406, 409, 421] (40.0)
91 : [380, 392, 403, 412, 413, 414, 426] (44.0)
92 : [365, 430] (50.0)
93 : [391, 410, 415, 418] (41.0)
94 : [434, 440, 447, 457] (34.0)
95 : [416, 422, 431, 438, 461] (37.0)
96 : [411, 423, 425, 427, 432, 433, 439] (43.0)
97 : [417, 435, 442, 443, 444, 446] (50.0)
98 : [424, 429, 436, 450, 474] (50.0)
99 : [419, 437, 445, 456, 470] (48.0)
100 : [448, 477, 484] (40.0)
101 : [453, 455, 465, 489] (45.0)
102 : [441, 458, 462, 466, 476, 480] (38.0)
103 : [487, 509, 512] (36.0)
104 : [449, 460, 463, 467, 478, 491] (45.0)
105 : [454, 459, 473, 495, 507] (39.0)
106 : [452, 464, 468, 482, 518] (38.0)
107 : [451, 471, 481, 488, 492, 497, 528] (35.0)
108 : [485, 493, 494, 500] (32.0)
109 : [472, 479, 483, 498, 505] (35.0)
110 : [469, 486, 499, 501, 508, 522, 523] (47.0)
111 : [490, 503, 519, 535] (40.0)
112 : [496, 538, 546, 554] (34.0)
113 : [515, 530, 544] (47.0)
114 : [475, 502, 506, 517, 521, 529, 541] (45.0)
115 : [510, 511, 531, 532, 536] (32.0)
116 : [504, 513, 520, 524] (42.0)
117 : [514, 516, 525, 534, 547] (42.0)
118 : [527, 540, 550, 553, 557] (43.0)
119 : [526, 549, 574, 578] (31.0)
120 : [542, 543, 558, 562, 565] (43.0)
121 : [533, 537, 539, 555, 556, 560, 561] (50.0)
122 : [563, 570, 577] (47.0)
123 : [559, 567, 571, 572, 581, 603] (50.0)
124 : [552, 566, 568, 579, 594, 607] (50.0)
125 : [569, 586, 595, 599] (50.0)
126 : [548, 551, 573, 575, 576, 584, 592, 611] (46.0)
127 : [545, 564] (30.0)
128 : [585, 605, 626] (49.0)
129 : [582, 608, 628, 632] (35.0)
130 : [587, 593, 602, 604, 619] (49.0)
131 : [589, 591, 597, 600, 612, 623, 638] (45.0)
132 : [583, 601, 613, 614, 617] (47.0)
133 : [580, 588, 618, 624, 643] (43.0)
134 : [606, 609, 621, 627, 630, 637] (42.0)
135 : [590, 622, 625, 636, 645, 669] (49.0)
136 : [596, 598, 634, 646, 648, 651, 663] (50.0)
137 : [610, 620, 629, 633, 658] (38.0)
138 : [654, 655, 659, 683] (44.0)
139 : [615, 616, 631, 647, 649] (36.0)
140 : [640, 653, 665] (33.0)
141 : [635, 639, 650, 657, 697] (35.0)
142 : [641, 656, 670] (39.0)
143 : [644, 652, 668, 671, 680, 689] (48.0)
144 : [642, 662, 666, 673, 681, 694, 703] (40.0)
145 : [661, 682, 704, 709, 720] (42.0)
146 : [660, 667, 675, 686] (50.0)
147 : [687, 691, 696, 699, 701] (45.0)
148 : [664, 708, 711, 725] (44.0)
149 : [678, 679, 684, 692, 712, 715, 730] (50.0)
150 : [672, 693, 700, 705] (49.0)
151 : [707, 714, 717, 719] (50.0)
152 : [674, 676, 690, 718, 721, 738] (50.0)
153 : [677, 688, 698, 710, 716, 724, 727] (49.0)
154 : [685, 739] (40.0)
155 : [702, 713, 722, 733, 742, 761] (44.0)
156 : [695, 706, 735, 736, 758] (50.0)
157 : [723, 729, 734, 746, 748, 763] (49.0)
158 : [726, 728, 731, 740, 741, 744, 747, 771] (49.0)
159 : [745, 749, 752, 759, 786, 789] (49.0)
160 : [732, 757, 765, 781] (37.0)
161 : [755, 766, 784] (46.0)
162 : [737, 754, 756, 774, 777] (41.0)
163 : [743, 753, 782, 790] (43.0)
164 : [750, 751, 760, 785] (49.0)
165 : [769, 772, 779, 798] (49.0)
166 : [778, 787, 819] (48.0)
167 : [762, 776, 791, 793, 805] (46.0)
168 : [768, 803, 804, 806, 807, 837] (43.0)
169 : [770, 773, 780, 783, 794, 799] (48.0)
170 : [764, 767, 795] (34.0)
171 : [775, 800, 808, 813, 853] (49.0)
172 : [792, 801, 814, 821, 829] (44.0)
173 : [796, 797, 820, 831] (47.0)
174 : [809, 817, 828, 835, 841, 852] (44.0)
175 : [825, 827, 844, 845] (50.0)
176 : [788, 802, 815, 826, 830, 833, 842] (47.0)
177 : [810, 816, 839, 840, 859] (50.0)
178 : [818, 834, 849, 857] (50.0)
179 : [823, 838, 850] (50.0)
180 : [811, 843, 847, 861, 862, 864, 873] (50.0)
181 : [812, 824, 832, 855, 866, 875] (50.0)
182 : [822, 836, 846, 860, 863, 886] (46.0)
183 : [865, 872, 874, 877, 879, 888] (50.0)
184 : [851, 854, 869, 895] (49.0)
185 : [848, 856, 868, 878, 882, 887, 889, 905] (49.0)
186 : [867, 871, 876, 881, 883, 908, 917] (48.0)
187 : [858, 880, 884, 892, 898] (50.0)
188 : [897, 899, 902, 919, 920] (50.0)
189 : [893, 896, 906, 909, 910, 911, 928] (50.0)
190 : [870, 885, 903, 912] (49.0)
191 : [890, 944] (50.0)
192 : [915, 924, 939] (49.0)
193 : [894, 913, 918, 923, 933, 962] (48.0)
194 : [907, 934, 964] (50.0)
195 : [891, 914, 930, 936, 942] (50.0)
196 : [901, 929, 951] (50.0)
197 : [900, 921, 926, 927, 932, 941, 953] (50.0)
198 : [904, 916, 937, 938, 957, 958] (48.0)
199 : [945, 954] (48.0)
200 : [922, 946, 948, 955, 992] (50.0)
201 : [925, 974, 979] (50.0)
202 : [931, 949, 950, 959, 981] (49.0)
203 : [935, 965, 967, 971, 986] (50.0)
204 : [940, 947, 970, 972, 983, 987] (50.0)
205 : [952, 960, 969, 978, 982, 994] (50.0)
206 : [956, 963, 966, 968, 973, 985, 996] (49.0)
207 : [943, 975, 976, 989, 997, 998] (46.0)
208 : [977, 984, 988, 990, 991, 993] (49.0)
209 : [961, 980, 995, 999] (47.0)
