Name: 100-20-30
Time: 7.936708688735962 
Result: 7
Solution:  0 1 0 0 1 1 1 2 0 2 1 4 3 6 1 3 4 2 6 4 5 7 10 11 2 6 12 8 5 2 3 3 8 14 8 5 10 1 7 7 19 10 8 6 8 7 11 18 12 19 5 14 9 9 11 19 17 12 11 15 17 21 13 15 8 11 9 14 18 16 22 19 16 15 21 21 15 24 19 14 19 21 19 13 22 19 21 16 23 17 24 20 20 22 21 24 23 19 24 24
0 : [0, 2, 3, 8] (28.0)
1 : [1, 4, 5, 6, 10, 14, 37] (22.0)
2 : [7, 9, 17, 24, 29] (26.0)
3 : [12, 15, 30, 31] (24.0)
4 : [11, 16, 19] (23.0)
5 : [20, 28, 35, 50] (21.0)
6 : [13, 18, 25, 43] (24.0)
7 : [21, 38, 39, 45] (26.0)
8 : [27, 32, 34, 42, 44, 64] (28.0)
9 : [52, 53, 66] (27.0)
10 : [22, 36, 41] (26.0)
11 : [23, 46, 54, 58, 65] (25.0)
12 : [26, 48, 57] (21.0)
13 : [62, 83] (26.0)
14 : [33, 51, 67, 79] (24.0)
15 : [59, 63, 73, 76] (22.0)
16 : [69, 72, 87] (26.0)
17 : [56, 60, 89] (25.0)
18 : [47, 68] (26.0)
19 : [40, 49, 55, 71, 78, 80, 82, 85, 97] (28.0)
20 : [91, 92] (24.0)
21 : [61, 74, 75, 81, 86, 94] (21.0)
22 : [70, 84, 93] (25.0)
23 : [88, 96] (27.0)
24 : [77, 90, 95, 98, 99] (26.0)
