Name: 100-60-125
Time: 8.302730798721313 
Result: 13
Solution:  2 0 3 3 0 5 1 1 6 2 0 0 6 1 7 7 5 4 4 0 2 3 1 4 3 8 7 0 4 4 3 6 7 6 8 9 7 7 1 4 11 3 8 9 6 11 10 7 9 19 14 9 5 10 10 5 12 11 3 4 12 7 13 12 15 13 19 10 6 12 16 16 7 9 13 15 17 17 16 10 15 9 19 15 14 10 18 12 18 16 18 20 20 20 14 17 18 20 19 19
0 : [1, 4, 10, 11, 19, 27] (92.0)
1 : [6, 7, 13, 22, 38] (90.0)
2 : [0, 9, 20] (96.0)
3 : [2, 3, 21, 24, 30, 41, 58] (91.0)
4 : [17, 18, 23, 28, 29, 39, 59] (91.0)
5 : [5, 16, 52, 55] (90.0)
6 : [8, 12, 31, 33, 44, 68] (91.0)
7 : [14, 15, 26, 32, 36, 37, 47, 61, 72] (97.0)
8 : [25, 34, 42] (103.0)
9 : [35, 43, 48, 51, 73, 81] (96.0)
10 : [46, 53, 54, 67, 79, 85] (101.0)
11 : [40, 45, 57] (95.0)
12 : [56, 60, 63, 69, 87] (91.0)
13 : [62, 65, 74] (103.0)
14 : [50, 84, 94] (98.0)
15 : [64, 75, 80, 83] (103.0)
16 : [70, 71, 78, 89] (103.0)
17 : [76, 77, 95] (102.0)
18 : [86, 88, 90, 96] (93.0)
19 : [49, 66, 82, 98, 99] (100.0)
20 : [91, 92, 93, 97] (90.0)
