Name: 250-20-30
Time: 22.67478847503662 
Result: 10
Solution:  5 1 1 2 1 0 5 2 0 1 4 1 6 1 1 3 0 6 4 7 5 4 14 9 3 6 1 5 6 8 4 5 7 8 11 2 7 14 17 11 16 13 4 14 9 14 13 8 13 15 13 10 11 13 13 15 15 14 9 10 12 17 12 19 17 17 18 16 13 19 16 15 17 22 12 20 20 17 13 23 19 18 22 18 21 17 19 22 14 15 18 26 23 25 22 24 21 24 18 23 25 18 23 26 24 18 25 27 31 24 26 18 28 29 30 22 23 32 31 34 29 33 27 35 32 28 27 34 29 31 28 30 33 34 35 36 29 38 40 30 36 33 27 35 37 30 42 35 37 40 36 39 38 42 36 39 40 40 42 38 34 40 37 36 41 40 44 38 41 44 42 33 44 39 45 45 43 44 40 44 48 43 46 41 46 46 42 42 45 44 54 42 43 47 52 49 57 51 54 48 45 52 46 47 51 57 50 51 48 50 47 53 59 49 55 53 58 52 57 51 50 53 56 56 55 49 52 59 55 52 59 54 51 54 56 54 55 56 53 56 50 58 57 59 57 59 57 55 58 58
0 : [5, 8, 16] (21.0)
1 : [1, 2, 4, 9, 11, 13, 14, 26] (20.0)
2 : [3, 7, 35] (22.0)
3 : [15, 24] (20.0)
4 : [10, 18, 21, 30, 42] (22.0)
5 : [0, 6, 20, 27, 31] (20.0)
6 : [12, 17, 25, 28] (22.0)
7 : [19, 32, 36] (21.0)
8 : [29, 33, 47] (23.0)
9 : [23, 44, 58] (25.0)
10 : [51, 59] (24.0)
11 : [34, 39, 52] (27.0)
12 : [60, 62, 74] (20.0)
13 : [41, 46, 48, 50, 53, 54, 68, 78] (20.0)
14 : [22, 37, 43, 45, 57, 88] (21.0)
15 : [49, 55, 56, 71, 89] (21.0)
16 : [40, 67, 70] (22.0)
17 : [38, 61, 64, 65, 72, 77, 85] (20.0)
18 : [66, 81, 83, 90, 98, 101, 105, 111] (20.0)
19 : [63, 69, 80, 86] (22.0)
20 : [75, 76] (28.0)
21 : [84, 96] (25.0)
22 : [73, 82, 87, 94, 115] (21.0)
23 : [79, 92, 99, 102, 116] (24.0)
24 : [95, 97, 104, 109] (21.0)
25 : [93, 100, 106] (27.0)
26 : [91, 103, 110] (28.0)
27 : [107, 122, 126, 142] (20.0)
28 : [112, 125, 130] (20.0)
29 : [113, 120, 128, 136] (24.0)
30 : [114, 131, 139, 145] (24.0)
31 : [108, 118, 129] (29.0)
32 : [117, 124] (25.0)
33 : [121, 132, 141, 171] (30.0)
34 : [119, 127, 133, 160] (25.0)
35 : [123, 134, 143, 147] (26.0)
36 : [135, 140, 150, 154, 163] (26.0)
37 : [144, 148, 162] (30.0)
38 : [137, 152, 159, 167] (29.0)
39 : [151, 155, 173] (29.0)
40 : [138, 149, 156, 157, 161, 165, 178] (30.0)
41 : [164, 168, 183] (22.0)
42 : [146, 153, 158, 170, 186, 187, 191] (26.0)
43 : [176, 181, 192] (26.0)
44 : [166, 169, 172, 177, 179, 189] (23.0)
45 : [174, 175, 188, 200] (29.0)
46 : [182, 184, 185, 202] (28.0)
47 : [193, 203, 210] (23.0)
48 : [180, 199, 208] (29.0)
49 : [195, 213, 225] (24.0)
50 : [206, 209, 220, 240] (29.0)
51 : [197, 204, 207, 219, 232] (28.0)
52 : [194, 201, 217, 226, 229] (28.0)
53 : [211, 215, 221, 238] (28.0)
54 : [190, 198, 231, 233, 235] (29.0)
55 : [214, 224, 228, 236, 247] (27.0)
56 : [222, 223, 234, 237, 239] (30.0)
57 : [196, 205, 218, 242, 244, 246] (30.0)
58 : [216, 241, 248, 249] (24.0)
59 : [212, 227, 230, 243, 245] (29.0)
