Name: 250-40-75
Time: 23.79813289642334 
Result: 32
Solution:  0 5 0 1 6 2 1 5 3 0 10 4 8 3 3 5 1 10 1 5 7 1 10 0 8 5 3 3 7 9 1 2 9 15 1 7 11 6 6 14 9 10 3 3 18 9 10 4 14 12 11 18 6 9 18 7 15 19 15 13 16 6 16 19 13 14 16 15 17 25 20 16 11 15 19 25 17 21 20 18 18 19 22 25 23 15 23 12 21 23 25 28 21 18 27 22 28 22 21 20 25 24 19 25 20 28 33 35 27 26 25 27 28 24 27 29 26 30 36 34 23 33 29 31 23 37 24 27 34 34 31 31 28 32 34 32 32 29 29 37 39 35 29 36 33 28 33 38 35 39 36 36 30 37 30 46 39 40 40 43 42 32 37 38 39 37 41 44 45 40 42 42 41 41 41 40 48 38 36 46 41 42 46 44 50 46 49 49 45 49 40 48 51 53 47 43 54 43 48 51 46 52 47 47 42 50 51 49 44 53 50 54 52 50 47 55 59 52 56 46 54 54 56 58 57 52 55 56 53 54 50 56 51 55 59 55 56 57 59 58 55 58 56 57 56 59 58 53 53 57
0 : [0, 2, 9, 23] (43.0)
1 : [3, 6, 16, 18, 21, 30, 34] (44.0)
2 : [5, 31] (46.0)
3 : [8, 13, 14, 26, 27, 42, 43] (46.0)
4 : [11, 47] (51.0)
5 : [1, 7, 15, 19, 25] (48.0)
6 : [4, 37, 38, 52, 61] (51.0)
7 : [20, 28, 35, 55] (51.0)
8 : [12, 24] (50.0)
9 : [29, 32, 40, 45, 53] (49.0)
10 : [10, 17, 22, 41, 46] (46.0)
11 : [36, 50, 72] (53.0)
12 : [49, 87] (44.0)
13 : [59, 64] (58.0)
14 : [39, 48, 65] (48.0)
15 : [33, 56, 58, 67, 73, 85] (45.0)
16 : [60, 62, 66, 71] (55.0)
17 : [68, 76] (51.0)
18 : [44, 51, 54, 79, 80, 93] (54.0)
19 : [57, 63, 74, 81, 102] (43.0)
20 : [70, 78, 99, 104] (67.0)
21 : [77, 88, 92, 98] (43.0)
22 : [82, 95, 97] (45.0)
23 : [84, 86, 89, 120, 124] (45.0)
24 : [101, 113, 126] (53.0)
25 : [69, 75, 83, 90, 100, 103, 110] (75.0)
26 : [109, 116] (63.0)
27 : [94, 108, 111, 114, 127] (55.0)
28 : [91, 96, 105, 112, 132, 145] (59.0)
29 : [115, 122, 137, 138, 142] (57.0)
30 : [117, 152, 154] (52.0)
31 : [123, 130, 131] (58.0)
32 : [133, 135, 136, 161] (55.0)
33 : [106, 121, 144, 146] (51.0)
34 : [119, 128, 129, 134] (61.0)
35 : [107, 141, 148] (56.0)
36 : [118, 143, 150, 151, 178] (56.0)
37 : [125, 139, 153, 162, 165] (64.0)
38 : [147, 163, 177] (65.0)
39 : [140, 149, 156, 164] (62.0)
40 : [157, 158, 169, 175, 190] (60.0)
41 : [166, 172, 173, 174, 180] (65.0)
42 : [160, 170, 171, 181, 204] (75.0)
43 : [159, 195, 197] (75.0)
44 : [167, 183, 208] (73.0)
45 : [168, 188] (68.0)
46 : [155, 179, 182, 185, 200, 219] (71.0)
47 : [194, 202, 203, 214] (75.0)
48 : [176, 191, 198] (62.0)
49 : [186, 187, 189, 207] (67.0)
50 : [184, 205, 210, 213, 230] (75.0)
51 : [192, 199, 206, 232] (74.0)
52 : [201, 212, 217, 225] (61.0)
53 : [193, 209, 228, 247, 248] (55.0)
54 : [196, 211, 220, 221, 229] (71.0)
55 : [215, 226, 233, 235, 240] (75.0)
56 : [218, 222, 227, 231, 236, 242, 244] (70.0)
57 : [224, 237, 243, 249] (55.0)
58 : [223, 239, 241, 246] (75.0)
59 : [216, 234, 238, 245] (75.0)
