Name: 250-50-100
Time: 22.949167490005493 
Result: 45
Solution:  4 0 0 1 0 3 1 0 1 1 2 2 1 1 7 3 0 5 1 4 5 6 2 2 1 5 6 4 1 10 7 3 4 0 5 10 6 7 1 4 9 9 14 6 8 6 9 12 1 13 14 12 9 16 5 14 10 8 6 11 6 16 8 14 11 12 15 12 14 17 13 8 10 12 7 11 15 23 10 11 15 22 12 25 13 16 17 12 20 23 16 19 17 17 17 26 19 21 21 14 16 23 20 18 20 20 17 23 23 21 23 26 20 18 20 22 23 23 25 18 28 24 22 27 19 26 30 27 21 31 24 25 29 28 29 25 30 26 29 24 19 22 29 21 25 22 26 27 26 28 24 28 29 30 32 29 25 31 27 30 30 36 33 33 30 38 31 36 30 35 36 42 27 29 28 33 37 31 27 27 34 33 42 27 30 34 37 46 45 40 37 43 34 44 44 47 40 44 35 39 36 39 39 35 37 41 41 41 39 32 48 39 40 37 35 42 45 41 37 44 45 44 38 48 44 46 41 40 39 41 47 43 43 41 38 43 49 38 47 42 47 47 46 48 46 48 48 44 49 45
0 : [1, 2, 4, 7, 16, 33] (54.0)
1 : [3, 6, 8, 9, 12, 13, 18, 24, 28, 38, 48] (54.0)
2 : [10, 11, 22, 23] (54.0)
3 : [5, 15, 31] (56.0)
4 : [0, 19, 27, 32, 39] (54.0)
5 : [17, 20, 25, 34, 54] (70.0)
6 : [21, 26, 36, 43, 45, 58, 60] (58.0)
7 : [14, 30, 37, 74] (55.0)
8 : [44, 57, 62, 71] (61.0)
9 : [40, 41, 46, 52] (54.0)
10 : [29, 35, 56, 72, 78] (72.0)
11 : [59, 64, 75, 79] (80.0)
12 : [47, 51, 65, 67, 73, 82, 87] (65.0)
13 : [49, 70, 84] (62.0)
14 : [42, 50, 55, 63, 68, 99] (78.0)
15 : [66, 76, 80] (59.0)
16 : [53, 61, 85, 90, 100] (73.0)
17 : [69, 86, 92, 93, 94, 106] (60.0)
18 : [103, 113, 119] (67.0)
19 : [91, 96, 124, 140] (57.0)
20 : [88, 102, 104, 105, 112, 114] (85.0)
21 : [97, 98, 109, 128, 143] (70.0)
22 : [81, 115, 122, 141, 145] (77.0)
23 : [77, 89, 101, 107, 108, 110, 116, 117] (60.0)
24 : [121, 130, 139, 150] (96.0)
25 : [83, 118, 131, 135, 144, 156] (61.0)
26 : [95, 111, 125, 137, 146, 148] (71.0)
27 : [123, 127, 147, 158, 172, 178, 179, 183] (88.0)
28 : [120, 133, 149, 151, 174] (71.0)
29 : [132, 134, 138, 142, 152, 155, 173] (76.0)
30 : [126, 136, 153, 159, 160, 164, 168, 184] (96.0)
31 : [129, 157, 166, 177] (64.0)
32 : [154, 209] (57.0)
33 : [162, 163, 175, 181] (64.0)
34 : [180, 185, 192] (56.0)
35 : [169, 198, 203, 214] (81.0)
36 : [161, 167, 170, 200] (90.0)
37 : [176, 186, 190, 204, 213, 218] (91.0)
38 : [165, 222, 234, 237] (97.0)
39 : [199, 201, 202, 208, 211, 228] (99.0)
40 : [189, 196, 212, 227] (86.0)
41 : [205, 206, 207, 217, 226, 229, 233] (99.0)
42 : [171, 182, 215, 239] (92.0)
43 : [191, 231, 232, 235] (98.0)
44 : [193, 194, 197, 219, 221, 224, 247] (85.0)
45 : [188, 216, 220, 249] (97.0)
46 : [187, 225, 242, 244] (87.0)
47 : [195, 230, 238, 240, 241] (83.0)
48 : [210, 223, 243, 245, 246] (96.0)
49 : [236, 248] (61.0)
