Name: 250-30-50
Time: 22.258265733718872 
Result: 14
Solution:  7 2 2 1 0 5 2 3 3 3 0 9 2 1 2 6 3 3 4 0 1 2 5 7 4 5 11 4 3 7 0 6 11 2 4 9 1 10 2 6 8 3 8 5 7 2 11 6 6 1 6 10 7 9 9 17 5 10 7 7 14 14 12 8 12 8 12 10 8 10 13 7 10 11 18 13 17 14 18 14 19 14 13 17 15 18 17 15 19 22 14 19 20 21 20 28 16 20 19 11 19 13 24 21 14 15 18 20 17 27 24 26 21 20 26 29 26 26 27 16 23 22 20 22 26 21 22 17 24 32 23 24 25 22 24 27 29 28 26 21 27 29 26 24 30 25 35 30 28 29 25 32 35 29 23 34 25 29 25 31 26 29 27 31 29 32 34 31 32 35 29 30 35 41 40 32 27 34 35 33 31 35 39 34 36 36 36 31 40 40 38 35 31 32 36 36 38 34 36 38 35 41 43 39 39 31 39 37 37 41 41 43 45 39 41 44 33 32 39 44 39 39 38 46 34 42 43 42 42 39 39 43 44 39 43 46 44 45 44 46 45 46 46 43 40 45 46 46 41 46
0 : [4, 10, 19, 30] (35.0)
1 : [3, 13, 20, 36, 49] (32.0)
2 : [1, 2, 6, 12, 14, 21, 33, 38, 45] (32.0)
3 : [7, 8, 9, 16, 17, 28, 41] (33.0)
4 : [18, 24, 27, 34] (34.0)
5 : [5, 22, 25, 43, 56] (40.0)
6 : [15, 31, 39, 47, 48, 50] (32.0)
7 : [0, 23, 29, 44, 52, 58, 59, 71] (33.0)
8 : [40, 42, 63, 65, 68] (32.0)
9 : [11, 35, 53, 54] (37.0)
10 : [37, 51, 57, 67, 69, 72] (40.0)
11 : [26, 32, 46, 73, 99] (36.0)
12 : [62, 64, 66] (35.0)
13 : [70, 75, 82, 101] (34.0)
14 : [60, 61, 77, 79, 81, 90, 104] (39.0)
15 : [84, 87, 105] (35.0)
16 : [96, 119] (34.0)
17 : [55, 76, 83, 86, 108, 127] (37.0)
18 : [74, 78, 85, 106] (37.0)
19 : [80, 88, 91, 98, 100] (46.0)
20 : [92, 94, 97, 107, 113, 122] (46.0)
21 : [93, 103, 112, 125, 139] (42.0)
22 : [89, 121, 123, 126, 133] (40.0)
23 : [120, 130, 154] (36.0)
24 : [102, 110, 128, 131, 134, 143] (39.0)
25 : [132, 145, 150, 156, 158] (45.0)
26 : [111, 114, 116, 117, 124, 138, 142, 160] (43.0)
27 : [109, 118, 135, 140, 162, 176] (36.0)
28 : [95, 137, 148] (38.0)
29 : [115, 136, 141, 149, 153, 157, 161, 164, 170] (41.0)
30 : [144, 147, 171] (36.0)
31 : [159, 163, 167, 180, 187, 192, 205] (38.0)
32 : [129, 151, 165, 168, 175, 193, 217] (44.0)
33 : [179, 216] (35.0)
34 : [155, 166, 177, 183, 197, 224] (38.0)
35 : [146, 152, 169, 172, 178, 181, 191, 200] (40.0)
36 : [184, 185, 186, 194, 195, 198] (42.0)
37 : [207, 208] (43.0)
38 : [190, 196, 199, 222] (46.0)
39 : [182, 203, 204, 206, 213, 218, 220, 221, 229, 230, 233] (43.0)
40 : [174, 188, 189, 244] (32.0)
41 : [173, 201, 209, 210, 214, 248] (44.0)
42 : [225, 227, 228] (44.0)
43 : [202, 211, 226, 231, 234, 243] (42.0)
44 : [215, 219, 232, 236, 238] (45.0)
45 : [212, 237, 240, 245] (45.0)
46 : [223, 235, 239, 241, 242, 246, 247, 249] (41.0)
