Name: 500-30-50
Time: 47.35275936126709 
Result: 23
Solution:  4 0 1 3 2 2 0 10 1 6 9 6 7 2 2 4 1 1 3 4 7 5 9 12 10 8 6 0 6 9 2 4 5 5 15 8 12 13 1 9 10 5 10 17 10 11 14 15 9 16 8 6 9 9 11 11 14 16 13 14 19 7 20 6 13 15 16 24 19 16 14 21 16 18 18 17 19 21 17 23 18 20 22 16 14 22 21 26 22 25 22 16 23 23 25 22 31 23 20 21 29 25 24 26 29 24 20 28 29 30 18 24 27 29 26 34 31 32 33 23 26 28 30 32 35 37 31 30 33 36 35 38 26 32 34 27 37 29 39 33 37 35 35 28 33 37 33 38 35 34 39 43 33 40 35 37 34 32 42 36 42 37 37 40 47 37 48 41 48 34 42 37 45 46 46 43 44 46 41 45 41 44 42 44 46 41 46 50 42 49 49 53 52 45 49 43 48 49 48 52 51 44 50 50 54 56 54 60 56 43 54 46 53 49 59 47 55 52 51 54 63 58 50 60 51 54 50 48 62 56 57 66 58 52 56 49 57 59 58 60 59 62 66 61 58 65 61 55 62 55 63 64 59 58 63 61 66 64 64 55 70 72 62 69 67 64 65 71 67 67 63 68 71 68 67 66 67 69 62 67 73 63 74 70 69 73 74 66 74 78 70 76 68 70 76 72 78 75 68 75 72 80 81 75 73 81 70 76 75 74 79 81 84 79 77 77 77 77 75 79 80 81 83 75 74 86 77 77 71 78 82 76 87 86 80 82 74 79 88 77 85 81 84 82 77 85 82 83 82 80 83 84 84 89 88 87 86 84 82 90 88 82 86 90 86 95 89 87 87 84 88 84 87 82 86 85 93 90 87 93 89 92 95 88 83 96 86 95 91 97 94 91 92 95 92 93 88 89 93 94 98 93 100 96 92 97 92 96 101 94 97 91 97 94 99 101 93 99 94 100 95 95 89 96 92 103 95 96 97 106 106 100 101 106 99 103 101 100 104 105 98 101 108 104 100 100 99 97 99 107 102 105 105 105 108 110 104 105 103 107 103 100 108 108 102 105 103 113 104 102 104 106 111 101 107 112 113 100 107 109 112 110 110 110 102 109 113 108 110 109 111 113 110 104 109 111 111 109 110 111
0 : [1, 6, 27] (34.0)
1 : [2, 8, 16, 17, 38] (30.0)
2 : [4, 5, 13, 14, 30] (29.0)
3 : [3, 18] (30.0)
4 : [0, 15, 19, 31] (30.0)
5 : [21, 32, 33, 41] (30.0)
6 : [9, 11, 26, 28, 51, 63] (30.0)
7 : [12, 20, 61] (30.0)
8 : [25, 35, 50] (30.0)
9 : [10, 22, 29, 39, 48, 52, 53] (29.0)
10 : [7, 24, 40, 42, 44] (31.0)
11 : [45, 54, 55] (32.0)
12 : [23, 36] (32.0)
13 : [37, 58, 64] (30.0)
14 : [46, 56, 59, 70, 84] (30.0)
15 : [34, 47, 65] (37.0)
16 : [49, 57, 66, 69, 72, 83, 91] (29.0)
17 : [43, 75, 78] (30.0)
18 : [73, 74, 80, 110] (31.0)
19 : [60, 68, 76] (31.0)
20 : [62, 81, 98, 106] (35.0)
21 : [71, 77, 86, 99] (41.0)
22 : [82, 85, 88, 90, 95] (35.0)
23 : [79, 92, 93, 97, 119] (35.0)
24 : [67, 102, 105, 111] (30.0)
25 : [89, 94, 101] (38.0)
26 : [87, 103, 114, 120, 132] (32.0)
27 : [112, 135] (44.0)
28 : [107, 121, 143] (41.0)
29 : [100, 104, 108, 113, 137] (38.0)
30 : [109, 122, 127] (32.0)
31 : [96, 116, 126] (36.0)
32 : [117, 123, 133, 157] (37.0)
33 : [118, 128, 139, 144, 146, 152] (35.0)
34 : [115, 134, 149, 156, 169] (31.0)
35 : [124, 130, 141, 142, 148, 154] (31.0)
36 : [129, 159] (34.0)
37 : [125, 136, 140, 145, 155, 161, 162, 165, 171] (31.0)
38 : [131, 147] (30.0)
39 : [138, 150] (31.0)
40 : [153, 163] (33.0)
41 : [167, 178, 180, 185] (38.0)
42 : [158, 160, 170, 182, 188] (32.0)
43 : [151, 175, 195, 209] (34.0)
44 : [176, 181, 183, 201] (40.0)
45 : [172, 179, 193] (37.0)
46 : [173, 174, 177, 184, 186, 211] (37.0)
47 : [164, 215] (42.0)
48 : [166, 168, 196, 198, 227] (36.0)
49 : [189, 190, 194, 197, 213, 235] (33.0)
50 : [187, 202, 203, 222, 226] (45.0)
51 : [200, 218, 224] (41.0)
52 : [192, 199, 217, 233] (32.0)
53 : [191, 212] (37.0)
54 : [204, 206, 210, 219, 225] (40.0)
55 : [216, 247, 249, 259] (44.0)
56 : [205, 208, 229, 234] (46.0)
57 : [230, 236] (33.0)
58 : [221, 232, 238, 244, 253] (39.0)
59 : [214, 237, 240, 252] (37.0)
60 : [207, 223, 239] (48.0)
61 : [243, 246, 255] (46.0)
62 : [228, 241, 248, 262, 278] (33.0)
63 : [220, 250, 254, 270, 281] (36.0)
64 : [251, 257, 258, 265] (47.0)
65 : [245, 266] (40.0)
66 : [231, 242, 256, 275, 287] (42.0)
67 : [264, 268, 269, 274, 276, 279] (47.0)
68 : [271, 273, 292, 298] (31.0)
69 : [263, 277, 284] (37.0)
70 : [260, 283, 290, 293, 306] (34.0)
71 : [267, 272, 328] (37.0)
72 : [261, 295, 300] (41.0)
73 : [280, 285, 304] (46.0)
74 : [282, 286, 288, 309, 324, 336] (49.0)
75 : [297, 299, 303, 308, 318, 323] (46.0)
76 : [291, 294, 307, 331] (39.0)
77 : [314, 315, 316, 317, 326, 327, 339, 344] (48.0)
78 : [289, 296, 329] (38.0)
79 : [310, 313, 319, 337] (42.0)
80 : [301, 320, 334, 349] (39.0)
81 : [302, 305, 311, 321, 341] (48.0)
82 : [330, 335, 343, 346, 348, 358, 361, 373] (43.0)
83 : [322, 347, 350, 384] (43.0)
84 : [312, 342, 351, 352, 357, 369, 371] (50.0)
85 : [340, 345, 375] (50.0)
86 : [325, 333, 356, 362, 364, 374, 386] (45.0)
87 : [332, 355, 367, 368, 372, 378] (48.0)
88 : [338, 354, 360, 370, 383, 396] (49.0)
89 : [353, 366, 380, 397, 422] (49.0)
90 : [359, 363, 377] (46.0)
91 : [388, 391, 411] (48.0)
92 : [381, 392, 394, 404, 406, 424] (50.0)
93 : [376, 379, 395, 398, 401, 416] (50.0)
94 : [390, 399, 409, 413, 418] (43.0)
95 : [365, 382, 387, 393, 420, 421, 426] (48.0)
96 : [385, 403, 407, 423, 427] (42.0)
97 : [389, 405, 410, 412, 428, 447] (50.0)
98 : [400, 440] (46.0)
99 : [414, 417, 434, 446, 448] (49.0)
100 : [402, 419, 431, 437, 444, 445, 461, 477] (49.0)
101 : [408, 415, 432, 436, 441, 473] (50.0)
102 : [450, 464, 469, 484] (49.0)
103 : [425, 435, 458, 460, 466] (50.0)
104 : [438, 443, 456, 468, 470, 493] (48.0)
105 : [439, 451, 452, 453, 457, 465] (50.0)
106 : [429, 430, 433, 471] (50.0)
107 : [449, 459, 474, 478] (49.0)
108 : [442, 454, 462, 463, 487] (50.0)
109 : [479, 485, 489, 494, 497] (51.0)
110 : [455, 481, 482, 483, 488, 492, 498] (50.0)
111 : [472, 490, 495, 496, 499] (50.0)
112 : [475, 480] (52.0)
113 : [467, 476, 486, 491] (50.0)
