Name: 500-40-75
Time: 50.101250886917114 
Result: 35
Solution:  4 0 0 0 2 0 10 0 2 0 3 3 7 3 0 3 5 0 11 5 6 3 3 1 7 1 7 5 6 4 9 1 8 13 4 8 14 8 10 8 12 13 11 10 14 8 9 11 15 8 13 9 22 6 12 12 10 11 7 16 9 16 17 15 15 13 18 19 12 11 21 17 22 16 17 11 11 18 18 19 21 17 19 27 22 19 16 19 23 20 25 16 20 30 23 23 30 16 19 28 21 26 20 18 30 23 24 29 21 26 29 29 26 29 25 26 23 27 25 32 24 31 28 32 31 36 31 35 32 30 33 36 25 31 39 34 23 27 29 29 38 30 33 34 31 31 30 31 33 35 35 33 31 29 32 30 32 28 34 37 35 35 34 38 31 33 36 37 43 41 39 37 37 30 47 37 41 43 43 41 40 40 49 42 42 46 42 39 37 41 41 43 42 42 43 38 40 42 51 37 42 45 50 42 43 47 43 44 36 48 40 49 37 51 48 44 52 46 46 52 53 47 44 46 47 45 49 46 42 51 53 46 45 51 50 60 51 51 48 49 53 47 47 54 57 49 53 48 57 61 55 59 54 56 54 56 48 55 52 58 57 56 61 60 58 51 57 57 56 52 58 55 60 50 63 56 54 64 52 63 59 59 63 59 59 62 60 67 63 58 62 57 66 64 61 66 61 63 66 57 68 68 65 65 63 67 63 65 63 70 64 66 71 62 66 67 65 69 69 63 60 69 68 70 62 73 62 74 71 71 69 70 73 73 67 65 74 76 70 72 75 64 70 72 71 74 71 73 71 77 76 72 75 72 74 70 79 72 74 78 75 76 75 81 77 81 81 75 75 81 73 82 78 79 76 80 76 84 80 81 79 84 84 76 79 83 78 76 85 80 83 87 78 77 86 82 78 87 85 83 85 89 84 85 92 84 87 92 87 85 87 85 83 91 86 83 88 91 88 82 88 88 88 83 90 92 89 94 86 89 90 88 86 85 93 93 92 91 96 91 88 93 83 94 90 91 95 94 90 89 92 87 98 96 96 96 89 95 98 95 99 96 95 96 103 93 101 99 102 94 97 98 98 100 103 97 98 99 99 100 100 100 100 101 102 97 103 95 99 98 101 103 102 97 103 103 102 103 98 101
0 : [1, 2, 3, 5, 7, 9, 14, 17] (40.0)
1 : [23, 25, 31] (45.0)
2 : [4, 8] (46.0)
3 : [10, 11, 13, 15, 21, 22] (41.0)
4 : [0, 29, 34] (41.0)
5 : [16, 19, 27] (40.0)
6 : [20, 28, 53] (42.0)
7 : [12, 24, 26, 58] (40.0)
8 : [32, 35, 37, 39, 45, 49] (41.0)
9 : [30, 46, 51, 60] (41.0)
10 : [6, 38, 43, 56] (45.0)
11 : [18, 42, 47, 57, 69, 75, 76] (40.0)
12 : [40, 54, 55, 68] (40.0)
13 : [33, 41, 50, 65] (40.0)
14 : [36, 44] (49.0)
15 : [48, 63, 64] (46.0)
16 : [59, 61, 73, 86, 91, 97] (41.0)
17 : [62, 71, 74, 81] (49.0)
18 : [66, 77, 78, 103] (41.0)
19 : [67, 79, 82, 85, 87, 98] (53.0)
20 : [89, 92, 102] (42.0)
21 : [70, 80, 100, 108] (45.0)
22 : [52, 72, 84] (50.0)
23 : [88, 94, 95, 105, 116, 136] (53.0)
24 : [106, 120] (45.0)
25 : [90, 114, 118, 132] (46.0)
26 : [101, 109, 112, 115] (54.0)
27 : [83, 117, 137] (44.0)
28 : [99, 122, 157] (41.0)
29 : [107, 110, 111, 113, 138, 139, 153] (50.0)
30 : [93, 96, 104, 129, 141, 146, 155, 173] (52.0)
31 : [121, 124, 126, 133, 144, 145, 147, 152, 164] (53.0)
32 : [119, 123, 128, 154, 156] (44.0)
33 : [130, 142, 148, 151, 165] (42.0)
34 : [135, 143, 158, 162] (55.0)
35 : [127, 149, 150, 160, 161] (51.0)
36 : [125, 131, 166, 208] (44.0)
37 : [159, 167, 171, 172, 175, 188, 199, 212] (62.0)
38 : [140, 163, 195] (55.0)
39 : [134, 170, 187] (55.0)
40 : [180, 181, 196, 210] (62.0)
41 : [169, 176, 179, 189, 190] (68.0)
42 : [183, 184, 186, 192, 193, 197, 200, 203, 228] (67.0)
43 : [168, 177, 178, 191, 194, 204, 206] (67.0)
44 : [207, 215, 222] (52.0)
45 : [201, 225, 232] (56.0)
46 : [185, 217, 218, 223, 227, 231] (71.0)
47 : [174, 205, 221, 224, 241, 242] (54.0)
48 : [209, 214, 238, 247, 256] (50.0)
49 : [182, 211, 226, 239, 245] (49.0)
50 : [202, 234, 273] (49.0)
51 : [198, 213, 229, 233, 236, 237, 265] (57.0)
52 : [216, 219, 258, 269, 278] (55.0)
53 : [220, 230, 240, 246] (57.0)
54 : [243, 252, 254, 276] (56.0)
55 : [250, 257, 271] (49.0)
56 : [253, 255, 261, 268, 275] (74.0)
57 : [244, 248, 260, 266, 267, 291, 299] (62.0)
58 : [259, 264, 270, 289] (61.0)
59 : [251, 280, 281, 283, 284] (65.0)
60 : [235, 263, 272, 286, 320] (54.0)
61 : [249, 262, 294, 296] (51.0)
62 : [285, 290, 313, 324, 326] (53.0)
63 : [274, 279, 282, 288, 297, 304, 306, 308, 319] (61.0)
64 : [277, 293, 310, 341] (53.0)
65 : [302, 303, 307, 316, 335] (67.0)
66 : [292, 295, 298, 311, 314] (53.0)
67 : [287, 305, 315, 334] (72.0)
68 : [300, 301, 322] (43.0)
69 : [317, 318, 321, 330] (61.0)
70 : [309, 323, 331, 338, 342, 355] (75.0)
71 : [312, 328, 329, 344, 346, 348] (65.0)
72 : [339, 343, 351, 353, 357] (49.0)
73 : [325, 332, 333, 347, 370] (74.0)
74 : [327, 336, 345, 354, 358] (67.0)
75 : [340, 352, 360, 362, 367, 368] (64.0)
76 : [337, 350, 361, 374, 376, 383, 387] (73.0)
77 : [349, 364, 393] (67.0)
78 : [359, 372, 386, 392, 396] (53.0)
79 : [356, 373, 380, 384] (66.0)
80 : [375, 378, 389] (75.0)
81 : [363, 365, 366, 369, 379] (63.0)
82 : [371, 395, 419] (75.0)
83 : [385, 390, 399, 412, 415, 423, 442] (69.0)
84 : [377, 381, 382, 402, 405] (70.0)
85 : [388, 398, 400, 403, 409, 411, 433] (52.0)
86 : [394, 414, 428, 432] (58.0)
87 : [391, 397, 406, 408, 410, 451] (75.0)
88 : [416, 418, 420, 421, 422, 431, 440] (69.0)
89 : [401, 426, 429, 449, 456] (69.0)
90 : [424, 430, 444, 448] (74.0)
91 : [413, 417, 437, 439, 445] (71.0)
92 : [404, 407, 425, 436, 450] (75.0)
93 : [434, 435, 441, 465] (71.0)
94 : [427, 443, 447, 469] (73.0)
95 : [446, 457, 459, 462, 487] (70.0)
96 : [438, 453, 454, 455, 461, 463] (58.0)
97 : [470, 475, 485, 493] (74.0)
98 : [452, 458, 471, 472, 476, 489, 498] (75.0)
99 : [460, 467, 477, 478, 488] (75.0)
100 : [473, 479, 480, 481, 482] (75.0)
101 : [466, 483, 490, 499] (74.0)
102 : [468, 484, 492, 496] (75.0)
103 : [464, 474, 486, 491, 494, 495, 497] (75.0)
