Name: 500-60-125
Time: 49.108623027801514 
Result: 62
Solution:  2 3 2 0 0 4 0 0 9 2 7 5 6 9 3 2 4 4 3 1 6 9 4 1 2 7 9 9 8 4 9 11 3 7 5 9 9 6 14 10 6 8 13 16 14 13 14 8 19 9 12 13 12 13 14 5 11 7 21 17 11 14 15 10 15 13 12 17 10 16 25 19 19 16 18 18 22 14 23 21 24 13 19 21 20 14 20 18 24 22 20 23 15 29 20 20 25 32 23 17 25 21 28 24 23 22 28 20 28 34 32 26 29 27 29 27 31 22 32 27 33 28 29 32 26 29 28 30 33 37 25 28 38 24 29 34 34 29 31 32 35 33 37 35 30 34 35 39 36 35 30 37 39 37 40 41 42 31 37 38 41 35 36 40 40 40 42 37 44 48 39 42 43 42 44 42 43 52 46 35 47 42 51 49 48 48 45 44 51 47 45 46 42 47 55 43 55 51 48 45 48 50 52 53 54 56 51 49 49 57 55 53 51 55 46 54 55 62 54 54 49 59 58 54 59 56 54 60 61 62 54 50 58 58 55 52 58 52 56 61 65 60 60 60 65 62 58 62 62 58 63 56 70 63 64 57 65 59 67 66 66 72 59 70 69 57 66 64 67 67 70 61 61 67 70 76 73 69 68 70 71 67 69 65 71 71 73 74 76 68 71 69 76 74 73 72 72 75 70 73 75 70 81 75 74 84 77 75 81 76 84 77 80 80 81 80 78 74 85 79 78 82 80 78 85 81 73 79 83 82 81 87 83 87 78 83 85 86 83 81 85 93 86 86 82 84 88 89 89 92 86 91 86 84 81 89 90 89 88 89 92 89 89 88 91 94 90 88 97 86 94 94 95 87 98 92 97 93 92 99 98 95 84 93 95 98 87 94 93 91 88 92 88 96 91 96 99 91 97 102 97 98 92 103 95 99 97 99 97 93 94 103 95 102 96 99 96 104 100 102 106 101 103 100 101 109 102 106 100 99 104 105 107 101 95 103 110 106 104 99 108 107 104 100 105 110 101 106 108 111 104 113 101 107 106 108 109 110 111 107 112 108 115 105 109 114 109 115 107 108 111 115 110 103 110 115 106 108 115 113 113 114 112 104 111 107 111 112 110 110 114 116 116 115 114 116 110 116 111 112
0 : [3, 4, 6, 7] (64.0)
1 : [19, 23] (63.0)
2 : [0, 2, 9, 15, 24] (66.0)
3 : [1, 14, 18, 32] (65.0)
4 : [5, 16, 17, 22, 29] (70.0)
5 : [11, 34, 55] (64.0)
6 : [12, 20, 37, 40] (68.0)
7 : [10, 25, 33, 57] (66.0)
8 : [28, 41, 47] (67.0)
9 : [8, 13, 21, 26, 27, 30, 35, 36, 49] (69.0)
10 : [39, 63, 68] (70.0)
11 : [31, 56, 60] (72.0)
12 : [50, 52, 66] (69.0)
13 : [42, 45, 51, 53, 65, 81] (66.0)
14 : [38, 44, 46, 54, 61, 77, 85] (63.0)
15 : [62, 64, 92] (84.0)
16 : [43, 69, 73] (77.0)
17 : [59, 67, 99] (70.0)
18 : [74, 75, 87] (64.0)
19 : [48, 71, 72, 82] (67.0)
20 : [84, 86, 90, 94, 95, 107] (77.0)
21 : [58, 79, 83, 101] (73.0)
22 : [76, 89, 105, 117] (69.0)
23 : [78, 91, 98, 104] (97.0)
24 : [80, 88, 103, 133] (70.0)
25 : [70, 96, 100, 130] (81.0)
26 : [111, 124] (63.0)
27 : [113, 115, 119] (71.0)
28 : [102, 106, 108, 121, 126, 131] (90.0)
29 : [93, 112, 114, 122, 125, 134, 137] (71.0)
30 : [127, 144, 150] (70.0)
31 : [116, 138, 157] (65.0)
32 : [97, 110, 118, 123, 139] (72.0)
33 : [120, 128, 141] (67.0)
34 : [109, 135, 136, 145] (72.0)
35 : [140, 143, 146, 149, 161, 179] (77.0)
36 : [148, 162] (81.0)
37 : [129, 142, 151, 153, 158, 167] (95.0)
38 : [132, 159] (84.0)
39 : [147, 152, 170] (79.0)
40 : [154, 163, 164, 165] (83.0)
41 : [155, 160] (82.0)
42 : [156, 166, 171, 173, 175, 181, 192] (83.0)
43 : [172, 176, 195] (101.0)
44 : [168, 174, 187] (66.0)
45 : [186, 190, 199] (75.0)
46 : [178, 191, 214] (105.0)
47 : [180, 189, 193] (96.0)
48 : [169, 184, 185, 198, 200] (89.0)
49 : [183, 207, 208, 220] (112.0)
50 : [201, 231] (70.0)
51 : [182, 188, 197, 206, 212] (77.0)
52 : [177, 202, 235, 237] (79.0)
53 : [203, 211] (91.0)
54 : [204, 215, 218, 219, 223, 226, 230] (124.0)
55 : [194, 196, 210, 213, 216, 234] (96.0)
56 : [205, 225, 238, 251] (82.0)
57 : [209, 255, 265] (78.0)
58 : [222, 232, 233, 236, 246, 249] (109.0)
59 : [221, 224, 257, 262] (91.0)
60 : [227, 241, 242, 243] (94.0)
61 : [228, 239, 271, 272] (123.0)
62 : [217, 229, 245, 247, 248] (75.0)
63 : [250, 253] (83.0)
64 : [254, 267] (71.0)
65 : [240, 244, 256, 283] (116.0)
66 : [259, 260, 266] (112.0)
67 : [258, 268, 269, 273, 281] (98.0)
68 : [278, 289] (73.0)
69 : [264, 277, 282, 291] (80.0)
70 : [252, 263, 270, 274, 279, 298, 301] (117.0)
71 : [280, 284, 285, 290] (101.0)
72 : [261, 295, 296] (106.0)
73 : [276, 286, 294, 299, 326] (125.0)
74 : [287, 293, 304, 317] (124.0)
75 : [297, 300, 303, 307] (116.0)
76 : [275, 288, 292, 309] (89.0)
77 : [306, 311] (76.0)
78 : [316, 320, 323, 334] (123.0)
79 : [319, 327] (77.0)
80 : [312, 313, 315, 322] (102.0)
81 : [302, 308, 314, 325, 330, 339, 354] (121.0)
82 : [321, 329, 344] (80.0)
83 : [328, 332, 335, 338] (98.0)
84 : [305, 310, 345, 353, 382] (108.0)
85 : [318, 324, 336, 340] (96.0)
86 : [337, 342, 343, 350, 352, 369] (125.0)
87 : [331, 333, 373, 386] (94.0)
88 : [346, 358, 363, 367, 390, 392] (109.0)
89 : [347, 348, 355, 357, 359, 361, 362] (123.0)
90 : [356, 366] (67.0)
91 : [351, 364, 389, 394, 397] (124.0)
92 : [349, 360, 375, 378, 391, 402] (122.0)
93 : [341, 377, 383, 388, 409] (124.0)
94 : [365, 370, 371, 387, 410] (123.0)
95 : [372, 381, 384, 404, 412, 434] (123.0)
96 : [393, 395, 414, 416] (106.0)
97 : [368, 376, 398, 400, 406, 408] (123.0)
98 : [374, 380, 385, 401] (96.0)
99 : [379, 396, 405, 407, 415, 429, 439] (124.0)
100 : [418, 423, 428, 443] (125.0)
101 : [421, 424, 433, 446, 452] (90.0)
102 : [399, 413, 419, 426] (125.0)
103 : [403, 411, 422, 435, 473] (124.0)
104 : [417, 430, 438, 442, 450, 483] (121.0)
105 : [431, 444, 463] (118.0)
106 : [420, 427, 437, 447, 454, 476] (123.0)
107 : [432, 441, 453, 459, 468, 485] (110.0)
108 : [440, 448, 455, 461, 469, 477] (124.0)
109 : [425, 456, 464, 466] (122.0)
110 : [436, 445, 457, 472, 474, 488, 489, 496] (120.0)
111 : [449, 458, 470, 484, 486, 498] (124.0)
112 : [460, 482, 487, 499] (125.0)
113 : [451, 479, 480] (119.0)
114 : [465, 481, 490, 494] (125.0)
115 : [462, 467, 471, 475, 478, 493] (125.0)
116 : [491, 492, 495, 497] (110.0)
