Name: 500-50-100
Time: 48.72287678718567 
Result: 50
Solution:  1 5 0 5 2 0 2 1 2 1 6 2 2 4 2 4 2 8 2 6 3 11 7 9 5 5 2 9 5 8 7 11 9 10 9 0 5 7 5 2 10 9 15 9 9 3 9 9 9 4 9 11 9 9 7 10 9 8 9 15 11 13 12 13 14 17 9 9 6 8 12 19 15 11 12 19 9 13 13 21 16 9 17 16 17 14 16 15 13 12 21 22 16 22 13 20 14 19 18 16 20 22 14 22 20 25 18 30 26 18 19 18 26 16 23 26 24 19 22 23 16 22 25 30 28 25 19 22 23 22 24 23 22 26 34 25 27 25 32 31 30 32 20 24 29 32 32 30 27 27 33 31 31 35 29 36 29 31 30 30 34 32 30 26 32 34 28 37 33 32 33 38 33 31 27 42 40 34 34 35 34 41 38 39 36 40 45 40 38 33 37 41 35 39 37 44 35 32 36 47 38 40 38 45 34 37 38 41 35 37 39 37 38 40 46 41 42 40 48 44 39 38 44 46 48 39 40 44 42 44 40 45 45 47 41 52 42 41 44 42 52 48 48 49 48 54 56 46 49 44 45 46 56 50 56 53 55 52 46 49 43 50 48 49 54 53 56 56 49 50 51 43 53 56 47 53 58 51 56 47 53 56 59 55 55 53 55 57 54 51 56 54 59 48 59 54 55 54 55 56 58 48 52 55 58 57 52 60 59 65 64 52 62 59 53 60 59 58 61 61 64 61 61 63 66 58 62 63 64 60 60 60 67 63 62 64 63 61 68 60 57 64 65 63 69 65 73 66 65 57 73 67 65 67 61 62 65 64 63 72 75 75 68 72 63 71 69 64 69 68 67 75 68 75 69 67 66 72 64 64 75 64 70 70 72 66 73 64 72 75 74 68 72 76 77 74 72 67 66 78 79 78 69 71 74 77 74 75 71 76 76 82 76 73 73 70 77 70 77 79 77 77 74 77 80 77 79 78 81 73 88 74 84 70 82 83 83 83 78 80 80 79 81 79 82 81 83 79 79 82 82 81 83 90 89 83 78 80 80 84 80 87 84 85 85 88 86 80 87 85 81 88 86 89 88 86 89 81 87 86 87 84 88 87 86 87 89 89 90 89 89 89 90 85 88 88 90 87 84 87
0 : [2, 5, 35] (52.0)
1 : [0, 7, 9] (64.0)
2 : [4, 6, 8, 11, 12, 14, 16, 18, 26, 39] (50.0)
3 : [20, 45] (52.0)
4 : [13, 15, 49] (54.0)
5 : [1, 3, 24, 25, 28, 36, 38] (51.0)
6 : [10, 19, 68] (65.0)
7 : [22, 30, 37, 54] (72.0)
8 : [17, 29, 57, 69] (56.0)
9 : [23, 27, 32, 34, 41, 43, 44, 46, 47, 48, 50, 52, 53, 56, 58, 66, 67, 76, 81] (52.0)
10 : [33, 40, 55] (59.0)
11 : [21, 31, 51, 60, 73] (50.0)
12 : [62, 70, 74, 89] (58.0)
13 : [61, 63, 77, 78, 88, 94] (52.0)
14 : [64, 85, 96, 102] (59.0)
15 : [42, 59, 72, 87] (52.0)
16 : [80, 83, 86, 92, 99, 113, 120] (50.0)
17 : [65, 82, 84] (51.0)
18 : [98, 106, 109, 111] (53.0)
19 : [71, 75, 97, 110, 117, 126] (59.0)
20 : [95, 100, 104, 142] (66.0)
21 : [79, 90] (52.0)
22 : [91, 93, 101, 103, 118, 121, 127, 129, 132] (50.0)
23 : [114, 119, 128, 131] (69.0)
24 : [116, 130, 143] (50.0)
25 : [105, 122, 125, 135, 137] (53.0)
26 : [108, 112, 115, 133, 163] (66.0)
27 : [136, 148, 149, 174] (64.0)
28 : [124, 166] (54.0)
29 : [144, 154, 156] (73.0)
30 : [107, 123, 140, 147, 158, 159, 162] (78.0)
31 : [139, 151, 152, 157, 173] (65.0)
32 : [138, 141, 145, 146, 161, 164, 169, 197] (72.0)
33 : [150, 168, 170, 172, 189] (64.0)
34 : [134, 160, 165, 177, 178, 180, 204] (66.0)
35 : [153, 179, 192, 196, 208] (57.0)
36 : [155, 184, 198] (60.0)
37 : [167, 190, 194, 205, 209, 211] (64.0)
38 : [171, 182, 188, 200, 202, 206, 212, 221] (72.0)
39 : [183, 193, 210, 220, 225] (76.0)
40 : [176, 185, 187, 201, 213, 217, 226, 230] (77.0)
41 : [181, 191, 207, 215, 234, 237] (92.0)
42 : [175, 216, 228, 236, 239] (66.0)
43 : [260, 271] (56.0)
44 : [195, 219, 222, 227, 229, 238, 249] (100.0)
45 : [186, 203, 231, 232, 250] (59.0)
46 : [214, 223, 247, 251, 258] (75.0)
47 : [199, 233, 274, 279] (71.0)
48 : [218, 224, 241, 242, 244, 262, 293, 301] (82.0)
49 : [243, 248, 259, 263, 268] (69.0)
50 : [253, 261, 269] (64.0)
51 : [270, 277, 289] (71.0)
52 : [235, 240, 257, 302, 306, 311] (73.0)
53 : [255, 265, 272, 275, 280, 285, 314] (82.0)
54 : [245, 264, 288, 291, 295, 297] (68.0)
55 : [256, 283, 284, 286, 296, 298, 303] (59.0)
56 : [246, 252, 254, 266, 267, 273, 278, 281, 290, 299] (91.0)
57 : [287, 305, 340, 349] (62.0)
58 : [276, 300, 304, 317, 325] (100.0)
59 : [282, 292, 294, 308, 313, 316] (75.0)
60 : [307, 315, 329, 330, 331, 339] (68.0)
61 : [318, 319, 321, 322, 337, 354] (76.0)
62 : [312, 326, 334, 355] (76.0)
63 : [323, 327, 333, 336, 343, 358, 364] (86.0)
64 : [310, 320, 328, 335, 341, 357, 367, 378, 379, 381, 387] (91.0)
65 : [309, 342, 345, 348, 352, 356] (86.0)
66 : [324, 347, 376, 385, 398] (99.0)
67 : [332, 351, 353, 370, 375, 397] (99.0)
68 : [338, 362, 369, 372, 391] (71.0)
69 : [344, 366, 368, 374, 402] (82.0)
70 : [382, 383, 415, 417, 433] (100.0)
71 : [365, 403, 408] (87.0)
72 : [359, 363, 377, 384, 388, 392, 396] (94.0)
73 : [346, 350, 386, 413, 414, 429] (72.0)
74 : [390, 395, 404, 406, 422, 431] (81.0)
75 : [360, 361, 371, 373, 380, 389, 407] (96.0)
76 : [393, 409, 410, 412] (69.0)
77 : [394, 405, 416, 418, 420, 421, 423, 425] (90.0)
78 : [399, 401, 427, 438, 456] (82.0)
79 : [400, 419, 426, 441, 443, 447, 448] (75.0)
80 : [424, 439, 440, 457, 458, 460, 467] (82.0)
81 : [428, 442, 445, 451, 470, 477] (92.0)
82 : [411, 434, 444, 449, 450] (83.0)
83 : [435, 436, 437, 446, 452, 455] (91.0)
84 : [432, 459, 462, 481, 498] (100.0)
85 : [463, 464, 469, 493] (99.0)
86 : [466, 472, 475, 479, 484] (97.0)
87 : [461, 468, 478, 480, 483, 485, 497, 499] (92.0)
88 : [430, 465, 471, 474, 482, 494, 495] (100.0)
89 : [454, 473, 476, 486, 487, 489, 490, 491] (100.0)
90 : [453, 488, 492, 496] (100.0)
