Name: 500-20-30
Time: 49.00803995132446 
Result: 11
Solution:  0 1 6 0 2 1 1 2 10 5 1 2 1 6 1 3 9 0 1 0 4 10 8 13 4 8 5 1 7 4 5 5 5 10 5 3 13 10 5 11 6 5 10 12 20 11 7 13 13 9 10 16 14 12 10 9 11 18 9 22 7 15 15 12 19 8 15 15 19 16 17 17 14 12 21 20 16 25 16 15 21 18 16 18 19 25 21 23 25 23 22 29 26 15 24 28 17 18 26 19 21 24 26 22 19 18 26 24 23 20 28 24 20 27 25 32 29 31 28 27 31 27 28 33 28 33 36 32 34 30 30 31 30 40 41 36 33 32 29 40 31 35 34 33 33 35 33 35 41 36 33 38 40 36 38 39 36 38 36 37 34 38 39 37 37 39 31 40 34 39 38 40 45 46 45 45 37 46 40 43 49 43 43 45 37 42 41 45 46 42 44 46 45 48 41 45 43 50 41 49 55 46 48 48 48 48 51 50 42 47 52 46 46 46 47 46 51 50 54 44 46 43 51 51 43 52 50 57 52 49 53 49 57 56 56 53 49 49 49 55 54 53 51 50 54 58 55 54 48 63 59 57 57 57 51 58 54 56 55 61 60 63 50 57 57 55 61 64 61 60 54 60 62 60 54 58 61 57 63 62 59 72 57 67 67 67 62 67 59 65 66 64 70 64 64 68 66 66 60 67 68 74 67 64 70 63 70 64 68 77 67 69 62 72 70 70 72 67 73 69 71 65 69 71 72 72 72 65 74 71 71 76 65 73 74 69 74 74 66 75 73 77 71 76 78 76 76 76 68 74 77 82 80 78 77 71 75 71 83 82 75 78 74 84 76 84 79 81 77 80 81 78 83 73 85 85 83 80 80 81 79 85 82 86 79 86 82 78 78 84 82 82 85 88 87 80 91 85 78 86 88 84 89 89 89 82 83 89 84 87 93 82 92 91 88 90 92 89 92 92 90 89 84 91 88 92 90 86 96 89 99 90 92 91 94 97 99 94 95 96 95 95 92 95 98 94 97 97 103 94 98 92 93 96 93 93 98 101 95 101 106 98 90 95 96 104 102 99 100 97 98 100 100 103 101 100 101 102 96 103 103 98 95 99 102 105 102 104 101 101 105 104 104 105 103 104 101 103 104 106
0 : [0, 3, 17, 19] (22.0)
1 : [1, 5, 6, 10, 12, 14, 18, 27] (20.0)
2 : [4, 7, 11] (23.0)
3 : [15, 35] (23.0)
4 : [20, 24, 29] (24.0)
5 : [9, 26, 30, 31, 32, 34, 38, 41] (19.0)
6 : [2, 13, 40] (23.0)
7 : [28, 46, 60] (20.0)
8 : [22, 25, 65] (20.0)
9 : [16, 49, 55, 58] (20.0)
10 : [8, 21, 33, 37, 42, 50, 54] (20.0)
11 : [39, 45, 56] (20.0)
12 : [43, 53, 63, 73] (21.0)
13 : [23, 36, 47, 48] (20.0)
14 : [52, 72] (20.0)
15 : [61, 62, 66, 67, 79, 93] (22.0)
16 : [51, 69, 76, 78, 82] (23.0)
17 : [70, 71, 96] (22.0)
18 : [57, 81, 83, 97, 105] (20.0)
19 : [64, 68, 84, 99, 104] (21.0)
20 : [44, 75, 109, 112] (20.0)
21 : [74, 80, 86, 100] (22.0)
22 : [59, 90, 103] (22.0)
23 : [87, 89, 108] (23.0)
24 : [94, 101, 107, 111] (20.0)
25 : [77, 85, 88, 114] (22.0)
26 : [92, 98, 102, 106] (21.0)
27 : [113, 119, 121] (20.0)
28 : [95, 110, 118, 122, 124] (24.0)
29 : [91, 116, 138] (21.0)
30 : [129, 130, 132] (22.0)
31 : [117, 120, 131, 140, 166] (21.0)
32 : [115, 127, 137] (23.0)
33 : [123, 125, 136, 143, 144, 146, 150] (21.0)
34 : [128, 142, 160, 168] (22.0)
35 : [141, 145, 147] (23.0)
36 : [126, 135, 149, 153, 156, 158] (22.0)
37 : [159, 163, 164, 176, 184] (28.0)
38 : [151, 154, 157, 161, 170] (27.0)
39 : [155, 162, 165, 169] (22.0)
40 : [133, 139, 152, 167, 171, 178] (22.0)
41 : [134, 148, 186, 194, 198] (28.0)
42 : [185, 189, 208] (20.0)
43 : [179, 181, 182, 196, 221, 224] (28.0)
44 : [190, 219] (20.0)
45 : [172, 174, 175, 183, 187, 192, 195] (26.0)
46 : [173, 177, 188, 191, 201, 211, 212, 213, 215, 220] (28.0)
47 : [209, 214] (20.0)
48 : [193, 202, 203, 204, 205, 248] (23.0)
49 : [180, 199, 229, 231, 236, 237, 238] (22.0)
50 : [197, 207, 217, 226, 243, 262] (23.0)
51 : [206, 216, 222, 223, 242, 254] (26.0)
52 : [210, 225, 228] (29.0)
53 : [230, 235, 241] (20.0)
54 : [218, 240, 244, 247, 256, 270, 274] (28.0)
55 : [200, 239, 246, 258, 265] (28.0)
56 : [233, 234, 257] (23.0)
57 : [227, 232, 251, 252, 253, 263, 264, 277, 282] (22.0)
58 : [245, 255, 275] (24.0)
59 : [250, 280, 288] (30.0)
60 : [260, 269, 271, 273, 298] (25.0)
61 : [259, 266, 268, 276] (24.0)
62 : [272, 279, 286, 312] (23.0)
63 : [249, 261, 278, 305] (27.0)
64 : [267, 291, 293, 294, 303, 307] (26.0)
65 : [289, 321, 327, 332] (28.0)
66 : [290, 296, 297, 338] (24.0)
67 : [283, 284, 285, 287, 299, 302, 310, 317] (30.0)
68 : [295, 300, 308, 348] (30.0)
69 : [311, 319, 322, 335] (30.0)
70 : [292, 304, 306, 314, 315] (30.0)
71 : [320, 323, 329, 330, 342, 355, 357] (30.0)
72 : [281, 313, 316, 324, 325, 326] (24.0)
73 : [318, 333, 340, 373] (28.0)
74 : [301, 328, 334, 336, 337, 349, 362] (30.0)
75 : [339, 356, 360] (25.0)
76 : [331, 343, 345, 346, 347, 364] (24.0)
77 : [309, 341, 350, 354, 368] (24.0)
78 : [344, 353, 361, 371, 387, 388, 398] (30.0)
79 : [366, 380, 384] (25.0)
80 : [352, 369, 377, 378, 395] (28.0)
81 : [367, 370, 379] (20.0)
82 : [351, 359, 382, 386, 390, 391, 405, 411] (26.0)
83 : [358, 372, 376, 406] (23.0)
84 : [363, 365, 389, 401, 408, 422] (25.0)
85 : [374, 375, 381, 392, 397] (22.0)
86 : [383, 385, 399, 427] (24.0)
87 : [394, 409] (30.0)
88 : [393, 400, 414, 424] (29.0)
89 : [402, 403, 404, 407, 417, 421, 429] (30.0)
90 : [415, 420, 426, 431, 462] (30.0)
91 : [396, 413, 423, 433] (26.0)
92 : [412, 416, 418, 419, 425, 432, 442, 451] (25.0)
93 : [410, 452, 454, 455] (30.0)
94 : [434, 437, 445, 449] (26.0)
95 : [438, 440, 441, 443, 458, 463, 482] (30.0)
96 : [428, 439, 453, 464, 478] (30.0)
97 : [435, 446, 447, 469] (30.0)
98 : [444, 450, 456, 461, 470, 481] (29.0)
99 : [430, 436, 467, 483] (30.0)
100 : [468, 471, 472, 475] (30.0)
101 : [457, 459, 474, 476, 488, 489, 496] (26.0)
102 : [466, 477, 484, 486] (30.0)
103 : [448, 473, 479, 480, 494, 497] (30.0)
104 : [465, 487, 491, 492, 495, 498] (29.0)
105 : [485, 490, 493] (30.0)
106 : [460, 499] (30.0)
