Name: 750-60-125
Time: 76.29654741287231 
Result: 66
Solution:  2 1 5 1 1 1 1 5 0 3 3 3 0 5 5 8 6 13 8 6 3 14 5 6 4 5 9 12 8 10 3 10 9 6 9 16 11 11 12 2 8 10 9 4 11 12 9 14 20 14 13 7 7 14 11 12 15 9 9 13 13 13 17 19 9 10 25 13 15 12 19 17 22 17 14 17 18 20 12 21 18 23 17 20 26 17 21 23 16 26 26 19 18 26 29 24 22 18 26 19 25 21 21 30 24 27 25 18 31 26 18 23 24 27 27 29 20 27 27 30 28 28 27 28 32 35 28 30 29 30 33 31 34 32 34 39 38 39 26 30 34 35 33 32 36 41 41 35 33 39 37 37 32 43 32 40 33 40 38 37 45 34 44 41 39 49 38 44 43 39 42 41 45 44 45 36 40 43 41 52 42 41 44 43 47 46 44 47 46 43 55 48 51 52 49 43 44 53 46 46 44 56 48 50 48 54 54 53 52 54 55 49 52 51 55 54 59 57 49 54 56 55 56 53 57 55 58 58 61 58 60 55 64 52 52 60 64 58 61 57 56 61 63 55 61 62 59 63 58 69 59 62 61 58 69 63 67 67 57 61 62 63 65 64 66 61 62 67 66 72 71 70 73 68 69 64 69 78 70 68 66 74 66 74 72 71 70 71 65 72 65 72 67 81 75 70 79 75 72 73 73 72 71 76 81 76 76 78 71 74 82 78 77 78 83 77 79 83 77 82 81 76 80 75 82 85 81 88 88 79 87 75 82 83 83 88 81 82 83 77 88 85 87 86 88 85 86 84 86 87 87 87 83 89 87 80 92 80 81 89 94 82 83 84 90 96 91 93 99 92 87 90 96 92 96 91 95 93 96 91 89 99 95 93 100 90 97 98 99 95 98 105 95 100 101 100 92 99 97 99 96 98 94 108 103 101 105 101 109 102 104 103 104 97 111 106 103 97 97 107 110 105 110 97 107 106 98 102 109 111 103 108 101 112 102 104 112 103 106 113 117 109 104 111 116 112 108 106 110 112 111 114 111 113 118 113 108 111 116 118 108 118 115 117 122 118 116 115 123 114 122 119 115 121 115 120 115 118 111 120 124 118 123 112 114 119 122 127 120 128 122 125 122 115 123 117 119 124 123 121 127 125 123 123 126 127 124 126 129 131 125 134 121 132 126 131 130 124 129 130 131 134 127 133 132 128 124 126 128 132 132 138 133 138 132 136 133 138 134 132 135 135 135 136 129 140 134 131 141 137 136 139 137 135 137 134 141 137 144 147 143 140 136 135 134 149 139 140 139 143 145 142 139 140 151 146 146 141 138 147 153 141 144 148 137 143 143 148 142 147 145 144 150 145 151 144 155 146 142 146 145 151 149 142 145 154 152 149 150 150 156 149 157 152 148 153 158 148 153 155 151 154 159 152 153 157 152 154 153 150 154 155 158 161 159 152 161 152 149 161 160 156 160 153 157 153 158 160 156 162 151 155 152 155 158 164 156 166 153 168 163 155 160 154 155 165 162 155 161 159 164 167 156 163 163 162 167 172 161 164 163 166 159 165 165 164 169 168 166 161 167 169 164 163 173 167 173 172 172 168 169 166 172 168 170 175 165 171 174 170 174 168 174 169 171 173 172 170 165 171 175 176 173 178 172 169 174 169 175 168 176 170 175 178 176 175 174 174 177 174 178 175 177 174 177 175 178 176 177 178
0 : [8, 12] (65.0)
1 : [1, 3, 4, 5, 6] (60.0)
2 : [0, 39] (62.0)
3 : [9, 10, 11, 20, 30] (63.0)
4 : [24, 43] (86.0)
5 : [2, 7, 13, 14, 22, 25] (64.0)
6 : [16, 19, 23, 33] (67.0)
7 : [51, 52] (78.0)
8 : [15, 18, 28, 40] (60.0)
9 : [26, 32, 34, 42, 46, 57, 58, 64] (61.0)
10 : [29, 31, 41, 65] (60.0)
11 : [36, 37, 44, 54] (60.0)
12 : [27, 38, 45, 55, 69, 78] (59.0)
13 : [17, 50, 59, 60, 61, 67] (60.0)
14 : [21, 47, 49, 53, 74] (59.0)
15 : [56, 68] (64.0)
16 : [35, 88] (64.0)
17 : [62, 71, 73, 75, 82, 85] (60.0)
18 : [76, 80, 92, 97, 107, 110] (64.0)
19 : [63, 70, 91, 99] (60.0)
20 : [48, 77, 83, 116] (64.0)
21 : [79, 86, 101, 102] (62.0)
22 : [72, 96] (76.0)
23 : [81, 87, 111] (62.0)
24 : [95, 104, 112] (61.0)
25 : [66, 100, 106] (67.0)
26 : [84, 89, 90, 93, 98, 109, 138] (60.0)
27 : [105, 113, 114, 117, 118, 122] (61.0)
28 : [120, 121, 123, 126] (67.0)
29 : [94, 115, 128] (79.0)
30 : [103, 119, 127, 129, 139] (65.0)
31 : [108, 131] (70.0)
32 : [124, 133, 143, 152, 154] (61.0)
33 : [130, 142, 148, 156] (63.0)
34 : [132, 134, 140, 161] (71.0)
35 : [125, 141, 147] (60.0)
36 : [144, 175] (60.0)
37 : [150, 151, 159] (83.0)
38 : [136, 158, 166] (67.0)
39 : [135, 137, 149, 164, 169] (62.0)
40 : [155, 157, 176] (84.0)
41 : [145, 146, 163, 171, 178, 181] (70.0)
42 : [170, 180] (76.0)
43 : [153, 168, 177, 183, 189, 195] (60.0)
44 : [162, 167, 173, 182, 186, 196, 200] (68.0)
45 : [160, 172, 174] (62.0)
46 : [185, 188, 198, 199] (68.0)
47 : [184, 187] (62.0)
48 : [191, 202, 204] (93.0)
49 : [165, 194, 211, 218] (87.0)
50 : [203] (60.0)
51 : [192, 213] (69.0)
52 : [179, 193, 208, 212, 233, 234] (84.0)
53 : [197, 207, 223] (60.0)
54 : [205, 206, 209, 215, 219] (94.0)
55 : [190, 210, 214, 221, 225, 231, 243] (94.0)
56 : [201, 220, 222, 240] (87.0)
57 : [217, 224, 239, 258] (103.0)
58 : [226, 227, 229, 237, 248, 253] (97.0)
59 : [216, 246, 250] (105.0)
60 : [230, 235] (73.0)
61 : [228, 238, 241, 244, 252, 259, 265] (88.0)
62 : [245, 251, 260, 266] (87.0)
63 : [242, 247, 255, 261] (72.0)
64 : [232, 236, 263, 275] (88.0)
65 : [262, 288, 290] (93.0)
66 : [264, 268, 280, 282] (91.0)
67 : [256, 257, 267, 292] (125.0)
68 : [273, 279] (87.0)
69 : [249, 254, 274, 276] (68.0)
70 : [271, 278, 286, 295] (80.0)
71 : [270, 285, 287, 302, 308] (85.0)
72 : [269, 284, 289, 291, 298, 301] (95.0)
73 : [272, 299, 300] (70.0)
74 : [281, 283, 309] (78.0)
75 : [294, 297, 323, 331] (73.0)
76 : [303, 305, 306, 321] (86.0)
77 : [312, 315, 318, 339] (89.0)
78 : [277, 307, 311, 313] (99.0)
79 : [296, 316, 329] (82.0)
80 : [322, 355, 357] (75.0)
81 : [293, 304, 320, 326, 336, 358] (100.0)
82 : [310, 319, 324, 332, 337, 361] (84.0)
83 : [314, 317, 333, 334, 338, 352, 362] (90.0)
84 : [347, 363] (62.0)
85 : [325, 341, 345] (107.0)
86 : [343, 346, 348] (102.0)
87 : [330, 342, 349, 350, 351, 354, 370] (87.0)
88 : [327, 328, 335, 340, 344] (124.0)
89 : [353, 359, 380] (113.0)
90 : [364, 371, 385] (96.0)
91 : [366, 375, 379] (113.0)
92 : [356, 369, 373, 396] (92.0)
93 : [367, 377, 383] (77.0)
94 : [360, 402] (115.0)
95 : [376, 382, 389, 392] (86.0)
96 : [365, 372, 374, 378, 400] (99.0)
97 : [386, 398, 413, 417, 418, 423] (95.0)
98 : [387, 390, 401, 426] (71.0)
99 : [368, 381, 388, 397, 399] (101.0)
100 : [384, 393, 395] (80.0)
101 : [394, 405, 407, 432] (86.0)
102 : [409, 427, 434] (81.0)
103 : [404, 411, 416, 430, 437] (105.0)
104 : [410, 412, 435, 442] (75.0)
105 : [391, 406, 421] (109.0)
106 : [415, 425, 438, 447] (79.0)
107 : [419, 424] (68.0)
108 : [403, 431, 446, 456, 460] (113.0)
109 : [408, 428, 441] (87.0)
110 : [420, 422, 448] (74.0)
111 : [414, 429, 443, 450, 452, 457, 478] (102.0)
112 : [433, 436, 445, 449, 483] (75.0)
113 : [439, 453, 455] (124.0)
114 : [451, 469, 484] (125.0)
115 : [462, 467, 472, 474, 476, 493] (125.0)
116 : [444, 458, 466] (121.0)
117 : [440, 463, 495] (124.0)
118 : [454, 459, 461, 465, 477, 481] (124.0)
119 : [471, 485, 496] (124.0)
120 : [475, 479, 488] (123.0)
121 : [473, 499, 512] (122.0)
122 : [464, 470, 486, 490, 492] (118.0)
123 : [468, 482, 494, 498, 502, 503] (101.0)
124 : [480, 497, 506, 517, 526] (105.0)
125 : [491, 501, 510] (60.0)
126 : [504, 507, 514, 527] (79.0)
127 : [487, 500, 505, 522] (116.0)
128 : [489, 525, 528] (98.0)
129 : [508, 518, 544] (79.0)
130 : [516, 519] (98.0)
131 : [509, 515, 520, 547] (88.0)
132 : [513, 524, 529, 530, 534, 539] (125.0)
133 : [523, 532, 536] (123.0)
134 : [511, 521, 538, 546, 555, 564] (122.0)
135 : [540, 541, 542, 553, 563] (108.0)
136 : [535, 543, 550, 562] (104.0)
137 : [549, 552, 554, 557, 584] (115.0)
138 : [531, 533, 537, 578] (110.0)
139 : [551, 566, 568, 572] (91.0)
140 : [545, 561, 567, 573] (121.0)
141 : [548, 556, 577, 581] (117.0)
142 : [571, 588, 598, 603] (124.0)
143 : [560, 569, 585, 586] (125.0)
144 : [558, 582, 591, 595] (122.0)
145 : [570, 590, 593, 600, 604] (113.0)
146 : [575, 576, 597, 599] (124.0)
147 : [559, 579, 589] (124.0)
148 : [583, 587, 614, 617] (125.0)
149 : [565, 602, 607, 611, 638] (102.0)
150 : [592, 608, 609, 629] (121.0)
151 : [574, 594, 601, 620, 650] (121.0)
152 : [606, 613, 623, 626, 635, 637, 652] (116.0)
153 : [580, 615, 618, 624, 628, 643, 645, 658] (124.0)
154 : [605, 621, 627, 630, 663] (112.0)
155 : [596, 619, 631, 651, 653, 661, 664, 667] (125.0)
156 : [610, 641, 648, 656, 672] (103.0)
157 : [612, 625, 644] (123.0)
158 : [616, 632, 646, 654] (125.0)
159 : [622, 634, 669, 682] (122.0)
160 : [640, 642, 647, 662] (125.0)
161 : [633, 636, 639, 668, 678, 689] (125.0)
162 : [649, 666, 675] (120.0)
163 : [660, 673, 674, 680, 693] (122.0)
164 : [655, 670, 679, 685, 692] (123.0)
165 : [665, 683, 684, 706, 718] (123.0)
166 : [657, 681, 688, 701] (124.0)
167 : [671, 676, 690, 695] (125.0)
168 : [659, 687, 699, 703, 711, 729] (123.0)
169 : [686, 691, 700, 713, 725, 727] (125.0)
170 : [704, 709, 717, 731] (125.0)
171 : [707, 714, 719] (124.0)
172 : [677, 697, 698, 702, 716, 724] (125.0)
173 : [694, 696, 715, 722] (125.0)
174 : [708, 710, 712, 726, 736, 737, 739, 743] (124.0)
175 : [705, 720, 728, 732, 735, 741, 745] (125.0)
176 : [721, 730, 734, 747] (125.0)
177 : [738, 742, 744, 748] (98.0)
178 : [723, 733, 740, 746, 749] (121.0)
