Name: 750-50-100
Time: 74.02481889724731 
Result: 50
Solution:  0 4 1 6 0 5 2 2 1 3 1 1 8 5 10 0 0 3 1 3 3 1 2 3 2 6 2 14 11 13 6 11 9 3 3 7 4 9 8 4 4 1 10 8 7 11 10 10 6 7 10 16 11 11 5 13 16 11 12 7 12 8 8 10 17 14 12 9 11 12 12 9 8 8 11 8 18 12 11 16 15 13 12 18 14 18 19 20 13 20 22 18 12 12 15 26 19 16 20 17 19 21 21 12 18 19 21 20 20 22 25 25 18 21 27 21 22 21 28 23 23 18 21 24 24 31 28 33 25 22 22 23 28 26 29 25 25 26 27 22 26 25 32 25 33 27 31 23 27 24 33 27 29 30 36 28 33 29 31 33 30 36 26 33 28 30 33 29 32 28 32 30 31 37 37 32 33 34 31 32 42 35 38 32 32 36 35 30 31 32 40 39 31 31 37 34 35 34 32 43 32 39 37 34 38 39 34 39 42 35 39 38 40 31 40 34 48 40 36 33 40 43 43 40 44 33 35 40 43 43 42 46 38 38 43 46 43 39 44 41 41 49 45 46 44 44 38 36 52 42 45 44 50 49 46 40 48 47 45 50 49 54 41 45 53 47 45 50 52 39 53 50 47 46 49 50 56 41 51 50 49 48 48 42 51 50 56 43 51 51 58 49 46 51 53 52 53 53 53 49 52 59 50 50 56 52 55 55 58 51 62 54 58 53 56 55 57 54 61 58 66 60 61 57 58 60 63 61 64 57 56 64 57 62 56 62 55 69 61 65 57 60 62 60 58 59 60 66 68 58 62 62 59 63 63 59 64 56 63 65 63 64 65 56 69 66 65 62 66 69 57 60 68 64 65 68 65 71 61 68 61 70 67 68 67 68 65 67 67 72 68 65 67 75 67 66 69 71 71 72 67 70 70 77 69 73 73 70 74 71 74 70 77 71 73 75 74 81 75 73 74 78 74 81 73 72 82 78 71 75 80 80 76 77 81 77 75 75 80 78 79 78 76 86 80 84 75 76 74 76 79 75 77 79 80 85 84 78 78 80 78 79 80 81 84 85 79 82 81 86 81 88 82 87 83 81 79 83 76 77 83 84 78 79 83 87 85 86 82 82 81 84 85 85 87 82 87 79 82 96 89 88 83 86 93 87 82 84 89 91 89 91 88 93 88 91 94 93 86 84 84 88 90 89 90 90 87 91 95 86 88 89 99 89 95 93 91 97 92 94 92 91 99 89 95 98 101 92 96 97 95 103 102 95 92 98 94 96 94 89 97 93 102 97 99 106 100 99 90 97 95 96 98 96 96 95 100 98 104 97 103 96 110 102 98 100 95 101 108 102 102 99 104 100 101 105 95 98 105 102 109 101 104 104 112 99 103 99 104 107 102 100 104 103 108 102 113 111 105 107 106 104 106 104 108 104 107 104 104 106 107 111 107 109 110 106 110 109 107 106 112 113 117 115 111 115 104 110 111 115 112 112 113 117 107 115 113 117 120 113 114 114 115 117 115 118 114 112 119 120 117 116 116 113 114 114 111 119 121 119 116 119 114 109 116 115 119 116 120 112 113 110 118 117 127 120 115 115 128 119 124 127 123 121 122 128 117 122 122 120 121 120 119 121 127 121 120 117 122 124 125 127 123 124 126 120 122 122 128 125 128 118 128 128 126 126 127 121 122 126 123 121 126 127 125 124 124 120 127 126
0 : [0, 4, 15, 16] (59.0)
1 : [2, 8, 10, 11, 18, 21, 41] (51.0)
2 : [6, 7, 22, 24, 26] (50.0)
3 : [9, 17, 19, 20, 23, 33, 34] (50.0)
4 : [1, 36, 39, 40] (55.0)
5 : [5, 13, 54] (56.0)
6 : [3, 25, 30, 48] (50.0)
7 : [35, 44, 49, 59] (56.0)
8 : [12, 38, 43, 61, 62, 72, 73, 75] (50.0)
9 : [32, 37, 67, 71] (50.0)
10 : [14, 42, 46, 47, 50, 63] (50.0)
11 : [28, 31, 45, 52, 53, 57, 68, 74, 78] (50.0)
12 : [58, 60, 66, 69, 70, 77, 82, 92, 93, 103] (52.0)
13 : [29, 55, 81, 88] (51.0)
14 : [27, 65, 84] (59.0)
15 : [80, 94] (65.0)
16 : [51, 56, 79, 97] (59.0)
17 : [64, 99] (54.0)
18 : [76, 83, 85, 91, 104, 112, 121] (54.0)
19 : [86, 96, 100, 105] (54.0)
20 : [87, 89, 98, 107, 108] (56.0)
21 : [101, 102, 106, 113, 115, 117, 122] (56.0)
22 : [90, 109, 116, 129, 130, 139] (52.0)
23 : [119, 120, 131, 147] (56.0)
24 : [123, 124, 149] (58.0)
25 : [110, 111, 128, 135, 136, 141, 143] (87.0)
26 : [95, 133, 137, 140, 162] (59.0)
27 : [114, 138, 145, 148, 151] (58.0)
28 : [118, 126, 132, 155, 164, 169] (53.0)
29 : [134, 152, 157, 167] (53.0)
30 : [153, 160, 165, 171, 187] (62.0)
31 : [125, 146, 158, 172, 178, 188, 192, 193, 213] (66.0)
32 : [142, 168, 170, 175, 179, 183, 184, 189, 198, 200] (72.0)
33 : [127, 144, 150, 156, 159, 163, 166, 176, 219, 225] (62.0)
34 : [177, 195, 197, 203, 206, 215] (78.0)
35 : [181, 186, 196, 209, 226] (67.0)
36 : [154, 161, 185, 218, 247] (71.0)
37 : [173, 174, 194, 202] (63.0)
38 : [182, 204, 211, 232, 233, 246] (59.0)
39 : [191, 201, 205, 207, 210, 237, 269] (73.0)
40 : [190, 212, 214, 217, 220, 223, 227, 255] (77.0)
41 : [239, 240, 262, 277] (67.0)
42 : [180, 208, 230, 249, 283] (69.0)
43 : [199, 221, 222, 228, 229, 234, 236, 287] (92.0)
44 : [224, 238, 244, 245, 251] (61.0)
45 : [242, 250, 258, 263, 266] (70.0)
46 : [231, 235, 243, 254, 273, 292] (57.0)
47 : [257, 265, 272] (67.0)
48 : [216, 256, 281, 282] (62.0)
49 : [241, 253, 260, 274, 280, 291, 299] (84.0)
50 : [252, 259, 267, 271, 275, 279, 285, 302, 303] (83.0)
51 : [278, 284, 288, 289, 293, 309] (70.0)
52 : [248, 268, 295, 300, 305] (65.0)
53 : [264, 270, 294, 296, 297, 298, 313] (55.0)
54 : [261, 311, 317] (61.0)
55 : [306, 307, 315, 336] (66.0)
56 : [276, 286, 304, 314, 330, 334, 357, 363] (72.0)
57 : [316, 323, 329, 332, 340, 370] (69.0)
58 : [290, 308, 312, 319, 324, 344, 349] (66.0)
59 : [301, 345, 352, 355] (59.0)
60 : [321, 325, 341, 343, 346, 371] (71.0)
61 : [318, 322, 327, 338, 378, 380] (72.0)
62 : [310, 333, 335, 342, 350, 351, 367] (69.0)
63 : [326, 353, 354, 358, 360] (83.0)
64 : [328, 331, 356, 361, 373] (65.0)
65 : [339, 359, 362, 366, 374, 376, 386, 391] (84.0)
66 : [320, 347, 365, 368, 395] (62.0)
67 : [382, 384, 387, 388, 392, 394, 400] (78.0)
68 : [348, 372, 375, 379, 383, 385, 390] (100.0)
69 : [337, 364, 369, 396, 404] (73.0)
70 : [381, 401, 402, 407, 411] (79.0)
71 : [377, 397, 398, 409, 413, 428] (84.0)
72 : [389, 399, 425] (69.0)
73 : [405, 406, 414, 419, 424] (74.0)
74 : [408, 410, 416, 420, 422, 448] (74.0)
75 : [393, 415, 418, 429, 436, 437, 446, 451] (83.0)
76 : [432, 442, 447, 449, 478] (79.0)
77 : [403, 412, 433, 435, 452, 479] (67.0)
78 : [421, 427, 439, 441, 457, 458, 460, 482] (72.0)
79 : [440, 450, 453, 461, 466, 476, 483, 497] (98.0)
80 : [430, 431, 438, 444, 454, 459, 462] (98.0)
81 : [417, 423, 434, 463, 468, 470, 475, 490] (99.0)
82 : [426, 467, 472, 488, 489, 495, 498, 506] (88.0)
83 : [474, 477, 480, 484, 502] (100.0)
84 : [445, 456, 464, 481, 491, 507, 519, 520] (95.0)
85 : [455, 465, 486, 492, 493] (83.0)
86 : [443, 469, 487, 503, 518, 529] (99.0)
87 : [473, 485, 494, 496, 505, 526] (99.0)
88 : [471, 501, 512, 514, 521, 530] (68.0)
89 : [500, 508, 510, 523, 531, 533, 543, 559] (93.0)
90 : [522, 524, 525, 568] (87.0)
91 : [509, 511, 515, 527, 536, 541] (89.0)
92 : [538, 540, 547, 554] (82.0)
93 : [504, 513, 517, 535, 561] (100.0)
94 : [516, 539, 556, 558] (71.0)
95 : [528, 534, 544, 550, 553, 570, 575, 586, 596] (88.0)
96 : [499, 548, 557, 571, 573, 574, 581] (83.0)
97 : [537, 549, 560, 563, 569, 579] (100.0)
98 : [545, 555, 572, 577, 584, 597] (75.0)
99 : [532, 542, 564, 567, 591, 605, 607] (75.0)
100 : [566, 576, 585, 593, 611] (95.0)
101 : [546, 587, 594, 601] (100.0)
102 : [552, 562, 583, 589, 590, 599, 610, 615] (100.0)
103 : [551, 580, 606, 613] (61.0)
104 : [578, 592, 602, 603, 608, 612, 621, 623, 625, 627, 628, 646] (100.0)
105 : [595, 598, 618] (99.0)
106 : [565, 620, 622, 629, 635, 639] (100.0)
107 : [609, 619, 626, 630, 632, 638, 654] (100.0)
108 : [588, 614, 624] (98.0)
109 : [600, 633, 637, 683] (100.0)
110 : [582, 634, 636, 647, 691] (100.0)
111 : [617, 631, 644, 648, 676] (96.0)
112 : [604, 640, 650, 651, 667, 689] (100.0)
113 : [616, 641, 652, 656, 659, 673, 690] (100.0)
114 : [660, 661, 666, 674, 675, 682] (100.0)
115 : [643, 645, 649, 655, 662, 664, 685, 696, 697] (95.0)
116 : [671, 672, 680, 684, 687] (100.0)
117 : [642, 653, 657, 663, 670, 693, 706, 717] (99.0)
118 : [665, 692, 731] (100.0)
119 : [668, 677, 679, 681, 686, 699, 712] (94.0)
120 : [658, 669, 688, 695, 709, 711, 716, 725, 747] (95.0)
121 : [678, 703, 710, 713, 715, 737, 741] (69.0)
122 : [704, 707, 708, 718, 726, 727, 738] (95.0)
123 : [702, 722, 740] (94.0)
124 : [700, 719, 723, 745, 746] (100.0)
125 : [720, 729, 744] (99.0)
126 : [724, 734, 735, 739, 742, 749] (100.0)
127 : [694, 701, 714, 721, 736, 743, 748] (78.0)
128 : [698, 705, 728, 730, 732, 733] (100.0)
