Name: 750-40-75
Time: 77.80960488319397 
Result: 35
Solution:  4 0 2 1 8 5 0 1 1 4 3 2 2 1 9 0 9 6 5 9 9 6 3 3 3 12 5 12 5 2 12 4 13 8 2 5 8 9 11 9 2 13 9 15 14 8 3 13 16 9 11 3 20 12 19 11 12 21 18 6 15 19 15 12 17 17 18 15 12 11 12 18 17 18 17 14 22 21 19 18 20 18 27 21 23 19 25 22 22 23 15 18 22 23 18 16 22 22 31 24 25 28 27 21 31 22 27 30 31 22 19 24 25 25 30 26 29 29 33 27 27 30 33 28 32 34 33 34 26 34 28 25 35 34 27 37 34 34 39 29 36 33 32 41 33 35 41 40 43 31 35 30 37 42 36 37 43 34 39 41 46 41 39 40 38 37 38 42 40 40 36 46 44 43 41 38 35 50 47 48 45 45 50 46 45 44 50 42 44 54 47 47 46 42 48 48 44 51 51 58 51 51 48 50 49 57 56 52 52 52 59 53 53 54 54 47 49 47 54 51 50 59 55 56 62 52 56 54 60 56 59 53 58 63 57 53 57 56 62 54 57 58 61 60 61 59 62 63 69 62 59 55 62 62 64 66 67 69 63 55 65 63 72 68 70 68 71 68 67 67 67 64 66 71 62 70 74 67 68 70 71 73 69 70 75 73 77 69 70 65 66 73 71 81 72 74 79 78 75 71 81 72 75 76 75 79 77 71 78 79 72 73 79 78 76 77 79 77 80 80 79 77 80 73 76 84 82 82 88 90 82 77 86 82 83 83 87 79 78 83 84 76 83 86 84 85 83 81 91 84 83 85 86 84 83 86 84 81 82 91 90 85 93 85 87 91 93 85 97 88 96 97 89 85 91 90 94 92 88 89 85 89 89 91 92 93 93 94 90 93 95 94 96 94 99 93 88 104 92 95 96 97 97 90 96 101 105 92 101 98 98 96 98 103 94 96 102 100 98 99 92 103 95 93 100 104 99 99 100 98 95 104 97 110 106 108 99 102 102 101 103 101 105 101 102 108 103 109 107 109 106 106 106 109 109 110 107 104 104 107 108 115 104 109 113 111 102 107 105 105 110 114 109 115 111 112 112 104 110 113 114 103 106 112 116 118 107 105 113 113 116 107 113 112 108 115 110 111 108 110 109 119 125 116 119 114 119 116 115 122 120 117 126 118 124 120 120 116 117 117 115 120 121 116 116 119 114 113 121 118 115 121 122 126 128 121 123 123 128 122 124 127 127 132 116 130 125 118 124 117 125 126 129 127 133 122 121 127 127 128 123 131 122 130 133 125 129 126 129 131 130 126 130 132 132 128 136 124 125 130 133 128 131 134 136 135 137 132 133 126 130 132 134 128 131 142 134 136 141 138 130 137 136 129 139 145 139 138 137 133 134 144 140 136 136 140 141 137 139 137 141 132 149 136 135 146 143 141 143 146 142 138 138 140 137 140 143 144 143 144 142 148 143 139 149 146 143 147 139 148 141 145 148 143 144 149 148 152 148 143 141 149 150 146 151 141 148 150 156 150 145 151 150 149 152 147 151 147 152 153 154 156 151 147 146 153 157 153 155 150 155 156 156 154 158 155 149 157 158 156 149 152 157 147 157 158 164 164 149 154 156 155 163 154 152 159 159 154 159 160 162 163 158 165 160 162 163 164 165 160 161 160 161 163 163 161 158 163 162 163 164 162 163 160 165 163 159 164 159 165
0 : [1, 6, 15] (44.0)
1 : [3, 7, 8, 13] (48.0)
2 : [2, 11, 12, 29, 34, 40] (46.0)
3 : [10, 22, 23, 24, 46, 51] (42.0)
4 : [0, 9, 31] (42.0)
5 : [5, 18, 26, 28, 35] (40.0)
6 : [17, 21, 59] (40.0)
7 : [] (0.0)
8 : [4, 33, 36, 45] (42.0)
9 : [14, 16, 19, 20, 37, 39, 42, 49] (66.0)
10 : [] (0.0)
11 : [38, 50, 55, 69] (44.0)
12 : [25, 27, 30, 53, 56, 63, 68, 70] (62.0)
13 : [32, 41, 47] (42.0)
14 : [44, 75] (45.0)
15 : [43, 60, 62, 67, 90] (50.0)
16 : [48, 95] (61.0)
17 : [64, 65, 72, 74] (46.0)
18 : [58, 66, 71, 73, 79, 81, 91, 94] (50.0)
19 : [54, 61, 78, 85, 110] (46.0)
20 : [52, 80] (44.0)
21 : [57, 77, 83, 103] (45.0)
22 : [76, 87, 88, 92, 96, 97, 105, 109] (64.0)
23 : [84, 89, 93] (43.0)
24 : [99, 111] (51.0)
25 : [86, 100, 112, 113, 131] (54.0)
26 : [115, 128] (47.0)
27 : [82, 102, 106, 119, 120, 134] (49.0)
28 : [101, 123, 130] (40.0)
29 : [116, 117, 139] (48.0)
30 : [107, 114, 121, 151] (44.0)
31 : [98, 104, 108, 149] (47.0)
32 : [124, 142] (45.0)
33 : [118, 122, 126, 141, 144] (45.0)
34 : [125, 127, 129, 133, 136, 137, 157] (54.0)
35 : [132, 145, 150, 176] (54.0)
36 : [140, 154, 170] (43.0)
37 : [135, 152, 155, 165] (55.0)
38 : [164, 166, 175] (52.0)
39 : [138, 158, 162] (46.0)
40 : [147, 163, 168, 169] (47.0)
41 : [143, 146, 159, 161, 174] (54.0)
42 : [153, 167, 187, 193] (52.0)
43 : [148, 156, 173] (50.0)
44 : [172, 185, 188, 196] (52.0)
45 : [180, 181, 184] (51.0)
46 : [160, 171, 183, 192] (59.0)
47 : [178, 190, 191, 215, 217] (74.0)
48 : [179, 194, 195, 202] (70.0)
49 : [204, 216] (43.0)
50 : [177, 182, 186, 203, 220] (61.0)
51 : [197, 198, 200, 201, 219] (66.0)
52 : [207, 208, 209, 225] (64.0)
53 : [211, 212, 231, 235] (59.0)
54 : [189, 213, 214, 218, 227, 239] (62.0)
55 : [222, 251, 259] (45.0)
56 : [206, 223, 226, 229, 237] (51.0)
57 : [205, 234, 236, 240] (42.0)
58 : [199, 232, 241] (52.0)
59 : [210, 221, 230, 245, 250] (40.0)
60 : [228, 243] (47.0)
61 : [242, 244] (48.0)
62 : [224, 238, 246, 249, 252, 253, 274] (59.0)
63 : [233, 247, 258, 261] (46.0)
64 : [254, 271] (45.0)
65 : [260, 289] (51.0)
66 : [255, 272, 290] (56.0)
67 : [256, 268, 269, 270, 277] (50.0)
68 : [263, 265, 267, 278] (44.0)
69 : [248, 257, 282, 287] (48.0)
70 : [264, 275, 279, 283, 288] (72.0)
71 : [266, 273, 280, 292, 299, 307] (73.0)
72 : [262, 294, 301, 310] (51.0)
73 : [281, 285, 291, 311, 323] (73.0)
74 : [276, 295] (47.0)
75 : [284, 298, 302, 304] (54.0)
76 : [303, 314, 324, 341] (61.0)
77 : [286, 306, 315, 317, 321, 331] (75.0)
78 : [297, 308, 313, 338] (51.0)
79 : [296, 305, 309, 312, 316, 320, 337] (72.0)
80 : [318, 319, 322] (48.0)
81 : [293, 300, 347, 357] (52.0)
82 : [326, 327, 330, 333, 358] (72.0)
83 : [334, 335, 339, 342, 346, 350, 354] (65.0)
84 : [325, 340, 344, 349, 353, 356] (70.0)
85 : [345, 351, 361, 363, 367, 373, 380] (62.0)
86 : [332, 343, 352, 355] (57.0)
87 : [336, 364] (40.0)
88 : [328, 369, 378, 396] (57.0)
89 : [372, 379, 381, 382] (56.0)
90 : [329, 360, 375, 388, 403] (62.0)
91 : [348, 359, 365, 374, 383] (68.0)
92 : [377, 384, 398, 407, 420] (66.0)
93 : [362, 366, 385, 386, 389, 395, 423] (74.0)
94 : [376, 387, 391, 393, 414] (54.0)
95 : [390, 399, 422, 430] (75.0)
96 : [370, 392, 400, 404, 411, 415] (74.0)
97 : [368, 371, 401, 402, 432] (75.0)
98 : [409, 410, 412, 418, 429] (74.0)
99 : [394, 419, 426, 427, 436] (54.0)
100 : [417, 424, 428] (51.0)
101 : [405, 408, 439, 441, 443] (55.0)
102 : [416, 437, 438, 444, 466] (60.0)
103 : [413, 421, 440, 446, 481] (54.0)
104 : [397, 425, 431, 457, 458, 462, 477] (59.0)
105 : [406, 442, 468, 469, 487] (56.0)
106 : [434, 450, 451, 452, 482] (75.0)
107 : [448, 456, 459, 467, 486, 491] (61.0)
108 : [435, 445, 460, 494, 498] (75.0)
109 : [447, 449, 453, 454, 463, 472, 500] (72.0)
110 : [433, 455, 470, 478, 496, 499] (65.0)
111 : [465, 474, 497] (75.0)
112 : [475, 476, 483, 493] (68.0)
113 : [464, 479, 488, 489, 492, 527] (74.0)
114 : [471, 480, 505, 526] (72.0)
115 : [461, 473, 495, 508, 520, 530] (74.0)
116 : [484, 490, 503, 507, 517, 523, 524, 544] (71.0)
117 : [511, 518, 519, 549] (75.0)
118 : [485, 513, 529, 547] (57.0)
119 : [501, 504, 506, 525] (75.0)
120 : [510, 515, 516, 521] (74.0)
121 : [522, 528, 531, 535, 556] (75.0)
122 : [509, 532, 539, 555, 562] (75.0)
123 : [536, 537, 560] (63.0)
124 : [514, 540, 548, 577] (75.0)
125 : [502, 546, 550, 565, 578] (74.0)
126 : [512, 533, 551, 567, 571, 589] (60.0)
127 : [541, 542, 553, 557, 558] (64.0)
128 : [534, 538, 559, 575, 581, 593] (71.0)
129 : [552, 566, 568, 603] (75.0)
130 : [545, 563, 570, 572, 579, 590, 600] (69.0)
131 : [561, 569, 582, 594] (62.0)
132 : [543, 573, 574, 587, 591, 621] (65.0)
133 : [554, 564, 580, 588, 609] (73.0)
134 : [583, 592, 596, 610] (74.0)
135 : [585, 624] (45.0)
136 : [576, 584, 597, 602, 613, 614, 623] (69.0)
137 : [586, 601, 608, 617, 619, 634] (73.0)
138 : [599, 607, 631, 632] (55.0)
139 : [604, 606, 618, 643, 648] (59.0)
140 : [612, 615, 633, 635] (58.0)
141 : [598, 616, 620, 627, 650, 660, 665] (74.0)
142 : [595, 630, 640] (63.0)
143 : [626, 628, 636, 638, 642, 646, 653, 659] (67.0)
144 : [611, 637, 639, 654] (72.0)
145 : [605, 651, 670] (75.0)
146 : [625, 629, 645, 663, 684] (75.0)
147 : [647, 675, 677, 683, 703] (74.0)
148 : [641, 649, 652, 656, 658, 666] (68.0)
149 : [622, 644, 655, 661, 673, 696, 700, 708] (75.0)
150 : [662, 667, 669, 672, 689] (74.0)
151 : [664, 671, 676, 682] (75.0)
152 : [657, 674, 678, 701, 714] (75.0)
153 : [679, 685, 687] (75.0)
154 : [680, 693, 709, 713, 717] (75.0)
155 : [688, 690, 695, 711] (75.0)
156 : [668, 681, 691, 692, 699, 710] (75.0)
157 : [686, 697, 702, 704] (71.0)
158 : [694, 698, 705, 722, 736] (75.0)
159 : [715, 716, 718, 746, 748] (74.0)
160 : [719, 724, 729, 731, 743] (72.0)
161 : [730, 732, 735] (75.0)
162 : [720, 725, 738, 741] (73.0)
163 : [712, 721, 726, 733, 734, 737, 739, 742, 745] (74.0)
164 : [706, 707, 727, 740, 747] (75.0)
165 : [723, 728, 744, 749] (68.0)
