Name: 750-30-50
Time: 75.98439311981201 
Result: 26
Solution:  0 2 2 0 4 1 2 2 7 1 3 8 0 3 3 8 1 1 6 7 3 1 11 4 5 6 6 5 6 8 13 7 11 13 2 12 10 5 1 9 5 17 8 13 10 3 14 13 13 17 12 15 9 10 11 17 10 13 10 9 12 12 13 19 15 15 19 12 15 14 23 16 14 13 18 16 16 21 20 24 20 21 22 23 24 23 20 21 26 21 23 28 18 22 16 30 20 22 21 18 22 25 31 22 24 32 25 19 25 19 28 27 28 28 32 29 27 31 29 30 23 28 29 32 31 31 31 33 31 27 35 31 31 31 33 30 32 26 31 32 32 38 34 35 30 35 26 35 35 34 37 45 32 39 36 41 41 35 35 38 42 37 33 34 37 31 32 37 41 44 40 38 41 35 41 42 36 46 38 41 38 36 42 48 47 48 45 38 51 40 39 44 48 46 42 39 38 45 43 48 46 43 41 41 50 47 44 55 52 46 49 41 48 51 49 51 53 55 50 49 51 43 55 56 50 45 55 50 55 44 51 52 47 55 48 50 55 52 54 54 57 56 55 55 62 60 54 55 55 56 59 55 55 52 53 58 56 55 52 58 58 50 59 59 61 57 60 59 56 57 63 56 56 58 61 64 60 65 58 63 60 62 65 58 61 66 59 64 62 72 64 58 68 67 59 67 68 65 65 70 62 65 61 72 69 73 63 66 66 65 67 69 66 63 69 65 77 70 68 67 69 65 74 74 77 75 71 72 68 66 78 76 69 71 73 70 76 73 67 74 68 73 72 75 79 83 75 74 70 71 75 82 74 77 74 79 79 76 78 71 73 83 70 81 84 78 78 81 78 76 83 82 76 81 80 80 85 78 79 79 82 81 76 78 87 82 92 87 82 75 80 93 79 81 89 86 88 90 86 81 93 85 81 84 81 88 92 89 87 91 86 88 91 85 87 86 88 91 91 94 89 86 89 90 88 87 99 90 86 94 91 96 93 93 85 95 99 89 91 96 92 102 96 90 90 97 92 89 93 95 99 95 88 91 96 99 94 98 94 98 100 97 97 106 89 98 98 101 92 96 101 98 99 103 105 92 99 101 103 101 105 97 107 102 97 101 103 107 96 108 112 110 99 104 101 105 99 100 104 102 109 104 102 101 112 109 101 106 102 105 106 107 104 111 107 110 113 114 106 108 108 104 103 113 114 111 113 113 110 107 113 103 110 107 110 117 113 115 120 116 122 112 112 117 111 107 116 115 114 122 115 114 115 114 120 118 114 115 120 114 126 126 118 110 126 121 118 119 121 116 116 118 117 120 117 122 118 124 118 112 121 120 121 116 119 121 127 124 128 123 124 124 128 120 124 125 127 122 126 125 125 126 123 127 121 123 133 123 128 123 130 123 131 134 128 134 129 123 133 123 132 127 124 128 126 134 129 132 135 130 135 137 130 130 129 127 133 133 132 131 138 127 142 137 131 135 140 137 136 132 139 132 135 132 136 143 132 136 133 138 139 140 138 136 133 138 140 136 136 137 137 131 137 143 141 141 143 135 144 141 147 140 140 142 139 144 148 139 146 143 146 139 150 146 140 142 144 150 147 145 147 147 139 151 146 143 143 149 151 148 144 153 148 155 145 142 146 153 143 148 154 149 151 149 149 148 150 149 148 145 152 152 148 150 154 151 147 154 152 150 153 146 155 154 155 155 153 153 155 152
0 : [0, 3, 12] (30.0)
1 : [5, 9, 16, 17, 21, 38] (27.0)
2 : [1, 2, 6, 7, 34] (30.0)
3 : [10, 13, 14, 20, 45] (28.0)
4 : [4, 23] (30.0)
5 : [24, 27, 37, 40] (32.0)
6 : [18, 25, 26, 28] (30.0)
7 : [8, 19, 31] (31.0)
8 : [11, 15, 29, 42] (31.0)
9 : [39, 52, 59] (30.0)
10 : [36, 44, 53, 56, 58] (38.0)
11 : [22, 32, 54] (31.0)
12 : [35, 50, 60, 61, 67] (32.0)
13 : [30, 33, 43, 47, 48, 57, 62, 73] (30.0)
14 : [46, 69, 72] (30.0)
15 : [51, 64, 65, 68] (33.0)
16 : [71, 75, 76, 94] (35.0)
17 : [41, 49, 55] (35.0)
18 : [74, 92, 99] (36.0)
19 : [63, 66, 107, 109] (32.0)
20 : [78, 80, 86, 96] (32.0)
21 : [77, 81, 87, 89, 98] (34.0)
22 : [82, 93, 97, 100, 103] (39.0)
23 : [70, 83, 85, 90, 120] (34.0)
24 : [79, 84, 104] (34.0)
25 : [101, 106, 108] (32.0)
26 : [88, 137, 146] (35.0)
27 : [111, 116, 129] (47.0)
28 : [91, 110, 112, 113, 121] (32.0)
29 : [115, 118, 122] (33.0)
30 : [95, 119, 135, 144] (33.0)
31 : [102, 117, 124, 125, 126, 128, 131, 132, 133, 138, 165] (30.0)
32 : [105, 114, 123, 136, 139, 140, 152, 166] (30.0)
33 : [127, 134, 162] (31.0)
34 : [142, 149, 163] (30.0)
35 : [130, 143, 145, 147, 148, 157, 158, 173] (33.0)
36 : [154, 176, 181] (30.0)
37 : [150, 161, 164, 167] (37.0)
38 : [141, 159, 171, 178, 180, 187, 196] (32.0)
39 : [153, 190, 195] (41.0)
40 : [170, 189] (31.0)
41 : [155, 156, 168, 172, 174, 179, 202, 203, 211] (37.0)
42 : [160, 175, 182, 194] (36.0)
43 : [198, 201, 221] (31.0)
44 : [169, 191, 206, 229] (38.0)
45 : [151, 186, 197, 225] (34.0)
46 : [177, 193, 200, 209] (30.0)
47 : [184, 205, 232] (30.0)
48 : [183, 185, 192, 199, 212, 234] (30.0)
49 : [210, 214, 219] (36.0)
50 : [204, 218, 224, 227, 235, 261] (32.0)
51 : [188, 213, 215, 220, 230] (32.0)
52 : [208, 231, 237, 253, 258] (31.0)
53 : [216, 254] (41.0)
54 : [238, 239, 246] (33.0)
55 : [207, 217, 222, 226, 228, 233, 236, 242, 243, 247, 248, 251, 252, 257] (30.0)
56 : [223, 241, 249, 256, 268, 271, 272] (31.0)
57 : [240, 265, 269] (37.0)
58 : [255, 259, 260, 273, 278, 283, 291] (35.0)
59 : [250, 262, 263, 267, 286, 294] (33.0)
60 : [245, 266, 276, 280] (39.0)
61 : [264, 274, 284, 302] (33.0)
62 : [244, 281, 288, 300] (44.0)
63 : [270, 279, 306, 313] (39.0)
64 : [275, 287, 290] (40.0)
65 : [277, 282, 297, 298, 301, 309, 315, 321] (41.0)
66 : [285, 307, 308, 312, 329] (40.0)
67 : [293, 295, 310, 319, 338] (36.0)
68 : [292, 296, 318, 328, 340] (37.0)
69 : [304, 311, 314, 320, 332] (38.0)
70 : [299, 317, 335, 348, 362] (41.0)
71 : [326, 333, 349, 359] (36.0)
72 : [289, 303, 327, 342] (39.0)
73 : [305, 334, 337, 341, 360] (43.0)
74 : [322, 323, 339, 347, 352, 354] (40.0)
75 : [325, 343, 346, 350, 389] (36.0)
76 : [331, 336, 357, 369, 372, 382] (40.0)
77 : [316, 324, 353] (40.0)
78 : [330, 358, 365, 366, 368, 377, 383] (44.0)
79 : [344, 355, 356, 378, 379, 392] (40.0)
80 : [374, 375, 390] (37.0)
81 : [363, 367, 373, 381, 393, 399, 402, 404] (50.0)
82 : [351, 371, 380, 385, 388] (50.0)
83 : [345, 361, 370] (42.0)
84 : [364, 403] (32.0)
85 : [376, 401, 413, 434] (49.0)
86 : [395, 398, 410, 415, 421, 428] (50.0)
87 : [384, 387, 408, 414, 425] (43.0)
88 : [396, 405, 411, 416, 424, 452] (50.0)
89 : [394, 407, 420, 422, 437, 447, 464] (47.0)
90 : [397, 423, 427, 443, 444] (45.0)
91 : [409, 412, 417, 418, 430, 438, 453] (45.0)
92 : [386, 406, 440, 446, 468, 475] (47.0)
93 : [391, 400, 432, 433, 448] (40.0)
94 : [419, 429, 456, 458] (45.0)
95 : [435, 449, 451] (44.0)
96 : [431, 439, 442, 454, 469, 488] (32.0)
97 : [445, 461, 462, 481, 484] (44.0)
98 : [457, 459, 465, 466, 471] (43.0)
99 : [426, 436, 450, 455, 472, 476, 492, 496] (50.0)
100 : [460, 497] (35.0)
101 : [467, 470, 477, 479, 485, 494, 503, 506] (50.0)
102 : [441, 483, 499, 502, 508] (42.0)
103 : [473, 478, 486, 522, 531] (40.0)
104 : [493, 498, 501, 512, 521] (34.0)
105 : [474, 480, 495, 509] (50.0)
106 : [463, 507, 510, 518] (49.0)
107 : [482, 487, 511, 514, 529, 533, 545] (50.0)
108 : [489, 519, 520] (49.0)
109 : [500, 505] (36.0)
110 : [491, 515, 528, 532, 534, 563] (50.0)
111 : [513, 525, 544] (39.0)
112 : [490, 504, 541, 542, 579] (47.0)
113 : [516, 523, 526, 527, 530, 536] (48.0)
114 : [517, 524, 548, 551, 553, 556, 559] (46.0)
115 : [537, 547, 550, 552, 557] (47.0)
116 : [539, 546, 569, 570, 583] (42.0)
117 : [535, 543, 572, 574] (42.0)
118 : [555, 562, 566, 571, 576, 578] (47.0)
119 : [567, 584] (51.0)
120 : [538, 554, 558, 573, 581, 593] (42.0)
121 : [565, 568, 580, 582, 585, 604] (50.0)
122 : [540, 549, 575, 597] (50.0)
123 : [589, 602, 605, 607, 609, 611, 617, 619] (45.0)
124 : [577, 587, 590, 591, 594, 622] (48.0)
125 : [595, 599, 600] (53.0)
126 : [560, 561, 564, 598, 601, 624] (50.0)
127 : [586, 596, 603, 621, 635, 641] (50.0)
128 : [588, 592, 608, 614, 623] (48.0)
129 : [616, 626, 634] (48.0)
130 : [610, 629, 632, 633] (50.0)
131 : [612, 639, 644, 671] (50.0)
132 : [620, 627, 638, 649, 651, 653, 656] (50.0)
133 : [606, 618, 636, 637, 658, 664] (46.0)
134 : [613, 615, 625] (50.0)
135 : [628, 630, 645, 652, 677] (50.0)
136 : [648, 654, 657, 663, 667, 668] (46.0)
137 : [631, 643, 647, 669, 670, 672] (50.0)
138 : [640, 659, 662, 665] (50.0)
139 : [650, 660, 684, 687, 691, 702] (50.0)
140 : [646, 661, 666, 681, 682, 694] (50.0)
141 : [674, 675, 679] (50.0)
142 : [642, 683, 695, 715] (50.0)
143 : [655, 673, 676, 689, 705, 706, 718] (47.0)
144 : [678, 685, 696, 710] (40.0)
145 : [699, 714, 729] (49.0)
146 : [688, 690, 693, 704, 716, 741] (49.0)
147 : [680, 698, 700, 701, 736] (50.0)
148 : [686, 709, 712, 719, 725, 728, 732] (50.0)
149 : [707, 721, 723, 724, 727] (41.0)
150 : [692, 697, 726, 733, 739] (47.0)
151 : [703, 708, 722, 735] (47.0)
152 : [730, 731, 738, 749] (50.0)
153 : [711, 717, 740, 746, 747] (48.0)
154 : [720, 734, 737, 743] (50.0)
155 : [713, 742, 744, 745, 748] (53.0)
