Name: 50-40-75
Time: 6.238005876541138 
Result: 31
Solution:  2 1 2 1 0 0 6 6 2 4 2 4 6 5 8 10 9 7 9 12 11 10 8 12 11 9 15 13 15 13 14 13 16 16 17 17 16 18 18 19 17 18 19 20 19 19 20 21 21 21
0: 4 5 (42.0)
1: 1 3 (51.0)
2: 0 2 8 10 (71.0)
3: (0.0)
4: 9 11 (48.0)
5: 13 (42.0)
6: 6 7 12 (47.0)
7: 17 (48.0)
8: 14 22 (40.0)
9: 16 18 25 (40.0)
10: 15 21 (69.0)
11: 20 24 (61.0)
12: 19 23 (65.0)
13: 27 29 31 (63.0)
14: 30 (47.0)
15: 26 28 (64.0)
16: 32 33 36 (55.0)
17: 34 35 40 (68.0)
18: 37 38 41 (66.0)
19: 39 42 44 45 (62.0)
20: 43 46 (71.0)
21: 47 48 49 (69.0)
