Name: 50-20-30
Time: 4.817098379135132 
Result: 10
Solution:  3 1 1 2 4 2 6 5 3 1 2 5 8 8 4 5 8 7 7 7 9 8 8 10 6 6 9 10 11 12 13 11 12 11 11 10 12 14 14 16 13 14 16 17 15 17 15 16 17 17
0: (0.0)
1: 1 2 9 (19.0)
2: 3 5 10 (25.0)
3: 0 8 (26.0)
4: 4 14 (26.0)
5: 7 11 15 (29.0)
6: 6 24 25 (23.0)
7: 17 18 19 (22.0)
8: 12 13 16 21 22 (20.0)
9: 20 26 (29.0)
10: 23 27 35 (28.0)
11: 28 31 33 34 (21.0)
12: 29 32 36 (29.0)
13: 30 40 (27.0)
14: 37 38 41 (26.0)
15: 44 46 (24.0)
16: 39 42 47 (24.0)
17: 43 45 48 49 (20.0)
