Name: 50-10-15
Time: 2.711440324783325 
Result: 6008
Solution:  1 0 2 2 1 3 0 3 7 4 4 8 6 3 7 6 8 7 11 10 9 10 11 10 12 12 14 13 15 16 16 15 14 13 17 18 18 17 19 19 20 16 21 20 22 22 24 24 23 21
0: 1 6 (13.0)
1: 0 4 (11.0)
2: 2 3 (11.0)
3: 5 7 13 (12.0)
4: 9 10 (10.0)
5: (0.0)
6: 12 15 (16.0)
7: 8 14 17 (10.0)
8: 11 16 (17.0)
9: 20 (11.0)
10: 19 21 23 (15.0)
11: 18 22 (12.0)
12: 24 25 (13.0)
13: 27 33 (13.0)
14: 26 32 (14.0)
15: 28 31 (14.0)
16: 29 30 41 (18.0)
17: 34 37 (14.0)
18: 35 36 (14.0)
19: 38 39 (14.0)
20: 40 43 (13.0)
21: 42 49 (14.0)
22: 44 45 (15.0)
23: 48 (12.0)
24: 46 47 (15.0)
