Name: 50-40-75
Time: 2.703155517578125 
Result: 30
Solution:  3 2 0 0 1 0 4 1 4 6 2 4 4 3 9 6 8 8 10 12 10 9 11 12 11 10 13 13 15 16 14 16 19 15 16 17 18 20 15 18 17 20 19 17 19 19 20 21 21 21
0: 2 3 5 (44.0)
1: 4 7 (58.0)
2: 1 10 (66.0)
3: 0 13 (52.0)
4: 6 8 11 12 (43.0)
5: (0.0)
6: 9 15 (73.0)
7: (0.0)
8: 16 17 (54.0)
9: 14 21 (51.0)
10: 18 20 25 (54.0)
11: 22 24 (64.0)
12: 19 23 (65.0)
13: 26 27 (55.0)
14: 30 (47.0)
15: 28 33 38 (70.0)
16: 29 31 34 (72.0)
17: 35 40 43 (72.0)
18: 36 39 (45.0)
19: 32 42 44 45 (63.0)
20: 37 41 46 (72.0)
21: 47 48 49 (69.0)
