Name: 50-10-15
Time: 6.407988786697388 
Result: 7
Solution:  0 0 4 1 3 2 2 3 7 5 2 4 7 4 6 5 8 9 9 8 6 9 12 11 12 10 16 13 15 11 16 15 14 12 17 17 16 18 18 19 20 20 22 22 19 21 24 24 23 21
0: 0 1 (10.0)
1: 3 (9.0)
2: 5 6 10 (12.0)
3: 4 7 (13.0)
4: 2 11 13 (14.0)
5: 9 15 (16.0)
6: 14 20 (14.0)
7: 8 12 (11.0)
8: 16 19 (15.0)
9: 17 18 21 (11.0)
10: 25 (11.0)
11: 23 29 (14.0)
12: 22 24 33 (11.0)
13: 27 (10.0)
14: 32 (11.0)
15: 28 31 (14.0)
16: 26 30 36 (13.0)
17: 34 35 (14.0)
18: 37 38 (13.0)
19: 39 44 (14.0)
20: 40 41 (14.0)
21: 45 49 (15.0)
22: 42 43 (15.0)
23: 48 (12.0)
24: 46 47 (15.0)
