Name: 50-40-75
Time: 4.550072908401489 
Result: 29
Solution:  1 2 0 0 1 2 2 7 2 6 9 6 5 3 7 5 8 4 7 11 10 10 8 12 14 8 9 11 16 12 13 14 19 15 17 15 18 20 16 19 20 18 18 15 19 20 17 21 21 21
0: 2 3 (41.0)
1: 0 4 (49.0)
2: 1 5 6 8 (61.0)
3: 13 (42.0)
4: 17 (48.0)
5: 12 15 (40.0)
6: 9 11 (48.0)
7: 7 14 18 (56.0)
8: 16 22 25 (43.0)
9: 10 26 (68.0)
10: 20 21 (54.0)
11: 19 27 (57.0)
12: 23 29 (58.0)
13: 30 (47.0)
14: 24 31 (54.0)
15: 33 35 43 (66.0)
16: 28 38 (61.0)
17: 34 46 (67.0)
18: 36 41 42 (54.0)
19: 32 39 44 (53.0)
20: 37 40 45 (53.0)
21: 47 48 49 (69.0)
