Name: 50-30-50
Time: 2.6669921875 
Result: 1020
Solution:  3 0 1 1 0 2 2 5 4 4 6 6 5 3 6 6 5 7 8 6 10 9 8 7 9 12 11 10 9 9 11 11 10 10 12 15 13 14 14 11 14 13 15 15 15 16 16 15 17 17
0: 1 4 (35.0)
1: 2 3 (34.0)
2: 5 6 (37.0)
3: 0 13 (41.0)
4: 8 9 (31.0)
5: 7 12 16 (34.0)
6: 10 11 14 15 19 (41.0)
7: 17 23 (31.0)
8: 18 22 (39.0)
9: 21 24 28 29 (47.0)
10: 20 27 32 33 (42.0)
11: 26 30 31 39 (50.0)
12: 25 34 (47.0)
13: 36 41 (51.0)
14: 37 38 40 (47.0)
15: 35 42 43 44 47 (43.0)
16: 45 46 (45.0)
17: 48 49 (38.0)
