Name: 50-50-100
Time: 5.513223171234131 
Result: 40
Solution:  2 0 1 2 3 0 1 5 3 7 5 2 4 6 6 8 10 4 8 9 9 7 12 8 10 12 11 13 14 13 15 17 18 14 15 16 18 19 21 19 17 22 20 20 19 22 23 23 24 24
0: 1 5 (60.0)
1: 2 6 (62.0)
2: 0 3 11 (61.0)
3: 4 8 (65.0)
4: 12 17 (62.0)
5: 7 10 (62.0)
6: 13 14 (81.0)
7: 9 21 (59.0)
8: 15 18 23 (92.0)
9: 19 20 (85.0)
10: 16 24 (69.0)
11: 26 (61.0)
12: 22 25 (66.0)
13: 27 29 (82.0)
14: 28 33 (57.0)
15: 30 34 (60.0)
16: 35 (63.0)
17: 31 40 (90.0)
18: 32 36 (89.0)
19: 37 39 44 (96.0)
20: 42 43 (93.0)
21: 38 (84.0)
22: 41 45 (96.0)
23: 46 47 (96.0)
24: 48 49 (97.0)
