Name: 50-50-100
Time: 2.717008352279663 
Result: 44
Solution:  1 2 3 3 3 1 1 3 2 4 5 5 5 6 4 7 8 10 7 8 9 7 10 8 9 12 12 14 13 13 14 18 15 15 14 16 17 18 21 18 17 20 19 21 20 22 22 23 24 24
0: (0.0)
1: 0 5 6 (77.0)
2: 1 8 (73.0)
3: 2 3 4 7 (94.0)
4: 9 14 (54.0)
5: 10 11 12 (78.0)
6: 13 (54.0)
7: 15 18 21 (92.0)
8: 16 19 23 (98.0)
9: 20 24 (88.0)
10: 17 22 (90.0)
11: (0.0)
12: 25 26 (87.0)
13: 28 29 (81.0)
14: 27 30 34 (76.0)
15: 32 33 (84.0)
16: 35 (63.0)
17: 36 40 (93.0)
18: 31 37 39 (95.0)
19: 42 (79.0)
20: 41 44 (91.0)
21: 38 43 (98.0)
22: 45 46 (92.0)
23: 47 (54.0)
24: 48 49 (97.0)
