Name: 50-20-30
Time: 6.0668511390686035 
Result: 10
Solution:  2 1 3 1 1 2 4 5 3 6 4 5 6 6 7 6 7 4 7 9 9 6 6 10 8 8 8 10 13 12 10 11 12 13 14 14 12 13 16 16 11 15 13 17 16 14 17 17 16 15
0: (0.0)
1: 1 3 4 (21.0)
2: 0 5 (26.0)
3: 2 8 (22.0)
4: 6 10 17 (30.0)
5: 7 11 (27.0)
6: 9 12 13 15 21 22 (20.0)
7: 14 16 18 (21.0)
8: 24 25 26 (28.0)
9: 19 20 (24.0)
10: 23 27 30 (23.0)
11: 31 40 (25.0)
12: 29 32 36 (29.0)
13: 28 33 37 42 (24.0)
14: 34 35 45 (23.0)
15: 41 49 (23.0)
16: 38 39 44 48 (29.0)
17: 43 46 47 (23.0)
