Name: 50-40-75
Time: 2.671100378036499 
Result: 27
Solution:  0 1 3 1 0 0 6 5 3 7 3 7 7 5 7 10 9 4 6 8 11 9 13 8 11 9 13 10 14 16 12 14 19 15 16 15 17 21 18 15 19 20 17 17 20 19 18 21 21 20
0: 0 4 5 (52.0)
1: 1 3 (51.0)
2: (0.0)
3: 2 8 10 (61.0)
4: 17 (48.0)
5: 7 13 (61.0)
6: 6 18 (43.0)
7: 9 11 12 14 (70.0)
8: 19 23 (65.0)
9: 16 21 25 (54.0)
10: 15 27 (58.0)
11: 20 24 (61.0)
12: 30 (47.0)
13: 22 26 (55.0)
14: 28 31 (45.0)
15: 33 35 39 (50.0)
16: 29 34 (59.0)
17: 36 42 43 (70.0)
18: 38 46 (64.0)
19: 32 40 45 (57.0)
20: 41 44 49 (66.0)
21: 37 47 48 (52.0)
