Name: 50-20-30
Time: 2.6624796390533447 
Result: 1011
Solution:  3 1 4 1 3 2 5 2 1 1 2 4 8 9 7 5 6 10 7 7 5 8 6 6 9 9 8 9 10 12 11 12 11 14 13 10 14 14 15 14 15 17 12 16 13 13 16 16 14 17
0: (0.0)
1: 1 3 8 9 (22.0)
2: 5 7 10 (29.0)
3: 0 4 (28.0)
4: 2 11 (29.0)
5: 6 15 20 (26.0)
6: 16 22 23 (20.0)
7: 14 18 19 (26.0)
8: 12 21 26 (22.0)
9: 13 24 25 27 (20.0)
10: 17 28 35 (30.0)
11: 30 32 (25.0)
12: 29 31 42 (26.0)
13: 34 44 45 (26.0)
14: 33 36 37 39 48 (19.0)
15: 38 40 (24.0)
16: 43 46 47 (23.0)
17: 41 49 (23.0)
