Name: 50-30-50
Time: 4.280417203903198 
Result: 15
Solution:  4 0 2 4 0 1 2 6 1 4 6 4 5 6 5 5 5 8 7 5 8 10 7 9 12 10 11 13 13 8 10 9 11 9 12 15 11 13 12 14 15 14 16 17 15 15 16 15 15 17
0: 1 4 (35.0)
1: 5 8 (35.0)
2: 2 6 (49.0)
3: (0.0)
4: 0 3 9 11 (40.0)
5: 12 14 15 16 19 (47.0)
6: 7 10 13 (47.0)
7: 18 22 (39.0)
8: 17 20 29 (46.0)
9: 23 31 33 (40.0)
10: 21 25 30 (43.0)
11: 26 32 36 (50.0)
12: 24 34 38 (41.0)
13: 27 28 37 (47.0)
14: 39 41 (41.0)
15: 35 40 44 45 47 48 (48.0)
16: 42 46 (41.0)
17: 43 49 (44.0)
