Name: 50-50-100
Time: 5.399003982543945 
Result: 45
Solution:  2 0 3 1 2 0 5 4 1 7 5 2 7 6 3 7 7 4 9 10 10 8 12 8 9 12 13 12 12 14 16 17 16 17 15 15 18 18 19 18 20 20 22 19 21 21 23 23 24 24
0: 1 5 (60.0)
1: 3 8 (63.0)
2: 0 4 11 (63.0)
3: 2 14 (53.0)
4: 7 17 (66.0)
5: 6 10 (82.0)
6: 13 (54.0)
7: 9 12 15 16 (97.0)
8: 21 23 (64.0)
9: 18 24 (71.0)
10: 19 20 (85.0)
11: (0.0)
12: 22 25 27 28 (97.0)
13: 26 (61.0)
14: 29 (66.0)
15: 34 35 (84.0)
16: 30 32 (81.0)
17: 31 33 (86.0)
18: 36 37 39 (98.0)
19: 38 43 (98.0)
20: 40 41 (92.0)
21: 44 45 (95.0)
22: 42 (79.0)
23: 46 47 (96.0)
24: 48 49 (97.0)
