Name: 50-10-15
Time: 4.716723680496216 
Result: 4
Solution:  1 2 0 0 3 1 1 3 5 2 7 4 5 6 4 7 6 10 8 8 9 10 10 11 12 14 13 13 12 11 15 15 16 12 17 18 16 17 19 19 20 20 22 18 22 21 23 23 24 24
0: 2 3 (11.0)
1: 0 5 6 (12.0)
2: 1 9 (14.0)
3: 4 7 (13.0)
4: 11 14 (11.0)
5: 8 12 (11.0)
6: 13 16 (13.0)
7: 10 15 (12.0)
8: 18 19 (12.0)
9: 20 (11.0)
10: 17 21 22 (11.0)
11: 23 29 (14.0)
12: 24 28 33 (11.0)
13: 26 27 (13.0)
14: 25 (11.0)
15: 30 31 (14.0)
16: 32 36 (15.0)
17: 34 37 (14.0)
18: 35 43 (14.0)
19: 38 39 (14.0)
20: 40 41 (14.0)
21: 45 (12.0)
22: 42 44 (14.0)
23: 46 47 (15.0)
24: 48 49 (15.0)
