Name: 50-30-50
Time: 6.09464693069458 
Result: 20
Solution:  3 0 3 1 1 0 2 5 2 4 1 6 4 5 4 6 6 7 7 4 9 8 8 9 9 9 10 11 7 12 10 10 10 11 12 15 14 17 11 14 15 13 13 13 16 16 16 15 15 17
0: 1 5 (32.0)
1: 3 4 10 (30.0)
2: 6 8 (40.0)
3: 0 2 (42.0)
4: 9 12 14 19 (31.0)
5: 7 13 (42.0)
6: 11 15 16 (36.0)
7: 17 18 28 (50.0)
8: 21 22 (35.0)
9: 20 23 24 25 (47.0)
10: 26 30 31 32 (50.0)
11: 27 33 38 (49.0)
12: 29 34 (36.0)
13: 41 42 43 (47.0)
14: 36 39 (38.0)
15: 35 40 47 48 (37.0)
16: 44 45 46 (49.0)
17: 37 49 (42.0)
