Name: 50-10-15
Time: 2.7706496715545654 
Result: 1006
Solution:  1 0 4 2 6 1 1 3 3 0 2 9 5 5 6 4 7 7 9 8 10 6 12 8 12 11 16 13 14 14 15 15 16 12 17 17 18 18 19 19 20 20 22 22 21 21 23 23 24 24
0: 1 9 (14.0)
1: 0 5 6 (12.0)
2: 3 10 (12.0)
3: 7 8 (9.0)
4: 2 15 (11.0)
5: 12 13 (11.0)
6: 4 14 21 (13.0)
7: 16 17 (12.0)
8: 19 23 (13.0)
9: 11 18 (14.0)
10: 20 (11.0)
11: 25 (11.0)
12: 22 24 33 (11.0)
13: 27 (10.0)
14: 28 29 (13.0)
15: 30 31 (14.0)
16: 26 32 (14.0)
17: 34 35 (14.0)
18: 36 37 (14.0)
19: 38 39 (14.0)
20: 40 41 (14.0)
21: 44 45 (15.0)
22: 42 43 (15.0)
23: 46 47 (15.0)
24: 48 49 (15.0)
