Name: 100-40-75
Time: 9.11060881614685 
Result: 35
Solution:  0 6 3 2 8 0 2 8 3 8 5 5 2 6 9 12 11 7 4 8 15 7 12 10 10 9 4 13 11 15 19 18 10 14 15 20 10 16 17 13 23 28 17 19 24 22 21 25 26 17 24 21 29 29 31 24 24 19 26 27 31 25 27 22 22 30 28 28 36 32 35 38 30 26 37 29 36 31 27 33 28 36 38 34 33 33 35 37 33 38 30 34 32 39 37 36 34 38 39 37
0: 0 5 (49.0)
1: (0.0)
2: 3 6 12 (44.0)
3: 2 8 (48.0)
4: 18 26 (54.0)
5: 10 11 (42.0)
6: 1 13 (63.0)
7: 17 21 (64.0)
8: 4 7 9 19 (66.0)
9: 14 25 (42.0)
10: 23 24 32 36 (41.0)
11: 16 28 (41.0)
12: 15 22 (71.0)
13: 27 39 (58.0)
14: 33 (45.0)
15: 20 29 34 (46.0)
16: 37 (49.0)
17: 38 42 49 (45.0)
18: 31 (40.0)
19: 30 43 57 (45.0)
20: 35 (43.0)
21: 46 51 (45.0)
22: 45 63 64 (73.0)
23: 40 (42.0)
24: 44 50 55 56 (66.0)
25: 47 61 (57.0)
26: 48 58 73 (57.0)
27: 59 62 78 (58.0)
28: 41 66 67 80 (73.0)
29: 52 53 75 (74.0)
30: 65 72 90 (75.0)
31: 54 60 77 (75.0)
32: 69 92 (50.0)
33: 79 84 85 88 (72.0)
34: 83 91 96 (75.0)
35: 70 86 (74.0)
36: 68 76 81 95 (71.0)
37: 74 87 94 99 (69.0)
38: 71 82 89 97 (75.0)
39: 93 98 (74.0)
