Name: 1000-40-75
Time: 71.88330936431885 
Result: 77
Solution:  5 3 1 0 1 7 1 7 11 10 8 4 10 0 4 6 10 9 6 5 16 12 8 15 17 13 10 11 9 13 14 17 17 13 15 16 20 14 12 19 20 21 22 19 23 19 29 23 26 24 17 26 24 22 22 31 26 28 30 32 31 26 29 27 38 30 35 37 40 27 36 32 39 34 28 36 41 37 33 33 35 36 34 42 38 46 39 40 49 46 41 54 42 45 47 45 49 51 55 47 52 50 51 48 56 53 51 48 53 58 47 52 50 58 59 58 61 60 55 61 59 61 65 66 68 63 60 70 64 63 66 70 58 69 67 70 65 68 71 64 78 74 69 70 77 63 73 77 76 78 79 79 73 75 77 75 85 80 84 86 74 80 83 81 78 84 87 81 83 86 82 90 86 85 87 89 90 81 88 92 93 86 94 89 97 91 95 94 89 91 88 95 95 97 93 98 99 97 100 99 100 99 105 101 101 106 109 107 104 107 101 103 104 111 112 110 110 106 111 109 102 112 107 105 112 113 113 117 115 114 123 117 117 118 115 122 115 118 123 114 124 120 120 126 121 124 125 122 125 126 119 127 119 131 128 124 131 127 128 129 134 130 131 132 135 126 129 132 130 134 134 133 136 143 139 138 137 140 134 138 133 136 138 141 145 146 140 144 144 145 138 143 146 148 153 140 150 150 151 147 158 149 149 148 147 154 151 162 155 150 158 155 160 156 157 149 159 164 167 156 152 157 170 159 161 162 163 163 166 160 165 161 166 165 166 164 167 170 174 177 166 169 169 168 171 172 173 172 171 182 169 176 174 176 180 181 184 173 175 171 177 179 180 181 188 182 185 184 186 192 178 182 191 186 184 183 188 185 190 191 189 189 191 187 188 194 187 191 193 196 195 194 190 200 196 199 198 195 193 197 197 208 203 204 205 201 196 202 201 203 198 214 211 200 207 213 208 209 207 213 206 210 213 216 215 209 212 210 219 210 216 215 219 217 219 218 220 220 225 212 215 224 222 217 225 214 223 221 224 221 223 226 229 226 226 233 227 228 228 229 237 232 231 233 230 237 232 236 227 233 235 235 243 233 230 236 238 238 241 235 234 239 239 237 240 247 242 245 240 241 244 248 246 246 247 247 254 253 252 248 245 255 249 253 256 252 249 258 251 251 257 252 250 248 254 260 263 258 262 263 255 259 259 261 264 262 259 260 258 256 267 265 266 261 267 265 270 268 276 274 277 266 266 271 268 272 271 272 270 269 279 275 270 274 277 276 283 273 278 288 277 281 283 284 279 279 288 280 284 282 282 289 287 280 285 286 287 284 288 286 291 289 290 291 298 300 294 290 292 296 296 293 294 292 293 297 299 298 301 296 295 308 305 300 301 299 300 303 306 305 304 302 309 307 304 303 302 307 304 310 306 304 309 313 306 314 308 307 303 304 306 312 309 312 314 309 311 315 317 315 319 316 310 311 314 313 317 316 315 312 310 320 326 312 321 318 320 317 323 323 316 315 321 319 322 318 313 323 321 319 326 318 324 322 320 327 327 324 325 327 325 328 332 324 328 332 332 330 331 329 329 330 333 324 331 326 339 325 335 338 333 337 336 334 327 330 340 335 338 336 328 335 337 334 341 331 339 337 341 339 334 340 346 336 343 342 341 338 349 338 348 345 339 345 344 347 340 339 344 344 347 346 346 349 342 352 349 347 347 351 349 350 350 356 355 351 354 345 360 351 353 354 346 353 354 350 355 354 358 352 350 358 360 359 361 357 357 359 361 360 362 356 359 359 361 360 363 358 362 363 371 356 363 360 362 369 365 364 368 368 365 364 374 367 368 373 366 367 366 376 366 367 372 372 371 373 372 369 370 371 365 376 374 368 373 379 378 371 377 375 385 380 375 377 370 377 378 384 375 380 379 378 383 379 381 383 376 382 377 381 387 380 385 384 384 383 391 382 386 382 393 386 390 385 388 388 385 386 395 392 381 389 389 388 391 389 392 387 389 393 390 387 396 395 397 399 401 394 397 394 396 391 404 392 399 396 406 404 398 396 399 402 393 391 397 400 403 400 399 404 398 406 402 407 409 409 401 413 403 403 402 405 408 402 405 408 407 405 410 408 416 416 409 409 410 411 412 414 410 412 406 413 411 415 418 418 417 416 411 419 415 421 413 422 415 414 421 417 417 426 419 420 423 418 422 421 422 420 419 424 418 426 423 424 432 420 423 428 427 428 428 427 431 430 426 425 421 430 425 425 429 432 424 429 432 427 431 431 428 430
0: 3 13 (68.0)
1: 2 4 6 (31.0)
2: (0.0)
3: 1 (16.0)
4: 11 14 (49.0)
5: 0 19 (55.0)
6: 15 18 (30.0)
7: 5 7 (53.0)
8: 10 22 (27.0)
9: 17 28 (62.0)
10: 9 12 16 26 (35.0)
11: 8 27 (63.0)
12: 21 38 (51.0)
13: 25 29 33 (54.0)
14: 30 37 (40.0)
15: 23 34 (37.0)
16: 20 35 (44.0)
17: 24 31 32 50 (82.0)
18: (0.0)
19: 39 43 45 (46.0)
20: 36 40 (32.0)
21: 41 (31.0)
22: 42 53 54 (61.0)
23: 44 47 (40.0)
24: 49 52 (49.0)
25: (0.0)
26: 48 51 56 61 (45.0)
27: 63 69 (40.0)
28: 57 74 (55.0)
29: 46 62 (47.0)
30: 58 65 (24.0)
31: 55 60 (50.0)
32: 59 71 (56.0)
33: 78 79 (43.0)
34: 73 82 (43.0)
35: 66 80 (50.0)
36: 70 75 81 (45.0)
37: 67 77 (40.0)
38: 64 84 (59.0)
39: 72 86 (64.0)
40: 68 87 (40.0)
41: 76 90 (51.0)
42: 83 92 (33.0)
43: (0.0)
44: (0.0)
45: 93 95 (44.0)
46: 85 89 (31.0)
47: 94 99 110 (45.0)
48: 103 107 (56.0)
49: 88 96 (52.0)
50: 101 112 (57.0)
51: 97 102 106 (53.0)
52: 100 111 (53.0)
53: 105 108 (35.0)
54: 91 (18.0)
55: 98 118 (58.0)
56: 104 (41.0)
57: (0.0)
58: 109 113 115 132 (40.0)
59: 114 120 (63.0)
60: 117 126 (62.0)
61: 116 119 121 (52.0)
62: (0.0)
63: 125 129 145 (51.0)
64: 128 139 (44.0)
65: 122 136 (53.0)
66: 123 130 (42.0)
67: 134 (44.0)
68: 124 137 (57.0)
69: 133 142 (63.0)
70: 127 131 135 143 (37.0)
71: 138 (32.0)
72: (0.0)
73: 146 152 (60.0)
74: 141 160 (45.0)
75: 153 155 (53.0)
76: 148 (42.0)
77: 144 147 154 (46.0)
78: 140 149 164 (36.0)
79: 150 151 (46.0)
80: 157 161 (44.0)
81: 163 167 177 (50.0)
82: 170 (42.0)
83: 162 168 (50.0)
84: 158 165 (73.0)
85: 156 173 (52.0)
86: 159 169 172 181 (43.0)
87: 166 174 (65.0)
88: 178 190 (43.0)
89: 175 183 188 (51.0)
90: 171 176 (49.0)
91: 185 189 (42.0)
92: 179 (35.0)
93: 180 194 (63.0)
94: 182 187 (63.0)
95: 186 191 192 (57.0)
96: (0.0)
97: 184 193 197 (93.0)
98: 195 (22.0)
99: 196 199 201 (39.0)
100: 198 200 (62.0)
101: 203 204 210 (39.0)
102: 220 (40.0)
103: 211 (42.0)
104: 208 212 (46.0)
105: 202 223 (68.0)
106: 205 217 (55.0)
107: 207 209 222 (43.0)
108: (0.0)
109: 206 219 (70.0)
110: 215 216 (58.0)
111: 213 218 (45.0)
112: 214 221 224 (31.0)
113: 225 226 (73.0)
114: 229 239 (55.0)
115: 228 234 236 (51.0)
116: (0.0)
117: 227 231 232 (38.0)
118: 233 237 (72.0)
119: 250 252 (72.0)
120: 241 242 (34.0)
121: 244 (43.0)
122: 235 247 (52.0)
123: 230 238 (56.0)
124: 240 245 255 (71.0)
125: 246 248 (44.0)
126: 243 249 265 (60.0)
127: 251 257 (46.0)
128: 254 258 (40.0)
129: 259 266 (71.0)
130: 261 268 (72.0)
131: 253 256 262 (47.0)
132: 263 267 (46.0)
133: 271 280 (55.0)
134: 260 269 270 278 (81.0)
135: 264 (49.0)
136: 272 281 (51.0)
137: 276 (29.0)
138: 275 279 282 290 (43.0)
139: 274 (46.0)
140: 277 286 295 (47.0)
141: 283 (42.0)
142: (0.0)
143: 273 291 (68.0)
144: 287 288 (64.0)
145: 284 289 (70.0)
146: 285 292 (25.0)
147: 299 304 (45.0)
148: 293 303 (66.0)
149: 301 302 315 (39.0)
150: 296 297 309 (64.0)
151: 298 306 (49.0)
152: 320 (40.0)
153: 294 (42.0)
154: 305 (41.0)
155: 308 311 (63.0)
156: 313 319 (63.0)
157: 314 321 (59.0)
158: 300 310 (63.0)
159: 316 323 (66.0)
160: 312 329 (61.0)
161: 324 331 (63.0)
162: 307 325 (43.0)
163: 326 327 (53.0)
164: 317 335 (53.0)
165: 330 333 (66.0)
166: 328 332 334 340 (58.0)
167: 318 336 (51.0)
168: 343 (48.0)
169: 341 342 350 (47.0)
170: 322 337 (48.0)
171: 344 348 359 (72.0)
172: 345 347 (43.0)
173: 346 357 (63.0)
174: 338 352 (57.0)
175: 358 (45.0)
176: 351 353 (59.0)
177: 339 360 (42.0)
178: 370 (45.0)
179: 361 (42.0)
180: 354 362 (63.0)
181: 355 363 (45.0)
182: 349 365 371 (68.0)
183: 375 (41.0)
184: 356 367 374 (62.0)
185: 366 377 (67.0)
186: 368 373 (51.0)
187: 383 386 (61.0)
188: 364 376 384 (68.0)
189: 380 381 (55.0)
190: 378 392 (56.0)
191: 372 379 382 387 (73.0)
192: 369 (47.0)
193: 388 398 (72.0)
194: 385 391 (42.0)
195: 390 397 (69.0)
196: 389 394 406 (51.0)
197: 399 400 (47.0)
198: 396 410 (49.0)
199: 395 (40.0)
200: 393 413 (52.0)
201: 405 408 (44.0)
202: 407 (40.0)
203: 402 409 (43.0)
204: 403 (41.0)
205: 404 (40.0)
206: 420 (42.0)
207: 414 418 (65.0)
208: 401 416 (51.0)
209: 417 425 (70.0)
210: 421 427 429 (74.0)
211: 412 (45.0)
212: 426 439 (40.0)
213: 415 419 422 (66.0)
214: 411 445 (50.0)
215: 424 431 440 (63.0)
216: 423 430 (59.0)
217: 433 443 (58.0)
218: 435 (46.0)
219: 428 432 434 (48.0)
220: 436 437 (57.0)
221: 447 449 (51.0)
222: 442 (50.0)
223: 446 450 (69.0)
224: 441 448 (91.0)
225: 438 444 (75.0)
226: 451 453 454 (60.0)
227: 456 468 (70.0)
228: 457 458 (77.0)
229: 452 459 (67.0)
230: 464 474 (58.0)
231: 462 (50.0)
232: 461 466 (45.0)
233: 455 463 469 473 (37.0)
234: 480 (44.0)
235: 470 471 479 (89.0)
236: 467 475 (73.0)
237: 460 465 483 (73.0)
238: 476 477 (59.0)
239: 481 482 (58.0)
240: 484 488 (71.0)
241: 478 489 (72.0)
242: 486 (40.0)
243: 472 (56.0)
244: 490 (51.0)
245: 487 500 (42.0)
246: 492 493 (59.0)
247: 485 494 495 (63.0)
248: 491 499 513 (75.0)
249: 502 506 (47.0)
250: 512 (42.0)
251: 508 509 (60.0)
252: 498 505 511 (74.0)
253: 497 503 (57.0)
254: 496 514 (72.0)
255: 501 520 (67.0)
256: 504 529 (66.0)
257: 510 (41.0)
258: 507 517 528 (53.0)
259: 521 522 526 (73.0)
260: 515 527 (65.0)
261: 523 533 (93.0)
262: 518 525 (62.0)
263: 516 519 (71.0)
264: 524 (44.0)
265: 531 535 (54.0)
266: 532 541 542 (61.0)
267: 530 534 (68.0)
268: 537 544 (68.0)
269: 549 (48.0)
270: 536 548 552 (71.0)
271: 543 546 (69.0)
272: 545 547 (66.0)
273: 557 (51.0)
274: 539 553 (83.0)
275: 551 (50.0)
276: 538 555 (54.0)
277: 540 554 560 (53.0)
278: 558 (50.0)
279: 550 564 565 (74.0)
280: 567 573 (50.0)
281: 561 (43.0)
282: 569 570 (65.0)
283: 556 562 (61.0)
284: 563 568 577 (69.0)
285: 574 (59.0)
286: 575 579 (44.0)
287: 572 576 (71.0)
288: 559 566 578 (75.0)
289: 571 581 (64.0)
290: 582 587 (52.0)
291: 580 583 (67.0)
292: 588 593 (55.0)
293: 591 594 (64.0)
294: 586 592 (67.0)
295: 600 (41.0)
296: 589 590 599 (64.0)
297: 595 (47.0)
298: 584 597 (57.0)
299: 596 605 (49.0)
300: 585 603 606 (75.0)
301: 598 604 (45.0)
302: 611 616 (59.0)
303: 607 615 628 (62.0)
304: 610 614 618 621 629 (72.0)
305: 602 609 (42.0)
306: 608 620 624 630 (54.0)
307: 613 617 627 (74.0)
308: 601 626 (59.0)
309: 612 622 632 635 (67.0)
310: 619 642 650 (72.0)
311: 636 643 (57.0)
312: 631 633 649 653 (72.0)
313: 623 645 666 (66.0)
314: 625 634 644 (53.0)
315: 637 639 648 661 (72.0)
316: 641 647 660 (73.0)
317: 638 646 657 (72.0)
318: 655 665 671 (73.0)
319: 640 663 669 (75.0)
320: 651 656 674 (75.0)
321: 654 662 668 (63.0)
322: 664 673 (58.0)
323: 658 659 667 (74.0)
324: 672 677 683 693 (72.0)
325: 678 680 697 (75.0)
326: 652 670 695 (74.0)
327: 675 676 679 704 (67.0)
328: 681 684 710 (73.0)
329: 689 690 (56.0)
330: 687 691 705 (76.0)
331: 688 694 715 (75.0)
332: 682 685 686 (73.0)
333: 692 700 (56.0)
334: 703 713 720 (74.0)
335: 698 707 711 (74.0)
336: 702 709 723 (75.0)
337: 701 712 717 (72.0)
338: 699 708 727 729 (69.0)
339: 696 716 719 732 737 (74.0)
340: 706 721 736 (70.0)
341: 714 718 726 (63.0)
342: 725 744 (58.0)
343: 724 (41.0)
344: 734 738 739 (61.0)
345: 731 733 757 (75.0)
346: 722 741 742 762 (70.0)
347: 735 740 747 748 (74.0)
348: 730 (43.0)
349: 728 743 746 750 (74.0)
350: 751 752 765 770 (75.0)
351: 749 755 759 (74.0)
352: 745 769 (68.0)
353: 760 763 (70.0)
354: 756 761 764 767 (73.0)
355: 754 766 (71.0)
356: 753 781 791 (74.0)
357: 775 776 (63.0)
358: 768 771 787 (74.0)
359: 773 777 782 783 (59.0)
360: 758 772 779 785 793 (70.0)
361: 774 778 784 (52.0)
362: 780 788 794 (75.0)
363: 786 789 792 (76.0)
364: 797 801 (72.0)
365: 796 800 820 (70.0)
366: 806 808 810 (70.0)
367: 803 807 811 (75.0)
368: 798 799 804 823 (75.0)
369: 795 817 (71.0)
370: 818 834 (54.0)
371: 790 814 819 827 (73.0)
372: 812 813 816 (74.0)
373: 805 815 824 (74.0)
374: 802 822 (57.0)
375: 829 832 838 (69.0)
376: 809 821 846 (70.0)
377: 828 833 835 848 (72.0)
378: 826 836 841 (72.0)
379: 825 840 843 (75.0)
380: 831 839 851 (69.0)
381: 844 849 870 (69.0)
382: 847 857 859 (74.0)
383: 842 845 855 (59.0)
384: 837 853 854 (73.0)
385: 830 852 863 866 (63.0)
386: 858 861 867 (74.0)
387: 850 877 881 (72.0)
388: 864 865 873 (75.0)
389: 871 872 875 878 (72.0)
390: 862 880 (75.0)
391: 856 874 891 903 (75.0)
392: 869 876 893 (74.0)
393: 860 879 902 (64.0)
394: 887 889 (74.0)
395: 868 883 (75.0)
396: 882 890 895 899 (74.0)
397: 884 888 904 (73.0)
398: 898 910 (64.0)
399: 885 894 900 908 (74.0)
400: 905 907 (73.0)
401: 886 916 (73.0)
402: 901 912 920 923 (73.0)
403: 906 918 919 (71.0)
404: 892 897 909 (75.0)
405: 921 924 927 (73.0)
406: 896 911 940 (72.0)
407: 913 926 (75.0)
408: 922 925 929 (81.0)
409: 914 915 932 933 (75.0)
410: 928 934 938 (72.0)
411: 935 942 948 (72.0)
412: 936 939 (75.0)
413: 917 941 952 (75.0)
414: 937 955 (73.0)
415: 943 950 954 (68.0)
416: 930 931 947 (73.0)
417: 946 957 958 (74.0)
418: 944 945 963 970 (83.0)
419: 949 960 968 (75.0)
420: 961 967 975 (88.0)
421: 951 956 965 986 (86.0)
422: 953 964 966 (75.0)
423: 962 972 976 (74.0)
424: 969 973 992 (72.0)
425: 985 988 989 (74.0)
426: 959 971 984 (74.0)
427: 978 981 995 (72.0)
428: 977 979 980 998 (74.0)
429: 990 993 (75.0)
430: 983 987 999 (66.0)
431: 982 996 997 (75.0)
432: 974 991 994 (72.0)
