Name: 100-30-50
Time: 8.924018383026123 
Result: 19
Solution:  4 0 4 5 1 0 2 0 1 5 8 5 5 6 3 11 7 6 9 3 2 8 14 9 2 12 13 14 16 12 11 16 11 17 11 9 17 17 12 18 10 9 7 10 18 20 13 13 23 20 21 15 18 19 23 27 21 13 22 20 19 18 15 24 25 27 21 26 26 26 30 30 25 29 28 23 22 30 31 30 29 22 30 24 33 28 31 34 35 34 27 32 32 32 33 33 31 34 29 35
0: 1 5 7 (37.0)
1: 4 8 (31.0)
2: 6 20 24 (35.0)
3: 14 19 (48.0)
4: 0 2 (43.0)
5: 3 9 11 12 (34.0)
6: 13 17 (34.0)
7: 16 42 (36.0)
8: 10 21 (33.0)
9: 18 23 35 41 (34.0)
10: 40 43 (31.0)
11: 15 30 32 34 (32.0)
12: 25 29 38 (36.0)
13: 26 46 47 57 (37.0)
14: 22 27 (48.0)
15: 51 62 (39.0)
16: 28 31 (40.0)
17: 33 36 37 (44.0)
18: 39 44 52 61 (34.0)
19: 53 60 (36.0)
20: 45 49 59 (43.0)
21: 50 56 66 (35.0)
22: 58 76 81 (43.0)
23: 48 54 75 (50.0)
24: 63 83 (40.0)
25: 64 72 (43.0)
26: 67 68 69 (47.0)
27: 55 65 90 (49.0)
28: 74 85 (49.0)
29: 73 80 98 (50.0)
30: 70 71 77 79 82 (50.0)
31: 78 86 96 (46.0)
32: 91 92 93 (50.0)
33: 84 94 95 (46.0)
34: 87 89 97 (45.0)
35: 88 99 (47.0)
