Name: 1000-60-125
Time: 65.74094414710999 
Result: 121
Solution:  0 0 2 2 1 3 4 6 7 3 10 5 6 7 10 9 4 7 8 9 5 15 19 12 11 12 16 15 9 23 13 20 11 13 22 17 17 26 16 19 18 22 23 25 28 23 18 20 24 28 30 27 24 26 21 25 25 24 36 28 29 32 23 29 21 32 36 31 34 39 26 39 34 27 34 32 38 37 30 31 37 33 35 37 36 31 29 38 44 35 38 43 41 41 43 39 35 41 39 39 41 41 40 40 37 42 43 48 47 52 44 46 40 44 45 47 45 47 46 42 47 42 47 48 49 52 50 49 52 55 51 47 55 52 61 55 51 55 58 53 55 57 57 56 54 56 60 50 53 52 62 59 60 56 57 64 62 58 59 60 61 64 59 53 61 58 62 67 63 63 64 65 64 62 66 63 68 67 69 64 76 68 65 60 68 71 72 71 70 70 73 72 71 66 69 71 75 73 67 73 73 80 74 73 77 71 73 74 75 78 73 76 78 79 75 80 79 77 83 78 87 76 78 86 83 91 81 83 83 86 85 82 82 79 85 81 84 88 94 82 91 84 91 87 92 86 88 85 88 85 89 88 95 90 98 91 90 94 93 86 96 95 98 95 97 93 97 96 89 96 102 98 100 103 98 97 99 102 100 97 101 98 105 100 100 103 104 109 98 108 102 102 109 104 101 106 104 98 106 112 104 110 109 112 107 110 108 110 111 107 114 107 113 107 112 117 105 116 105 111 106 111 115 114 118 119 109 113 117 118 121 121 113 116 115 117 121 112 124 119 118 114 125 115 118 120 123 124 122 131 124 122 124 120 120 126 131 127 126 130 126 130 132 128 128 125 124 127 133 135 132 131 130 134 123 135 129 130 135 131 133 130 143 136 136 139 138 129 137 143 135 138 140 137 140 133 138 141 141 132 144 141 141 140 143 139 144 140 136 145 139 143 143 149 147 148 139 152 139 149 146 145 146 149 149 149 147 150 149 148 150 145 157 151 154 151 157 147 154 159 153 156 153 154 159 150 152 163 156 159 155 158 153 161 153 158 162 161 164 160 155 164 164 165 162 154 168 162 168 160 168 167 168 160 158 167 166 166 169 167 170 167 174 176 165 168 169 168 172 165 164 171 171 169 180 167 172 165 173 174 171 174 174 175 175 176 172 180 177 181 181 169 179 178 184 181 177 179 180 180 182 182 179 180 183 181 178 184 187 183 180 182 186 186 185 190 192 184 188 185 187 191 187 194 189 185 187 191 190 191 182 185 199 198 200 189 193 194 193 192 202 192 197 195 197 196 200 199 200 198 196 195 197 195 199 200 194 203 193 195 207 201 200 203 201 199 201 200 205 205 203 207 206 200 205 205 206 202 210 204 208 207 202 205 209 211 210 211 209 204 213 208 210 209 215 209 218 217 212 211 219 214 214 212 216 211 215 218 216 217 216 226 220 223 221 215 219 220 222 212 217 220 221 213 221 217 225 222 221 223 225 223 227 232 227 225 220 222 231 224 224 226 229 230 227 227 236 225 230 228 234 226 232 232 224 228 233 242 233 237 237 229 235 231 234 243 231 231 238 233 240 238 243 239 241 240 239 244 237 240 239 237 235 235 242 246 240 245 244 241 243 248 242 245 238 251 247 246 247 240 252 244 248 250 249 250 255 250 254 254 242 248 253 249 260 253 251 259 245 247 253 251 258 254 252 261 254 256 253 257 257 260 256 259 257 267 255 266 257 258 262 267 259 261 262 262 262 263 261 263 263 268 264 258 265 270 265 271 264 264 267 275 266 268 271 265 268 270 269 270 273 266 272 271 269 269 272 275 272 277 267 278 274 280 276 276 271 273 274 281 276 280 277 275 284 278 276 282 277 279 281 282 279 284 286 290 279 285 287 278 281 281 284 280 286 288 280 283 283 286 288 285 283 290 289 286 291 290 293 294 294 287 292 291 286 296 293 287 292 291 289 294 295 295 301 297 291 300 295 297 299 292 301 296 297 298 304 299 300 303 301 300 293 299 303 298 298 295 302 303 302 307 306 304 310 305 307 302 306 306 307 311 309 304 307 308 308 308 318 305 313 305 310 312 312 311 309 313 318 321 312 315 314 315 321 313 322 322 311 323 316 318 318 317 314 316 322 316 323 318 315 319 324 314 329 324 317 326 320 324 323 328 320 326 322 328 325 319 325 326 330 331 327 326 327 324 325 332 323 330 333 333 327 331 335 332 329 334 333 331 337 330 328 336 339 339 338 338 334 335 336 332 334 336 339 340 337 340 335 333
0: 0 1 (60.0)
1: 4 (29.0)
2: 2 3 (60.0)
3: 5 9 (78.0)
4: 6 16 (62.0)
5: 11 20 (75.0)
6: 7 12 (66.0)
7: 8 13 17 (69.0)
8: 18 (55.0)
9: 15 19 28 (50.0)
10: 10 14 (59.0)
11: 24 32 (70.0)
12: 23 25 (71.0)
13: 30 33 (32.0)
14: (0.0)
15: 21 27 (78.0)
16: 26 38 (63.0)
17: 35 36 (63.0)
18: 40 46 (31.0)
19: 22 39 (72.0)
20: 31 47 (72.0)
21: 54 64 (60.0)
22: 34 41 (76.0)
23: 29 42 45 62 (87.0)
24: 48 52 57 (65.0)
25: 43 55 56 (75.0)
26: 37 53 70 (75.0)
27: 51 73 (63.0)
28: 44 49 59 (78.0)
29: 60 63 86 (86.0)
30: 50 78 (62.0)
31: 67 79 85 (79.0)
32: 61 65 75 (52.0)
33: 81 (41.0)
34: 68 72 74 (68.0)
35: 82 89 96 (87.0)
36: 58 66 84 (62.0)
37: 77 80 83 104 (53.0)
38: 76 87 90 (69.0)
39: 69 71 95 98 99 (74.0)
40: 102 103 112 (69.0)
41: 92 93 97 100 101 (60.0)
42: 105 119 121 (62.0)
43: 91 94 106 (61.0)
44: 88 110 113 (75.0)
45: 114 116 (76.0)
46: 111 118 (78.0)
47: 108 115 117 120 122 131 (100.0)
48: 107 123 (60.0)
49: 124 127 (67.0)
50: 126 147 (72.0)
51: 130 136 (94.0)
52: 109 125 128 133 149 (61.0)
53: 139 148 163 (70.0)
54: 144 (47.0)
55: 129 132 135 137 140 (41.0)
56: 143 145 153 (74.0)
57: 141 142 154 (88.0)
58: 138 157 165 (93.0)
59: 151 158 162 (76.0)
60: 146 152 159 183 (30.0)
61: 134 160 164 (103.0)
62: 150 156 166 173 (106.0)
63: 168 169 175 (75.0)
64: 155 161 170 172 179 (55.0)
65: 171 182 (86.0)
66: 174 193 (65.0)
67: 167 177 198 (71.0)
68: 176 181 184 (64.0)
69: 178 194 (72.0)
70: 188 189 (64.0)
71: 185 187 192 195 205 (78.0)
72: 186 191 (66.0)
73: 190 197 199 200 203 206 210 (75.0)
74: 202 207 (70.0)
75: 196 208 214 (72.0)
76: 180 211 221 (63.0)
77: 204 217 (60.0)
78: 209 212 219 222 (92.0)
79: 213 216 233 (87.0)
80: 201 215 (95.0)
81: 226 235 (72.0)
82: 231 232 239 (102.0)
83: 218 224 227 228 (66.0)
84: 236 241 (64.0)
85: 230 234 247 249 (79.0)
86: 223 229 245 259 (71.0)
87: 220 243 (83.0)
88: 237 246 248 251 (69.0)
89: 250 268 (71.0)
90: 253 256 (85.0)
91: 225 240 242 255 (90.0)
92: 244 (63.0)
93: 258 265 (64.0)
94: 238 257 (75.0)
95: 252 261 263 (72.0)
96: 260 267 269 (87.0)
97: 264 266 275 279 (86.0)
98: 254 262 271 274 281 288 297 (74.0)
99: 276 (61.0)
100: 272 278 283 284 (87.0)
101: 280 294 (64.0)
102: 270 277 290 291 (80.0)
103: 273 285 (86.0)
104: 286 293 296 300 (82.0)
105: 282 316 318 (90.0)
106: 295 298 320 (104.0)
107: 304 309 311 313 (89.0)
108: 289 306 (67.0)
109: 287 292 302 326 (121.0)
110: 301 305 307 (121.0)
111: 308 319 321 (84.0)
112: 299 303 314 337 (80.0)
113: 312 327 332 (76.0)
114: 310 323 341 (89.0)
115: 322 334 343 (91.0)
116: 317 333 (81.0)
117: 315 328 335 (79.0)
118: 324 329 340 344 (86.0)
119: 325 339 (68.0)
120: 345 353 354 (84.0)
121: 330 331 336 (65.0)
122: 348 351 (75.0)
123: 346 374 (76.0)
124: 338 347 350 352 366 (97.0)
125: 342 365 (64.0)
126: 355 358 360 (93.0)
127: 357 367 (63.0)
128: 363 364 (108.0)
129: 376 387 (64.0)
130: 359 361 372 377 381 (93.0)
131: 349 356 371 379 (76.0)
132: 362 370 399 (93.0)
133: 368 380 395 (81.0)
134: 373 (61.0)
135: 369 375 378 390 (120.0)
136: 383 384 408 (103.0)
137: 388 393 (80.0)
138: 386 391 396 (87.0)
139: 385 405 410 416 418 (129.0)
140: 392 394 403 407 (125.0)
141: 397 398 401 402 (92.0)
142: (0.0)
143: 382 389 404 411 412 (110.0)
144: 400 406 (74.0)
145: 409 421 431 (111.0)
146: 420 422 (66.0)
147: 414 426 437 (109.0)
148: 415 429 (70.0)
149: 413 419 423 424 425 428 (113.0)
150: 427 430 445 (73.0)
151: 433 435 (80.0)
152: 417 446 (67.0)
153: 440 442 452 454 (88.0)
154: 434 438 443 465 (95.0)
155: 450 460 (96.0)
156: 441 448 (75.0)
157: 432 436 (82.0)
158: 451 455 474 (92.0)
159: 439 444 449 (89.0)
160: 459 469 473 (96.0)
161: 453 457 (101.0)
162: 456 464 467 (112.0)
163: 447 (63.0)
164: 458 461 462 490 (107.0)
165: 463 484 489 497 (102.0)
166: 476 477 (81.0)
167: 471 475 479 481 495 (111.0)
168: 466 468 470 472 485 487 (106.0)
169: 478 486 493 511 (111.0)
170: 480 (64.0)
171: 491 492 500 (86.0)
172: 488 496 506 (94.0)
173: 498 (60.0)
174: 482 499 501 502 (88.0)
175: 503 504 (90.0)
176: 483 505 (92.0)
177: 508 516 (108.0)
178: 513 526 (93.0)
179: 512 517 522 (134.0)
180: 494 507 518 519 523 530 (125.0)
181: 509 510 515 525 (85.0)
182: 520 521 531 550 (96.0)
183: 524 529 (73.0)
184: 514 527 537 (66.0)
185: 534 539 545 551 (79.0)
186: 532 533 (73.0)
187: 528 540 542 546 (80.0)
188: 538 (66.0)
189: 544 555 (107.0)
190: 535 548 (108.0)
191: 541 547 549 (106.0)
192: 536 559 561 (97.0)
193: 556 558 578 (75.0)
194: 543 557 576 (119.0)
195: 563 571 573 579 (125.0)
196: 565 570 (91.0)
197: 562 564 572 (118.0)
198: 553 569 (71.0)
199: 552 567 574 585 (126.0)
200: 554 566 568 575 582 587 593 (121.0)
201: 581 584 586 (99.0)
202: 560 597 602 (118.0)
203: 577 583 590 (97.0)
204: 599 609 (66.0)
205: 588 589 594 595 603 (124.0)
206: 592 596 (108.0)
207: 580 591 601 (106.0)
208: 600 611 (110.0)
209: 604 608 613 615 (118.0)
210: 598 606 612 (107.0)
211: 605 607 619 625 (100.0)
212: 618 623 639 (121.0)
213: 610 643 (112.0)
214: 621 622 (101.0)
215: 614 626 635 (96.0)
216: 624 628 630 (88.0)
217: 617 629 640 645 (119.0)
218: 616 627 (65.0)
219: 620 636 (92.0)
220: 632 637 641 656 (110.0)
221: 634 642 644 648 (98.0)
222: 638 647 657 (83.0)
223: 633 649 651 (110.0)
224: 659 660 674 (109.0)
225: 646 650 655 667 (96.0)
226: 631 661 671 (102.0)
227: 652 654 664 665 (106.0)
228: 669 675 (76.0)
229: 662 681 (66.0)
230: 663 668 (91.0)
231: 658 683 686 687 (120.0)
232: 653 672 673 (108.0)
233: 676 678 689 (115.0)
234: 670 684 (93.0)
235: 682 702 703 (117.0)
236: 666 (75.0)
237: 679 680 698 701 (97.0)
238: 688 691 714 (125.0)
239: 693 696 700 (121.0)
240: 690 695 699 706 719 (120.0)
241: 694 709 (89.0)
242: 677 704 712 730 (124.0)
243: 685 692 710 (101.0)
244: 697 708 721 (121.0)
245: 707 713 738 (104.0)
246: 705 717 (107.0)
247: 716 718 739 (123.0)
248: 711 722 731 (115.0)
249: 724 733 (98.0)
250: 723 725 727 (108.0)
251: 715 736 741 (125.0)
252: 720 744 (92.0)
253: 732 735 740 748 (125.0)
254: 728 729 743 746 (118.0)
255: 726 756 (104.0)
256: 747 752 (77.0)
257: 749 750 754 758 (93.0)
258: 742 759 773 (79.0)
259: 737 753 762 (73.0)
260: 734 751 (100.0)
261: 745 763 768 (116.0)
262: 760 764 765 766 (111.0)
263: 767 769 770 (107.0)
264: 772 778 779 (112.0)
265: 774 776 785 (112.0)
266: 757 782 791 (120.0)
267: 755 761 780 800 (120.0)
268: 771 783 786 (124.0)
269: 788 794 795 (124.0)
270: 775 787 789 (122.0)
271: 777 784 793 806 (123.0)
272: 792 796 798 (120.0)
273: 790 807 (124.0)
274: 802 808 (124.0)
275: 781 797 813 (116.0)
276: 804 805 810 816 (114.0)
277: 799 812 818 (111.0)
278: 801 815 829 (111.0)
279: 819 822 826 (105.0)
280: 803 811 833 836 (125.0)
281: 809 820 830 831 (114.0)
282: 817 821 (104.0)
283: 837 838 842 (104.0)
284: 814 823 832 (116.0)
285: 827 841 (118.0)
286: 824 834 839 845 854 (117.0)
287: 828 851 857 (117.0)
288: 835 840 (103.0)
289: 844 860 (118.0)
290: 825 843 847 (109.0)
291: 846 853 859 866 (125.0)
292: 852 858 871 (121.0)
293: 848 856 882 (114.0)
294: 849 850 861 (125.0)
295: 862 863 868 887 (125.0)
296: 855 873 (100.0)
297: 865 869 874 (116.0)
298: 875 885 886 (124.0)
299: 870 877 883 (138.0)
300: 867 878 881 (122.0)
301: 864 872 880 (123.0)
302: 888 890 897 (120.0)
303: 879 884 889 (125.0)
304: 876 893 903 (121.0)
305: 895 909 911 (124.0)
306: 892 898 899 (100.0)
307: 891 896 900 904 (123.0)
308: 905 906 907 (117.0)
309: 902 916 (114.0)
310: 894 912 (124.0)
311: 901 915 928 (115.0)
312: 913 914 920 (120.0)
313: 910 917 925 (128.0)
314: 922 934 943 (124.0)
315: 921 923 940 (125.0)
316: 930 935 937 (127.0)
317: 933 946 (122.0)
318: 908 918 931 932 939 (150.0)
319: 941 957 (119.0)
320: 948 952 (119.0)
321: 919 924 (125.0)
322: 926 927 936 954 (133.0)
323: 929 938 950 968 (116.0)
324: 942 945 949 965 (115.0)
325: 956 958 966 (117.0)
326: 947 953 959 963 (125.0)
327: 962 964 972 (114.0)
328: 951 955 982 (114.0)
329: 944 976 (113.0)
330: 960 969 981 (120.0)
331: 961 973 979 (125.0)
332: 967 975 991 (124.0)
333: 970 971 978 999 (129.0)
334: 977 988 992 (120.0)
335: 974 989 998 (96.0)
336: 983 990 993 (124.0)
337: 980 996 (111.0)
338: 986 987 (117.0)
339: 984 985 994 (120.0)
340: 995 997 (123.0)
