Name: 100-40-75
Time: 9.197099208831787 
Result: 35
Solution:  2 0 5 0 7 1 2 8 3 1 9 3 0 4 10 7 14 6 8 9 10 5 12 14 10 11 6 13 12 11 14 18 16 13 14 15 17 17 19 22 20 17 19 19 24 22 21 21 23 16 23 16 23 21 26 26 25 19 23 25 31 24 29 32 30 34 33 38 28 27 29 29 31 25 35 36 30 37 28 33 29 28 34 38 35 33 32 30 32 36 35 37 36 34 31 38 37 39 39 39
0: 1 3 12 (40.0)
1: 5 9 (50.0)
2: 0 6 (44.0)
3: 8 11 (44.0)
4: 13 (41.0)
5: 2 21 (55.0)
6: 17 26 (63.0)
7: 4 15 (44.0)
8: 7 18 (41.0)
9: 10 19 (41.0)
10: 14 20 24 (41.0)
11: 25 29 (51.0)
12: 22 28 (69.0)
13: 27 33 (65.0)
14: 16 23 30 34 (43.0)
15: 35 (43.0)
16: 32 49 51 (50.0)
17: 36 37 41 (63.0)
18: 31 (40.0)
19: 38 42 43 57 (59.0)
20: 40 (42.0)
21: 46 47 53 (55.0)
22: 39 45 (74.0)
23: 48 50 52 58 (70.0)
24: 44 61 (44.0)
25: 56 59 73 (64.0)
26: 54 55 (58.0)
27: 69 (40.0)
28: 68 78 81 (58.0)
29: 62 70 71 80 (73.0)
30: 64 76 87 (64.0)
31: 60 72 94 (54.0)
32: 63 86 88 (67.0)
33: 66 79 85 (68.0)
34: 65 82 93 (74.0)
35: 74 84 90 (73.0)
36: 75 89 92 (64.0)
37: 77 91 96 (75.0)
38: 67 83 95 (72.0)
39: 97 98 99 (75.0)
