Name: 100-60-125
Time: 4.359317302703857 
Result: 59
Solution:  1 3 0 6 2 0 1 0 6 2 4 7 6 5 7 11 8 9 3 18 16 11 4 10 14 12 14 15 8 16 12 15 20 13 10 16 17 20 16 18 22 20 24 26 17 19 19 23 26 29 27 21 25 30 27 29 33 31 23 29 28 31 21 24 34 32 34 30 23 32 26 34 31 33 32 28 35 37 33 30 30 32 36 37 38 37 36 35 38 41 31 40 40 39 41 39 38 40 40 35
0: 2 5 7 (85.0)
1: 0 6 (65.0)
2: 4 9 (87.0)
3: 1 18 (85.0)
4: 10 22 (81.0)
5: 13 (66.0)
6: 3 8 12 (68.0)
7: 11 14 (84.0)
8: 16 28 (65.0)
9: 17 (68.0)
10: 23 34 (78.0)
11: 15 21 (101.0)
12: 25 30 (86.0)
13: 33 (64.0)
14: 24 26 (78.0)
15: 27 31 (83.0)
16: 20 29 35 38 (97.0)
17: 36 44 (105.0)
18: 19 39 (77.0)
19: 45 46 (83.0)
20: 32 37 41 (73.0)
21: 51 62 (73.0)
22: 40 (70.0)
23: 47 58 68 (91.0)
24: 42 63 (110.0)
25: 52 (66.0)
26: 43 48 70 (108.0)
27: 50 54 (90.0)
28: 60 75 (107.0)
29: 49 55 59 (121.0)
30: 53 67 79 80 (123.0)
31: 57 61 72 90 (115.0)
32: 65 69 74 81 (93.0)
33: 56 73 78 (89.0)
34: 64 66 71 (123.0)
35: 76 87 99 (107.0)
36: 82 86 (75.0)
37: 77 83 85 (112.0)
38: 84 88 96 (118.0)
39: 93 95 (123.0)
40: 91 92 97 98 (110.0)
41: 89 94 (120.0)
