Name: 1000-20-30
Time: 37.27814698219299 
Result: 482044
Solution:  0 4 6 4 4 7 5 2 7 11 14 0 7 5 9 6 14 9 8 12 10 10 12 8 13 17 19 11 8 16 13 17 20 18 19 25 16 22 19 18 22 20 17 21 25 20 26 31 27 21 24 24 31 27 23 30 30 26 28 31 29 21 28 30 32 32 33 36 31 34 29 34 36 33 40 44 38 41 39 40 35 33 44 46 38 39 43 43 45 44 48 41 42 45 47 50 50 42 51 49 50 48 51 47 53 52 53 57 54 54 46 56 60 56 52 63 60 61 66 57 61 56 64 57 63 62 66 70 65 65 69 60 68 67 67 71 63 62 70 68 75 63 69 74 73 80 73 77 80 74 78 71 75 79 74 76 79 74 72 73 78 79 76 81 85 84 89 77 86 83 82 89 83 84 88 85 81 86 90 87 99 83 82 95 97 91 91 92 93 98 94 90 96 94 97 92 101 98 97 104 103 95 100 96 100 99 104 100 105 107 108 101 115 105 104 106 104 103 107 111 109 110 113 111 106 110 121 109 121 113 116 114 116 117 116 119 112 118 125 119 124 115 113 123 117 123 118 130 122 126 122 128 127 130 125 131 132 128 138 126 130 127 124 135 136 132 129 134 133 134 131 140 135 129 135 139 133 144 140 138 144 143 136 143 146 137 145 141 147 142 152 146 145 142 150 155 156 147 153 153 152 148 150 148 149 152 151 160 161 149 151 160 158 159 151 156 157 157 158 155 164 167 165 159 161 162 162 163 168 164 167 169 167 162 171 167 166 164 170 168 170 166 169 173 165 175 175 172 173 176 174 175 181 176 178 179 171 177 174 181 180 177 184 179 177 186 182 188 178 180 188 189 185 189 191 190 190 196 183 192 188 184 183 189 187 188 193 194 195 198 199 196 194 190 199 198 198 192 197 198 193 200 201 200 203 202 202 207 203 202 209 212 205 205 206 200 212 213 208 208 206 204 210 211 207 221 209 217 213 210 217 214 218 216 211 215 216 212 226 219 211 220 219 224 217 225 222 230 224 222 227 233 223 227 226 223 220 229 230 234 229 233 233 227 232 238 235 237 231 238 244 236 228 231 238 240 234 236 241 242 239 246 241 232 239 237 242 249 250 247 238 243 244 247 245 245 241 246 249 251 251 253 248 247 255 254 252 254 252 249 252 258 250 261 253 257 253 259 257 261 263 260 255 269 262 260 256 266 269 262 267 263 266 259 272 264 267 273 265 264 265 272 271 265 273 268 270 269 275 281 273 274 277 271 276 278 281 278 279 277 276 279 283 284 286 274 280 281 286 284 279 283 287 291 285 285 287 293 282 288 289 288 290 288 295 294 296 291 300 296 295 297 301 295 294 296 292 293 303 292 299 299 298 297 300 302 307 304 305 302 305 306 298 306 305 307 312 310 308 303 309 311 309 311 313 304 310 320 318 320 308 316 312 316 313 314 314 317 318 315 325 319 317 320 322 323 321 329 328 323 320 327 326 325 326 330 324 324 329 334 337 332 322 329 334 331 336 337 333 336 326 340 341 337 338 336 341 344 339 333 339 339 339 339 335 335 337 340 346 339 347 342 344 342 338 342 352 346 344 348 343 344 345 349 347 349 340 348 345 357 343 344 343 350 351 350 351 359 354 349 348 347 351 355 356 353 352 347 355 354 353 351 358 361 362 355 356 364 357 359 358 357 366 360 355 358 355 359 361 356 359 362 361 363 363 362 369 364 364 364 365 370 368 370 360 368 367 370 360 366 363 368 367 360 367 377 374 372 378 371 365 372 374 375 373 374 375 378 382 369 369 371 373 376 377 371 374 377 373 378 374 371 379 381 376 381 381 383 377 379 380 382 374 380 385 385 384 383 382 386 379 379 385 389 388 387 384 383 382 387 384 389 396 390 396 388 392 388 395 395 391 393 393 390 394 399 390 386 395 398 393 386 400 389 396 398 392 397 395 394 397 391 405 394 403 406 395 396 400 400 403 407 402 398 402 403 402 404 404 397 407 402 410 399 401 401 401 405 399 408 409 410 412 413 411 406 415 408 412 404 416 409 414 408 409 419 412 417 411 413 414 416 411 413 423 416 420 418 414 418 417 426 426 420 415 415 422 421 422 423 422 418 429 417 416 425 424 419 420 420 420 421 428 432 428 427 423 430 430 427 424 429 424 427 424 432 431 430 430 425 435 436 435 434 429 426 431 430 433 431 439 441 435 438 433 437 436 441 433 435 439 439 441 435 440 443 438 438 437 435 440 442 442 442 436 444 443 444 436 444
0: 0 11 (29.0)
1: (0.0)
2: 7 (18.0)
3: (0.0)
4: 1 3 4 (25.0)
5: 6 13 (17.0)
6: 2 15 (23.0)
7: 5 8 12 (24.0)
8: 18 23 28 (11.0)
9: 14 17 (7.0)
10: 20 21 (20.0)
11: 9 27 (23.0)
12: 19 22 (31.0)
13: 24 30 (25.0)
14: 10 16 (22.0)
15: (0.0)
16: 29 36 (29.0)
17: 25 31 42 (20.0)
18: 33 39 (26.0)
19: 26 34 38 (32.0)
20: 32 41 45 (28.0)
21: 43 49 61 (21.0)
22: 37 40 (16.0)
23: 54 (9.0)
24: 50 51 (20.0)
25: 35 44 (19.0)
26: 46 57 (29.0)
27: 48 53 (35.0)
28: 58 62 (29.0)
29: 60 70 (27.0)
30: 55 56 63 (26.0)
31: 47 52 59 68 (19.0)
32: 64 65 (20.0)
33: 66 73 81 (26.0)
34: 69 71 (20.0)
35: 80 (9.0)
36: 67 72 (26.0)
37: (0.0)
38: 76 84 (4.0)
39: 78 85 (30.0)
40: 74 79 (27.0)
41: 77 91 (30.0)
42: 92 97 (20.0)
43: 86 87 (21.0)
44: 75 82 89 (19.0)
45: 88 93 (29.0)
46: 83 110 (22.0)
47: 94 103 (25.0)
48: 90 101 (26.0)
49: 99 (6.0)
50: 95 96 100 (17.0)
51: 98 102 (28.0)
52: 105 114 (22.0)
53: 104 106 (27.0)
54: 108 109 (21.0)
55: (0.0)
56: 111 113 121 (23.0)
57: 107 119 123 (20.0)
58: (0.0)
59: (0.0)
60: 112 116 131 (26.0)
61: 117 120 (29.0)
62: 125 137 (26.0)
63: 115 124 136 141 (22.0)
64: 122 (15.0)
65: 128 129 (21.0)
66: 118 126 (36.0)
67: 133 134 (21.0)
68: 132 139 (8.0)
69: 130 142 (28.0)
70: 127 138 (21.0)
71: 135 151 (28.0)
72: 158 (10.0)
73: 144 146 159 (22.0)
74: 143 149 154 157 (27.0)
75: 140 152 (34.0)
76: 155 162 (23.0)
77: 147 167 (27.0)
78: 150 160 (26.0)
79: 153 156 161 (26.0)
80: 145 148 (35.0)
81: 163 176 (23.0)
82: 170 182 (25.0)
83: 169 172 181 (21.0)
84: 165 173 (28.0)
85: 164 175 (19.0)
86: 168 177 (29.0)
87: 179 (20.0)
88: 174 (14.0)
89: 166 171 (20.0)
90: 178 191 (6.0)
91: 185 186 (31.0)
92: 187 195 (21.0)
93: 188 (20.0)
94: 190 193 (36.0)
95: 183 201 (19.0)
96: 192 203 (20.0)
97: 184 194 198 (26.0)
98: 189 197 (21.0)
99: 180 205 (28.0)
100: 202 204 207 (26.0)
101: 196 211 (13.0)
102: (0.0)
103: 200 217 (26.0)
104: 199 206 214 216 (28.0)
105: 208 213 (24.0)
106: 215 224 (33.0)
107: 209 218 (12.0)
108: 210 (12.0)
109: 220 227 (16.0)
110: 221 225 (21.0)
111: 219 223 (33.0)
112: 236 (20.0)
113: 222 229 242 (20.0)
114: 231 (20.0)
115: 212 241 (28.0)
116: 230 232 234 (20.0)
117: 233 244 (29.0)
118: 237 246 (15.0)
119: 235 239 (16.0)
120: (0.0)
121: 226 228 (28.0)
122: 248 250 (27.0)
123: 243 245 (25.0)
124: 240 262 (24.0)
125: 238 254 (27.0)
126: 249 259 (13.0)
127: 252 261 (35.0)
128: 251 257 (25.0)
129: 266 273 (31.0)
130: 247 253 260 (20.0)
131: 255 270 (22.0)
132: 256 265 (17.0)
133: 268 276 (25.0)
134: 267 269 (18.0)
135: 263 272 274 (12.0)
136: 264 282 (27.0)
137: 285 (20.0)
138: 258 279 (25.0)
139: 275 (21.0)
140: 271 278 (29.0)
141: 287 (13.0)
142: 289 293 (24.0)
143: 281 283 (21.0)
144: 277 280 (24.0)
145: 286 292 (27.0)
146: 284 291 (19.0)
147: 288 297 (20.0)
148: 301 303 (25.0)
149: 304 309 (29.0)
150: 294 302 (26.0)
151: 306 310 314 (26.0)
152: 290 300 305 (17.0)
153: 298 299 (23.0)
154: (0.0)
155: 295 319 (21.0)
156: 296 315 (24.0)
157: 316 317 (24.0)
158: 312 318 (27.0)
159: 313 323 (20.0)
160: 307 311 (28.0)
161: 308 324 (27.0)
162: 325 326 333 (26.0)
163: 327 (22.0)
164: 320 329 337 (30.0)
165: 322 344 (31.0)
166: 336 341 (26.0)
167: 321 330 332 335 (35.0)
168: 328 339 (26.0)
169: 331 342 (35.0)
170: 338 340 (26.0)
171: 334 356 (35.0)
172: 347 (21.0)
173: 343 348 (16.0)
174: 350 358 (28.0)
175: 345 346 351 (21.0)
176: 349 353 (25.0)
177: 357 361 364 (15.0)
178: 354 368 (22.0)
179: 355 363 (29.0)
180: 360 369 (30.0)
181: 352 359 (26.0)
182: 366 (20.0)
183: 378 382 (29.0)
184: 362 381 (25.0)
185: 372 (22.0)
186: 365 (20.0)
187: 384 (20.0)
188: 367 370 380 385 (25.0)
189: 371 373 383 (28.0)
190: 375 376 393 (27.0)
191: 374 (20.0)
192: 379 397 (31.0)
193: 386 400 (28.0)
194: 387 392 (31.0)
195: 388 (20.0)
196: 377 391 (30.0)
197: 398 (20.0)
198: 389 395 396 399 (24.0)
199: 390 394 (27.0)
200: 401 403 415 (14.0)
201: 402 (20.0)
202: 405 406 409 (21.0)
203: 404 408 (34.0)
204: 421 (22.0)
205: 412 413 (25.0)
206: 414 420 (24.0)
207: 407 424 (25.0)
208: 418 419 (25.0)
209: 410 426 (31.0)
210: 422 429 (24.0)
211: 423 434 440 (28.0)
212: 411 416 437 (24.0)
213: 417 428 (35.0)
214: 431 (21.0)
215: 435 (15.0)
216: 433 436 (22.0)
217: 427 430 444 (18.0)
218: 432 (22.0)
219: 439 442 (21.0)
220: 441 456 (26.0)
221: 425 (20.0)
222: 446 449 (26.0)
223: 452 455 (32.0)
224: 443 448 (30.0)
225: 445 (20.0)
226: 438 454 (25.0)
227: 450 453 463 (48.0)
228: 472 (24.0)
229: 457 460 (35.0)
230: 447 458 (23.0)
231: 468 473 (24.0)
232: 464 483 (42.0)
233: 451 461 462 (21.0)
234: 459 476 (28.0)
235: 466 (24.0)
236: 471 477 (26.0)
237: 467 485 (25.0)
238: 465 469 474 490 (20.0)
239: 480 484 (17.0)
240: 475 (21.0)
241: 478 482 496 (22.0)
242: 479 486 (30.0)
243: 491 (22.0)
244: 470 492 (28.0)
245: 494 495 (26.0)
246: 481 497 (30.0)
247: 489 493 503 (26.0)
248: 502 (21.0)
249: 487 498 509 (32.0)
250: 488 512 (29.0)
251: 499 500 (27.0)
252: 506 508 510 (25.0)
253: 501 514 516 (30.0)
254: 505 507 (36.0)
255: 504 522 (28.0)
256: 526 (24.0)
257: 515 518 (32.0)
258: 511 (22.0)
259: 517 533 (25.0)
260: 521 525 (30.0)
261: 513 519 (21.0)
262: 524 529 (26.0)
263: 520 531 (28.0)
264: 535 539 (28.0)
265: 538 540 543 (27.0)
266: 527 532 (25.0)
267: 530 536 (28.0)
268: 545 (23.0)
269: 523 528 547 (20.0)
270: 546 (22.0)
271: 542 553 (34.0)
272: 534 541 (33.0)
273: 537 544 550 (28.0)
274: 551 565 (25.0)
275: 548 (22.0)
276: 554 560 (31.0)
277: 552 559 (28.0)
278: 555 557 (32.0)
279: 558 561 570 (28.0)
280: 566 (20.0)
281: 549 556 567 (20.0)
282: 578 (21.0)
283: 562 571 (26.0)
284: 563 569 (31.0)
285: 574 575 (27.0)
286: 564 568 (30.0)
287: 572 576 (21.0)
288: 579 581 583 (10.0)
289: 580 (26.0)
290: 582 (24.0)
291: 573 587 (37.0)
292: 596 599 (21.0)
293: 577 597 (32.0)
294: 585 594 (38.0)
295: 584 590 593 (26.0)
296: 586 589 595 (27.0)
297: 591 603 (34.0)
298: 602 612 (30.0)
299: 600 601 (27.0)
300: 588 604 (27.0)
301: 592 (21.0)
302: 605 609 (36.0)
303: 598 619 (33.0)
304: 607 625 (29.0)
305: 608 610 614 (26.0)
306: 611 613 (25.0)
307: 606 615 (31.0)
308: 618 630 (30.0)
309: 620 622 (32.0)
310: 617 626 (29.0)
311: 621 623 (24.0)
312: 616 632 (27.0)
313: 624 634 (29.0)
314: 635 636 (29.0)
315: 639 (26.0)
316: 631 633 (32.0)
317: 637 642 (30.0)
318: 628 638 (25.0)
319: 641 (24.0)
320: 627 629 643 650 (23.0)
321: 646 (25.0)
322: 644 662 (28.0)
323: 645 649 (21.0)
324: 656 657 (28.0)
325: 640 653 (25.0)
326: 652 654 670 (20.0)
327: 651 (22.0)
328: 648 (20.0)
329: 647 658 663 (21.0)
330: 655 (22.0)
331: 665 (26.0)
332: 661 (22.0)
333: 668 679 (34.0)
334: 659 664 (27.0)
335: 684 685 (33.0)
336: 666 669 675 (35.0)
337: 660 667 673 686 (29.0)
338: 674 694 (22.0)
339: 678 680 681 682 683 689 (28.0)
340: 671 687 706 (27.0)
341: 672 676 (37.0)
342: 691 693 695 (26.0)
343: 700 710 712 (30.0)
344: 677 692 698 701 711 (32.0)
345: 702 708 (26.0)
346: 688 697 (27.0)
347: 690 704 721 727 (29.0)
348: 699 707 720 (28.0)
349: 703 705 719 (30.0)
350: 713 715 (28.0)
351: 714 716 722 731 (26.0)
352: 696 726 (28.0)
353: 725 730 (28.0)
354: 718 729 (27.0)
355: 723 728 735 744 746 (30.0)
356: 724 736 749 (30.0)
357: 709 738 741 (33.0)
358: 732 740 745 (29.0)
359: 717 739 747 750 (30.0)
360: 743 764 768 773 (30.0)
361: 733 748 752 (28.0)
362: 734 751 755 (34.0)
363: 753 754 770 (28.0)
364: 737 757 758 759 (30.0)
365: 760 780 (30.0)
366: 742 769 (31.0)
367: 766 772 774 (30.0)
368: 762 765 771 (30.0)
369: 756 789 790 (29.0)
370: 761 763 767 (30.0)
371: 779 791 795 801 (30.0)
372: 777 781 (28.0)
373: 784 792 798 (30.0)
374: 776 782 785 796 800 812 (28.0)
375: 783 786 (33.0)
376: 793 804 (32.0)
377: 775 794 797 808 (30.0)
378: 778 787 799 (30.0)
379: 802 809 820 821 (30.0)
380: 810 813 (33.0)
381: 803 805 806 (30.0)
382: 788 811 818 828 (33.0)
383: 807 817 827 (30.0)
384: 816 826 830 (30.0)
385: 814 815 822 (32.0)
386: 819 847 851 (30.0)
387: 825 829 (27.0)
388: 824 835 837 (30.0)
389: 823 831 853 (27.0)
390: 833 843 846 (25.0)
391: 840 861 (29.0)
392: 836 856 (29.0)
393: 841 842 850 (24.0)
394: 844 859 863 (30.0)
395: 838 839 848 858 866 (29.0)
396: 832 834 854 867 (32.0)
397: 857 860 879 (23.0)
398: 849 855 873 (29.0)
399: 845 883 888 (29.0)
400: 852 868 869 (30.0)
401: 884 885 886 (30.0)
402: 872 874 876 881 (29.0)
403: 864 870 875 (30.0)
404: 877 878 899 (32.0)
405: 862 887 (30.0)
406: 865 895 (31.0)
407: 871 880 (34.0)
408: 889 897 903 (30.0)
409: 890 901 904 (31.0)
410: 882 891 (32.0)
411: 894 908 912 (30.0)
412: 892 898 906 (30.0)
413: 893 909 913 (30.0)
414: 902 910 918 (27.0)
415: 896 924 925 (30.0)
416: 900 911 915 934 (30.0)
417: 907 920 933 (30.0)
418: 917 919 931 (27.0)
419: 905 937 (29.0)
420: 916 923 938 939 940 (30.0)
421: 927 941 (22.0)
422: 926 928 930 (30.0)
423: 914 929 946 (29.0)
424: 936 950 952 954 (33.0)
425: 935 959 (29.0)
426: 921 922 965 (38.0)
427: 945 949 953 (30.0)
428: 942 944 (33.0)
429: 932 951 964 (30.0)
430: 947 948 957 958 967 (31.0)
431: 956 966 969 (30.0)
432: 943 955 (30.0)
433: 968 974 978 (29.0)
434: 963 (23.0)
435: 960 962 972 979 983 989 (29.0)
436: 961 976 994 998 (22.0)
437: 975 988 (34.0)
438: 973 986 987 (28.0)
439: 970 980 981 (29.0)
440: 984 990 (29.0)
441: 971 977 982 (25.0)
442: 991 992 993 (30.0)
443: 985 996 (30.0)
444: 995 997 999 (36.0)
