Name: 1000-60-125
Time: 67.77914619445801 
Result: 146
Solution:  1 4 4 0 0 1 9 2 4 7 7 2 4 8 6 7 9 11 12 13 8 12 17 15 13 6 13 19 14 22 13 14 9 20 18 19 18 20 15 24 21 20 27 22 23 23 21 19 22 21 28 25 26 26 24 34 28 25 35 33 26 31 24 32 25 28 36 31 30 33 29 36 27 30 34 28 33 33 29 40 35 32 35 35 39 38 34 39 38 40 31 41 39 40 39 39 37 34 44 43 40 40 46 37 41 36 45 47 42 44 51 47 45 45 42 48 46 45 43 45 42 44 48 52 56 52 55 49 44 53 52 45 48 51 61 55 50 56 57 58 57 54 56 55 53 60 56 51 58 53 62 55 61 54 66 57 63 60 56 63 59 62 56 57 56 59 58 62 64 69 61 69 65 63 65 67 70 65 68 62 76 67 64 63 68 70 72 73 67 71 71 71 70 70 66 68 74 78 72 79 70 74 73 78 75 72 74 75 80 73 82 81 81 78 81 76 77 77 79 89 80 77 78 83 79 91 84 79 81 83 81 85 91 83 82 83 82 88 87 81 93 89 81 86 93 91 88 98 86 92 84 88 95 90 83 92 90 93 94 85 96 95 99 98 94 96 90 99 88 96 105 100 95 97 98 97 101 98 99 100 102 96 105 102 102 100 103 97 98 104 103 104 109 103 103 106 105 112 109 109 106 107 113 112 113 111 115 110 108 114 110 104 112 112 112 111 115 110 114 111 121 108 115 117 113 119 116 107 117 114 120 119 115 118 119 118 121 114 127 120 115 124 125 113 124 121 122 121 127 130 127 116 124 121 123 126 126 128 127 124 123 126 130 136 128 133 126 131 128 129 131 134 130 137 132 135 127 127 129 130 132 130 135 134 135 134 137 134 133 131 132 139 139 131 141 133 143 146 142 140 140 138 146 144 142 136 143 148 141 145 145 143 145 144 151 145 137 138 155 149 142 147 148 147 153 150 150 151 146 149 151 154 154 152 154 148 153 150 152 156 161 158 148 152 159 155 158 162 157 164 157 161 157 156 159 163 165 164 155 152 160 169 161 160 162 153 161 160 168 163 169 165 157 170 169 166 165 168 170 167 167 166 170 164 171 165 170 173 170 174 176 171 172 169 165 165 173 168 166 174 171 182 175 176 175 174 180 178 176 173 173 175 180 178 180 175 179 180 183 176 182 184 186 181 184 183 177 182 189 181 183 177 188 183 185 186 187 185 190 183 183 187 185 190 193 184 184 189 193 189 189 185 191 196 192 194 188 201 192 192 193 194 200 197 196 201 198 189 197 204 195 197 196 197 199 208 195 200 196 198 205 203 207 207 201 202 203 198 204 203 202 202 206 202 202 208 206 199 206 205 205 209 199 208 213 209 207 209 210 212 214 209 213 207 210 214 214 219 210 209 208 211 216 211 213 218 221 215 211 216 215 225 217 220 218 222 217 220 219 215 220 220 218 221 221 227 225 226 224 223 218 223 218 222 226 227 226 222 233 227 219 227 228 231 234 228 232 224 231 228 239 228 236 231 226 227 232 233 234 230 234 233 235 232 229 242 227 234 235 237 237 239 244 238 236 241 238 240 234 243 237 240 235 242 242 246 244 241 242 244 246 241 237 245 239 252 246 245 240 243 256 248 248 248 245 252 251 249 253 252 244 250 251 247 254 244 249 260 247 251 256 261 255 249 250 261 255 256 254 257 253 260 262 258 256 251 259 267 256 258 260 253 261 257 262 260 266 264 263 268 262 268 263 258 264 269 267 271 270 261 273 273 265 265 274 260 270 271 266 272 275 264 271 272 269 271 266 268 273 277 265 278 279 272 275 276 271 285 278 274 277 276 283 279 284 277 275 281 280 278 287 280 273 282 281 284 276 287 288 280 279 289 280 279 291 283 287 283 282 287 285 286 286 287 295 280 290 288 292 296 291 292 292 296 288 297 294 291 290 289 298 294 295 296 297 290 303 293 304 299 298 294 301 289 296 303 305 302 297 303 304 302 293 299 303 300 298 301 302 301 308 305 307 304 309 312 306 304 300 300 306 310 311 302 306 309 308 307 308 303 319 307 305 313 312 317 311 313 315 320 314 314 314 315 314 313 320 322 322 319 317 317 318 316 325 319 316 312 327 321 318 326 328 320 319 321 315 327 316 323 323 330 324 330 320 322 333 326 327 328 323 331 324 328 334 326 325 332 322 330 329 333 324 329 331 330 336 335 332 332 339 334 333 331 337 338 339 338 333 337 334 336 339 335 339 340 337 340 335 336
0: 3 4 (67.0)
1: 0 5 (77.0)
2: 7 11 (100.0)
3: (0.0)
4: 1 2 8 12 (72.0)
5: (0.0)
6: 14 25 (104.0)
7: 9 10 15 (60.0)
8: 13 20 (58.0)
9: 6 16 32 (119.0)
10: (0.0)
11: 17 (16.0)
12: 18 21 (99.0)
13: 19 24 26 30 (74.0)
14: 28 31 (74.0)
15: 23 38 (55.0)
16: (0.0)
17: 22 (42.0)
18: 34 36 (59.0)
19: 27 35 47 (101.0)
20: 33 37 41 (88.0)
21: 40 46 49 (60.0)
22: 29 43 48 (74.0)
23: 44 45 (65.0)
24: 39 54 62 (63.0)
25: 51 57 64 (62.0)
26: 52 53 60 (83.0)
27: 42 72 (64.0)
28: 50 56 65 75 (67.0)
29: 70 78 (75.0)
30: 68 73 (80.0)
31: 61 67 90 (83.0)
32: 63 81 (74.0)
33: 59 69 76 77 (35.0)
34: 55 74 86 97 (51.0)
35: 58 80 82 83 (66.0)
36: 66 71 105 (55.0)
37: 96 103 (71.0)
38: 85 88 (77.0)
39: 84 87 92 94 95 (61.0)
40: 79 89 93 100 101 (59.0)
41: 91 104 (71.0)
42: 108 114 120 (76.0)
43: 99 118 (94.0)
44: 98 109 121 128 (69.0)
45: 106 112 113 117 119 131 (72.0)
46: 102 116 (77.0)
47: 107 111 (69.0)
48: 115 122 132 (47.0)
49: 127 (49.0)
50: 136 (57.0)
51: 110 133 147 (67.0)
52: 123 125 130 (63.0)
53: 129 144 149 (66.0)
54: 141 153 (67.0)
55: 126 135 143 151 (114.0)
56: 124 137 142 146 158 162 164 (73.0)
57: 138 140 155 163 (61.0)
58: 139 148 166 (75.0)
59: 160 165 (91.0)
60: 145 157 (90.0)
61: 134 152 170 (49.0)
62: 150 161 167 179 (58.0)
63: 156 159 173 183 (66.0)
64: 168 182 (73.0)
65: 172 174 177 (91.0)
66: 154 194 (61.0)
67: 175 181 188 (73.0)
68: 178 184 195 (90.0)
69: 169 171 (66.0)
70: 176 185 192 193 200 (80.0)
71: 189 190 191 (83.0)
72: 186 198 205 (69.0)
73: 187 202 209 (75.0)
74: 196 201 206 (106.0)
75: 204 207 (73.0)
76: 180 215 (67.0)
77: 216 217 221 (73.0)
78: 197 203 213 222 (81.0)
79: 199 218 224 227 (68.0)
80: 208 220 (63.0)
81: 211 212 214 228 230 239 242 (56.0)
82: 210 234 236 (69.0)
83: 223 229 233 235 254 (71.0)
84: 226 250 (92.0)
85: 231 259 (82.0)
86: 243 248 (73.0)
87: 238 (68.0)
88: 237 246 251 268 (71.0)
89: 219 241 (61.0)
90: 253 256 266 (89.0)
91: 225 232 245 (95.0)
92: 249 255 (65.0)
93: 240 244 257 (74.0)
94: 258 264 (67.0)
95: 252 261 272 (69.0)
96: 260 265 269 281 (100.0)
97: 273 275 287 (95.0)
98: 247 263 274 277 288 (102.0)
99: 262 267 278 (71.0)
100: 271 279 285 (88.0)
101: 276 (61.0)
102: 280 283 284 (81.0)
103: 286 290 293 294 (87.0)
104: 289 291 311 (74.0)
105: 270 282 296 (65.0)
106: 295 300 (90.0)
107: 301 327 (87.0)
108: 308 321 (74.0)
109: 292 298 299 (90.0)
110: 307 310 317 (111.0)
111: 305 315 319 (76.0)
112: 297 303 312 313 314 (103.0)
113: 302 304 324 343 (91.0)
114: 309 318 329 337 (86.0)
115: 306 316 322 332 340 (109.0)
116: 326 351 (72.0)
117: 323 328 (81.0)
118: 333 335 (68.0)
119: 325 331 334 (94.0)
120: 330 339 (67.0)
121: 320 336 345 347 353 (85.0)
122: 346 (62.0)
123: 354 360 (82.0)
124: 341 344 352 359 (88.0)
125: 342 (62.0)
126: 355 356 361 366 (100.0)
127: 338 348 350 358 376 377 (103.0)
128: 357 364 368 (102.0)
129: 369 378 (94.0)
130: 349 362 372 379 381 (85.0)
131: 367 370 389 393 (95.0)
132: 374 380 390 (90.0)
133: 365 388 395 (79.0)
134: 371 383 385 387 (97.0)
135: 375 382 384 (98.0)
136: 363 405 (78.0)
137: 373 386 416 (77.0)
138: 401 417 (65.0)
139: 391 392 (72.0)
140: 399 400 (84.0)
141: 394 408 (105.0)
142: 398 404 420 (73.0)
143: 396 406 411 (71.0)
144: 403 413 (92.0)
145: 409 410 412 415 (113.0)
146: 397 402 428 (86.0)
147: 421 423 (83.0)
148: 407 422 435 442 (101.0)
149: 419 429 (64.0)
150: 425 426 437 (99.0)
151: 414 427 430 (62.0)
152: 433 438 443 459 (77.0)
153: 424 436 465 (107.0)
154: 431 432 434 (78.0)
155: 418 445 458 (80.0)
156: 439 453 (75.0)
157: 448 450 452 472 (108.0)
158: 441 446 (66.0)
159: 444 454 (79.0)
160: 460 463 467 (100.0)
161: 440 451 462 466 (106.0)
162: 447 464 (79.0)
163: 455 469 (83.0)
164: 449 457 483 (120.0)
165: 456 471 476 485 494 495 (125.0)
166: 475 481 498 (106.0)
167: 479 480 (81.0)
168: 468 477 497 (101.0)
169: 461 470 474 493 (113.0)
170: 473 478 482 486 488 (115.0)
171: 484 491 500 (82.0)
172: 492 (65.0)
173: 487 496 509 510 (98.0)
174: 489 499 505 (100.0)
175: 502 504 511 515 (86.0)
176: 490 503 508 519 (116.0)
177: 526 531 (90.0)
178: 507 513 (87.0)
179: 516 (73.0)
180: 506 512 514 517 (109.0)
181: 523 529 (79.0)
182: 501 520 527 (95.0)
183: 518 525 530 533 539 540 (98.0)
184: 521 524 545 546 (78.0)
185: 534 537 542 551 (90.0)
186: 522 535 (99.0)
187: 536 541 (82.0)
188: 532 556 (86.0)
189: 528 547 549 550 567 (101.0)
190: 538 543 (75.0)
191: 552 (65.0)
192: 554 558 559 (69.0)
193: 544 548 560 (123.0)
194: 555 561 (101.0)
195: 570 576 (102.0)
196: 553 564 572 578 (116.0)
197: 563 568 571 573 (120.0)
198: 566 579 587 (105.0)
199: 574 597 602 (112.0)
200: 562 577 (89.0)
201: 557 565 584 (121.0)
202: 585 590 591 593 594 (119.0)
203: 581 586 589 (99.0)
204: 569 588 (63.0)
205: 580 599 600 (118.0)
206: 592 596 598 (115.0)
207: 582 583 606 613 (122.0)
208: 575 595 603 620 (84.0)
209: 601 605 607 611 619 (95.0)
210: 608 614 618 (84.0)
211: 621 623 628 (110.0)
212: 609 (63.0)
213: 604 612 624 (123.0)
214: 610 615 616 (112.0)
215: 627 630 639 (120.0)
216: 622 629 (96.0)
217: 632 636 (95.0)
218: 625 634 642 650 652 (115.0)
219: 617 638 660 (90.0)
220: 633 637 640 641 (121.0)
221: 626 643 644 (124.0)
222: 635 653 657 (117.0)
223: 649 651 (94.0)
224: 648 667 (91.0)
225: 631 646 (96.0)
226: 647 654 656 674 (91.0)
227: 645 655 659 661 675 686 (125.0)
228: 662 665 669 671 (118.0)
229: 684 (64.0)
230: 679 (67.0)
231: 663 668 673 (122.0)
232: 666 676 683 (124.0)
233: 658 677 681 (117.0)
234: 664 678 680 687 698 (107.0)
235: 682 688 702 (124.0)
236: 672 694 (105.0)
237: 689 690 700 712 (121.0)
238: 693 696 (103.0)
239: 670 691 714 (124.0)
240: 697 701 718 (113.0)
241: 695 707 711 (97.0)
242: 685 703 704 708 (124.0)
243: 699 719 (78.0)
244: 692 706 709 730 735 (115.0)
245: 713 717 724 (102.0)
246: 705 710 716 (124.0)
247: 733 738 (88.0)
248: 721 722 723 (108.0)
249: 727 736 743 (95.0)
250: 731 744 (102.0)
251: 726 732 739 755 (125.0)
252: 715 725 729 (116.0)
253: 728 750 761 (123.0)
254: 734 748 (101.0)
255: 742 746 (86.0)
256: 720 740 747 754 758 (121.0)
257: 749 763 (85.0)
258: 753 759 773 (69.0)
259: 756 (79.0)
260: 737 751 760 765 785 (119.0)
261: 741 745 762 779 (84.0)
262: 752 764 770 (92.0)
263: 768 772 (90.0)
264: 767 774 791 (102.0)
265: 782 783 800 (101.0)
266: 766 788 796 (116.0)
267: 757 776 (107.0)
268: 769 771 797 (124.0)
269: 775 794 (110.0)
270: 778 786 (108.0)
271: 777 787 792 795 806 (125.0)
272: 789 793 803 (123.0)
273: 780 781 798 822 (119.0)
274: 784 809 (77.0)
275: 790 804 816 (121.0)
276: 805 811 826 (124.0)
277: 799 810 815 (123.0)
278: 801 808 819 (117.0)
279: 802 813 830 833 (117.0)
280: 818 821 829 832 845 (119.0)
281: 817 824 (105.0)
282: 823 838 (114.0)
283: 812 835 837 (118.0)
284: 814 825 (105.0)
285: 807 840 (121.0)
286: 841 842 (107.0)
287: 820 827 836 839 843 (114.0)
288: 828 847 854 (101.0)
289: 831 859 873 (124.0)
290: 846 858 865 (124.0)
291: 834 850 857 (125.0)
292: 848 851 852 (123.0)
293: 867 882 (90.0)
294: 856 861 871 (125.0)
295: 844 862 (129.0)
296: 849 853 863 874 (121.0)
297: 855 864 878 (124.0)
298: 860 870 886 (120.0)
299: 869 883 (125.0)
300: 885 898 899 (123.0)
301: 872 887 889 (124.0)
302: 877 881 888 903 (123.0)
303: 866 875 879 884 909 (125.0)
304: 868 880 893 897 (124.0)
305: 876 891 912 (125.0)
306: 896 900 904 (122.0)
307: 892 907 911 (121.0)
308: 890 906 908 (122.0)
309: 894 905 (121.0)
310: 901 (74.0)
311: 902 916 (114.0)
312: 895 914 937 (120.0)
313: 913 917 925 (130.0)
314: 920 921 922 924 (119.0)
315: 918 923 946 (127.0)
316: 933 936 948 (123.0)
317: 915 930 931 (117.0)
318: 932 940 (129.0)
319: 910 929 935 944 (119.0)
320: 919 926 943 954 (124.0)
321: 939 945 (99.0)
322: 927 928 955 968 (121.0)
323: 949 950 960 (120.0)
324: 952 962 972 (121.0)
325: 934 966 (122.0)
326: 941 957 965 (121.0)
327: 938 947 958 (121.0)
328: 942 959 963 (124.0)
329: 970 973 (111.0)
330: 951 953 969 975 (162.0)
331: 961 974 983 (122.0)
332: 967 978 979 (128.0)
333: 956 971 982 988 (130.0)
334: 964 981 990 (130.0)
335: 977 993 998 (124.0)
336: 976 991 999 (120.0)
337: 984 989 996 (118.0)
338: 985 987 (123.0)
339: 980 986 992 994 (123.0)
340: 995 997 (123.0)
