Name: 1000-40-75
Time: 70.26400637626648 
Result: 85
Solution:  0 1 0 1 3 4 4 5 8 2 4 6 0 7 1 3 10 7 10 2 14 11 6 12 17 11 19 16 16 12 14 8 21 23 17 26 22 10 23 20 19 20 25 21 22 19 28 19 27 26 18 24 18 24 29 29 27 28 30 31 25 33 33 30 32 29 38 40 37 34 35 31 32 34 34 39 40 38 39 42 44 38 33 48 49 44 42 45 47 41 50 54 41 45 49 47 46 52 48 49 50 46 53 51 55 52 49 51 57 53 54 56 58 53 61 57 60 56 54 62 54 61 55 65 62 59 67 66 59 66 60 64 64 65 63 66 69 71 70 73 67 76 69 63 66 71 71 75 74 80 73 78 77 80 77 79 76 76 83 75 84 75 80 79 83 78 77 82 89 85 81 82 92 86 90 82 93 82 84 91 94 86 92 86 87 95 97 101 87 91 90 97 95 96 96 97 100 98 99 100 94 99 105 100 107 108 107 106 103 106 106 105 109 111 108 115 111 107 109 110 104 113 113 116 112 115 120 110 113 121 112 116 109 117 108 118 113 117 128 122 123 121 118 120 124 123 123 124 125 130 119 125 122 134 125 126 126 129 131 130 128 129 133 131 132 131 133 135 141 132 134 127 134 140 138 138 137 135 145 139 139 146 135 144 143 140 139 150 140 142 137 141 145 148 151 142 148 142 146 155 147 149 154 147 145 152 149 150 154 158 156 159 159 156 157 155 160 162 163 158 153 157 160 155 161 158 163 164 163 165 165 161 168 168 162 166 170 172 167 173 164 171 167 169 170 167 171 173 177 174 177 179 172 178 176 174 183 176 175 182 177 181 182 178 188 179 183 182 182 190 180 187 190 185 188 184 188 189 196 195 186 189 191 189 187 187 193 193 191 202 195 200 200 192 195 194 198 199 199 197 198 207 197 204 206 200 197 203 202 201 201 211 209 204 207 211 208 210 208 216 205 209 213 217 215 212 214 214 216 207 212 210 223 218 220 213 220 215 221 220 218 228 219 215 226 221 223 217 224 230 223 225 225 225 222 234 227 226 229 224 230 230 232 236 229 240 238 233 227 235 234 235 241 235 237 233 237 244 238 236 231 242 239 240 245 244 243 244 240 242 243 237 249 246 248 250 247 246 251 250 249 258 247 252 249 251 252 256 254 257 253 252 255 251 263 254 260 257 257 262 258 261 264 261 266 255 259 264 265 259 265 265 265 262 268 267 268 272 271 269 275 267 270 271 263 272 273 273 272 270 269 277 274 274 276 276 282 278 275 279 278 285 282 279 280 280 281 279 285 283 283 286 290 279 287 292 288 289 284 284 296 286 289 293 293 295 288 295 289 291 295 294 296 290 300 297 305 294 300 298 298 292 305 304 299 302 299 299 304 301 302 302 300 309 304 306 303 313 305 310 306 305 308 311 303 304 307 307 313 305 306 313 314 312 308 315 311 309 317 312 306 318 308 311 313 315 315 316 307 314 309 321 326 321 320 323 320 317 314 323 321 319 320 319 326 322 315 323 319 313 324 317 323 324 316 316 320 318 322 326 329 327 330 328 331 333 324 329 330 322 325 330 332 331 335 334 328 335 327 331 333 333 338 336 328 332 341 337 338 336 329 332 334 337 340 340 336 334 338 339 342 338 349 344 337 342 336 342 341 339 347 339 342 352 345 346 340 339 348 342 343 353 348 347 343 345 347 348 348 345 358 350 349 356 357 349 354 350 358 352 346 351 351 354 357 351 355 354 353 350 358 361 360 351 362 355 363 364 358 359 361 356 365 360 356 359 359 367 360 357 362 360 362 361 368 367 368 363 367 372 365 373 364 366 369 364 366 365 370 375 370 363 371 365 376 371 374 366 371 369 371 372 374 369 373 375 377 375 375 380 381 376 371 374 372 381 385 383 379 376 377 379 378 380 380 375 378 382 375 382 384 379 383 381 382 386 388 384 378 386 384 387 394 387 383 390 386 391 393 392 394 388 390 390 389 391 389 389 393 385 385 396 397 398 391 392 392 397 400 396 397 388 399 393 398 395 395 399 397 400 406 400 399 391 393 401 404 402 402 402 401 395 408 404 401 404 403 410 405 406 413 405 409 411 405 409 407 403 407 412 415 414 405 410 408 412 411 406 417 408 407 410 411 413 413 422 412 415 412 418 425 414 416 419 415 418 417 419 420 420 419 421 420 419 423 422 423 420 426 424 417 424 416 420 428 419 427 426 431 425 429 425 421 423 422 427 430 428 429 432 424 432 428 426 429 432 430 431 431 432
0: 0 2 12 (36.0)
1: 1 3 14 (71.0)
2: 9 19 (40.0)
3: 4 15 (39.0)
4: 5 6 10 (41.0)
5: 7 (31.0)
6: 11 22 (47.0)
7: 13 17 (63.0)
8: 8 31 (51.0)
9: (0.0)
10: 16 18 37 (37.0)
11: 21 25 (44.0)
12: 23 29 (33.0)
13: (0.0)
14: 20 30 (38.0)
15: (0.0)
16: 27 28 (63.0)
17: 24 34 (33.0)
18: 50 52 (44.0)
19: 26 40 45 47 (32.0)
20: 39 41 (44.0)
21: 32 43 (44.0)
22: 36 44 (56.0)
23: 33 38 (51.0)
24: 51 53 (40.0)
25: 42 60 (46.0)
26: 35 49 (57.0)
27: 48 56 (17.0)
28: 46 57 (71.0)
29: 54 55 65 (49.0)
30: 58 63 (47.0)
31: 59 71 (56.0)
32: 64 72 (64.0)
33: 61 62 82 (53.0)
34: 69 73 74 (42.0)
35: 70 (11.0)
36: (0.0)
37: 68 (32.0)
38: 66 77 81 (45.0)
39: 75 78 (57.0)
40: 67 76 (50.0)
41: 89 92 (32.0)
42: 79 86 (44.0)
43: (0.0)
44: 80 85 (51.0)
45: 87 93 (31.0)
46: 96 101 (43.0)
47: 88 95 (52.0)
48: 83 98 (45.0)
49: 84 94 99 106 (71.0)
50: 90 100 (46.0)
51: 103 107 (56.0)
52: 97 105 (24.0)
53: 102 109 113 (37.0)
54: 91 110 118 120 (84.0)
55: 104 122 (76.0)
56: 111 117 (58.0)
57: 108 115 (42.0)
58: 112 (35.0)
59: 125 128 (45.0)
60: 116 130 (51.0)
61: 114 121 (51.0)
62: 119 124 (48.0)
63: 134 143 (60.0)
64: 131 132 (23.0)
65: 123 133 (43.0)
66: 127 129 135 144 (45.0)
67: 126 140 (58.0)
68: (0.0)
69: 136 142 (47.0)
70: 138 (32.0)
71: 137 145 146 (83.0)
72: (0.0)
73: 139 150 (34.0)
74: 148 (42.0)
75: 147 159 161 (44.0)
76: 141 156 157 (69.0)
77: 152 154 166 (73.0)
78: 151 165 (60.0)
79: 155 163 (70.0)
80: 149 153 162 (32.0)
81: 170 (42.0)
82: 167 171 175 177 (33.0)
83: 158 164 (49.0)
84: 160 178 (34.0)
85: 169 (6.0)
86: 173 181 183 (47.0)
87: 184 188 (52.0)
88: (0.0)
89: 168 (40.0)
90: 174 190 (62.0)
91: 179 189 (58.0)
92: 172 182 (55.0)
93: 176 (45.0)
94: 180 200 (69.0)
95: 185 192 (41.0)
96: 193 194 (50.0)
97: 186 191 195 (57.0)
98: 197 (40.0)
99: 198 201 (47.0)
100: 196 199 203 (36.0)
101: 187 (28.0)
102: (0.0)
103: 208 (29.0)
104: 220 (40.0)
105: 202 211 (76.0)
106: 207 209 210 (34.0)
107: 204 206 217 (86.0)
108: 205 214 234 (53.0)
109: 212 218 232 (42.0)
110: 219 227 (43.0)
111: 213 216 (50.0)
112: 224 230 (45.0)
113: 221 222 228 236 (55.0)
114: (0.0)
115: 215 225 (73.0)
116: 223 231 (52.0)
117: 233 237 (72.0)
118: 235 242 (54.0)
119: 250 (33.0)
120: 226 243 (65.0)
121: 229 241 (42.0)
122: 239 252 (63.0)
123: 240 245 246 (72.0)
124: 244 247 (64.0)
125: 248 251 254 (55.0)
126: 255 256 (47.0)
127: 271 (34.0)
128: 238 260 (37.0)
129: 257 261 (68.0)
130: 249 259 (66.0)
131: 258 263 265 (52.0)
132: 264 269 (66.0)
133: 262 266 (54.0)
134: 253 270 272 (49.0)
135: 267 277 282 (43.0)
136: (0.0)
137: 276 290 (42.0)
138: 274 275 (51.0)
139: 279 280 286 (52.0)
140: 273 285 288 (62.0)
141: 268 291 (72.0)
142: 289 295 297 (48.0)
143: 284 (47.0)
144: 283 (42.0)
145: 278 292 304 (67.0)
146: 281 298 (48.0)
147: 300 303 (70.0)
148: 293 296 (67.0)
149: 301 306 (49.0)
150: 287 307 (57.0)
151: 294 (42.0)
152: 305 (41.0)
153: 320 (40.0)
154: 302 308 (56.0)
155: 299 315 323 (66.0)
156: 310 313 (61.0)
157: 314 321 (59.0)
158: 309 319 325 (65.0)
159: 311 312 (43.0)
160: 316 322 (64.0)
161: 324 331 (63.0)
162: 317 334 (26.0)
163: 318 326 328 (51.0)
164: 327 340 (61.0)
165: 329 330 (61.0)
166: 335 (40.0)
167: 338 342 345 (51.0)
168: 332 333 (53.0)
169: 343 (48.0)
170: 336 344 (61.0)
171: 341 346 (61.0)
172: 337 352 (57.0)
173: 339 347 (50.0)
174: 349 355 (45.0)
175: 358 (45.0)
176: 354 357 (60.0)
177: 348 350 360 (59.0)
178: 353 363 (42.0)
179: 351 365 (75.0)
180: 370 (45.0)
181: 361 (42.0)
182: 359 362 367 368 (71.0)
183: 356 366 (56.0)
184: 375 (41.0)
185: 373 (44.0)
186: 380 (51.0)
187: 371 384 385 (65.0)
188: 364 374 376 (51.0)
189: 377 381 383 (75.0)
190: 369 372 (58.0)
191: 382 388 (55.0)
192: 393 (41.0)
193: 386 387 (55.0)
194: 395 (40.0)
195: 379 390 394 (65.0)
196: 378 (42.0)
197: 399 402 406 (50.0)
198: 396 400 (51.0)
199: 397 398 (69.0)
200: 391 392 405 (48.0)
201: 409 410 (54.0)
202: 389 408 (48.0)
203: 407 (40.0)
204: 403 413 (52.0)
205: 420 (42.0)
206: 404 (40.0)
207: 401 414 429 (77.0)
208: 416 418 (64.0)
209: 412 421 (59.0)
210: 417 431 (67.0)
211: 411 415 (62.0)
212: 425 430 (59.0)
213: 422 435 (65.0)
214: 426 427 (56.0)
215: 424 437 443 (47.0)
216: 419 428 (46.0)
217: 423 447 (74.0)
218: 433 440 (61.0)
219: 442 (50.0)
220: 434 436 439 (66.0)
221: 438 445 (58.0)
222: 454 (40.0)
223: 432 446 450 (75.0)
224: 448 459 (63.0)
225: 451 452 453 (68.0)
226: 444 457 (75.0)
227: 456 468 (70.0)
228: 441 (47.0)
229: 458 464 (77.0)
230: 449 460 461 (72.0)
231: 480 (44.0)
232: 462 (50.0)
233: 467 475 (73.0)
234: 455 470 (56.0)
235: 469 471 473 (32.0)
236: 463 479 (38.0)
237: 474 476 491 (43.0)
238: 466 478 (53.0)
239: 482 (43.0)
240: 465 483 488 (52.0)
241: 472 (56.0)
242: 481 489 (58.0)
243: 486 490 (91.0)
244: 477 485 487 (67.0)
245: 484 (55.0)
246: 493 497 (58.0)
247: 496 502 (62.0)
248: 494 (42.0)
249: 492 500 504 (63.0)
250: 495 499 (66.0)
251: 498 505 513 (73.0)
252: 503 506 511 (72.0)
253: 510 (41.0)
254: 508 515 (64.0)
255: 512 525 (58.0)
256: 507 (40.0)
257: 509 517 518 (68.0)
258: 501 520 (67.0)
259: 526 529 (70.0)
260: 516 (57.0)
261: 521 523 (64.0)
262: 519 533 (72.0)
263: 514 544 (73.0)
264: 522 527 (67.0)
265: 528 530 531 532 (74.0)
266: 524 (44.0)
267: 535 541 (73.0)
268: 534 536 (63.0)
269: 539 550 (62.0)
270: 542 549 (60.0)
271: 538 543 (60.0)
272: 537 545 548 (70.0)
273: 546 547 (61.0)
274: 552 553 (62.0)
275: 540 558 (65.0)
276: 554 555 (62.0)
277: 551 (50.0)
278: 557 560 (70.0)
279: 559 563 567 573 (74.0)
280: 564 565 (62.0)
281: 566 (40.0)
282: 556 562 (61.0)
283: 569 570 (65.0)
284: 578 579 (63.0)
285: 561 568 (72.0)
286: 571 581 (64.0)
287: 574 (59.0)
288: 576 586 (73.0)
289: 577 582 588 (75.0)
290: 572 593 (71.0)
291: 589 (44.0)
292: 575 601 (51.0)
293: 583 584 (74.0)
294: 591 597 (66.0)
295: 585 587 590 (67.0)
296: 580 592 (60.0)
297: 595 (47.0)
298: 599 600 (44.0)
299: 604 606 607 (66.0)
300: 594 598 612 (50.0)
301: 609 (40.0)
302: 605 610 611 (55.0)
303: 616 624 (57.0)
304: 603 608 614 625 (56.0)
305: 596 602 618 621 629 (75.0)
306: 615 620 630 640 (67.0)
307: 626 627 648 (73.0)
308: 622 634 642 (75.0)
309: 613 637 650 (72.0)
310: 619 (50.0)
311: 623 636 643 (70.0)
312: 633 639 (68.0)
313: 617 628 631 644 669 (74.0)
314: 632 649 658 (61.0)
315: 635 645 646 666 (70.0)
316: 647 674 675 (55.0)
317: 638 657 671 (71.0)
318: 641 677 (47.0)
319: 661 663 668 (67.0)
320: 654 656 662 676 (75.0)
321: 651 653 660 (72.0)
322: 665 678 689 (72.0)
323: 655 659 667 672 (75.0)
324: 670 673 686 (73.0)
325: 690 (44.0)
326: 652 664 679 (64.0)
327: 681 698 (73.0)
328: 683 696 704 (49.0)
329: 680 687 710 (47.0)
330: 682 688 691 (74.0)
331: 684 693 699 (73.0)
332: 692 705 711 (75.0)
333: 685 700 701 (73.0)
334: 695 712 717 (71.0)
335: 694 697 (73.0)
336: 703 709 716 726 (78.0)
337: 707 713 724 (75.0)
338: 702 708 718 721 (73.0)
339: 719 729 731 737 (73.0)
340: 714 715 736 (65.0)
341: 706 728 (70.0)
342: 720 725 727 732 739 (75.0)
343: 740 744 (61.0)
344: 723 (46.0)
345: 734 745 749 (72.0)
346: 735 760 (71.0)
347: 730 743 746 (56.0)
348: 738 742 747 748 (67.0)
349: 722 752 755 (61.0)
350: 751 757 769 (75.0)
351: 761 762 765 773 (71.0)
352: 733 759 (55.0)
353: 741 768 (49.0)
354: 756 763 767 (71.0)
355: 766 775 (70.0)
356: 753 781 784 (70.0)
357: 754 764 789 (73.0)
358: 750 758 770 778 (75.0)
359: 779 785 786 (72.0)
360: 772 783 788 791 (70.0)
361: 771 780 793 (69.0)
362: 774 790 792 (77.0)
363: 776 797 811 (78.0)
364: 777 802 805 (67.0)
365: 782 800 807 813 (72.0)
366: 803 806 817 (72.0)
367: 787 795 798 (73.0)
368: 794 796 (68.0)
369: 804 819 823 (72.0)
370: 808 810 (61.0)
371: 812 815 818 820 832 (71.0)
372: 799 821 834 (73.0)
373: 801 824 (73.0)
374: 816 822 833 (72.0)
375: 809 825 827 828 845 848 (74.0)
376: 814 831 839 (65.0)
377: 826 840 (69.0)
378: 842 846 858 (71.0)
379: 838 841 851 (73.0)
380: 829 843 844 (73.0)
381: 830 835 853 (58.0)
382: 847 849 854 (69.0)
383: 837 852 864 (74.0)
384: 850 857 860 (73.0)
385: 836 879 880 (70.0)
386: 855 859 866 (73.0)
387: 861 863 (50.0)
388: 856 871 891 (67.0)
389: 874 876 877 (72.0)
390: 865 872 873 (77.0)
391: 867 875 884 903 (74.0)
392: 869 885 886 (79.0)
393: 868 878 893 904 (72.0)
394: 862 870 (73.0)
395: 895 896 911 (75.0)
396: 881 889 (75.0)
397: 882 887 890 898 (81.0)
398: 883 894 (71.0)
399: 892 897 902 (74.0)
400: 888 899 901 (67.0)
401: 905 910 914 (71.0)
402: 907 908 909 (73.0)
403: 916 927 (68.0)
404: 906 913 915 (75.0)
405: 918 921 924 932 (72.0)
406: 900 919 937 (88.0)
407: 926 928 940 (75.0)
408: 912 934 939 (70.0)
409: 922 925 (74.0)
410: 917 933 941 (74.0)
411: 923 936 942 (74.0)
412: 929 935 946 948 (82.0)
413: 920 943 944 (75.0)
414: 931 951 (75.0)
415: 930 947 954 (70.0)
416: 952 972 (67.0)
417: 938 956 970 (75.0)
418: 949 955 (74.0)
419: 953 957 960 963 975 (75.0)
420: 958 959 962 967 973 (78.0)
421: 961 982 (75.0)
422: 945 965 984 (81.0)
423: 964 966 983 (74.0)
424: 969 971 990 (80.0)
425: 950 979 981 (72.0)
426: 968 977 993 (72.0)
427: 976 985 (73.0)
428: 974 987 992 (73.0)
429: 980 988 994 (66.0)
430: 986 996 (60.0)
431: 978 997 998 (73.0)
432: 989 991 995 999 (72.0)
