Name: 100-30-50
Time: 5.514103174209595 
Result: 19
Solution:  6 0 1 2 4 1 3 3 5 8 0 3 9 2 5 9 7 8 14 6 4 10 7 10 4 8 15 16 14 13 9 17 11 11 11 9 13 23 10 11 10 9 15 12 17 18 12 18 19 22 28 15 18 17 20 24 20 14 19 22 20 15 16 28 21 26 21 27 29 23 33 25 26 29 25 25 22 28 31 27 29 23 28 32 26 30 31 35 35 32 28 34 33 34 32 34 31 33 31 35
0: 1 10 (35.0)
1: 2 5 (38.0)
2: 3 13 (33.0)
3: 6 7 11 (37.0)
4: 4 20 24 (31.0)
5: 8 14 (44.0)
6: 0 19 (40.0)
7: 16 22 (34.0)
8: 9 17 25 (32.0)
9: 12 15 30 35 41 (32.0)
10: 21 23 38 40 (35.0)
11: 32 33 34 39 (34.0)
12: 43 46 (35.0)
13: 29 36 (38.0)
14: 18 28 57 (38.0)
15: 26 42 51 61 (49.0)
16: 27 62 (49.0)
17: 31 44 53 (50.0)
18: 45 47 52 (38.0)
19: 48 58 (33.0)
20: 54 56 60 (33.0)
21: 64 66 (38.0)
22: 49 59 76 (47.0)
23: 37 69 81 (48.0)
24: 55 (33.0)
25: 71 74 75 (43.0)
26: 65 72 84 (50.0)
27: 67 79 (40.0)
28: 50 63 77 82 90 (49.0)
29: 68 73 80 (50.0)
30: 85 (44.0)
31: 78 86 96 98 (48.0)
32: 83 89 94 (47.0)
33: 70 92 97 (50.0)
34: 91 93 95 (50.0)
35: 87 88 99 (50.0)
