Name: 100-40-75
Time: 9.221416711807251 
Result: 35
Solution:  0 0 1 2 8 1 6 8 4 8 5 4 2 3 10 2 10 7 5 7 10 6 12 10 15 9 9 12 14 15 16 18 16 11 16 13 16 17 15 14 24 21 19 25 21 21 21 22 20 19 25 22 25 26 28 28 25 19 22 20 24 23 20 27 27 30 32 31 26 34 35 35 31 26 38 31 28 27 29 32 35 26 34 29 37 32 36 38 33 39 30 33 36 37 39 36 38 33 39 38
0: 0 1 (40.0)
1: 2 5 (56.0)
2: 3 12 15 (51.0)
3: 13 (41.0)
4: 8 11 (44.0)
5: 10 18 (46.0)
6: 6 21 (56.0)
7: 17 19 (54.0)
8: 4 7 9 (46.0)
9: 25 26 (61.0)
10: 14 16 20 23 (44.0)
11: 33 (45.0)
12: 22 27 (58.0)
13: 35 (43.0)
14: 28 39 (69.0)
15: 24 29 38 (53.0)
16: 30 32 34 36 (40.0)
17: 37 (49.0)
18: 31 (40.0)
19: 42 49 57 (41.0)
20: 48 59 62 (52.0)
21: 41 44 45 46 (69.0)
22: 47 51 58 (57.0)
23: 61 (41.0)
24: 40 60 (54.0)
25: 43 50 52 56 (67.0)
26: 53 68 73 81 (68.0)
27: 63 64 77 (71.0)
28: 54 55 76 (69.0)
29: 78 83 (59.0)
30: 65 90 (55.0)
31: 67 72 75 (75.0)
32: 66 79 85 (68.0)
33: 88 91 97 (71.0)
34: 69 82 (57.0)
35: 70 71 80 (69.0)
36: 86 92 95 (73.0)
37: 84 93 (69.0)
38: 74 87 96 99 (73.0)
39: 89 94 98 (57.0)
