Name: 1000-50-100
Time: 37.07096552848816 
Result: 480120
Solution:  3 2 7 5 0 3 10 2 6 4 4 2 5 9 15 6 6 8 10 12 13 14 16 12 14 17 15 13 19 12 9 7 8 15 18 22 16 22 20 20 25 18 25 17 27 21 28 24 26 19 23 24 26 24 32 29 28 23 27 29 36 31 30 32 33 27 31 30 36 34 35 36 37 37 40 46 39 45 33 44 42 39 42 38 43 41 48 35 40 42 52 41 43 46 49 47 44 45 49 48 58 45 54 53 51 57 52 47 53 50 50 52 54 51 56 61 66 61 63 59 58 57 59 56 58 60 62 60 56 64 66 62 69 73 70 67 65 70 69 73 70 68 71 67 72 72 75 79 71 73 68 83 76 72 77 73 83 76 80 80 74 82 73 78 81 84 90 83 87 81 86 82 91 87 83 89 92 85 85 95 96 86 93 91 88 96 87 92 95 94 91 96 90 101 95 98 89 99 96 97 100 103 99 102 103 107 106 100 104 104 109 105 106 102 105 116 115 111 108 105 111 114 108 112 110 120 109 113 110 119 113 107 122 120 115 118 112 114 126 118 121 119 117 124 121 120 128 117 121 125 122 124 122 121 130 126 127 126 134 129 129 139 133 126 128 131 133 130 135 131 140 141 136 140 137 138 142 139 146 140 132 138 135 138 144 150 143 143 147 145 148 144 147 147 151 149 152 148 146 144 151 152 153 155 158 154 149 154 151 153 155 156 159 150 159 166 155 158 161 159 167 162 161 157 160 171 162 168 164 163 158 162 167 165 163 167 168 169 160 165 170 172 170 171 175 172 174 177 174 173 171 178 175 174 175 176 180 178 173 179 179 180 181 183 179 182 180 185 183 181 188 184 185 194 184 192 186 179 190 184 187 193 193 188 195 188 192 191 196 193 189 192 200 196 199 197 197 198 198 203 208 199 206 202 202 199 203 202 200 204 204 209 212 206 211 211 211 201 207 202 207 205 214 215 214 210 209 213 214 215 218 215 213 217 210 221 216 212 218 224 222 222 213 225 224 219 223 230 232 226 220 228 228 227 224 226 234 220 229 223 233 229 230 233 233 228 233 231 232 237 236 229 238 235 241 240 234 235 240 239 244 244 241 247 242 238 246 242 248 243 247 245 250 247 242 246 241 245 251 248 255 249 253 252 250 248 252 249 254 253 256 252 254 253 263 259 255 256 255 258 259 261 268 261 266 267 263 262 261 266 263 260 265 257 260 266 267 264 264 271 265 268 269 271 273 273 269 278 275 272 276 276 277 274 270 277 283 278 278 275 281 282 280 272 288 280 283 279 286 280 284 289 285 285 282 282 294 287 291 293 289 291 292 284 290 292 287 291 296 292 300 298 297 295 299 300 295 304 302 301 297 302 300 305 310 297 305 306 306 304 303 307 306 307 313 301 308 309 315 303 315 309 313 318 321 308 319 320 313 316 316 312 310 312 320 314 310 319 321 318 311 316 319 319 325 317 325 312 328 324 321 320 322 322 321 330 325 332 326 322 324 327 331 317 323 323 326 331 324 329 328 331 323 326 330 335 332 333 324 330 331 331 336 332 327 333 335 329 338 333 341 344 339 334 334 328 339 336 337 336 341 329 337 340 340 337 344 338 342 339 344 335 348 342 338 343 339 343 350 341 347 345 338 349 347 345 345 342 351 349 353 347 355 354 343 347 351 351 350 348 347 349 352 354 352 353 346 360 354 355 346 356 348 357 357 356 356 350 354 358 355 360 353 364 356 358 355 363 363 359 361 361 364 363 359 365 361 363 365 364 369 362 358 366 362 364 370 369 366 373 367 365 368 368 367 365 377 374 372 370 370 375 366 366 372 373 371 374 374 373 376 381 378 375 375 376 367 372 378 378 379 382 376 377 371 373 382 380 379 380 376 379 383 381 383 381 384 380 386 388 384 387 382 385 391 384 389 386 387 389 385 383 388 388 387 390 395 382 394 388 386 398 391 393 387 392 394 392 394 396 397 393 398 386 396 395 396 399 397 401 393 400 397 400 399 395 401 405 400 407 395 402 404 401 394 406 399 403 402 406 409 405 399 404 411 406 405 409 409 408 416 416 412 403 404 407 411 413 407 410 410 410 407 414 414 417 408 412 408 408 423 415 416 415 414 420 413 421 416 418 412 419 418 420 413 418 421 416 423 419 420 420 428 417 417 422 422 422 425 429 423 424 424 426 427 432 431 425 426 428 419 427 430 430 431 424 433 431 435 427 433 431 424 433 437 432 436 436 432 435 433 434 437 434 429 434 437 437 436 435
0: 4 (23.0)
1: (0.0)
2: 1 7 11 (51.0)
3: 0 5 (52.0)
4: 9 10 (75.0)
5: 3 12 (52.0)
6: 8 15 16 (40.0)
7: 2 31 (36.0)
8: 17 32 (79.0)
9: 13 30 (64.0)
10: 6 18 (71.0)
11: (0.0)
12: 19 23 29 (63.0)
13: 20 27 (58.0)
14: 21 24 (72.0)
15: 14 26 33 (53.0)
16: 22 36 (59.0)
17: 25 43 (20.0)
18: 34 41 (41.0)
19: 28 49 (47.0)
20: 38 39 (53.0)
21: 45 (43.0)
22: 35 37 (62.0)
23: 50 57 (69.0)
24: 47 51 53 (50.0)
25: 40 42 (70.0)
26: 48 52 (67.0)
27: 44 58 65 (58.0)
28: 46 56 (65.0)
29: 55 59 (84.0)
30: 62 67 (30.0)
31: 61 66 (64.0)
32: 54 63 (59.0)
33: 64 78 (55.0)
34: 69 (50.0)
35: 70 87 (56.0)
36: 60 68 71 (47.0)
37: 72 73 (55.0)
38: 83 (43.0)
39: 76 81 (59.0)
40: 74 88 (74.0)
41: 85 91 (70.0)
42: 80 82 89 (48.0)
43: 84 92 (53.0)
44: 79 96 (67.0)
45: 77 97 101 (57.0)
46: 75 93 (56.0)
47: 95 107 (55.0)
48: 86 99 (78.0)
49: 94 98 (42.0)
50: 109 110 (83.0)
51: 104 113 (60.0)
52: 90 106 111 (54.0)
53: 103 108 (58.0)
54: 102 112 (61.0)
55: (0.0)
56: 114 123 128 (61.0)
57: 105 121 (54.0)
58: 100 120 124 (64.0)
59: 119 122 (71.0)
60: 125 127 (86.0)
61: 115 117 (57.0)
62: 126 131 (51.0)
63: 118 (32.0)
64: 129 (41.0)
65: 136 (48.0)
66: 116 130 (55.0)
67: 135 143 (64.0)
68: 141 150 (95.0)
69: 132 138 (80.0)
70: 134 137 140 (37.0)
71: 142 148 (87.0)
72: 144 145 153 (77.0)
73: 133 139 149 155 162 (66.0)
74: 160 (14.0)
75: 146 (52.0)
76: 152 157 (69.0)
77: 154 (49.0)
78: 163 (54.0)
79: 147 (7.0)
80: 158 159 (59.0)
81: 164 169 (49.0)
82: 161 171 (66.0)
83: 151 156 167 174 (67.0)
84: 165 (56.0)
85: 177 178 (53.0)
86: 170 181 (79.0)
87: 168 173 186 (54.0)
88: 184 (51.0)
89: 175 196 (71.0)
90: 166 192 (58.0)
91: 172 183 190 (93.0)
92: 176 187 (83.0)
93: 182 (50.0)
94: 189 (52.0)
95: 179 188 194 (52.0)
96: 180 185 191 198 (54.0)
97: 199 (54.0)
98: 195 (53.0)
99: 197 202 (73.0)
100: 200 207 (63.0)
101: 193 (57.0)
102: 203 213 (44.0)
103: 201 204 (83.0)
104: 208 209 (62.0)
105: 211 214 219 (55.0)
106: 206 212 (54.0)
107: 205 231 (59.0)
108: 218 222 (86.0)
109: 210 226 (70.0)
110: 224 228 (82.0)
111: 217 220 (72.0)
112: 223 236 (54.0)
113: 227 230 (60.0)
114: 221 237 (70.0)
115: 216 234 (52.0)
116: 215 (51.0)
117: 242 247 (89.0)
118: 235 239 (51.0)
119: 229 241 (54.0)
120: 225 233 245 (94.0)
121: 240 244 248 253 (73.0)
122: 232 250 252 (100.0)
123: (0.0)
124: 243 251 (63.0)
125: 249 (51.0)
126: 238 255 257 263 (89.0)
127: 256 (57.0)
128: 246 264 (71.0)
129: 259 260 (35.0)
130: 254 267 (91.0)
131: 265 269 (57.0)
132: 280 (43.0)
133: 262 266 (63.0)
134: 258 (50.0)
135: 268 282 (79.0)
136: 272 (58.0)
137: 274 (55.0)
138: 275 281 283 (54.0)
139: 261 277 (60.0)
140: 270 273 279 (52.0)
141: 271 (52.0)
142: 276 (51.0)
143: 286 287 (66.0)
144: 284 291 299 (59.0)
145: 289 (58.0)
146: 278 298 (79.0)
147: 288 292 293 (74.0)
148: 290 297 (76.0)
149: 295 306 (71.0)
150: 285 313 (98.0)
151: 294 300 308 (88.0)
152: 296 301 (67.0)
153: 302 309 (72.0)
154: 305 307 (92.0)
155: 303 310 316 (76.0)
156: 311 (61.0)
157: 323 (55.0)
158: 304 317 330 (91.0)
159: 312 314 319 (58.0)
160: 324 338 (70.0)
161: 318 322 (62.0)
162: 321 326 331 (80.0)
163: 329 334 (62.0)
164: 328 (62.0)
165: 333 339 (80.0)
166: 315 (50.0)
167: 320 332 335 (69.0)
168: 327 336 (68.0)
169: 337 (58.0)
170: 340 342 (78.0)
171: 325 343 350 (76.0)
172: 341 345 (85.0)
173: 349 358 (62.0)
174: 346 348 353 (88.0)
175: 344 352 354 (76.0)
176: 355 (60.0)
177: 347 (61.0)
178: 351 357 (85.0)
179: 359 360 364 377 (94.0)
180: 356 361 366 (91.0)
181: 362 369 (60.0)
182: 365 (58.0)
183: 363 368 (83.0)
184: 371 374 379 (96.0)
185: 367 372 (70.0)
186: 376 (55.0)
187: 380 (66.0)
188: 370 383 385 (97.0)
189: 390 (53.0)
190: 378 (59.0)
191: 387 (51.0)
192: 375 386 391 (61.0)
193: 381 382 389 (63.0)
194: 373 (59.0)
195: 384 (62.0)
196: 388 393 (67.0)
197: 395 396 (61.0)
198: 397 398 (83.0)
199: 394 401 405 (98.0)
200: 392 408 (98.0)
201: 417 (55.0)
202: 403 404 407 419 (96.0)
203: 399 406 (80.0)
204: 409 410 (75.0)
205: 421 (57.0)
206: 402 413 (78.0)
207: 418 420 (73.0)
208: 400 (56.0)
209: 411 426 (60.0)
210: 425 434 (77.0)
211: 414 415 416 (93.0)
212: 412 437 (69.0)
213: 427 432 442 (82.0)
214: 422 424 428 (96.0)
215: 423 429 431 (108.0)
216: 436 (59.0)
217: 433 (53.0)
218: 430 438 (69.0)
219: 445 (50.0)
220: 450 457 (61.0)
221: 435 (55.0)
222: 440 441 (75.0)
223: 446 459 (86.0)
224: 439 444 454 (99.0)
225: 443 (53.0)
226: 449 455 (84.0)
227: 453 (69.0)
228: 451 452 465 (92.0)
229: 458 461 471 (93.0)
230: 447 462 (102.0)
231: 467 (57.0)
232: 448 468 (63.0)
233: 460 463 464 466 (98.0)
234: 456 476 (92.0)
235: 473 477 (63.0)
236: 470 (59.0)
237: 469 (50.0)
238: 472 485 (91.0)
239: 479 (53.0)
240: 475 478 (86.0)
241: 474 482 496 (96.0)
242: 484 487 494 (87.0)
243: 489 (56.0)
244: 480 481 (77.0)
245: 491 497 (73.0)
246: 486 495 (99.0)
247: 483 490 493 (95.0)
248: 488 499 505 (98.0)
249: 501 507 (89.0)
250: 492 504 (87.0)
251: 498 (57.0)
252: 503 506 511 (107.0)
253: 502 509 513 (96.0)
254: 508 512 (100.0)
255: 500 516 518 (99.0)
256: 510 517 (89.0)
257: 533 (61.0)
258: 519 (52.0)
259: 515 520 (95.0)
260: 531 534 (92.0)
261: 521 523 528 (82.0)
262: 527 (72.0)
263: 514 526 530 (91.0)
264: 537 538 (82.0)
265: 532 540 (70.0)
266: 524 529 535 (97.0)
267: 525 536 (84.0)
268: 522 541 (96.0)
269: 542 546 (78.0)
270: 554 (52.0)
271: 539 543 (83.0)
272: 549 563 (88.0)
273: 544 545 (82.0)
274: 553 (52.0)
275: 548 559 (88.0)
276: 550 551 (82.0)
277: 552 555 (60.0)
278: 547 557 558 (100.0)
279: 567 (59.0)
280: 562 565 569 (84.0)
281: 560 (66.0)
282: 561 574 575 (99.0)
283: 556 566 (86.0)
284: 570 583 (71.0)
285: 572 573 (83.0)
286: 568 (50.0)
287: 577 586 (99.0)
288: 564 (66.0)
289: 571 580 (88.0)
290: 584 (52.0)
291: 578 581 587 (90.0)
292: 582 585 589 (91.0)
293: 579 (50.0)
294: 576 (55.0)
295: 593 596 (73.0)
296: 588 (72.0)
297: 592 600 605 (100.0)
298: 591 (51.0)
299: 594 (65.0)
300: 590 595 602 (95.0)
301: 599 615 (93.0)
302: 598 601 (89.0)
303: 610 619 (87.0)
304: 597 609 (80.0)
305: 603 606 (85.0)
306: 607 608 612 (125.0)
307: 611 613 (95.0)
308: 616 625 (96.0)
309: 617 621 (87.0)
310: 604 632 636 (74.0)
311: 640 (66.0)
312: 631 633 647 (85.0)
313: 614 622 628 (95.0)
314: 635 (51.0)
315: 618 620 (87.0)
316: 629 630 641 (81.0)
317: 645 663 (76.0)
318: 623 639 (94.0)
319: 626 637 642 643 (111.0)
320: 627 634 651 (99.0)
321: 624 638 650 654 (88.0)
322: 652 653 659 (98.0)
323: 664 665 672 (88.0)
324: 649 660 668 678 (97.0)
325: 644 646 656 (99.0)
326: 658 666 673 (85.0)
327: 661 684 (98.0)
328: 648 670 695 (93.0)
329: 669 687 701 (82.0)
330: 655 674 679 (79.0)
331: 662 667 671 680 681 (99.0)
332: 657 676 683 (100.0)
333: 677 685 689 (98.0)
334: 693 694 (80.0)
335: 675 686 711 (94.0)
336: 682 697 699 (100.0)
337: 698 702 705 (92.0)
338: 688 707 714 722 (97.0)
339: 692 696 709 716 (96.0)
340: 703 704 (60.0)
341: 690 700 719 (94.0)
342: 708 713 727 (100.0)
343: 715 717 734 (100.0)
344: 691 706 710 (97.0)
345: 721 725 726 (74.0)
346: 746 750 (70.0)
347: 720 724 731 735 740 (94.0)
348: 712 739 752 (99.0)
349: 723 729 741 (99.0)
350: 718 738 757 (97.0)
351: 728 736 737 (97.0)
352: 742 744 (91.0)
353: 730 745 762 (115.0)
354: 733 743 748 758 (87.0)
355: 732 749 760 766 (100.0)
356: 751 755 756 764 (94.0)
357: 753 754 (88.0)
358: 759 765 782 (80.0)
359: 769 774 (97.0)
360: 747 761 (78.0)
361: 770 771 776 (100.0)
362: 781 784 (83.0)
363: 767 768 773 777 (91.0)
364: 763 772 779 785 (98.0)
365: 775 778 791 795 (98.0)
366: 783 788 802 803 (100.0)
367: 790 794 816 (99.0)
368: 792 793 (96.0)
369: 780 787 (83.0)
370: 786 799 800 (100.0)
371: 806 824 (97.0)
372: 798 804 817 (103.0)
373: 789 805 809 825 (99.0)
374: 797 807 808 (103.0)
375: 801 813 814 (95.0)
376: 810 815 822 830 (97.0)
377: 796 823 (92.0)
378: 812 818 819 (98.0)
379: 820 828 831 (127.0)
380: 827 829 837 (95.0)
381: 811 833 835 (98.0)
382: 821 826 842 857 (97.0)
383: 832 834 851 (70.0)
384: 836 840 845 (96.0)
385: 843 850 (97.0)
386: 838 847 860 873 (95.0)
387: 841 848 854 864 (105.0)
388: 839 852 853 859 (99.0)
389: 846 849 (66.0)
390: 855 (50.0)
391: 844 862 (95.0)
392: 865 867 (87.0)
393: 863 871 880 (99.0)
394: 858 866 868 894 (94.0)
395: 856 875 885 890 (103.0)
396: 869 874 876 (100.0)
397: 870 878 882 (125.0)
398: 861 872 (94.0)
399: 877 884 896 902 (98.0)
400: 881 883 888 (94.0)
401: 879 886 893 (105.0)
402: 891 898 (99.0)
403: 897 913 (98.0)
404: 892 903 914 (100.0)
405: 887 901 906 (86.0)
406: 895 899 905 (92.0)
407: 889 915 918 922 (90.0)
408: 909 926 928 929 (98.0)
409: 900 907 908 (97.0)
410: 919 920 921 (98.0)
411: 904 916 (93.0)
412: 912 927 940 (94.0)
413: 917 936 944 (93.0)
414: 923 924 934 (100.0)
415: 931 933 (97.0)
416: 910 911 932 938 947 (99.0)
417: 925 953 954 (90.0)
418: 939 942 945 (96.0)
419: 941 949 970 (95.0)
420: 935 943 950 951 (104.0)
421: 937 946 (120.0)
422: 955 956 957 (99.0)
423: 930 948 960 (97.0)
424: 961 962 975 982 (118.0)
425: 958 967 (100.0)
426: 963 968 (100.0)
427: 964 971 979 (96.0)
428: 952 969 (100.0)
429: 959 994 (96.0)
430: 972 973 (99.0)
431: 966 974 977 981 (98.0)
432: 965 985 988 (99.0)
433: 976 980 983 990 (98.0)
434: 991 993 995 (98.0)
435: 978 989 999 (97.0)
436: 986 987 998 (98.0)
437: 984 992 996 997 (108.0)
