Name: 1000-60-125
Time: 36.12632894515991 
Result: 232109
Solution:  1 0 0 6 4 3 0 2 8 1 3 4 6 5 11 15 9 8 9 8 8 13 18 2 14 5 13 14 10 20 15 22 11 8 24 16 17 18 15 26 21 22 23 27 21 23 16 24 23 17 29 20 25 26 17 35 25 26 35 25 28 30 26 31 22 30 26 29 33 31 27 32 38 33 38 25 34 32 34 38 41 32 35 31 42 42 31 37 39 40 37 36 41 46 38 39 36 37 38 43 41 42 46 47 40 40 46 45 46 47 45 48 40 47 39 49 44 48 43 46 48 47 50 50 41 49 44 55 49 49 52 51 51 52 61 49 54 56 56 58 49 53 59 56 54 57 56 50 55 57 51 52 61 53 58 63 62 59 56 57 60 61 56 62 56 64 60 62 65 64 61 67 65 63 65 58 71 66 70 70 73 68 68 68 63 71 69 71 69 72 71 66 74 67 75 71 77 70 69 77 75 73 74 70 76 72 79 75 84 78 78 78 79 84 77 76 79 74 86 87 87 83 79 80 81 82 88 80 79 81 88 88 82 80 86 80 85 89 91 83 87 83 83 85 94 88 89 83 86 81 97 85 89 92 93 90 93 94 92 90 89 99 99 98 93 92 101 96 89 96 106 101 104 100 95 101 95 106 99 97 100 101 101 99 104 102 105 98 104 102 108 105 107 104 103 107 106 105 111 104 103 110 109 108 108 111 113 110 105 109 114 105 103 110 115 114 113 109 106 110 118 112 115 116 116 120 109 121 116 120 112 123 117 118 115 116 120 119 127 119 118 113 125 126 118 122 124 124 129 130 123 117 122 124 121 126 127 128 126 127 123 128 130 123 129 124 126 130 132 129 131 131 130 134 127 134 133 136 131 137 135 131 137 136 133 141 135 139 132 136 132 144 139 138 143 132 136 138 142 140 141 142 142 139 144 136 140 137 138 143 145 141 142 151 148 151 137 152 146 148 148 147 154 147 146 154 149 150 145 145 146 153 154 152 152 149 156 153 150 156 157 156 153 149 151 150 156 159 155 165 155 161 160 158 161 152 157 160 162 164 157 166 160 164 166 155 164 162 164 163 167 165 166 166 158 161 167 165 163 162 169 166 169 167 173 175 171 167 170 169 175 169 172 171 172 174 173 167 168 175 176 180 173 172 177 175 174 177 176 174 176 185 177 178 174 180 179 181 176 182 184 181 178 182 180 183 185 181 183 184 187 187 186 183 184 186 194 185 192 186 182 189 194 189 190 191 185 196 188 190 187 190 195 190 189 188 187 198 191 194 194 193 199 198 193 197 199 198 204 194 195 205 196 202 199 203 200 205 200 196 193 201 206 204 202 198 196 202 205 206 203 208 207 211 200 210 206 199 211 201 203 207 210 209 212 205 210 208 211 206 215 212 211 205 218 212 217 215 213 213 213 209 216 214 217 211 220 216 218 213 212 221 222 219 217 217 219 220 224 225 214 222 221 214 220 221 228 215 224 223 219 223 228 220 225 223 219 226 233 224 229 225 227 229 227 226 230 232 232 228 239 224 233 232 231 235 232 237 236 227 231 233 235 230 234 240 236 231 231 238 243 242 238 236 241 242 238 245 237 235 237 236 239 241 242 242 239 249 241 237 235 247 247 245 244 249 244 246 240 243 254 240 248 246 247 249 245 246 255 252 243 252 245 248 259 251 251 250 251 253 250 257 255 252 258 259 256 260 252 261 262 259 257 258 258 251 250 263 264 256 265 254 260 255 262 253 257 266 267 267 261 269 263 262 264 269 270 270 262 267 271 267 264 270 274 267 265 273 266 266 276 271 273 268 265 275 274 279 265 275 272 276 276 272 269 274 270 280 268 281 276 282 283 277 279 277 271 281 272 279 283 280 272 282 283 287 277 286 284 278 286 283 281 280 289 288 287 284 286 288 284 285 285 286 291 286 289 298 288 289 291 287 293 292 289 292 290 290 294 299 293 293 295 296 295 301 303 294 297 297 300 300 297 290 302 296 296 299 302 306 298 298 299 302 311 295 304 305 301 301 303 305 304 305 310 306 304 303 300 308 302 311 311 310 307 312 308 309 318 307 313 309 308 308 313 312 305 313 315 314 316 316 319 314 315 312 322 317 322 321 316 317 318 321 324 317 312 322 321 318 315 326 319 321 319 322 323 326 317 324 325 331 326 324 320 328 333 320 334 325 323 332 326 327 329 327 325 337 327 330 328 333 327 329 331 337 338 335 332 337 339 330 330 331 333 336 338 336 332 339 334 338 329 335 339 340 333 340 335 334
0: 1 2 6 (52.0)
1: 0 9 (93.0)
2: 7 23 (65.0)
3: 5 10 (36.0)
4: 4 11 (85.0)
5: 13 25 (89.0)
6: 3 12 (60.0)
7: (0.0)
8: 8 17 19 20 33 (63.0)
9: 16 18 (101.0)
10: 28 (35.0)
11: 14 32 (111.0)
12: (0.0)
13: 21 26 (73.0)
14: 24 27 (47.0)
15: 15 30 38 (67.0)
16: 35 46 (47.0)
17: 36 49 54 (88.0)
18: 22 37 (77.0)
19: (0.0)
20: 29 51 (43.0)
21: 40 44 (65.0)
22: 31 41 64 (115.0)
23: 42 45 48 (75.0)
24: 34 47 (63.0)
25: 52 56 59 75 (62.0)
26: 39 53 57 62 66 (76.0)
27: 43 70 (61.0)
28: 60 (48.0)
29: 50 67 (47.0)
30: 61 65 (44.0)
31: 63 69 83 86 (57.0)
32: 71 77 81 (52.0)
33: 68 73 (80.0)
34: 76 78 (61.0)
35: 55 58 82 (68.0)
36: 91 96 (104.0)
37: 87 90 97 (60.0)
38: 72 74 79 94 98 (64.0)
39: 88 95 114 (79.0)
40: 89 104 105 112 (72.0)
41: 80 92 100 124 (61.0)
42: 84 85 101 (68.0)
43: 99 118 (94.0)
44: 116 126 (84.0)
45: 107 110 (64.0)
46: 93 102 106 108 119 (86.0)
47: 103 109 113 121 (71.0)
48: 111 117 120 (64.0)
49: 115 125 128 129 135 140 (56.0)
50: 122 123 147 (63.0)
51: 131 132 150 (67.0)
52: 130 133 151 (100.0)
53: 141 153 (67.0)
54: 136 144 (104.0)
55: 127 148 (72.0)
56: 137 138 143 146 158 162 164 (59.0)
57: 145 149 159 (69.0)
58: 139 154 175 (71.0)
59: 142 157 (61.0)
60: 160 166 (86.0)
61: 134 152 161 170 (50.0)
62: 156 163 167 (60.0)
63: 155 173 184 (76.0)
64: 165 169 (62.0)
65: 168 172 174 (82.0)
66: 177 191 (81.0)
67: 171 193 (69.0)
68: 181 182 183 (73.0)
69: 186 188 198 (81.0)
70: 178 179 197 203 (63.0)
71: 176 185 187 190 195 (61.0)
72: 189 205 (52.0)
73: 180 201 (74.0)
74: 192 202 217 (74.0)
75: 194 200 207 (76.0)
76: 204 215 (81.0)
77: 196 199 214 (59.0)
78: 209 210 211 (65.0)
79: 206 212 216 222 228 (82.0)
80: 223 227 233 235 (63.0)
81: 224 229 249 (66.0)
82: 225 232 (93.0)
83: 221 239 241 242 247 (84.0)
84: 208 213 (76.0)
85: 236 243 251 (98.0)
86: 218 234 248 (63.0)
87: 219 220 240 (72.0)
88: 226 230 231 245 (105.0)
89: 237 246 252 260 268 (98.0)
90: 255 259 (73.0)
91: 238 (68.0)
92: 253 258 265 (102.0)
93: 254 256 264 (91.0)
94: 244 257 (70.0)
95: 274 276 (77.0)
96: 267 269 (67.0)
97: 250 279 (82.0)
98: 263 287 (73.0)
99: 261 262 278 283 (94.0)
100: 273 280 (87.0)
101: 266 271 275 281 282 (55.0)
102: 285 289 (80.0)
103: 294 300 312 (79.0)
104: 272 284 288 293 299 (62.0)
105: 286 291 297 308 311 (67.0)
106: 270 277 296 318 (66.0)
107: 292 295 (99.0)
108: 290 303 304 (78.0)
109: 302 309 317 326 (75.0)
110: 301 307 313 319 (119.0)
111: 298 305 (75.0)
112: 321 330 (90.0)
113: 306 316 341 (84.0)
114: 310 315 (71.0)
115: 314 322 334 (95.0)
116: 323 324 328 335 (112.0)
117: 332 351 (65.0)
118: 320 333 340 344 (101.0)
119: 337 339 (71.0)
120: 325 329 336 (72.0)
121: 327 354 (88.0)
122: 345 352 (80.0)
123: 331 350 360 363 (121.0)
124: 346 347 353 365 (82.0)
125: 342 (62.0)
126: 343 355 358 366 (97.0)
127: 338 356 359 374 (71.0)
128: 357 361 (61.0)
129: 348 364 369 (124.0)
130: 349 362 367 372 (87.0)
131: 370 371 378 381 (99.0)
132: 368 388 390 395 (98.0)
133: 376 384 (77.0)
134: 373 375 (73.0)
135: 380 386 (63.0)
136: 377 383 389 396 405 (78.0)
137: 379 382 407 416 (84.0)
138: 393 397 408 (111.0)
139: 387 392 403 (99.0)
140: 399 406 (62.0)
141: 385 400 411 (120.0)
142: 398 401 402 412 (86.0)
143: 394 409 (107.0)
144: 391 404 (69.0)
145: 410 428 429 (74.0)
146: 418 424 430 (79.0)
147: 421 423 (83.0)
148: 414 419 420 (77.0)
149: 426 435 443 (100.0)
150: 427 438 445 (78.0)
151: 413 415 444 (91.0)
152: 417 433 434 455 (113.0)
153: 431 437 442 (92.0)
154: 422 425 432 (70.0)
155: 448 450 465 (125.0)
156: 436 439 441 446 (113.0)
157: 440 456 460 (92.0)
158: 453 474 (106.0)
159: 447 (63.0)
160: 452 457 462 (109.0)
161: 451 454 475 (81.0)
162: 458 467 479 (90.0)
163: 469 478 (93.0)
164: 459 463 466 468 (79.0)
165: 449 471 477 (90.0)
166: 461 464 472 473 481 (91.0)
167: 470 476 483 487 497 (89.0)
168: 498 (60.0)
169: 480 482 489 491 (92.0)
170: 488 (64.0)
171: 486 493 (69.0)
172: 492 494 503 (107.0)
173: 484 496 502 (90.0)
174: 495 506 509 514 (90.0)
175: 485 490 499 505 (114.0)
176: 500 508 510 518 (94.0)
177: 504 507 512 (116.0)
178: 513 522 (90.0)
179: 516 (73.0)
180: 501 515 524 (66.0)
181: 517 521 527 (87.0)
182: 519 523 540 (82.0)
183: 525 528 533 (74.0)
184: 520 529 534 (107.0)
185: 511 526 537 546 (122.0)
186: 532 535 539 (105.0)
187: 530 531 550 556 (99.0)
188: 548 555 (112.0)
189: 541 543 554 (78.0)
190: 544 549 551 553 (122.0)
191: 545 558 (64.0)
192: 538 (66.0)
193: 561 564 580 (111.0)
194: 536 542 559 560 569 (116.0)
195: 552 570 (86.0)
196: 547 572 579 586 (119.0)
197: 565 (70.0)
198: 557 563 567 585 (90.0)
199: 562 566 574 597 (113.0)
200: 576 578 594 (101.0)
201: 581 599 (67.0)
202: 573 584 587 (119.0)
203: 575 590 600 (106.0)
204: 568 583 (93.0)
205: 571 577 588 605 613 (121.0)
206: 582 589 596 609 (117.0)
207: 592 601 (96.0)
208: 591 607 (90.0)
209: 603 621 (90.0)
210: 595 602 606 (119.0)
211: 593 598 608 612 625 (113.0)
212: 604 611 615 630 (123.0)
213: 618 619 620 629 (124.0)
214: 623 640 643 (122.0)
215: 610 617 647 (78.0)
216: 622 627 (80.0)
217: 616 624 634 635 (94.0)
218: 614 628 (80.0)
219: 633 636 650 656 (107.0)
220: 626 637 644 653 (93.0)
221: 631 642 645 (99.0)
222: 632 641 (81.0)
223: 649 651 655 (124.0)
224: 638 648 659 671 (119.0)
225: 639 654 661 (115.0)
226: 657 665 (76.0)
227: 662 664 679 (125.0)
228: 646 652 669 (119.0)
229: 660 663 (103.0)
230: 666 683 (100.0)
231: 674 680 687 688 (118.0)
232: 667 668 673 676 (115.0)
233: 658 672 681 (116.0)
234: 684 (64.0)
235: 675 682 699 710 (121.0)
236: 678 686 693 701 (124.0)
237: 677 698 700 709 (111.0)
238: 689 692 696 (122.0)
239: 670 702 706 (124.0)
240: 685 718 721 (122.0)
241: 694 703 708 (119.0)
242: 691 695 704 705 (116.0)
243: 690 719 730 (88.0)
244: 714 716 (91.0)
245: 697 713 726 732 (130.0)
246: 717 723 727 (117.0)
247: 711 712 724 (124.0)
248: 722 733 (83.0)
249: 707 715 725 (125.0)
250: 737 740 756 (121.0)
251: 735 736 738 755 (113.0)
252: 729 731 743 748 (118.0)
253: 739 765 (110.0)
254: 720 761 (95.0)
255: 728 742 763 (109.0)
256: 746 759 (85.0)
257: 741 752 766 (101.0)
258: 744 753 754 (123.0)
259: 734 745 751 (123.0)
260: 747 762 (73.0)
261: 749 770 (83.0)
262: 750 764 773 778 (108.0)
263: 757 772 (110.0)
264: 758 774 782 (105.0)
265: 760 786 794 798 (124.0)
266: 767 788 789 (118.0)
267: 768 769 779 781 785 (125.0)
268: 793 808 (122.0)
269: 771 775 804 (121.0)
270: 776 777 783 806 (123.0)
271: 780 791 816 (95.0)
272: 800 803 818 822 (85.0)
273: 787 792 (74.0)
274: 784 796 805 (114.0)
275: 795 799 (118.0)
276: 790 801 802 810 (97.0)
277: 813 815 826 (120.0)
278: 829 (78.0)
279: 797 814 819 (118.0)
280: 807 821 833 (123.0)
281: 809 817 832 (123.0)
282: 811 823 (101.0)
283: 812 820 824 831 (117.0)
284: 828 837 840 (117.0)
285: 841 842 (107.0)
286: 827 830 838 843 845 (106.0)
287: 825 836 851 (111.0)
288: 835 839 848 (122.0)
289: 834 846 849 854 (124.0)
290: 856 857 873 (125.0)
291: 844 850 (125.0)
292: 853 855 (108.0)
293: 852 860 861 (124.0)
294: 858 867 (106.0)
295: 862 864 885 (143.0)
296: 863 875 876 (125.0)
297: 868 869 872 (124.0)
298: 847 880 881 (125.0)
299: 859 877 882 (118.0)
300: 870 871 898 (125.0)
301: 865 888 889 (121.0)
302: 874 878 883 900 (125.0)
303: 866 890 897 (125.0)
304: 886 892 896 (116.0)
305: 887 891 893 916 (125.0)
306: 879 895 (92.0)
307: 904 909 (100.0)
308: 899 906 912 913 (122.0)
309: 907 911 (107.0)
310: 894 903 (119.0)
311: 884 901 902 (116.0)
312: 905 915 925 936 (123.0)
313: 910 914 917 (130.0)
314: 919 923 (123.0)
315: 918 924 940 (117.0)
316: 920 921 930 (125.0)
317: 927 931 935 948 (123.0)
318: 908 932 939 (124.0)
319: 922 942 944 (125.0)
320: 954 957 (111.0)
321: 929 933 938 943 (109.0)
322: 926 928 937 945 (125.0)
323: 946 960 (118.0)
324: 934 949 953 (120.0)
325: 950 959 966 (125.0)
326: 941 947 952 962 (122.0)
327: 963 965 968 972 (120.0)
328: 955 970 (108.0)
329: 964 973 992 (115.0)
330: 969 981 982 (124.0)
331: 951 974 983 (122.0)
332: 961 978 988 (144.0)
333: 956 971 984 996 (129.0)
334: 958 990 999 (121.0)
335: 977 993 998 (124.0)
336: 985 987 (123.0)
337: 967 975 979 (125.0)
338: 976 986 991 (110.0)
339: 980 989 994 (113.0)
340: 995 997 (123.0)
