Name: 100-40-75
Time: 4.297510623931885 
Result: 34
Solution:  7 2 6 0 7 0 4 8 3 3 8 1 1 5 10 1 9 9 2 7 8 6 12 10 10 12 4 13 16 16 18 13 10 14 18 11 18 17 19 15 24 18 18 22 28 20 21 21 21 20 22 15 26 23 29 19 27 21 22 32 34 25 31 28 30 29 30 37 30 28 29 31 27 26 38 33 33 27 23 32 36 38 38 26 36 32 34 37 38 35 39 31 35 35 34 36 37 31 39 38
0: 3 5 (47.0)
1: 11 12 15 (56.0)
2: 1 18 (47.0)
3: 8 9 (42.0)
4: 6 26 (55.0)
5: 13 (41.0)
6: 2 21 (55.0)
7: 0 4 19 (49.0)
8: 7 10 20 (52.0)
9: 16 17 (44.0)
10: 14 23 24 32 (44.0)
11: 35 (43.0)
12: 22 25 (70.0)
13: 27 31 (60.0)
14: 33 (45.0)
15: 39 51 (60.0)
16: 28 29 (50.0)
17: 37 (49.0)
18: 30 34 36 41 42 (46.0)
19: 38 55 (47.0)
20: 45 49 (55.0)
21: 46 47 48 57 (72.0)
22: 43 50 58 (56.0)
23: 53 78 (41.0)
24: 40 (42.0)
25: 61 (41.0)
26: 52 73 83 (67.0)
27: 56 72 77 (70.0)
28: 44 63 69 (58.0)
29: 54 65 70 (75.0)
30: 64 66 68 (69.0)
31: 62 71 91 97 (67.0)
32: 59 79 85 (65.0)
33: 75 76 (55.0)
34: 60 86 94 (70.0)
35: 89 92 93 (69.0)
36: 80 84 95 (70.0)
37: 67 87 96 (68.0)
38: 74 81 82 88 99 (67.0)
39: 90 98 (72.0)
