Name: 100-50-100
Time: 4.662121295928955 
Result: 49
Solution:  0 2 2 0 0 8 9 1 4 4 6 11 1 3 7 8 3 8 5 10 6 7 16 13 11 12 13 9 17 12 16 14 23 18 10 14 20 22 19 18 15 14 17 21 20 24 21 23 15 25 20 32 26 26 27 25 20 31 30 33 29 28 26 28 31 31 33 35 25 38 32 32 33 30 36 34 27 30 38 34 31 40 39 36 40 36 35 37 38 35 39 39 41 42 40 41 37 42 40 41
0: 0 3 4 (69.0)
1: 7 12 (54.0)
2: 1 2 (69.0)
3: 13 16 (63.0)
4: 8 9 (56.0)
5: 18 (54.0)
6: 10 20 (52.0)
7: 14 21 (84.0)
8: 5 15 17 (75.0)
9: 6 27 (51.0)
10: 19 34 (64.0)
11: 11 24 (58.0)
12: 25 29 (75.0)
13: 23 26 (75.0)
14: 31 35 41 (73.0)
15: 40 48 (68.0)
16: 22 30 (58.0)
17: 28 42 (58.0)
18: 33 39 (62.0)
19: 38 (55.0)
20: 36 44 50 56 (78.0)
21: 43 46 (71.0)
22: 37 (54.0)
23: 32 47 (75.0)
24: 45 (60.0)
25: 49 55 68 (98.0)
26: 52 53 62 (99.0)
27: 54 76 (74.0)
28: 61 63 (63.0)
29: 60 (58.0)
30: 58 73 77 (100.0)
31: 57 64 65 80 (93.0)
32: 51 70 71 (100.0)
33: 59 66 72 (98.0)
34: 75 79 (86.0)
35: 67 86 89 (92.0)
36: 74 83 85 (97.0)
37: 87 96 (93.0)
38: 69 78 88 (100.0)
39: 82 90 91 (99.0)
40: 81 84 94 98 (84.0)
41: 92 95 99 (98.0)
42: 93 97 (82.0)
