Name: 1000-30-50
Time: 36.1220178604126 
Result: 384054
Solution:  1 3 1 6 3 1 2 9 7 0 0 7 10 5 7 13 9 10 8 2 12 9 6 12 17 5 11 11 22 8 20 13 17 16 14 16 14 15 15 18 22 20 18 18 22 24 21 23 27 24 28 22 23 30 27 29 34 30 31 31 32 35 33 32 26 33 37 36 33 42 28 29 42 34 37 32 37 45 40 38 36 41 41 39 35 43 47 38 43 44 53 40 39 46 45 48 53 54 47 50 49 44 44 48 52 51 53 54 52 46 56 50 55 55 58 63 57 56 57 58 59 61 63 61 61 70 66 64 59 63 70 69 72 74 68 66 62 65 67 68 71 69 71 67 68 77 75 76 78 72 76 78 81 82 75 77 81 78 79 80 80 87 79 84 74 82 83 90 88 92 83 84 84 85 86 86 88 89 93 85 93 91 88 92 100 87 96 91 90 91 94 98 89 96 98 105 97 102 101 100 101 95 104 103 97 98 104 105 99 105 113 106 103 100 111 110 111 102 112 107 109 106 116 110 108 111 107 114 108 119 112 113 116 118 115 114 121 117 111 122 118 119 126 121 124 127 123 125 115 130 117 132 126 118 134 123 130 125 131 127 129 124 133 128 131 133 128 135 139 132 133 134 129 136 135 136 137 137 140 138 138 143 150 142 147 142 145 139 140 144 141 143 148 146 154 145 148 150 149 146 155 154 147 149 144 149 151 160 157 153 157 151 156 155 162 158 165 159 160 166 161 158 153 161 162 155 165 163 166 159 169 173 167 163 168 164 169 171 176 168 165 167 172 176 172 170 171 170 172 174 181 179 177 176 169 178 183 174 182 177 179 180 188 178 188 175 180 184 186 190 184 185 186 183 181 190 182 191 189 188 191 190 187 196 185 194 192 190 189 193 194 198 199 195 197 194 202 200 196 203 200 197 201 199 193 203 201 204 202 210 201 205 207 213 205 213 206 206 207 208 210 212 211 211 214 209 208 220 215 212 209 215 218 208 219 216 219 217 222 223 223 221 226 228 224 226 222 219 221 224 225 228 226 230 229 233 230 227 225 221 229 227 232 229 235 232 225 235 231 234 240 236 231 237 238 234 238 236 237 239 249 233 239 241 240 242 244 240 248 241 246 245 253 244 248 255 241 247 250 246 257 247 253 250 245 254 258 255 247 252 254 252 256 252 261 249 260 260 265 266 259 259 262 265 267 268 263 261 258 268 273 263 262 261 269 271 270 264 267 269 266 264 274 269 271 274 276 266 270 281 282 280 273 277 277 284 272 281 278 280 282 274 279 279 280 275 285 289 283 293 285 288 291 291 283 288 292 287 290 286 284 292 290 286 287 297 293 294 296 299 295 300 298 295 289 294 296 295 299 298 305 299 300 301 297 310 303 301 306 302 303 307 310 304 302 309 302 308 306 307 304 318 314 311 313 309 313 308 311 314 315 315 316 317 312 316 317 324 319 318 322 322 323 325 320 320 321 319 329 324 327 323 321 323 328 327 329 333 330 329 326 337 338 325 328 336 337 331 331 334 332 338 334 339 340 337 332 333 336 341 343 335 347 343 340 349 345 345 342 336 344 341 342 345 339 344 343 349 348 346 346 346 343 344 349 344 350 351 348 348 347 353 354 352 354 355 350 347 359 353 357 356 351 351 353 359 352 358 355 363 360 351 361 357 358 356 352 362 350 354 360 360 357 361 355 365 360 367 366 364 365 358 364 365 363 370 363 367 368 368 366 375 362 372 368 361 370 369 364 364 371 372 371 377 371 367 369 373 374 375 377 380 381 377 380 370 374 376 369 370 381 375 383 379 373 378 383 378 376 380 376 379 386 383 382 382 381 384 379 381 378 384 385 385 385 389 386 389 388 390 387 387 385 382 397 392 392 393 387 383 389 391 394 393 392 391 394 396 399 388 386 391 402 391 402 397 399 394 393 390 394 404 395 397 398 398 400 399 407 400 401 400 403 396 402 398 404 405 404 396 401 407 395 404 411 404 410 406 406 406 407 412 403 405 409 403 410 408 408 408 415 412 415 413 413 411 415 413 414 419 412 416 414 417 409 415 423 418 417 418 421 412 410 420 419 419 414 415 426 422 422 422 426 420 416 424 421 417 425 421 420 423 423 427 425 433 431 423 434 417 433 431 420 424 423 428 435 429 434 428 425 435 430 429 427 432 428 428 430 435 429 437 428 430 442 435 431 433 440 436 441 439 436 438 432 432 439 436 430 444 441 437 438 438 443 439 445 440 443 443 442 444 446 440 444 444 445 446 445 446
0: 9 10 (37.0)
1: 0 2 5 (39.0)
2: 6 19 (19.0)
3: 1 4 (33.0)
4: (0.0)
5: 13 25 (19.0)
6: 3 22 (32.0)
7: 8 11 14 (33.0)
8: 18 29 (48.0)
9: 7 16 21 (37.0)
10: 12 17 (47.0)
11: 26 27 (30.0)
12: 20 23 (34.0)
13: 15 31 (36.0)
14: 34 36 (29.0)
15: 37 38 (50.0)
16: 33 35 (20.0)
17: 24 32 (30.0)
18: 39 42 43 (38.0)
19: (0.0)
20: 30 41 (40.0)
21: 46 (15.0)
22: 28 40 44 51 (32.0)
23: 47 52 (28.0)
24: 45 49 (46.0)
25: (0.0)
26: 64 (27.0)
27: 48 54 (19.0)
28: 50 70 (31.0)
29: 55 71 (37.0)
30: 53 57 (32.0)
31: 58 59 (31.0)
32: 60 63 75 (37.0)
33: 62 65 68 (39.0)
34: 56 73 (33.0)
35: 61 84 (32.0)
36: 67 80 (37.0)
37: 66 74 76 (49.0)
38: 79 87 (49.0)
39: 83 92 (44.0)
40: 78 91 (27.0)
41: 81 82 (23.0)
42: 69 72 (31.0)
43: 85 88 (33.0)
44: 89 101 102 (32.0)
45: 77 94 (32.0)
46: 93 109 (29.0)
47: 86 98 (29.0)
48: 95 103 (41.0)
49: 100 (21.0)
50: 99 111 (30.0)
51: 105 (4.0)
52: 104 108 (42.0)
53: 90 96 106 (28.0)
54: 97 107 (45.0)
55: 112 113 (33.0)
56: 110 117 (31.0)
57: 116 118 (39.0)
58: 114 119 (40.0)
59: 120 128 (36.0)
60: (0.0)
61: 121 123 124 (43.0)
62: 136 (12.0)
63: 115 122 129 (30.0)
64: 127 (30.0)
65: 137 (21.0)
66: 126 135 (28.0)
67: 138 143 (36.0)
68: 134 139 144 (26.0)
69: 131 141 (32.0)
70: 125 130 (44.0)
71: 140 142 (38.0)
72: 132 149 (32.0)
73: (0.0)
74: 133 164 (44.0)
75: 146 154 (13.0)
76: 147 150 (45.0)
77: 145 155 (49.0)
78: 148 151 157 (37.0)
79: 158 162 (48.0)
80: 159 160 (25.0)
81: 152 156 (35.0)
82: 153 165 (34.0)
83: 166 170 (38.0)
84: 163 171 172 (34.0)
85: 173 179 (41.0)
86: 174 175 (34.0)
87: 161 185 (43.0)
88: 168 176 182 (44.0)
89: 177 192 (47.0)
90: 167 188 (36.0)
91: 181 187 189 (38.0)
92: 169 183 (38.0)
93: 178 180 (46.0)
94: 190 (31.0)
95: 201 (18.0)
96: 186 193 (23.0)
97: 196 204 (44.0)
98: 191 194 205 (32.0)
99: 208 (31.0)
100: 184 199 213 (34.0)
101: 198 200 (38.0)
102: 197 217 (43.0)
103: 203 212 (43.0)
104: 202 206 (36.0)
105: 195 207 209 (29.0)
106: 211 221 (35.0)
107: 219 226 (33.0)
108: 224 228 (42.0)
109: 220 (19.0)
110: 215 223 (41.0)
111: 214 216 225 238 (31.0)
112: 218 230 (39.0)
113: 210 231 (34.0)
114: 227 235 (33.0)
115: 234 248 (41.0)
116: 222 232 (40.0)
117: 237 250 (30.0)
118: 233 240 253 (31.0)
119: 229 241 (46.0)
120: (0.0)
121: 236 243 (34.0)
122: 239 (32.0)
123: 246 255 (23.0)
124: 244 261 (35.0)
125: 247 257 (44.0)
126: 242 252 (43.0)
127: 245 259 (33.0)
128: 263 266 (42.0)
129: 260 272 (43.0)
130: 249 256 (26.0)
131: 258 264 (36.0)
132: 251 269 (38.0)
133: 262 265 270 (41.0)
134: 254 271 (49.0)
135: 267 274 (40.0)
136: 273 275 (22.0)
137: 276 277 (36.0)
138: 279 280 (51.0)
139: 268 287 (46.0)
140: 278 288 (41.0)
141: 290 (30.0)
142: 283 285 (33.0)
143: 281 291 (14.0)
144: 289 304 (31.0)
145: 286 295 (21.0)
146: 293 299 (31.0)
147: 284 302 (37.0)
148: 292 296 (47.0)
149: 298 303 305 (37.0)
150: 282 297 (44.0)
151: 306 311 (39.0)
152: (0.0)
153: 309 322 (47.0)
154: 294 301 (53.0)
155: 300 313 325 (32.0)
156: 312 (30.0)
157: 308 310 (28.0)
158: 315 321 (51.0)
159: 317 329 (44.0)
160: 307 318 (34.0)
161: 320 323 (22.0)
162: 314 324 (30.0)
163: 327 333 (44.0)
164: 335 (30.0)
165: 316 326 340 (33.0)
166: 319 328 (36.0)
167: 332 341 (45.0)
168: 334 339 (37.0)
169: 330 336 354 (34.0)
170: 345 347 (43.0)
171: 337 346 (45.0)
172: 342 344 348 (36.0)
173: 331 (31.0)
174: 349 357 (47.0)
175: 365 (31.0)
176: 338 343 353 (36.0)
177: 352 359 (39.0)
178: 355 363 (42.0)
179: 351 360 (25.0)
180: 361 366 (47.0)
181: 350 374 (51.0)
182: 358 376 (38.0)
183: 356 373 (33.0)
184: 367 370 (31.0)
185: 371 384 (46.0)
186: 368 372 (51.0)
187: 382 (30.0)
188: 362 364 379 (43.0)
189: 378 388 (43.0)
190: 369 375 381 387 (33.0)
191: 377 380 (51.0)
192: 386 (34.0)
193: 389 404 (32.0)
194: 385 390 395 (40.0)
195: 393 (30.0)
196: 383 398 (33.0)
197: 394 401 (40.0)
198: 391 (32.0)
199: 392 403 (40.0)
200: 397 400 (40.0)
201: 402 406 410 (29.0)
202: 396 408 (37.0)
203: 399 405 (34.0)
204: 407 (33.0)
205: 411 414 (43.0)
206: 416 417 (39.0)
207: 412 418 (45.0)
208: 419 426 433 (26.0)
209: 425 430 (38.0)
210: 409 420 (39.0)
211: 422 423 (39.0)
212: 421 429 (45.0)
213: 413 415 (39.0)
214: 424 (30.0)
215: 428 431 (21.0)
216: 435 (30.0)
217: 437 (33.0)
218: 432 (32.0)
219: 434 436 447 (32.0)
220: 427 (31.0)
221: 441 448 459 (40.0)
222: 438 446 (37.0)
223: 439 440 (51.0)
224: 444 449 (47.0)
225: 450 458 466 (49.0)
226: 442 445 452 (45.0)
227: 457 461 (52.0)
228: 443 451 (51.0)
229: 454 460 463 (49.0)
230: 453 456 (51.0)
231: 468 472 (48.0)
232: 462 465 (44.0)
233: 455 481 (44.0)
234: 469 475 (31.0)
235: 464 467 (42.0)
236: 471 477 (45.0)
237: 473 478 (42.0)
238: 474 476 (49.0)
239: 479 482 (43.0)
240: 470 484 487 (35.0)
241: 483 489 496 (58.0)
242: 485 (32.0)
243: (0.0)
244: 486 493 (52.0)
245: 491 504 (49.0)
246: 490 499 (28.0)
247: 497 501 508 (34.0)
248: 488 494 (40.0)
249: 480 515 (41.0)
250: 498 503 (27.0)
251: (0.0)
252: 509 511 513 (47.0)
253: 492 502 (47.0)
254: 505 510 (52.0)
255: 495 507 (49.0)
256: 512 (32.0)
257: 500 (32.0)
258: 506 528 (33.0)
259: 520 521 (41.0)
260: 516 517 (41.0)
261: 514 527 533 (47.0)
262: 522 532 (46.0)
263: 526 531 (46.0)
264: 537 541 (45.0)
265: 518 523 (46.0)
266: 519 540 547 (50.0)
267: 524 538 (46.0)
268: 525 529 (38.0)
269: 534 539 543 (50.0)
270: 536 548 (41.0)
271: 535 544 (56.0)
272: 556 (31.0)
273: 530 552 (34.0)
274: 542 545 561 (50.0)
275: 565 (30.0)
276: 546 (31.0)
277: 553 554 (49.0)
278: 558 (35.0)
279: 562 563 (42.0)
280: 551 559 564 (32.0)
281: 549 557 (28.0)
282: 550 560 (57.0)
283: 568 574 (20.0)
284: 555 580 (37.0)
285: 566 570 (46.0)
286: 579 583 (37.0)
287: 577 584 (50.0)
288: 571 575 (47.0)
289: 567 594 (45.0)
290: 578 582 (48.0)
291: 572 573 (42.0)
292: 576 581 (51.0)
293: 569 586 (48.0)
294: 587 595 (48.0)
295: 590 593 597 (47.0)
296: 588 596 (44.0)
297: 585 604 (44.0)
298: 592 599 (57.0)
299: 589 598 601 (50.0)
300: 591 602 (46.0)
301: 603 607 (43.0)
302: 609 614 616 (48.0)
303: 606 610 (43.0)
304: 613 620 (42.0)
305: 600 (38.0)
306: 608 618 (41.0)
307: 611 619 (45.0)
308: 617 627 (57.0)
309: 615 625 (55.0)
310: 605 612 (42.0)
311: 623 628 (42.0)
312: 634 (32.0)
313: 624 626 (31.0)
314: 622 629 (44.0)
315: 630 631 (43.0)
316: 632 635 (33.0)
317: 633 636 (37.0)
318: 621 639 (40.0)
319: 638 647 (42.0)
320: 644 645 (44.0)
321: 646 652 (50.0)
322: 640 641 (44.0)
323: 642 651 653 (48.0)
324: 637 649 (52.0)
325: 643 663 (51.0)
326: 660 (36.0)
327: 650 655 (45.0)
328: 654 664 (49.0)
329: 648 656 659 (44.0)
330: 658 (34.0)
331: 667 668 (44.0)
332: 670 676 (46.0)
333: 657 677 (47.0)
334: 669 672 (51.0)
335: 681 (33.0)
336: 665 678 689 (33.0)
337: 661 666 675 (50.0)
338: 662 671 (44.0)
339: 673 694 (48.0)
340: 674 684 (38.0)
341: 679 691 (42.0)
342: 688 692 (46.0)
343: 680 683 696 702 (45.0)
344: 690 695 703 705 (49.0)
345: 686 687 693 (50.0)
346: 699 700 701 (43.0)
347: 682 710 717 (38.0)
348: 698 708 709 (43.0)
349: 685 697 704 (50.0)
350: 706 716 738 (48.0)
351: 707 722 723 731 (49.0)
352: 713 726 736 (48.0)
353: 711 719 724 (50.0)
354: 712 714 739 (50.0)
355: 715 728 744 (49.0)
356: 721 735 (50.0)
357: 720 733 742 (50.0)
358: 727 734 751 (50.0)
359: 718 725 (37.0)
360: 730 740 741 746 (49.0)
361: 732 743 765 (45.0)
362: 737 762 (38.0)
363: 729 754 756 (43.0)
364: 749 752 768 769 (43.0)
365: 745 750 753 (32.0)
366: 748 760 (40.0)
367: 747 757 775 (37.0)
368: 758 759 764 (41.0)
369: 767 776 788 (43.0)
370: 755 766 785 789 (47.0)
371: 770 772 774 (48.0)
372: 763 771 (52.0)
373: 777 794 (50.0)
374: 778 786 (50.0)
375: 761 779 791 (37.0)
376: 787 798 800 (47.0)
377: 773 780 783 (41.0)
378: 795 797 810 (43.0)
379: 793 801 808 (44.0)
380: 781 784 799 (48.0)
381: 782 790 806 809 (49.0)
382: 804 805 823 (44.0)
383: 792 796 803 829 (45.0)
384: 807 811 (54.0)
385: 812 813 814 822 (48.0)
386: 802 816 840 (46.0)
387: 820 821 828 (51.0)
388: 818 839 (46.0)
389: 815 817 830 (50.0)
390: 819 849 (50.0)
391: 831 835 841 843 (50.0)
392: 825 826 834 (48.0)
393: 827 833 848 (48.0)
394: 832 836 847 850 (50.0)
395: 852 872 (55.0)
396: 837 863 869 (47.0)
397: 824 845 853 (50.0)
398: 854 855 865 (50.0)
399: 838 846 857 (50.0)
400: 856 859 861 (50.0)
401: 860 870 (42.0)
402: 842 844 864 (49.0)
403: 862 882 885 (50.0)
404: 851 866 868 873 875 (50.0)
405: 867 883 (48.0)
406: 877 878 879 (48.0)
407: 858 871 880 (49.0)
408: 887 888 889 (50.0)
409: 884 904 (47.0)
410: 876 886 912 (49.0)
411: 874 895 (48.0)
412: 881 891 900 911 (32.0)
413: 893 894 897 (50.0)
414: 898 902 916 (48.0)
415: 890 892 896 905 917 (47.0)
416: 901 924 (54.0)
417: 903 908 927 939 (48.0)
418: 907 909 (45.0)
419: 899 914 915 (50.0)
420: 913 923 930 942 (50.0)
421: 910 926 929 (50.0)
422: 919 920 921 (49.0)
423: 906 931 932 937 944 (48.0)
424: 925 943 (46.0)
425: 928 934 950 (50.0)
426: 918 922 (49.0)
427: 933 954 (53.0)
428: 945 949 956 957 962 (49.0)
429: 947 953 960 (50.0)
430: 952 958 963 978 (50.0)
431: 936 941 966 (50.0)
432: 955 974 975 (49.0)
433: 935 940 967 (49.0)
434: 938 948 (47.0)
435: 946 951 959 965 (50.0)
436: 969 972 977 (56.0)
437: 961 981 (53.0)
438: 973 982 983 (49.0)
439: 971 976 985 (44.0)
440: 968 987 993 (48.0)
441: 970 980 (50.0)
442: 964 990 (49.0)
443: 984 988 989 (50.0)
444: 979 991 994 995 (49.0)
445: 986 996 998 (52.0)
446: 992 997 999 (53.0)
