Name: 1000-20-30
Time: 37.105618715286255 
Result: 559051
Solution:  1 3 5 0 6 6 11 3 0 2 2 5 6 1 8 14 4 8 8 7 10 12 10 15 12 7 13 4 14 17 19 11 21 13 17 20 18 24 18 19 23 20 22 27 23 21 26 22 27 22 25 25 33 24 30 29 30 31 28 30 32 22 34 29 25 32 26 33 31 32 28 34 38 37 36 45 38 41 39 41 38 36 40 43 46 40 49 44 39 45 42 43 46 37 47 48 45 50 53 49 54 48 52 46 48 52 53 58 50 54 52 55 62 59 48 62 60 60 57 58 61 62 67 58 59 63 64 65 69 68 66 59 67 63 72 71 70 61 65 64 66 73 69 68 72 81 73 74 71 75 74 70 76 75 77 78 78 82 79 80 76 82 77 84 85 83 84 80 90 88 85 79 88 90 89 88 83 86 89 87 97 89 82 94 94 93 95 93 92 97 96 88 97 98 104 103 101 100 100 99 102 96 95 98 94 103 106 99 105 101 102 106 112 110 108 101 106 104 108 107 108 109 113 110 105 108 117 114 109 115 113 111 114 112 118 117 120 122 118 113 123 116 124 119 119 123 124 122 125 127 126 122 126 130 125 130 129 128 137 132 130 132 135 134 131 131 128 133 133 138 136 136 134 129 140 140 139 142 138 139 144 144 135 139 144 143 146 141 137 142 153 145 141 145 146 148 156 147 149 151 153 148 147 156 152 155 153 149 152 150 155 159 157 150 162 161 155 151 154 154 162 164 159 160 160 161 168 171 165 168 168 169 166 170 167 167 165 162 173 173 170 169 174 164 175 178 168 177 181 179 176 175 175 180 172 179 172 177 180 183 176 183 182 174 177 181 178 187 183 182 187 185 186 187 191 190 196 192 185 190 189 184 184 187 188 190 193 199 194 195 198 196 192 189 199 198 195 204 200 202 193 195 197 195 203 198 202 207 204 202 208 203 205 207 206 202 212 215 210 205 209 201 209 213 208 216 210 212 213 212 221 211 219 217 217 220 218 214 222 214 215 220 222 221 217 229 223 231 224 225 225 218 223 228 226 226 231 224 230 228 232 233 228 230 232 235 227 236 237 235 234 234 242 236 240 244 233 238 248 243 236 245 240 239 240 241 246 246 247 238 240 249 243 244 246 245 254 253 249 250 251 251 252 248 250 258 254 255 248 247 259 261 253 256 257 262 257 260 256 259 258 260 255 257 262 267 271 261 265 263 267 268 264 259 268 265 269 263 266 270 269 270 274 265 271 275 266 269 279 279 276 272 277 278 273 272 278 282 280 280 274 273 283 276 285 277 281 281 285 283 282 286 291 286 287 287 288 289 284 288 292 291 290 288 291 293 298 293 289 301 298 303 296 299 294 302 294 301 303 295 299 304 298 297 311 297 302 305 304 295 312 300 307 307 305 309 306 306 308 304 310 312 310 309 312 311 313 322 321 320 308 318 313 317 315 318 315 318 320 316 316 319 314 323 329 320 328 330 327 322 320 331 327 326 330 325 323 329 331 335 333 324 322 332 331 334 338 339 332 330 333 336 337 336 338 336 345 338 333 337 336 340 333 336 341 344 335 340 343 340 342 342 342 347 345 334 351 344 344 343 342 350 341 346 347 339 347 349 349 348 348 340 346 349 353 350 352 356 353 348 352 360 352 354 354 354 351 348 349 353 357 355 355 359 363 349 356 355 357 365 364 358 360 361 361 359 355 363 357 365 355 362 360 364 366 362 363 366 362 364 358 363 367 370 361 367 372 361 365 367 367 371 366 361 368 372 371 369 369 367 373 374 377 373 372 371 376 370 377 375 375 375 374 379 372 368 377 377 381 371 381 381 379 380 378 380 380 379 383 374 382 382 383 376 386 384 374 385 389 391 378 385 385 386 387 392 384 383 382 390 384 383 397 391 394 387 394 389 384 391 391 390 392 393 401 394 392 387 392 394 394 388 395 388 395 388 396 400 399 401 394 393 399 399 401 404 402 396 402 397 400 405 403 398 403 402 406 406 404 398 410 400 413 405 406 404 407 406 409 414 406 412 408 411 411 409 415 407 416 418 408 408 415 413 418 415 407 419 409 410 417 411 416 416 420 414 411 419 412 418 414 425 427 412 417 415 419 420 425 417 421 420 426 423 422 429 419 421 423 430 429 429 431 424 427 423 424 428 430 426 433 422 424 426 422 430 433 429 440 428 433 436 437 434 437 426 433 441 432 428 436 432 432 437 439 431 434 442 436 437 438 439 441 442 435 438 439 438 440 441 443 444 443 435 442 442 443 444 442 441
0: 3 8 (19.0)
1: 0 13 (30.0)
2: 9 10 (21.0)
3: 1 7 (23.0)
4: 16 27 (24.0)
5: 2 11 (20.0)
6: 4 5 12 (25.0)
7: 19 25 (25.0)
8: 14 17 18 (12.0)
9: (0.0)
10: 20 22 (25.0)
11: 6 31 (7.0)
12: 21 24 (21.0)
13: 26 33 (25.0)
14: 15 28 (19.0)
15: 23 (4.0)
16: (0.0)
17: 29 34 (31.0)
18: 36 38 (18.0)
19: 30 39 (28.0)
20: 35 41 (20.0)
21: 32 45 (15.0)
22: 42 47 49 61 (16.0)
23: 40 44 (19.0)
24: 37 53 (27.0)
25: 50 51 64 (32.0)
26: 46 66 (22.0)
27: 43 48 (32.0)
28: 58 70 (28.0)
29: 55 63 (20.0)
30: 54 56 59 (17.0)
31: 57 68 (24.0)
32: 60 65 69 (35.0)
33: 52 67 (15.0)
34: 62 71 (21.0)
35: (0.0)
36: 74 81 (29.0)
37: 73 93 (21.0)
38: 72 76 80 (24.0)
39: 78 88 (26.0)
40: 82 85 (28.0)
41: 77 79 (29.0)
42: 90 (10.0)
43: 83 91 (23.0)
44: 87 (7.0)
45: 75 89 96 (18.0)
46: 84 92 103 (17.0)
47: 94 (17.0)
48: 95 101 104 114 (55.0)
49: 86 99 (20.0)
50: 97 108 (18.0)
51: (0.0)
52: 102 105 110 (27.0)
53: 98 106 (25.0)
54: 100 109 (21.0)
55: 111 (11.0)
56: (0.0)
57: 118 (18.0)
58: 107 119 123 (20.0)
59: 113 124 131 (17.0)
60: 116 117 (21.0)
61: 120 137 (27.0)
62: 112 115 121 (22.0)
63: 125 133 (31.0)
64: 126 139 (21.0)
65: 127 138 (21.0)
66: 130 140 (35.0)
67: 122 132 (20.0)
68: 129 143 (20.0)
69: 128 142 (22.0)
70: 136 151 (22.0)
71: 135 148 (34.0)
72: 134 144 (9.0)
73: 141 146 (10.0)
74: 147 150 (23.0)
75: 149 153 (8.0)
76: 152 160 (33.0)
77: 154 162 (20.0)
78: 155 156 (28.0)
79: 158 171 (21.0)
80: 159 167 (24.0)
81: 145 (17.0)
82: 157 161 182 (24.0)
83: 165 176 (23.0)
84: 163 166 (20.0)
85: 164 170 (22.0)
86: 177 (10.0)
87: 179 (20.0)
88: 169 172 175 191 (20.0)
89: 174 178 181 (29.0)
90: 168 173 (36.0)
91: (0.0)
92: 188 (20.0)
93: 185 187 (17.0)
94: 183 184 204 (20.0)
95: 186 202 (24.0)
96: 190 201 (29.0)
97: 180 189 192 (15.0)
98: 193 203 (34.0)
99: 199 207 (27.0)
100: 197 198 (31.0)
101: 196 209 215 (27.0)
102: 200 210 (23.0)
103: 195 205 (36.0)
104: 194 217 (20.0)
105: 208 224 (31.0)
106: 206 211 216 (22.0)
107: 219 (18.0)
108: 214 218 220 225 (21.0)
109: 221 228 (32.0)
110: 213 223 (25.0)
111: 231 (20.0)
112: 212 233 (29.0)
113: 222 230 239 (16.0)
114: 227 232 (15.0)
115: 229 (6.0)
116: 241 (16.0)
117: 226 235 (21.0)
118: 234 238 (28.0)
119: 243 244 (27.0)
120: 236 (20.0)
121: (0.0)
122: 237 247 251 (20.0)
123: 240 245 (16.0)
124: 242 246 (20.0)
125: 248 254 (25.0)
126: 250 252 (31.0)
127: 249 (9.0)
128: 257 266 (29.0)
129: 256 273 (25.0)
130: 253 255 260 (22.0)
131: 264 265 (23.0)
132: 259 261 (22.0)
133: 267 268 (25.0)
134: 263 272 (10.0)
135: 262 282 (32.0)
136: 270 271 (23.0)
137: 258 288 (24.0)
138: 269 278 (25.0)
139: 276 279 283 (25.0)
140: 274 275 (23.0)
141: 287 292 (30.0)
142: 277 289 (31.0)
143: 285 (20.0)
144: 280 281 284 (26.0)
145: 291 293 (22.0)
146: 286 294 (21.0)
147: 297 302 (30.0)
148: 295 301 (29.0)
149: 298 307 (23.0)
150: 309 313 (22.0)
151: 299 317 (30.0)
152: 304 308 (32.0)
153: 290 300 306 (22.0)
154: 318 319 (24.0)
155: 305 310 316 (21.0)
156: 296 303 (16.0)
157: 312 (12.0)
158: (0.0)
159: 311 322 (30.0)
160: 323 324 (22.0)
161: 315 325 (26.0)
162: 314 320 337 (30.0)
163: (0.0)
164: 321 343 (20.0)
165: 328 336 (30.0)
166: 332 (10.0)
167: 334 335 (24.0)
168: 326 329 330 346 (18.0)
169: 331 341 (31.0)
170: 333 340 (26.0)
171: 327 (22.0)
172: 354 356 (29.0)
173: 338 339 (24.0)
174: 342 363 (31.0)
175: 344 351 352 (39.0)
176: 350 360 (33.0)
177: 347 357 364 (30.0)
178: 345 366 (29.0)
179: 349 355 (30.0)
180: 353 358 (22.0)
181: 348 365 (28.0)
182: 362 369 (21.0)
183: 359 361 368 (29.0)
184: 381 382 (33.0)
185: 371 378 (29.0)
186: 372 (22.0)
187: 367 370 373 383 (22.0)
188: 384 (20.0)
189: 380 393 (20.0)
190: 375 379 385 (23.0)
191: 374 (20.0)
192: 377 392 (28.0)
193: 386 400 (28.0)
194: 388 (20.0)
195: 389 396 401 403 (22.0)
196: 376 391 (27.0)
197: 402 (20.0)
198: 390 395 405 (26.0)
199: 387 394 (35.0)
200: 398 (20.0)
201: 421 (22.0)
202: 399 406 409 415 (20.0)
203: 404 411 (26.0)
204: 397 408 (37.0)
205: 412 419 (31.0)
206: 414 (21.0)
207: 407 413 (27.0)
208: 410 424 (19.0)
209: 420 422 (19.0)
210: 418 426 (29.0)
211: 431 (21.0)
212: 416 427 429 (23.0)
213: 423 428 (26.0)
214: 437 439 (16.0)
215: 417 440 (27.0)
216: 425 (20.0)
217: 433 434 444 (19.0)
218: 436 451 (26.0)
219: 432 (22.0)
220: 435 441 (31.0)
221: 430 443 (18.0)
222: 438 442 (26.0)
223: 446 452 (32.0)
224: 448 457 (32.0)
225: 449 450 (29.0)
226: 454 455 (26.0)
227: 466 (24.0)
228: 453 459 462 (30.0)
229: 445 (20.0)
230: 458 463 (32.0)
231: 447 456 (20.0)
232: 460 464 (38.0)
233: 461 476 (22.0)
234: 470 471 (26.0)
235: 465 469 (11.0)
236: 467 473 480 (18.0)
237: 468 (22.0)
238: 477 489 (23.0)
239: 483 (23.0)
240: 474 482 484 490 (15.0)
241: 485 (23.0)
242: 472 (24.0)
243: 479 492 (32.0)
244: 475 493 (30.0)
245: 481 495 (28.0)
246: 486 487 494 (36.0)
247: 488 509 (26.0)
248: 478 503 508 (30.0)
249: 491 498 (31.0)
250: 499 504 (26.0)
251: 500 501 (26.0)
252: 502 (21.0)
253: 497 512 (33.0)
254: 496 506 (15.0)
255: 507 522 (38.0)
256: 513 518 (27.0)
257: 514 516 523 (21.0)
258: 505 520 (31.0)
259: 510 519 533 (17.0)
260: 517 521 (34.0)
261: 511 527 (24.0)
262: 515 524 (24.0)
263: 529 537 (28.0)
264: 532 (23.0)
265: 528 535 543 (28.0)
266: 538 546 (30.0)
267: 525 530 (30.0)
268: 531 534 (30.0)
269: 536 540 547 (30.0)
270: 539 541 (35.0)
271: 526 544 (28.0)
272: 551 555 (26.0)
273: 554 561 (24.0)
274: 542 560 (34.0)
275: 545 (23.0)
276: 550 563 (33.0)
277: 552 565 (22.0)
278: 553 556 (25.0)
279: 548 549 (27.0)
280: 558 559 (27.0)
281: 566 567 (27.0)
282: 557 570 (28.0)
283: 562 569 (20.0)
284: 578 (21.0)
285: 564 568 (30.0)
286: 571 573 (37.0)
287: 574 575 (27.0)
288: 576 579 583 (22.0)
289: 577 588 (31.0)
290: 582 (24.0)
291: 572 581 584 (17.0)
292: 580 (26.0)
293: 585 587 (37.0)
294: 594 596 (28.0)
295: 599 609 (31.0)
296: 592 (21.0)
297: 603 605 (36.0)
298: 586 590 602 (29.0)
299: 593 600 (29.0)
300: 611 (20.0)
301: 589 597 (28.0)
302: 595 606 (22.0)
303: 591 598 (30.0)
304: 601 608 619 (30.0)
305: 607 614 (24.0)
306: 616 617 (28.0)
307: 612 613 (27.0)
308: 618 630 (30.0)
309: 615 623 (31.0)
310: 620 622 (32.0)
311: 604 625 (26.0)
312: 610 621 624 (29.0)
313: 626 632 (28.0)
314: 642 (20.0)
315: 634 636 (35.0)
316: 639 640 (30.0)
317: 633 (24.0)
318: 631 635 637 (29.0)
319: 641 (24.0)
320: 629 638 645 650 (26.0)
321: 628 (23.0)
322: 627 649 662 (25.0)
323: 643 656 (27.0)
324: 661 (22.0)
325: 655 (22.0)
326: 653 (21.0)
327: 648 652 (27.0)
328: 646 (25.0)
329: 644 657 (24.0)
330: 647 654 669 (22.0)
331: 651 658 664 (27.0)
332: 663 668 (30.0)
333: 660 670 678 682 (22.0)
334: 665 695 (30.0)
335: 659 686 (28.0)
336: 671 673 675 680 683 (28.0)
337: 672 679 (37.0)
338: 666 674 677 (30.0)
339: 667 705 (32.0)
340: 681 687 689 711 (30.0)
341: 684 702 (34.0)
342: 690 691 692 700 (29.0)
343: 688 699 (28.0)
344: 685 697 698 (30.0)
345: 676 694 (27.0)
346: 703 712 (30.0)
347: 693 704 706 (29.0)
348: 709 710 719 727 (30.0)
349: 707 708 713 728 735 (33.0)
350: 701 715 (27.0)
351: 696 726 (28.0)
352: 716 720 722 (28.0)
353: 714 718 729 (30.0)
354: 723 724 725 (26.0)
355: 731 732 737 746 750 (28.0)
356: 717 736 (24.0)
357: 730 738 748 (36.0)
358: 741 760 (32.0)
359: 733 745 (29.0)
360: 721 742 752 (29.0)
361: 743 744 764 767 773 (24.0)
362: 751 755 758 (29.0)
363: 734 747 756 761 (29.0)
364: 740 753 759 (28.0)
365: 739 749 768 (30.0)
366: 754 757 772 (29.0)
367: 762 765 769 770 779 (29.0)
368: 774 795 (29.0)
369: 777 778 (29.0)
370: 763 787 (30.0)
371: 771 776 785 799 (30.0)
372: 766 775 784 794 (30.0)
373: 780 783 (30.0)
374: 781 792 809 816 (32.0)
375: 789 790 791 (32.0)
376: 786 813 (34.0)
377: 782 788 796 797 (30.0)
378: 804 820 (29.0)
379: 793 802 807 (32.0)
380: 803 805 806 (30.0)
381: 798 800 801 (30.0)
382: 810 811 828 (30.0)
383: 808 812 827 831 (29.0)
384: 815 826 830 838 (30.0)
385: 817 821 822 (30.0)
386: 814 823 (32.0)
387: 824 835 847 (30.0)
388: 851 853 855 (30.0)
389: 818 837 (30.0)
390: 829 841 (29.0)
391: 819 833 839 840 (30.0)
392: 825 842 846 848 (29.0)
393: 843 861 (25.0)
394: 834 836 845 849 850 860 (30.0)
395: 852 854 (24.0)
396: 856 867 (28.0)
397: 832 869 (24.0)
398: 873 879 (21.0)
399: 858 862 863 (30.0)
400: 857 870 881 (25.0)
401: 844 859 864 (30.0)
402: 866 868 875 (20.0)
403: 872 874 (24.0)
404: 865 878 885 (40.0)
405: 871 883 (30.0)
406: 876 877 884 887 890 (28.0)
407: 886 897 906 (27.0)
408: 892 900 901 (24.0)
409: 888 895 908 (30.0)
410: 880 909 (34.0)
411: 893 894 911 916 (28.0)
412: 891 918 923 (27.0)
413: 882 903 (28.0)
414: 889 915 920 (29.0)
415: 896 902 905 925 (29.0)
416: 898 912 913 (30.0)
417: 910 924 929 (30.0)
418: 899 904 919 (41.0)
419: 907 917 926 936 (30.0)
420: 914 927 931 (30.0)
421: 930 937 (30.0)
422: 934 951 954 (29.0)
423: 933 938 945 (31.0)
424: 943 946 952 (34.0)
425: 921 928 (37.0)
426: 932 949 953 965 (35.0)
427: 922 944 (32.0)
428: 947 959 969 (30.0)
429: 935 940 941 957 (32.0)
430: 939 948 955 (35.0)
431: 942 975 (32.0)
432: 968 971 972 (34.0)
433: 950 956 960 966 (31.0)
434: 963 976 (30.0)
435: 984 993 (33.0)
436: 961 970 978 (30.0)
437: 962 964 973 979 (31.0)
438: 980 985 987 (29.0)
439: 974 981 986 (29.0)
440: 958 988 (27.0)
441: 967 982 989 999 (28.0)
442: 977 983 994 995 998 (23.0)
443: 990 992 996 (28.0)
444: 991 997 (31.0)
