Name: 100-20-30
Time: 4.369694471359253 
Result: 20021
Solution:  4 1 8 5 0 2 10 7 2 6 5 1 8 7 5 11 9 4 6 0 16 10 12 13 5 9 15 11 12 15 13 14 18 20 21 13 27 24 17 19 23 19 18 21 13 24 16 23 20 26 30 17 26 25 22 25 30 28 32 29 29 35 22 36 34 33 32 34 33 38 34 34 31 30 35 41 40 36 30 35 37 37 39 39 34 41 39 38 40 34 36 33 35 42 42 43 37 43 43 36
0: 4 19 (23.0)
1: 1 11 (25.0)
2: 5 8 (21.0)
3: (0.0)
4: 0 17 (16.0)
5: 3 10 14 24 (19.0)
6: 9 18 (21.0)
7: 7 13 (26.0)
8: 2 12 (23.0)
9: 16 25 (37.0)
10: 6 21 (20.0)
11: 15 27 (29.0)
12: 22 28 (29.0)
13: 23 30 35 44 (28.0)
14: 31 (21.0)
15: 26 29 (27.0)
16: 20 46 (26.0)
17: 38 51 (31.0)
18: 32 42 (26.0)
19: 39 41 (26.0)
20: 33 48 (24.0)
21: 34 43 (32.0)
22: 54 62 (22.0)
23: 40 47 (27.0)
24: 37 45 (19.0)
25: 53 55 (32.0)
26: 49 52 (21.0)
27: 36 (21.0)
28: 57 (22.0)
29: 59 60 (28.0)
30: 50 56 73 78 (27.0)
31: 72 (20.0)
32: 58 66 (32.0)
33: 65 68 91 (27.0)
34: 64 67 70 71 84 89 (29.0)
35: 61 74 79 92 (30.0)
36: 63 77 90 99 (30.0)
37: 80 81 96 (29.0)
38: 69 87 (27.0)
39: 82 83 86 (28.0)
40: 76 88 (28.0)
41: 75 85 (30.0)
42: 93 94 (30.0)
43: 95 97 98 (28.0)
