Name: 100-50-100
Time: 4.432777404785156 
Result: 46
Solution:  2 1 3 0 4 2 7 1 1 0 6 6 2 15 7 4 3 11 8 10 4 9 12 16 10 10 14 7 17 14 16 15 15 9 13 23 20 19 12 11 21 18 24 21 23 20 22 23 17 24 18 29 28 26 18 22 25 27 37 30 25 28 27 28 33 29 32 31 40 34 36 29 34 33 36 38 35 31 33 30 33 35 36 37 37 35 36 38 40 32 39 39 41 40 40 41 39 42 40 41
0: 3 9 (60.0)
1: 1 7 8 (64.0)
2: 0 5 12 (73.0)
3: 2 16 (67.0)
4: 4 15 20 (64.0)
5: (0.0)
6: 10 11 (57.0)
7: 6 14 27 (100.0)
8: 18 (54.0)
9: 21 33 (79.0)
10: 19 24 25 (68.0)
11: 17 39 (58.0)
12: 22 38 (71.0)
13: 34 (59.0)
14: 26 29 (68.0)
15: 13 31 32 (94.0)
16: 23 30 (88.0)
17: 28 48 (55.0)
18: 41 50 54 (88.0)
19: 37 (54.0)
20: 36 45 (79.0)
21: 40 43 (83.0)
22: 46 55 (75.0)
23: 35 44 47 (78.0)
24: 42 49 (81.0)
25: 56 60 (82.0)
26: 53 (57.0)
27: 57 62 (76.0)
28: 52 61 63 (86.0)
29: 51 65 71 (81.0)
30: 59 79 (64.0)
31: 67 77 (79.0)
32: 66 89 (91.0)
33: 64 73 78 80 (88.0)
34: 69 72 (88.0)
35: 76 81 85 (90.0)
36: 70 74 82 86 (80.0)
37: 58 83 84 (95.0)
38: 75 87 (97.0)
39: 90 91 96 (96.0)
40: 68 88 93 94 98 (98.0)
41: 92 95 99 (98.0)
42: 97 (62.0)
