Name: 1000-20-30
Time: 37.59456777572632 
Result: 500038
Solution:  4 4 8 2 6 7 6 3 7 2 8 6 7 5 12 8 14 10 6 15 14 10 12 9 13 11 13 5 10 20 18 9 21 17 17 15 22 25 22 19 21 20 22 25 19 18 24 23 23 24 28 26 31 26 27 28 28 27 29 31 29 31 32 30 30 33 36 34 41 32 31 33 39 33 38 45 38 38 39 44 40 34 44 43 40 41 48 46 36 44 42 47 40 46 48 52 49 45 53 47 45 53 50 52 51 54 53 50 52 54 51 62 64 55 49 61 55 58 57 61 64 59 63 57 55 63 66 60 58 68 71 59 69 67 69 71 68 62 70 69 66 72 75 67 72 81 75 74 80 74 78 70 73 75 69 76 83 78 74 73 77 80 81 84 84 82 85 76 86 78 87 85 82 91 93 82 86 87 89 88 94 83 96 90 95 91 98 99 89 94 90 101 97 95 97 96 99 98 93 104 104 97 101 103 94 100 104 106 105 102 108 102 100 110 107 107 102 103 112 108 109 110 116 111 106 105 109 110 120 111 112 113 119 117 116 119 112 123 115 117 127 121 124 122 115 122 121 124 120 123 123 128 129 126 128 130 127 126 132 131 124 136 129 131 135 133 132 127 133 137 137 134 136 130 137 140 134 138 138 137 139 142 135 139 146 142 147 141 146 141 148 145 144 150 144 151 156 143 146 143 150 147 154 153 149 146 152 151 148 155 154 161 157 149 155 158 157 156 153 152 156 160 166 161 158 157 161 168 165 163 164 171 166 160 176 168 167 165 170 171 164 169 167 170 169 175 174 172 173 178 177 174 178 180 174 177 176 175 173 182 180 175 181 186 184 190 179 183 182 184 184 186 185 183 188 194 183 191 181 196 191 187 189 187 192 198 193 189 195 198 201 196 194 194 202 198 198 205 197 201 193 200 203 197 200 200 197 204 206 203 206 201 205 207 199 207 202 210 210 209 207 208 211 211 214 213 209 215 216 214 214 212 218 214 217 215 222 226 220 217 216 219 219 221 224 229 223 228 224 222 227 220 223 228 226 227 225 221 230 231 230 226 231 225 232 234 233 231 235 232 237 236 238 235 234 240 242 234 242 241 236 249 245 239 242 246 237 249 247 241 245 243 244 244 245 248 252 251 249 253 250 250 254 245 255 252 255 253 248 247 259 263 250 262 254 259 256 257 258 258 262 260 256 264 263 261 267 264 264 261 265 260 266 265 270 265 268 274 264 268 273 271 271 272 273 275 269 273 276 273 270 272 276 277 277 274 282 278 279 280 280 278 282 286 285 284 281 283 279 284 283 285 288 292 286 287 293 289 290 282 294 288 291 288 288 289 295 293 296 297 287 303 295 297 296 301 292 300 302 297 298 301 301 300 304 302 303 304 301 307 299 306 299 304 310 307 305 306 308 309 309 312 308 310 313 317 311 313 315 316 319 315 314 316 312 313 317 318 319 314 324 326 318 320 327 322 331 328 323 332 328 330 325 320 325 321 327 325 324 329 338 336 324 322 335 334 338 339 333 328 335 332 337 337 335 336 343 335 332 333 337 340 332 340 341 339 337 340 342 340 344 342 344 345 338 342 351 350 344 345 340 343 346 341 347 344 348 345 353 350 350 346 347 349 355 349 348 346 351 343 352 347 353 354 356 358 352 348 354 355 357 354 360 355 362 352 356 360 357 362 359 358 357 360 361 359 353 359 366 367 360 362 361 361 372 371 363 363 362 365 373 371 365 367 367 369 369 364 365 368 363 370 364 360 364 369 375 374 379 373 370 373 379 366 368 372 374 368 382 371 375 372 377 376 375 369 375 377 376 372 385 383 379 388 384 378 378 382 384 379 380 381 378 387 391 386 382 386 377 385 380 378 385 391 388 383 381 386 383 392 383 387 388 389 394 385 394 390 394 397 392 394 397 393 393 390 387 398 395 396 395 390 399 395 395 403 389 399 401 396 395 396 402 398 398 407 397 395 404 397 404 405 401 397 401 408 406 406 404 400 406 400 400 409 403 405 403 402 408 415 406 410 409 413 408 415 409 412 410 416 415 412 413 414 407 413 412 420 411 416 411 413 411 412 423 418 413 417 415 418 417 414 427 422 417 420 421 422 425 423 426 419 428 421 419 424 428 423 422 422 430 420 430 421 425 432 419 424 428 420 435 428 426 424 429 433 430 431 439 431 435 438 437 432 426 426 435 438 433 429 431 440 431 439 442 427 434 434 434 435 438 437 441 437 436 443 439 440 436 433 438 444 442 441 442 442 443 444 439 442
0: (0.0)
1: (0.0)
2: 3 9 (29.0)
3: 7 (18.0)
4: 0 1 (20.0)
5: 13 27 (23.0)
6: 4 6 11 18 (27.0)
7: 5 8 12 (24.0)
8: 2 10 15 (29.0)
9: 23 31 (9.0)
10: 17 21 28 (17.0)
11: 25 (10.0)
12: 14 22 (19.0)
13: 24 26 (22.0)
14: 16 20 (25.0)
15: 19 35 (22.0)
16: (0.0)
17: 33 34 (26.0)
18: 30 45 (23.0)
19: 39 44 (25.0)
20: 29 41 (31.0)
21: 32 40 (14.0)
22: 36 38 42 (23.0)
23: 47 48 (22.0)
24: 46 49 (18.0)
25: 37 43 (24.0)
26: 51 53 (31.0)
27: 54 57 (23.0)
28: 50 55 56 (24.0)
29: 58 60 (35.0)
30: 63 64 (21.0)
31: 52 59 61 70 (17.0)
32: 62 69 (21.0)
33: 65 71 73 (25.0)
34: 67 81 (25.0)
35: (0.0)
36: 66 88 (22.0)
37: (0.0)
38: 74 76 77 (38.0)
39: 72 78 (24.0)
40: 80 84 92 (18.0)
41: 68 85 (29.0)
42: 90 (10.0)
43: 83 (12.0)
44: 79 82 89 (25.0)
45: 75 97 100 (22.0)
46: 87 93 (21.0)
47: 91 99 (17.0)
48: 86 94 (31.0)
49: 96 114 (26.0)
50: 102 107 (24.0)
51: 104 110 (27.0)
52: 95 103 108 (17.0)
53: 98 101 106 (41.0)
54: 105 109 (20.0)
55: 113 116 124 (21.0)
56: (0.0)
57: 118 123 (24.0)
58: 117 128 (24.0)
59: 121 131 (9.0)
60: 127 (3.0)
61: 115 119 (6.0)
62: 111 137 (22.0)
63: 122 125 (30.0)
64: 112 120 (30.0)
65: (0.0)
66: 126 140 (36.0)
67: 133 143 (26.0)
68: 129 136 (20.0)
69: 132 134 139 154 (22.0)
70: 138 151 (30.0)
71: 130 135 (33.0)
72: 141 144 (7.0)
73: 152 159 (27.0)
74: 147 149 158 (27.0)
75: 142 146 153 (23.0)
76: 155 167 (25.0)
77: 160 (17.0)
78: 150 157 169 (17.0)
79: (0.0)
80: 148 161 (23.0)
81: 145 162 (28.0)
82: 165 172 175 (24.0)
83: 156 181 (29.0)
84: 163 164 (22.0)
85: 166 171 (20.0)
86: 168 176 (31.0)
87: 170 177 (21.0)
88: 179 (20.0)
89: 178 188 (22.0)
90: 183 190 (26.0)
91: 173 185 (30.0)
92: (0.0)
93: 174 198 (26.0)
94: 180 189 204 (14.0)
95: 184 193 (27.0)
96: 182 195 (31.0)
97: 192 194 201 (20.0)
98: 186 197 (37.0)
99: 187 196 (7.0)
100: 205 212 (31.0)
101: 191 202 (10.0)
102: 209 211 216 (25.0)
103: 203 217 (31.0)
104: 199 200 206 (26.0)
105: 208 225 (19.0)
106: 207 224 (34.0)
107: 214 215 (22.0)
108: 210 219 (30.0)
109: 220 226 (18.0)
110: 213 221 227 (36.0)
111: 223 229 (21.0)
112: 218 230 236 (26.0)
113: 231 (20.0)
114: (0.0)
115: 238 244 (27.0)
116: 222 234 (20.0)
117: 233 239 (24.0)
118: (0.0)
119: 232 235 (14.0)
120: 228 248 (29.0)
121: 241 246 (29.0)
122: 243 245 (25.0)
123: 237 249 250 (25.0)
124: 242 247 260 (21.0)
125: (0.0)
126: 253 257 (22.0)
127: 240 256 267 (23.0)
128: 251 254 (21.0)
129: 252 262 (35.0)
130: 255 273 (29.0)
131: 259 263 (9.0)
132: 258 266 (32.0)
133: 265 268 (25.0)
134: 271 276 (22.0)
135: 264 282 (27.0)
136: 261 272 (23.0)
137: 269 270 274 279 (27.0)
138: 277 278 (30.0)
139: 280 283 (20.0)
140: 275 (21.0)
141: 287 289 (31.0)
142: 281 285 (32.0)
143: 297 299 (29.0)
144: 292 294 (28.0)
145: 291 (16.0)
146: 284 288 298 305 (21.0)
147: 286 301 (27.0)
148: 290 308 (20.0)
149: 304 313 (31.0)
150: 293 300 (12.0)
151: 295 307 (26.0)
152: 306 319 (18.0)
153: 303 318 (23.0)
154: 302 310 (24.0)
155: 309 314 (18.0)
156: 296 317 320 (36.0)
157: 312 316 325 (30.0)
158: 315 324 (30.0)
159: (0.0)
160: 321 333 (26.0)
161: 311 323 326 (24.0)
162: (0.0)
163: 329 (8.0)
164: 330 340 (17.0)
165: 328 337 (26.0)
166: 322 332 (26.0)
167: 336 342 (30.0)
168: 327 335 (30.0)
169: 341 344 (27.0)
170: 338 343 (22.0)
171: 331 339 (29.0)
172: 347 (21.0)
173: 348 358 (21.0)
174: 346 351 354 (22.0)
175: 345 357 361 (20.0)
176: 334 356 (35.0)
177: 350 355 (29.0)
178: 349 352 (31.0)
179: 366 (20.0)
180: 353 360 (27.0)
181: 362 378 (21.0)
182: 359 368 (23.0)
183: 367 373 376 (18.0)
184: 364 369 370 (23.0)
185: 372 (22.0)
186: 363 371 (32.0)
187: 381 383 (24.0)
188: 374 (20.0)
189: 382 387 (34.0)
190: 365 (20.0)
191: 377 380 (23.0)
192: 384 (20.0)
193: 386 400 (28.0)
194: 375 392 393 (30.0)
195: 388 (20.0)
196: 379 391 (29.0)
197: 398 403 406 (30.0)
198: 385 389 395 396 (24.0)
199: 414 (21.0)
200: 401 404 405 (30.0)
201: 390 399 411 (25.0)
202: 394 416 (25.0)
203: 402 409 (26.0)
204: 407 (20.0)
205: 397 412 (36.0)
206: 408 410 (33.0)
207: 413 415 420 (14.0)
208: 421 (22.0)
209: 419 426 (30.0)
210: 417 418 (30.0)
211: 422 423 (25.0)
212: 431 (21.0)
213: 425 (20.0)
214: 424 429 430 433 (20.0)
215: 427 435 (23.0)
216: 428 440 (26.0)
217: 434 439 (20.0)
218: 432 (22.0)
219: 441 442 (27.0)
220: 438 451 (22.0)
221: 443 457 (30.0)
222: 436 449 (29.0)
223: 446 452 (32.0)
224: 444 448 (22.0)
225: 456 463 (29.0)
226: 437 454 461 (23.0)
227: 450 455 (35.0)
228: 447 453 (20.0)
229: 445 (20.0)
230: 458 460 (32.0)
231: 459 462 467 (22.0)
232: 464 469 (23.0)
233: 466 (24.0)
234: 465 474 477 (23.0)
235: 468 473 (24.0)
236: 471 480 (29.0)
237: 470 486 (26.0)
238: 472 (24.0)
239: 483 (23.0)
240: 475 (21.0)
241: 479 489 (27.0)
242: 476 478 484 (29.0)
243: 491 (22.0)
244: 492 493 (26.0)
245: 482 490 494 503 (22.0)
246: 485 (23.0)
247: 488 509 (26.0)
248: 495 508 (30.0)
249: 481 487 498 (32.0)
250: 500 501 512 (41.0)
251: 497 (18.0)
252: 496 505 (25.0)
253: 499 507 (36.0)
254: 502 514 (31.0)
255: 504 506 (16.0)
256: 516 522 (23.0)
257: 517 (22.0)
258: 518 519 (26.0)
259: 510 515 (20.0)
260: 521 531 (26.0)
261: 525 529 (36.0)
262: 513 520 (25.0)
263: 511 524 (30.0)
264: 523 527 528 538 (25.0)
265: 530 533 535 (25.0)
266: 532 (23.0)
267: 526 (24.0)
268: 536 539 (34.0)
269: 546 (22.0)
270: 534 550 (30.0)
271: 541 542 (34.0)
272: 543 551 (23.0)
273: 540 544 547 549 (23.0)
274: 537 555 (23.0)
275: 545 (23.0)
276: 548 552 (32.0)
277: 553 554 (31.0)
278: 557 561 (29.0)
279: 558 568 (24.0)
280: 559 560 (35.0)
281: 566 (20.0)
282: 556 562 579 (22.0)
283: 567 570 (16.0)
284: 565 569 (24.0)
285: 564 571 (33.0)
286: 563 574 (33.0)
287: 575 590 (25.0)
288: 572 581 583 584 (20.0)
289: 577 585 (33.0)
290: 578 (21.0)
291: 582 (24.0)
292: 573 596 (28.0)
293: 576 587 (31.0)
294: 580 (26.0)
295: 586 592 (30.0)
296: 588 594 (36.0)
297: 589 593 599 (28.0)
298: 600 (23.0)
299: 610 612 (29.0)
300: 597 603 (37.0)
301: 595 601 602 608 (28.0)
302: 598 605 (32.0)
303: 591 606 (29.0)
304: 604 607 613 (28.0)
305: 616 (23.0)
306: 611 617 (25.0)
307: 609 615 (36.0)
308: 618 622 (24.0)
309: 619 620 (36.0)
310: 614 623 (25.0)
311: 626 (24.0)
312: 621 634 (27.0)
313: 624 627 635 (27.0)
314: 632 639 (30.0)
315: 628 631 (31.0)
316: 629 633 (29.0)
317: 625 636 (34.0)
318: 637 642 (30.0)
319: 630 638 (22.0)
320: 643 653 (29.0)
321: 655 (22.0)
322: 645 663 (28.0)
323: 648 (20.0)
324: 640 658 662 (20.0)
325: 652 654 657 (22.0)
326: 641 (24.0)
327: 644 656 (34.0)
328: 647 650 669 (22.0)
329: 659 (25.0)
330: 651 (22.0)
331: 646 (25.0)
332: 649 671 678 682 (20.0)
333: 668 679 (34.0)
334: 665 (26.0)
335: 664 670 674 677 (28.0)
336: 661 675 (33.0)
337: 672 673 680 686 (30.0)
338: 660 666 694 (25.0)
339: 667 685 (32.0)
340: 681 683 687 689 700 (29.0)
341: 684 703 (29.0)
342: 688 691 695 (28.0)
343: 676 701 719 (29.0)
344: 690 692 698 705 (32.0)
345: 693 699 707 (30.0)
346: 702 711 717 (30.0)
347: 704 712 721 (30.0)
348: 706 716 727 (30.0)
349: 713 715 (28.0)
350: 697 709 710 (28.0)
351: 696 718 (30.0)
352: 720 726 735 (29.0)
353: 708 722 746 (24.0)
354: 723 728 731 (21.0)
355: 714 729 733 (28.0)
356: 724 736 (26.0)
357: 730 738 742 (40.0)
358: 725 741 (29.0)
359: 740 745 747 (30.0)
360: 732 737 743 750 773 (29.0)
361: 744 752 753 (29.0)
362: 734 739 751 758 (32.0)
363: 756 757 770 (29.0)
364: 767 772 774 (28.0)
365: 759 762 768 (30.0)
366: 748 783 (31.0)
367: 749 763 764 (30.0)
368: 769 784 787 (30.0)
369: 765 766 775 795 (29.0)
370: 771 780 (30.0)
371: 755 761 789 (30.0)
372: 754 785 791 799 (26.0)
373: 760 779 781 (30.0)
374: 777 786 (33.0)
375: 776 790 794 796 (27.0)
376: 793 798 (29.0)
377: 792 797 818 (23.0)
378: 805 806 812 821 (30.0)
379: 778 782 802 809 (28.0)
380: 810 820 (31.0)
381: 811 826 (23.0)
382: 788 807 816 (23.0)
383: 801 825 828 830 (29.0)
384: 804 808 (25.0)
385: 800 819 822 835 (30.0)
386: 815 817 827 (29.0)
387: 813 831 846 (30.0)
388: 803 824 832 (30.0)
389: 833 856 (28.0)
390: 837 845 851 (30.0)
391: 814 823 (32.0)
392: 829 840 (34.0)
393: 843 844 (28.0)
394: 834 836 838 841 (29.0)
395: 848 850 853 854 860 867 (32.0)
396: 849 859 861 (28.0)
397: 839 842 866 869 873 (30.0)
398: 847 863 864 (28.0)
399: 852 857 (24.0)
400: 879 881 882 (29.0)
401: 858 872 874 (27.0)
402: 862 887 (30.0)
403: 855 884 886 (30.0)
404: 868 870 878 (31.0)
405: 871 885 (37.0)
406: 876 877 880 890 (36.0)
407: 865 904 (33.0)
408: 875 888 894 (30.0)
409: 883 892 896 (30.0)
410: 891 898 (30.0)
411: 908 910 912 (33.0)
412: 897 901 906 913 (30.0)
413: 893 902 905 911 916 (30.0)
414: 903 921 (32.0)
415: 889 895 900 918 (30.0)
416: 899 909 (35.0)
417: 917 920 924 (30.0)
418: 915 919 (30.0)
419: 931 934 946 (30.0)
420: 907 925 941 949 (30.0)
421: 926 933 943 (30.0)
422: 923 927 938 939 (30.0)
423: 914 929 937 (30.0)
424: 935 947 953 (30.0)
425: 928 944 (36.0)
426: 930 952 964 965 (35.0)
427: 922 975 (31.0)
428: 932 936 948 951 (30.0)
429: 954 969 (26.0)
430: 940 942 956 (33.0)
431: 957 959 970 972 (30.0)
432: 945 963 (29.0)
433: 955 968 989 (30.0)
434: 976 977 978 (30.0)
435: 950 960 966 979 (29.0)
436: 984 988 (36.0)
437: 962 981 983 (28.0)
438: 961 967 980 990 (30.0)
439: 958 973 986 998 (30.0)
440: 971 987 (26.0)
441: 982 993 (24.0)
442: 974 992 994 995 999 (26.0)
443: 985 996 (30.0)
444: 991 997 (31.0)
