Name: 100-60-125
Time: 8.041360855102539 
Result: 59
Solution:  0 3 3 1 2 0 2 1 0 4 7 6 12 7 3 10 8 13 5 12 12 16 9 8 17 4 12 17 11 15 10 13 19 14 8 17 18 21 20 19 20 21 26 24 16 25 22 22 28 15 21 18 23 18 25 27 24 28 26 31 29 21 37 24 33 35 36 32 28 31 27 31 28 34 32 29 35 30 41 37 30 32 34 30 37 40 36 33 38 36 36 41 37 39 41 40 35 38 41 32
0: 0 5 8 (83.0)
1: 3 7 (74.0)
2: 4 6 (74.0)
3: 1 2 14 (75.0)
4: 9 25 (82.0)
5: 18 (60.0)
6: 11 (60.0)
7: 10 13 (77.0)
8: 16 23 34 (83.0)
9: 22 (70.0)
10: 15 30 (96.0)
11: 28 (60.0)
12: 12 19 20 26 (81.0)
13: 17 31 (104.0)
14: 33 (64.0)
15: 29 49 (105.0)
16: 21 44 (102.0)
17: 24 27 35 (111.0)
18: 36 51 53 (94.0)
19: 32 39 (84.0)
20: 38 40 (97.0)
21: 37 41 50 61 (119.0)
22: 46 47 (93.0)
23: 52 (66.0)
24: 43 56 63 (96.0)
25: 45 54 (72.0)
26: 42 58 (83.0)
27: 55 70 (83.0)
28: 48 57 68 72 (119.0)
29: 60 75 (107.0)
30: 77 80 83 (100.0)
31: 59 69 71 (98.0)
32: 67 74 81 99 (95.0)
33: 64 87 (106.0)
34: 73 82 (110.0)
35: 65 76 96 (114.0)
36: 66 86 89 90 (108.0)
37: 62 79 84 92 (101.0)
38: 88 97 (111.0)
39: 93 (102.0)
40: 85 95 (101.0)
41: 78 91 94 98 (103.0)
