Name: 100-30-50
Time: 4.326572895050049 
Result: 20
Solution:  3 0 1 0 0 7 4 2 2 4 8 6 6 3 5 6 7 6 8 5 2 10 1 10 7 6 10 9 15 13 12 10 17 14 18 7 17 21 18 13 9 24 12 16 16 15 15 13 17 19 16 14 18 14 19 27 17 19 21 20 24 21 23 27 20 24 31 25 29 23 23 22 22 28 26 24 25 35 29 35 28 30 33 29 32 26 31 32 30 31 33 34 32 32 35 34 31 33 28 35
0: 1 3 4 (32.0)
1: 2 22 (44.0)
2: 7 8 20 (35.0)
3: 0 13 (46.0)
4: 6 9 (34.0)
5: 14 19 (48.0)
6: 11 12 15 17 25 (34.0)
7: 5 16 24 35 (44.0)
8: 10 18 (38.0)
9: 27 40 (37.0)
10: 21 23 26 31 (42.0)
11: (0.0)
12: 30 42 (30.0)
13: 29 39 47 (38.0)
14: 33 51 53 (40.0)
15: 28 45 46 (44.0)
16: 43 44 50 (40.0)
17: 32 36 48 56 (50.0)
18: 34 38 52 (32.0)
19: 49 54 57 (38.0)
20: 59 64 (33.0)
21: 37 58 61 (42.0)
22: 71 72 (44.0)
23: 62 69 70 (46.0)
24: 41 60 65 75 (50.0)
25: 67 76 (44.0)
26: 74 85 (49.0)
27: 55 63 (49.0)
28: 73 80 98 (50.0)
29: 68 78 83 (49.0)
30: 81 88 (42.0)
31: 66 86 89 96 (49.0)
32: 84 87 92 93 (48.0)
33: 82 90 97 (49.0)
34: 91 95 (35.0)
35: 77 79 94 99 (50.0)
