Name: 1000-40-75
Time: 70.98914289474487 
Result: 98
Solution:  2 1 0 0 9 2 1 3 5 1 5 4 0 6 13 4 1 8 8 3 9 6 10 13 12 10 10 7 7 12 16 9 15 16 17 23 22 18 18 17 21 21 12 15 23 27 25 22 24 24 19 17 26 19 29 31 28 27 28 35 26 25 36 29 33 32 37 36 31 28 37 34 34 36 35 33 46 37 38 42 43 40 32 39 40 47 38 46 42 46 51 50 39 47 42 39 53 49 52 47 48 52 43 60 56 56 53 50 54 54 51 55 48 58 55 64 53 62 59 63 59 64 66 60 66 58 65 64 61 61 65 60 71 70 75 62 69 68 70 64 63 72 69 67 77 68 71 73 76 78 74 67 80 82 77 80 78 82 72 78 74 77 83 79 83 84 79 83 86 83 91 84 85 85 88 87 89 84 88 92 96 87 93 87 93 95 90 92 90 94 98 95 95 96 94 100 100 97 100 99 98 99 102 99 106 104 108 106 104 105 103 107 102 110 106 110 115 105 111 112 101 111 109 111 109 114 113 114 115 112 116 113 111 115 116 119 126 118 118 117 121 118 117 123 124 122 119 122 125 122 130 124 128 123 135 129 127 125 130 126 131 128 134 132 138 132 131 133 129 139 135 127 137 136 146 137 139 141 136 133 133 134 137 140 142 137 143 143 145 145 144 141 147 147 155 149 148 150 150 154 153 149 149 148 144 151 157 144 152 150 157 156 161 154 156 151 160 161 164 153 158 159 167 166 163 164 163 166 167 159 165 160 168 165 161 162 169 171 167 173 170 171 169 174 170 168 169 168 181 172 173 178 176 172 175 176 175 180 179 176 179 182 180 178 184 181 185 184 175 188 177 187 190 186 186 187 189 189 197 190 183 190 191 191 193 192 185 194 201 195 195 200 190 198 195 196 197 192 193 201 194 205 203 199 202 199 203 204 200 205 206 208 207 203 207 206 208 211 214 210 212 210 212 218 210 209 209 213 219 211 221 213 224 216 222 217 220 218 219 223 218 228 215 217 226 221 223 220 224 225 227 228 229 226 222 223 226 225 229 225 235 230 232 237 231 240 228 231 233 237 234 236 235 234 230 238 237 239 238 236 237 241 241 241 242 244 243 245 250 240 245 250 248 246 247 246 244 248 249 243 244 254 250 254 251 256 250 253 249 251 257 259 252 251 260 259 261 258 265 259 258 260 258 262 263 263 256 264 257 255 262 265 266 267 269 264 270 270 270 266 277 268 266 271 277 274 268 276 267 275 269 280 269 276 277 273 282 272 274 283 278 281 283 281 279 279 285 278 285 282 284 287 289 282 286 285 287 292 288 291 296 284 289 290 296 299 293 292 298 288 294 295 293 290 292 297 301 298 298 302 294 307 300 304 302 299 302 295 304 305 308 301 311 299 303 306 300 307 302 303 306 307 309 303 309 313 306 310 310 304 306 313 312 311 315 315 312 315 317 313 304 314 313 315 313 318 313 316 316 325 307 320 319 312 321 321 318 318 322 321 319 317 324 317 319 322 314 321 320 324 323 316 325 324 328 326 321 325 323 320 328 331 328 328 329 329 333 327 331 333 329 330 333 325 335 323 337 326 332 334 327 340 340 332 326 333 336 341 339 336 336 330 332 334 340 339 337 334 333 339 336 340 345 344 349 342 338 338 335 340 341 338 338 350 342 343 342 337 342 343 346 347 342 346 345 347 346 348 348 351 358 354 348 350 353 351 359 350 356 351 352 355 346 352 354 357 354 355 346 353 358 359 362 357 365 365 357 361 360 364 358 361 366 360 362 360 364 356 371 356 355 360 363 359 362 368 363 362 363 369 364 374 372 367 369 366 366 366 376 373 370 375 371 368 379 372 375 367 367 370 365 370 376 380 374 370 378 379 373 377 372 382 369 378 379 384 375 373 371 379 381 378 383 385 380 376 377 386 377 382 391 386 384 386 384 387 391 389 380 387 382 383 381 390 383 388 387 389 393 385 392 390 390 389 390 393 399 393 392 395 386 397 388 392 391 393 399 394 394 397 395 389 402 398 401 396 396 396 398 406 406 400 400 395 394 402 407 401 403 404 398 400 399 405 405 405 403 413 412 413 406 410 404 403 408 402 407 403 410 407 408 409 411 409 411 411 413 412 408 411 407 410 416 415 419 414 416 419 412 417 415 421 414 420 415 417 419 418 420 419 418 423 423 420 425 421 424 418 422 426 419 424 421 420 432 423 427 429 418 428 426 432 431 425 422 427 424 428 425 428 426 429 432 429 431 431 431 430 430 430
0: 2 3 12 (48.0)
1: 1 6 9 16 (43.0)
2: 0 5 (46.0)
3: 7 19 (62.0)
4: 11 15 (51.0)
5: 8 10 (41.0)
6: 13 21 (55.0)
7: 27 28 (63.0)
8: 17 18 (40.0)
9: 4 20 31 (55.0)
10: 22 25 26 (47.0)
11: (0.0)
12: 24 29 42 (44.0)
13: 14 23 (42.0)
14: (0.0)
15: 32 43 (44.0)
16: 30 33 (44.0)
17: 34 39 51 (44.0)
18: 37 38 (47.0)
19: 50 53 (48.0)
20: (0.0)
21: 40 41 (41.0)
22: 36 47 (28.0)
23: 35 44 (61.0)
24: 48 49 (41.0)
25: 46 61 (46.0)
26: 52 60 (50.0)
27: 45 57 (43.0)
28: 56 58 69 (33.0)
29: 54 63 (53.0)
30: (0.0)
31: 55 68 (51.0)
32: 65 82 (37.0)
33: 64 75 (58.0)
34: 71 72 (60.0)
35: 59 74 (44.0)
36: 62 67 73 (49.0)
37: 66 70 77 (45.0)
38: 78 86 (69.0)
39: 83 92 95 (54.0)
40: 81 84 (35.0)
41: (0.0)
42: 79 88 94 (62.0)
43: 80 102 (49.0)
44: (0.0)
45: (0.0)
46: 76 87 89 (46.0)
47: 85 93 99 (53.0)
48: 100 112 (56.0)
49: 97 (22.0)
50: 91 107 (48.0)
51: 90 110 (37.0)
52: 98 101 (54.0)
53: 96 106 116 (53.0)
54: 108 109 (44.0)
55: 111 114 (67.0)
56: 104 105 (43.0)
57: (0.0)
58: 113 125 (23.0)
59: 118 120 (54.0)
60: 103 123 131 (47.0)
61: 128 129 (45.0)
62: 117 135 (27.0)
63: 119 140 (40.0)
64: 115 121 127 139 (46.0)
65: 126 130 (69.0)
66: 122 124 (65.0)
67: 143 151 (41.0)
68: 137 145 (50.0)
69: 136 142 (47.0)
70: 133 138 (66.0)
71: 132 146 (44.0)
72: 141 158 (61.0)
73: 147 (12.0)
74: 150 160 (43.0)
75: 134 (44.0)
76: 148 (42.0)
77: 144 154 161 (58.0)
78: 149 156 159 (37.0)
79: 163 166 (70.0)
80: 152 155 (61.0)
81: (0.0)
82: 153 157 (39.0)
83: 162 164 167 169 (39.0)
84: 165 171 177 (41.0)
85: 172 173 (46.0)
86: 168 (40.0)
87: 175 181 183 (36.0)
88: 174 178 (43.0)
89: 176 (45.0)
90: 186 188 (43.0)
91: 170 (42.0)
92: 179 187 (63.0)
93: 182 184 (63.0)
94: 189 194 (48.0)
95: 185 191 192 (57.0)
96: 180 193 (63.0)
97: 197 (40.0)
98: 190 200 (62.0)
99: 199 201 203 (45.0)
100: 195 196 198 (60.0)
101: 220 (40.0)
102: 202 212 (51.0)
103: 210 (5.0)
104: 205 208 (55.0)
105: 209 217 (47.0)
106: 204 207 214 (41.0)
107: 211 (42.0)
108: 206 (36.0)
109: 222 224 (28.0)
110: 213 215 (70.0)
111: 218 221 223 232 (67.0)
112: 219 229 (65.0)
113: 226 231 (57.0)
114: 225 227 (43.0)
115: 216 228 233 (75.0)
116: 230 234 (49.0)
117: 239 242 (47.0)
118: 237 238 241 (70.0)
119: 235 246 (59.0)
120: (0.0)
121: 240 (38.0)
122: 245 247 249 (60.0)
123: 243 253 (37.0)
124: 244 251 (59.0)
125: 248 257 (46.0)
126: 236 259 (48.0)
127: 256 271 (54.0)
128: 252 261 (77.0)
129: 255 268 (61.0)
130: 250 258 (50.0)
131: 260 266 (50.0)
132: 263 265 (35.0)
133: 267 279 280 (49.0)
134: 262 281 (46.0)
135: 254 270 (40.0)
136: 273 278 (65.0)
137: 272 275 282 285 (39.0)
138: 264 (49.0)
139: 269 276 (46.0)
140: 283 (42.0)
141: 277 291 (60.0)
142: 284 (47.0)
143: 286 287 (51.0)
144: 290 304 307 (45.0)
145: 288 289 (51.0)
146: 274 (46.0)
147: 292 293 (51.0)
148: 296 303 (73.0)
149: 295 301 302 (44.0)
150: 297 298 309 (45.0)
151: 305 315 (46.0)
152: 308 (40.0)
153: 300 319 (65.0)
154: 299 313 (66.0)
155: 294 (42.0)
156: 311 314 (70.0)
157: 306 310 (60.0)
158: 320 (40.0)
159: 321 329 (53.0)
160: 316 331 (72.0)
161: 312 317 334 (46.0)
162: 335 (40.0)
163: 324 326 (48.0)
164: 318 325 (43.0)
165: 330 333 (66.0)
166: 323 327 (62.0)
167: 322 328 338 (60.0)
168: 332 345 347 (50.0)
169: 336 342 346 (69.0)
170: 340 344 (57.0)
171: 337 341 (50.0)
172: 349 353 (42.0)
173: 339 350 (45.0)
174: 343 (48.0)
175: 354 356 368 (63.0)
176: 352 355 359 (66.0)
177: 370 (45.0)
178: 351 363 (61.0)
179: 358 360 (57.0)
180: 357 362 (61.0)
181: 348 365 (68.0)
182: 361 (42.0)
183: 380 (51.0)
184: 364 367 (41.0)
185: 366 386 (57.0)
186: 373 374 (58.0)
187: 371 375 (51.0)
188: 369 (47.0)
189: 376 377 (55.0)
190: 372 379 381 392 (42.0)
191: 382 383 (55.0)
192: 385 397 (56.0)
193: 384 398 (68.0)
194: 387 400 (57.0)
195: 389 390 394 (72.0)
196: 395 (40.0)
197: 378 396 (65.0)
198: 393 (41.0)
199: 403 405 (57.0)
200: 391 408 (46.0)
201: 388 399 (54.0)
202: 404 (40.0)
203: 402 406 413 (42.0)
204: 407 (40.0)
205: 401 409 (56.0)
206: 410 415 (58.0)
207: 412 414 (69.0)
208: 411 416 (53.0)
209: 425 426 (58.0)
210: 419 421 424 (48.0)
211: 417 429 (58.0)
212: 420 422 (61.0)
213: 427 431 (69.0)
214: 418 (41.0)
215: 442 (50.0)
216: 433 (51.0)
217: 435 443 (53.0)
218: 423 437 440 (68.0)
219: 428 438 (69.0)
220: 436 447 (73.0)
221: 430 445 (42.0)
222: 434 454 (51.0)
223: 439 446 455 (58.0)
224: 432 448 (50.0)
225: 449 457 459 (71.0)
226: 444 453 456 (67.0)
227: 450 (48.0)
228: 441 451 466 (81.0)
229: 452 458 (87.0)
230: 461 474 (41.0)
231: 464 467 (72.0)
232: 462 (50.0)
233: 468 (50.0)
234: 470 473 (41.0)
235: 460 472 (93.0)
236: 471 479 (51.0)
237: 463 469 476 480 (75.0)
238: 475 478 (68.0)
239: 477 (44.0)
240: 465 489 (63.0)
241: 481 482 483 (74.0)
242: 484 (55.0)
243: 486 499 (89.0)
244: 485 496 500 (62.0)
245: 487 490 (70.0)
246: 493 495 (51.0)
247: 494 (42.0)
248: 492 497 (49.0)
249: 498 508 (51.0)
250: 488 491 502 506 (71.0)
251: 504 509 513 (52.0)
252: 512 (42.0)
253: 507 (40.0)
254: 501 503 (69.0)
255: 529 (51.0)
256: 505 526 (64.0)
257: 510 528 (51.0)
258: 517 520 522 (59.0)
259: 511 515 519 (56.0)
260: 514 521 (66.0)
261: 516 (57.0)
262: 523 530 (69.0)
263: 524 525 (60.0)
264: 527 535 (69.0)
265: 518 531 (73.0)
266: 532 539 542 (65.0)
267: 533 548 (71.0)
268: 541 546 (66.0)
269: 534 550 552 (75.0)
270: 536 537 538 (72.0)
271: 543 (49.0)
272: 557 (51.0)
273: 555 (43.0)
274: 545 558 (75.0)
275: 549 (48.0)
276: 547 553 (74.0)
277: 540 544 554 (70.0)
278: 560 567 (42.0)
279: 564 565 (62.0)
280: 551 (50.0)
281: 561 563 (55.0)
282: 556 569 573 (72.0)
283: 559 562 (62.0)
284: 570 581 (63.0)
285: 566 568 575 (73.0)
286: 574 (59.0)
287: 571 576 (67.0)
288: 578 589 (67.0)
289: 572 582 (63.0)
290: 583 593 (71.0)
291: 579 (40.0)
292: 577 587 594 (70.0)
293: 586 592 (67.0)
294: 590 600 (58.0)
295: 591 607 (53.0)
296: 580 584 (69.0)
297: 595 (47.0)
298: 588 597 598 (59.0)
299: 585 605 613 (67.0)
300: 602 616 (52.0)
301: 596 611 (54.0)
302: 599 604 606 618 (73.0)
303: 614 619 623 (65.0)
304: 603 608 629 640 (55.0)
305: 609 (40.0)
306: 615 620 626 630 (65.0)
307: 601 617 621 650 (73.0)
308: 610 (42.0)
309: 622 624 (52.0)
310: 627 628 (64.0)
311: 612 633 (68.0)
312: 632 636 653 (63.0)
313: 625 631 639 642 644 646 (74.0)
314: 641 666 (54.0)
315: 634 635 637 643 (56.0)
316: 647 648 671 (64.0)
317: 638 661 663 (75.0)
318: 645 656 657 (74.0)
319: 652 660 664 (73.0)
320: 651 668 679 (74.0)
321: 654 655 659 667 676 (103.0)
322: 658 665 (75.0)
323: 670 678 695 (74.0)
324: 662 669 673 (76.0)
325: 649 672 677 693 (71.0)
326: 675 697 704 (74.0)
327: 687 700 (89.0)
328: 674 680 682 683 (75.0)
329: 684 685 690 (75.0)
330: 691 711 (64.0)
331: 681 688 (69.0)
332: 698 703 712 (74.0)
333: 686 689 692 705 718 (74.0)
334: 699 713 717 (71.0)
335: 694 728 (75.0)
336: 706 709 710 720 (75.0)
337: 696 716 737 (50.0)
338: 726 727 731 732 (60.0)
339: 708 715 719 (68.0)
340: 701 702 714 721 729 (62.0)
341: 707 730 (54.0)
342: 725 734 736 738 742 (65.0)
343: 735 739 (69.0)
344: 723 (46.0)
345: 722 744 (66.0)
346: 740 743 746 762 768 (55.0)
347: 741 745 (63.0)
348: 747 748 752 (75.0)
349: 724 (41.0)
350: 733 753 757 (75.0)
351: 749 755 759 (74.0)
352: 760 763 (70.0)
353: 754 769 (72.0)
354: 751 764 766 (68.0)
355: 761 767 790 (75.0)
356: 758 787 789 (63.0)
357: 765 773 776 (66.0)
358: 750 770 780 (72.0)
359: 756 771 793 (57.0)
360: 778 783 785 791 (70.0)
361: 777 781 (51.0)
362: 772 784 794 797 (70.0)
363: 792 796 798 (63.0)
364: 779 786 800 (70.0)
365: 774 775 820 (74.0)
366: 782 805 806 807 (71.0)
367: 803 817 818 (71.0)
368: 795 813 (59.0)
369: 799 804 832 (55.0)
370: 810 819 821 825 (74.0)
371: 788 812 838 (57.0)
372: 802 815 830 (70.0)
373: 809 828 837 (70.0)
374: 801 824 (73.0)
375: 811 816 836 (73.0)
376: 808 822 845 (74.0)
377: 829 846 848 (72.0)
378: 826 833 841 (74.0)
379: 814 827 834 839 (71.0)
380: 823 844 858 (71.0)
381: 840 862 (73.0)
382: 831 849 860 (72.0)
383: 842 861 864 (73.0)
384: 835 852 854 (67.0)
385: 843 869 (70.0)
386: 847 851 853 880 (73.0)
387: 855 859 866 (73.0)
388: 865 882 (78.0)
389: 857 867 873 891 (75.0)
390: 863 871 872 874 (73.0)
391: 850 856 884 (75.0)
392: 870 878 883 (75.0)
393: 868 875 877 885 (73.0)
394: 887 888 904 (75.0)
395: 879 890 903 (76.0)
396: 895 896 897 (72.0)
397: 881 889 (75.0)
398: 893 898 910 (75.0)
399: 876 886 912 (75.0)
400: 901 902 911 (74.0)
401: 894 907 (74.0)
402: 892 905 925 (73.0)
403: 908 916 923 927 (75.0)
404: 909 922 (70.0)
405: 913 914 915 (73.0)
406: 899 900 920 (69.0)
407: 906 926 929 940 (75.0)
408: 924 930 938 (73.0)
409: 931 933 (70.0)
410: 921 928 941 (73.0)
411: 932 934 935 939 (74.0)
412: 918 937 948 (74.0)
413: 917 919 936 (72.0)
414: 945 952 (66.0)
415: 943 950 954 (68.0)
416: 942 946 (69.0)
417: 949 955 (74.0)
418: 957 960 967 978 (81.0)
419: 944 947 956 959 970 (78.0)
420: 953 958 963 973 (75.0)
421: 951 965 972 (77.0)
422: 968 984 (75.0)
423: 961 962 975 (78.0)
424: 966 971 986 (73.0)
425: 964 983 988 (74.0)
426: 969 980 990 (74.0)
427: 976 985 (73.0)
428: 979 987 989 (81.0)
429: 977 991 993 (75.0)
430: 997 998 999 (75.0)
431: 982 994 995 996 (88.0)
432: 974 981 992 (70.0)
