Name: 1000-50-100
Time: 70.77037954330444 
Result: 91
Solution:  4 2 9 6 7 2 1 3 5 6 7 3 3 8 12 5 12 8 10 4 11 15 10 12 9 18 16 11 18 19 13 13 15 16 16 22 14 27 19 14 20 20 25 12 18 23 24 23 28 24 22 25 26 33 31 26 27 29 36 28 36 32 31 32 35 30 30 29 31 34 35 41 38 37 37 43 31 44 38 46 33 40 46 41 48 39 40 36 39 42 44 42 43 47 45 47 45 46 51 48 50 56 51 49 50 51 52 54 56 52 55 49 54 51 60 58 57 57 66 61 58 59 63 67 58 62 60 68 56 65 69 59 65 61 66 63 75 70 68 74 70 72 71 72 72 76 73 71 80 74 67 74 78 69 76 81 87 70 80 75 74 83 81 77 81 82 79 81 81 84 86 83 88 87 92 86 89 93 88 87 83 84 97 92 90 94 94 96 92 91 99 92 94 95 94 100 93 100 101 98 94 99 102 108 101 96 107 105 104 104 112 104 110 106 98 108 116 105 111 116 115 106 114 116 111 119 107 107 110 118 112 121 117 123 115 118 114 112 124 121 122 119 113 118 122 126 123 117 130 128 122 120 130 132 131 123 129 122 127 122 128 125 126 124 125 132 133 131 130 133 135 138 134 143 136 132 140 143 137 145 133 137 148 142 144 135 141 142 143 150 141 142 149 145 144 147 153 146 151 144 149 146 156 152 154 151 153 152 156 148 153 155 159 154 160 161 157 158 158 159 164 163 159 166 162 160 163 169 165 164 170 157 168 164 167 162 169 168 177 170 170 175 172 176 173 176 172 171 176 173 172 177 179 175 183 174 173 179 178 181 180 178 182 182 179 184 181 180 181 186 191 187 179 193 190 195 185 182 192 188 183 185 187 191 197 192 197 189 196 186 188 195 196 194 199 195 195 200 198 202 194 199 198 202 204 207 202 201 208 205 203 212 200 206 207 205 206 201 210 204 210 217 211 216 212 209 213 212 219 214 211 216 208 215 212 218 214 213 213 219 220 220 227 224 223 223 224 228 227 227 226 225 228 221 226 232 225 233 223 222 231 231 230 229 233 230 233 234 234 237 229 228 232 236 241 235 236 240 239 239 248 238 240 238 243 243 249 242 240 241 247 245 250 247 247 246 245 244 249 252 257 244 247 248 250 251 253 256 254 257 262 259 256 258 259 255 253 253 254 252 255 263 261 260 265 260 262 263 264 266 261 266 263 270 268 262 269 271 269 272 265 264 277 271 275 278 268 273 273 275 277 272 270 279 276 279 278 276 284 274 286 283 281 274 288 281 285 280 289 280 286 284 281 282 283 287 291 289 292 287 290 290 299 282 294 292 285 291 297 298 292 301 293 293 295 301 298 298 301 296 295 304 299 300 302 302 300 307 309 305 309 306 305 306 310 304 310 315 307 303 314 303 318 311 317 308 312 318 313 312 322 314 312 315 318 311 316 320 317 318 319 323 318 319 321 313 316 319 320 320 321 325 327 321 319 321 321 329 320 321 323 323 326 324 328 326 324 324 325 334 324 327 331 325 333 328 335 327 326 330 330 328 330 332 331 332 337 331 340 334 337 333 340 333 336 329 338 336 337 335 339 345 338 339 341 335 342 342 341 340 337 336 345 342 341 343 339 344 343 347 344 346 352 346 350 348 345 347 349 349 349 347 355 353 343 353 348 349 351 351 344 357 348 352 352 353 351 358 356 358 354 350 350 356 363 355 356 355 355 358 359 357 354 365 362 357 364 354 363 359 361 362 360 362 360 361 362 368 359 364 364 367 358 361 366 365 365 371 365 373 366 368 370 370 370 369 369 371 372 366 375 378 376 368 368 371 367 373 374 382 377 381 372 371 379 373 375 379 374 379 379 381 372 377 377 377 381 378 380 383 382 376 389 388 385 384 384 384 386 387 385 378 384 380 383 383 386 391 386 382 390 391 387 389 386 396 389 392 393 393 388 386 387 393 387 395 402 390 395 392 392 404 396 388 398 396 398 399 397 401 391 395 394 403 396 397 401 405 402 407 394 403 399 400 402 400 407 403 402 411 407 408 406 406 410 405 397 409 411 408 410 408 416 404 408 405 413 408 413 405 409 405 407 412 406 417 411 413 409 410 414 411 410 415 414 417 415 418 413 424 412 418 420 421 423 416 419 422 421 420 420 419 424 413 419 425 416 423 433 428 424 425 420 421 429 432 434 426 429 427 422 427 431 427 435 426 430 429 435 432 423 425 431 437 435 436 436 433 434 435 430 437 435 427 428 430 437 436 437 432
0: (0.0)
1: 6 (46.0)
2: 1 5 (52.0)
3: 7 11 12 (48.0)
4: 0 19 (50.0)
5: 8 15 (35.0)
6: 3 9 (77.0)
7: 4 10 (51.0)
8: 13 17 (73.0)
9: 2 24 (66.0)
10: 18 22 (62.0)
11: 20 27 (58.0)
12: 14 16 23 43 (52.0)
13: 30 31 (52.0)
14: 36 39 (56.0)
15: 21 32 (60.0)
16: 26 33 34 (55.0)
17: (0.0)
18: 25 28 44 (44.0)
19: 29 38 (43.0)
20: 40 41 (53.0)
21: (0.0)
22: 35 50 (72.0)
23: 45 47 (57.0)
24: 46 49 (59.0)
25: 42 51 (52.0)
26: 52 55 (76.0)
27: 37 56 (55.0)
28: 48 59 (75.0)
29: 57 67 (54.0)
30: 65 66 (63.0)
31: 54 62 68 76 (50.0)
32: 61 63 (83.0)
33: 53 80 (48.0)
34: 69 (50.0)
35: 64 70 (55.0)
36: 58 60 87 (57.0)
37: 73 74 (59.0)
38: 72 78 (57.0)
39: 85 88 (75.0)
40: 81 86 (61.0)
41: 71 83 (65.0)
42: 89 91 (51.0)
43: 75 92 (54.0)
44: 77 90 (40.0)
45: 94 96 (76.0)
46: 79 82 97 (46.0)
47: 93 95 (54.0)
48: 84 99 (72.0)
49: 103 111 (50.0)
50: 100 104 (81.0)
51: 98 102 105 113 (59.0)
52: 106 109 (64.0)
53: (0.0)
54: 107 112 (72.0)
55: 110 (46.0)
56: 101 108 128 (57.0)
57: 116 117 (58.0)
58: 115 120 124 (54.0)
59: 121 131 (72.0)
60: 114 126 (51.0)
61: 119 133 (42.0)
62: 125 (48.0)
63: 122 135 (91.0)
64: (0.0)
65: 129 132 (83.0)
66: 118 134 (45.0)
67: 123 150 (62.0)
68: 127 138 (76.0)
69: 130 153 (45.0)
70: 137 140 157 (52.0)
71: 142 147 (48.0)
72: 141 143 144 (76.0)
73: 146 (52.0)
74: 139 149 151 160 (58.0)
75: 136 159 (60.0)
76: 145 154 (96.0)
77: 163 (54.0)
78: 152 (41.0)
79: 166 (53.0)
80: 148 158 (93.0)
81: 155 162 164 167 168 (42.0)
82: 165 (56.0)
83: 161 171 180 (87.0)
84: 169 181 (85.0)
85: (0.0)
86: 170 175 (81.0)
87: 156 173 179 (89.0)
88: 172 178 (63.0)
89: 176 (36.0)
90: 184 (51.0)
91: 189 (52.0)
92: 174 183 188 191 (55.0)
93: 177 196 (54.0)
94: 185 186 192 194 200 (52.0)
95: 193 (57.0)
96: 187 205 (74.0)
97: 182 (50.0)
98: 199 214 (66.0)
99: 190 201 (95.0)
100: 195 197 (86.0)
101: 198 204 (43.0)
102: 202 (40.0)
103: (0.0)
104: 208 209 211 (89.0)
105: 207 217 (95.0)
106: 213 221 (59.0)
107: 206 226 227 (76.0)
108: 203 215 (73.0)
109: (0.0)
110: 212 228 (90.0)
111: 218 224 (80.0)
112: 210 230 237 (100.0)
113: 242 (56.0)
114: 222 236 (69.0)
115: 220 234 (61.0)
116: 216 219 223 (57.0)
117: 232 247 (81.0)
118: 229 235 243 (50.0)
119: 225 241 (70.0)
120: 251 (55.0)
121: 231 239 (55.0)
122: 240 244 250 257 259 (71.0)
123: 233 246 255 (64.0)
124: 238 263 (63.0)
125: 261 264 (85.0)
126: 245 262 (92.0)
127: 258 (50.0)
128: 249 260 (71.0)
129: 256 (57.0)
130: 248 252 268 (89.0)
131: 254 267 (91.0)
132: 253 265 275 (57.0)
133: 266 269 280 (95.0)
134: 272 (58.0)
135: 270 285 (62.0)
136: 274 (55.0)
137: 278 281 (57.0)
138: 271 (52.0)
139: (0.0)
140: 276 (51.0)
141: 286 290 (94.0)
142: 283 287 291 (58.0)
143: 273 277 288 (30.0)
144: 284 294 299 (52.0)
145: 279 293 (72.0)
146: 297 301 (60.0)
147: 295 (53.0)
148: 282 309 (76.0)
149: 292 300 (63.0)
150: 289 (58.0)
151: 298 305 (88.0)
152: 303 307 (74.0)
153: 296 306 310 (62.0)
154: 304 313 (73.0)
155: 311 (61.0)
156: 302 308 (80.0)
157: 316 331 (71.0)
158: 317 318 (72.0)
159: 312 319 322 (54.0)
160: 314 325 (52.0)
161: 315 (50.0)
162: 324 335 (50.0)
163: 321 326 (53.0)
164: 320 329 333 (81.0)
165: 328 (62.0)
166: 323 (55.0)
167: 334 (55.0)
168: 332 337 (83.0)
169: 327 336 (68.0)
170: 330 339 340 (100.0)
171: 347 (61.0)
172: 342 346 350 (93.0)
173: 344 349 356 (93.0)
174: 355 (60.0)
175: 341 353 (87.0)
176: 343 345 348 (91.0)
177: 338 351 (78.0)
178: 358 361 (78.0)
179: 352 357 364 372 (100.0)
180: 360 367 (81.0)
181: 359 366 368 (99.0)
182: 362 363 377 (88.0)
183: 354 380 (77.0)
184: 365 (58.0)
185: 376 381 (61.0)
186: 369 389 (58.0)
187: 371 382 (57.0)
188: 379 390 (66.0)
189: 387 (51.0)
190: 374 (53.0)
191: 370 383 (87.0)
192: 378 385 (69.0)
193: 373 (59.0)
194: 393 400 (80.0)
195: 375 391 395 396 (100.0)
196: 388 392 (92.0)
197: 384 386 (84.0)
198: 398 402 (99.0)
199: 394 401 (61.0)
200: 397 412 (94.0)
201: 407 417 (80.0)
202: 399 403 406 (96.0)
203: 410 (50.0)
204: 404 419 (55.0)
205: 409 415 (50.0)
206: 413 416 (40.0)
207: 405 414 (86.0)
208: 408 432 (71.0)
209: 425 (57.0)
210: 418 420 (73.0)
211: 422 430 (75.0)
212: 411 424 427 434 (99.0)
213: 426 437 438 (84.0)
214: 429 436 (93.0)
215: 433 (53.0)
216: 423 431 (74.0)
217: 421 (57.0)
218: 435 (55.0)
219: 428 439 (84.0)
220: 440 441 (75.0)
221: 453 (69.0)
222: 459 (64.0)
223: 444 445 458 (87.0)
224: 443 446 (75.0)
225: 451 456 (91.0)
226: 450 454 (60.0)
227: 442 448 449 (97.0)
228: 447 452 471 (78.0)
229: 463 470 (86.0)
230: 462 465 (87.0)
231: 460 461 (76.0)
232: 455 472 (88.0)
233: 457 464 466 (90.0)
234: 467 468 (84.0)
235: 475 (62.0)
236: 473 476 (82.0)
237: 469 (50.0)
238: 481 483 (84.0)
239: 478 479 (77.0)
240: 477 482 488 (87.0)
241: 474 489 (71.0)
242: 487 (52.0)
243: 484 485 (78.0)
244: 497 501 (62.0)
245: 491 496 (85.0)
246: 495 (73.0)
247: 490 493 494 502 (97.0)
248: 480 503 (75.0)
249: 486 498 (83.0)
250: 492 504 (87.0)
251: 505 (54.0)
252: 499 519 (74.0)
253: 506 516 517 (98.0)
254: 508 518 (97.0)
255: 515 520 (95.0)
256: 507 512 (90.0)
257: 500 509 (59.0)
258: 513 (49.0)
259: 511 514 (94.0)
260: 523 525 (59.0)
261: 522 530 (102.0)
262: 510 526 535 (73.0)
263: 521 527 532 (108.0)
264: 528 541 (81.0)
265: 524 540 (86.0)
266: 529 531 (73.0)
267: (0.0)
268: 534 546 (87.0)
269: 536 538 (79.0)
270: 533 552 (91.0)
271: 537 543 (84.0)
272: 539 551 (81.0)
273: 547 548 (86.0)
274: 559 563 (94.0)
275: 544 549 (91.0)
276: 554 557 (72.0)
277: 542 550 (81.0)
278: 545 556 (92.0)
279: 553 555 (82.0)
280: 567 569 (92.0)
281: 562 565 572 (88.0)
282: 573 583 (83.0)
283: 561 574 (71.0)
284: 558 571 (86.0)
285: 566 586 (95.0)
286: 560 570 (100.0)
287: 575 579 (78.0)
288: 564 (66.0)
289: 568 577 (78.0)
290: 580 581 (83.0)
291: 576 587 (68.0)
292: 578 585 590 (98.0)
293: 592 593 (84.0)
294: 584 (52.0)
295: 594 600 (76.0)
296: 599 (69.0)
297: 588 (72.0)
298: 589 596 597 (96.0)
299: 582 602 (90.0)
300: 603 606 (85.0)
301: 591 595 598 (85.0)
302: 604 605 (85.0)
303: 619 621 (85.0)
304: 601 615 (98.0)
305: 609 612 (82.0)
306: 611 613 (95.0)
307: 607 618 (77.0)
308: 625 (63.0)
309: 608 610 (79.0)
310: 614 616 (95.0)
311: 623 635 (119.0)
312: 626 629 632 (73.0)
313: 628 645 (81.0)
314: 620 631 (99.0)
315: 617 633 (89.0)
316: 636 646 (95.0)
317: 624 638 (62.0)
318: 622 627 634 639 642 (100.0)
319: 640 643 647 654 (99.0)
320: 637 648 649 658 (80.0)
321: 644 650 653 655 656 659 (97.0)
322: 630 (59.0)
323: 641 660 661 (93.0)
324: 663 666 667 670 (100.0)
325: 651 668 673 (79.0)
326: 662 665 678 (100.0)
327: 652 671 677 (91.0)
328: 664 675 681 (98.0)
329: 657 695 (96.0)
330: 679 680 682 (100.0)
331: 672 684 687 (89.0)
332: 683 685 (87.0)
333: 674 691 693 (73.0)
334: 669 689 (77.0)
335: 676 699 705 (98.0)
336: 694 697 711 (99.0)
337: 686 690 698 710 (95.0)
338: 696 702 (54.0)
339: 700 703 716 (94.0)
340: 688 692 709 (100.0)
341: 704 708 714 (83.0)
342: 706 707 713 (79.0)
343: 715 718 734 (100.0)
344: 717 720 740 (79.0)
345: 701 712 726 (96.0)
346: 721 723 (90.0)
347: 719 727 731 (90.0)
348: 725 736 742 (89.0)
349: 728 729 730 737 (83.0)
350: 724 751 752 (91.0)
351: 738 739 746 (97.0)
352: 722 743 744 (79.0)
353: 733 735 745 (98.0)
354: 750 762 767 (100.0)
355: 732 755 757 758 (90.0)
356: 748 753 756 (100.0)
357: 741 761 765 (93.0)
358: 747 749 759 782 (85.0)
359: 760 769 778 (100.0)
360: 772 774 (91.0)
361: 770 775 783 (85.0)
362: 764 771 773 776 (89.0)
363: 754 768 (90.0)
364: 766 779 780 (94.0)
365: 763 785 786 788 (96.0)
366: 784 790 799 (100.0)
367: 781 806 (96.0)
368: 777 791 803 804 (100.0)
369: 795 796 (95.0)
370: 792 793 794 (117.0)
371: 787 797 805 813 (100.0)
372: 798 812 822 (100.0)
373: 789 807 815 (97.0)
374: 808 818 (100.0)
375: 800 816 (93.0)
376: 802 831 (96.0)
377: 810 823 824 825 (100.0)
378: 801 827 841 (98.0)
379: 814 817 819 820 (95.0)
380: 828 843 (98.0)
381: 811 821 826 (93.0)
382: 809 830 849 (94.0)
383: 829 844 845 (91.0)
384: 835 836 837 842 (97.0)
385: 834 840 (100.0)
386: 838 846 848 854 861 (101.0)
387: 839 852 862 864 (101.0)
388: 833 860 873 (92.0)
389: 832 853 856 (85.0)
390: 850 867 (90.0)
391: 847 851 880 (94.0)
392: 857 869 870 (92.0)
393: 858 859 863 (98.0)
394: 882 890 (86.0)
395: 865 868 881 (97.0)
396: 855 872 875 884 (97.0)
397: 878 885 906 (121.0)
398: 874 876 (93.0)
399: 877 892 (103.0)
400: 893 895 (95.0)
401: 879 886 (83.0)
402: 866 888 894 898 (100.0)
403: 883 891 897 (119.0)
404: 871 913 (99.0)
405: 887 905 915 919 921 (97.0)
406: 902 903 924 (79.0)
407: 889 896 900 922 (80.0)
408: 901 909 911 914 917 (100.0)
409: 907 920 928 (88.0)
410: 904 910 929 932 (100.0)
411: 899 908 926 931 (96.0)
412: 923 940 (85.0)
413: 916 918 927 938 953 (94.0)
414: 930 934 (99.0)
415: 933 936 (97.0)
416: 912 945 956 (96.0)
417: 925 935 (99.0)
418: 937 941 (98.0)
419: 946 951 954 (99.0)
420: 942 949 950 962 (106.0)
421: 943 948 963 (111.0)
422: 947 970 (99.0)
423: 944 957 980 (112.0)
424: 939 952 960 (100.0)
425: 955 961 981 (114.0)
426: 967 975 (95.0)
427: 969 971 973 993 (102.0)
428: 959 994 (96.0)
429: 964 968 977 (98.0)
430: 976 990 995 (94.0)
431: 972 982 (98.0)
432: 965 979 999 (100.0)
433: 958 987 (91.0)
434: 966 988 (99.0)
435: 974 978 984 989 992 (100.0)
436: 985 986 997 (94.0)
437: 983 991 996 998 (92.0)
