Name: 100-30-50
Time: 8.612669467926025 
Result: 20
Solution:  1 0 4 3 1 6 3 5 4 6 0 0 10 7 2 4 2 8 5 10 3 8 14 9 9 5 8 15 16 12 9 14 16 13 11 9 13 17 8 16 10 8 7 11 13 21 12 15 17 19 20 25 25 18 19 22 17 13 19 21 18 21 20 22 26 23 27 26 29 23 34 25 24 29 28 27 23 30 31 33 29 24 26 31 24 28 30 32 30 33 32 34 33 34 32 33 32 35 33 35
0: 1 10 11 (41.0)
1: 0 4 (35.0)
2: 14 16 (41.0)
3: 3 6 20 (33.0)
4: 2 8 15 (44.0)
5: 7 18 25 (34.0)
6: 5 9 (30.0)
7: 13 42 (49.0)
8: 17 21 26 38 41 (34.0)
9: 23 24 30 35 (30.0)
10: 12 19 40 (36.0)
11: 34 43 (32.0)
12: 29 46 (31.0)
13: 33 36 44 57 (41.0)
14: 22 31 (47.0)
15: 27 47 (38.0)
16: 28 32 39 (33.0)
17: 37 48 56 (39.0)
18: 53 60 (36.0)
19: 49 54 58 (42.0)
20: 50 62 (36.0)
21: 45 59 61 (38.0)
22: 55 63 (49.0)
23: 65 69 76 (49.0)
24: 72 81 84 (50.0)
25: 51 52 71 (48.0)
26: 64 67 82 (49.0)
27: 66 75 (37.0)
28: 74 85 (49.0)
29: 68 73 80 (50.0)
30: 77 86 88 (40.0)
31: 78 83 (47.0)
32: 87 90 94 96 (49.0)
33: 79 89 92 95 98 (49.0)
34: 70 91 93 (41.0)
35: 97 99 (48.0)
