Name: 100-20-30
Time: 8.349976539611816 
Result: 18
Solution:  2 0 5 4 0 2 0 3 9 3 10 10 13 6 15 7 9 12 6 4 16 7 11 13 6 14 8 16 5 15 15 12 22 17 8 13 23 25 17 11 19 18 18 19 14 22 20 31 24 21 25 26 25 27 21 20 28 28 29 27 29 34 24 35 33 32 34 32 32 39 32 35 30 37 34 31 40 35 33 43 30 42 38 41 38 43 39 36 33 35 39 36 36 42 37 42 40 41 43 38
0: 1 4 6 (25.0)
1: (0.0)
2: 0 5 (24.0)
3: 7 9 (25.0)
4: 3 19 (20.0)
5: 2 28 (26.0)
6: 13 18 24 (27.0)
7: 15 21 (29.0)
8: 26 34 (31.0)
9: 8 16 (27.0)
10: 10 11 (22.0)
11: 22 39 (33.0)
12: 17 31 (25.0)
13: 12 23 35 (21.0)
14: 25 44 (30.0)
15: 14 29 30 (22.0)
16: 20 27 (24.0)
17: 33 38 (20.0)
18: 41 42 (22.0)
19: 40 43 (28.0)
20: 46 55 (28.0)
21: 49 54 (23.0)
22: 32 45 (30.0)
23: 36 (21.0)
24: 48 62 (25.0)
25: 37 50 52 (18.0)
26: 51 (21.0)
27: 53 59 (28.0)
28: 56 57 (26.0)
29: 58 60 (33.0)
30: 72 80 (22.0)
31: 47 75 (30.0)
32: 65 67 68 70 (29.0)
33: 64 78 88 (27.0)
34: 61 66 74 (29.0)
35: 63 71 77 89 (29.0)
36: 87 91 92 (25.0)
37: 73 94 (20.0)
38: 82 84 99 (27.0)
39: 69 86 90 (24.0)
40: 76 96 (31.0)
41: 83 97 (25.0)
42: 81 93 95 (29.0)
43: 79 85 98 (36.0)
