Name: 100-20-30
Time: 4.417500734329224 
Result: 24020
Solution:  2 4 7 5 9 0 9 2 3 4 0 1 10 3 5 12 8 11 5 7 6 8 10 13 9 12 6 14 11 14 11 21 15 17 22 13 26 24 17 18 16 18 25 20 13 15 16 27 20 22 28 19 25 27 28 23 28 24 31 32 29 32 23 29 33 33 34 39 39 34 33 40 30 31 30 36 36 32 35 37 42 35 40 40 32 37 39 43 38 42 33 39 42 42 43 41 38 41 43 40
0: 5 10 (17.0)
1: 11 (17.0)
2: 0 7 (24.0)
3: 8 13 (23.0)
4: 1 9 (21.0)
5: 3 14 18 (17.0)
6: 20 26 (26.0)
7: 2 19 (30.0)
8: 16 21 (29.0)
9: 4 6 24 (22.0)
10: 12 22 (26.0)
11: 17 28 30 (19.0)
12: 15 25 (37.0)
13: 23 35 44 (24.0)
14: 27 29 (25.0)
15: 32 45 (30.0)
16: 40 46 (27.0)
17: 33 38 (20.0)
18: 39 41 (26.0)
19: 51 (21.0)
20: 43 48 (28.0)
21: 31 (21.0)
22: 34 49 (30.0)
23: 55 62 (26.0)
24: 37 57 (26.0)
25: 42 52 (20.0)
26: 36 (21.0)
27: 47 53 (30.0)
28: 50 54 56 (20.0)
29: 60 63 (33.0)
30: 72 74 (23.0)
31: 58 73 (24.0)
32: 59 61 77 84 (29.0)
33: 64 65 70 90 (25.0)
34: 66 69 (30.0)
35: 78 81 (20.0)
36: 75 76 (31.0)
37: 79 85 (29.0)
38: 88 96 (31.0)
39: 67 68 86 91 (28.0)
40: 71 82 83 99 (29.0)
41: 95 97 (21.0)
42: 80 89 92 93 (29.0)
43: 87 94 98 (32.0)
