Name: 100-50-100
Time: 8.28066873550415 
Result: 52
Solution:  0 0 3 0 4 5 8 2 4 1 9 4 10 3 8 8 2 11 15 12 5 13 6 11 13 10 9 7 18 10 6 16 17 7 12 18 17 14 16 17 19 28 19 24 22 23 21 26 33 24 18 25 26 20 21 29 22 27 28 30 32 28 22 33 31 28 35 29 29 31 33 33 34 35 37 31 36 38 36 30 37 34 40 39 39 32 35 37 38 36 39 40 40 41 42 41 38 42 39 41
0: 0 1 3 (61.0)
1: 9 (53.0)
2: 7 16 (59.0)
3: 2 13 (92.0)
4: 4 8 11 (63.0)
5: 5 20 (52.0)
6: 22 30 (58.0)
7: 27 33 (79.0)
8: 6 14 15 (74.0)
9: 10 26 (55.0)
10: 12 25 29 (89.0)
11: 17 23 (86.0)
12: 19 34 (64.0)
13: 21 24 (62.0)
14: 37 (54.0)
15: 18 (54.0)
16: 31 38 (80.0)
17: 32 36 39 (62.0)
18: 28 35 50 (55.0)
19: 40 42 (71.0)
20: 53 (57.0)
21: 46 54 (60.0)
22: 44 56 62 (60.0)
23: 45 (60.0)
24: 43 49 (93.0)
25: 51 (60.0)
26: 47 52 (73.0)
27: 57 (57.0)
28: 41 58 61 65 (97.0)
29: 55 67 68 (92.0)
30: 59 79 (64.0)
31: 64 69 75 (93.0)
32: 60 85 (76.0)
33: 48 63 70 71 (99.0)
34: 72 81 (78.0)
35: 66 73 86 (99.0)
36: 76 78 89 (98.0)
37: 74 80 87 (100.0)
38: 77 88 96 (100.0)
39: 83 84 90 98 (87.0)
40: 82 91 92 (101.0)
41: 93 95 99 (104.0)
42: 94 97 (94.0)
