Name: 1000-50-100
Time: 38.25204133987427 
Result: 418113
Solution:  5 3 1 4 6 2 2 2 4 3 5 7 1 9 12 10 12 8 9 10 8 17 11 13 11 19 15 6 18 17 20 7 14 15 19 22 14 16 19 13 27 16 25 18 13 23 20 24 28 24 29 24 22 31 27 26 30 25 26 30 31 29 27 27 31 32 33 28 37 34 35 37 33 38 40 35 38 40 39 35 32 37 48 39 42 43 38 43 37 40 49 46 45 47 44 48 46 48 42 45 56 51 53 50 44 53 47 54 54 55 51 53 49 50 58 61 61 65 54 57 58 64 59 53 58 70 64 60 59 65 71 60 66 67 69 66 68 69 68 72 69 70 71 69 72 73 75 72 73 72 67 81 82 74 76 83 87 79 76 81 79 83 74 78 82 80 77 81 79 86 85 81 88 87 82 86 91 87 85 92 89 94 84 92 90 89 89 93 92 95 94 88 89 96 89 100 93 100 104 101 96 99 99 93 105 102 104 108 104 103 109 105 107 102 104 112 111 113 104 103 106 117 110 115 113 111 114 115 110 118 112 114 117 109 125 118 118 111 123 120 122 121 120 123 130 121 126 122 126 130 122 119 129 129 127 126 128 124 124 126 129 123 138 139 127 125 133 134 134 131 136 135 132 136 141 136 143 136 131 138 133 139 148 139 147 140 140 144 147 149 144 146 145 150 153 142 155 145 150 147 151 146 156 152 152 154 152 157 148 155 161 151 153 156 163 158 154 158 157 153 159 162 165 160 162 168 163 167 164 163 161 159 165 169 172 165 168 166 175 170 173 174 171 175 170 179 172 176 175 178 169 174 179 177 168 173 178 180 182 182 178 177 183 183 187 184 183 181 180 187 186 186 188 194 185 193 189 191 193 181 191 189 192 190 195 189 192 190 196 187 188 193 200 192 200 195 196 198 198 202 197 199 199 203 206 205 204 202 210 204 208 212 203 206 205 212 208 201 207 203 214 214 216 204 211 211 213 213 206 215 210 216 212 209 217 221 219 224 215 225 217 222 217 226 220 218 222 227 230 224 223 230 229 223 225 224 232 229 230 220 229 228 231 234 233 231 235 238 234 240 233 237 229 235 237 241 232 235 238 237 246 239 239 242 247 243 247 236 240 244 246 245 248 244 239 250 243 245 255 248 257 242 253 253 250 256 253 251 254 256 261 260 257 258 258 259 256 249 255 252 263 265 269 256 266 267 261 262 264 269 265 261 264 259 260 266 267 273 268 273 270 265 271 271 274 280 268 275 275 272 276 272 274 278 277 277 283 278 282 284 285 284 279 276 279 282 281 280 287 288 288 290 284 286 281 288 292 287 293 291 286 289 289 282 296 293 297 293 298 297 290 299 294 292 295 303 301 303 297 307 299 302 301 303 305 299 304 304 309 300 308 300 305 309 308 302 306 316 315 315 313 310 314 311 320 306 310 318 318 317 319 316 315 313 319 314 311 317 321 314 312 315 319 318 311 317 320 319 322 325 321 322 328 321 323 325 323 332 324 323 318 324 325 319 323 327 325 331 323 326 321 326 334 327 328 330 334 324 327 331 330 332 331 333 329 333 335 334 341 328 338 338 336 332 335 329 339 337 335 335 334 330 337 340 342 339 336 342 342 341 341 338 336 351 340 345 348 344 349 343 345 346 352 347 345 343 343 339 344 348 342 350 349 344 351 353 346 347 343 354 346 352 350 353 348 352 359 350 352 358 353 351 349 356 362 354 355 357 359 361 358 350 356 360 360 357 355 353 360 361 359 364 358 362 363 363 365 369 364 366 368 362 356 359 366 361 370 370 367 369 370 372 367 373 363 365 372 373 371 377 368 379 381 368 371 374 373 375 374 379 374 379 383 372 377 374 377 379 380 375 379 383 380 378 376 382 381 378 378 382 381 376 383 385 381 375 383 384 384 386 382 386 384 386 387 390 388 389 387 391 390 380 387 384 383 396 385 385 392 392 391 399 389 392 393 394 393 389 393 399 388 403 395 388 398 395 400 397 397 391 390 396 401 402 394 396 395 400 399 404 394 402 397 400 394 398 407 403 404 406 409 406 408 405 411 404 401 407 414 409 413 405 412 405 413 413 410 409 406 407 408 403 411 410 411 416 409 412 407 412 418 414 408 415 414 416 412 422 420 424 413 418 417 420 420 417 419 421 415 418 421 419 425 417 419 428 427 421 426 420 426 423 422 429 431 429 433 426 432 425 424 427 423 428 428 423 436 430 424 427 430 427 430 432 435 434 434 434 433 429 430 435 437 436 437 436 435 431 437 432
0: (0.0)
1: 2 12 (42.0)
2: 5 6 7 (77.0)
3: 1 9 (72.0)
4: 3 8 (33.0)
5: 0 10 (53.0)
6: 4 27 (57.0)
7: 11 31 (38.0)
8: 17 20 (69.0)
9: 13 18 (53.0)
10: 15 19 (57.0)
11: 22 24 (83.0)
12: 14 16 (23.0)
13: 23 39 44 (59.0)
14: 32 36 (56.0)
15: 26 33 (35.0)
16: 37 41 (51.0)
17: 21 29 (50.0)
18: 28 43 (43.0)
19: 25 34 38 (44.0)
20: 30 46 (76.0)
21: (0.0)
22: 35 52 (64.0)
23: 45 (43.0)
24: 47 49 51 (47.0)
25: 42 57 (67.0)
26: 55 58 (58.0)
27: 40 54 62 63 (96.0)
28: 48 67 (60.0)
29: 50 61 (74.0)
30: 56 59 (65.0)
31: 53 60 64 (64.0)
32: 65 80 (59.0)
33: 66 72 (54.0)
34: 69 (50.0)
35: 70 75 79 (82.0)
36: (0.0)
37: 68 71 81 88 (102.0)
38: 73 76 86 (93.0)
39: 78 83 (76.0)
40: 74 77 89 (63.0)
41: (0.0)
42: 84 98 (37.0)
43: 85 87 (52.0)
44: 94 104 (75.0)
45: 92 99 (73.0)
46: 91 96 (86.0)
47: 93 106 (56.0)
48: 82 95 97 (49.0)
49: 90 112 (57.0)
50: 103 113 (54.0)
51: 101 110 (66.0)
52: (0.0)
53: 102 105 111 123 (57.0)
54: 107 108 118 (82.0)
55: 109 (37.0)
56: 100 (37.0)
57: 119 (26.0)
58: 114 120 124 (58.0)
59: 122 128 (62.0)
60: 127 131 (69.0)
61: 115 116 (55.0)
62: (0.0)
63: (0.0)
64: 121 126 (61.0)
65: 117 129 (71.0)
66: 132 135 (88.0)
67: 133 150 (65.0)
68: 136 138 (86.0)
69: 134 137 140 143 (55.0)
70: 125 141 (94.0)
71: 130 142 (68.0)
72: 139 144 147 149 (53.0)
73: 145 148 (93.0)
74: 153 162 (24.0)
75: 146 (52.0)
76: 154 158 (96.0)
77: 166 (53.0)
78: 163 (54.0)
79: 157 160 168 (57.0)
80: 165 (56.0)
81: 151 159 167 171 (50.0)
82: 152 164 174 (64.0)
83: 155 161 (55.0)
84: 182 (50.0)
85: 170 178 (67.0)
86: 169 175 (87.0)
87: 156 173 177 (81.0)
88: 172 191 (50.0)
89: 180 185 186 192 194 (59.0)
90: 184 (51.0)
91: 176 (36.0)
92: 179 183 188 (54.0)
93: 187 196 203 (98.0)
94: 181 190 (87.0)
95: 189 (52.0)
96: 193 200 (71.0)
97: (0.0)
98: (0.0)
99: 201 202 (88.0)
100: 195 197 (86.0)
101: 199 (54.0)
102: 205 213 (49.0)
103: 209 219 (70.0)
104: 198 206 208 214 218 (88.0)
105: 204 211 (62.0)
106: 220 (26.0)
107: 212 (41.0)
108: 207 (49.0)
109: 210 233 (51.0)
110: 222 228 (88.0)
111: 216 225 237 (80.0)
112: 215 230 (82.0)
113: 217 224 (79.0)
114: 226 231 (66.0)
115: 223 227 (53.0)
116: (0.0)
117: 221 232 (85.0)
118: 229 235 236 (72.0)
119: 251 (55.0)
120: 239 242 (79.0)
121: 241 245 (89.0)
122: 240 247 250 (66.0)
123: 238 243 261 (94.0)
124: 257 258 (58.0)
125: 234 265 (60.0)
126: 246 248 255 259 (77.0)
127: 254 264 (86.0)
128: 256 (57.0)
129: 252 253 260 (84.0)
130: 244 249 (66.0)
131: 269 278 (66.0)
132: 272 (58.0)
133: 266 280 (63.0)
134: 267 268 (78.0)
135: 271 (52.0)
136: 270 273 275 277 (46.0)
137: (0.0)
138: 262 279 (75.0)
139: 263 281 283 (65.0)
140: 285 286 (97.0)
141: 274 (55.0)
142: 295 (53.0)
143: 276 (51.0)
144: 287 290 (64.0)
145: 292 297 (56.0)
146: 291 301 (50.0)
147: 284 288 299 (47.0)
148: 282 308 (84.0)
149: 289 (58.0)
150: 293 298 (85.0)
151: 300 311 (98.0)
152: 303 304 306 (67.0)
153: 294 312 319 (53.0)
154: 305 316 (87.0)
155: 296 309 (67.0)
156: 302 313 (91.0)
157: 307 318 (97.0)
158: 315 317 (74.0)
159: 320 331 (56.0)
160: 323 (55.0)
161: 310 330 (50.0)
162: 321 324 (75.0)
163: 314 326 329 (38.0)
164: 328 (62.0)
165: 322 332 335 (54.0)
166: 337 (58.0)
167: 327 (56.0)
168: 325 336 354 (57.0)
169: 333 350 (73.0)
170: 339 344 (68.0)
171: 342 (56.0)
172: 334 346 (64.0)
173: 340 355 (82.0)
174: 341 351 (91.0)
175: 338 343 348 (89.0)
176: 347 (61.0)
177: 353 361 (86.0)
178: 349 356 360 (84.0)
179: 345 352 (69.0)
180: 357 368 (86.0)
181: 367 379 (70.0)
182: 358 359 (71.0)
183: 362 363 366 (86.0)
184: 365 (58.0)
185: 374 (53.0)
186: 370 371 (72.0)
187: 364 369 389 (71.0)
188: 372 390 (66.0)
189: 376 381 385 (71.0)
190: 383 387 (96.0)
191: 377 380 (83.0)
192: 382 386 393 (73.0)
193: 375 378 391 (98.0)
194: 373 (59.0)
195: 384 395 (91.0)
196: 388 396 (75.0)
197: 400 (56.0)
198: 397 398 (83.0)
199: 401 402 (74.0)
200: 392 394 (93.0)
201: 417 (55.0)
202: 399 407 (56.0)
203: 403 412 419 (87.0)
204: 406 409 423 (110.0)
205: 405 414 (86.0)
206: 404 413 428 (99.0)
207: 418 (56.0)
208: 410 416 (69.0)
209: 433 (53.0)
210: 408 430 (86.0)
211: 424 425 (74.0)
212: 411 415 432 (71.0)
213: 426 427 (74.0)
214: 420 421 (74.0)
215: 429 438 (66.0)
216: 422 431 (76.0)
217: 434 440 442 (63.0)
218: 445 (50.0)
219: 436 (59.0)
220: 444 459 (89.0)
221: 435 (55.0)
222: 441 446 (76.0)
223: 450 453 (98.0)
224: 437 449 455 (100.0)
225: 439 454 (74.0)
226: 443 (53.0)
227: 447 (53.0)
228: 461 (63.0)
229: 452 457 460 472 (95.0)
230: 448 451 458 (95.0)
231: 462 465 (87.0)
232: 456 476 (92.0)
233: 464 470 (97.0)
234: 463 468 (54.0)
235: 466 473 477 (83.0)
236: 487 (52.0)
237: 471 474 479 (86.0)
238: 467 478 (81.0)
239: 481 482 494 (84.0)
240: 469 488 (72.0)
241: 475 (62.0)
242: 483 501 (70.0)
243: 485 496 (93.0)
244: 489 493 (72.0)
245: 491 497 (73.0)
246: 480 490 (72.0)
247: 484 486 (56.0)
248: 492 499 (84.0)
249: 517 (57.0)
250: 495 504 (98.0)
251: 507 (60.0)
252: 519 (52.0)
253: 502 503 506 (98.0)
254: 508 (70.0)
255: 498 518 (84.0)
256: 505 509 516 523 (99.0)
257: 500 512 (80.0)
258: 513 514 (96.0)
259: 515 533 (93.0)
260: 511 534 (95.0)
261: 510 526 531 (84.0)
262: 527 (72.0)
263: 520 (63.0)
264: 528 532 (70.0)
265: 521 530 541 (83.0)
266: 524 535 (68.0)
267: 525 536 (84.0)
268: 538 546 (79.0)
269: 522 529 (95.0)
270: 540 (51.0)
271: 542 543 (81.0)
272: 549 551 (79.0)
273: 537 539 (83.0)
274: 544 552 (82.0)
275: 547 548 (86.0)
276: 550 563 (91.0)
277: 554 555 (82.0)
278: 553 557 (72.0)
279: 562 564 (100.0)
280: 545 567 (89.0)
281: 566 574 (79.0)
282: 558 565 583 (91.0)
283: 556 (62.0)
284: 559 561 572 (98.0)
285: 560 (66.0)
286: 573 580 (85.0)
287: 568 577 (78.0)
288: 569 570 575 (95.0)
289: 581 582 (91.0)
290: 571 590 (82.0)
291: 579 (50.0)
292: 576 593 (82.0)
293: 578 585 587 (78.0)
294: 592 (57.0)
295: 594 (65.0)
296: 584 (52.0)
297: 586 589 598 (98.0)
298: 588 (72.0)
299: 591 600 605 (94.0)
300: 609 611 (91.0)
301: 596 602 (89.0)
302: 601 615 (98.0)
303: 595 597 603 (99.0)
304: 606 607 (85.0)
305: 604 612 (93.0)
306: 616 625 (96.0)
307: 599 (69.0)
308: 610 614 (98.0)
309: 608 613 (89.0)
310: 621 626 (92.0)
311: 623 636 644 (87.0)
312: 640 (66.0)
313: 620 633 (88.0)
314: 622 635 639 (95.0)
315: 618 619 632 641 (99.0)
316: 617 631 (100.0)
317: 629 637 645 (100.0)
318: 627 628 643 660 (97.0)
319: 630 634 642 647 663 (99.0)
320: 624 646 (100.0)
321: 638 650 653 670 (112.0)
322: 648 651 (62.0)
323: 654 656 659 664 668 (83.0)
324: 658 661 677 (98.0)
325: 649 655 662 666 (98.0)
326: 669 671 (82.0)
327: 665 673 678 (91.0)
328: 652 674 689 (74.0)
329: 684 695 (96.0)
330: 675 680 701 (98.0)
331: 667 679 682 (96.0)
332: 657 681 693 (98.0)
333: 683 685 (87.0)
334: 672 676 687 700 (97.0)
335: 686 694 698 699 (102.0)
336: 692 706 712 (97.0)
337: 697 702 (95.0)
338: 690 691 711 (98.0)
339: 696 705 727 (100.0)
340: 703 714 (105.0)
341: 688 709 710 (97.0)
342: 704 707 708 730 (102.0)
343: 719 725 726 738 (87.0)
344: 717 728 733 (98.0)
345: 715 720 724 (100.0)
346: 721 736 740 (91.0)
347: 723 737 (85.0)
348: 716 729 744 (100.0)
349: 718 732 752 (75.0)
350: 731 742 747 761 (96.0)
351: 713 734 751 (95.0)
352: 722 741 745 748 (90.0)
353: 735 743 750 767 (94.0)
354: 739 755 (72.0)
355: 756 766 (69.0)
356: 753 762 782 (62.0)
357: 757 765 (86.0)
358: 749 760 772 (61.0)
359: 746 758 770 783 (95.0)
360: 763 764 768 (88.0)
361: 759 769 785 (77.0)
362: 754 773 781 (88.0)
363: 774 775 794 (94.0)
364: 771 778 (77.0)
365: 776 795 (93.0)
366: 779 784 (65.0)
367: 788 792 (74.0)
368: 780 800 803 (90.0)
369: 777 789 (88.0)
370: 786 787 790 (98.0)
371: 798 804 (92.0)
372: 791 796 813 (93.0)
373: 793 797 806 (102.0)
374: 805 808 810 815 (101.0)
375: 807 819 835 (96.0)
376: 824 831 (96.0)
377: 799 814 816 (99.0)
378: 823 827 828 (115.0)
379: 801 809 811 817 820 (113.0)
380: 818 822 851 (98.0)
381: 802 826 830 834 (99.0)
382: 825 829 840 (106.0)
383: 812 821 832 836 854 (99.0)
384: 837 838 842 853 (110.0)
385: 833 856 857 (100.0)
386: 839 841 843 (103.0)
387: 844 848 852 (113.0)
388: 846 870 873 (98.0)
389: 847 862 867 (99.0)
390: 845 850 880 (97.0)
391: 849 860 879 (95.0)
392: 858 859 863 (98.0)
393: 864 866 868 (91.0)
394: 865 884 890 894 (99.0)
395: 872 875 886 (92.0)
396: 855 881 885 (99.0)
397: 877 878 892 (136.0)
398: 874 895 (97.0)
399: 861 869 888 (100.0)
400: 876 887 893 (99.0)
401: 882 906 (94.0)
402: 883 891 (97.0)
403: 871 897 921 (103.0)
404: 889 898 905 (60.0)
405: 903 911 913 (98.0)
406: 899 901 918 (82.0)
407: 896 907 919 928 (100.0)
408: 902 920 932 (72.0)
409: 900 909 917 926 (100.0)
410: 916 923 (92.0)
411: 904 922 924 (100.0)
412: 912 927 929 936 (91.0)
413: 910 914 915 940 (100.0)
414: 908 931 934 (94.0)
415: 933 948 (96.0)
416: 925 935 (99.0)
417: 942 945 953 (97.0)
418: 930 941 949 (100.0)
419: 946 951 954 (99.0)
420: 938 943 944 959 (98.0)
421: 947 950 957 (102.0)
422: 937 962 (100.0)
423: 961 972 975 (100.0)
424: 939 970 978 (90.0)
425: 952 969 (100.0)
426: 958 960 967 (118.0)
427: 956 971 979 981 (103.0)
428: 955 973 974 (99.0)
429: 963 965 989 (100.0)
430: 977 980 982 990 (95.0)
431: 964 997 (100.0)
432: 968 983 999 (95.0)
433: 966 988 (99.0)
434: 985 986 987 (100.0)
435: 984 991 996 (100.0)
436: 976 993 995 (96.0)
437: 992 994 998 (94.0)
