Name: 100-20-30
Time: 8.57507872581482 
Result: 18
Solution:  0 5 1 10 3 1 4 4 2 0 5 6 12 6 13 2 8 4 5 7 8 11 3 14 11 13 15 12 7 14 11 9 10 15 17 12 19 24 19 22 20 18 24 22 20 18 21 21 17 29 26 25 25 27 30 28 30 26 35 27 29 32 36 28 30 32 33 39 37 35 37 32 41 32 32 31 42 38 30 34 41 31 38 39 36 39 39 36 33 40 37 37 36 42 40 43 34 43 43 38
0: 0 9 (25.0)
1: 2 5 (27.0)
2: 8 15 (27.0)
3: 4 22 (26.0)
4: 6 7 17 (25.0)
5: 1 10 18 (21.0)
6: 11 13 (31.0)
7: 19 28 (26.0)
8: 16 20 (31.0)
9: 31 (21.0)
10: 3 32 (20.0)
11: 21 24 30 (20.0)
12: 12 27 35 (26.0)
13: 14 25 (23.0)
14: 23 29 (20.0)
15: 26 33 (23.0)
16: (0.0)
17: 34 48 (32.0)
18: 41 45 (26.0)
19: 36 38 (31.0)
20: 40 44 (25.0)
21: 46 47 (26.0)
22: 39 43 (29.0)
23: (0.0)
24: 37 42 (15.0)
25: 51 52 (30.0)
26: 50 57 (27.0)
27: 53 59 (28.0)
28: 55 63 (31.0)
29: 49 60 (29.0)
30: 54 56 64 78 (28.0)
31: 75 81 (27.0)
32: 61 65 71 73 74 (30.0)
33: 66 88 (30.0)
34: 79 96 (33.0)
35: 58 69 (30.0)
36: 62 84 87 92 (29.0)
37: 68 70 90 91 (33.0)
38: 77 82 99 (27.0)
39: 67 83 85 86 (27.0)
40: 89 94 (20.0)
41: 72 80 (22.0)
42: 76 93 (32.0)
43: 95 97 98 (28.0)
