Name: 1000-60-125
Time: 63.24070453643799 
Result: 123
Solution:  0 0 1 3 3 2 9 7 11 1 5 2 5 7 11 13 1 9 12 9 10 10 15 9 14 13 14 18 19 23 16 17 11 14 12 17 17 15 18 24 20 20 28 24 30 22 16 19 23 24 26 26 22 25 25 32 23 25 31 27 27 30 27 33 29 26 32 29 31 26 34 30 29 28 32 25 31 26 34 37 37 35 36 32 35 36 28 38 37 38 33 39 45 42 41 36 40 46 44 47 41 38 40 45 39 38 46 49 42 46 42 48 38 46 41 46 44 45 44 42 48 45 49 52 56 49 55 52 48 49 51 42 47 53 53 49 51 49 57 55 49 50 61 57 54 59 57 59 58 57 50 60 57 57 58 63 62 60 61 64 56 57 58 54 61 63 61 64 64 69 62 69 65 67 66 59 69 68 67 64 70 65 62 60 63 70 70 76 67 72 80 72 73 74 66 78 68 72 77 76 73 75 74 73 77 76 78 77 85 73 81 78 78 79 80 75 86 76 82 79 80 81 80 81 80 85 83 82 87 78 87 86 88 85 87 81 90 87 84 84 92 82 82 88 91 85 89 96 89 83 98 87 96 93 95 92 90 96 92 94 96 98 94 95 92 97 100 94 89 95 95 101 102 93 100 100 105 101 99 99 97 100 103 101 100 104 102 110 103 106 106 102 109 104 100 109 104 102 115 113 114 108 107 107 111 110 107 111 113 107 114 108 103 110 115 120 112 117 107 110 114 113 110 112 111 118 109 118 116 116 120 122 116 117 121 118 118 119 126 119 119 124 125 121 120 120 123 122 125 127 127 122 126 122 124 126 132 126 127 129 124 127 127 136 134 128 132 132 130 129 131 132 135 138 130 131 129 127 128 131 130 134 136 136 134 137 138 128 133 136 131 140 139 139 142 138 137 145 145 139 139 137 144 142 140 135 138 137 146 145 139 144 144 148 144 148 145 143 146 152 141 148 148 149 149 154 150 150 144 147 158 155 151 152 151 156 153 146 152 158 157 159 155 156 157 158 152 160 155 152 156 164 156 153 153 161 164 157 154 153 155 161 154 162 164 161 165 167 163 162 163 166 171 164 161 166 164 163 171 167 165 168 175 168 166 174 171 174 170 168 163 172 172 171 173 173 174 174 169 175 176 173 175 167 178 174 168 182 176 175 176 179 181 178 174 181 177 180 185 181 186 181 183 189 181 179 183 182 182 189 181 190 185 184 184 190 186 184 187 183 179 191 192 193 192 193 188 195 185 191 182 197 188 198 194 194 186 201 193 197 203 194 196 198 197 202 196 190 199 192 199 205 197 203 199 195 195 205 201 196 206 200 201 208 200 203 200 199 203 200 202 207 204 208 207 211 206 198 210 205 209 208 201 205 212 209 211 210 210 213 215 210 216 207 211 208 220 217 210 206 219 214 212 210 213 217 221 219 216 214 216 218 223 222 221 213 215 220 222 226 223 222 217 220 222 217 230 225 223 224 226 227 231 233 225 226 225 219 221 224 225 225 228 229 227 227 230 233 235 227 232 231 229 233 231 224 234 238 233 240 234 232 235 234 228 239 228 235 232 234 243 240 237 237 244 239 239 241 232 244 236 236 236 240 242 243 244 248 241 250 235 245 238 247 246 254 245 246 238 242 255 242 248 250 245 252 241 247 251 252 242 253 252 250 255 246 249 257 248 247 256 263 255 256 253 260 249 256 257 259 256 260 262 257 256 254 251 263 252 264 258 261 258 259 262 254 257 262 262 260 258 264 264 264 267 272 271 267 269 261 269 268 268 266 268 263 265 272 271 274 267 266 273 280 272 265 270 265 275 275 274 276 279 281 271 273 281 285 270 280 277 277 279 274 284 276 277 282 281 277 278 285 276 283 281 284 276 290 283 280 281 283 284 282 286 279 285 281 287 286 289 290 287 287 291 285 289 294 288 296 291 288 293 289 285 288 292 287 294 298 294 292 295 293 296 299 293 295 295 299 300 292 297 293 303 308 304 301 296 303 298 297 297 298 309 302 309 305 299 301 306 308 307 305 300 308 303 310 311 309 303 314 308 302 316 307 308 306 309 302 313 305 304 320 310 317 307 313 316 312 316 313 319 312 315 313 320 322 311 318 318 317 317 316 323 319 314 317 320 323 319 318 321 315 325 321 315 320 322 324 326 325 324 325 322 326 328 327 328 327 321 329 324 329 334 324 328 330 329 330 335 330 332 331 331 331 338 335 332 333 336 334 326 333 339 336 335 337 333 335 336 338 339 332 339 340 334 340 337 333
0: 0 1 (60.0)
1: 2 9 16 (115.0)
2: 5 11 (87.0)
3: 3 4 (67.0)
4: (0.0)
5: 10 12 (27.0)
6: (0.0)
7: 7 13 (83.0)
8: (0.0)
9: 6 17 19 23 (60.0)
10: 20 21 (63.0)
11: 8 14 32 (125.0)
12: 18 34 (85.0)
13: 15 25 (58.0)
14: 24 26 33 (49.0)
15: 22 37 (77.0)
16: 30 46 (38.0)
17: 31 35 36 (102.0)
18: 27 38 (68.0)
19: 28 47 (68.0)
20: 40 41 (64.0)
21: (0.0)
22: 45 52 (47.0)
23: 29 48 56 (70.0)
24: 39 43 49 (86.0)
25: 53 54 57 75 (61.0)
26: 50 51 65 69 77 (64.0)
27: 59 60 62 (53.0)
28: 42 73 86 (91.0)
29: 64 67 72 (82.0)
30: 44 61 71 (82.0)
31: 58 68 76 (67.0)
32: 55 66 74 83 (66.0)
33: 63 90 (61.0)
34: 70 78 (75.0)
35: 81 84 (68.0)
36: 82 85 95 (72.0)
37: 79 80 88 (62.0)
38: 87 89 101 105 112 (69.0)
39: 91 104 (71.0)
40: 96 102 (97.0)
41: 94 100 114 (70.0)
42: 93 108 110 119 131 (78.0)
43: (0.0)
44: 98 116 118 (96.0)
45: 92 103 117 121 (64.0)
46: 97 106 109 113 115 (62.0)
47: 99 132 (62.0)
48: 111 120 128 (63.0)
49: 107 122 125 129 135 137 140 (85.0)
50: 141 150 (80.0)
51: 130 136 (94.0)
52: 123 127 (70.0)
53: 133 134 (57.0)
54: 144 163 (74.0)
55: 126 139 (66.0)
56: 124 160 (72.0)
57: 138 143 146 149 152 153 161 (57.0)
58: 148 154 162 (69.0)
59: 145 147 175 (91.0)
60: 151 157 183 (108.0)
61: 142 158 164 166 (66.0)
62: 156 170 182 (72.0)
63: 155 165 184 (95.0)
64: 159 167 168 179 (63.0)
65: 172 181 (31.0)
66: 174 194 (69.0)
67: 173 178 188 (95.0)
68: 177 196 (79.0)
69: 169 171 176 (79.0)
70: 180 185 186 (59.0)
71: (0.0)
72: 189 191 197 (81.0)
73: 192 200 203 209 (60.0)
74: 193 202 (62.0)
75: 201 215 (95.0)
76: 187 199 205 217 (72.0)
77: 198 204 207 (95.0)
78: 195 206 211 212 229 (74.0)
79: 213 219 (81.0)
80: 190 214 220 222 224 (87.0)
81: 210 221 223 235 (72.0)
82: 218 227 241 242 (65.0)
83: 226 249 (74.0)
84: 238 239 (74.0)
85: 208 225 233 245 (85.0)
86: 216 231 (77.0)
87: 228 230 234 237 251 (70.0)
88: 232 243 (96.0)
89: 246 248 268 (65.0)
90: 236 256 (83.0)
91: 244 (63.0)
92: 240 255 258 264 (110.0)
93: 253 273 (84.0)
94: 259 262 267 (81.0)
95: 254 263 269 270 (80.0)
96: 247 252 257 260 (75.0)
97: 265 280 (80.0)
98: 250 261 (69.0)
99: 278 279 (62.0)
100: 266 274 275 281 284 294 (61.0)
101: 271 277 283 (62.0)
102: 272 286 291 297 (61.0)
103: 282 288 312 (66.0)
104: 285 293 296 (70.0)
105: 276 (61.0)
106: 289 290 (71.0)
107: 302 303 306 309 318 (107.0)
108: 301 311 (60.0)
109: 292 295 326 (109.0)
110: 287 305 313 319 322 (122.0)
111: 304 307 324 (100.0)
112: 316 323 (94.0)
113: 299 308 321 (77.0)
114: 300 310 320 (74.0)
115: 298 314 (72.0)
116: 328 329 332 (65.0)
117: 317 333 (81.0)
118: 325 327 335 336 (105.0)
119: 337 339 340 (86.0)
120: 315 330 344 345 (117.0)
121: 334 343 (76.0)
122: 331 347 351 353 (100.0)
123: 346 (62.0)
124: 341 354 360 (90.0)
125: 342 348 (75.0)
126: 338 352 355 357 (115.0)
127: 349 350 358 361 362 377 (103.0)
128: 365 378 387 (81.0)
129: 359 369 376 (96.0)
130: 368 374 380 (83.0)
131: 370 375 379 390 (94.0)
132: 356 366 367 371 (88.0)
133: 388 (65.0)
134: 364 381 384 (111.0)
135: 372 405 (60.0)
136: 363 382 383 389 (94.0)
137: 385 396 401 407 (82.0)
138: 373 386 395 406 (100.0)
139: 392 393 399 400 410 (118.0)
140: 391 404 (69.0)
141: 420 (60.0)
142: 394 403 (107.0)
143: 417 (64.0)
144: 402 411 412 414 428 (116.0)
145: 397 398 409 416 (121.0)
146: 408 418 437 (119.0)
147: 429 (60.0)
148: 413 415 421 422 (104.0)
149: 423 424 (65.0)
150: 426 427 (81.0)
151: 432 434 (71.0)
152: 419 433 438 446 449 (92.0)
153: 436 453 454 459 (114.0)
154: 425 458 462 (83.0)
155: 431 442 448 460 (99.0)
156: 435 443 450 452 (113.0)
157: 440 444 457 (96.0)
158: 430 439 445 (72.0)
159: 441 (63.0)
160: 447 (63.0)
161: 455 461 465 474 (117.0)
162: 463 469 (103.0)
163: 468 470 477 490 (124.0)
164: 451 456 464 473 476 (124.0)
165: 466 480 (86.0)
166: 471 475 484 (75.0)
167: 467 479 503 (98.0)
168: 481 483 489 506 (101.0)
169: 498 (60.0)
170: 488 (64.0)
171: 472 478 486 493 (109.0)
172: 491 492 (70.0)
173: 494 495 501 (82.0)
174: 485 487 496 497 505 514 (115.0)
175: 482 499 502 509 (76.0)
176: 500 508 510 (87.0)
177: 516 (73.0)
178: 504 513 (93.0)
179: 511 525 540 (82.0)
180: 517 (66.0)
181: 512 515 519 521 524 530 (88.0)
182: 507 527 528 550 (99.0)
183: 522 526 539 (103.0)
184: 533 534 537 (74.0)
185: 518 532 548 (114.0)
186: 520 536 556 (94.0)
187: 538 (66.0)
188: 546 552 (76.0)
189: 523 529 (79.0)
190: 531 535 567 (116.0)
191: 541 549 (78.0)
192: 542 544 569 (103.0)
193: 543 545 558 (73.0)
194: 554 555 561 (103.0)
195: 547 575 576 (117.0)
196: 562 566 579 (99.0)
197: 551 559 564 572 (125.0)
198: 553 563 597 (102.0)
199: 568 570 574 587 (128.0)
200: 581 584 586 589 (121.0)
201: 557 578 582 602 (94.0)
202: 565 590 (78.0)
203: 560 573 585 588 (114.0)
204: 592 (84.0)
205: 571 577 599 603 (108.0)
206: 580 596 619 (82.0)
207: 591 594 613 (96.0)
208: 583 593 601 615 (110.0)
209: 600 605 (99.0)
210: 598 607 608 611 618 623 (111.0)
211: 595 606 614 (110.0)
212: 604 622 (91.0)
213: 609 624 635 (117.0)
214: 621 629 (97.0)
215: 610 636 (106.0)
216: 612 628 630 (106.0)
217: 617 625 642 645 (108.0)
218: 631 (66.0)
219: 620 627 657 (114.0)
220: 616 637 643 (138.0)
221: 626 634 658 (77.0)
222: 633 638 641 644 (93.0)
223: 632 640 648 (106.0)
224: 649 659 675 (96.0)
225: 647 654 656 660 661 (102.0)
226: 639 650 655 (113.0)
227: 651 664 665 669 (125.0)
228: 662 684 686 (122.0)
229: 663 672 (107.0)
230: 646 666 (105.0)
231: 652 671 674 (114.0)
232: 670 681 688 698 (98.0)
233: 653 667 673 678 (117.0)
234: 676 680 683 689 (118.0)
235: 668 682 687 710 (118.0)
236: 700 701 702 (106.0)
237: 692 693 (81.0)
238: 677 712 718 (124.0)
239: 685 695 696 (99.0)
240: 679 691 703 (115.0)
241: 697 708 726 (120.0)
242: 704 719 721 730 (110.0)
243: 690 705 (87.0)
244: 694 699 706 (115.0)
245: 711 716 724 (118.0)
246: 714 717 735 (115.0)
247: 713 727 739 (105.0)
248: 707 722 738 (135.0)
249: 736 746 (101.0)
250: 709 723 733 (116.0)
251: 728 756 (108.0)
252: 725 729 732 758 (108.0)
253: 731 744 (102.0)
254: 715 755 765 (110.0)
255: 720 734 742 (118.0)
256: 740 743 747 750 754 (120.0)
257: 737 748 753 766 (122.0)
258: 760 762 770 (78.0)
259: 749 763 (85.0)
260: 745 751 769 (113.0)
261: 761 779 (76.0)
262: 752 764 767 768 (123.0)
263: 741 757 785 (101.0)
264: 759 771 772 773 (104.0)
265: 786 795 797 (117.0)
266: 783 791 (75.0)
267: 774 777 790 (124.0)
268: 781 782 784 (114.0)
269: 778 780 (107.0)
270: 796 808 (120.0)
271: 776 788 804 (122.0)
272: 775 787 794 (123.0)
273: 792 805 (80.0)
274: 789 800 813 (106.0)
275: 798 799 (121.0)
276: 801 815 822 826 (124.0)
277: 810 811 816 819 (120.0)
278: 820 (65.0)
279: 802 812 835 (117.0)
280: 793 809 829 (124.0)
281: 803 806 818 824 830 837 (104.0)
282: 817 833 (120.0)
283: 823 828 831 (124.0)
284: 814 825 832 (121.0)
285: 807 821 836 845 854 (125.0)
286: 834 839 (88.0)
287: 838 842 843 857 (100.0)
288: 848 851 855 (119.0)
289: 840 846 853 (118.0)
290: 827 841 (118.0)
291: 844 850 (125.0)
292: 856 861 871 (125.0)
293: 852 863 866 873 (125.0)
294: 847 858 860 (125.0)
295: 862 867 868 (126.0)
296: 849 864 878 (122.0)
297: 872 881 882 (122.0)
298: 859 880 883 (125.0)
299: 865 869 888 (117.0)
300: 870 894 (124.0)
301: 877 889 (106.0)
302: 885 903 909 (91.0)
303: 874 879 896 900 (118.0)
304: 876 912 (124.0)
305: 887 893 911 (88.0)
306: 890 907 (118.0)
307: 892 905 916 (116.0)
308: 875 891 895 902 906 (120.0)
309: 884 886 899 908 (119.0)
310: 897 914 (110.0)
311: 898 928 (106.0)
312: 919 923 (123.0)
313: 910 917 921 925 (150.0)
314: 901 936 (114.0)
315: 924 943 946 (123.0)
316: 904 918 920 933 (131.0)
317: 915 931 932 937 (118.0)
318: 929 930 941 (125.0)
319: 922 935 940 (120.0)
320: 913 926 938 947 (123.0)
321: 942 945 960 (125.0)
322: 927 948 954 (124.0)
323: 934 939 (111.0)
324: 949 952 962 965 (114.0)
325: 944 951 953 (118.0)
326: 950 955 982 (123.0)
327: 957 959 (111.0)
328: 956 958 966 (117.0)
329: 961 963 968 (124.0)
330: 967 969 971 (125.0)
331: 973 974 975 (124.0)
332: 972 978 993 (129.0)
333: 979 983 988 999 (147.0)
334: 964 981 996 (126.0)
335: 970 977 986 989 (124.0)
336: 980 985 990 (123.0)
337: 987 998 (140.0)
338: 976 991 (108.0)
339: 984 992 994 (124.0)
340: 995 997 (123.0)
