Name: 100-30-50
Time: 7.112636566162109 
Result: 21
Solution:  1 0 5 0 6 4 3 0 4 3 1 0 10 2 5 10 2 8 7 9 10 8 6 7 8 11 10 15 15 12 10 14 16 10 11 7 14 17 8 11 9 7 19 12 16 16 16 18 19 21 17 13 18 20 20 23 16 18 20 21 13 19 24 28 27 23 22 27 26 21 25 22 28 29 23 26 34 30 30 32 29 26 35 24 26 25 31 33 33 35 32 35 34 32 34 33 30 31 29 35
0: 1 3 7 11 (35.0)
1: 0 10 (45.0)
2: 13 16 (39.0)
3: 6 9 (34.0)
4: 5 8 (31.0)
5: 2 14 (51.0)
6: 4 22 (36.0)
7: 18 23 35 41 (34.0)
8: 17 21 24 38 (35.0)
9: 19 40 (30.0)
10: 12 15 20 26 30 33 (30.0)
11: 25 34 39 (30.0)
12: 29 43 (38.0)
13: 51 60 (34.0)
14: 31 36 (47.0)
15: 27 28 (41.0)
16: 32 44 45 46 56 (46.0)
17: 37 50 (33.0)
18: 47 52 57 (33.0)
19: 42 48 61 (49.0)
20: 53 54 58 (48.0)
21: 49 59 69 (48.0)
22: 66 71 (39.0)
23: 55 65 74 (46.0)
24: 62 83 (46.0)
25: 70 85 (47.0)
26: 68 75 81 84 (46.0)
27: 64 67 (43.0)
28: 63 72 (40.0)
29: 73 80 98 (50.0)
30: 77 78 96 (50.0)
31: 86 97 (36.0)
32: 79 90 93 (39.0)
33: 87 88 95 (49.0)
34: 76 92 94 (48.0)
35: 82 89 91 99 (49.0)
