Name: 1000-30-50
Time: 37.08645486831665 
Result: 388059
Solution:  2 6 3 1 10 1 5 7 2 6 3 5 9 2 10 11 12 10 11 3 8 12 3 12 8 12 7 14 20 13 13 17 9 16 17 22 20 14 25 20 20 21 16 20 22 21 24 22 25 23 23 19 33 28 22 19 24 33 33 31 31 35 32 30 34 34 34 36 32 42 36 28 44 37 37 30 38 45 40 41 39 42 40 43 41 45 40 39 43 35 51 44 38 50 47 51 52 46 47 50 45 47 47 49 53 50 52 53 54 46 54 52 55 57 55 51 58 56 59 58 58 60 59 57 60 61 61 65 64 63 67 67 60 63 66 66 68 64 69 70 69 77 73 68 71 72 70 71 74 74 75 78 73 77 76 78 75 76 79 84 80 83 79 88 85 81 83 80 82 84 92 84 85 82 86 85 89 93 88 91 89 89 88 87 90 90 94 95 91 95 98 93 96 105 92 100 102 102 101 99 97 94 96 97 103 108 104 99 107 108 112 106 104 99 112 103 114 100 108 115 106 101 111 111 116 113 113 119 107 115 114 117 118 114 118 116 121 117 113 125 120 121 124 120 129 126 127 119 123 127 123 130 124 120 133 136 131 128 132 129 126 131 137 137 127 128 140 135 134 130 135 134 133 136 135 136 132 142 138 138 139 146 150 139 142 141 143 141 140 144 145 146 148 146 155 144 150 147 149 149 146 148 154 152 153 147 155 160 152 154 159 153 151 157 152 156 166 159 158 168 161 163 156 161 158 160 161 164 168 157 166 162 170 163 166 167 173 170 166 165 164 173 171 175 171 172 174 172 171 175 179 176 178 181 181 176 179 177 178 174 181 187 180 177 185 183 180 191 186 182 184 184 188 192 186 193 188 182 195 187 192 193 189 190 185 190 198 193 196 191 193 194 199 197 203 196 199 195 202 199 201 204 202 200 202 206 196 208 205 211 203 209 205 207 201 210 206 210 214 209 211 204 212 216 213 215 213 215 220 212 207 219 218 209 219 224 220 223 216 217 217 220 214 230 221 222 222 219 230 225 226 221 234 227 228 233 229 228 225 235 232 226 229 232 232 227 237 231 241 233 238 235 236 239 236 234 239 237 240 234 245 238 244 242 237 242 243 246 243 241 246 248 251 249 255 247 240 250 249 253 254 246 257 250 247 258 250 251 245 252 255 253 256 254 256 257 260 253 259 262 263 261 261 265 268 265 259 260 262 266 270 264 263 267 264 271 274 269 269 268 271 266 275 267 270 272 276 267 273 272 283 280 278 278 275 273 279 281 281 278 282 280 274 277 283 277 284 280 292 287 282 288 289 285 284 286 293 291 287 288 285 290 292 287 291 295 286 289 294 299 296 296 295 295 290 301 297 299 300 293 298 299 305 304 294 311 307 305 302 301 300 304 303 306 302 308 309 307 306 308 310 306 311 315 317 309 315 312 313 312 316 314 315 316 318 316 325 314 321 325 317 322 327 329 320 321 323 320 327 324 322 326 319 322 329 326 331 328 333 327 323 336 339 332 324 336 336 332 335 334 334 335 328 330 338 338 330 339 337 337 342 331 346 343 340 341 340 342 344 341 343 339 342 341 345 349 348 344 343 348 347 343 356 349 346 343 350 348 349 346 348 355 353 351 357 352 345 351 350 353 359 360 353 355 360 359 354 358 353 358 362 358 352 356 357 361 357 357 356 353 364 362 354 362 366 358 360 365 363 364 359 361 370 364 362 374 365 367 367 364 366 359 368 371 372 364 369 372 366 371 372 373 377 379 371 369 380 375 376 370 367 374 374 379 378 369 375 374 370 369 383 381 378 373 377 378 378 382 380 385 376 385 381 382 380 384 384 384 383 385 376 389 379 380 390 387 381 394 386 389 388 387 383 382 397 392 394 387 388 387 390 390 391 391 391 391 393 395 399 392 386 393 396 392 395 394 386 394 395 405 399 397 396 396 398 398 398 399 399 402 400 396 406 401 401 404 403 404 406 402 402 406 397 404 403 403 408 409 408 401 412 409 407 400 408 408 411 405 405 410 408 411 417 416 407 410 412 406 416 422 411 415 413 422 413 417 415 421 416 424 414 415 412 419 423 414 417 420 425 422 416 418 422 420 421 430 417 420 422 419 420 426 427 423 426 424 426 424 432 417 431 425 419 429 428 427 428 429 430 427 433 434 428 427 432 439 426 425 429 431 434 435 428 429 442 443 433 439 440 441 438 438 436 437 446 432 436 431 437 445 434 435 446 437 441 446 436 445 445 440 442 438 444 440 446 445 443 444 445 445
0: (0.0)
1: 3 5 (34.0)
2: 0 8 13 (22.0)
3: 2 10 19 22 (45.0)
4: (0.0)
5: 6 11 (30.0)
6: 1 9 (43.0)
7: 7 26 (32.0)
8: 20 24 (34.0)
9: 12 32 (39.0)
10: 4 14 17 (46.0)
11: 15 18 (44.0)
12: 16 21 23 25 (50.0)
13: 29 30 (38.0)
14: 27 37 (42.0)
15: (0.0)
16: 33 42 (36.0)
17: 31 34 (42.0)
18: (0.0)
19: 51 55 (34.0)
20: 28 36 39 40 43 (31.0)
21: 41 45 (49.0)
22: 35 44 47 54 (39.0)
23: 49 50 (40.0)
24: 46 56 (33.0)
25: 38 48 (31.0)
26: (0.0)
27: (0.0)
28: 53 71 (36.0)
29: (0.0)
30: 63 75 (22.0)
31: 59 60 (40.0)
32: 62 68 (35.0)
33: 52 57 58 (31.0)
34: 64 65 66 (43.0)
35: 61 89 (31.0)
36: 67 70 (33.0)
37: 73 74 (36.0)
38: 76 92 (37.0)
39: 80 87 (40.0)
40: 78 82 86 (23.0)
41: 79 84 (43.0)
42: 69 81 (29.0)
43: 83 88 (40.0)
44: 72 91 (39.0)
45: 77 85 100 (52.0)
46: 97 109 (41.0)
47: 94 98 101 102 (53.0)
48: (0.0)
49: 103 (26.0)
50: 93 99 105 (28.0)
51: 90 95 115 (28.0)
52: 96 106 111 (36.0)
53: 104 107 (50.0)
54: 108 110 (29.0)
55: 112 114 (54.0)
56: 117 (16.0)
57: 113 123 (25.0)
58: 116 119 120 (41.0)
59: 118 122 (38.0)
60: 121 124 132 (33.0)
61: 125 126 (30.0)
62: (0.0)
63: 129 133 (36.0)
64: 128 137 (44.0)
65: 127 (30.0)
66: 134 135 (33.0)
67: 130 131 (33.0)
68: 136 143 (24.0)
69: 138 140 (41.0)
70: 139 146 (14.0)
71: 144 147 (37.0)
72: 145 (24.0)
73: 142 152 (36.0)
74: 148 149 (33.0)
75: 150 156 (37.0)
76: 154 157 (21.0)
77: 141 153 (34.0)
78: 151 155 (41.0)
79: 158 162 (48.0)
80: 160 167 (33.0)
81: 165 (16.0)
82: 168 173 (51.0)
83: 161 166 (35.0)
84: 159 169 171 (29.0)
85: 164 172 175 (30.0)
86: 174 (32.0)
87: 183 (31.0)
88: 163 178 182 (31.0)
89: 176 180 181 (48.0)
90: 184 185 (34.0)
91: 179 188 (36.0)
92: 170 194 (41.0)
93: 177 191 (23.0)
94: 186 201 (34.0)
95: 187 189 (33.0)
96: 192 202 (40.0)
97: 200 203 (37.0)
98: 190 (31.0)
99: 199 207 213 (36.0)
100: 195 217 (42.0)
101: 198 221 (38.0)
102: 196 197 (34.0)
103: 204 215 (48.0)
104: 206 212 (45.0)
105: 193 (7.0)
106: 211 220 (38.0)
107: 208 228 (47.0)
108: 205 209 218 (35.0)
109: (0.0)
110: (0.0)
111: 222 223 (35.0)
112: 210 214 (28.0)
113: 225 226 238 (32.0)
114: 216 230 233 (36.0)
115: 219 229 (32.0)
116: 224 235 (44.0)
117: 231 237 (35.0)
118: 232 234 (40.0)
119: 227 247 (39.0)
120: 240 243 253 (35.0)
121: 236 241 (45.0)
122: (0.0)
123: 248 250 (37.0)
124: 242 252 (43.0)
125: 239 (32.0)
126: 245 260 (35.0)
127: 246 249 264 (39.0)
128: 257 265 (38.0)
129: 244 259 (34.0)
130: 251 269 (38.0)
131: 256 261 (32.0)
132: 258 276 (35.0)
133: 254 272 (48.0)
134: 268 271 (46.0)
135: 267 270 274 (50.0)
136: 255 273 275 (34.0)
137: 262 263 (35.0)
138: 278 279 (36.0)
139: 280 283 (38.0)
140: 266 288 (48.0)
141: 285 287 (49.0)
142: 277 284 (33.0)
143: 286 (10.0)
144: 289 295 (19.0)
145: 290 (30.0)
146: 281 291 293 300 (29.0)
147: 297 305 (31.0)
148: 292 301 (57.0)
149: 298 299 (36.0)
150: 282 296 (44.0)
151: 312 (30.0)
152: 303 308 314 (36.0)
153: 304 311 (43.0)
154: 302 309 (48.0)
155: 294 306 (44.0)
156: 315 322 (47.0)
157: 313 329 (26.0)
158: 318 324 (35.0)
159: 310 317 (40.0)
160: 307 325 (35.0)
161: 320 323 326 (34.0)
162: 331 (31.0)
163: 321 333 (47.0)
164: 327 340 (33.0)
165: 339 (30.0)
166: 316 330 334 338 (32.0)
167: 335 (30.0)
168: 319 328 (36.0)
169: (0.0)
170: 332 337 (39.0)
171: 342 344 348 (36.0)
172: 345 347 (43.0)
173: 336 341 (43.0)
174: 346 359 (35.0)
175: 343 349 (46.0)
176: 351 355 (39.0)
177: 357 363 (38.0)
178: 352 358 (52.0)
179: 350 356 (39.0)
180: 362 366 (39.0)
181: 353 354 360 (33.0)
182: 369 377 (33.0)
183: 365 (31.0)
184: 370 371 (38.0)
185: 364 384 (28.0)
186: 368 374 (58.0)
187: 361 379 (45.0)
188: 372 376 (35.0)
189: 382 (30.0)
190: 383 385 (24.0)
191: 367 389 (32.0)
192: 373 380 (42.0)
193: 375 381 387 390 (31.0)
194: 391 (32.0)
195: 378 397 (42.0)
196: 388 395 406 (46.0)
197: 393 (30.0)
198: 386 (34.0)
199: 392 396 399 (37.0)
200: 403 (32.0)
201: 400 414 (40.0)
202: 398 402 404 (48.0)
203: 394 410 (38.0)
204: 401 421 (37.0)
205: 408 412 (38.0)
206: 405 416 (47.0)
207: 413 430 (51.0)
208: 407 (33.0)
209: 411 419 433 (39.0)
210: 415 417 (30.0)
211: 409 420 (39.0)
212: 422 429 (46.0)
213: 424 426 (38.0)
214: 418 442 (42.0)
215: 425 427 (40.0)
216: 423 438 (35.0)
217: 439 440 (51.0)
218: 432 (32.0)
219: 431 434 447 (36.0)
220: 428 436 441 (30.0)
221: 444 451 (45.0)
222: 445 446 (43.0)
223: 437 (33.0)
224: 435 (30.0)
225: 449 458 (53.0)
226: 450 461 (48.0)
227: 453 465 (57.0)
228: 454 457 (37.0)
229: 456 462 (38.0)
230: 443 448 (37.0)
231: 467 (30.0)
232: 460 463 464 (42.0)
233: 455 469 (38.0)
234: 452 475 479 (38.0)
235: 459 471 (43.0)
236: 472 474 (51.0)
237: 466 477 484 (35.0)
238: 470 481 (35.0)
239: 473 476 (38.0)
240: 478 496 (56.0)
241: 468 489 (42.0)
242: 483 485 (42.0)
243: 486 488 (46.0)
244: 482 (30.0)
245: 480 508 (32.0)
246: 487 490 501 (32.0)
247: 495 504 (39.0)
248: 491 (31.0)
249: 493 498 (48.0)
250: 497 503 506 (30.0)
251: 492 507 (41.0)
252: 509 (26.0)
253: 499 511 517 (52.0)
254: 500 513 (41.0)
255: 494 510 (48.0)
256: 512 514 (49.0)
257: 502 515 (58.0)
258: 505 (23.0)
259: 518 526 (43.0)
260: 516 527 (39.0)
261: 521 522 (47.0)
262: 519 528 (40.0)
263: 520 532 (40.0)
264: 531 534 (37.0)
265: 523 525 (42.0)
266: 529 541 (42.0)
267: 533 543 547 (39.0)
268: 524 539 (43.0)
269: 537 538 (46.0)
270: 530 544 (45.0)
271: 535 540 (48.0)
272: 545 549 (30.0)
273: 548 555 (42.0)
274: 536 562 (45.0)
275: 542 554 (47.0)
276: 546 (31.0)
277: 563 565 (44.0)
278: 552 553 559 (49.0)
279: 556 (31.0)
280: 551 561 567 (48.0)
281: 557 558 (46.0)
282: 560 570 (53.0)
283: 550 564 (41.0)
284: 566 574 (33.0)
285: 573 580 (37.0)
286: 575 586 (44.0)
287: 569 578 583 (49.0)
288: 571 579 (49.0)
289: 572 587 (53.0)
290: 581 594 (47.0)
291: 577 584 (50.0)
292: 568 582 (46.0)
293: 576 599 (56.0)
294: 588 604 (50.0)
295: 585 592 593 (50.0)
296: 590 591 (43.0)
297: 596 (31.0)
298: 600 (38.0)
299: 589 597 601 (47.0)
300: 598 610 (39.0)
301: 595 609 (38.0)
302: 608 614 (38.0)
303: 612 (36.0)
304: 603 611 (38.0)
305: 602 607 (48.0)
306: 613 618 621 (32.0)
307: 606 617 (47.0)
308: 615 619 (55.0)
309: 616 625 (41.0)
310: 620 (35.0)
311: 605 622 (40.0)
312: 627 629 (39.0)
313: 628 (33.0)
314: 631 637 (56.0)
315: 623 626 632 (45.0)
316: 630 633 635 (46.0)
317: 624 640 (40.0)
318: 634 (32.0)
319: 652 (36.0)
320: 644 647 (43.0)
321: 638 645 (43.0)
322: 641 650 653 (50.0)
323: 646 660 (50.0)
324: 649 664 (54.0)
325: 636 639 (48.0)
326: 651 655 (47.0)
327: 642 648 659 (46.0)
328: 657 672 (52.0)
329: 643 654 (47.0)
330: 673 676 (47.0)
331: 656 681 (48.0)
332: 663 667 (52.0)
333: 658 (34.0)
334: 669 670 (48.0)
335: 668 671 (40.0)
336: 661 665 666 (39.0)
337: 678 679 (45.0)
338: 674 675 (44.0)
339: 662 677 691 (43.0)
340: 684 686 (42.0)
341: 685 689 693 (45.0)
342: 680 687 692 (40.0)
343: 683 690 698 701 705 (50.0)
344: 688 697 (50.0)
345: 694 716 (43.0)
346: 682 704 709 (36.0)
347: 700 (30.0)
348: 696 699 707 710 (46.0)
349: 695 703 708 (47.0)
350: 706 718 (40.0)
351: 713 717 (30.0)
352: 715 732 (46.0)
353: 712 719 722 728 739 (50.0)
354: 726 742 (42.0)
355: 711 723 (47.0)
356: 702 733 738 (50.0)
357: 714 734 736 737 (48.0)
358: 727 729 731 745 (47.0)
359: 720 725 750 761 (36.0)
360: 721 724 746 (63.0)
361: 735 751 (56.0)
362: 730 741 743 754 (49.0)
363: 748 (35.0)
364: 740 749 753 759 765 (36.0)
365: 747 756 (32.0)
366: 744 760 768 (37.0)
367: 757 758 780 (38.0)
368: 762 (31.0)
369: 766 775 785 789 (40.0)
370: 752 779 788 (32.0)
371: 763 769 774 (66.0)
372: 764 767 770 (36.0)
373: 771 793 (40.0)
374: 755 781 782 787 (43.0)
375: 777 786 (52.0)
376: 778 800 810 (49.0)
377: 772 794 (47.0)
378: 784 792 795 796 (50.0)
379: 773 783 812 (41.0)
380: 776 798 804 813 (50.0)
381: 791 802 816 (50.0)
382: 797 803 823 (49.0)
383: 790 808 822 (50.0)
384: 805 806 807 (47.0)
385: 799 801 809 (50.0)
386: 818 840 846 (55.0)
387: 815 821 827 829 (50.0)
388: 820 828 (50.0)
389: 811 819 (55.0)
390: 814 830 831 (50.0)
391: 832 833 834 835 (49.0)
392: 825 839 843 (50.0)
393: 836 841 (49.0)
394: 817 826 845 847 (49.0)
395: 837 844 848 (49.0)
396: 842 852 853 861 (57.0)
397: 824 851 872 (50.0)
398: 854 855 856 (55.0)
399: 838 850 857 858 (49.0)
400: 860 883 (50.0)
401: 863 864 879 (50.0)
402: 859 869 870 (50.0)
403: 866 874 875 (49.0)
404: 865 867 873 (49.0)
405: 849 887 888 (49.0)
406: 862 868 871 897 (53.0)
407: 882 894 (56.0)
408: 876 878 884 885 890 (43.0)
409: 877 881 (41.0)
410: 889 895 (46.0)
411: 886 891 900 (44.0)
412: 880 896 912 (49.0)
413: 902 904 (49.0)
414: 910 915 (46.0)
415: 901 906 911 (36.0)
416: 893 898 908 920 (45.0)
417: 892 905 916 926 939 (47.0)
418: 921 (35.0)
419: 913 929 942 (49.0)
420: 917 923 927 930 (45.0)
421: 907 924 (47.0)
422: 899 903 919 922 928 (50.0)
423: 914 933 (49.0)
424: 909 935 937 (48.0)
425: 918 941 957 (52.0)
426: 931 934 936 956 (53.0)
427: 932 945 949 953 (49.0)
428: 944 946 952 962 (51.0)
429: 943 947 958 963 (55.0)
430: 925 948 (50.0)
431: 940 959 977 (52.0)
432: 938 954 975 (58.0)
433: 950 966 (48.0)
434: 951 960 980 (55.0)
435: 961 981 (53.0)
436: 972 976 986 (59.0)
437: 973 978 983 (49.0)
438: 970 971 991 (51.0)
439: 955 967 (50.0)
440: 968 989 993 (50.0)
441: 969 984 (53.0)
442: 964 990 (49.0)
443: 965 996 (46.0)
444: 992 997 (49.0)
445: 979 987 988 995 998 999 (44.0)
446: 974 982 985 994 (45.0)
