Name: 1000-30-50
Time: 72.77917790412903 
Result: 51
Solution:  1 2 1 0 6 0 2 8 7 4 6 5 9 1 10 3 7 4 8 5 3 10 15 12 9 11 13 14 21 13 14 16 16 15 17 21 14 18 22 23 24 20 17 19 21 19 28 23 23 25 20 21 29 26 25 28 22 24 32 34 30 30 31 26 31 32 36 32 33 33 35 42 34 40 37 29 39 41 34 41 36 45 37 43 35 42 48 47 45 44 49 43 39 47 46 42 48 51 49 44 55 44 51 53 52 48 54 58 57 55 56 46 56 58 57 54 62 63 60 59 60 61 53 59 59 65 61 64 66 63 70 63 65 68 70 66 69 62 67 69 68 71 71 67 69 74 71 73 77 83 77 78 84 81 74 78 80 79 79 80 80 86 75 86 83 82 81 87 85 85 87 85 90 82 88 86 88 91 90 84 93 91 87 89 90 92 86 94 92 91 100 96 97 95 103 105 99 97 102 94 99 96 93 101 102 96 103 104 98 107 106 107 106 104 108 109 108 101 109 111 105 110 112 113 115 113 111 104 110 114 114 116 121 117 118 112 116 119 113 117 119 115 121 124 125 128 123 122 118 127 127 130 124 122 131 127 131 126 123 125 128 126 136 135 132 134 130 133 138 134 133 129 129 137 139 137 137 132 141 136 141 142 147 142 146 135 144 138 139 145 148 147 150 146 152 144 154 149 149 150 152 149 151 155 145 146 153 151 160 153 158 154 156 155 159 158 163 160 157 168 160 162 157 161 165 159 164 164 163 162 167 166 173 163 168 161 172 167 168 169 175 165 170 173 172 171 171 170 180 174 172 181 178 176 179 175 178 174 177 176 176 180 181 179 182 184 177 183 185 192 183 182 188 192 185 192 182 186 190 190 188 195 187 196 186 193 189 189 203 193 196 194 196 191 203 200 198 198 195 204 199 197 202 202 199 201 196 206 205 201 197 205 204 212 200 216 212 214 215 209 210 208 208 213 207 209 209 211 214 210 213 214 218 209 217 222 220 217 215 219 224 220 216 219 221 226 225 221 230 224 225 226 229 228 223 234 229 228 223 220 230 234 232 230 236 233 229 231 237 235 238 233 238 235 243 232 239 236 243 237 239 247 240 242 242 241 246 242 249 244 245 245 253 244 252 249 246 248 251 251 254 251 255 257 248 247 260 250 248 252 256 253 258 253 261 250 259 256 264 265 259 257 260 268 263 266 262 261 262 267 269 263 266 259 260 271 264 272 268 271 267 265 274 278 272 270 276 269 270 277 274 275 279 281 277 282 273 278 287 278 283 279 283 275 275 289 282 290 291 280 281 294 290 293 284 286 292 289 291 291 286 292 285 289 284 293 287 288 299 294 298 288 295 297 293 301 296 297 297 300 303 300 295 305 302 298 306 306 301 299 304 308 309 298 300 310 312 308 304 310 307 316 312 317 317 314 316 305 315 315 316 313 314 313 311 316 323 318 322 319 321 318 317 328 320 323 324 320 325 325 326 321 322 325 328 326 330 327 336 329 324 332 330 327 331 329 331 334 337 334 335 340 341 335 339 337 332 333 336 343 339 338 342 342 340 348 347 345 344 346 345 339 346 349 341 348 350 342 339 353 345 338 353 344 350 343 351 356 349 355 350 347 352 350 358 352 346 348 353 354 356 360 354 352 357 352 355 359 354 362 361 351 351 365 357 366 359 361 357 355 365 356 360 362 354 363 362 363 361 361 369 358 370 363 366 363 364 369 368 362 367 364 367 368 371 375 367 374 369 365 369 375 374 372 371 378 378 377 372 364 370 376 370 370 377 378 373 375 376 371 373 376 378 372 379 381 382 384 378 381 376 373 380 379 381 382 381 386 385 386 380 388 384 393 388 385 387 393 384 389 383 387 385 382 379 393 392 387 383 387 389 393 392 392 391 396 393 391 396 395 387 396 397 390 399 394 397 394 399 390 390 393 401 404 394 398 400 402 399 394 398 397 400 394 403 406 395 402 401 399 400 404 405 403 406 402 408 407 407 402 413 413 409 405 411 404 411 415 408 409 410 410 415 410 412 408 407 411 417 410 410 415 413 421 420 417 411 413 415 412 419 414 416 417 424 418 421 422 422 419 424 414 427 421 416 426 427 421 425 418 419 424 423 426 420 425 430 424 433 423 428 427 423 431 422 427 432 429 428 427 425 430 432 431 431 439 424 430 429 434 429 433 435 434 443 437 432 434 442 437 438 440 439 435 446 434 436 436 444 440 438 441 436 435 444 443 446 445 443 442 440 439 437 442 446 444 441 445 443 444
0: 3 5 (34.0)
1: 0 2 13 (28.0)
2: 1 6 (32.0)
3: 15 20 (38.0)
4: 9 17 (46.0)
5: 11 19 (23.0)
6: 4 10 (27.0)
7: 8 16 (14.0)
8: 7 18 (41.0)
9: 12 24 (41.0)
10: 14 21 (22.0)
11: 25 (14.0)
12: 23 (16.0)
13: 26 29 (39.0)
14: 27 30 36 (32.0)
15: 22 33 (30.0)
16: 31 32 (30.0)
17: 34 42 (46.0)
18: 37 (27.0)
19: 43 45 (34.0)
20: 41 50 (43.0)
21: 28 35 44 51 (32.0)
22: 38 56 (41.0)
23: 39 47 48 (31.0)
24: 40 57 (17.0)
25: 49 54 (34.0)
26: 53 63 (31.0)
27: (0.0)
28: 46 55 (35.0)
29: 52 75 (22.0)
30: 60 61 (31.0)
31: 62 64 (46.0)
32: 58 65 67 (29.0)
33: 68 69 (31.0)
34: 59 72 78 (45.0)
35: 70 84 (30.0)
36: 66 80 (30.0)
37: 74 82 (30.0)
38: (0.0)
39: 76 92 (37.0)
40: 73 (15.0)
41: 77 79 (42.0)
42: 71 85 95 (48.0)
43: 83 91 (46.0)
44: 89 99 101 (39.0)
45: 81 88 (31.0)
46: 94 111 (34.0)
47: 87 93 (33.0)
48: 86 96 105 (23.0)
49: 90 98 (28.0)
50: (0.0)
51: 97 102 (29.0)
52: 104 (28.0)
53: 103 122 (42.0)
54: 106 115 (14.0)
55: 100 109 (39.0)
56: 110 112 (40.0)
57: 108 114 (43.0)
58: 107 113 (30.0)
59: 119 123 124 (34.0)
60: 118 120 (35.0)
61: 121 126 (23.0)
62: 116 137 (38.0)
63: 117 129 131 (42.0)
64: 127 (30.0)
65: 125 132 (34.0)
66: 128 135 (48.0)
67: 138 143 (36.0)
68: 133 140 (43.0)
69: 136 139 144 (30.0)
70: 130 134 (25.0)
71: 141 142 146 (42.0)
72: (0.0)
73: 147 (28.0)
74: 145 154 (32.0)
75: 162 (23.0)
76: (0.0)
77: 148 150 (25.0)
78: 151 155 (41.0)
79: 157 158 (38.0)
80: 156 159 160 (45.0)
81: 153 166 (35.0)
82: 165 173 (40.0)
83: 149 164 (43.0)
84: 152 179 (32.0)
85: 168 169 171 (47.0)
86: 161 163 175 186 (47.0)
87: 167 170 182 (41.0)
88: 174 176 (46.0)
89: 183 (31.0)
90: 172 178 184 (36.0)
91: 177 181 189 (40.0)
92: 185 188 (44.0)
93: 180 202 (42.0)
94: 187 199 (30.0)
95: 193 (7.0)
96: 191 201 205 (30.0)
97: 192 197 (42.0)
98: 208 (31.0)
99: 196 200 (35.0)
100: 190 (31.0)
101: 203 217 (49.0)
102: 198 204 (47.0)
103: 194 206 (43.0)
104: 207 213 227 (39.0)
105: 195 220 (33.0)
106: 210 212 (38.0)
107: 209 211 (23.0)
108: 214 216 (19.0)
109: 215 218 (45.0)
110: 221 228 (32.0)
111: 219 226 (33.0)
112: 222 235 (35.0)
113: 223 225 238 (30.0)
114: 229 230 (36.0)
115: 224 241 (53.0)
116: 231 236 (36.0)
117: 233 239 (44.0)
118: 234 248 (41.0)
119: 237 240 (25.0)
120: (0.0)
121: 232 242 (42.0)
122: 247 253 (35.0)
123: 246 258 (30.0)
124: 243 252 (40.0)
125: 244 259 (34.0)
126: 257 261 (37.0)
127: 249 250 255 (36.0)
128: 245 260 (35.0)
129: 271 272 (51.0)
130: 251 266 (42.0)
131: 254 256 (38.0)
132: 264 277 (37.0)
133: 267 270 (25.0)
134: 265 269 (34.0)
135: 263 285 (45.0)
136: 262 279 (36.0)
137: 273 275 276 (38.0)
138: 268 287 (46.0)
139: 274 288 (53.0)
140: (0.0)
141: 278 280 (41.0)
142: 281 283 (18.0)
143: (0.0)
144: 286 295 (21.0)
145: 289 304 (31.0)
146: 284 293 305 (33.0)
147: 282 291 (32.0)
148: 290 (30.0)
149: 297 298 301 (58.0)
150: 292 299 (53.0)
151: 302 307 (41.0)
152: 294 300 (33.0)
153: 306 309 (43.0)
154: 296 311 (38.0)
155: 303 313 (18.0)
156: 312 (30.0)
157: 318 322 (40.0)
158: 310 315 (40.0)
159: 314 325 (30.0)
160: 308 317 320 (45.0)
161: 323 335 (43.0)
162: 321 329 (47.0)
163: 316 328 333 (49.0)
164: 326 327 (36.0)
165: 324 341 (46.0)
166: 331 (31.0)
167: 330 337 (28.0)
168: 319 334 338 (33.0)
169: 339 (30.0)
170: 342 347 (32.0)
171: 345 346 (52.0)
172: 336 344 350 (45.0)
173: 332 343 (36.0)
174: 349 357 (47.0)
175: 340 355 (33.0)
176: 353 359 360 (32.0)
177: 358 366 (45.0)
178: 352 356 (44.0)
179: 354 363 (31.0)
180: 348 361 (37.0)
181: 351 362 (34.0)
182: 364 371 376 (43.0)
183: 367 370 (31.0)
184: 365 (31.0)
185: 368 374 (58.0)
186: 377 384 (47.0)
187: 382 (30.0)
188: 372 380 (48.0)
189: 386 387 (38.0)
190: 378 379 (38.0)
191: 393 (30.0)
192: 369 373 375 (33.0)
193: 385 389 (31.0)
194: 391 (32.0)
195: 381 398 (37.0)
196: 383 390 392 406 (27.0)
197: 401 410 (38.0)
198: 396 397 (38.0)
199: 400 404 (35.0)
200: 395 414 (40.0)
201: 405 409 (38.0)
202: 402 403 (38.0)
203: 388 394 (43.0)
204: 399 412 (30.0)
205: 408 411 (42.0)
206: 407 (33.0)
207: 424 (30.0)
208: 421 422 (35.0)
209: 419 425 426 433 (35.0)
210: 420 429 (50.0)
211: 427 (31.0)
212: 413 416 (48.0)
213: 423 430 (50.0)
214: 417 428 431 (34.0)
215: 418 438 (42.0)
216: 415 442 (31.0)
217: 434 437 (42.0)
218: 432 (32.0)
219: 439 443 (50.0)
220: 436 441 459 (34.0)
221: 444 447 (36.0)
222: 435 (30.0)
223: 454 458 (44.0)
224: 440 449 (54.0)
225: 446 450 (37.0)
226: 445 451 (46.0)
227: (0.0)
228: 453 457 (47.0)
229: 452 456 466 (43.0)
230: 448 460 463 (42.0)
231: 467 (30.0)
232: 462 475 (30.0)
233: 465 471 (56.0)
234: 455 461 (55.0)
235: 469 473 (32.0)
236: 464 477 (29.0)
237: 468 479 (36.0)
238: 470 472 (37.0)
239: 476 480 (40.0)
240: 482 (30.0)
241: 485 (32.0)
242: 483 484 487 (33.0)
243: 474 478 (53.0)
244: 489 493 (46.0)
245: 490 491 (40.0)
246: 486 496 (54.0)
247: 481 505 (46.0)
248: 497 504 508 (44.0)
249: 488 495 (42.0)
250: 507 515 (52.0)
251: 498 499 501 (48.0)
252: 494 509 (45.0)
253: 492 511 513 (34.0)
254: 500 (32.0)
255: 502 (34.0)
256: 510 517 (50.0)
257: 503 521 (37.0)
258: 512 (32.0)
259: 516 520 533 (41.0)
260: 506 522 534 (42.0)
261: 514 527 (36.0)
262: 526 528 (42.0)
263: 524 531 (48.0)
264: 518 536 (38.0)
265: 519 541 (41.0)
266: 525 532 (47.0)
267: 529 540 (41.0)
268: 523 538 (47.0)
269: 530 547 (27.0)
270: 545 548 (37.0)
271: 535 539 (47.0)
272: 537 544 (52.0)
273: 556 (31.0)
274: 542 550 (52.0)
275: 551 563 564 (39.0)
276: 546 (31.0)
277: 549 554 (41.0)
278: 543 557 559 (36.0)
279: 552 561 (31.0)
280: 569 (34.0)
281: 553 570 (50.0)
282: 555 566 (39.0)
283: 560 562 (56.0)
284: 574 584 (48.0)
285: 582 (38.0)
286: 575 580 (49.0)
287: 558 586 (49.0)
288: 587 591 (51.0)
289: 565 577 583 (49.0)
290: 567 572 (45.0)
291: 568 578 579 (50.0)
292: 576 581 (51.0)
293: 573 585 594 (49.0)
294: 571 589 (47.0)
295: 592 602 (53.0)
296: 596 (31.0)
297: 593 597 598 (41.0)
298: 590 605 613 (34.0)
299: 588 609 (32.0)
300: 599 601 614 (47.0)
301: 595 608 (43.0)
302: 604 (37.0)
303: 600 (38.0)
304: 610 618 (41.0)
305: 603 627 (48.0)
306: 606 607 (43.0)
307: 620 (35.0)
308: 611 617 (47.0)
309: 612 (36.0)
310: 615 619 (55.0)
311: 634 (32.0)
312: 616 622 (49.0)
313: 631 633 (50.0)
314: 625 632 (48.0)
315: 628 629 (43.0)
316: 621 626 630 635 (47.0)
317: 623 624 642 (43.0)
318: 637 641 (48.0)
319: 639 (32.0)
320: 644 647 (43.0)
321: 640 651 (46.0)
322: 638 652 (48.0)
323: 636 645 (47.0)
324: 646 660 (50.0)
325: 648 649 653 (52.0)
326: 650 655 (45.0)
327: 657 663 (53.0)
328: 643 654 (47.0)
329: 659 665 (25.0)
330: 656 662 (35.0)
331: 664 666 (45.0)
332: 661 676 (34.0)
333: 677 (18.0)
334: 667 669 (56.0)
335: 670 673 (41.0)
336: 658 678 (42.0)
337: 668 675 (42.0)
338: 681 701 (38.0)
339: 674 680 691 698 (48.0)
340: 671 684 (44.0)
341: 672 694 (50.0)
342: 682 683 697 (49.0)
343: 679 705 (49.0)
344: 688 703 (48.0)
345: 687 690 700 (47.0)
346: 689 692 716 (46.0)
347: 686 711 (48.0)
348: 685 695 717 (37.0)
349: 693 708 (39.0)
350: 696 704 710 713 (45.0)
351: 706 731 732 (50.0)
352: 712 715 723 725 (47.0)
353: 699 702 718 (50.0)
354: 719 722 728 744 (39.0)
355: 709 726 739 (49.0)
356: 707 720 741 (48.0)
357: 724 734 738 (49.0)
358: 714 751 (52.0)
359: 727 736 (33.0)
360: 721 742 (46.0)
361: 730 737 748 749 (47.0)
362: 729 743 746 759 (45.0)
363: 745 747 753 755 (49.0)
364: 756 761 779 (42.0)
365: 733 740 769 (43.0)
366: 735 754 (46.0)
367: 760 762 766 (46.0)
368: 758 763 (46.0)
369: 750 757 768 770 (47.0)
370: 752 780 782 783 (48.0)
371: 764 774 789 (48.0)
372: 773 778 793 (46.0)
373: 786 790 801 (47.0)
374: 767 772 (46.0)
375: 765 771 787 (48.0)
376: 781 788 791 800 (50.0)
377: 777 784 (45.0)
378: 775 776 785 792 798 (50.0)
379: 794 803 824 (46.0)
380: 802 810 (32.0)
381: 795 799 804 806 (50.0)
382: 796 805 823 (38.0)
383: 820 828 (50.0)
384: 797 812 818 (50.0)
385: 808 815 822 (49.0)
386: 807 809 (49.0)
387: 816 821 827 829 840 (48.0)
388: 811 814 (48.0)
389: 819 830 (53.0)
390: 843 849 850 (47.0)
391: 834 837 (50.0)
392: 826 832 833 (50.0)
393: 813 817 825 831 836 851 (50.0)
394: 845 847 854 859 863 (47.0)
395: 839 866 (39.0)
396: 835 838 841 (48.0)
397: 842 846 861 (44.0)
398: 855 860 (50.0)
399: 844 848 858 869 (44.0)
400: 856 862 870 (49.0)
401: 852 868 (46.0)
402: 857 867 875 879 (51.0)
403: 864 873 (49.0)
404: 853 871 885 (49.0)
405: 872 883 (53.0)
406: 865 874 (46.0)
407: 877 878 896 (50.0)
408: 876 888 895 (48.0)
409: 882 889 (52.0)
410: 890 891 893 899 900 (45.0)
411: 884 886 897 906 (45.0)
412: 894 909 (55.0)
413: 880 881 902 907 (44.0)
414: 911 921 (44.0)
415: 887 892 901 908 (50.0)
416: 912 924 (50.0)
417: 898 905 913 (38.0)
418: 915 929 (51.0)
419: 910 919 930 (48.0)
420: 904 934 (50.0)
421: 903 916 923 927 (49.0)
422: 917 918 944 (50.0)
423: 932 939 942 (50.0)
424: 914 920 931 937 956 (49.0)
425: 928 935 950 (49.0)
426: 925 933 (55.0)
427: 922 926 941 945 949 (50.0)
428: 940 948 (47.0)
429: 947 958 960 (52.0)
430: 936 951 957 (55.0)
431: 943 953 954 (51.0)
432: 946 952 966 (48.0)
433: 938 961 (51.0)
434: 959 963 967 975 (55.0)
435: 962 973 983 (49.0)
436: 976 977 982 (50.0)
437: 965 969 992 (49.0)
438: 970 980 (50.0)
439: 955 972 991 (53.0)
440: 971 979 990 (46.0)
441: 981 996 (49.0)
442: 968 989 993 (50.0)
443: 964 985 988 998 (47.0)
444: 978 984 995 999 (49.0)
445: 987 997 (50.0)
446: 974 986 994 (49.0)
