Name: 1000-20-30
Time: 69.72818231582642 
Result: 42
Solution:  1 3 7 1 6 2 11 4 2 4 11 5 6 5 13 9 8 11 7 14 7 10 10 15 12 12 13 8 11 22 15 9 20 16 17 18 17 16 22 18 20 19 19 26 26 20 23 21 23 19 27 27 27 24 25 29 27 30 29 32 28 25 32 30 28 33 39 33 32 31 31 35 41 36 40 36 38 40 39 42 46 42 41 43 39 38 47 38 50 36 49 45 44 43 45 54 54 44 47 49 50 51 48 51 48 54 53 55 56 53 52 52 59 60 64 56 65 59 67 56 61 56 57 57 56 63 60 62 61 69 66 70 72 66 67 68 65 63 71 65 71 62 69 74 75 77 74 73 73 75 74 72 78 78 70 80 80 81 83 72 79 84 81 82 90 86 85 79 89 84 83 85 86 91 91 86 82 89 88 88 93 90 98 92 95 95 96 90 94 100 97 102 100 93 99 96 100 101 92 104 100 97 102 101 100 98 104 105 108 105 107 103 108 103 106 99 104 106 109 107 109 114 117 110 111 109 111 110 120 112 115 113 117 112 116 114 118 122 120 119 122 119 116 127 123 122 121 124 124 128 123 129 126 129 126 121 132 125 128 132 131 131 133 134 138 135 127 134 133 132 136 136 134 141 135 137 135 145 138 136 144 139 139 145 147 140 142 143 141 142 148 146 150 148 144 149 154 147 151 143 150 155 153 154 149 146 155 152 161 160 154 160 156 148 151 161 156 162 158 152 153 158 166 159 162 163 169 157 166 168 168 170 164 167 171 168 163 164 171 167 169 172 170 175 174 176 169 173 183 181 174 175 179 177 175 178 172 176 177 178 179 176 182 181 185 188 180 187 182 186 184 184 185 187 191 187 195 196 183 197 189 189 186 187 190 187 193 198 192 196 191 195 197 194 198 197 192 194 201 202 193 199 200 202 203 196 202 208 205 202 207 206 206 204 199 210 203 212 207 205 213 204 209 211 209 217 210 216 212 211 219 213 214 216 216 218 219 215 223 215 211 220 221 226 227 224 218 225 224 225 220 229 223 227 226 222 233 228 230 235 230 233 233 228 232 238 241 233 231 238 242 232 234 235 238 240 229 235 242 237 239 246 237 236 237 243 246 239 248 247 238 244 245 247 245 250 251 250 249 253 251 252 249 251 252 248 255 256 254 258 257 260 253 259 258 262 257 257 255 259 262 260 256 259 263 254 267 264 269 261 268 261 264 271 266 265 266 270 269 268 269 272 263 272 270 271 265 274 279 277 273 275 277 276 273 270 282 278 277 280 276 278 282 285 286 275 281 280 284 284 282 288 294 285 288 287 292 290 283 287 289 294 291 287 286 293 294 292 295 302 290 301 296 299 295 301 294 293 302 298 299 301 296 298 297 297 307 305 304 307 304 303 300 304 305 308 312 309 311 306 308 316 306 315 315 321 313 320 310 317 309 318 314 317 320 311 319 316 319 314 319 322 318 320 329 321 327 323 323 326 319 328 328 326 325 330 329 324 324 331 336 325 324 333 338 334 335 332 335 332 336 335 342 336 333 336 339 338 334 337 338 339 337 338 341 340 344 340 342 339 347 343 343 347 345 338 340 348 344 344 344 344 341 348 347 350 352 349 346 346 349 343 345 349 356 348 351 355 356 349 354 347 354 353 353 356 351 350 350 355 352 349 360 351 363 353 358 354 357 363 363 357 357 358 353 359 355 362 362 358 366 362 361 360 369 364 365 361 361 365 364 366 365 369 365 370 373 363 359 368 366 371 371 365 376 366 372 367 367 369 368 374 365 370 371 378 374 375 375 373 378 370 372 379 373 372 377 378 381 378 373 372 379 387 383 380 380 380 375 387 383 381 377 377 382 384 376 384 387 385 382 380 384 391 387 393 381 386 389 396 387 385 385 391 393 391 390 389 392 393 388 386 399 393 395 388 391 390 386 398 395 386 398 388 394 392 394 400 398 403 395 400 397 394 401 405 400 397 399 409 401 402 401 409 404 408 403 405 404 406 403 399 396 399 407 406 407 400 402 409 407 412 410 414 412 413 408 413 411 416 407 407 417 408 414 415 409 415 409 410 411 411 416 413 415 421 420 417 420 418 419 426 418 412 418 420 419 419 423 415 422 417 415 422 414 423 417 424 421 419 426 432 429 421 425 420 427 431 428 431 434 427 424 429 425 428 432 430 434 433 434 439 434 432 430 429 433 438 433 430 443 431 438 440 444 435 436 439 441 438 441 437 439 441 436 440 439 435 442 440 444 443 443 436 437 443 442 444 438 439
0: (0.0)
1: 0 3 (29.0)
2: 5 8 (19.0)
3: 1 (5.0)
4: 7 9 (33.0)
5: 11 13 (29.0)
6: 4 12 (11.0)
7: 2 18 20 (20.0)
8: 16 27 (24.0)
9: 15 31 (22.0)
10: 21 22 (27.0)
11: 6 10 17 28 (14.0)
12: 24 25 (20.0)
13: 14 26 (15.0)
14: 19 (15.0)
15: 23 30 (19.0)
16: 33 37 (22.0)
17: 34 36 (24.0)
18: 35 39 (20.0)
19: 41 42 49 (21.0)
20: 32 40 45 (22.0)
21: 47 (5.0)
22: 29 38 (25.0)
23: 46 48 (32.0)
24: 53 (18.0)
25: 54 61 (12.0)
26: 43 44 (27.0)
27: 50 51 52 56 (28.0)
28: 60 64 (29.0)
29: 55 58 (29.0)
30: 57 63 (23.0)
31: 69 70 (20.0)
32: 59 62 68 (23.0)
33: 65 67 (21.0)
34: (0.0)
35: 71 (10.0)
36: 73 75 89 (17.0)
37: (0.0)
38: 76 85 87 (28.0)
39: 66 78 84 (20.0)
40: 74 77 (36.0)
41: 72 82 (22.0)
42: 79 81 (22.0)
43: 83 93 (26.0)
44: 92 97 (20.0)
45: 91 94 (28.0)
46: 80 (9.0)
47: 86 98 (29.0)
48: 102 104 (30.0)
49: 90 99 (16.0)
50: 88 100 (20.0)
51: 101 103 (24.0)
52: 110 111 (21.0)
53: 106 109 (26.0)
54: 95 96 105 (16.0)
55: 107 (11.0)
56: 108 115 119 121 124 (22.0)
57: 122 123 (21.0)
58: (0.0)
59: 112 117 (27.0)
60: 113 126 (25.0)
61: 120 128 (27.0)
62: 127 141 (6.0)
63: 125 137 (26.0)
64: 114 (18.0)
65: 116 136 139 (21.0)
66: 130 133 (33.0)
67: 118 134 (23.0)
68: 135 (16.0)
69: 129 142 (21.0)
70: 131 154 (13.0)
71: 138 140 (36.0)
72: 132 151 159 (28.0)
73: 147 148 (32.0)
74: 143 146 150 (26.0)
75: 144 149 (7.0)
76: (0.0)
77: 145 (17.0)
78: 152 153 (21.0)
79: 160 167 (30.0)
80: 155 156 (28.0)
81: 157 162 (16.0)
82: 163 176 (23.0)
83: 158 170 (21.0)
84: 161 169 (8.0)
85: 166 171 (20.0)
86: 165 172 175 (24.0)
87: (0.0)
88: 178 179 (22.0)
89: 168 177 (29.0)
90: 164 181 187 (28.0)
91: 173 174 (31.0)
92: 183 198 (20.0)
93: 180 193 (27.0)
94: 188 (20.0)
95: 184 185 (22.0)
96: 186 195 (35.0)
97: 190 201 (29.0)
98: 182 205 (33.0)
99: 194 215 (21.0)
100: 189 192 196 200 204 (23.0)
101: 197 203 (35.0)
102: 191 202 (10.0)
103: 211 213 (20.0)
104: 199 206 216 (22.0)
105: 207 209 (25.0)
106: 214 217 (21.0)
107: 210 219 (30.0)
108: 208 212 (26.0)
109: 218 220 225 (15.0)
110: 223 227 (25.0)
111: 224 226 (29.0)
112: 229 233 (23.0)
113: 231 (20.0)
114: 221 235 (25.0)
115: 230 (2.0)
116: 234 242 (20.0)
117: 222 232 (12.0)
118: 236 (20.0)
119: 239 241 (23.0)
120: 228 238 (31.0)
121: 246 255 (24.0)
122: 237 240 245 (18.0)
123: 244 250 (26.0)
124: 247 248 (22.0)
125: 257 (16.0)
126: 252 254 (29.0)
127: 243 266 (28.0)
128: 249 258 (28.0)
129: 251 253 (15.0)
130: (0.0)
131: 260 261 (23.0)
132: 256 259 269 (19.0)
133: 262 268 (33.0)
134: 263 267 272 (20.0)
135: 265 274 276 (22.0)
136: 270 271 279 (29.0)
137: 275 (21.0)
138: 264 278 (30.0)
139: 281 282 (26.0)
140: 285 (20.0)
141: 273 288 (23.0)
142: 286 289 (28.0)
143: 287 299 (27.0)
144: 280 294 (22.0)
145: 277 283 (22.0)
146: 291 305 (20.0)
147: 284 297 (18.0)
148: 290 293 313 (25.0)
149: 295 304 (31.0)
150: 292 300 (23.0)
151: 298 314 (17.0)
152: 307 319 (23.0)
153: 302 320 (27.0)
154: 296 303 310 (25.0)
155: 301 306 (26.0)
156: 312 316 (20.0)
157: 327 (22.0)
158: 318 321 (27.0)
159: 323 (8.0)
160: 309 311 (24.0)
161: 308 315 (29.0)
162: 317 324 (30.0)
163: 325 336 (24.0)
164: 332 337 (20.0)
165: (0.0)
166: 322 328 (32.0)
167: 333 339 (24.0)
168: 329 330 335 (21.0)
169: 326 340 346 (17.0)
170: 331 342 (35.0)
171: 334 338 (30.0)
172: 341 356 (31.0)
173: 347 (21.0)
174: 344 350 (30.0)
175: 343 351 354 (27.0)
176: 345 357 361 (20.0)
177: 353 358 (22.0)
178: 355 359 (25.0)
179: 352 360 (33.0)
180: 366 (20.0)
181: 349 363 (31.0)
182: 362 368 (21.0)
183: 348 378 (20.0)
184: 370 371 (24.0)
185: 364 372 (26.0)
186: 369 382 (29.0)
187: 367 373 375 383 385 (25.0)
188: 365 (20.0)
189: 380 381 (25.0)
190: 384 (20.0)
191: 374 390 (29.0)
192: 388 396 (27.0)
193: 386 400 (28.0)
194: 393 397 (29.0)
195: 376 391 (27.0)
196: 377 389 405 (29.0)
197: 379 392 395 (34.0)
198: 387 394 (35.0)
199: 401 414 (26.0)
200: 402 (20.0)
201: 398 (20.0)
202: 399 403 406 409 (21.0)
203: 404 416 (22.0)
204: 413 421 (29.0)
205: 408 419 (32.0)
206: 411 412 (29.0)
207: 410 418 (26.0)
208: 407 (20.0)
209: 422 424 (21.0)
210: 415 426 (21.0)
211: 423 429 440 (26.0)
212: 417 428 (35.0)
213: 420 431 (24.0)
214: 432 (22.0)
215: 437 439 (16.0)
216: 427 433 434 (21.0)
217: 425 (20.0)
218: 435 446 (31.0)
219: 430 436 (23.0)
220: 441 450 (35.0)
221: 442 (11.0)
222: 455 (16.0)
223: 438 452 (31.0)
224: 445 448 (36.0)
225: 447 449 (20.0)
226: 443 454 (24.0)
227: 444 453 (16.0)
228: 457 463 (35.0)
229: 451 476 (22.0)
230: 458 460 (32.0)
231: 468 (22.0)
232: 464 471 (34.0)
233: 456 461 462 467 (26.0)
234: 472 (24.0)
235: 459 473 477 (26.0)
236: 483 (23.0)
237: 479 482 484 (21.0)
238: 465 469 474 490 (20.0)
239: 480 487 (25.0)
240: 475 (21.0)
241: 466 (24.0)
242: 470 478 (22.0)
243: 485 (23.0)
244: 491 (22.0)
245: 492 494 (27.0)
246: 481 486 (27.0)
247: 489 493 (21.0)
248: 488 505 (31.0)
249: 498 502 (30.0)
250: 495 497 (34.0)
251: 496 500 503 (23.0)
252: 501 504 (25.0)
253: 499 512 (32.0)
254: 508 525 (32.0)
255: 506 518 (23.0)
256: 507 522 (38.0)
257: 510 516 517 (30.0)
258: 509 514 (22.0)
259: 513 519 523 (28.0)
260: 511 521 (34.0)
261: 529 531 (32.0)
262: 515 520 (30.0)
263: 524 542 (25.0)
264: 527 532 (25.0)
265: 535 546 (32.0)
266: 534 536 (32.0)
267: 526 (24.0)
268: 530 539 (30.0)
269: 528 538 540 (25.0)
270: 537 544 555 (27.0)
271: 533 545 (26.0)
272: 541 543 (27.0)
273: 550 554 (28.0)
274: 547 (5.0)
275: 551 565 (25.0)
276: 553 560 (34.0)
277: 549 552 558 (24.0)
278: 557 561 (29.0)
279: 548 (22.0)
280: 559 567 (25.0)
281: 566 (20.0)
282: 556 562 570 (25.0)
283: 578 (21.0)
284: 568 569 (27.0)
285: 563 573 (38.0)
286: 564 584 (23.0)
287: 575 579 583 (22.0)
288: 571 574 (32.0)
289: 580 (26.0)
290: 577 590 (26.0)
291: 582 (24.0)
292: 576 587 (31.0)
293: 585 597 (37.0)
294: 572 581 586 596 (27.0)
295: 588 594 (36.0)
296: 592 602 (29.0)
297: 604 605 (27.0)
298: 599 603 (31.0)
299: 593 600 (29.0)
300: 612 (22.0)
301: 591 595 601 (27.0)
302: 589 598 (25.0)
303: 611 (20.0)
304: 608 610 613 (20.0)
305: 607 614 (24.0)
306: 619 622 (32.0)
307: 606 609 (33.0)
308: 615 620 (35.0)
309: 617 630 (25.0)
310: 628 (23.0)
311: 618 635 (21.0)
312: 616 (23.0)
313: 626 (24.0)
314: 632 639 (30.0)
315: 623 624 (26.0)
316: 621 637 (20.0)
317: 629 633 (29.0)
318: 631 642 (28.0)
319: 636 638 640 650 (30.0)
320: 627 634 643 (29.0)
321: 625 645 (29.0)
322: 641 (24.0)
323: 647 648 (23.0)
324: 657 658 662 (25.0)
325: 654 661 (28.0)
326: 649 653 (29.0)
327: 646 (25.0)
328: 651 652 (29.0)
329: 644 656 (34.0)
330: 655 (22.0)
331: 659 (25.0)
332: 667 669 (30.0)
333: 663 674 (29.0)
334: 665 678 (30.0)
335: 666 668 671 (29.0)
336: 660 670 673 675 (27.0)
337: 679 682 (24.0)
338: 664 677 680 683 695 (22.0)
339: 676 681 689 (27.0)
340: 685 687 696 (41.0)
341: 684 702 (34.0)
342: 672 688 (33.0)
343: 691 692 711 (27.0)
344: 686 698 699 700 701 (31.0)
345: 694 712 (27.0)
346: 708 709 (21.0)
347: 690 693 704 721 (32.0)
348: 697 703 715 (44.0)
349: 707 710 713 719 731 (26.0)
350: 705 727 728 (31.0)
351: 716 726 733 (30.0)
352: 706 730 (29.0)
353: 723 724 735 744 (25.0)
354: 720 722 737 (23.0)
355: 717 729 746 (18.0)
356: 714 718 725 (30.0)
357: 738 741 742 (41.0)
358: 736 743 749 (30.0)
359: 745 768 (34.0)
360: 732 753 (30.0)
361: 752 757 758 (28.0)
362: 747 748 751 (30.0)
363: 734 739 740 767 (29.0)
364: 755 760 (33.0)
365: 756 759 762 764 773 782 (30.0)
366: 750 761 770 775 (23.0)
367: 777 778 (29.0)
368: 769 780 (26.0)
369: 754 763 779 (30.0)
370: 765 783 791 (29.0)
371: 771 772 784 (30.0)
372: 776 792 795 801 (29.0)
373: 766 789 794 800 (30.0)
374: 781 786 (29.0)
375: 787 788 808 (29.0)
376: 774 816 (30.0)
377: 796 812 813 (30.0)
378: 785 790 797 799 (29.0)
379: 793 802 (30.0)
380: 805 806 807 821 (30.0)
381: 798 811 826 (34.0)
382: 814 820 (33.0)
383: 804 810 (30.0)
384: 815 817 822 (30.0)
385: 819 831 832 (30.0)
386: 827 841 848 851 (30.0)
387: 803 809 818 824 830 (26.0)
388: 840 845 853 (30.0)
389: 828 837 (26.0)
390: 836 847 (27.0)
391: 823 833 835 846 (29.0)
392: 838 855 (27.0)
393: 825 834 839 843 (30.0)
394: 854 856 863 (30.0)
395: 844 850 860 (28.0)
396: 829 882 (32.0)
397: 862 867 (28.0)
398: 849 852 858 (28.0)
399: 842 868 881 883 (25.0)
400: 857 861 866 887 (30.0)
401: 864 870 872 (28.0)
402: 871 888 (32.0)
403: 859 876 880 (30.0)
404: 874 878 (24.0)
405: 865 877 (30.0)
406: 879 885 (32.0)
407: 884 886 890 900 901 (30.0)
408: 875 896 903 (28.0)
409: 869 873 889 906 908 (28.0)
410: 892 909 (30.0)
411: 898 910 911 (27.0)
412: 891 894 923 (30.0)
413: 895 897 913 (25.0)
414: 893 904 934 (30.0)
415: 905 907 914 929 932 (30.0)
416: 899 912 (31.0)
417: 902 917 931 936 (29.0)
418: 919 922 924 (39.0)
419: 920 926 927 939 (29.0)
420: 916 918 925 945 (30.0)
421: 915 938 943 (31.0)
422: 930 933 (30.0)
423: 928 935 (35.0)
424: 937 952 (28.0)
425: 944 954 (29.0)
426: 921 940 (30.0)
427: 946 951 (30.0)
428: 948 955 (30.0)
429: 942 953 965 (32.0)
430: 957 964 969 (30.0)
431: 947 949 971 (31.0)
432: 941 956 963 (30.0)
433: 959 966 968 (30.0)
434: 950 958 960 962 (25.0)
435: 975 987 (27.0)
436: 976 984 993 (40.0)
437: 981 994 (29.0)
438: 967 972 979 998 (30.0)
439: 961 977 982 986 999 (28.0)
440: 973 985 989 (29.0)
441: 978 980 983 (28.0)
442: 988 996 (33.0)
443: 970 991 992 995 (27.0)
444: 974 990 997 (30.0)
