Name: 1000-50-100
Time: 70.48933100700378 
Result: 127
Solution:  0 2 0 2 7 4 3 3 5 6 3 5 0 7 13 10 10 8 9 4 6 11 13 10 8 19 18 11 16 14 18 15 9 14 17 19 14 15 16 12 26 17 12 15 25 24 21 24 28 21 24 25 23 25 30 23 28 27 31 26 30 32 25 31 27 30 30 33 26 34 35 40 35 38 36 43 39 38 39 33 32 36 47 40 45 44 41 49 41 49 42 46 43 48 44 47 46 47 49 42 56 50 55 48 51 57 52 45 55 54 52 51 54 56 59 50 62 61 62 57 59 62 60 52 59 61 72 64 60 64 65 59 71 69 64 63 65 68 68 72 70 72 71 70 72 74 73 70 70 81 67 81 76 74 77 75 83 75 77 75 76 85 89 79 81 80 78 81 81 82 85 83 90 87 84 84 92 93 87 94 89 82 97 91 86 89 91 94 91 96 90 92 89 88 101 98 93 100 101 95 101 103 102 108 99 100 104 103 104 107 112 99 109 104 104 106 111 105 105 110 114 102 109 116 117 115 114 116 112 114 108 110 117 122 119 118 115 111 119 122 125 121 120 126 126 124 128 121 126 123 122 118 128 125 130 122 129 125 127 126 127 130 134 124 137 125 133 131 137 131 139 139 132 143 136 138 135 143 141 138 133 134 141 140 148 146 138 140 147 142 143 140 145 144 148 149 154 144 146 148 150 145 151 152 158 150 152 156 151 156 153 155 153 161 153 162 154 158 160 152 158 161 159 157 160 168 163 167 165 164 159 159 172 164 163 164 172 166 168 169 170 172 170 179 175 173 174 171 176 179 169 173 177 176 169 174 179 185 175 180 180 177 181 178 177 182 181 184 178 187 185 187 184 195 188 191 186 181 193 181 183 188 191 189 196 192 191 192 194 189 190 191 200 195 194 200 196 197 197 203 204 199 198 203 205 199 202 202 203 206 208 212 212 204 205 214 211 201 206 202 217 210 214 207 210 211 207 213 209 215 216 209 216 217 217 222 213 222 215 219 223 220 216 227 218 223 222 224 226 226 219 228 230 221 229 218 236 228 234 225 229 235 230 231 233 230 236 232 231 240 234 228 229 236 237 241 233 239 238 237 239 243 242 242 247 243 248 238 245 244 246 246 250 251 249 249 245 245 248 253 256 254 257 247 253 255 252 260 254 255 256 258 255 257 265 260 252 252 259 253 251 264 262 266 264 258 262 263 269 269 259 266 262 261 265 259 268 271 264 272 267 266 272 271 273 280 268 275 275 276 277 276 270 282 270 278 278 272 281 274 284 285 273 274 279 281 279 280 288 282 285 291 281 277 283 293 292 289 293 290 289 291 298 285 286 294 287 293 297 293 289 299 295 294 302 297 296 301 300 303 294 304 296 298 301 305 300 308 307 300 309 309 308 307 311 303 310 310 306 306 312 311 318 316 319 305 318 320 313 323 321 312 309 315 321 315 316 318 320 314 314 324 319 319 310 313 317 315 324 321 320 323 328 317 323 331 322 327 326 319 319 326 322 327 325 322 325 326 324 330 327 328 324 328 330 333 324 329 325 332 331 338 329 331 329 334 332 330 341 333 336 332 340 331 335 335 335 336 335 339 334 341 338 341 339 344 337 338 342 340 348 341 342 350 342 339 351 343 348 340 347 339 347 345 347 346 343 344 353 348 350 349 347 351 346 345 353 350 350 346 349 357 349 355 349 352 350 348 351 362 356 352 354 355 354 355 355 359 356 360 355 359 356 365 356 357 363 358 362 361 362 361 357 364 358 367 362 368 363 357 360 365 358 364 371 367 368 369 365 370 373 365 366 368 363 369 378 371 371 366 375 377 380 367 373 381 372 370 374 382 376 381 375 375 380 370 367 375 374 381 379 382 380 376 372 385 382 379 378 382 383 377 383 386 373 387 388 379 386 384 385 390 383 376 387 383 389 384 386 389 386 384 388 384 392 391 391 383 393 394 389 388 391 394 399 392 395 392 395 396 400 393 396 390 394 396 397 397 397 393 400 400 395 402 394 401 396 401 404 398 399 402 398 399 405 406 401 403 404 405 407 405 407 404 409 402 408 409 411 398 411 416 401 403 410 413 405 407 412 410 408 410 408 416 409 414 406 414 411 414 419 415 413 415 416 419 412 413 415 418 412 420 417 419 418 417 421 422 423 418 420 426 424 417 421 422 422 427 425 429 423 424 425 420 429 426 426 421 432 424 431 428 425 430 432 427 432 428 434 433 428 428 423 431 431 433 435 435 437 428 436 436 436 432 433 437 435 430 436 434
0: 0 2 12 (67.0)
1: (0.0)
2: 1 3 (55.0)
3: 6 7 10 (78.0)
4: 5 19 (52.0)
5: 8 11 (25.0)
6: 9 20 (71.0)
7: 4 13 (51.0)
8: 17 24 (91.0)
9: 18 32 (59.0)
10: 15 16 23 (51.0)
11: 21 27 (60.0)
12: 39 42 (72.0)
13: 14 22 (55.0)
14: 29 33 36 (64.0)
15: 31 37 43 (61.0)
16: 28 38 (47.0)
17: 34 41 (41.0)
18: 26 30 (53.0)
19: 25 35 (37.0)
20: (0.0)
21: 46 49 (59.0)
22: (0.0)
23: 52 55 (76.0)
24: 45 47 50 (97.0)
25: 44 51 53 62 (52.0)
26: 40 59 68 (77.0)
27: 57 64 (51.0)
28: 48 56 (60.0)
29: (0.0)
30: 54 60 65 66 (93.0)
31: 58 63 (63.0)
32: 61 80 (60.0)
33: 67 79 (47.0)
34: 69 (50.0)
35: 70 72 (57.0)
36: 74 81 (57.0)
37: (0.0)
38: 73 77 (56.0)
39: 76 78 (63.0)
40: 71 83 (65.0)
41: 86 88 (78.0)
42: 90 99 (61.0)
43: 75 92 (54.0)
44: 85 94 (60.0)
45: 84 107 (56.0)
46: 91 96 (86.0)
47: 82 95 97 (49.0)
48: 93 103 (67.0)
49: 87 89 98 (44.0)
50: 101 115 (47.0)
51: 104 111 (56.0)
52: 106 110 123 (86.0)
53: (0.0)
54: 109 112 (79.0)
55: 102 108 (39.0)
56: 100 113 (53.0)
57: 105 119 (39.0)
58: (0.0)
59: 114 120 124 131 (89.0)
60: 122 128 (62.0)
61: 117 125 (78.0)
62: 116 118 121 (101.0)
63: 135 (46.0)
64: 127 129 134 (92.0)
65: 130 136 (75.0)
66: (0.0)
67: 150 (49.0)
68: 137 138 (49.0)
69: 133 (16.0)
70: 140 143 147 148 (84.0)
71: 132 142 (83.0)
72: 126 139 141 144 (99.0)
73: 146 (52.0)
74: 145 153 (65.0)
75: 155 157 159 (50.0)
76: 152 160 (55.0)
77: 154 158 (96.0)
78: 166 (53.0)
79: 163 (54.0)
80: 165 (56.0)
81: 149 151 164 167 168 (49.0)
82: 169 181 (85.0)
83: 156 171 (52.0)
84: 174 175 (61.0)
85: 161 170 (84.0)
86: 184 (51.0)
87: 173 178 (53.0)
88: 193 (57.0)
89: 162 180 185 192 (42.0)
90: 172 190 (82.0)
91: 183 186 188 (35.0)
92: 176 191 (51.0)
93: 177 196 (54.0)
94: 179 187 (80.0)
95: 199 (54.0)
96: 189 (52.0)
97: 182 (50.0)
98: 195 (53.0)
99: 204 211 (62.0)
100: 197 205 (60.0)
101: 194 198 200 (31.0)
102: 202 221 (77.0)
103: 201 207 (97.0)
104: 206 208 213 214 (55.0)
105: 217 218 (93.0)
106: 215 (51.0)
107: 209 (54.0)
108: 203 230 (53.0)
109: 212 222 (80.0)
110: 219 231 (48.0)
111: 216 237 (50.0)
112: 210 228 (85.0)
113: (0.0)
114: 220 226 229 (74.0)
115: 225 236 (60.0)
116: 223 227 (53.0)
117: 224 232 (81.0)
118: 235 251 (83.0)
119: 234 238 (76.0)
120: 242 (56.0)
121: 241 247 (73.0)
122: 233 239 250 255 (65.0)
123: 249 (51.0)
124: 245 263 (71.0)
125: 240 253 257 265 (78.0)
126: 243 244 248 259 (51.0)
127: 258 260 (70.0)
128: 246 252 (74.0)
129: 256 (57.0)
130: 254 261 (91.0)
131: 267 269 (77.0)
132: 272 (58.0)
133: 266 280 (63.0)
134: 262 281 (66.0)
135: 276 (51.0)
136: 274 (55.0)
137: 264 268 (73.0)
138: 275 279 286 (91.0)
139: 270 271 (65.0)
140: 283 287 291 (58.0)
141: 278 282 (80.0)
142: 289 (58.0)
143: 273 277 290 (68.0)
144: 293 297 (70.0)
145: 292 301 (56.0)
146: 285 298 (94.0)
147: 288 (8.0)
148: 284 294 299 (52.0)
149: 295 (53.0)
150: 300 305 (80.0)
151: 302 308 (80.0)
152: 303 306 319 (64.0)
153: 310 312 314 (44.0)
154: 296 316 (81.0)
155: 311 (61.0)
156: 307 309 (79.0)
157: 323 (55.0)
158: 304 317 320 (77.0)
159: 322 330 331 (84.0)
160: 318 324 (83.0)
161: 313 321 (89.0)
162: 315 (50.0)
163: 326 334 (68.0)
164: 329 333 335 (67.0)
165: 328 (62.0)
166: 337 (58.0)
167: 327 (56.0)
168: 325 338 (69.0)
169: 339 350 354 (74.0)
170: 340 342 (78.0)
171: 347 (61.0)
172: 332 336 341 (85.0)
173: 345 351 (80.0)
174: 346 355 (69.0)
175: 344 358 (64.0)
176: 348 353 (79.0)
177: 352 361 364 (92.0)
178: 363 368 (83.0)
179: 343 349 356 (74.0)
180: 359 360 (64.0)
181: 362 366 377 379 (77.0)
182: 365 (58.0)
183: 380 (66.0)
184: 367 372 (70.0)
185: 357 370 (84.0)
186: 376 (55.0)
187: 369 371 (58.0)
188: 374 381 (59.0)
189: 383 389 (75.0)
190: 390 (53.0)
191: 375 382 386 391 (88.0)
192: 385 387 (61.0)
193: 378 (59.0)
194: 388 394 (87.0)
195: 373 393 (83.0)
196: 384 396 (94.0)
197: 397 398 (83.0)
198: 402 (57.0)
199: 401 405 (54.0)
200: 392 395 (78.0)
201: 417 (55.0)
202: 406 407 419 (92.0)
203: 399 403 408 (96.0)
204: 400 413 (77.0)
205: 404 414 (86.0)
206: 409 418 (81.0)
207: 423 426 (72.0)
208: 410 (50.0)
209: 428 431 (79.0)
210: 421 424 (74.0)
211: 416 425 (76.0)
212: 411 412 (77.0)
213: 427 436 (97.0)
214: 415 422 (63.0)
215: 429 438 (66.0)
216: 430 432 442 (81.0)
217: 420 433 434 (90.0)
218: 444 455 (70.0)
219: 439 450 (72.0)
220: 441 (54.0)
221: 453 (69.0)
222: 435 437 446 (93.0)
223: 440 445 (71.0)
224: 447 (53.0)
225: 459 (64.0)
226: 448 449 (75.0)
227: 443 (53.0)
228: 451 457 471 (97.0)
229: 454 460 472 (87.0)
230: 452 462 465 (94.0)
231: 463 468 (54.0)
232: 467 (57.0)
233: 464 476 (86.0)
234: 458 470 (71.0)
235: 461 (63.0)
236: 456 466 473 (98.0)
237: 474 479 (68.0)
238: 478 487 (76.0)
239: 477 480 (63.0)
240: 469 (50.0)
241: 475 (62.0)
242: 482 483 (77.0)
243: 481 485 (91.0)
244: 489 (56.0)
245: 488 496 497 (100.0)
246: 490 491 (78.0)
247: 484 503 (71.0)
248: 486 498 (83.0)
249: 494 495 (78.0)
250: 492 (62.0)
251: 493 520 (79.0)
252: 506 516 517 (98.0)
253: 499 504 519 (99.0)
254: 501 508 (99.0)
255: 505 509 512 (93.0)
256: 500 510 (82.0)
257: 502 513 (87.0)
258: 511 525 (92.0)
259: 518 530 535 (96.0)
260: 507 515 (92.0)
261: 533 (61.0)
262: 522 526 532 (93.0)
263: 527 (72.0)
264: 521 524 538 (92.0)
265: 514 534 (95.0)
266: 523 531 541 (88.0)
267: 540 (51.0)
268: 536 546 (78.0)
269: 528 529 (80.0)
270: 552 554 (82.0)
271: 537 543 (84.0)
272: 539 542 557 (100.0)
273: 544 562 (86.0)
274: 559 563 (94.0)
275: 547 548 (86.0)
276: 549 551 (79.0)
277: 550 573 (88.0)
278: 555 556 (92.0)
279: 564 566 (90.0)
280: 545 567 (89.0)
281: 558 565 572 (91.0)
282: 553 569 (85.0)
283: 574 (55.0)
284: 560 (66.0)
285: 561 570 583 (87.0)
286: 584 (52.0)
287: 586 (71.0)
288: 568 (50.0)
289: 577 580 590 (100.0)
290: 579 (50.0)
291: 571 581 (93.0)
292: 576 (55.0)
293: 575 578 587 589 (86.0)
294: 585 593 600 (70.0)
295: 592 (57.0)
296: 596 602 (89.0)
297: 588 595 (91.0)
298: 582 603 (89.0)
299: 591 (51.0)
300: 598 606 609 (100.0)
301: 597 604 (91.0)
302: 594 (65.0)
303: 599 615 (93.0)
304: 601 (74.0)
305: 605 625 (95.0)
306: 618 619 (86.0)
307: 608 613 (89.0)
308: 607 612 (82.0)
309: 610 611 632 (88.0)
310: 616 617 644 (87.0)
311: 614 621 (96.0)
312: 620 631 (99.0)
313: 628 645 (81.0)
314: 639 640 (92.0)
315: 633 635 647 (89.0)
316: 623 636 (86.0)
317: 646 653 (97.0)
318: 622 626 637 (98.0)
319: 624 642 643 659 660 (110.0)
320: 627 638 650 (82.0)
321: 630 634 649 (94.0)
322: 656 662 665 (81.0)
323: 629 651 654 (77.0)
324: 641 648 668 672 676 (88.0)
325: 664 666 678 (97.0)
326: 658 661 667 (100.0)
327: 657 663 670 (97.0)
328: 652 671 673 (94.0)
329: 677 682 684 (87.0)
330: 669 674 687 (76.0)
331: 655 680 683 693 (99.0)
332: 679 686 691 (99.0)
333: 675 689 (77.0)
334: 685 700 (93.0)
335: 694 695 696 698 (99.0)
336: 690 697 (95.0)
337: 706 (50.0)
338: 681 702 707 (82.0)
339: 699 704 715 721 (93.0)
340: 692 709 719 (93.0)
341: 688 701 703 711 (101.0)
342: 708 712 714 (100.0)
343: 717 726 (97.0)
344: 705 727 (99.0)
345: 723 735 (96.0)
346: 725 734 739 (99.0)
347: 720 722 724 732 (100.0)
348: 710 718 729 747 (100.0)
349: 731 740 742 744 (100.0)
350: 713 730 737 738 746 (100.0)
351: 716 733 748 (99.0)
352: 745 751 (92.0)
353: 728 736 (89.0)
354: 752 754 (61.0)
355: 743 753 755 756 760 (94.0)
356: 750 758 762 764 (85.0)
357: 741 765 772 779 (97.0)
358: 767 774 782 (87.0)
359: 757 761 (88.0)
360: 759 780 (83.0)
361: 769 771 (78.0)
362: 749 768 770 776 (95.0)
363: 766 778 794 (94.0)
364: 773 783 (59.0)
365: 763 781 788 791 (87.0)
366: 792 799 (96.0)
367: 775 785 803 816 (79.0)
368: 777 786 793 (98.0)
369: 787 795 (86.0)
370: 789 807 815 (97.0)
371: 784 797 798 (100.0)
372: 806 824 (97.0)
373: 790 804 834 (100.0)
374: 808 818 (100.0)
375: 800 812 813 817 (107.0)
376: 810 823 843 (99.0)
377: 801 831 (97.0)
378: 796 828 (96.0)
379: 820 827 837 (99.0)
380: 802 814 822 (99.0)
381: 805 811 819 (95.0)
382: 809 821 826 829 (87.0)
383: 830 832 842 845 857 (100.0)
384: 839 847 851 853 (96.0)
385: 825 840 (97.0)
386: 833 838 848 850 (107.0)
387: 835 844 (94.0)
388: 836 852 861 (99.0)
389: 846 849 860 (79.0)
390: 841 873 (82.0)
391: 855 856 862 (91.0)
392: 854 865 867 (99.0)
393: 858 871 879 (91.0)
394: 859 863 874 884 (92.0)
395: 866 868 882 (96.0)
396: 869 872 875 886 (99.0)
397: 876 877 878 (135.0)
398: 889 892 909 (106.0)
399: 864 890 893 (103.0)
400: 870 880 881 (98.0)
401: 885 887 896 912 (99.0)
402: 883 891 905 (98.0)
403: 897 913 (98.0)
404: 888 898 903 (99.0)
405: 894 899 901 916 (98.0)
406: 895 926 (100.0)
407: 900 902 917 (100.0)
408: 906 920 922 (106.0)
409: 904 907 924 (100.0)
410: 914 919 921 (100.0)
411: 908 910 928 (97.0)
412: 918 936 940 (98.0)
413: 915 932 937 (99.0)
414: 925 927 929 (84.0)
415: 931 933 938 (98.0)
416: 911 923 934 (98.0)
417: 942 945 953 (97.0)
418: 939 944 949 (96.0)
419: 930 935 943 (99.0)
420: 941 950 963 (89.0)
421: 946 954 967 (97.0)
422: 947 955 956 (99.0)
423: 948 960 982 (95.0)
424: 952 961 969 (114.0)
425: 958 962 972 (99.0)
426: 951 965 966 (93.0)
427: 957 975 (90.0)
428: 971 977 980 981 989 (97.0)
429: 959 964 (96.0)
430: 973 997 (93.0)
431: 970 983 984 (97.0)
432: 968 974 976 993 (98.0)
433: 979 985 994 (99.0)
434: 978 999 (89.0)
435: 986 987 996 (106.0)
436: 990 991 992 998 (104.0)
437: 988 995 (100.0)
