Name: 1000-40-75
Time: 37.64645075798035 
Result: 408092
Solution:  4 2 2 0 7 2 0 5 9 9 8 5 4 7 12 3 8 6 11 3 10 8 6 11 17 18 15 10 13 14 17 12 16 19 14 16 25 14 24 20 20 21 18 15 25 22 24 20 26 21 23 18 19 27 23 29 32 26 27 28 31 32 29 28 31 32 34 34 38 31 38 34 32 36 35 35 42 36 40 41 41 39 46 44 43 40 43 41 39 46 48 44 42 47 46 41 54 49 53 48 52 53 54 51 50 52 54 49 57 52 48 56 47 58 57 64 63 51 59 66 55 64 56 66 65 55 63 62 59 61 58 62 66 74 71 64 65 67 67 64 73 76 78 70 70 69 69 78 72 79 77 83 73 77 77 75 83 77 74 83 86 78 81 80 87 76 86 83 85 81 79 84 84 89 90 84 88 81 91 87 90 92 94 91 94 91 93 95 89 93 92 96 96 96 101 98 98 97 100 95 98 101 108 101 99 99 109 106 103 105 103 104 106 105 107 100 109 107 111 110 102 111 110 115 111 116 116 111 113 117 112 114 110 114 115 117 112 113 125 119 118 120 122 127 123 123 120 122 124 125 119 124 127 131 128 126 123 130 128 129 124 131 132 132 138 134 133 134 129 136 135 126 133 136 143 137 130 135 142 137 145 140 135 141 139 137 140 150 142 144 137 145 148 148 151 144 150 149 146 147 157 149 147 152 144 154 146 160 153 159 158 159 152 155 156 149 157 162 159 155 161 159 169 158 160 165 163 163 162 167 164 165 170 166 162 164 171 168 176 169 171 170 170 175 170 168 174 174 177 178 172 177 180 173 173 172 183 184 179 172 178 181 180 189 188 176 184 183 186 188 193 185 192 185 178 186 190 187 194 190 182 191 191 187 192 189 190 198 191 199 195 200 199 196 196 197 197 192 195 201 200 204 202 202 205 199 199 203 204 198 201 208 206 205 207 209 208 208 212 217 211 210 213 215 210 210 209 214 220 207 221 215 209 218 212 217 219 214 222 219 216 216 213 217 222 220 223 221 224 230 223 229 225 220 226 228 230 229 229 228 237 230 231 232 234 234 232 237 235 238 233 235 241 230 232 233 241 239 238 245 236 239 240 238 243 246 242 243 248 242 244 249 249 245 246 250 249 250 252 247 256 255 253 255 256 254 250 251 248 256 252 257 259 256 263 253 260 258 262 260 258 258 267 263 264 259 261 261 259 257 265 264 265 266 268 262 274 268 273 267 275 269 269 271 265 275 270 277 272 273 273 280 270 275 274 272 278 276 271 279 274 281 283 279 279 280 284 283 287 282 278 290 290 278 286 291 287 282 285 285 289 289 288 288 292 299 292 291 298 291 297 295 293 293 300 297 296 295 299 298 302 294 300 302 300 305 298 295 305 304 303 302 310 307 301 305 301 309 305 306 306 311 308 304 305 307 307 312 311 300 311 307 312 313 312 313 310 315 317 314 310 314 309 312 313 319 316 316 316 313 315 309 320 318 318 318 318 317 321 321 323 319 324 315 323 322 314 321 322 325 324 320 317 325 327 325 320 326 323 328 322 330 327 324 326 334 324 328 329 333 326 330 327 329 332 324 334 333 328 328 335 340 336 334 331 329 339 341 338 336 344 331 337 335 341 339 337 332 333 339 337 338 342 345 336 342 341 341 338 340 347 344 344 344 341 349 340 342 342 346 347 348 346 348 343 348 344 347 348 353 346 353 350 356 353 345 350 351 358 351 349 350 354 352 354 361 355 352 358 352 351 355 361 354 364 357 357 359 365 360 364 359 365 355 360 359 356 360 363 360 358 368 362 361 367 364 363 363 366 371 362 362 365 368 366 366 369 367 368 374 367 369 374 372 376 372 369 371 376 372 365 378 376 380 374 378 381 380 375 375 375 385 373 379 370 376 380 374 373 373 377 379 381 380 379 378 377 382 375 379 391 377 384 386 378 384 386 387 382 388 388 388 392 392 389 390 385 385 389 382 394 391 390 386 390 389 396 393 385 383 389 393 387 398 397 392 396 394 393 397 396 390 399 393 399 395 395 394 395 398 406 400 396 394 405 398 406 401 400 407 403 405 403 407 404 410 402 406 408 414 403 404 410 404 405 400 408 402 404 407 412 416 408 409 409 412 415 408 417 411 412 407 415 414 417 418 413 411 411 420 414 416 419 417 415 420 422 418 413 425 417 421 421 420 425 422 422 421 429 426 418 427 424 419 428 418 424 430 422 428 426 430 431 428 423 432 423 430 427 431 426 432 429 429 427 425 431 431 432 425
0: 3 6 (45.0)
1: (0.0)
2: 1 2 5 (42.0)
3: 15 19 (52.0)
4: 0 12 (32.0)
5: 7 11 (61.0)
6: 17 22 (48.0)
7: 4 13 (50.0)
8: 10 16 21 (42.0)
9: 8 9 (40.0)
10: 20 27 (49.0)
11: 18 23 (32.0)
12: 14 31 (39.0)
13: 28 (31.0)
14: 29 34 37 (43.0)
15: 26 43 (35.0)
16: 32 35 (45.0)
17: 24 30 (40.0)
18: 25 42 51 (53.0)
19: 33 52 (42.0)
20: 39 40 47 (29.0)
21: 41 49 (61.0)
22: 45 (7.0)
23: 50 54 (48.0)
24: 38 46 (63.0)
25: 36 44 (56.0)
26: 48 57 (47.0)
27: 53 58 (40.0)
28: 59 63 (55.0)
29: 55 62 (31.0)
30: (0.0)
31: 60 64 69 (76.0)
32: 56 61 65 72 (53.0)
33: (0.0)
34: 66 67 71 (73.0)
35: 74 75 (42.0)
36: 73 77 (29.0)
37: (0.0)
38: 68 70 (43.0)
39: 81 88 (42.0)
40: 78 85 (53.0)
41: 79 80 87 95 (70.0)
42: 76 92 (46.0)
43: 84 86 (59.0)
44: 83 91 (31.0)
45: (0.0)
46: 82 89 94 (64.0)
47: 93 112 (58.0)
48: 90 99 110 (48.0)
49: 97 107 (52.0)
50: 104 (41.0)
51: 103 117 (52.0)
52: 100 105 109 (34.0)
53: 98 101 (54.0)
54: 96 102 106 (52.0)
55: 120 125 (42.0)
56: 111 122 (67.0)
57: 108 114 (68.0)
58: 113 130 (42.0)
59: 118 128 (57.0)
60: (0.0)
61: 129 (14.0)
62: 127 131 (20.0)
63: 116 126 (54.0)
64: 115 121 135 139 (39.0)
65: 124 136 (48.0)
66: 119 123 132 (38.0)
67: 137 138 (59.0)
68: (0.0)
69: 145 146 (56.0)
70: 143 144 (38.0)
71: 134 (44.0)
72: 148 (42.0)
73: 140 152 (49.0)
74: 133 158 (72.0)
75: 155 (34.0)
76: 141 165 (58.0)
77: 150 153 154 157 (72.0)
78: 142 147 161 (65.0)
79: 149 170 (45.0)
80: 163 (36.0)
81: 162 169 177 (18.0)
82: (0.0)
83: 151 156 159 167 (71.0)
84: 171 172 175 (39.0)
85: 168 (40.0)
86: 160 166 (56.0)
87: 164 179 (46.0)
88: 176 (45.0)
89: 173 188 (50.0)
90: 174 180 (69.0)
91: 178 183 185 (43.0)
92: 181 190 (40.0)
93: 186 189 (42.0)
94: 182 184 (63.0)
95: 187 199 (44.0)
96: 191 192 193 (63.0)
97: 197 (40.0)
98: 195 196 200 (60.0)
99: 204 205 (47.0)
100: 198 215 (70.0)
101: 194 201 203 (54.0)
102: 220 (40.0)
103: 208 210 (34.0)
104: 211 (42.0)
105: 209 213 (49.0)
106: 207 212 (28.0)
107: 214 217 (38.0)
108: 202 (34.0)
109: 206 216 (55.0)
110: 219 222 232 (59.0)
111: 218 221 224 227 (45.0)
112: 230 236 (46.0)
113: 228 237 (52.0)
114: 231 233 (56.0)
115: 223 234 (52.0)
116: 225 226 (73.0)
117: 229 235 (62.0)
118: 240 (38.0)
119: 239 250 (57.0)
120: 241 246 (39.0)
121: (0.0)
122: 242 247 (44.0)
123: 244 245 256 (69.0)
124: 248 251 260 (44.0)
125: 238 249 (58.0)
126: 255 271 (61.0)
127: 243 252 (65.0)
128: 254 258 (40.0)
129: 259 268 (67.0)
130: 257 276 (59.0)
131: 253 261 (49.0)
132: 262 263 (50.0)
133: 266 272 (59.0)
134: 265 267 (13.0)
135: 270 277 282 (48.0)
136: 269 273 (47.0)
137: 275 279 285 290 (38.0)
138: 264 (49.0)
139: 284 (47.0)
140: 281 286 (45.0)
141: 283 (42.0)
142: 278 288 (63.0)
143: 274 (46.0)
144: 289 295 304 (44.0)
145: 280 291 (59.0)
146: 298 306 (49.0)
147: 299 302 (50.0)
148: 292 293 (51.0)
149: 297 301 315 (38.0)
150: 287 296 (73.0)
151: 294 (42.0)
152: 303 312 (56.0)
153: 308 (40.0)
154: 305 (41.0)
155: 313 319 (63.0)
156: 314 (47.0)
157: 300 316 (73.0)
158: 310 323 (56.0)
159: 309 311 318 321 (68.0)
160: 307 324 (51.0)
161: 320 (40.0)
162: 317 328 334 (38.0)
163: 326 327 (53.0)
164: 330 335 (60.0)
165: 325 331 (55.0)
166: 333 (46.0)
167: 329 (41.0)
168: 337 345 (46.0)
169: 322 339 (55.0)
170: 332 341 342 344 (70.0)
171: 336 340 (56.0)
172: 350 355 359 (47.0)
173: 353 354 (51.0)
174: 346 347 (54.0)
175: 343 (48.0)
176: 338 365 (59.0)
177: 348 351 (71.0)
178: 349 360 374 (48.0)
179: 358 (45.0)
180: 352 362 (66.0)
181: 361 (42.0)
182: 380 (51.0)
183: 356 367 (48.0)
184: 357 366 (60.0)
185: 371 373 (54.0)
186: 368 375 (48.0)
187: 377 383 (71.0)
188: 364 369 (65.0)
189: 363 385 (46.0)
190: 376 379 386 (58.0)
191: 381 382 388 (59.0)
192: 372 384 397 (74.0)
193: 370 (45.0)
194: 378 (42.0)
195: 390 398 (74.0)
196: 393 394 (56.0)
197: 395 396 (63.0)
198: 387 409 (57.0)
199: 389 392 405 406 (66.0)
200: 391 400 (46.0)
201: 399 410 (45.0)
202: 402 403 (56.0)
203: 407 (40.0)
204: 401 408 (56.0)
205: 404 413 (51.0)
206: 412 (45.0)
207: 414 429 (49.0)
208: 411 416 417 (86.0)
209: 415 426 432 (59.0)
210: 421 424 425 (70.0)
211: 420 (42.0)
212: 418 434 (52.0)
213: 422 442 (69.0)
214: 427 437 (56.0)
215: 423 431 (71.0)
216: 440 441 (57.0)
217: 419 435 443 (68.0)
218: 433 (51.0)
219: 436 439 (55.0)
220: 428 445 453 (61.0)
221: 430 447 (59.0)
222: 438 444 (75.0)
223: 446 450 (69.0)
224: 448 (44.0)
225: 452 (48.0)
226: 454 (40.0)
227: (0.0)
228: 455 459 (37.0)
229: 451 457 458 (87.0)
230: 449 456 461 473 (58.0)
231: 462 (50.0)
232: 463 466 474 (52.0)
233: 470 475 (77.0)
234: 464 465 (58.0)
235: 468 471 (71.0)
236: 480 (44.0)
237: 460 467 (71.0)
238: 469 478 483 (53.0)
239: 477 481 (59.0)
240: 482 (43.0)
241: 472 476 (71.0)
242: 486 489 (83.0)
243: 484 487 (74.0)
244: 490 (51.0)
245: 479 493 (64.0)
246: 485 494 (46.0)
247: 499 (49.0)
248: 488 508 (57.0)
249: 491 492 496 (68.0)
250: 495 497 506 (61.0)
251: 507 (40.0)
252: 498 510 (51.0)
253: 502 515 (50.0)
254: 505 (45.0)
255: 501 503 (69.0)
256: 500 504 509 513 (75.0)
257: 511 529 (70.0)
258: 517 520 521 (63.0)
259: 512 525 528 (68.0)
260: 516 519 (71.0)
261: 526 527 (61.0)
262: 518 535 (73.0)
263: 514 523 (72.0)
264: 524 531 (71.0)
265: 530 532 544 (73.0)
266: 533 (58.0)
267: 522 539 (75.0)
268: 534 537 (66.0)
269: 541 542 (58.0)
270: 546 552 (49.0)
271: 543 558 (99.0)
272: 548 555 (56.0)
273: 538 549 550 (71.0)
274: 536 554 560 (67.0)
275: 540 545 553 (73.0)
276: 557 (51.0)
277: 547 (41.0)
278: 556 570 573 (69.0)
279: 559 563 564 (75.0)
280: 551 565 (61.0)
281: 561 (43.0)
282: 569 577 (62.0)
283: 562 567 (73.0)
284: 566 (40.0)
285: 578 579 (63.0)
286: 574 (59.0)
287: 568 576 (64.0)
288: 582 583 (63.0)
289: 580 581 (63.0)
290: 571 572 (68.0)
291: 575 587 589 (73.0)
292: 584 586 (76.0)
293: 592 593 (64.0)
294: 601 (47.0)
295: 591 597 607 (72.0)
296: 596 (45.0)
297: 590 595 (64.0)
298: 588 599 606 (58.0)
299: 585 598 (45.0)
300: 594 602 604 629 (52.0)
301: 614 616 (52.0)
302: 600 603 611 (65.0)
303: 610 (42.0)
304: 609 623 (53.0)
305: 605 608 615 618 624 (63.0)
306: 619 620 (54.0)
307: 613 625 626 631 (73.0)
308: 622 (45.0)
309: 617 642 651 (63.0)
310: 612 636 640 (71.0)
311: 621 628 630 (67.0)
312: 627 632 634 643 (73.0)
313: 633 635 644 649 (72.0)
314: 639 641 666 (67.0)
315: 637 650 663 (71.0)
316: 646 647 648 (65.0)
317: 638 657 672 (74.0)
318: 653 654 655 656 (71.0)
319: 645 661 (48.0)
320: 652 671 676 (75.0)
321: 658 659 667 (74.0)
322: 665 668 680 (53.0)
323: 660 664 678 (73.0)
324: 662 670 683 686 695 (75.0)
325: 669 673 675 (72.0)
326: 677 684 690 (64.0)
327: 674 682 692 (73.0)
328: 679 687 698 699 (75.0)
329: 688 693 705 (73.0)
330: 681 691 (74.0)
331: 704 711 (69.0)
332: 694 717 (69.0)
333: 689 697 718 (74.0)
334: 685 696 703 (67.0)
335: 700 713 (71.0)
336: 702 709 724 (70.0)
337: 712 716 720 (64.0)
338: 708 721 728 (74.0)
339: 706 715 719 (76.0)
340: 701 729 736 (53.0)
341: 707 714 726 727 734 (63.0)
342: 722 725 737 738 (52.0)
343: 744 (57.0)
344: 710 731 732 733 746 (65.0)
345: 723 755 (57.0)
346: 739 742 750 (66.0)
347: 730 740 747 (71.0)
348: 741 743 745 748 (74.0)
349: 735 760 (71.0)
350: 752 756 761 (75.0)
351: 757 759 770 (74.0)
352: 763 767 769 (86.0)
353: 749 751 754 (80.0)
354: 762 764 773 (73.0)
355: 766 771 783 (74.0)
356: 753 786 (70.0)
357: 775 776 (63.0)
358: 758 768 790 (75.0)
359: 777 781 785 (61.0)
360: 779 784 787 789 (70.0)
361: 765 772 793 (49.0)
362: 792 800 801 (74.0)
363: 788 796 797 (75.0)
364: 774 780 795 (75.0)
365: 778 782 802 820 (74.0)
366: 798 804 805 (72.0)
367: 794 807 810 (71.0)
368: 791 803 808 (69.0)
369: 806 811 816 (79.0)
370: 834 (46.0)
371: 799 817 (55.0)
372: 813 815 819 (72.0)
373: 832 838 839 (73.0)
374: 809 812 824 837 (70.0)
375: 828 829 830 848 (71.0)
376: 814 818 822 835 (75.0)
377: 840 846 851 (74.0)
378: 821 825 845 854 (63.0)
379: 833 841 844 849 (74.0)
380: 823 827 836 843 (69.0)
381: 826 842 (69.0)
382: 847 858 869 (74.0)
383: 879 (47.0)
384: 852 855 (61.0)
385: 831 866 867 878 (75.0)
386: 853 856 873 (66.0)
387: 857 882 (68.0)
388: 859 860 861 (71.0)
389: 864 868 875 880 (74.0)
390: 865 872 874 891 (75.0)
391: 850 871 (69.0)
392: 862 863 885 (67.0)
393: 877 881 888 893 (70.0)
394: 870 887 897 903 (72.0)
395: 895 896 898 (75.0)
396: 876 886 890 902 (81.0)
397: 884 889 (72.0)
398: 883 899 905 (72.0)
399: 892 894 (61.0)
400: 901 908 925 (61.0)
401: 907 (59.0)
402: 916 927 (68.0)
403: 910 912 920 (69.0)
404: 914 921 923 928 (73.0)
405: 904 911 924 (74.0)
406: 900 906 917 (75.0)
407: 909 913 929 941 (82.0)
408: 918 926 932 937 (75.0)
409: 933 934 (72.0)
410: 915 922 (70.0)
411: 939 947 948 (74.0)
412: 930 935 940 (74.0)
413: 946 958 (68.0)
414: 919 943 950 (72.0)
415: 936 942 954 (92.0)
416: 931 951 (75.0)
417: 938 944 953 960 (81.0)
418: 945 957 970 975 (79.0)
419: 952 973 (75.0)
420: 949 955 963 (84.0)
421: 961 962 967 (78.0)
422: 956 965 966 978 (81.0)
423: 984 986 (74.0)
424: 972 976 (71.0)
425: 959 964 995 999 (70.0)
426: 969 980 990 (74.0)
427: 971 988 994 (72.0)
428: 974 979 983 (73.0)
429: 968 992 993 (72.0)
430: 977 981 987 (72.0)
431: 982 989 996 997 (86.0)
432: 985 991 998 (74.0)
