Name: 100-60-125
Time: 9.160738229751587 
Result: 61
Solution:  4 2 2 8 6 6 2 3 4 3 5 0 7 1 10 7 3 11 9 9 10 13 5 10 6 7 17 15 14 10 8 13 15 12 19 14 17 21 20 18 20 21 27 26 27 16 16 22 25 23 22 21 25 27 26 23 23 24 21 30 32 22 28 28 29 34 30 38 25 33 30 29 34 33 32 32 37 34 30 28 31 36 36 40 38 35 37 36 38 34 33 35 37 39 40 38 40 41 39 37
0: 11 (60.0)
1: 13 (66.0)
2: 1 2 6 (81.0)
3: 7 9 16 (85.0)
4: 0 8 (61.0)
5: 10 22 (81.0)
6: 4 5 24 (109.0)
7: 12 15 25 (93.0)
8: 3 30 (84.0)
9: 18 19 (75.0)
10: 14 20 23 29 (85.0)
11: 17 (68.0)
12: 33 (64.0)
13: 21 31 (88.0)
14: 28 35 (81.0)
15: 27 32 (69.0)
16: 45 46 (83.0)
17: 26 36 (90.0)
18: 39 (62.0)
19: 34 (66.0)
20: 38 40 (97.0)
21: 37 41 51 58 (119.0)
22: 47 50 61 (119.0)
23: 49 55 56 (110.0)
24: 57 (72.0)
25: 48 52 68 (90.0)
26: 43 54 (68.0)
27: 42 44 53 (104.0)
28: 62 63 79 (113.0)
29: 64 71 (113.0)
30: 59 66 70 78 (117.0)
31: 80 (68.0)
32: 60 74 75 (115.0)
33: 69 73 90 (121.0)
34: 65 72 77 89 (115.0)
35: 85 91 (89.0)
36: 81 82 87 (99.0)
37: 76 86 92 99 (115.0)
38: 67 84 88 95 (118.0)
39: 93 98 (111.0)
40: 83 94 96 (118.0)
41: 97 (81.0)
