Name: 1000-50-100
Time: 70.4196527004242 
Result: 91
Solution:  5 2 7 0 0 3 4 2 7 4 5 2 7 9 8 6 7 8 10 3 13 11 12 11 9 19 18 6 19 17 14 12 16 15 21 20 18 16 14 10 21 25 13 17 25 15 24 23 30 23 28 23 20 31 30 24 33 25 25 29 33 32 33 27 28 31 32 29 39 34 35 39 45 37 41 35 38 44 37 47 32 38 47 39 50 42 41 43 40 40 51 44 42 46 46 48 49 43 45 49 52 51 51 52 48 50 53 53 56 54 55 50 55 56 62 60 66 58 60 59 57 57 63 67 58 59 70 62 57 64 69 66 63 70 67 61 72 68 68 69 69 71 71 73 72 74 75 73 80 76 70 79 78 79 77 79 73 77 74 76 78 82 79 83 79 89 88 82 80 81 86 83 87 86 81 87 91 88 86 88 94 91 85 91 92 97 95 94 96 90 101 100 96 93 97 99 96 100 103 104 96 102 95 105 98 107 105 102 104 106 97 98 107 105 100 103 108 114 110 108 111 101 113 109 109 117 115 117 110 119 108 118 116 119 115 118 118 111 116 121 123 121 120 119 126 128 123 122 131 129 125 124 133 126 128 126 127 126 125 131 129 122 135 131 132 130 133 130 142 132 140 136 134 135 145 141 138 139 133 143 135 140 139 137 144 142 137 144 149 147 141 140 144 148 147 146 148 143 154 151 150 156 157 155 149 153 150 153 151 149 151 152 155 156 157 159 154 157 161 155 167 162 165 158 161 163 161 160 164 167 163 166 166 168 176 169 168 165 162 170 174 172 171 169 170 172 173 173 178 175 169 179 175 179 172 174 182 178 185 181 176 177 181 182 183 183 181 187 177 185 188 184 184 186 180 187 189 184 190 180 191 187 192 188 195 187 194 193 197 192 194 194 203 196 198 195 196 198 197 196 199 200 202 203 210 210 201 203 201 206 205 209 207 207 211 209 208 200 206 204 216 204 214 216 209 208 212 211 214 215 212 218 209 222 215 217 213 220 216 218 221 221 215 224 221 219 224 223 220 220 228 228 226 227 230 231 237 226 233 225 230 229 231 226 233 230 234 236 233 234 232 227 237 238 238 235 240 239 242 239 243 242 241 240 246 243 242 238 246 244 245 245 250 248 253 247 241 246 248 249 255 249 252 249 251 253 253 256 254 258 260 260 250 252 262 259 255 258 255 257 251 258 263 265 266 265 258 261 268 263 259 262 266 269 267 266 269 273 267 272 264 265 277 271 270 280 268 271 275 274 275 272 280 277 278 276 284 278 279 274 282 284 281 273 276 281 280 283 287 281 287 279 286 286 293 283 291 290 294 290 289 289 288 288 300 294 285 292 295 293 294 292 296 293 301 301 298 303 301 297 300 299 298 302 310 300 306 302 307 303 308 308 305 306 312 305 310 309 307 316 313 305 314 320 315 304 314 312 314 323 323 313 310 316 319 311 311 318 321 317 318 326 318 320 317 317 315 314 326 323 321 324 326 321 320 330 324 319 328 322 319 327 330 326 325 322 325 329 322 329 321 325 328 325 329 334 327 327 322 331 330 324 330 333 332 336 333 331 340 335 333 341 340 332 337 335 339 337 335 335 336 332 338 339 339 334 344 338 342 341 350 337 343 345 346 339 338 344 349 348 346 345 338 345 352 347 342 343 342 351 340 347 355 351 347 356 348 350 348 352 349 349 350 355 353 353 359 349 355 359 347 350 354 356 354 356 358 351 354 361 356 358 357 359 362 357 357 355 363 360 361 360 365 363 362 365 361 364 364 362 367 368 356 363 365 365 369 367 364 373 373 368 370 364 369 366 366 374 372 375 369 375 371 368 372 377 371 370 374 381 376 380 383 376 385 373 368 375 374 377 378 382 385 376 375 377 379 378 380 379 377 378 385 382 382 391 384 379 384 384 383 386 382 386 381 383 386 389 387 384 388 387 388 389 390 395 389 387 393 391 390 390 391 394 394 387 401 392 393 393 392 404 395 388 394 396 397 400 397 391 398 395 398 402 393 396 401 398 401 408 396 402 399 399 399 404 410 403 400 405 405 405 403 400 410 409 408 407 414 403 409 413 413 411 413 407 407 409 412 405 406 406 408 410 409 414 406 414 409 413 417 412 415 415 417 420 411 416 416 422 412 421 418 420 420 418 422 419 415 421 420 425 427 413 422 426 418 419 433 424 423 424 421 423 429 430 435 421 430 427 422 428 431 428 432 425 435 429 434 428 429 426 424 435 437 436 433 437 432 429 436 431 437 432 430 434 436 434 436 436
0: 3 4 (53.0)
1: (0.0)
2: 1 7 11 (51.0)
3: 5 19 (52.0)
4: 6 9 (93.0)
5: 0 10 (53.0)
6: 15 27 (66.0)
7: 2 8 12 16 (50.0)
8: 14 17 (63.0)
9: 13 24 (74.0)
10: 18 39 (59.0)
11: 21 23 (40.0)
12: 22 31 (53.0)
13: 20 42 (62.0)
14: 30 38 (55.0)
15: 33 45 (61.0)
16: 32 37 (64.0)
17: 29 43 (39.0)
18: 26 36 (39.0)
19: 25 28 (33.0)
20: 35 52 (64.0)
21: 34 40 (52.0)
22: (0.0)
23: 47 49 51 (47.0)
24: 46 55 (84.0)
25: 41 44 57 58 (75.0)
26: (0.0)
27: 63 (49.0)
28: 50 64 (62.0)
29: 59 67 (65.0)
30: 48 54 (45.0)
31: 53 65 (55.0)
32: 61 66 80 (90.0)
33: 56 60 62 (50.0)
34: 69 (50.0)
35: 70 75 (60.0)
36: (0.0)
37: 73 78 (64.0)
38: 76 81 (59.0)
39: 68 71 83 (70.0)
40: 88 89 (56.0)
41: 74 86 (60.0)
42: 85 92 (56.0)
43: 87 97 (35.0)
44: 77 91 (66.0)
45: 72 98 (35.0)
46: 93 94 (60.0)
47: 79 82 (34.0)
48: 95 104 (69.0)
49: 96 99 (91.0)
50: 84 105 111 (51.0)
51: 90 101 102 (54.0)
52: 100 103 (75.0)
53: 106 107 (57.0)
54: 109 (37.0)
55: 110 112 (88.0)
56: 108 113 (36.0)
57: 120 121 128 (75.0)
58: 117 124 (40.0)
59: 119 125 (74.0)
60: 115 118 (59.0)
61: 135 (46.0)
62: 114 127 (69.0)
63: 122 132 (87.0)
64: 129 (41.0)
65: (0.0)
66: 116 131 (59.0)
67: 123 134 (26.0)
68: 137 138 (49.0)
69: 130 139 140 (61.0)
70: 126 133 150 (85.0)
71: 141 142 (87.0)
72: 136 144 (60.0)
73: 143 147 156 (56.0)
74: 145 158 (94.0)
75: 146 (52.0)
76: 149 159 (25.0)
77: 154 157 (77.0)
78: 152 160 (55.0)
79: 151 153 155 162 164 (48.0)
80: 148 168 (61.0)
81: 169 174 (64.0)
82: 161 167 (52.0)
83: 163 171 (75.0)
84: (0.0)
85: 182 (50.0)
86: 170 173 178 (92.0)
87: 172 175 (77.0)
88: 166 177 179 (111.0)
89: 165 (56.0)
90: 189 (52.0)
91: 176 181 183 (87.0)
92: 184 (51.0)
93: 193 (57.0)
94: 180 187 (68.0)
95: 186 202 (54.0)
96: 188 192 196 200 (58.0)
97: 185 194 210 (55.0)
98: 204 211 (62.0)
99: 195 (53.0)
100: 191 197 214 (60.0)
101: 190 221 (84.0)
102: 201 207 (97.0)
103: 198 215 (59.0)
104: 199 208 (62.0)
105: 203 206 213 (57.0)
106: 209 (54.0)
107: 205 212 (68.0)
108: 216 219 230 (64.0)
109: 223 224 (57.0)
110: 218 228 (96.0)
111: 220 237 (59.0)
112: (0.0)
113: 222 (39.0)
114: 217 (46.0)
115: 226 234 (69.0)
116: 232 238 (89.0)
117: 225 227 (59.0)
118: 231 235 236 (90.0)
119: 229 233 243 (37.0)
120: 242 (56.0)
121: 239 241 (63.0)
122: 247 261 (78.0)
123: 240 246 (55.0)
124: 251 (55.0)
125: 250 258 (59.0)
126: 244 253 255 257 (62.0)
127: 256 (57.0)
128: 245 254 (95.0)
129: 249 260 (71.0)
130: 265 267 (70.0)
131: 248 259 263 (50.0)
132: 264 269 (72.0)
133: 252 266 278 (97.0)
134: 272 (58.0)
135: 262 273 280 (93.0)
136: 271 (52.0)
137: 283 286 (68.0)
138: 276 (51.0)
139: 277 282 (61.0)
140: 270 281 291 (56.0)
141: 275 290 (57.0)
142: 268 285 (82.0)
143: 279 297 (62.0)
144: 284 287 292 (61.0)
145: 274 (55.0)
146: 295 (53.0)
147: 289 294 (71.0)
148: 293 296 (77.0)
149: 288 304 309 (62.0)
150: 300 306 (55.0)
151: 299 308 310 (67.0)
152: 311 (61.0)
153: 305 307 (92.0)
154: 298 316 (89.0)
155: 303 312 319 (65.0)
156: 301 313 (79.0)
157: 302 314 317 (84.0)
158: 323 (55.0)
159: 315 (50.0)
160: 327 (56.0)
161: 318 324 326 (96.0)
162: 321 338 (75.0)
163: 325 330 (77.0)
164: 328 (62.0)
165: 322 337 (72.0)
166: 331 332 (52.0)
167: 320 329 (36.0)
168: 333 336 (57.0)
169: 335 343 350 (57.0)
170: 339 344 (68.0)
171: 342 (56.0)
172: 341 345 354 (96.0)
173: 346 347 (70.0)
174: 340 355 (82.0)
175: 349 352 (63.0)
176: 334 360 (79.0)
177: 361 368 (91.0)
178: 348 357 (82.0)
179: 351 353 (82.0)
180: 374 379 (66.0)
181: 359 362 366 (87.0)
182: 356 363 (68.0)
183: 364 365 (71.0)
184: 371 372 377 (60.0)
185: 358 369 (59.0)
186: 373 (59.0)
187: 367 375 381 385 (92.0)
188: 370 383 (87.0)
189: 376 (55.0)
190: 378 (59.0)
191: 380 (66.0)
192: 382 389 (57.0)
193: 387 (51.0)
194: 386 390 391 (95.0)
195: 384 395 (91.0)
196: 393 396 399 (87.0)
197: 388 398 (85.0)
198: 394 397 (85.0)
199: 400 (56.0)
200: 401 417 (72.0)
201: 406 408 (98.0)
202: 402 (57.0)
203: 392 403 407 (90.0)
204: 419 421 (75.0)
205: 410 (50.0)
206: 409 418 (81.0)
207: 412 413 (74.0)
208: 416 425 (76.0)
209: 411 415 424 432 (88.0)
210: 404 405 (74.0)
211: 414 427 (87.0)
212: 426 430 (73.0)
213: 436 (59.0)
214: 422 428 (79.0)
215: 429 434 442 (76.0)
216: 420 423 438 (85.0)
217: 435 (55.0)
218: 431 439 (81.0)
219: 445 (50.0)
220: 437 448 449 (91.0)
221: 440 441 444 (100.0)
222: 433 (53.0)
223: 447 (53.0)
224: 443 446 (75.0)
225: 459 (64.0)
226: 452 457 463 (66.0)
227: 453 471 (87.0)
228: 450 451 (76.0)
229: 461 (63.0)
230: 454 460 465 (82.0)
231: 455 462 (94.0)
232: 470 (59.0)
233: 458 464 468 (77.0)
234: 466 469 (70.0)
235: 475 (62.0)
236: 467 (57.0)
237: 456 472 (87.0)
238: 473 474 487 (101.0)
239: 477 479 (82.0)
240: 476 483 (89.0)
241: 482 496 (81.0)
242: 478 481 486 (93.0)
243: 480 485 (82.0)
244: 489 (56.0)
245: 490 491 (78.0)
246: 484 488 497 (85.0)
247: 495 (73.0)
248: 493 498 (73.0)
249: 499 501 503 (92.0)
250: 492 512 (92.0)
251: 504 520 (88.0)
252: 502 513 (87.0)
253: 494 505 506 (78.0)
254: 508 (70.0)
255: 500 516 518 (99.0)
256: 507 (60.0)
257: 519 (52.0)
258: 509 517 521 526 (91.0)
259: 515 530 (68.0)
260: 510 511 (79.0)
261: 527 (72.0)
262: 514 531 (91.0)
263: 522 529 (95.0)
264: 540 (51.0)
265: 523 525 541 (89.0)
266: 524 532 535 (87.0)
267: 534 538 (88.0)
268: 528 546 (90.0)
269: 533 536 (100.0)
270: 544 (52.0)
271: 543 547 (85.0)
272: 539 551 (81.0)
273: 537 563 (91.0)
274: 549 559 (84.0)
275: 548 550 (85.0)
276: 555 564 (96.0)
277: 542 553 (91.0)
278: 554 557 (72.0)
279: 558 571 (86.0)
280: 545 552 566 (84.0)
281: 562 565 569 (84.0)
282: 560 (66.0)
283: 567 575 (87.0)
284: 556 561 (78.0)
285: 586 (71.0)
286: 572 573 (83.0)
287: 568 570 (84.0)
288: 582 583 (84.0)
289: 580 581 (83.0)
290: 577 579 (78.0)
291: 576 (55.0)
292: 587 591 (64.0)
293: 574 589 593 (94.0)
294: 578 585 590 (98.0)
295: 588 (72.0)
296: 592 (57.0)
297: 599 (69.0)
298: 596 602 (89.0)
299: 601 (74.0)
300: 584 600 605 (95.0)
301: 594 595 598 (99.0)
302: 603 607 (84.0)
303: 597 609 (80.0)
304: 625 (63.0)
305: 612 615 621 (98.0)
306: 606 613 (89.0)
307: 608 618 (78.0)
308: 610 611 (85.0)
309: 617 (53.0)
310: 604 616 632 (89.0)
311: 635 636 (69.0)
312: 614 627 (90.0)
313: 620 631 (99.0)
314: 622 626 628 647 (93.0)
315: 624 646 (100.0)
316: 619 633 (87.0)
317: 639 644 645 (93.0)
318: 637 640 642 (99.0)
319: 634 657 660 (100.0)
320: 623 643 654 (99.0)
321: 638 650 653 670 (112.0)
322: 659 665 668 678 (98.0)
323: 629 630 649 (89.0)
324: 651 656 681 (85.0)
325: 664 666 671 673 (95.0)
326: 641 648 652 663 (84.0)
327: 661 676 677 (98.0)
328: 658 672 (65.0)
329: 667 669 674 (88.0)
330: 655 662 680 682 (91.0)
331: 679 687 (63.0)
332: 684 693 701 (99.0)
333: 683 686 690 (86.0)
334: 675 705 (93.0)
335: 689 695 698 699 (107.0)
336: 685 700 (93.0)
337: 694 697 711 (99.0)
338: 702 707 716 722 (91.0)
339: 696 703 704 715 (95.0)
340: 688 692 730 (98.0)
341: 691 709 (85.0)
342: 708 726 728 (95.0)
343: 712 727 (96.0)
344: 706 717 (88.0)
345: 713 721 723 (100.0)
346: 714 720 (90.0)
347: 725 731 734 750 (86.0)
348: 719 736 738 (99.0)
349: 718 740 741 747 (99.0)
350: 710 737 742 751 (97.0)
351: 729 733 757 (98.0)
352: 724 739 (99.0)
353: 744 745 (112.0)
354: 752 754 758 (66.0)
355: 732 743 748 767 (93.0)
356: 735 753 755 760 782 (85.0)
357: 762 765 766 (100.0)
358: 756 761 (71.0)
359: 746 749 763 (74.0)
360: 769 771 (78.0)
361: 759 770 776 (97.0)
362: 764 774 779 (74.0)
363: 768 773 783 (92.0)
364: 777 778 788 793 (99.0)
365: 772 775 784 785 (99.0)
366: 795 796 (95.0)
367: 780 787 (83.0)
368: 781 791 803 816 (95.0)
369: 786 794 800 (96.0)
370: 792 807 (94.0)
371: 802 806 (97.0)
372: 798 804 (92.0)
373: 789 790 815 (96.0)
374: 797 808 818 (111.0)
375: 799 801 817 824 (99.0)
376: 810 813 823 (95.0)
377: 805 819 825 830 (99.0)
378: 820 827 831 (99.0)
379: 826 829 837 (99.0)
380: 811 828 (85.0)
381: 809 844 (95.0)
382: 821 833 834 842 (98.0)
383: 812 840 845 (100.0)
384: 836 838 839 849 (80.0)
385: 814 822 832 (99.0)
386: 841 843 846 (108.0)
387: 848 851 857 865 (108.0)
388: 850 852 873 (116.0)
389: 847 853 856 (90.0)
390: 854 860 861 (83.0)
391: 835 859 862 879 (96.0)
392: 867 870 (89.0)
393: 858 868 869 884 (95.0)
394: 863 864 874 (99.0)
395: 855 872 881 (96.0)
396: 875 885 890 (83.0)
397: 876 878 (102.0)
398: 880 882 887 (94.0)
399: 892 893 894 (97.0)
400: 877 898 903 (97.0)
401: 866 886 888 (97.0)
402: 883 891 (97.0)
403: 897 902 909 (105.0)
404: 871 895 (96.0)
405: 899 900 901 919 (100.0)
406: 920 921 926 (100.0)
407: 907 915 916 (93.0)
408: 889 906 922 (99.0)
409: 905 910 917 924 928 (99.0)
410: 896 904 923 (95.0)
411: 913 936 (100.0)
412: 918 931 940 (98.0)
413: 911 912 914 929 953 (95.0)
414: 908 925 927 (99.0)
415: 932 933 948 (98.0)
416: 937 938 (93.0)
417: 930 934 (99.0)
418: 942 945 956 (100.0)
419: 947 957 (96.0)
420: 935 943 944 950 (101.0)
421: 941 949 962 967 (105.0)
422: 939 946 954 970 (101.0)
423: 960 963 (95.0)
424: 959 961 982 (102.0)
425: 951 975 (97.0)
426: 955 981 (100.0)
427: 952 969 (100.0)
428: 971 973 979 (89.0)
429: 964 977 980 989 (95.0)
430: 965 968 994 (100.0)
431: 972 991 (100.0)
432: 974 988 993 (97.0)
433: 958 986 (95.0)
434: 978 995 997 (95.0)
435: 966 976 983 (93.0)
436: 985 990 996 998 999 (100.0)
437: 984 987 992 (100.0)
