Name: 250-50-100
Time: 20.378036499023438 
Result: 87
Solution:  0 2 5 0 6 5 4 6 0 3 2 9 4 13 7 11 9 10 11 3 8 8 16 15 4 12 16 17 20 17 14 14 10 19 18 12 23 18 13 21 22 23 16 18 21 15 25 20 25 20 19 28 26 22 31 24 24 30 29 34 28 29 30 30 26 31 32 33 34 35 36 37 37 36 44 28 35 32 38 38 41 33 43 42 40 46 41 43 42 46 43 47 50 40 51 51 39 42 49 48 49 52 53 47 45 45 49 50 58 57 59 53 54 58 51 56 52 60 61 58 66 67 63 60 65 55 63 62 64 66 59 62 65 73 65 66 66 60 68 68 69 73 67 67 70 69 65 67 77 72 64 76 65 76 72 71 69 75 70 71 70 75 80 74 74 77 78 77 77 74 75 75 81 80 79 81 88 76 85 81 83 75 87 79 84 85 82 89 83 82 88 88 88 86 90 78 91 91 87 86 89 92 91 84 89 93 87 89 92 93 87 99 89 93 96 91 85 92 90 100 90 94 94 95 102 97 98 97 95 96 97 101 102 92 101 99 94 103 97 99 102 95 102 100 104 98 104 96 104 103
0: 0 3 8 (49.0)
1: (0.0)
2: 1 10 (59.0)
3: 9 19 (52.0)
4: 6 12 24 (58.0)
5: 2 5 (64.0)
6: 4 7 (48.0)
7: 14 (27.0)
8: 20 21 (53.0)
9: 11 16 (57.0)
10: 17 32 (54.0)
11: 15 18 (50.0)
12: 25 35 (79.0)
13: 13 38 (57.0)
14: 30 31 (56.0)
15: 23 45 (82.0)
16: 22 26 42 (50.0)
17: 27 29 (65.0)
18: 34 37 43 (76.0)
19: 33 50 (72.0)
20: 28 47 49 (65.0)
21: 39 44 (57.0)
22: 40 53 (56.0)
23: 36 41 (65.0)
24: 55 56 (53.0)
25: 46 48 (78.0)
26: 52 64 (73.0)
27: (0.0)
28: 51 60 75 (57.0)
29: 58 61 (57.0)
30: 57 62 63 (94.0)
31: 54 65 (71.0)
32: 66 77 (54.0)
33: 67 81 (80.0)
34: 59 68 (64.0)
35: 69 76 (72.0)
36: 70 73 (79.0)
37: 71 72 (52.0)
38: 78 79 (67.0)
39: 96 (52.0)
40: 84 93 (52.0)
41: 80 86 (52.0)
42: 83 88 97 (57.0)
43: 82 87 90 (99.0)
44: 74 (57.0)
45: 104 105 (75.0)
46: 85 89 (90.0)
47: 91 103 (92.0)
48: 99 (55.0)
49: 98 100 106 (100.0)
50: 92 107 (83.0)
51: 94 95 114 (91.0)
52: 101 116 (99.0)
53: 102 111 (78.0)
54: 112 (54.0)
55: 125 (52.0)
56: 115 (55.0)
57: 109 (61.0)
58: 108 113 119 (64.0)
59: 110 130 (55.0)
60: 117 123 137 (70.0)
61: 118 (51.0)
62: 127 131 (80.0)
63: 122 126 (81.0)
64: 128 150 (93.0)
65: 124 132 134 146 152 (80.0)
66: 120 129 135 136 (100.0)
67: 121 142 143 147 (100.0)
68: 138 139 (95.0)
69: 140 145 156 (77.0)
70: 144 158 160 (96.0)
71: 155 159 (82.0)
72: 149 154 (68.0)
73: 133 141 (81.0)
74: 163 164 169 (94.0)
75: 157 161 170 171 181 (93.0)
76: 151 153 177 (81.0)
77: 148 165 167 168 (97.0)
78: 166 195 (70.0)
79: 174 183 (93.0)
80: 162 173 (53.0)
81: 172 175 179 (86.0)
82: 186 189 (84.0)
83: 180 188 (93.0)
84: 184 203 (89.0)
85: 178 185 216 (100.0)
86: 193 199 (80.0)
87: 182 198 206 210 (91.0)
88: 176 190 191 192 (96.0)
89: 187 200 204 207 212 (84.0)
90: 194 218 220 (95.0)
91: 196 197 202 215 (100.0)
92: 201 208 217 233 (81.0)
93: 205 209 213 (100.0)
94: 221 222 236 (99.0)
95: 223 228 241 (94.0)
96: 214 229 247 (97.0)
97: 225 227 230 238 (100.0)
98: 226 245 (99.0)
99: 211 235 239 (114.0)
100: 219 243 (96.0)
101: 231 234 (92.0)
102: 224 232 240 242 (95.0)
103: 237 249 (95.0)
104: 244 246 248 (100.0)
