Name: 250-50-100
Time: 17.62611198425293 
Result: 97
Solution:  8 1 0 1 0 4 1 12 6 2 3 3 5 9 2 11 11 8 6 12 7 9 12 7 8 4 14 16 19 18 13 14 21 19 23 14 17 18 19 17 21 16 22 15 15 22 25 18 28 24 27 23 25 23 30 24 31 26 29 24 32 27 26 31 28 32 37 29 30 33 35 36 36 33 34 37 38 35 46 41 40 38 39 37 41 46 40 43 41 43 44 48 47 44 51 39 42 44 48 49 52 53 54 45 47 45 50 52 60 55 50 54 53 56 55 57 59 61 58 58 56 69 62 66 65 60 63 64 69 68 64 62 65 71 64 65 66 61 70 67 66 68 61 64 68 74 69 64 70 73 63 73 65 78 76 73 74 80 73 72 80 72 81 78 73 75 77 77 74 75 71 77 82 76 79 88 84 76 85 81 83 83 89 80 82 88 89 89 85 81 84 87 79 86 95 88 91 81 89 85 92 95 91 86 92 84 92 90 93 89 82 90 90 92 93 96 87 93 92 98 94 95 94 96 102 99 97 98 95 98 94 100 99 95 102 99 95 101 103 96 101 101 104 102 104 97 100 104 100 103
0: 2 4 (74.0)
1: 1 3 6 (73.0)
2: 9 14 (50.0)
3: 10 11 (51.0)
4: 5 25 (62.0)
5: 12 (13.0)
6: 8 18 (52.0)
7: 20 23 (67.0)
8: 0 17 24 (51.0)
9: 13 21 (65.0)
10: (0.0)
11: 15 16 (56.0)
12: 7 19 22 (61.0)
13: 30 (50.0)
14: 26 31 35 (66.0)
15: 43 44 (62.0)
16: 27 41 (51.0)
17: 36 39 (86.0)
18: 29 37 47 (60.0)
19: 28 33 38 (67.0)
20: (0.0)
21: 32 40 (70.0)
22: 42 45 (55.0)
23: 34 51 53 (51.0)
24: 49 55 59 (82.0)
25: 46 52 (88.0)
26: 57 62 (64.0)
27: 50 61 (74.0)
28: 48 64 (63.0)
29: 58 67 (66.0)
30: 54 68 (69.0)
31: 56 63 (59.0)
32: 60 65 (68.0)
33: 69 73 (67.0)
34: 74 (57.0)
35: 70 77 (72.0)
36: 71 72 (52.0)
37: 66 75 83 (54.0)
38: 76 81 (82.0)
39: 82 95 (66.0)
40: 80 86 (52.0)
41: 79 84 88 (68.0)
42: 96 (52.0)
43: 87 89 (87.0)
44: 90 93 97 (56.0)
45: 103 105 (67.0)
46: 78 85 (87.0)
47: 92 104 (82.0)
48: 91 98 (76.0)
49: 99 (55.0)
50: 106 110 (74.0)
51: 94 (52.0)
52: 100 107 (91.0)
53: 101 112 (78.0)
54: 102 111 (78.0)
55: 109 114 (83.0)
56: 113 120 (57.0)
57: 115 (55.0)
58: 118 119 (77.0)
59: 116 (75.0)
60: 108 125 (67.0)
61: 117 137 142 (71.0)
62: 122 131 (82.0)
63: 126 150 (90.0)
64: 127 130 134 143 147 (68.0)
65: 124 132 135 152 (75.0)
66: 123 136 140 (76.0)
67: 139 (64.0)
68: 129 141 144 (84.0)
69: 121 128 146 (98.0)
70: 138 148 (59.0)
71: 133 170 (92.0)
72: 159 161 (71.0)
73: 149 151 155 158 164 (89.0)
74: 145 156 168 (94.0)
75: 165 169 (88.0)
76: 154 173 177 (98.0)
77: 166 167 171 (76.0)
78: 153 163 (76.0)
79: 174 192 (103.0)
80: 157 160 183 (100.0)
81: 162 179 189 197 (82.0)
82: 172 184 210 (100.0)
83: 180 181 (99.0)
84: 176 190 205 (91.0)
85: 178 188 199 (93.0)
86: 193 203 (72.0)
87: 191 216 (92.0)
88: 175 185 195 (95.0)
89: 182 186 187 198 209 (99.0)
90: 207 211 212 (85.0)
91: 196 202 (88.0)
92: 200 204 206 213 218 (89.0)
93: 208 214 217 (81.0)
94: 220 222 230 (99.0)
95: 194 201 221 228 233 236 (97.0)
96: 215 223 239 (97.0)
97: 226 245 (99.0)
98: 219 227 229 (105.0)
99: 225 232 235 (102.0)
100: 231 246 248 (110.0)
101: 237 240 241 (102.0)
102: 224 234 243 (99.0)
103: 238 249 (95.0)
104: 242 244 247 (100.0)
