Name: 250-60-125
Time: 19.965466737747192 
Result: 98
Solution:  3 3 10 0 6 6 10 2 0 4 4 2 14 7 8 5 5 8 9 2 9 8 7 12 12 3 14 10 14 14 16 17 15 15 16 19 16 18 17 19 20 19 20 21 26 25 20 23 23 18 27 30 26 28 34 28 24 29 24 29 37 29 28 34 32 32 25 31 27 31 38 36 30 36 35 37 37 44 40 35 40 42 48 39 43 38 41 42 43 46 42 53 49 47 47 44 51 52 46 47 46 48 49 45 50 50 51 56 54 59 58 54 55 59 61 57 51 60 55 62 60 56 59 57 66 62 66 61 69 62 64 63 67 68 64 69 67 65 64 72 72 66 70 65 70 71 76 76 74 76 75 73 75 78 71 78 84 79 85 87 73 81 80 82 86 82 79 85 83 88 77 86 86 91 80 85 91 90 88 88 83 92 89 89 84 90 93 87 96 92 94 94 93 98 95 100 97 96 102 104 99 97 101 104 105 100 99 98 109 104 108 107 110 111 100 103 105 113 106 101 109 110 111 110 105 116 112 115 107 115 112 112 114 116 114 108 118 111 113 116 118 118 119 115 116 117 119 118 119 117
0: 3 8 (79.0)
1: (0.0)
2: 7 11 19 (76.0)
3: 0 1 25 (80.0)
4: 9 10 (73.0)
5: 15 16 (50.0)
6: 4 5 (60.0)
7: 13 22 (76.0)
8: 14 17 21 (105.0)
9: 18 20 (57.0)
10: 2 6 27 (89.0)
11: (0.0)
12: 23 24 (66.0)
13: (0.0)
14: 12 26 28 29 (109.0)
15: 32 33 (64.0)
16: 30 34 36 (74.0)
17: 31 38 (80.0)
18: 37 49 (77.0)
19: 35 39 41 (113.0)
20: 40 42 46 (44.0)
21: 43 (61.0)
22: (0.0)
23: 47 48 (73.0)
24: 56 58 (83.0)
25: 45 66 (78.0)
26: 44 52 (73.0)
27: 50 68 (71.0)
28: 53 55 62 (64.0)
29: 57 59 61 (77.0)
30: 51 72 (37.0)
31: 67 69 (77.0)
32: 64 65 (71.0)
33: (0.0)
34: 54 63 (97.0)
35: 74 79 (91.0)
36: 71 73 (88.0)
37: 60 75 76 (98.0)
38: 70 85 (74.0)
39: 83 (66.0)
40: 78 80 (73.0)
41: 86 (64.0)
42: 81 87 90 (66.0)
43: 84 88 (91.0)
44: 77 95 (89.0)
45: 103 (71.0)
46: 89 98 100 (64.0)
47: 93 94 99 (105.0)
48: 82 101 (75.0)
49: 92 102 (78.0)
50: 104 105 (82.0)
51: 96 106 116 (113.0)
52: 97 (69.0)
53: 91 (62.0)
54: 108 111 (81.0)
55: 112 118 (121.0)
56: 107 121 (90.0)
57: 115 123 (71.0)
58: 110 (73.0)
59: 109 113 122 (119.0)
60: 117 120 (72.0)
61: 114 127 (94.0)
62: 119 125 129 (120.0)
63: 131 (71.0)
64: 130 134 138 (123.0)
65: 137 143 (111.0)
66: 124 126 141 (113.0)
67: 132 136 (97.0)
68: 133 (65.0)
69: 128 135 (102.0)
70: 142 144 (83.0)
71: 145 154 (61.0)
72: 139 140 (98.0)
73: 151 160 (79.0)
74: 148 (75.0)
75: 150 152 (105.0)
76: 146 147 149 (121.0)
77: 170 (72.0)
78: 153 155 (120.0)
79: 157 166 (114.0)
80: 162 174 (109.0)
81: 161 (62.0)
82: 163 165 (102.0)
83: 168 180 (114.0)
84: 156 184 (113.0)
85: 158 167 175 (120.0)
86: 164 171 172 (117.0)
87: 159 187 (120.0)
88: 169 178 179 (125.0)
89: 182 183 (111.0)
90: 177 185 (115.0)
91: 173 176 (113.0)
92: 181 189 (118.0)
93: 186 192 (122.0)
94: 190 191 (112.0)
95: 194 (102.0)
96: 188 197 (125.0)
97: 196 201 (119.0)
98: 193 207 (125.0)
99: 200 206 (116.0)
100: 195 205 214 (117.0)
101: 202 219 (122.0)
102: 198 (81.0)
103: 215 (74.0)
104: 199 203 209 (122.0)
105: 204 216 224 (113.0)
106: 218 (97.0)
107: 211 228 (130.0)
108: 210 235 (114.0)
109: 208 220 (110.0)
110: 212 221 223 (118.0)
111: 213 222 237 (135.0)
112: 226 230 231 (124.0)
113: 217 238 (124.0)
114: 232 234 (121.0)
115: 227 229 243 (120.0)
116: 225 233 239 244 (125.0)
117: 245 249 (132.0)
118: 236 240 241 247 (133.0)
119: 242 246 248 (98.0)
