Name: 250-50-100
Time: 20.089528799057007 
Result: 80
Solution:  4 0 8 1 0 4 2 1 4 2 1 7 6 8 5 11 10 5 6 9 9 7 15 16 6 12 19 11 16 18 13 15 10 20 21 12 22 18 14 23 23 22 21 18 21 14 27 21 28 19 25 20 24 24 33 32 29 27 31 34 31 29 26 33 36 34 32 26 30 28 35 38 35 37 44 30 36 37 41 38 38 42 40 45 46 43 41 43 40 46 44 50 42 40 47 49 39 49 49 48 51 49 54 45 51 45 52 54 56 59 62 52 55 56 56 58 53 67 64 58 66 65 62 60 63 57 61 60 71 66 65 63 64 68 67 66 66 65 72 69 72 68 61 69 67 70 68 65 71 73 67 73 70 74 75 69 68 72 71 73 74 74 81 72 73 78 77 80 77 79 76 78 85 75 79 76 82 75 81 82 80 81 80 78 84 88 86 89 83 86 86 90 82 81 89 88 96 85 91 87 90 90 91 84 90 83 87 89 92 87 85 91 92 92 90 93 97 92 90 94 99 94 95 88 102 99 93 97 94 98 96 99 103 96 102 101 95 98 101 102 97 100 101 100 104 100 94 104 102 103
0: 1 4 (65.0)
1: 3 7 10 (48.0)
2: 6 9 (55.0)
3: (0.0)
4: 0 5 8 (63.0)
5: 14 17 (50.0)
6: 12 18 24 (50.0)
7: 11 21 (53.0)
8: 2 13 (83.0)
9: 19 20 (56.0)
10: 16 32 (61.0)
11: 15 27 (58.0)
12: 25 35 (79.0)
13: 30 (50.0)
14: 38 45 (60.0)
15: 22 31 (20.0)
16: 23 28 (63.0)
17: (0.0)
18: 29 37 43 (89.0)
19: 26 49 (49.0)
20: 33 51 (40.0)
21: 34 42 44 47 (66.0)
22: 36 41 (65.0)
23: 39 40 (79.0)
24: 52 53 (61.0)
25: 50 (46.0)
26: 62 67 (69.0)
27: 46 57 (76.0)
28: 48 69 (67.0)
29: 56 61 (57.0)
30: 68 75 (41.0)
31: 58 60 (63.0)
32: 55 66 (51.0)
33: 54 63 (67.0)
34: 59 65 (66.0)
35: 70 72 (77.0)
36: 64 76 (68.0)
37: 73 77 (61.0)
38: 71 79 80 (67.0)
39: 96 (52.0)
40: 82 88 93 (98.0)
41: 78 86 (72.0)
42: 81 92 (84.0)
43: 85 87 (83.0)
44: 74 90 (67.0)
45: 83 103 105 (85.0)
46: 84 89 (71.0)
47: 94 (52.0)
48: 99 (55.0)
49: 95 97 98 101 (76.0)
50: 91 (59.0)
51: 100 104 (90.0)
52: 106 111 (70.0)
53: 116 (75.0)
54: 102 107 (84.0)
55: 112 (54.0)
56: 108 113 114 (60.0)
57: 125 (52.0)
58: 115 119 (81.0)
59: 109 (61.0)
60: 123 127 (77.0)
61: 126 142 (89.0)
62: 110 122 (76.0)
63: 124 131 (73.0)
64: 118 132 (69.0)
65: 121 130 137 147 (94.0)
66: 120 129 135 136 (100.0)
67: 117 134 144 150 (93.0)
68: 133 141 146 156 (89.0)
69: 139 143 155 (93.0)
70: 145 152 (91.0)
71: 128 148 158 (93.0)
72: 138 140 157 163 (92.0)
73: 149 151 159 164 (100.0)
74: 153 160 161 (90.0)
75: 154 173 177 (98.0)
76: 170 175 (90.0)
77: 166 168 (80.0)
78: 165 171 183 (100.0)
79: 169 174 (94.0)
80: 167 180 182 (94.0)
81: 162 178 181 193 (82.0)
82: 176 179 192 (67.0)
83: 188 205 (91.0)
84: 184 203 (89.0)
85: 172 197 210 (68.0)
86: 186 189 190 (99.0)
87: 199 206 209 (76.0)
88: 185 195 223 (89.0)
89: 187 194 207 (98.0)
90: 191 200 201 204 214 218 (99.0)
91: 198 202 211 (98.0)
92: 208 212 213 217 (100.0)
93: 215 226 (90.0)
94: 219 221 228 246 (93.0)
95: 222 236 (98.0)
96: 196 230 233 (78.0)
97: 216 227 240 (100.0)
98: 229 237 (99.0)
99: 220 225 231 (93.0)
100: 241 243 245 (98.0)
101: 235 238 242 (98.0)
102: 224 234 239 248 (100.0)
103: 232 249 (91.0)
104: 244 247 (81.0)
