Name: 250-40-75
Time: 18.10291337966919 
Result: 72
Solution:  0 0 0 3 5 3 2 6 10 9 9 7 2 3 7 4 11 1 4 11 5 9 11 6 12 14 14 22 10 17 19 10 16 16 23 24 19 18 20 23 17 21 18 21 26 23 24 31 22 23 25 25 27 28 21 28 32 27 29 35 30 23 34 29 33 33 29 33 35 36 38 32 36 31 40 32 38 37 40 39 44 34 42 38 41 46 47 37 43 43 46 46 41 45 44 39 51 45 49 55 56 43 48 48 52 51 56 49 50 56 50 54 53 54 59 57 53 58 61 62 52 60 57 64 62 61 63 57 58 65 69 62 57 72 60 66 66 59 72 70 70 68 66 69 68 71 67 65 73 66 63 69 72 71 82 64 74 72 74 67 74 73 77 76 73 76 76 70 77 81 75 85 78 79 80 76 86 86 80 81 81 80 79 79 83 81 78 83 77 87 88 81 83 90 94 89 94 85 85 88 86 84 87 92 89 90 84 87 96 91 92 91 88 93 99 92 91 102 91 93 97 96 94 95 101 98 100 103 93 100 90 95 98 99 96 104 94 97 103 103 104 98 99 101 99 102 104 100 102 104
0: 0 1 2 (69.0)
1: 17 (42.0)
2: 6 12 (46.0)
3: 3 5 13 (39.0)
4: 15 18 (42.0)
5: 4 20 (62.0)
6: 7 23 (55.0)
7: 11 14 (54.0)
8: (0.0)
9: 9 10 21 (50.0)
10: 8 28 31 (56.0)
11: 16 19 22 (30.0)
12: 24 (41.0)
13: (0.0)
14: 25 26 (21.0)
15: (0.0)
16: 32 33 (46.0)
17: 29 40 (62.0)
18: 37 42 (56.0)
19: 30 36 (44.0)
20: 38 (43.0)
21: 41 43 54 (50.0)
22: 27 48 (64.0)
23: 34 39 45 49 61 (51.0)
24: 35 46 (47.0)
25: 50 51 (49.0)
26: 44 (40.0)
27: 52 57 (53.0)
28: 53 55 (65.0)
29: 58 63 66 (77.0)
30: 60 (39.0)
31: 47 73 (64.0)
32: 56 71 75 (49.0)
33: 64 65 67 (67.0)
34: 62 81 (41.0)
35: 59 68 (69.0)
36: 69 72 (44.0)
37: 77 87 (44.0)
38: 70 76 83 (67.0)
39: 79 95 (69.0)
40: 74 78 (62.0)
41: 84 92 (64.0)
42: 82 (45.0)
43: 88 89 101 (62.0)
44: 80 94 (58.0)
45: 93 97 (63.0)
46: 85 90 91 (63.0)
47: 86 (41.0)
48: 102 103 (59.0)
49: 98 107 (75.0)
50: 108 110 (52.0)
51: 96 105 (74.0)
52: 104 120 (50.0)
53: 112 116 (56.0)
54: 111 113 (71.0)
55: 99 (43.0)
56: 100 106 109 (69.0)
57: 115 122 127 132 (71.0)
58: 117 128 (65.0)
59: 114 137 (58.0)
60: 121 134 (70.0)
61: 118 125 (69.0)
62: 119 124 131 (67.0)
63: 126 150 (69.0)
64: 123 155 (62.0)
65: 129 147 (62.0)
66: 135 136 142 149 (66.0)
67: 146 159 (66.0)
68: 141 144 (74.0)
69: 130 143 151 (72.0)
70: 139 140 167 (61.0)
71: 145 153 (46.0)
72: 133 138 152 157 (74.0)
73: 148 161 164 (64.0)
74: 156 158 160 (74.0)
75: 170 (42.0)
76: 163 165 166 175 (75.0)
77: 162 168 188 (74.0)
78: 172 186 (58.0)
79: 173 182 183 (77.0)
80: 174 178 181 (75.0)
81: 169 179 180 185 191 (74.0)
82: 154 (51.0)
83: 184 187 192 (79.0)
84: 201 206 (66.0)
85: 171 197 198 (69.0)
86: 176 177 200 (74.0)
87: 189 202 207 (59.0)
88: 190 199 212 (71.0)
89: 195 204 (68.0)
90: 193 205 230 (80.0)
91: 209 211 216 218 (73.0)
92: 203 210 215 (62.0)
93: 213 219 228 (72.0)
94: 194 196 222 236 (75.0)
95: 223 231 (63.0)
96: 208 221 234 (67.0)
97: 220 237 (74.0)
98: 225 232 241 (75.0)
99: 214 233 242 244 (74.0)
100: 226 229 247 (75.0)
101: 224 243 (71.0)
102: 217 245 248 (74.0)
103: 227 238 239 (76.0)
104: 235 240 246 249 (93.0)
