Name: 250-20-30
Time: 9.454294443130493 
Result: 35020
Solution:  1 0 2 9 2 9 1 11 5 0 3 8 5 6 4 3 7 13 4 11 8 7 12 9 6 5 13 20 15 19 18 15 14 17 14 26 23 18 21 16 17 12 29 23 21 19 24 26 24 22 25 27 30 31 20 30 22 27 28 29 27 32 36 33 28 36 34 36 33 25 31 36 37 34 31 33 31 36 29 35 42 35 42 43 39 38 34 35 45 41 41 38 36 39 40 44 32 45 41 40 51 40 42 41 41 46 44 43 37 51 46 48 56 47 40 47 50 49 43 53 48 48 43 52 53 44 50 52 55 55 57 61 60 56 53 56 51 58 50 49 55 56 59 57 55 54 64 54 55 65 59 63 59 57 60 55 65 64 61 66 63 63 58 61 64 67 66 62 61 73 66 58 69 73 62 68 59 69 71 62 62 74 65 68 70 72 72 70 66 67 72 71 65 81 73 77 74 80 75 79 74 73 78 82 78 76 74 71 81 77 75 76 80 80 79 80 77 74 82 84 82 84 84 83 83 83 87 85 92 88 79 84 86 92 90 85 87 91 89 91 89 88 86 91 92 90 87 92 92 90
0: 1 9 (17.0)
1: 0 6 (21.0)
2: 2 4 (30.0)
3: 10 15 (26.0)
4: 14 18 (19.0)
5: 8 12 25 (21.0)
6: 13 24 (29.0)
7: 16 21 (22.0)
8: 11 20 (16.0)
9: 3 5 23 (18.0)
10: (0.0)
11: 7 19 (23.0)
12: 22 41 (23.0)
13: 17 26 (25.0)
14: 32 34 (25.0)
15: 28 31 (19.0)
16: 39 (20.0)
17: 33 40 (25.0)
18: 30 37 (26.0)
19: 29 45 (21.0)
20: 27 54 (19.0)
21: 38 44 (12.0)
22: 49 56 (24.0)
23: 36 43 (20.0)
24: 46 48 (21.0)
25: 50 69 (23.0)
26: 35 47 (17.0)
27: 51 57 60 (26.0)
28: 58 64 (29.0)
29: 42 59 78 (25.0)
30: 52 55 (27.0)
31: 53 70 74 76 (21.0)
32: 61 96 (17.0)
33: 63 68 75 (25.0)
34: 66 73 86 (21.0)
35: 79 81 87 (21.0)
36: 62 65 67 71 77 92 (18.0)
37: 72 108 (26.0)
38: 85 91 (29.0)
39: 84 93 (22.0)
40: 94 99 101 114 (21.0)
41: 89 90 98 103 104 (20.0)
42: 80 82 102 (26.0)
43: 83 107 118 122 (21.0)
44: 95 106 125 (24.0)
45: 88 97 (28.0)
46: 105 110 (29.0)
47: 113 115 (25.0)
48: 111 120 121 (25.0)
49: 117 139 (29.0)
50: 116 126 138 (22.0)
51: 100 109 136 (27.0)
52: 123 127 (31.0)
53: 119 124 134 (22.0)
54: 145 147 (24.0)
55: 128 129 140 144 148 155 (29.0)
56: 112 133 135 141 (29.0)
57: 130 143 153 (24.0)
58: 137 162 171 (20.0)
59: 142 150 152 176 (30.0)
60: 132 154 (32.0)
61: 131 158 163 168 (20.0)
62: 167 174 179 180 (28.0)
63: 151 160 161 (24.0)
64: 146 157 164 (28.0)
65: 149 156 182 192 (30.0)
66: 159 166 170 188 (30.0)
67: 165 189 (21.0)
68: 175 183 (21.0)
69: 172 177 (31.0)
70: 184 187 (26.0)
71: 178 191 207 (29.0)
72: 185 186 190 (30.0)
73: 169 173 194 201 (26.0)
74: 181 196 200 206 217 (29.0)
75: 198 210 (29.0)
76: 205 211 (27.0)
77: 195 209 216 (27.0)
78: 202 204 (27.0)
79: 199 214 230 (29.0)
80: 197 212 213 215 (30.0)
81: 193 208 (32.0)
82: 203 218 220 (30.0)
83: 223 224 225 (29.0)
84: 219 221 222 231 (30.0)
85: 227 235 (28.0)
86: 232 242 (25.0)
87: 226 236 246 (27.0)
88: 229 241 (31.0)
89: 238 240 (29.0)
90: 234 245 249 (28.0)
91: 237 239 243 (28.0)
92: 228 233 244 247 248 (30.0)
