Name: 250-60-125
Time: 20.839313745498657 
Result: 101
Solution:  2 0 0 3 10 0 9 2 6 6 4 5 13 3 11 5 12 8 9 4 7 8 14 5 12 13 13 10 7 14 22 21 17 11 20 24 22 17 17 19 20 25 20 18 21 26 21 23 25 19 24 27 23 27 33 26 30 35 29 26 34 31 27 29 28 31 28 35 31 30 42 36 36 37 37 35 38 33 34 34 41 38 41 39 42 35 40 36 44 46 41 47 43 46 50 48 46 52 48 51 46 49 52 45 44 50 56 51 54 57 53 57 52 59 59 57 66 58 55 57 60 56 60 58 68 63 64 61 64 62 65 67 60 65 67 69 71 70 66 61 69 62 70 68 75 65 72 70 73 75 76 74 77 76 72 77 74 78 78 78 72 79 81 80 83 80 85 86 83 82 79 85 82 86 81 84 92 91 88 95 94 89 90 94 86 90 87 88 96 94 92 91 99 95 93 101 97 98 97 96 102 101 108 100 102 103 99 100 101 98 104 104 109 113 112 110 103 106 105 108 109 112 106 111 110 115 112 115 110 111 113 113 114 113 114 107 117 108 116 116 107 117 117 115 118 119 119 116 119 118
0: 1 2 5 (69.0)
1: (0.0)
2: 0 7 (58.0)
3: 3 13 (86.0)
4: 10 19 (76.0)
5: 11 15 23 (66.0)
6: 8 9 (60.0)
7: 20 28 (83.0)
8: 17 21 (69.0)
9: 6 18 (64.0)
10: 4 27 (70.0)
11: 14 33 (67.0)
12: 16 24 (68.0)
13: 12 25 26 (65.0)
14: 22 29 (50.0)
15: (0.0)
16: (0.0)
17: 32 37 38 (102.0)
18: 43 (61.0)
19: 39 49 (73.0)
20: 34 40 42 (50.0)
21: 31 44 46 (88.0)
22: 30 36 (54.0)
23: 47 52 (94.0)
24: 35 50 (93.0)
25: 41 48 (61.0)
26: 45 55 59 (72.0)
27: 51 53 62 (64.0)
28: 64 66 (91.0)
29: 58 63 (99.0)
30: 56 69 (82.0)
31: 61 65 68 (68.0)
32: (0.0)
33: 54 77 (90.0)
34: 60 78 79 (121.0)
35: 57 67 75 85 (121.0)
36: 71 72 87 (68.0)
37: 73 74 (105.0)
38: 76 81 (65.0)
39: 83 (66.0)
40: 86 (64.0)
41: 80 82 90 (64.0)
42: 70 84 (76.0)
43: 92 (67.0)
44: 88 104 (100.0)
45: 103 (71.0)
46: 89 93 96 100 (66.0)
47: 91 (62.0)
48: 95 98 (69.0)
49: 101 (67.0)
50: 94 105 (68.0)
51: 99 107 (92.0)
52: 97 102 112 (113.0)
53: 110 (73.0)
54: 108 (69.0)
55: 118 (88.0)
56: 106 121 (108.0)
57: 109 111 115 119 (61.0)
58: 117 123 (79.0)
59: 113 114 (111.0)
60: 120 122 132 (114.0)
61: 127 139 (78.0)
62: 129 141 (82.0)
63: 125 (76.0)
64: 126 128 (108.0)
65: 130 133 145 (118.0)
66: 116 138 (104.0)
67: 131 134 (116.0)
68: 124 143 (98.0)
69: 135 140 (106.0)
70: 137 142 147 (116.0)
71: 136 (67.0)
72: 146 154 160 (97.0)
73: 148 (75.0)
74: 151 156 (116.0)
75: 144 149 (91.0)
76: 150 153 (112.0)
77: 152 155 (113.0)
78: 157 158 159 (124.0)
79: 161 170 (134.0)
80: 163 165 (102.0)
81: 162 174 (109.0)
82: 169 172 (77.0)
83: 164 168 (111.0)
84: 175 (82.0)
85: 166 171 (124.0)
86: 167 173 184 (96.0)
87: 186 (68.0)
88: 178 187 (89.0)
89: 181 (87.0)
90: 182 185 (124.0)
91: 177 191 (114.0)
92: 176 190 (108.0)
93: 194 (102.0)
94: 180 183 189 (116.0)
95: 179 193 (123.0)
96: 188 199 (115.0)
97: 196 198 (151.0)
98: 197 209 (114.0)
99: 192 206 (104.0)
100: 203 207 (84.0)
101: 195 201 208 (108.0)
102: 200 204 (122.0)
103: 205 216 (116.0)
104: 210 211 (118.0)
105: 218 (97.0)
106: 217 222 (114.0)
107: 235 240 (119.0)
108: 202 219 237 (143.0)
109: 212 220 (117.0)
110: 215 224 228 (118.0)
111: 223 229 (121.0)
112: 214 221 226 (121.0)
113: 213 230 231 233 (124.0)
114: 232 234 (121.0)
115: 225 227 243 (120.0)
116: 238 239 247 (106.0)
117: 236 241 242 (104.0)
118: 244 249 (112.0)
119: 245 246 248 (121.0)
