Name: 250-20-30
Time: 19.349204778671265 
Result: 21
Solution:  1 3 2 3 4 3 0 8 5 5 0 3 9 7 10 4 6 8 6 13 7 12 12 14 17 9 13 16 19 19 10 16 9 14 11 17 21 16 21 15 22 17 18 23 18 27 22 23 24 20 25 21 34 24 20 30 33 28 35 29 29 28 32 32 25 29 24 32 34 27 36 29 30 31 29 32 36 39 36 33 39 39 45 45 31 38 35 39 37 35 41 40 42 37 41 42 43 47 41 43 49 41 40 45 42 46 42 43 38 50 46 48 50 44 44 48 54 43 51 54 53 45 50 49 47 52 52 53 58 50 50 50 48 52 55 58 56 58 54 51 54 55 62 60 52 60 61 56 54 57 61 58 64 57 59 62 55 63 61 62 65 66 61 68 71 62 64 65 67 68 66 60 72 67 59 70 62 64 73 70 68 74 67 66 71 72 70 63 67 69 75 77 70 80 73 74 74 77 69 72 68 85 80 82 77 76 79 70 82 72 84 79 82 79 80 81 78 75 86 76 81 82 83 83 81 83 91 78 81 86 90 91 89 87 88 84 87 92 89 90 87 85 88 91 92 90 88 92 91 90
0: 6 10 (21.0)
1: 0 (14.0)
2: 2 (15.0)
3: 1 3 5 11 (22.0)
4: 4 15 (27.0)
5: 8 9 (20.0)
6: 16 18 (22.0)
7: 13 20 (25.0)
8: 7 17 (22.0)
9: 12 25 32 (20.0)
10: 14 30 (22.0)
11: 34 (17.0)
12: 21 22 (24.0)
13: 19 26 (26.0)
14: 23 33 (21.0)
15: 39 (20.0)
16: 27 31 37 (24.0)
17: 24 35 41 (29.0)
18: 42 44 (22.0)
19: 28 29 (21.0)
20: 49 54 (25.0)
21: 36 38 51 (21.0)
22: 40 46 (22.0)
23: 43 47 (22.0)
24: 48 53 66 (23.0)
25: 50 64 (28.0)
26: (0.0)
27: 45 69 (21.0)
28: 57 61 (21.0)
29: 59 60 65 71 74 (17.0)
30: 55 72 (25.0)
31: 73 84 (23.0)
32: 62 63 67 75 (23.0)
33: 56 79 (25.0)
34: 52 68 (28.0)
35: 58 86 89 (21.0)
36: 70 76 78 (23.0)
37: 88 93 (25.0)
38: 85 108 (26.0)
39: 77 80 81 87 (22.0)
40: 91 102 (22.0)
41: 90 94 98 101 (23.0)
42: 92 95 104 106 (25.0)
43: 96 99 107 117 (28.0)
44: 113 114 (23.0)
45: 82 83 103 121 (20.0)
46: 105 110 (29.0)
47: 97 124 (28.0)
48: 111 115 132 (31.0)
49: 100 123 (28.0)
50: 109 112 122 129 130 131 (23.0)
51: 118 139 (28.0)
52: 125 126 133 144 (28.0)
53: 120 127 (25.0)
54: 116 119 138 140 148 (22.0)
55: 134 141 156 (22.0)
56: 136 147 (28.0)
57: 149 153 (22.0)
58: 128 135 137 151 (23.0)
59: 154 174 (24.0)
60: 143 145 171 (27.0)
61: 146 150 158 162 (22.0)
62: 142 155 159 165 176 (30.0)
63: 157 187 (23.0)
64: 152 166 177 (35.0)
65: 160 167 (31.0)
66: 161 170 183 (28.0)
67: 168 173 182 188 (21.0)
68: 163 169 180 200 (20.0)
69: 189 198 (28.0)
70: 175 179 186 192 207 (30.0)
71: 164 184 (30.0)
72: 172 185 199 209 (27.0)
73: 178 194 (23.0)
74: 181 195 196 (23.0)
75: 190 217 (27.0)
76: 205 219 (25.0)
77: 191 197 204 (29.0)
78: 216 227 (31.0)
79: 206 211 213 (28.0)
80: 193 202 214 (34.0)
81: 215 220 224 228 (30.0)
82: 203 208 212 221 (30.0)
83: 222 223 225 (29.0)
84: 210 235 (28.0)
85: 201 241 (27.0)
86: 218 229 (33.0)
87: 233 236 240 (28.0)
88: 234 242 246 (28.0)
89: 232 238 (27.0)
90: 230 239 245 249 (29.0)
91: 226 231 243 248 (30.0)
92: 237 244 247 (28.0)
