Name: 250-50-100
Time: 18.088714599609375 
Result: 74
Solution:  8 2 0 0 2 4 10 6 3 7 4 8 4 5 3 12 8 9 5 16 7 10 11 20 9 6 14 16 14 15 13 12 9 11 22 12 17 18 14 20 21 17 18 21 22 15 28 18 26 19 25 31 26 22 30 24 27 25 31 27 30 29 28 32 29 32 37 24 35 33 35 38 33 36 34 31 41 45 41 39 40 36 47 39 38 46 37 43 39 44 45 42 44 40 52 38 50 43 48 48 47 50 54 49 46 45 49 54 60 60 51 51 53 57 56 58 56 63 59 59 57 61 63 62 61 55 62 63 65 66 60 64 67 75 67 66 66 66 73 67 63 73 64 70 70 68 63 71 78 69 65 73 80 71 69 70 70 74 70 74 77 76 71 79 76 72 76 79 76 72 78 75 78 80 79 86 78 74 72 81 81 77 91 83 84 89 82 80 80 83 85 86 85 81 84 77 87 87 90 90 85 90 96 91 88 88 94 91 95 92 82 98 89 93 87 94 89 94 94 99 93 90 92 93 100 94 96 98 94 97 99 103 101 92 100 101 102 104 97 102 99 99 101 100 103 95 95 102 98 104
0: 2 3 (50.0)
1: (0.0)
2: 1 4 (65.0)
3: 8 14 (55.0)
4: 5 10 12 (57.0)
5: 13 18 (63.0)
6: 7 25 (60.0)
7: 9 20 (50.0)
8: 0 11 16 (72.0)
9: 17 24 32 (67.0)
10: 6 21 (58.0)
11: 22 33 (40.0)
12: 15 31 35 (69.0)
13: 30 (50.0)
14: 26 28 38 (64.0)
15: 29 45 (75.0)
16: 19 27 (61.0)
17: 36 41 (65.0)
18: 37 42 47 (40.0)
19: 49 (26.0)
20: 23 39 (80.0)
21: 40 43 (84.0)
22: 34 44 53 (54.0)
23: (0.0)
24: 55 67 (61.0)
25: 50 57 (78.0)
26: 48 52 (78.0)
27: 56 59 (61.0)
28: 46 62 (76.0)
29: 61 64 (57.0)
30: 54 60 (71.0)
31: 51 58 75 (52.0)
32: 63 65 (64.0)
33: 69 72 (65.0)
34: 74 (57.0)
35: 68 70 (77.0)
36: 73 81 (77.0)
37: 66 86 (55.0)
38: 71 84 95 (61.0)
39: 79 83 88 (62.0)
40: 80 93 (52.0)
41: 76 78 (83.0)
42: 91 (59.0)
43: 87 97 (58.0)
44: 89 92 (88.0)
45: 77 90 105 (71.0)
46: 85 104 (84.0)
47: 82 100 (98.0)
48: 98 99 (72.0)
49: 103 106 (67.0)
50: 96 101 (76.0)
51: 110 111 (76.0)
52: 94 (52.0)
53: 112 (54.0)
54: 102 107 (84.0)
55: 125 (52.0)
56: 114 116 (97.0)
57: 113 120 (57.0)
58: 115 (55.0)
59: 118 119 (77.0)
60: 108 109 130 (91.0)
61: 121 124 (71.0)
62: 123 126 (88.0)
63: 117 122 127 140 146 (84.0)
64: 131 142 (90.0)
65: 128 150 (93.0)
66: 129 135 136 137 (91.0)
67: 132 134 139 (89.0)
68: 145 (69.0)
69: 149 154 (68.0)
70: 143 144 155 156 158 (87.0)
71: 147 153 162 (73.0)
72: 165 169 178 (98.0)
73: 138 141 151 (74.0)
74: 157 159 177 (86.0)
75: 133 171 (80.0)
76: 161 164 166 168 (100.0)
77: 160 181 195 (79.0)
78: 148 170 172 176 (74.0)
79: 163 167 174 (94.0)
80: 152 173 187 188 (89.0)
81: 179 180 193 (95.0)
82: 186 210 (88.0)
83: 183 189 (93.0)
84: 184 194 (95.0)
85: 190 192 200 (91.0)
86: 175 191 (84.0)
87: 196 197 214 (86.0)
88: 204 205 (91.0)
89: 185 212 216 (98.0)
90: 198 199 201 221 (92.0)
91: 182 203 207 (84.0)
92: 209 222 233 (87.0)
93: 213 220 223 (99.0)
94: 206 215 217 218 225 228 (95.0)
95: 208 245 246 (98.0)
96: 202 226 (97.0)
97: 229 238 (99.0)
98: 211 227 248 (96.0)
99: 219 230 240 241 (99.0)
100: 224 234 243 (99.0)
101: 232 235 242 (94.0)
102: 236 239 247 (88.0)
103: 231 244 (90.0)
104: 237 249 (95.0)
