Name: 250-20-30
Time: 9.069929122924805 
Result: 32024
Solution:  1 2 1 5 4 2 6 10 0 2 10 5 6 4 5 9 8 15 0 13 8 11 12 15 14 16 13 19 21 12 21 16 11 17 17 18 24 14 19 20 22 15 28 23 16 18 22 27 25 25 24 23 26 32 19 28 26 27 29 30 30 32 36 35 30 38 35 31 29 36 32 36 34 37 31 33 33 35 34 39 33 43 45 40 31 38 36 43 44 36 41 37 35 39 40 41 41 46 45 40 45 40 43 43 44 46 44 42 38 51 47 48 55 42 45 48 53 56 52 53 48 47 50 52 47 57 50 50 53 51 50 54 55 51 53 57 49 56 57 49 57 55 59 57 63 54 62 62 54 58 61 60 58 60 61 62 58 66 53 66 69 64 56 67 70 64 65 59 61 63 68 63 72 66 60 62 67 64 67 63 65 73 68 68 71 70 70 65 70 76 69 76 65 74 73 72 78 78 71 74 72 81 78 82 82 77 73 75 81 79 75 77 80 80 76 79 73 75 91 76 90 85 79 83 79 86 84 79 83 85 78 88 84 87 78 89 87 91 89 92 87 86 86 90 89 89 88 90 92 92
0: 8 18 (20.0)
1: 0 2 (29.0)
2: 1 5 9 (22.0)
3: (0.0)
4: 4 13 (30.0)
5: 3 11 14 (19.0)
6: 6 12 (12.0)
7: (0.0)
8: 16 20 (21.0)
9: 15 (12.0)
10: 7 10 (27.0)
11: 21 32 (19.0)
12: 22 29 (22.0)
13: 19 26 (26.0)
14: 24 37 (26.0)
15: 17 23 41 (27.0)
16: 25 31 44 (24.0)
17: 33 34 (30.0)
18: 35 45 (17.0)
19: 27 38 54 (21.0)
20: 39 (20.0)
21: 28 30 (26.0)
22: 40 46 (22.0)
23: 43 51 (19.0)
24: 36 50 (24.0)
25: 48 49 (22.0)
26: 52 56 (31.0)
27: 47 57 (22.0)
28: 42 55 (21.0)
29: 58 68 (25.0)
30: 59 60 64 (22.0)
31: 67 74 84 (21.0)
32: 53 61 70 (21.0)
33: 75 76 80 (21.0)
34: 72 78 (28.0)
35: 63 66 77 92 (21.0)
36: 62 69 71 86 89 (21.0)
37: 73 91 (24.0)
38: 65 85 108 (28.0)
39: 79 93 (22.0)
40: 83 94 99 101 (21.0)
41: 90 95 96 (23.0)
42: 107 113 (23.0)
43: 81 87 102 103 (22.0)
44: 88 104 106 (28.0)
45: 82 98 100 114 (27.0)
46: 97 105 (31.0)
47: 110 121 124 (30.0)
48: 111 115 120 (26.0)
49: 136 139 (29.0)
50: 122 126 127 130 (26.0)
51: 109 129 133 (21.0)
52: 118 123 (30.0)
53: 116 119 128 134 158 (25.0)
54: 131 145 148 (21.0)
55: 112 132 141 (27.0)
56: 117 137 162 (24.0)
57: 125 135 138 140 143 (27.0)
58: 149 152 156 (26.0)
59: 142 167 (23.0)
60: 151 153 174 (26.0)
61: 150 154 168 (30.0)
62: 146 147 155 175 (25.0)
63: 144 169 171 179 (24.0)
64: 161 165 177 (30.0)
65: 166 180 187 192 (29.0)
66: 157 159 173 (27.0)
67: 163 176 178 (28.0)
68: 170 182 183 (30.0)
69: 160 190 (36.0)
70: 164 185 186 188 (30.0)
71: 184 198 (31.0)
72: 172 195 200 (26.0)
73: 181 194 206 216 (27.0)
74: 193 199 (30.0)
75: 207 210 217 (28.0)
76: 189 191 214 219 (29.0)
77: 205 211 (27.0)
78: 196 197 202 230 234 (30.0)
79: 209 215 222 224 227 (30.0)
80: 212 213 (23.0)
81: 201 208 (26.0)
82: 203 204 (24.0)
83: 223 228 (20.0)
84: 226 232 (28.0)
85: 221 229 (27.0)
86: 225 241 242 (30.0)
87: 233 236 240 (28.0)
88: 231 246 (28.0)
89: 235 238 244 245 (28.0)
90: 220 243 247 (29.0)
91: 218 237 (31.0)
92: 239 248 249 (26.0)
