Name: 250-30-50
Time: 9.283988237380981 
Result: 79046
Solution:  1 1 0 0 2 3 2 10 4 3 7 5 4 6 3 9 4 8 0 9 11 16 8 12 12 19 13 13 17 11 18 20 14 10 21 20 15 14 21 19 11 17 22 15 27 19 24 21 26 23 23 16 32 18 22 28 29 25 30 31 38 30 28 26 31 29 34 36 29 35 36 44 32 35 37 36 38 45 33 39 41 46 40 48 41 37 44 50 42 42 41 52 39 43 47 43 46 45 51 52 51 53 48 48 50 53 55 51 50 56 57 54 57 64 58 57 49 60 59 51 61 55 63 60 67 65 62 65 68 70 65 62 60 61 64 76 69 71 68 71 78 66 69 71 77 72 73 76 74 74 72 73 75 80 72 70 76 75 79 70 80 81 81 82 77 79 83 78 83 77 81 78 80 77 78 85 85 79 90 83 87 84 84 86 82 78 90 83 85 86 86 89 88 87 93 91 94 90 88 94 95 96 89 89 87 89 96 91 92 99 98 104 91 98 101 98 101 93 95 93 97 98 93 100 102 96 102 92 99 102 106 95 104 100 97 103 104 103 106 102 105 105 103 101 99 105 106 107 107 107
0: 2 3 18 (41.0)
1: 0 1 (30.0)
2: 4 6 (31.0)
3: 5 9 14 (33.0)
4: 8 12 16 (25.0)
5: 11 (11.0)
6: 13 (29.0)
7: 10 (20.0)
8: 17 22 (39.0)
9: 15 19 (42.0)
10: 7 33 (41.0)
11: 20 29 40 (31.0)
12: 23 24 (33.0)
13: 26 27 (32.0)
14: 32 37 (30.0)
15: 36 43 (36.0)
16: 21 51 (35.0)
17: 28 41 (43.0)
18: 30 53 (42.0)
19: 25 39 45 (29.0)
20: 31 35 (45.0)
21: 34 38 47 (33.0)
22: 42 54 (31.0)
23: 49 50 (37.0)
24: 46 (30.0)
25: 57 (32.0)
26: 48 63 (37.0)
27: 44 (31.0)
28: 55 62 (37.0)
29: 56 65 68 (22.0)
30: 58 61 (35.0)
31: 59 64 (47.0)
32: 52 72 (33.0)
33: 78 (31.0)
34: 66 (30.0)
35: 69 73 (37.0)
36: 67 70 75 (30.0)
37: 74 85 (50.0)
38: 60 76 (36.0)
39: 79 92 (13.0)
40: 82 (35.0)
41: 80 84 90 (36.0)
42: 88 89 (38.0)
43: 93 95 (39.0)
44: 71 86 (47.0)
45: 77 97 (49.0)
46: 81 96 (38.0)
47: 94 (33.0)
48: 83 102 103 (43.0)
49: 116 (36.0)
50: 87 104 108 (45.0)
51: 98 100 107 119 (49.0)
52: 91 99 (50.0)
53: 101 105 (44.0)
54: 111 (30.0)
55: 106 121 (57.0)
56: 109 (31.0)
57: 110 112 115 (37.0)
58: 114 (32.0)
59: 118 (36.0)
60: 117 123 132 (40.0)
61: 120 133 (30.0)
62: 126 131 (44.0)
63: 122 (31.0)
64: 113 134 (43.0)
65: 125 127 130 (50.0)
66: 141 (30.0)
67: 124 (32.0)
68: 128 138 (50.0)
69: 136 142 (52.0)
70: 129 155 159 (39.0)
71: 137 139 143 (49.0)
72: 145 150 154 (46.0)
73: 146 151 (48.0)
74: 148 149 (41.0)
75: 152 157 (52.0)
76: 135 147 156 (46.0)
77: 144 164 169 173 (48.0)
78: 140 167 171 174 185 (50.0)
79: 158 165 177 (46.0)
80: 153 160 172 (47.0)
81: 161 162 170 (45.0)
82: 163 184 (47.0)
83: 166 168 179 187 (50.0)
84: 181 182 (37.0)
85: 175 176 188 (44.0)
86: 183 189 190 (48.0)
87: 180 193 204 (47.0)
88: 192 198 (43.0)
89: 191 202 203 205 (50.0)
90: 178 186 197 (39.0)
91: 195 207 212 (47.0)
92: 208 227 (47.0)
93: 194 217 219 222 (50.0)
94: 196 199 (49.0)
95: 200 218 231 (48.0)
96: 201 206 225 (47.0)
97: 220 234 (50.0)
98: 210 213 215 221 (48.0)
99: 209 228 244 (49.0)
100: 223 233 (50.0)
101: 214 216 243 (50.0)
102: 224 226 229 239 (48.0)
103: 235 237 242 (50.0)
104: 211 232 236 (57.0)
105: 240 241 245 (49.0)
106: 230 238 246 (50.0)
107: 247 248 249 (50.0)
