Name: 250-30-50
Time: 9.279760837554932 
Result: 59046
Solution:  3 1 0 2 2 4 6 5 5 4 1 3 0 7 3 8 0 12 0 6 4 10 14 8 12 10 16 16 17 11 19 22 14 13 19 13 18 11 18 19 21 23 17 28 27 29 31 19 26 25 22 26 24 21 34 25 28 29 32 28 32 34 30 23 40 24 31 33 35 35 33 41 30 33 44 36 37 37 38 38 47 40 39 46 43 41 47 44 43 36 51 48 44 42 49 45 46 50 45 46 51 50 53 55 45 48 54 51 55 52 58 55 58 54 62 58 56 62 57 61 66 60 61 59 63 65 66 65 59 70 65 64 60 68 71 67 69 67 69 68 66 77 71 76 78 70 73 75 75 81 72 72 78 72 72 72 75 79 80 77 74 80 77 73 78 74 79 82 84 76 81 76 80 85 76 82 85 83 89 83 88 85 84 84 88 90 92 85 86 86 97 84 90 83 87 89 87 90 82 94 90 92 99 86 91 91 89 94 96 97 91 96 94 98 100 101 93 102 95 95 97 95 96 101 102 100 92 91 102 95 105 100 105 103 93 104 101 106 106 99 104 103 102 97 98 106 104 107 105 107
0: 2 12 16 18 (27.0)
1: 1 10 (42.0)
2: 3 4 (45.0)
3: 0 11 14 (29.0)
4: 5 9 20 (32.0)
5: 7 8 (37.0)
6: 6 19 (30.0)
7: 13 (29.0)
8: 15 23 (38.0)
9: (0.0)
10: 21 25 (39.0)
11: 29 37 (27.0)
12: 17 24 (40.0)
13: 33 35 (47.0)
14: 22 32 (28.0)
15: (0.0)
16: 26 27 (32.0)
17: 28 42 (36.0)
18: 36 38 (39.0)
19: 30 34 39 47 (34.0)
20: (0.0)
21: 40 53 (40.0)
22: 31 50 (41.0)
23: 41 63 (38.0)
24: 52 65 (14.0)
25: 49 55 (32.0)
26: 48 51 (32.0)
27: 44 (31.0)
28: 43 56 59 (41.0)
29: 45 57 (35.0)
30: 62 72 (45.0)
31: 46 66 (60.0)
32: 58 60 (37.0)
33: 67 70 73 (29.0)
34: 54 61 (34.0)
35: 68 69 (37.0)
36: 75 89 (33.0)
37: 76 77 (38.0)
38: 78 79 (38.0)
39: 82 (35.0)
40: 64 81 (56.0)
41: 71 85 (52.0)
42: 93 (33.0)
43: 84 88 (31.0)
44: 74 87 92 (49.0)
45: 95 98 104 (39.0)
46: 83 96 99 (38.0)
47: 80 86 (31.0)
48: 91 105 (48.0)
49: 94 (33.0)
50: 97 101 (50.0)
51: 90 100 107 (41.0)
52: 109 (31.0)
53: 102 (30.0)
54: 106 113 (50.0)
55: 103 108 111 (49.0)
56: 116 (36.0)
57: 118 (36.0)
58: 110 112 115 (37.0)
59: 123 128 (35.0)
60: 121 132 (53.0)
61: 119 122 (36.0)
62: 114 117 (36.0)
63: 124 (32.0)
64: 131 (34.0)
65: 125 127 130 (50.0)
66: 120 126 140 (35.0)
67: 135 137 (38.0)
68: 133 139 (33.0)
69: 136 138 (50.0)
70: 129 145 (44.0)
71: 134 142 (50.0)
72: 150 151 153 154 155 (49.0)
73: 146 163 (43.0)
74: 160 165 (49.0)
75: 147 148 156 (48.0)
76: 143 169 171 174 (50.0)
77: 141 159 162 (48.0)
78: 144 152 164 (50.0)
79: 157 166 (44.0)
80: 158 161 172 (44.0)
81: 149 170 (42.0)
82: 167 175 198 (46.0)
83: 177 179 193 (46.0)
84: 168 182 183 191 (50.0)
85: 173 176 181 187 (43.0)
86: 188 189 203 (48.0)
87: 194 196 (48.0)
88: 180 184 (47.0)
89: 178 195 206 (47.0)
90: 185 192 197 200 (50.0)
91: 204 205 210 227 (50.0)
92: 186 201 226 (50.0)
93: 216 234 (47.0)
94: 199 207 212 (50.0)
95: 218 219 221 229 (50.0)
96: 208 211 222 (54.0)
97: 190 209 220 243 (54.0)
98: 213 244 (48.0)
99: 202 239 (48.0)
100: 214 225 231 (49.0)
101: 215 223 236 (50.0)
102: 217 224 228 242 (53.0)
103: 233 241 (49.0)
104: 235 240 246 (50.0)
105: 230 232 248 (49.0)
106: 237 238 245 (47.0)
107: 247 249 (31.0)
