Name: 250-40-75
Time: 9.67176604270935 
Result: 94070
Solution:  0 0 2 1 1 3 0 7 3 6 2 10 3 6 8 7 8 4 9 9 8 10 14 13 5 14 7 22 19 17 12 12 13 15 22 21 14 18 11 24 20 18 17 19 29 27 14 15 26 27 24 25 21 25 28 23 27 23 29 37 28 31 33 40 36 32 30 33 34 31 35 33 36 38 42 31 39 38 41 35 44 32 46 38 43 48 45 45 37 39 48 40 51 41 47 39 40 44 47 49 52 50 50 48 49 47 55 51 54 54 52 55 53 54 57 59 52 58 60 65 57 60 61 62 61 56 63 61 60 68 67 69 61 63 64 59 62 66 71 70 64 66 64 68 71 70 69 66 70 65 67 67 75 72 76 72 74 77 75 80 73 72 77 73 75 76 78 69 79 74 74 87 83 79 81 74 82 77 78 83 79 77 83 80 83 85 85 84 78 91 89 85 84 92 94 81 91 84 82 88 86 83 87 89 89 90 86 87 90 89 93 97 93 93 95 87 92 101 91 95 95 97 94 97 101 100 101 94 98 90 99 98 100 100 96 102 97 99 102 102 96 103 96 104 98 103 103 96 103 104
0: 0 1 6 (65.0)
1: 3 4 (45.0)
2: 2 10 (40.0)
3: 5 8 12 (45.0)
4: 17 (42.0)
5: 24 (41.0)
6: 9 13 (45.0)
7: 7 15 26 (55.0)
8: 14 16 20 (52.0)
9: 18 19 (44.0)
10: 11 21 (48.0)
11: 38 (43.0)
12: 30 31 (46.0)
13: 23 32 (64.0)
14: 22 25 36 46 (40.0)
15: 33 47 (54.0)
16: (0.0)
17: 29 42 (50.0)
18: 37 41 (42.0)
19: 28 43 (43.0)
20: 40 (37.0)
21: 35 52 (48.0)
22: 27 34 (41.0)
23: 55 57 (69.0)
24: 39 50 (23.0)
25: 51 53 (62.0)
26: 48 (38.0)
27: 45 49 56 (34.0)
28: 54 60 (55.0)
29: 44 58 (52.0)
30: 66 (36.0)
31: 61 69 75 (47.0)
32: 65 81 (27.0)
33: 62 67 71 (60.0)
34: 68 (30.0)
35: 70 79 (62.0)
36: 64 72 (65.0)
37: 59 88 (66.0)
38: 73 77 83 (70.0)
39: 76 89 95 (93.0)
40: 63 91 96 (73.0)
41: 78 93 (66.0)
42: 74 (40.0)
43: 84 (50.0)
44: 80 97 (56.0)
45: 86 87 (57.0)
46: 82 (45.0)
47: 94 98 105 (72.0)
48: 85 90 103 (66.0)
49: 99 104 (68.0)
50: 101 102 (56.0)
51: 92 107 (73.0)
52: 100 110 116 (66.0)
53: 112 (48.0)
54: 108 109 113 (75.0)
55: 106 111 (59.0)
56: 125 (50.0)
57: 114 120 (55.0)
58: 117 (55.0)
59: 115 135 (55.0)
60: 118 121 128 (68.0)
61: 122 124 127 132 (54.0)
62: 123 136 (64.0)
63: 126 133 (65.0)
64: 134 140 142 (65.0)
65: 119 149 (62.0)
66: 137 141 147 (70.0)
67: 130 150 151 (74.0)
68: 129 143 (70.0)
69: 131 146 167 (73.0)
70: 139 145 148 (73.0)
71: 138 144 (66.0)
72: 153 155 161 (49.0)
73: 160 163 (70.0)
74: 156 169 170 175 (70.0)
75: 152 158 164 (75.0)
76: 154 165 (71.0)
77: 157 162 177 181 (72.0)
78: 166 178 188 (56.0)
79: 168 173 180 (74.0)
80: 159 183 (69.0)
81: 174 195 (74.0)
82: 176 198 (67.0)
83: 172 179 182 184 201 (87.0)
84: 187 192 197 (69.0)
85: 185 186 191 (64.0)
86: 200 206 (60.0)
87: 171 202 207 215 (72.0)
88: 199 (40.0)
89: 190 203 204 209 (75.0)
90: 205 208 229 (76.0)
91: 189 196 218 (70.0)
92: 193 216 (60.0)
93: 210 212 213 (75.0)
94: 194 222 227 (68.0)
95: 214 219 220 (74.0)
96: 234 240 242 247 (81.0)
97: 211 221 223 236 (73.0)
98: 228 231 244 (75.0)
99: 230 237 (74.0)
100: 225 232 233 (75.0)
101: 217 224 226 (75.0)
102: 235 238 239 (72.0)
103: 241 245 246 248 (73.0)
104: 243 249 (77.0)
