Name: 250-60-125
Time: 10.035743474960327 
Result: 91100
Solution:  1 1 5 4 6 1 8 2 7 8 6 5 12 2 5 4 12 3 9 3 15 7 9 11 11 16 16 11 19 21 19 20 15 14 19 18 22 14 17 19 20 25 26 16 24 21 21 23 23 17 22 33 27 24 28 24 27 33 25 22 36 32 32 31 30 33 26 34 28 31 40 37 33 38 35 34 37 34 36 35 41 46 40 44 42 38 39 45 41 42 40 47 49 48 45 43 48 51 45 54 52 48 50 50 43 51 56 46 53 57 55 50 56 60 60 58 57 59 52 61 54 59 58 57 65 63 66 61 66 62 64 65 62 64 67 67 69 71 68 61 68 73 74 71 72 70 72 76 74 74 75 75 73 76 70 78 77 77 82 79 78 81 81 77 79 82 85 88 84 85 83 86 87 93 80 80 95 88 89 89 84 90 95 93 90 98 88 98 94 100 94 86 91 91 92 106 97 96 96 99 103 97 101 93 107 106 103 99 108 108 106 100 110 107 104 111 110 105 102 102 104 113 112 114 107 116 112 110 111 118 112 114 116 118 113 109 114 109 115 115 115 117 117 117 109 118 116 119 119 119
0: (0.0)
1: 0 1 5 (93.0)
2: 7 13 (60.0)
3: 17 19 (70.0)
4: 3 15 (75.0)
5: 2 11 14 (64.0)
6: 4 10 (69.0)
7: 8 21 (62.0)
8: 6 9 (67.0)
9: 18 22 (68.0)
10: (0.0)
11: 23 24 27 (109.0)
12: 12 16 (50.0)
13: (0.0)
14: 33 37 (63.0)
15: 20 32 (62.0)
16: 25 26 43 (101.0)
17: 38 49 (82.0)
18: 35 (45.0)
19: 28 30 34 39 (123.0)
20: 31 40 (68.0)
21: 29 45 46 (59.0)
22: 36 50 59 (100.0)
23: 47 48 (73.0)
24: 44 53 55 (73.0)
25: 41 58 (90.0)
26: 42 66 (48.0)
27: 52 56 (75.0)
28: 54 68 (71.0)
29: (0.0)
30: 64 (48.0)
31: 63 69 (98.0)
32: 61 62 (44.0)
33: 51 57 65 72 (96.0)
34: 67 75 77 (90.0)
35: 74 79 (91.0)
36: 60 78 (82.0)
37: 71 76 (65.0)
38: 73 85 (90.0)
39: 86 (64.0)
40: 70 82 90 (62.0)
41: 80 88 (91.0)
42: 84 89 (66.0)
43: 95 104 (95.0)
44: 83 (66.0)
45: 87 94 98 (70.0)
46: 81 107 (68.0)
47: 91 (62.0)
48: 93 96 101 (91.0)
49: 92 (67.0)
50: 102 103 111 (94.0)
51: 97 105 (103.0)
52: 100 118 (103.0)
53: 108 (69.0)
54: 99 120 (93.0)
55: 110 (73.0)
56: 106 112 (84.0)
57: 109 116 123 (107.0)
58: 115 122 (80.0)
59: 117 121 (95.0)
60: 113 114 (111.0)
61: 119 127 139 (81.0)
62: 129 132 (71.0)
63: 125 (76.0)
64: 130 133 (89.0)
65: 124 131 (87.0)
66: 126 128 (108.0)
67: 134 135 (95.0)
68: 138 140 (110.0)
69: 136 (67.0)
70: 145 154 (61.0)
71: 137 143 (111.0)
72: 144 146 (94.0)
73: 141 152 (87.0)
74: 142 148 149 (113.0)
75: 150 151 (99.0)
76: 147 153 (125.0)
77: 156 157 163 (120.0)
78: 155 160 (106.0)
79: 159 164 (98.0)
80: 174 175 (109.0)
81: 161 162 (144.0)
82: 158 165 (105.0)
83: 170 (72.0)
84: 168 180 (114.0)
85: 166 169 (105.0)
86: 171 191 (107.0)
87: 172 (62.0)
88: 167 177 186 (124.0)
89: 178 179 (110.0)
90: 181 184 (124.0)
91: 192 193 (113.0)
92: 194 (102.0)
93: 173 183 203 (123.0)
94: 188 190 (120.0)
95: 176 182 (119.0)
96: 197 198 (125.0)
97: 196 201 (119.0)
98: 185 187 (117.0)
99: 199 207 (100.0)
100: 189 211 (118.0)
101: 202 (98.0)
102: 218 219 (121.0)
103: 200 206 (116.0)
104: 214 220 (108.0)
105: 217 (64.0)
106: 195 205 210 (103.0)
107: 204 213 224 (121.0)
108: 208 209 (117.0)
109: 235 237 244 (131.0)
110: 212 216 227 (123.0)
111: 215 228 (117.0)
112: 222 226 230 (124.0)
113: 221 234 (123.0)
114: 223 231 236 (125.0)
115: 238 239 240 (125.0)
116: 225 232 246 (124.0)
117: 241 242 243 (125.0)
118: 229 233 245 (116.0)
119: 247 248 249 (125.0)
