Name: 250-50-100
Time: 18.082714080810547 
Result: 79
Solution:  0 5 4 2 6 3 7 2 3 7 0 8 4 9 9 13 14 5 10 11 10 8 12 6 15 16 18 12 13 19 17 15 15 11 19 14 23 18 24 21 22 21 24 20 16 18 25 20 22 27 23 24 28 24 28 27 31 25 29 35 31 26 26 30 39 33 34 36 29 36 37 40 33 43 38 32 35 40 37 39 34 32 45 42 40 44 41 43 42 44 46 47 46 41 52 40 50 42 48 49 51 54 55 49 46 45 48 51 61 54 48 55 56 60 52 57 53 55 59 58 58 68 63 66 65 61 62 60 71 65 61 66 67 72 64 66 67 68 70 69 70 68 62 67 65 64 67 68 76 71 63 74 67 76 75 70 76 71 72 77 73 73 82 74 70 73 79 81 74 78 71 83 82 77 79 80 76 77 82 80 81 76 83 78 82 88 84 75 81 84 90 92 83 80 95 88 86 89 89 88 85 91 94 89 95 87 91 91 93 86 90 92 93 93 90 100 85 93 89 99 96 91 96 91 100 98 94 98 92 97 98 98 101 102 97 100 101 100 103 101 97 102 104 99 104 95 102 104 102 103
0: 0 10 (39.0)
1: (0.0)
2: 3 7 (24.0)
3: 5 8 (48.0)
4: 2 12 (57.0)
5: 1 17 (58.0)
6: 4 23 (70.0)
7: 6 9 (55.0)
8: 11 21 (53.0)
9: 13 14 (66.0)
10: 18 20 (51.0)
11: 19 33 (55.0)
12: 22 27 (46.0)
13: 15 28 (49.0)
14: 16 35 (67.0)
15: 24 31 32 (50.0)
16: 25 44 (59.0)
17: 30 (50.0)
18: 26 37 45 (76.0)
19: 29 34 (53.0)
20: 43 47 (61.0)
21: 39 41 (59.0)
22: 40 48 (73.0)
23: 36 50 (92.0)
24: 38 42 51 53 (62.0)
25: 46 57 (76.0)
26: 61 62 (60.0)
27: 49 55 (50.0)
28: 52 54 (81.0)
29: 58 68 (61.0)
30: 63 (30.0)
31: 56 60 (63.0)
32: 75 81 (52.0)
33: 65 72 (66.0)
34: 66 80 (51.0)
35: 59 76 (71.0)
36: 67 69 (70.0)
37: 70 78 (89.0)
38: 74 (57.0)
39: 64 79 (52.0)
40: 71 77 84 95 (88.0)
41: 86 93 (56.0)
42: 83 88 97 (57.0)
43: 73 87 (74.0)
44: 85 89 (90.0)
45: 82 105 (83.0)
46: 90 92 104 (92.0)
47: 91 (59.0)
48: 98 106 110 (91.0)
49: 99 103 (88.0)
50: 96 (52.0)
51: 100 107 (91.0)
52: 94 114 (74.0)
53: 116 (75.0)
54: 101 109 (85.0)
55: 102 111 117 (80.0)
56: 112 (54.0)
57: 115 (55.0)
58: 119 120 (60.0)
59: 118 (51.0)
60: 113 127 (57.0)
61: 108 125 130 (82.0)
62: 126 142 (89.0)
63: 122 150 (81.0)
64: 134 145 (76.0)
65: 124 129 144 (97.0)
66: 123 131 135 (97.0)
67: 132 136 143 146 152 (75.0)
68: 121 137 141 147 (93.0)
69: 139 (64.0)
70: 138 140 155 164 (68.0)
71: 128 149 157 170 (98.0)
72: 133 158 (84.0)
73: 160 161 165 (96.0)
74: 151 163 168 (94.0)
75: 154 187 (79.0)
76: 148 153 156 176 181 (95.0)
77: 159 173 177 (97.0)
78: 169 183 (95.0)
79: 166 174 (103.0)
80: 175 179 193 (87.0)
81: 167 180 188 (99.0)
82: 162 172 178 184 (89.0)
83: 171 182 192 (85.0)
84: 186 189 (84.0)
85: 200 216 (92.0)
86: 196 209 (76.0)
87: 205 (71.0)
88: 185 195 199 (93.0)
89: 197 198 203 218 (93.0)
90: 190 210 214 (78.0)
91: 201 206 207 221 223 (92.0)
92: 191 211 228 (85.0)
93: 208 212 213 217 (100.0)
94: 202 226 (97.0)
95: 194 204 245 (100.0)
96: 220 222 (95.0)
97: 229 234 240 (99.0)
98: 225 227 230 231 (94.0)
99: 219 243 (96.0)
100: 215 224 235 237 (99.0)
101: 232 236 239 (99.0)
102: 233 241 246 248 (95.0)
103: 238 249 (95.0)
104: 242 244 247 (100.0)
