Name: 250-30-50
Time: 19.62051749229431 
Result: 38
Solution:  3 2 1 4 2 5 5 1 1 3 0 5 9 7 0 10 9 4 15 14 8 8 11 9 12 17 12 15 16 14 11 23 10 16 19 22 15 20 19 20 11 26 18 29 21 25 31 18 26 25 22 20 33 17 23 24 28 27 28 30 38 34 28 24 40 25 37 39 33 30 33 29 34 35 41 40 41 35 36 39 39 44 43 41 42 38 44 42 46 45 47 50 39 48 51 47 48 46 45 53 55 49 52 47 47 50 53 51 56 54 59 55 49 59 57 49 56 56 62 60 60 60 64 59 65 63 63 71 58 69 65 61 58 63 70 67 66 68 66 74 69 72 68 76 78 67 73 76 75 74 69 72 77 68 79 71 76 70 79 74 75 78 81 73 76 80 80 85 84 79 84 78 77 82 79 85 86 81 81 84 87 83 86 87 82 89 85 90 87 86 88 91 90 83 88 89 92 95 89 92 89 97 96 88 88 91 89 93 94 95 91 103 96 98 101 97 101 91 97 89 95 98 95 99 102 98 93 98 106 94 94 104 107 99 96 105 104 102 103 104 106 100 105 101 102 107 105 107 106 100
0: 10 14 (30.0)
1: 2 7 8 (44.0)
2: 1 4 (44.0)
3: 0 9 (23.0)
4: 3 17 (47.0)
5: 5 6 11 (28.0)
6: (0.0)
7: 13 (29.0)
8: 20 21 (32.0)
9: 12 16 23 (26.0)
10: 15 32 (34.0)
11: 22 30 40 (41.0)
12: 24 26 (35.0)
13: (0.0)
14: 19 29 (31.0)
15: 18 27 36 (40.0)
16: 28 33 (42.0)
17: 25 53 (44.0)
18: 42 47 (18.0)
19: 34 38 (29.0)
20: 37 39 51 (39.0)
21: 44 (31.0)
22: 35 50 (50.0)
23: 31 54 (35.0)
24: 55 63 (35.0)
25: 45 49 65 (24.0)
26: 41 48 (41.0)
27: 57 (32.0)
28: 56 58 62 (40.0)
29: 43 71 (47.0)
30: 59 69 (43.0)
31: 46 (30.0)
32: (0.0)
33: 52 68 70 (29.0)
34: 61 72 (43.0)
35: 73 77 (33.0)
36: 78 (31.0)
37: 66 (30.0)
38: 60 85 (44.0)
39: 67 79 80 92 (31.0)
40: 64 75 (42.0)
41: 74 76 83 (45.0)
42: 84 87 (31.0)
43: 82 (35.0)
44: 81 86 (47.0)
45: 89 98 (35.0)
46: 88 97 (46.0)
47: 90 95 103 104 (46.0)
48: 93 96 (44.0)
49: 101 112 115 (49.0)
50: 91 105 (48.0)
51: 94 107 (44.0)
52: 102 (30.0)
53: 99 106 (53.0)
54: 109 (31.0)
55: 100 111 (48.0)
56: 108 116 117 (49.0)
57: 114 (32.0)
58: 128 132 (49.0)
59: 110 113 123 (42.0)
60: 119 120 121 (46.0)
61: 131 (34.0)
62: 118 (36.0)
63: 125 126 133 (37.0)
64: 122 (31.0)
65: 124 130 (40.0)
66: 136 138 (50.0)
67: 135 145 (46.0)
68: 137 142 153 (48.0)
69: 129 140 150 (32.0)
70: 134 157 (49.0)
71: 127 155 (43.0)
72: 141 151 (46.0)
73: 146 163 (43.0)
74: 139 149 159 (45.0)
75: 148 160 (45.0)
76: 143 147 156 164 (49.0)
77: 152 172 (47.0)
78: 144 161 171 (43.0)
79: 154 158 169 174 (49.0)
80: 165 166 (43.0)
81: 162 177 178 (50.0)
82: 173 184 (48.0)
83: 181 193 (49.0)
84: 168 170 179 (49.0)
85: 167 175 186 (44.0)
86: 176 182 189 (49.0)
87: 180 183 188 (31.0)
88: 190 194 203 204 (35.0)
89: 185 195 198 200 206 219 (48.0)
90: 187 192 (43.0)
91: 191 205 210 217 (47.0)
92: 196 199 (49.0)
93: 207 226 (47.0)
94: 208 229 230 (47.0)
95: 197 209 220 222 (50.0)
96: 202 212 234 (49.0)
97: 201 215 218 (49.0)
98: 213 221 225 227 (56.0)
99: 223 233 (50.0)
100: 241 249 (50.0)
101: 214 216 243 (50.0)
102: 224 237 244 (54.0)
103: 211 238 (46.0)
104: 231 236 239 (56.0)
105: 235 242 246 (49.0)
106: 228 240 248 (47.0)
107: 232 245 247 (43.0)
