Name: 250-40-75
Time: 10.082370281219482 
Result: 37057
Solution:  0 0 2 1 2 3 4 1 4 3 3 10 0 5 7 7 5 8 11 5 9 17 10 12 6 10 13 9 11 13 20 12 15 15 22 18 14 14 21 23 20 22 17 19 28 19 22 18 23 25 27 25 19 29 29 26 27 27 29 34 32 23 28 35 37 31 32 33 33 33 38 34 36 30 31 30 38 36 42 40 39 35 44 38 42 37 43 45 46 40 45 36 43 41 46 39 47 46 41 55 52 50 51 54 54 47 55 48 50 55 50 56 49 50 54 59 59 58 61 53 62 62 55 57 61 60 63 70 61 67 66 65 61 70 64 59 65 65 69 66 70 68 67 66 71 70 68 66 76 65 64 69 75 71 74 72 73 81 76 80 75 73 71 77 77 77 79 69 79 73 72 74 82 79 78 72 79 86 80 87 73 80 78 85 83 86 82 84 89 84 88 80 83 90 81 85 90 88 81 88 88 81 87 89 84 89 91 86 92 91 92 91 89 94 97 87 97 100 94 90 96 96 95 93 98 97 95 102 93 93 98 99 99 99 101 101 104 96 102 100 101 101 97 104 103 95 103 98 102 103
0: 0 1 12 (61.0)
1: 3 7 (27.0)
2: 2 4 (63.0)
3: 5 9 10 (40.0)
4: 6 8 (43.0)
5: 13 16 19 (47.0)
6: 24 (41.0)
7: 14 15 (43.0)
8: 17 (42.0)
9: 20 27 (54.0)
10: 11 22 25 (40.0)
11: 18 28 (41.0)
12: 23 31 (57.0)
13: 26 29 (43.0)
14: 36 37 (47.0)
15: 32 33 (46.0)
16: (0.0)
17: 21 42 (41.0)
18: 35 47 (64.0)
19: 43 45 52 (49.0)
20: 30 40 (65.0)
21: 38 (43.0)
22: 34 41 46 (42.0)
23: 39 48 61 (54.0)
24: (0.0)
25: 49 51 (41.0)
26: 55 (33.0)
27: 50 56 57 (69.0)
28: 44 62 (62.0)
29: 53 54 58 (60.0)
30: 73 75 (44.0)
31: 65 74 (48.0)
32: 60 66 (75.0)
33: 67 68 69 (68.0)
34: 59 71 (61.0)
35: 63 81 (48.0)
36: 72 77 91 (55.0)
37: 64 85 (49.0)
38: 70 76 83 (67.0)
39: 80 95 (74.0)
40: 79 89 (62.0)
41: 93 98 (60.0)
42: 78 84 (72.0)
43: 86 92 (55.0)
44: 82 (45.0)
45: 87 90 (68.0)
46: 88 94 97 (67.0)
47: 96 105 (74.0)
48: 107 (59.0)
49: 112 (48.0)
50: 101 108 110 113 (71.0)
51: 102 (51.0)
52: 100 (54.0)
53: 119 (44.0)
54: 103 104 114 (63.0)
55: 99 106 109 122 (68.0)
56: 111 (57.0)
57: 123 (54.0)
58: 117 (55.0)
59: 115 116 135 (63.0)
60: 125 (50.0)
61: 118 124 128 132 (61.0)
62: 120 121 (64.0)
63: 126 (53.0)
64: 134 150 (47.0)
65: 131 136 137 149 (64.0)
66: 130 139 143 147 (73.0)
67: 129 142 (71.0)
68: 141 146 (71.0)
69: 138 151 167 (75.0)
70: 127 133 140 145 (70.0)
71: 144 153 162 (73.0)
72: 155 170 175 (59.0)
73: 156 161 169 180 (64.0)
74: 154 171 (69.0)
75: 152 160 (62.0)
76: 148 158 (69.0)
77: 163 164 165 (68.0)
78: 174 182 (60.0)
79: 166 168 173 176 (75.0)
80: 159 178 181 191 (73.0)
81: 157 194 198 201 (75.0)
82: 172 186 (58.0)
83: 184 192 (62.0)
84: 187 189 204 (78.0)
85: 183 195 (73.0)
86: 177 185 207 (68.0)
87: 179 202 215 (64.0)
88: 190 197 199 200 (70.0)
89: 188 203 205 212 (74.0)
90: 193 196 219 (69.0)
91: 206 209 211 (70.0)
92: 208 210 (65.0)
93: 223 228 229 (75.0)
94: 213 218 (61.0)
95: 222 226 245 (73.0)
96: 220 221 237 (75.0)
97: 214 216 225 242 (79.0)
98: 224 230 247 (72.0)
99: 231 232 233 (74.0)
100: 217 239 (68.0)
101: 234 235 240 241 (74.0)
102: 227 238 248 (76.0)
103: 244 246 249 (84.0)
104: 236 243 (75.0)
