Name: 250-60-125
Time: 9.68942928314209 
Result: 19075
Solution:  1 1 4 5 10 6 7 3 3 6 5 4 15 3 7 8 8 4 9 9 11 10 12 8 12 14 13 15 13 16 16 21 11 14 16 22 22 15 19 19 20 25 21 17 23 20 21 23 24 19 26 32 24 25 31 28 26 35 27 28 35 32 33 29 31 28 27 33 33 29 32 35 31 36 37 39 37 45 37 36 42 39 39 38 43 43 41 39 40 42 40 50 44 46 45 46 46 47 53 51 53 48 52 52 46 51 49 55 54 55 56 55 49 61 60 58 61 58 57 59 53 60 59 59 66 64 70 67 62 64 63 63 68 67 65 66 69 62 66 62 70 65 72 68 72 63 76 71 73 78 77 75 82 77 72 78 74 79 78 76 75 81 79 81 81 88 84 86 83 87 85 87 87 85 83 80 94 88 82 93 84 91 92 92 89 89 90 94 98 91 90 86 96 96 99 102 97 93 104 98 100 100 95 99 103 107 97 103 106 108 104 101 108 110 114 106 112 105 102 101 107 113 105 110 106 111 112 114 109 118 115 111 114 115 113 109 119 115 114 117 116 115 115 117 118 116 117 119 118 119
0: (0.0)
1: 0 1 (60.0)
2: (0.0)
3: 7 8 13 (89.0)
4: 2 11 17 (64.0)
5: 3 10 (92.0)
6: 5 9 (64.0)
7: 6 14 (72.0)
8: 15 16 23 (73.0)
9: 18 19 (62.0)
10: 4 21 (60.0)
11: 20 32 (62.0)
12: 22 24 (83.0)
13: 26 28 (74.0)
14: 25 33 (51.0)
15: 12 27 37 (100.0)
16: 29 30 34 (51.0)
17: 43 (61.0)
18: (0.0)
19: 38 39 49 (110.0)
20: 40 45 (60.0)
21: 31 42 46 (62.0)
22: 35 36 (78.0)
23: 44 47 (83.0)
24: 48 52 (63.0)
25: 41 53 (64.0)
26: 50 56 (81.0)
27: 58 66 (93.0)
28: 55 59 65 (60.0)
29: 63 69 (98.0)
30: (0.0)
31: 54 64 72 (115.0)
32: 51 61 70 (77.0)
33: 62 67 68 (73.0)
34: (0.0)
35: 57 60 71 (119.0)
36: 73 79 (92.0)
37: 74 76 78 (116.0)
38: 83 (66.0)
39: 75 81 82 87 (77.0)
40: 88 90 (69.0)
41: 86 (64.0)
42: 80 89 (66.0)
43: 84 85 (76.0)
44: 92 (67.0)
45: 77 94 (76.0)
46: 93 95 96 104 (119.0)
47: 97 (69.0)
48: 101 (67.0)
49: 106 112 (84.0)
50: 91 (62.0)
51: 99 105 (93.0)
52: 102 103 (82.0)
53: 98 100 120 (71.0)
54: 108 (69.0)
55: 107 109 111 (61.0)
56: 110 (73.0)
57: 118 (88.0)
58: 115 117 (68.0)
59: 119 122 123 (94.0)
60: 114 121 (115.0)
61: 113 116 (103.0)
62: 128 137 139 (123.0)
63: 130 131 145 (124.0)
64: 125 129 (117.0)
65: 134 141 (86.0)
66: 124 135 138 (120.0)
67: 127 133 (101.0)
68: 132 143 (112.0)
69: 136 (67.0)
70: 126 140 (112.0)
71: 147 (72.0)
72: 142 144 154 (115.0)
73: 148 (75.0)
74: 156 (76.0)
75: 151 160 (79.0)
76: 146 159 (103.0)
77: 150 153 (112.0)
78: 149 155 158 (113.0)
79: 157 162 (106.0)
80: 175 (82.0)
81: 161 163 164 (103.0)
82: 152 178 (92.0)
83: 168 174 (117.0)
84: 166 180 (114.0)
85: 170 173 (116.0)
86: 167 191 (88.0)
87: 169 171 172 (111.0)
88: 165 177 (123.0)
89: 184 185 (111.0)
90: 186 190 (107.0)
91: 181 189 (118.0)
92: 182 183 (111.0)
93: 179 197 (108.0)
94: 176 187 (112.0)
95: 202 (98.0)
96: 192 193 (113.0)
97: 196 206 (120.0)
98: 188 199 (115.0)
99: 194 203 (120.0)
100: 200 201 (115.0)
101: 211 219 (111.0)
102: 195 218 (109.0)
103: 204 207 (122.0)
104: 198 210 (112.0)
105: 217 222 (114.0)
106: 208 215 224 (122.0)
107: 205 220 (123.0)
108: 209 212 (124.0)
109: 228 235 (126.0)
110: 213 223 (119.0)
111: 225 231 (116.0)
112: 216 226 (123.0)
113: 221 234 (123.0)
114: 214 227 232 238 (125.0)
115: 230 233 237 241 242 (115.0)
116: 240 245 (83.0)
117: 239 243 246 (121.0)
118: 229 244 248 (116.0)
119: 236 247 249 (122.0)
