Name: 250-20-30
Time: 17.545020580291748 
Result: 20
Solution:  0 2 1 10 1 2 6 9 3 3 8 2 2 7 6 7 8 10 11 9 10 14 12 18 16 14 13 20 19 18 11 6 16 12 13 18 22 19 14 15 29 22 21 26 17 28 23 17 25 21 25 24 26 33 20 28 30 23 36 30 27 34 34 24 30 32 37 34 29 35 37 32 31 33 32 27 32 33 35 31 27 34 37 46 38 38 40 39 36 39 43 41 40 40 39 44 39 40 43 43 49 43 44 44 39 45 41 42 47 52 48 46 50 42 46 47 53 50 50 53 45 46 46 54 47 50 52 59 55 53 51 49 48 51 49 60 58 56 56 51 57 57 55 54 53 55 58 63 56 62 60 62 59 58 57 58 52 63 56 62 61 65 68 69 64 61 65 64 68 65 65 62 73 69 60 68 59 66 67 72 72 72 69 66 70 71 72 71 69 70 74 71 74 73 74 71 75 77 75 76 68 79 80 80 84 81 72 71 82 74 77 72 80 80 79 79 78 85 78 76 83 82 77 85 81 87 90 76 83 88 83 85 86 91 84 88 86 89 86 89 92 87 87 89 91 89 91 92 90 90
0: 0 (14.0)
1: 2 4 (30.0)
2: 1 5 11 12 (22.0)
3: 8 9 (20.0)
4: (0.0)
5: (0.0)
6: 6 14 31 (22.0)
7: 13 15 (27.0)
8: 10 16 (25.0)
9: 7 19 (23.0)
10: 3 17 20 (24.0)
11: 18 30 (25.0)
12: 22 33 (26.0)
13: 26 34 (33.0)
14: 21 25 38 (20.0)
15: 39 (20.0)
16: 24 32 (22.0)
17: 44 47 (22.0)
18: 23 29 35 (22.0)
19: 28 37 (24.0)
20: 27 54 (19.0)
21: 42 49 (23.0)
22: 36 41 (20.0)
23: 46 57 (20.0)
24: 51 63 (17.0)
25: 48 50 (25.0)
26: 43 52 (28.0)
27: 60 75 80 (22.0)
28: 45 55 (21.0)
29: 40 68 (22.0)
30: 56 59 64 (28.0)
31: 72 79 (28.0)
32: 65 71 74 76 (15.0)
33: 53 73 77 (21.0)
34: 61 62 67 81 (23.0)
35: 69 78 (21.0)
36: 58 88 (30.0)
37: 66 70 82 (21.0)
38: 84 85 (28.0)
39: 87 89 94 96 104 (23.0)
40: 86 92 93 97 (27.0)
41: 91 106 (24.0)
42: 107 113 (23.0)
43: 90 98 99 101 (22.0)
44: 95 102 103 (24.0)
45: 105 120 (30.0)
46: 83 111 114 121 122 (22.0)
47: 108 115 124 (30.0)
48: 110 132 (28.0)
49: 100 131 134 (22.0)
50: 112 117 118 125 (29.0)
51: 130 133 139 (29.0)
52: 109 126 156 (20.0)
53: 116 119 129 144 (21.0)
54: 123 143 (27.0)
55: 128 142 145 (24.0)
56: 137 138 148 158 (23.0)
57: 140 141 154 (24.0)
58: 136 146 153 155 (30.0)
59: 127 152 176 (24.0)
60: 135 150 174 (27.0)
61: 160 165 (25.0)
62: 149 151 159 171 (30.0)
63: 147 157 (28.0)
64: 164 167 (28.0)
65: 161 166 169 170 (27.0)
66: 177 183 (34.0)
67: 178 (22.0)
68: 162 168 175 200 (22.0)
69: 163 173 182 188 (20.0)
70: 184 189 (29.0)
71: 185 187 191 195 207 (28.0)
72: 179 180 181 186 206 211 (29.0)
73: 172 193 (30.0)
74: 190 192 194 209 (29.0)
75: 196 198 (22.0)
76: 199 219 227 (30.0)
77: 197 210 222 (27.0)
78: 216 218 (34.0)
79: 201 214 215 (24.0)
80: 202 203 212 213 (30.0)
81: 205 224 (28.0)
82: 208 221 (25.0)
83: 220 228 230 (28.0)
84: 204 234 (28.0)
85: 217 223 231 (25.0)
86: 232 236 238 (29.0)
87: 225 241 242 (30.0)
88: 229 235 (30.0)
89: 237 239 243 245 (29.0)
90: 226 248 249 (30.0)
91: 233 244 246 (30.0)
92: 240 247 (30.0)
