Name: 250-40-75
Time: 21.885802268981934 
Result: 58
Solution:  0 0 2 6 3 3 1 3 10 9 6 1 2 5 8 5 6 4 12 12 9 6 6 10 7 17 15 14 14 8 11 15 11 15 17 20 17 16 13 20 21 20 16 21 23 19 26 18 19 27 25 25 32 31 27 26 28 30 29 31 28 30 27 35 34 32 29 33 42 33 37 35 36 29 40 36 39 37 41 38 42 33 46 41 45 37 43 41 39 39 44 36 51 47 47 38 53 49 41 52 51 46 48 50 57 50 52 54 55 58 52 56 49 56 50 53 59 59 60 62 57 61 62 58 62 60 63 57 59 64 69 69 66 65 61 65 63 66 72 69 72 65 70 71 67 66 68 68 68 70 64 70 75 70 73 69 71 69 75 67 74 71 72 76 76 76 75 71 80 81 78 73 78 79 81 72 74 77 81 88 79 78 79 80 83 85 82 84 91 85 91 86 83 94 93 88 92 93 86 87 87 83 87 92 85 90 84 86 90 92 92 100 88 96 95 89 97 102 91 89 94 94 93 99 101 96 89 93 95 90 95 98 98 98 99 101 96 97 101 100 100 99 97 103 104 104 104 101 102 103
0: 0 1 (40.0)
1: 6 11 (57.0)
2: 2 12 (50.0)
3: 4 5 7 (56.0)
4: 17 (42.0)
5: 13 15 (43.0)
6: 3 10 16 21 22 (45.0)
7: 24 (41.0)
8: 14 29 (47.0)
9: 9 20 (51.0)
10: 8 23 (57.0)
11: 30 32 (53.0)
12: 18 19 (44.0)
13: 38 (43.0)
14: 27 28 (46.0)
15: 26 31 33 (57.0)
16: 37 42 (56.0)
17: 25 34 36 (34.0)
18: 47 (33.0)
19: 45 48 (47.0)
20: 35 39 41 (46.0)
21: 40 43 (60.0)
22: (0.0)
23: 44 (40.0)
24: (0.0)
25: 50 51 (49.0)
26: 46 55 (49.0)
27: 49 54 62 (49.0)
28: 56 60 (53.0)
29: 58 66 73 (79.0)
30: 57 61 (48.0)
31: 53 59 (71.0)
32: 52 65 (25.0)
33: 67 69 81 (57.0)
34: 64 (43.0)
35: 63 71 (51.0)
36: 72 75 91 (40.0)
37: 70 77 85 (64.0)
38: 79 95 (69.0)
39: 76 88 89 (83.0)
40: 74 (40.0)
41: 78 83 87 98 (65.0)
42: 68 80 (67.0)
43: 86 (41.0)
44: 90 (52.0)
45: 84 (50.0)
46: 82 101 (50.0)
47: 93 94 (65.0)
48: 102 (51.0)
49: 97 112 (67.0)
50: 103 105 114 (73.0)
51: 92 100 (68.0)
52: 99 106 110 (49.0)
53: 96 115 (71.0)
54: 107 (59.0)
55: 108 (48.0)
56: 111 113 (71.0)
57: 104 120 127 (62.0)
58: 109 123 (67.0)
59: 116 117 128 (73.0)
60: 118 125 (69.0)
61: 121 134 (70.0)
62: 119 122 124 (69.0)
63: 126 136 (63.0)
64: 129 150 (72.0)
65: 133 135 141 (71.0)
66: 132 137 145 (72.0)
67: 144 159 (69.0)
68: 146 147 148 (75.0)
69: 130 131 139 155 157 (71.0)
70: 142 149 151 153 (69.0)
71: 143 156 161 167 (75.0)
72: 138 140 162 175 (72.0)
73: 154 171 (69.0)
74: 160 176 (48.0)
75: 152 158 166 (73.0)
76: 163 164 165 (68.0)
77: 177 (43.0)
78: 170 172 181 (66.0)
79: 173 180 182 (62.0)
80: 168 183 (71.0)
81: 169 174 178 (74.0)
82: 186 (45.0)
83: 184 192 201 (81.0)
84: 187 206 (64.0)
85: 185 189 204 (74.0)
86: 191 198 207 (67.0)
87: 199 200 202 (72.0)
88: 179 195 212 (73.0)
89: 215 219 226 (71.0)
90: 205 208 229 (76.0)
91: 188 190 218 (61.0)
92: 196 203 209 210 (67.0)
93: 194 197 222 227 (70.0)
94: 193 220 221 (68.0)
95: 214 228 230 (72.0)
96: 213 225 236 (74.0)
97: 216 237 242 (75.0)
98: 231 232 233 (74.0)
99: 223 234 241 (68.0)
100: 211 239 240 (75.0)
101: 224 235 238 247 (75.0)
102: 217 248 (68.0)
103: 243 249 (77.0)
104: 244 245 246 (75.0)
