Name: 500-50-100
Time: 19.848397254943848 
Result: 203106
Solution:  0 9 7 7 5 8 1 3 0 8 11 4 3 15 3 6 10 8 1 8 12 10 9 6 11 14 16 5 20 19 9 17 16 15 20 21 14 12 20 24 26 19 27 14 23 17 30 21 25 29 26 24 34 24 29 27 30 35 25 32 23 37 32 33 29 31 36 31 36 37 34 39 36 30 35 42 38 33 39 38 43 42 44 40 42 38 44 41 44 48 46 40 51 49 47 56 43 48 52 49 46 49 50 50 52 47 53 53 54 57 55 55 56 54 58 57 64 51 62 59 60 59 62 61 58 67 61 68 64 66 66 63 62 65 65 66 69 68 69 73 78 71 71 72 67 70 70 73 74 70 79 72 70 75 82 79 77 85 77 76 76 82 80 78 83 76 84 83 83 80 87 90 85 85 79 89 87 84 89 94 91 92 91 97 90 89 95 98 96 94 97 86 93 97 92 98 105 99 103 94 98 99 101 100 102 98 103 100 104 102 108 100 107 106 110 104 107 114 105 112 106 112 112 110 120 109 119 107 113 116 114 109 116 111 115 115 116 117 120 121 122 119 123 124 127 117 128 118 128 124 126 126 129 127 125 125 121 128 137 124 131 137 130 131 132 135 133 133 132 129 138 135 131 139 139 141 134 131 141 136 142 144 138 136 145 140 145 149 143 146 144 142 148 141 147 143 145 149 153 146 150 143 153 151 148 160 154 152 155 153 155 157 159 154 157 162 163 158 156 156 161 154 163 162 159 165 163 160 164 160 168 161 165 174 166 166 167 162 173 173 173 175 169 169 170 172 170 172 176 171 175 182 178 174 179 177 177 181 176 180 176 180 184 183 183 188 174 181 185 186 184 187 185 179 194 182 184 190 189 188 189 188 191 191 191 193 186 187 192 190 192 194 195 197 195 199 201 197 200 198 199 196 203 197 201 198 200 212 196 206 209 204 202 202 208 208 205 204 213 212 209 211 207 207 203 211 212 210 217 217 221 215 214 214 217 215 216 218 210 218 220 228 224 220 216 223 219 225 227 222 225 226 225 232 228 226 224 230 234 227 230 236 231 231 229 233 232 228 242 234 241 230 237 240 234 229 238 238 236 232 233 236 237 238 242 242 241 237 240 233 239 239 235 241 235 240 243 240 243 243
0: 0 8 (51.0)
1: 6 18 (65.0)
2: (0.0)
3: 7 12 14 (59.0)
4: 11 (30.0)
5: 4 27 (64.0)
6: 15 23 (64.0)
7: 2 3 (50.0)
8: 5 9 17 19 (51.0)
9: 1 22 30 (56.0)
10: 16 21 (81.0)
11: 10 24 (52.0)
12: 20 37 (18.0)
13: (0.0)
14: 25 36 43 (87.0)
15: 13 33 (83.0)
16: 26 32 (41.0)
17: 31 45 (66.0)
18: (0.0)
19: 29 41 (55.0)
20: 28 34 38 (52.0)
21: 35 47 (69.0)
22: (0.0)
23: 44 60 (60.0)
24: 39 51 53 (81.0)
25: 48 58 (85.0)
26: 40 50 (67.0)
27: 42 55 (56.0)
28: (0.0)
29: 49 54 64 (57.0)
30: 46 56 73 (81.0)
31: 65 67 (77.0)
32: 59 62 (41.0)
33: 63 77 (68.0)
34: 52 70 (52.0)
35: 57 74 (79.0)
36: 66 68 72 (43.0)
37: 61 69 (66.0)
38: 76 79 85 (86.0)
39: 71 78 (64.0)
40: 83 91 (57.0)
41: 87 (45.0)
42: 75 81 84 (44.0)
43: 80 96 (89.0)
44: 82 86 88 (44.0)
45: (0.0)
46: 90 100 (90.0)
47: 94 105 (73.0)
48: 89 97 (55.0)
49: 93 99 101 (54.0)
50: 102 103 (60.0)
51: 92 117 (63.0)
52: 98 104 (51.0)
53: 106 107 (60.0)
54: 108 113 (59.0)
55: 110 111 (60.0)
56: 95 112 (61.0)
57: 109 115 (76.0)
58: 114 124 (58.0)
59: 119 121 (51.0)
60: 120 (53.0)
61: 123 126 (72.0)
62: 118 122 132 (53.0)
63: 131 (53.0)
64: 116 128 (77.0)
65: 133 134 (91.0)
66: 129 130 135 (47.0)
67: 125 144 (63.0)
68: 127 137 (59.0)
69: 136 138 (59.0)
70: 145 146 149 152 (60.0)
71: 141 142 (74.0)
72: 143 151 (72.0)
73: 139 147 (77.0)
74: 148 (52.0)
75: 153 (52.0)
76: 159 160 165 (44.0)
77: 156 158 (76.0)
78: 140 163 (68.0)
79: 150 155 174 (66.0)
80: 162 169 (46.0)
81: (0.0)
82: 154 161 (96.0)
83: 164 167 168 (104.0)
84: 166 177 (87.0)
85: 157 172 173 (97.0)
86: 191 (55.0)
87: 170 176 (60.0)
88: (0.0)
89: 175 178 185 (76.0)
90: 171 184 (76.0)
91: 180 182 (71.0)
92: 181 194 (83.0)
93: 192 (55.0)
94: 179 189 199 (84.0)
95: 186 (50.0)
96: 188 (65.0)
97: 183 190 193 (57.0)
98: 187 195 200 205 (56.0)
99: 197 201 (77.0)
100: 203 207 211 (54.0)
101: 202 (53.0)
102: 204 209 (80.0)
103: 198 206 (75.0)
104: 208 215 (82.0)
105: 196 218 (84.0)
106: 213 220 (73.0)
107: 212 216 227 (99.0)
108: 210 (52.0)
109: 225 231 (59.0)
110: 214 223 (81.0)
111: 233 (57.0)
112: 219 221 222 (70.0)
113: 228 (59.0)
114: 217 230 (96.0)
115: 234 235 (71.0)
116: 229 232 236 (56.0)
117: 237 245 (66.0)
118: 247 (56.0)
119: 226 241 (60.0)
120: 224 238 (61.0)
121: 239 256 (77.0)
122: 240 (51.0)
123: 242 (65.0)
124: 243 249 259 (88.0)
125: 254 255 (76.0)
126: 250 251 (75.0)
127: 244 253 (67.0)
128: 246 248 257 (98.0)
129: 252 269 (77.0)
130: 262 (55.0)
131: 260 263 272 277 (93.0)
132: 264 268 (68.0)
133: 266 267 (77.0)
134: 276 (69.0)
135: 265 271 (98.0)
136: 279 283 (85.0)
137: 258 261 (84.0)
138: 270 282 (86.0)
139: 273 274 (92.0)
140: 285 (71.0)
141: 275 278 293 (99.0)
142: 280 291 (57.0)
143: 288 295 301 (92.0)
144: 281 290 (100.0)
145: 284 286 296 (77.0)
146: 289 299 (83.0)
147: 294 (64.0)
148: 292 304 (85.0)
149: 287 297 (89.0)
150: 300 (72.0)
151: 303 (51.0)
152: 307 (51.0)
153: 298 302 309 (66.0)
154: 306 313 321 (61.0)
155: 308 310 (89.0)
156: 318 319 (82.0)
157: 311 314 (93.0)
158: 317 (78.0)
159: 312 324 (94.0)
160: 305 327 329 (86.0)
161: 320 331 (95.0)
162: 315 323 337 (98.0)
163: 316 322 326 (90.0)
164: 328 (76.0)
165: 325 332 (66.0)
166: 334 335 (84.0)
167: 336 (60.0)
168: 330 (59.0)
169: 342 343 (86.0)
170: 344 346 (83.0)
171: 349 (65.0)
172: 345 347 (89.0)
173: 338 339 340 (95.0)
174: 333 353 366 (91.0)
175: 341 350 (97.0)
176: 348 358 360 (93.0)
177: 355 356 (97.0)
178: 352 (81.0)
179: 354 373 (88.0)
180: 359 361 (102.0)
181: 357 367 (99.0)
182: 351 375 (100.0)
183: 363 364 (98.0)
184: 362 370 376 (98.0)
185: 368 372 (110.0)
186: 369 386 (95.0)
187: 371 387 (88.0)
188: 365 379 381 (99.0)
189: 378 380 (94.0)
190: 377 389 (98.0)
191: 382 383 384 (92.0)
192: 388 390 (98.0)
193: 385 (89.0)
194: 374 391 (119.0)
195: 392 394 (100.0)
196: 401 408 (95.0)
197: 393 397 403 (96.0)
198: 399 405 (94.0)
199: 395 400 (95.0)
200: 398 406 (87.0)
201: 396 404 (82.0)
202: 412 413 (93.0)
203: 402 424 (92.0)
204: 411 417 (70.0)
205: 416 (77.0)
206: 409 (63.0)
207: 422 423 (94.0)
208: 414 415 (93.0)
209: 410 420 (99.0)
210: 427 438 (99.0)
211: 421 425 (96.0)
212: 407 419 426 (97.0)
213: 418 (81.0)
214: 432 433 (94.0)
215: 431 435 (87.0)
216: 436 444 (94.0)
217: 428 429 434 (118.0)
218: 437 439 (85.0)
219: 446 (88.0)
220: 440 443 (124.0)
221: 430 (78.0)
222: 449 (69.0)
223: 445 (73.0)
224: 442 456 (93.0)
225: 447 450 452 (99.0)
226: 451 455 (96.0)
227: 448 459 (97.0)
228: 441 454 467 (97.0)
229: 464 475 (93.0)
230: 457 460 471 (98.0)
231: 462 463 (98.0)
232: 453 466 479 (100.0)
233: 465 480 489 (109.0)
234: 458 469 474 (96.0)
235: 492 494 (97.0)
236: 461 478 481 (98.0)
237: 472 482 487 (96.0)
238: 476 477 483 (100.0)
239: 490 491 (97.0)
240: 473 488 495 497 (106.0)
241: 470 486 493 (97.0)
242: 468 484 485 (97.0)
243: 496 498 499 (104.0)
