Name: 500-40-75
Time: 35.53491425514221 
Result: 61
Solution:  1 3 2 5 7 1 5 0 9 6 8 3 3 6 4 5 2 7 0 1 8 1 4 9 6 9 14 13 13 12 17 15 21 18 20 22 14 17 20 12 15 21 24 18 21 16 27 22 19 24 25 27 31 28 21 24 20 33 30 29 28 26 29 28 33 30 31 35 35 34 36 38 38 41 37 40 36 39 37 39 37 44 41 42 39 48 41 43 43 45 46 40 44 42 47 51 50 45 49 49 51 46 48 52 51 50 53 57 59 56 54 53 54 55 61 52 58 55 60 59 62 63 64 59 58 65 57 65 62 60 63 71 73 71 67 67 68 70 70 69 66 66 74 76 71 72 69 70 75 73 69 77 75 70 76 72 75 76 77 77 82 79 80 80 85 82 78 89 81 78 80 76 81 79 84 78 79 84 85 84 87 83 81 90 81 88 81 88 83 87 86 84 86 93 92 93 87 88 91 85 96 88 92 98 93 87 90 93 94 89 96 92 89 95 99 97 96 90 95 96 97 94 96 98 103 100 106 91 98 102 107 97 100 109 96 100 103 109 101 104 104 104 106 105 99 101 97 102 103 106 107 108 108 108 111 107 117 112 105 117 117 106 113 120 112 110 111 116 116 115 116 112 114 111 114 120 122 119 108 122 112 122 115 123 125 118 118 114 116 126 124 122 119 124 120 121 132 127 121 129 119 128 128 116 125 126 126 124 130 127 128 126 132 133 123 123 127 126 131 133 130 134 129 134 129 130 141 136 135 132 134 134 131 140 135 139 135 127 140 141 134 137 136 137 143 138 136 139 141 146 144 145 143 138 144 137 142 144 142 149 144 150 143 142 139 146 152 146 149 144 146 143 148 147 151 148 154 150 155 150 151 147 153 153 155 153 154 157 152 160 154 158 162 158 156 148 153 152 151 157 152 160 157 159 159 161 159 157 164 164 160 162 161 161 167 163 164 155 158 163 158 171 156 165 163 165 168 161 161 166 167 168 170 166 166 176 168 170 169 166 171 171 174 174 173 172 168 176 181 175 169 177 176 184 169 179 174 173 175 178 173 172 171 182 177 175 179 180 182 180 182 179 185 186 184 183 183 181 181 178 177 184 190 188 186 187 182 187 187 184 190 185 186 185 188 189 184 188 188 189
0: 7 18 (32.0)
1: 0 5 19 21 (73.0)
2: 2 16 (61.0)
3: 1 11 12 (64.0)
4: 14 22 (48.0)
5: 3 6 15 (49.0)
6: 9 13 24 (73.0)
7: 4 17 (48.0)
8: 10 20 (48.0)
9: 8 23 25 (33.0)
10: (0.0)
11: (0.0)
12: 29 39 (58.0)
13: 27 28 (41.0)
14: 26 36 (56.0)
15: 31 40 (56.0)
16: 45 (41.0)
17: 30 37 (31.0)
18: 33 43 (40.0)
19: 48 (26.0)
20: 34 38 56 (32.0)
21: 32 41 44 54 (59.0)
22: 35 47 (41.0)
23: (0.0)
24: 42 49 55 (64.0)
25: 50 (41.0)
26: 61 (33.0)
27: 46 51 (31.0)
28: 53 60 63 (48.0)
29: 59 62 (62.0)
30: 58 65 (29.0)
31: 52 66 (50.0)
32: (0.0)
33: 57 64 (67.0)
34: 69 (37.0)
35: 67 68 (35.0)
36: 70 76 (49.0)
37: 74 78 80 (36.0)
38: 71 72 (53.0)
39: 77 79 84 (72.0)
40: 75 91 (56.0)
41: 73 82 86 (56.0)
42: 83 93 (58.0)
43: 87 88 (49.0)
44: 81 92 (49.0)
45: 89 97 (64.0)
46: 90 101 (69.0)
47: 94 (40.0)
48: 85 102 (59.0)
49: 98 99 (50.0)
50: 96 105 (53.0)
51: 95 100 104 (38.0)
52: 103 115 (30.0)
53: 106 111 (63.0)
54: 110 112 (49.0)
55: 113 117 (40.0)
56: 109 (42.0)
57: 107 126 (42.0)
58: 116 124 (61.0)
59: 108 119 123 (43.0)
60: 118 129 (51.0)
61: 114 (46.0)
62: 120 128 (50.0)
63: 121 130 (68.0)
64: 122 (40.0)
65: 125 127 (50.0)
66: 140 141 (53.0)
67: 134 135 (53.0)
68: 136 (40.0)
69: 139 146 150 (66.0)
70: 137 138 147 153 (46.0)
71: 131 133 144 (46.0)
72: 145 155 (72.0)
73: 132 149 (60.0)
74: 142 (44.0)
75: 148 152 156 (61.0)
76: 143 154 157 171 (40.0)
77: 151 158 159 (65.0)
78: 166 169 175 (64.0)
79: 161 173 176 (75.0)
80: 162 163 170 (60.0)
81: 168 172 182 184 186 (46.0)
82: 160 165 (47.0)
83: 181 188 (54.0)
84: 174 177 179 191 (52.0)
85: 164 178 199 (52.0)
86: 190 192 (44.0)
87: 180 189 196 205 (75.0)
88: 185 187 197 201 (67.0)
89: 167 209 212 (71.0)
90: 183 206 217 (62.0)
91: 198 227 (61.0)
92: 194 202 211 (72.0)
93: 193 195 204 207 (50.0)
94: 208 221 (56.0)
95: 213 218 (45.0)
96: 200 210 216 219 222 234 (43.0)
97: 215 220 231 246 (45.0)
98: 203 223 228 (61.0)
99: 214 244 (66.0)
100: 225 232 235 (49.0)
101: 238 245 (45.0)
102: 229 247 (46.0)
103: 224 236 248 (60.0)
104: 239 240 241 (59.0)
105: 243 258 (44.0)
106: 226 242 249 261 (57.0)
107: 230 250 255 (72.0)
108: 251 252 253 278 (83.0)
109: 233 237 (57.0)
110: 265 (42.0)
111: 254 266 273 (45.0)
112: 257 264 271 280 (52.0)
113: 262 (49.0)
114: 272 274 287 (74.0)
115: 269 282 (56.0)
116: 267 268 270 288 303 (61.0)
117: 256 259 260 (55.0)
118: 285 286 (52.0)
119: 277 292 300 (68.0)
120: 263 275 294 (51.0)
121: 295 298 (63.0)
122: 276 279 281 291 (49.0)
123: 283 314 315 (60.0)
124: 290 293 307 (68.0)
125: 284 304 (64.0)
126: 289 305 306 311 317 (70.0)
127: 297 309 316 337 (71.0)
128: 301 302 310 (63.0)
129: 299 322 324 (75.0)
130: 308 320 325 (68.0)
131: 318 332 (42.0)
132: 296 312 329 (73.0)
133: 313 319 (74.0)
134: 321 323 330 331 340 (75.0)
135: 328 334 336 (59.0)
136: 327 342 346 (71.0)
137: 341 343 355 (63.0)
138: 345 353 (68.0)
139: 335 347 364 (74.0)
140: 333 338 (45.0)
141: 326 339 348 (65.0)
142: 356 358 363 (71.0)
143: 344 352 362 371 (75.0)
144: 350 354 357 360 369 (56.0)
145: 351 (44.0)
146: 349 365 367 370 (74.0)
147: 373 381 (68.0)
148: 372 375 395 (72.0)
149: 359 368 (72.0)
150: 361 377 379 (71.0)
151: 374 380 398 (75.0)
152: 366 388 397 400 (68.0)
153: 382 383 385 396 (75.0)
154: 376 386 390 (72.0)
155: 378 384 417 (73.0)
156: 394 422 (69.0)
157: 387 399 402 407 (74.0)
158: 391 393 418 420 (70.0)
159: 403 404 406 (70.0)
160: 389 401 410 (73.0)
161: 405 412 413 427 428 (73.0)
162: 392 411 (69.0)
163: 415 419 424 (74.0)
164: 408 409 416 (65.0)
165: 423 425 (63.0)
166: 429 433 434 439 (67.0)
167: 414 430 (64.0)
168: 426 431 436 446 (63.0)
169: 438 450 454 (44.0)
170: 432 437 (72.0)
171: 421 440 441 462 (83.0)
172: 445 461 (72.0)
173: 444 457 460 (74.0)
174: 442 443 456 (84.0)
175: 449 458 465 (70.0)
176: 435 447 452 (70.0)
177: 451 464 480 (70.0)
178: 459 479 (76.0)
179: 455 466 471 (81.0)
180: 467 469 (71.0)
181: 448 477 478 (68.0)
182: 463 468 470 486 (73.0)
183: 475 476 (74.0)
184: 453 474 481 489 496 (75.0)
185: 472 491 493 (70.0)
186: 473 484 492 (87.0)
187: 485 487 488 (74.0)
188: 483 494 497 498 (75.0)
189: 495 499 (69.0)
190: 482 490 (84.0)
