Name: 500-30-50
Time: 37.36407136917114 
Result: 63
Solution:  0 0 2 3 11 4 3 2 2 6 5 4 6 7 9 13 10 9 4 8 11 10 5 12 8 16 15 14 7 14 15 21 21 13 16 17 12 14 15 18 22 20 18 23 23 22 24 28 26 31 30 32 20 25 33 20 25 28 29 32 35 30 38 29 24 41 34 38 39 31 33 34 32 35 37 36 36 37 43 40 40 42 44 47 39 42 45 41 46 39 45 47 43 52 40 54 52 48 52 49 45 49 53 52 56 47 57 50 52 51 55 54 60 55 57 59 66 53 56 58 62 64 66 65 68 63 58 70 58 62 61 65 67 63 61 60 67 69 72 69 72 68 74 63 64 72 74 70 73 77 78 75 79 73 83 76 78 76 79 88 77 87 77 85 75 81 80 90 82 80 79 88 84 90 86 86 90 87 82 81 91 83 84 97 89 93 99 85 95 96 91 100 92 100 98 97 104 94 99 93 95 98 94 102 103 103 102 111 105 96 101 99 107 104 105 106 108 99 109 107 105 103 113 111 110 115 114 113 110 112 122 109 115 112 117 117 114 118 119 120 123 118 116 120 119 116 121 122 123 120 121 126 121 125 129 123 131 124 126 130 127 129 132 130 131 132 126 133 134 129 138 137 128 129 136 136 140 135 142 134 135 138 142 150 139 141 145 145 143 146 146 149 140 137 148 144 152 147 148 141 153 153 148 155 156 147 149 149 151 154 154 149 159 150 154 156 151 159 159 152 157 155 156 158 158 157 161 160 157 156 160 160 166 162 161 164 164 159 163 161 157 162 164 168 163 162 165 165 167 167 167 170 166 172 170 162 172 170 169 173 169 168 171 163 165 174 172 173 174 170 173 173 165 168 176 180 175 180 181 178 171 178 179 172 178 182 176 182 184 177 176 178 185 180 181 180 188 183 178 177 175 179 186 182 184 184 187 185 185 186 191 187 183 191 193 191 185 186 193 189 189 190 187 189 195 190 188 201 190 193 198 195 193 188 194 200 196 189 192 200 197 203 192 195 196 201 200 202 194 192 204 202 199 197 204 203 205 206 205 204 201 199 203 202 206 206 207 199 204 200 205 215 209 213 210 209 209 203 207 215 215 210 213 214 211 208 215 212 205 216 210 214 211 211 208 213 212 214 216 207
0: 0 1 (30.0)
1: (0.0)
2: 2 7 8 (24.0)
3: 3 6 (42.0)
4: 5 11 18 (28.0)
5: 10 22 (31.0)
6: 9 12 (35.0)
7: 13 28 (40.0)
8: 19 24 (37.0)
9: 14 17 (41.0)
10: 16 21 (18.0)
11: 4 20 (34.0)
12: 23 36 (39.0)
13: 15 33 (19.0)
14: 27 29 37 (34.0)
15: 26 30 38 (55.0)
16: 25 34 (31.0)
17: 35 (19.0)
18: 39 42 (33.0)
19: (0.0)
20: 41 52 55 (32.0)
21: 31 32 (33.0)
22: 40 45 (31.0)
23: 43 44 (46.0)
24: 46 64 (35.0)
25: 53 56 (24.0)
26: 48 (30.0)
27: (0.0)
28: 47 57 (38.0)
29: 58 63 (42.0)
30: 50 61 (44.0)
31: 49 69 (29.0)
32: 51 59 72 (29.0)
33: 54 70 (42.0)
34: 66 71 (31.0)
35: 60 73 (35.0)
36: 75 76 (18.0)
37: 74 77 (48.0)
38: 62 67 (34.0)
39: 68 84 89 (18.0)
40: 79 80 94 (31.0)
41: 65 87 (42.0)
42: 81 85 (47.0)
43: 78 92 (51.0)
44: 82 (30.0)
45: 86 90 100 (34.0)
46: 88 (31.0)
47: 83 91 105 (38.0)
48: 97 (32.0)
49: 99 101 (46.0)
50: 107 (33.0)
51: 109 (31.0)
52: 93 96 98 103 108 (27.0)
53: 102 117 (42.0)
54: 95 111 (37.0)
55: 110 113 (39.0)
56: 104 118 (49.0)
57: 106 114 (7.0)
58: 119 126 128 (30.0)
59: 115 (30.0)
60: 112 135 (39.0)
61: 130 134 (32.0)
62: 120 129 (41.0)
63: 125 133 143 (41.0)
64: 121 144 (49.0)
65: 123 131 (44.0)
66: 116 122 (34.0)
67: 132 136 (47.0)
68: 124 141 (40.0)
69: 137 139 (30.0)
70: 127 147 (47.0)
71: (0.0)
72: 138 140 145 (43.0)
73: 148 153 (46.0)
74: 142 146 (42.0)
75: 151 164 (46.0)
76: 155 157 (24.0)
77: 149 160 162 (39.0)
78: 150 156 (38.0)
79: 152 158 170 (48.0)
80: 166 169 (46.0)
81: 165 179 (32.0)
82: 168 178 (36.0)
83: 154 181 (37.0)
84: 172 182 (43.0)
85: 163 187 (53.0)
86: 174 175 (38.0)
87: 161 177 (49.0)
88: 159 171 (39.0)
89: 184 (33.0)
90: 167 173 176 (38.0)
91: 180 190 (49.0)
92: 192 (30.0)
93: 185 199 (37.0)
94: 197 202 (32.0)
95: 188 200 (54.0)
96: 189 209 (38.0)
97: 183 195 (42.0)
98: 194 201 (31.0)
99: 186 198 211 217 (27.0)
100: 191 193 (28.0)
101: 210 (36.0)
102: 203 206 (42.0)
103: 204 205 221 (65.0)
104: 196 213 (43.0)
105: 208 214 220 (35.0)
106: 215 (33.0)
107: 212 219 (43.0)
108: 216 (34.0)
109: 218 231 (41.0)
110: 224 228 (56.0)
111: 207 223 (44.0)
112: 229 233 (47.0)
113: 222 227 (39.0)
114: 226 236 (46.0)
115: 225 232 (19.0)
116: 242 245 (31.0)
117: 234 235 (41.0)
118: 237 241 (44.0)
119: 238 244 (54.0)
120: 239 243 249 (63.0)
121: 246 250 252 (43.0)
122: 230 247 (44.0)
123: 240 248 255 (45.0)
124: 257 (31.0)
125: 253 (31.0)
126: 251 258 266 (43.0)
127: 260 (40.0)
128: 272 (40.0)
129: 254 261 269 273 (50.0)
130: 259 263 (49.0)
131: 256 264 (45.0)
132: 262 265 (42.0)
133: 267 (30.0)
134: 268 279 (50.0)
135: 277 280 (36.0)
136: 274 275 (44.0)
137: 271 293 (45.0)
138: 270 281 (53.0)
139: 284 (32.0)
140: 276 292 (42.0)
141: 285 299 (46.0)
142: 278 282 (49.0)
143: 288 (35.0)
144: 295 (32.0)
145: 286 287 (44.0)
146: 289 290 (40.0)
147: 297 305 (54.0)
148: 294 298 302 (38.0)
149: 291 306 307 311 (34.0)
150: 283 313 (39.0)
151: 308 316 (39.0)
152: 296 319 (40.0)
153: 300 301 (45.0)
154: 309 310 314 (42.0)
155: 303 321 (34.0)
156: 304 315 322 329 (43.0)
157: 320 325 328 340 (38.0)
158: 323 324 (43.0)
159: 312 317 318 337 (50.0)
160: 327 330 331 (46.0)
161: 326 334 339 (50.0)
162: 333 341 345 355 (50.0)
163: 338 344 363 (36.0)
164: 335 336 342 (46.0)
165: 346 347 364 372 (48.0)
166: 332 352 (47.0)
167: 348 349 350 (50.0)
168: 343 361 373 (50.0)
169: 358 360 (54.0)
170: 351 354 357 369 (70.0)
171: 362 380 (49.0)
172: 353 356 366 383 (49.0)
173: 359 367 370 371 (49.0)
174: 365 368 (55.0)
175: 376 400 (48.0)
176: 374 386 390 (44.0)
177: 389 399 (49.0)
178: 379 381 384 391 398 (46.0)
179: 382 401 (48.0)
180: 375 377 393 395 (46.0)
181: 378 394 (45.0)
182: 385 387 403 (41.0)
183: 397 412 (48.0)
184: 388 404 405 (47.0)
185: 392 407 408 416 (47.0)
186: 402 409 417 (49.0)
187: 406 411 422 (42.0)
188: 396 426 433 (43.0)
189: 419 420 423 437 (49.0)
190: 421 425 428 (50.0)
191: 410 413 415 (49.0)
192: 438 442 449 (48.0)
193: 414 418 429 432 (50.0)
194: 434 448 (47.0)
195: 424 431 443 (54.0)
196: 436 444 (46.0)
197: 440 453 (45.0)
198: 430 (37.0)
199: 452 461 467 (50.0)
200: 435 439 446 469 (50.0)
201: 427 445 460 (50.0)
202: 447 451 463 (50.0)
203: 441 455 462 477 (48.0)
204: 450 454 459 468 (49.0)
205: 456 458 470 488 (50.0)
206: 457 464 465 (45.0)
207: 466 478 499 (50.0)
208: 485 494 (46.0)
209: 472 475 476 (45.0)
210: 474 481 490 (49.0)
211: 484 492 493 (46.0)
212: 487 496 (50.0)
213: 473 482 495 (50.0)
214: 483 491 497 (50.0)
215: 471 479 480 486 (46.0)
216: 489 498 (47.0)
