Name: 500-20-30
Time: 37.33880686759949 
Result: 38
Solution:  0 0 4 3 1 4 7 5 8 6 5 3 15 1 13 14 12 11 6 7 11 7 3 12 14 11 9 20 15 8 17 23 17 14 15 21 13 16 26 24 18 24 22 20 16 20 25 18 21 25 29 25 31 23 31 28 27 32 35 29 36 28 36 27 32 31 26 37 32 35 33 34 41 41 38 38 40 34 40 41 39 45 42 37 43 39 37 46 46 48 50 44 48 42 53 50 47 51 45 49 47 50 56 43 51 52 55 54 57 58 52 58 61 55 56 60 53 59 66 59 54 64 63 66 65 61 63 64 67 58 60 70 62 66 67 68 71 69 62 72 70 75 64 65 68 74 78 72 71 74 75 71 76 71 73 71 79 77 77 81 79 80 81 79 80 85 88 82 78 91 84 85 83 88 86 84 85 87 90 82 93 93 94 86 83 95 92 91 96 94 95 98 101 99 102 97 95 90 102 92 99 96 104 103 99 98 97 108 105 104 103 107 107 111 106 108 102 105 114 116 118 108 118 113 114 106 111 115 109 119 117 111 118 110 115 120 109 125 112 120 121 116 126 121 122 122 128 120 126 124 117 124 127 123 119 130 131 127 125 133 132 131 126 128 134 129 134 130 143 136 134 137 139 135 141 132 135 133 140 142 140 139 138 138 137 140 145 143 148 145 145 146 153 144 142 144 141 145 149 150 148 152 152 150 144 153 155 149 163 154 156 157 165 156 160 155 153 158 159 159 163 165 161 160 156 158 155 169 162 164 166 160 164 162 168 166 176 168 174 167 177 170 170 164 173 174 175 172 173 171 181 171 184 167 184 172 180 177 178 183 175 180 181 178 188 189 190 182 186 183 185 187 182 188 179 183 185 186 188 191 194 184 194 190 193 185 192 191 195 187 191 198 190 192 200 195 197 196 196 200 198 193 205 198 202 192 205 199 198 200 199 205 201 195 207 200 201 210 197 203 204 202 203 207 201 208 208 201 209 202 212 208 208 206 210 209 204 207 205 206 215 211 207 202 215 217 213 210 212 214 209 218 219 219 221 216 214 210 215 216 211 223 222 219 219 214 212 213 220 214 219 216 228 218 220 220 224 225 221 222 223 214 222 226 215 225 224 217 220 222 229 225 224 226 229 228 227 228 222 227
0: 0 1 (20.0)
1: 4 13 (14.0)
2: (0.0)
3: 3 11 22 (22.0)
4: 2 5 (28.0)
5: 7 10 (26.0)
6: 9 18 (28.0)
7: 6 19 21 (14.0)
8: 8 29 (24.0)
9: 26 (18.0)
10: (0.0)
11: 17 20 25 (24.0)
12: 16 23 (29.0)
13: 14 36 (27.0)
14: 15 24 33 (29.0)
15: 12 28 34 (22.0)
16: 37 44 (12.0)
17: 30 32 (24.0)
18: 40 47 (23.0)
19: (0.0)
20: 27 43 45 (23.0)
21: 35 48 (32.0)
22: 42 (13.0)
23: 31 53 (23.0)
24: 39 41 (20.0)
25: 46 49 51 (14.0)
26: 38 66 (23.0)
27: 56 63 (22.0)
28: 55 61 (21.0)
29: 50 59 (24.0)
30: (0.0)
31: 52 54 65 (33.0)
32: 57 64 68 (18.0)
33: 70 (5.0)
34: 71 77 (19.0)
35: 58 69 (30.0)
36: 60 62 (23.0)
37: 67 83 86 (21.0)
38: 74 75 (21.0)
39: 80 85 (20.0)
40: 76 78 (31.0)
41: 72 73 79 (29.0)
42: 82 93 (24.0)
43: 84 103 (17.0)
44: 91 (18.0)
45: 81 98 (30.0)
46: 87 88 (24.0)
47: 96 100 (35.0)
48: 89 92 (23.0)
49: 99 (6.0)
50: 90 95 101 (14.0)
51: 97 104 (20.0)
52: 105 110 (24.0)
53: 94 116 (23.0)
54: 107 120 (25.0)
55: 106 113 (18.0)
56: 102 114 (20.0)
57: 108 (5.0)
58: 109 111 129 (26.0)
59: 117 119 (32.0)
60: 115 130 (28.0)
61: 112 125 (24.0)
62: 132 138 (29.0)
63: 122 126 (25.0)
64: 121 127 142 (20.0)
65: 124 143 (29.0)
66: 118 123 133 (22.0)
67: 128 134 (25.0)
68: 135 144 (26.0)
69: 137 (20.0)
70: 131 140 (27.0)
71: 136 148 151 153 155 (17.0)
72: 139 147 (25.0)
73: 154 (22.0)
74: 145 149 (27.0)
75: 141 150 (23.0)
76: 152 (20.0)
77: 157 158 (24.0)
78: 146 168 (18.0)
79: 156 160 163 (27.0)
80: 161 164 (29.0)
81: 159 162 (27.0)
82: 167 179 (31.0)
83: 172 184 (38.0)
84: 170 175 (25.0)
85: 165 171 176 (18.0)
86: 174 183 (31.0)
87: 177 (22.0)
88: 166 173 (13.0)
89: (0.0)
90: 178 197 (23.0)
91: 169 187 (28.0)
92: 186 199 (22.0)
93: 180 181 (24.0)
94: 182 189 (17.0)
95: 185 190 196 (22.0)
96: 188 201 (30.0)
97: 195 206 (29.0)
98: 191 205 (26.0)
99: 193 200 204 (24.0)
100: (0.0)
101: 192 (22.0)
102: 194 198 216 (30.0)
103: 203 210 (30.0)
104: 202 209 (24.0)
105: 208 217 (24.0)
106: 214 225 (30.0)
107: 211 212 (29.0)
108: 207 215 221 (22.0)
109: 228 236 (29.0)
110: 233 (22.0)
111: 213 226 231 (23.0)
112: 238 (21.0)
113: 223 (20.0)
114: 218 224 (23.0)
115: 227 234 (36.0)
116: 219 241 (27.0)
117: 230 250 (27.0)
118: 220 222 232 (25.0)
119: 229 254 (20.0)
120: 235 239 247 (22.0)
121: 240 243 (31.0)
122: 244 245 (25.0)
123: 253 (22.0)
124: 249 251 (34.0)
125: 237 258 (25.0)
126: 242 248 262 (21.0)
127: 252 257 (26.0)
128: 246 263 (31.0)
129: 265 (21.0)
130: 255 267 (34.0)
131: 256 261 (27.0)
132: 260 275 (23.0)
133: 259 277 (24.0)
134: 264 266 270 (25.0)
135: 273 276 (28.0)
136: 269 (21.0)
137: 271 284 (30.0)
138: 282 283 (26.0)
139: 272 281 (30.0)
140: 278 280 285 (28.0)
141: 274 296 (30.0)
142: 279 294 (25.0)
143: 268 287 (28.0)
144: 293 295 304 (43.0)
145: 286 289 290 297 (27.0)
146: 291 (18.0)
147: (0.0)
148: 288 300 (22.0)
149: 298 307 (30.0)
150: 299 303 (24.0)
151: (0.0)
152: 301 302 (34.0)
153: 292 305 316 (39.0)
154: 309 (16.0)
155: 306 315 326 (24.0)
156: 310 313 324 (24.0)
157: 311 (23.0)
158: 317 325 (32.0)
159: 318 319 (27.0)
160: 314 323 331 (29.0)
161: 322 (23.0)
162: 328 333 (34.0)
163: 308 320 (22.0)
164: 329 332 343 (30.0)
165: 312 321 (35.0)
166: 330 335 (29.0)
167: 339 353 (31.0)
168: 334 337 (26.0)
169: 327 (22.0)
170: 341 342 (33.0)
171: 349 351 (30.0)
172: 347 355 (31.0)
173: 344 348 (26.0)
174: 338 345 (22.0)
175: 346 360 (29.0)
176: 336 (23.0)
177: 340 357 (29.0)
178: 358 363 (34.0)
179: 374 (26.0)
180: 356 361 (24.0)
181: 350 362 (30.0)
182: 367 372 (26.0)
183: 359 369 375 (23.0)
184: 352 354 381 (29.0)
185: 370 376 385 (29.0)
186: 368 377 (31.0)
187: 371 389 (29.0)
188: 364 373 378 (29.0)
189: 365 (25.0)
190: 366 383 392 (31.0)
191: 379 387 390 (32.0)
192: 386 393 405 (29.0)
193: 384 401 (33.0)
194: 380 382 (26.0)
195: 388 395 413 (35.0)
196: 397 398 (29.0)
197: 396 418 (27.0)
198: 391 400 403 408 (30.0)
199: 407 410 (30.0)
200: 394 399 409 415 (27.0)
201: 412 416 424 427 (29.0)
202: 404 421 429 443 (27.0)
203: 419 422 (30.0)
204: 420 436 (29.0)
205: 402 406 411 438 (26.0)
206: 433 439 (35.0)
207: 414 423 437 442 (30.0)
208: 425 426 431 432 (30.0)
209: 428 435 450 (30.0)
210: 417 434 447 457 (30.0)
211: 441 460 (27.0)
212: 430 448 466 (30.0)
213: 446 467 (33.0)
214: 449 456 465 469 481 (31.0)
215: 440 444 458 484 (30.0)
216: 455 459 471 (32.0)
217: 445 487 (35.0)
218: 451 473 (30.0)
219: 452 453 463 464 470 (29.0)
220: 468 474 475 488 (30.0)
221: 454 478 (29.0)
222: 462 479 482 489 498 (28.0)
223: 461 480 (36.0)
224: 476 486 492 (27.0)
225: 477 485 491 (29.0)
226: 483 493 (26.0)
227: 496 499 (27.0)
228: 472 495 497 (30.0)
229: 490 494 (30.0)
