Name: 500-30-50
Time: 20.831397771835327 
Result: 206060
Solution:  0 0 1 5 1 11 5 4 3 4 3 6 9 8 2 10 10 8 3 6 19 12 10 12 9 13 15 16 11 14 15 23 14 13 16 17 12 16 18 23 25 13 19 18 22 26 22 26 30 26 25 26 20 20 27 28 21 28 34 32 27 32 37 33 34 31 38 39 40 39 38 33 31 35 36 37 35 35 41 32 37 42 47 47 41 36 43 40 44 39 43 45 42 49 43 54 54 46 49 55 49 51 48 48 59 45 53 61 53 60 52 52 63 51 53 50 65 58 55 56 56 62 64 65 67 58 56 59 62 64 67 65 70 66 66 63 66 69 68 69 73 68 72 71 72 72 76 73 74 78 75 75 70 71 77 77 78 74 79 85 81 80 80 81 88 85 79 87 86 84 84 82 86 85 87 83 92 88 95 89 89 87 83 92 90 84 99 91 94 97 95 97 96 98 101 102 103 100 94 93 91 109 94 102 105 103 101 111 106 99 98 104 107 105 106 104 108 100 110 100 106 107 110 114 112 117 113 114 109 111 113 112 116 115 120 117 118 118 120 119 117 119 123 118 121 122 131 116 126 122 124 126 124 127 132 123 121 125 127 135 129 134 138 133 130 124 127 133 134 137 136 136 128 128 135 137 139 134 145 131 132 142 147 142 140 141 141 143 144 144 149 149 146 139 148 151 145 152 150 143 147 152 151 154 153 146 155 155 153 155 148 156 153 154 155 155 150 156 160 161 159 157 162 158 155 158 157 164 156 163 161 160 159 163 170 164 163 156 166 163 160 168 164 166 162 163 162 168 165 172 170 172 166 161 165 162 168 175 167 170 169 165 167 168 172 178 173 169 171 170 174 175 174 176 177 179 173 177 174 174 171 175 176 173 179 184 178 177 175 180 174 173 181 179 185 187 180 186 179 189 181 182 184 183 183 184 187 185 188 182 193 181 184 188 192 192 191 187 195 188 186 190 190 190 200 189 187 186 197 192 201 194 188 191 195 193 196 189 191 193 198 195 200 194 204 196 197 193 198 194 203 202 199 199 196 205 199 208 196 201 207 203 204 203 197 205 205 202 210 207 216 206 204 213 210 208 215 207 214 213 208 209 213 215 206 209 207 214 215 213 210 211 210 212 211 212 212 215 216 209
0: 0 1 (30.0)
1: 2 4 (24.0)
2: 14 (16.0)
3: 8 10 18 (34.0)
4: 7 9 (34.0)
5: 3 6 (42.0)
6: 11 19 (33.0)
7: (0.0)
8: 13 17 (44.0)
9: 12 24 (23.0)
10: 15 16 22 (28.0)
11: 5 28 (35.0)
12: 21 23 36 (52.0)
13: 25 33 41 (33.0)
14: 29 32 (36.0)
15: 26 30 (46.0)
16: 27 34 37 (36.0)
17: 35 (19.0)
18: 38 43 (31.0)
19: 20 42 (28.0)
20: 52 53 (33.0)
21: 56 (7.0)
22: 44 46 (44.0)
23: 31 39 (30.0)
24: (0.0)
25: 40 50 (52.0)
26: 45 47 49 51 (27.0)
27: 54 60 (44.0)
28: 55 57 (33.0)
29: (0.0)
30: 48 (30.0)
31: 65 72 (34.0)
32: 59 61 79 (35.0)
33: 63 71 (35.0)
34: 58 64 (39.0)
35: 73 76 77 (50.0)
36: 74 85 (46.0)
37: 62 75 80 (40.0)
38: 66 70 (30.0)
39: 67 69 89 (48.0)
40: 68 87 (31.0)
41: 78 84 (30.0)
42: 81 92 (50.0)
43: 86 90 94 (30.0)
44: 88 (31.0)
45: 91 105 (34.0)
46: 97 (32.0)
47: 82 83 (34.0)
48: 102 103 (34.0)
49: 93 98 100 (27.0)
50: 115 (30.0)
51: 101 113 (37.0)
52: 110 111 (35.0)
53: 106 108 114 (11.0)
54: 95 96 (28.0)
55: 99 118 (50.0)
56: 119 120 126 (35.0)
57: (0.0)
58: 117 125 (34.0)
59: 104 127 (49.0)
60: 109 (31.0)
61: 107 (33.0)
62: 121 128 (31.0)
63: 112 135 (39.0)
64: 122 129 (39.0)
65: 116 123 131 (65.0)
66: 133 134 136 (48.0)
67: 124 130 (31.0)
68: 138 141 (45.0)
69: 137 139 (30.0)
70: 132 152 (38.0)
71: 143 153 (36.0)
72: 142 144 145 (63.0)
73: 140 147 (34.0)
74: 148 157 (36.0)
75: 150 151 (37.0)
76: 146 (16.0)
77: 154 155 (37.0)
78: 149 156 (38.0)
79: 158 166 (55.0)
80: 161 162 (40.0)
81: 160 163 (34.0)
82: 171 (31.0)
83: 175 182 (39.0)
84: 169 170 185 (32.0)
85: 159 165 173 (30.0)
86: 168 172 (46.0)
87: 167 174 181 (35.0)
88: 164 177 (47.0)
89: 179 180 (49.0)
90: 184 (33.0)
91: 187 200 (57.0)
92: 176 183 (39.0)
93: 199 (32.0)
94: 188 198 202 (49.0)
95: 178 190 (38.0)
96: 192 (30.0)
97: 189 191 (32.0)
98: 193 210 (45.0)
99: 186 209 (35.0)
100: 197 217 219 (45.0)
101: 194 206 (39.0)
102: 195 203 (42.0)
103: 196 205 (45.0)
104: 211 215 (37.0)
105: 204 213 (37.0)
106: 208 214 220 (35.0)
107: 212 221 (46.0)
108: 216 (34.0)
109: 201 228 (39.0)
110: 218 222 (33.0)
111: 207 229 (33.0)
112: 224 231 (52.0)
113: 226 230 (35.0)
114: 223 227 (47.0)
115: 233 (34.0)
116: 232 247 (34.0)
117: 225 235 240 (36.0)
118: 236 237 243 (67.0)
119: 239 241 (46.0)
120: 234 238 (55.0)
121: 244 256 (39.0)
122: 245 249 (37.0)
123: 242 255 (30.0)
124: 250 252 265 (38.0)
125: 257 (31.0)
126: 248 251 (45.0)
127: 253 258 266 (49.0)
128: 272 273 (44.0)
129: 260 (40.0)
130: 264 (33.0)
131: 246 279 (36.0)
132: 254 280 (46.0)
133: 263 267 (41.0)
134: 261 268 277 (50.0)
135: 259 274 (48.0)
136: 270 271 (44.0)
137: 269 275 (49.0)
138: 262 (32.0)
139: 276 293 (54.0)
140: 284 (32.0)
141: 285 286 (48.0)
142: 281 283 (44.0)
143: 287 299 (42.0)
144: 288 289 (44.0)
145: 278 296 (43.0)
146: 292 305 (45.0)
147: 282 300 (49.0)
148: 294 310 (47.0)
149: 290 291 (44.0)
150: 298 316 (41.0)
151: 295 302 (46.0)
152: 297 301 (47.0)
153: 304 308 312 (43.0)
154: 303 313 (37.0)
155: 306 307 309 314 315 324 (34.0)
156: 311 317 328 337 (44.0)
157: 321 326 (47.0)
158: 323 325 (44.0)
159: 320 332 (50.0)
160: 318 331 340 (50.0)
161: 319 330 353 (43.0)
162: 322 344 346 355 (49.0)
163: 329 333 336 339 345 (44.0)
164: 327 335 342 (48.0)
165: 348 354 361 (50.0)
166: 338 343 352 (48.0)
167: 358 362 (50.0)
168: 341 347 356 363 (43.0)
169: 360 367 (45.0)
170: 334 350 359 369 (48.0)
171: 368 380 (51.0)
172: 349 351 364 (49.0)
173: 366 376 383 391 (51.0)
174: 370 372 378 379 390 (42.0)
175: 357 371 381 388 (45.0)
176: 373 382 (43.0)
177: 374 377 387 (47.0)
178: 365 386 (53.0)
179: 375 384 393 398 (48.0)
180: 389 396 (47.0)
181: 392 400 411 (47.0)
182: 401 409 (52.0)
183: 403 404 (44.0)
184: 385 402 405 412 (46.0)
185: 394 407 (47.0)
186: 397 420 427 (50.0)
187: 395 406 417 426 (50.0)
188: 408 413 419 432 (46.0)
189: 399 425 437 (49.0)
190: 421 422 423 (50.0)
191: 416 433 438 (50.0)
192: 414 415 429 (41.0)
193: 410 435 439 447 (46.0)
194: 431 443 449 (48.0)
195: 418 434 441 (43.0)
196: 436 445 454 458 (50.0)
197: 428 446 464 (38.0)
198: 440 448 (47.0)
199: 452 453 456 (49.0)
200: 424 442 (45.0)
201: 430 459 (46.0)
202: 451 467 (48.0)
203: 450 461 463 (53.0)
204: 444 462 472 (49.0)
205: 455 465 466 (50.0)
206: 471 484 (39.0)
207: 460 469 477 486 (50.0)
208: 457 475 480 (47.0)
209: 481 485 499 (49.0)
210: 468 474 490 492 (48.0)
211: 491 494 (52.0)
212: 493 495 496 (47.0)
213: 473 479 482 489 (66.0)
214: 478 487 (50.0)
215: 476 483 488 497 (50.0)
216: 470 498 (50.0)
