Name: 500-50-100
Time: 39.113038063049316 
Result: 103
Solution:  2 0 2 0 1 7 2 6 2 9 4 9 10 7 2 6 8 9 0 9 12 13 10 8 12 4 10 15 13 18 12 14 19 17 15 25 11 18 15 19 23 14 24 20 22 20 27 25 22 17 23 24 34 24 29 32 29 33 28 34 28 37 30 27 30 32 34 33 34 37 31 38 37 35 36 42 38 36 38 46 42 43 46 39 35 39 43 48 43 40 40 46 51 45 48 49 44 56 52 50 44 55 54 50 51 58 54 60 53 49 59 52 53 56 58 58 61 55 59 64 62 56 60 63 59 60 61 65 63 65 64 66 60 64 67 70 73 73 69 75 70 71 71 68 69 68 70 76 72 65 68 67 75 74 83 75 77 80 77 79 82 79 81 81 78 76 85 82 83 80 86 89 86 87 84 82 91 84 87 94 90 90 91 94 89 95 93 97 99 94 100 88 95 102 101 100 106 97 107 98 98 104 96 100 110 101 105 102 108 102 103 100 111 105 109 107 105 113 109 106 104 102 111 108 118 115 120 114 116 111 113 112 125 117 112 114 115 122 118 120 119 115 124 122 123 123 127 121 127 122 126 130 132 132 126 129 125 127 136 125 131 136 129 138 126 128 133 133 134 132 135 139 131 138 137 138 139 145 140 135 141 140 147 137 140 142 142 149 143 144 144 144 148 148 141 149 145 147 150 146 151 150 152 156 150 152 154 155 153 156 155 154 157 158 157 160 158 161 163 159 162 155 160 165 164 164 166 165 168 159 159 162 165 169 158 167 167 168 166 173 175 170 174 163 169 178 173 172 167 172 171 171 176 179 175 175 177 180 180 178 177 179 183 181 186 183 176 187 184 184 188 182 191 181 191 181 193 185 188 189 190 190 199 190 192 193 189 187 192 191 192 197 194 199 194 202 196 195 198 196 202 198 200 197 195 200 205 211 204 205 206 208 201 203 203 204 201 211 207 211 208 209 210 211 214 206 212 209 214 217 220 215 213 213 217 218 212 219 214 222 219 226 222 221 221 215 223 224 224 226 225 216 225 233 227 227 224 229 234 228 235 233 236 231 238 232 230 233 241 229 236 231 230 235 234 234 242 237 236 236 237 231 237 240 239 242 240 239 232 233 242 243 235 240 238 239 242 241 243 241
0: 1 3 18 (97.0)
1: 4 (43.0)
2: 0 2 6 8 14 (120.0)
3: (0.0)
4: 10 25 (40.0)
5: (0.0)
6: 7 15 (57.0)
7: 5 13 (47.0)
8: 16 23 (69.0)
9: 9 11 17 19 (74.0)
10: 12 22 26 (57.0)
11: 36 (39.0)
12: 20 24 30 (46.0)
13: 21 28 (63.0)
14: 31 41 (62.0)
15: 27 34 38 (57.0)
16: (0.0)
17: 33 49 (49.0)
18: 29 37 (50.0)
19: 32 39 (41.0)
20: 43 45 (51.0)
21: (0.0)
22: 44 48 (80.0)
23: 40 50 (67.0)
24: 42 51 53 (76.0)
25: 35 47 (69.0)
26: (0.0)
27: 46 63 (60.0)
28: 58 60 (65.0)
29: 54 56 (41.0)
30: 62 64 (48.0)
31: 70 (24.0)
32: 55 65 (60.0)
33: 57 67 (86.0)
34: 52 59 66 68 (73.0)
35: 73 84 (56.0)
36: 74 77 (74.0)
37: 61 69 72 (83.0)
38: 71 76 78 (86.0)
39: 83 85 (82.0)
40: 89 90 (83.0)
41: (0.0)
42: 75 80 (61.0)
43: 81 86 88 (40.0)
44: 96 100 (91.0)
45: 93 (19.0)
46: 79 82 91 (54.0)
47: (0.0)
48: 87 94 (73.0)
49: 95 109 (60.0)
50: 99 103 (42.0)
51: 92 104 (54.0)
52: 98 111 (75.0)
53: 108 112 (61.0)
54: 102 106 (72.0)
55: 101 117 (36.0)
56: 97 113 121 (52.0)
57: (0.0)
58: 105 114 115 (105.0)
59: 110 118 124 (82.0)
60: 107 122 125 132 (82.0)
61: 116 126 (69.0)
62: 120 (53.0)
63: 123 128 (80.0)
64: 119 130 133 (99.0)
65: 127 129 149 (59.0)
66: 131 (53.0)
67: 134 151 (89.0)
68: 143 145 150 (60.0)
69: 138 144 (74.0)
70: 135 140 146 (66.0)
71: 141 142 (74.0)
72: 148 (52.0)
73: 136 137 (62.0)
74: 153 (52.0)
75: 139 152 155 (61.0)
76: 147 165 (54.0)
77: 156 158 (76.0)
78: 164 (52.0)
79: 159 161 (65.0)
80: 157 169 (57.0)
81: 162 163 (64.0)
82: 160 167 175 (57.0)
83: 154 168 (88.0)
84: 174 177 (69.0)
85: 166 (52.0)
86: 170 172 (61.0)
87: 173 178 (55.0)
88: 191 (55.0)
89: 171 184 (76.0)
90: 180 181 (66.0)
91: 176 182 (63.0)
92: (0.0)
93: 186 (50.0)
94: 179 183 189 (78.0)
95: 185 192 (79.0)
96: 202 (53.0)
97: 187 197 (45.0)
98: 199 200 (59.0)
99: 188 (65.0)
100: 190 195 203 211 (56.0)
101: 194 205 (63.0)
102: 193 207 209 221 (75.0)
103: 210 (52.0)
104: 201 220 (97.0)
105: 206 213 216 (91.0)
106: 196 219 (62.0)
107: 198 215 (62.0)
108: 208 223 (94.0)
109: 214 218 (82.0)
110: 204 (60.0)
111: 212 222 229 (82.0)
112: 231 234 (61.0)
113: 217 230 (96.0)
114: 227 235 (66.0)
115: 225 236 241 (88.0)
116: 228 (59.0)
117: 233 (57.0)
118: 224 238 (61.0)
119: 240 (51.0)
120: 226 239 (83.0)
121: 247 (56.0)
122: 237 243 249 (90.0)
123: 244 245 (74.0)
124: 242 (65.0)
125: 232 256 259 (86.0)
126: 250 254 264 (91.0)
127: 246 248 257 (98.0)
128: 265 (67.0)
129: 255 262 (65.0)
130: 251 (60.0)
131: 260 272 (62.0)
132: 252 253 269 (94.0)
133: 266 267 (77.0)
134: 268 (58.0)
135: 270 279 (93.0)
136: 258 261 (84.0)
137: 274 283 (85.0)
138: 263 273 275 (100.0)
139: 271 276 (100.0)
140: 278 281 284 (93.0)
141: 280 294 (88.0)
142: 285 286 (86.0)
143: 288 (68.0)
144: 289 290 291 (90.0)
145: 277 296 (64.0)
146: 299 (72.0)
147: 282 297 (64.0)
148: 292 293 (79.0)
149: 287 295 (80.0)
150: 298 301 304 (57.0)
151: 300 (72.0)
152: 302 305 (70.0)
153: 308 (53.0)
154: 306 311 (75.0)
155: 307 310 321 (99.0)
156: 303 309 (79.0)
157: 312 314 (110.0)
158: 313 316 334 (92.0)
159: 319 329 330 (97.0)
160: 315 322 (76.0)
161: 317 (78.0)
162: 320 331 (95.0)
163: 318 343 (66.0)
164: 324 325 (83.0)
165: 323 327 332 (94.0)
166: 326 338 (88.0)
167: 335 336 348 (96.0)
168: 328 337 (100.0)
169: 333 344 (100.0)
170: 341 (74.0)
171: 350 351 (87.0)
172: 347 349 (99.0)
173: 339 346 (92.0)
174: 342 (71.0)
175: 340 354 355 (98.0)
176: 352 366 (97.0)
177: 356 360 (80.0)
178: 345 359 (90.0)
179: 353 361 (73.0)
180: 357 358 (79.0)
181: 363 373 375 (98.0)
182: 371 (63.0)
183: 362 365 (76.0)
184: 368 369 (88.0)
185: 377 (80.0)
186: 364 (74.0)
187: 367 387 (97.0)
188: 370 378 (89.0)
189: 379 386 (92.0)
190: 380 381 383 (94.0)
191: 372 374 389 (122.0)
192: 384 388 390 (100.0)
193: 376 385 (99.0)
194: 392 394 (100.0)
195: 397 404 (90.0)
196: 396 399 (84.0)
197: 391 403 (99.0)
198: 398 401 (116.0)
199: 382 393 (99.0)
200: 402 405 (111.0)
201: 412 416 (92.0)
202: 395 400 (95.0)
203: 413 414 (100.0)
204: 408 415 (100.0)
205: 406 409 (100.0)
206: 410 425 (101.0)
207: 418 (81.0)
208: 411 420 (112.0)
209: 421 427 (100.0)
210: 422 (84.0)
211: 407 417 419 423 (95.0)
212: 426 436 (100.0)
213: 432 433 (94.0)
214: 424 428 438 (98.0)
215: 431 445 (89.0)
216: 451 (59.0)
217: 429 434 (87.0)
218: 435 (71.0)
219: 437 440 (89.0)
220: 430 (78.0)
221: 443 444 (82.0)
222: 439 442 (98.0)
223: 446 (88.0)
224: 447 448 456 (91.0)
225: 450 452 (91.0)
226: 441 449 (99.0)
227: 454 455 (97.0)
228: 459 (70.0)
229: 457 469 (109.0)
230: 466 472 (95.0)
231: 463 471 481 (98.0)
232: 465 488 (98.0)
233: 453 461 467 489 (100.0)
234: 458 474 475 (100.0)
235: 460 473 492 (98.0)
236: 462 470 478 479 (114.0)
237: 477 480 482 (98.0)
238: 464 494 (99.0)
239: 484 487 495 (95.0)
240: 483 486 493 (95.0)
241: 468 497 499 (100.0)
242: 476 485 490 496 (104.0)
243: 491 498 (90.0)
