Name: 500-30-50
Time: 36.66113901138306 
Result: 46
Solution:  1 0 1 0 7 2 5 4 1 4 5 6 8 7 6 9 10 8 13 9 17 10 11 12 15 12 13 16 11 14 15 24 20 13 16 17 18 16 14 14 19 13 25 19 25 24 22 22 21 30 26 18 20 24 31 28 29 28 26 29 30 32 34 29 32 40 33 36 39 31 35 34 38 33 37 36 39 35 41 39 40 41 49 43 42 38 43 37 44 45 43 42 47 55 39 48 50 45 48 52 50 51 53 43 52 47 50 46 63 54 57 55 58 53 59 56 60 63 62 59 61 61 62 58 57 60 68 66 69 64 69 65 74 63 65 59 67 68 64 71 69 70 72 72 66 72 71 70 67 76 75 75 70 83 79 71 78 77 79 85 82 83 76 80 84 82 77 89 89 84 82 81 80 91 86 87 91 90 92 86 90 91 85 94 88 85 96 87 96 94 95 97 95 98 100 98 103 97 92 101 99 105 94 106 100 102 99 111 111 103 104 106 107 108 110 105 107 101 109 106 110 102 112 109 108 117 114 113 112 110 118 113 123 115 119 117 116 118 121 120 117 120 114 121 122 118 130 119 128 116 123 125 126 124 122 123 124 125 129 126 129 124 127 135 136 128 132 133 134 128 138 132 131 135 142 137 136 135 144 130 132 144 146 145 138 142 143 143 141 145 142 150 145 146 149 147 153 152 151 140 150 156 148 154 155 148 149 153 153 158 151 145 159 154 156 155 149 161 159 152 162 156 155 157 158 157 159 163 158 166 160 160 168 163 162 163 160 168 167 166 158 167 164 164 158 161 162 162 166 173 165 170 166 165 169 161 168 170 171 169 172 171 164 165 175 174 173 170 176 171 175 175 167 169 173 180 174 184 173 180 172 179 179 178 178 182 176 178 180 181 182 179 181 183 185 186 187 187 180 175 177 177 183 191 182 184 183 188 188 185 189 184 183 187 194 179 186 191 195 190 193 190 186 189 192 197 184 199 195 194 201 196 199 189 196 197 191 188 189 195 198 205 200 196 203 190 195 197 193 192 200 194 196 204 199 205 206 197 199 207 198 200 204 203 202 202 213 206 214 204 205 215 202 208 208 206 207 204 207 210 212 211 208 212 212 214 214 211 210 215 209 210 214 213 209 213 215 216 216 216
0: 1 3 (36.0)
1: 0 2 8 (30.0)
2: 5 (14.0)
3: (0.0)
4: 7 9 (34.0)
5: 6 10 (42.0)
6: 11 14 (24.0)
7: 4 13 (35.0)
8: 12 17 (36.0)
9: 15 19 (39.0)
10: 16 21 (18.0)
11: 22 28 (30.0)
12: 23 25 (41.0)
13: 18 26 33 41 (42.0)
14: 29 38 39 (42.0)
15: 24 30 (36.0)
16: 27 34 37 (36.0)
17: 20 35 (37.0)
18: 36 51 (21.0)
19: 40 43 (45.0)
20: 32 52 (42.0)
21: 48 (30.0)
22: 46 47 (32.0)
23: (0.0)
24: 31 45 53 (32.0)
25: 42 44 (34.0)
26: 50 58 (53.0)
27: (0.0)
28: 55 57 (33.0)
29: 56 59 63 (34.0)
30: 49 60 (21.0)
31: 54 69 (52.0)
32: 61 64 (30.0)
33: 66 73 (31.0)
34: 62 71 (32.0)
35: 70 77 (44.0)
36: 67 75 (32.0)
37: 74 87 (44.0)
38: 72 85 (42.0)
39: 68 76 79 94 (31.0)
40: 65 80 (30.0)
41: 78 81 (43.0)
42: 84 91 (30.0)
43: 83 86 90 103 (32.0)
44: 88 (31.0)
45: 89 97 (35.0)
46: 107 (33.0)
47: 92 105 (41.0)
48: 95 98 (36.0)
49: 82 (30.0)
50: 96 100 106 (16.0)
51: 101 (22.0)
52: 99 104 (47.0)
53: 102 113 (43.0)
54: 109 (31.0)
55: 93 111 (16.0)
56: 115 (30.0)
57: 110 124 (40.0)
58: 112 123 (43.0)
59: 114 119 135 (34.0)
60: 116 125 (41.0)
61: 120 121 (36.0)
62: 118 122 (39.0)
63: 108 117 133 (28.0)
64: 129 138 (47.0)
65: 131 134 (38.0)
66: 127 144 (54.0)
67: 136 148 (42.0)
68: 126 137 (25.0)
69: 128 130 140 (38.0)
70: 141 147 152 (57.0)
71: 139 146 155 (40.0)
72: 142 143 145 (46.0)
73: (0.0)
74: 132 (26.0)
75: 150 151 (37.0)
76: 149 162 (29.0)
77: 157 166 (41.0)
78: 156 (22.0)
79: 154 158 (57.0)
80: 163 172 (52.0)
81: 171 (31.0)
82: 160 165 170 (29.0)
83: 153 161 (52.0)
84: 164 169 (45.0)
85: 159 182 185 (28.0)
86: 174 179 (34.0)
87: 175 187 (53.0)
88: 184 (33.0)
89: 167 168 (30.0)
90: 177 180 (51.0)
91: 173 176 181 (35.0)
92: 178 198 (25.0)
93: (0.0)
94: 183 189 202 (52.0)
95: 190 192 (50.0)
96: 186 188 (36.0)
97: 191 197 (35.0)
98: 193 195 (28.0)
99: 200 206 (47.0)
100: 194 204 (37.0)
101: 199 217 (38.0)
102: 205 221 (48.0)
103: 196 209 (48.0)
104: 210 (36.0)
105: 201 215 (44.0)
106: 203 211 219 (50.0)
107: 212 216 (54.0)
108: 213 224 (48.0)
109: 218 223 (41.0)
110: 214 220 229 (34.0)
111: 207 208 (34.0)
112: 222 228 (44.0)
113: 227 231 (47.0)
114: 226 242 (34.0)
115: 233 (34.0)
116: 236 249 (50.0)
117: 225 235 240 (36.0)
118: 230 237 245 (45.0)
119: 234 247 (55.0)
120: 239 241 (46.0)
121: 238 243 (53.0)
122: 244 254 (55.0)
123: 232 250 255 (38.0)
124: 253 256 261 (46.0)
125: 251 257 (56.0)
126: 252 259 (49.0)
127: 262 (32.0)
128: 248 265 269 (45.0)
129: 258 260 (45.0)
130: 246 279 (36.0)
131: 272 (40.0)
132: 266 271 280 (48.0)
133: 267 (30.0)
134: 268 (29.0)
135: 263 273 277 (33.0)
136: 264 276 (59.0)
137: 275 (34.0)
138: 270 284 (59.0)
139: (0.0)
140: 299 (34.0)
141: 288 (35.0)
142: 274 285 290 (53.0)
143: 286 287 (44.0)
144: 278 281 (49.0)
145: 283 289 292 311 (48.0)
146: 282 293 (54.0)
147: 295 (32.0)
148: 302 305 (43.0)
149: 294 306 316 (49.0)
150: 291 300 (36.0)
151: 298 310 (45.0)
152: 297 319 (45.0)
153: 296 307 308 (39.0)
154: 303 313 (37.0)
155: 304 315 322 (38.0)
156: 301 314 321 (46.0)
157: 323 325 (44.0)
158: 309 324 328 340 344 (40.0)
159: 312 318 326 (50.0)
160: 330 331 336 (44.0)
161: 317 345 355 (50.0)
162: 320 334 346 347 (46.0)
163: 327 333 335 (44.0)
164: 342 343 362 (50.0)
165: 350 353 363 (38.0)
166: 329 339 348 352 (50.0)
167: 338 341 372 (44.0)
168: 332 337 356 (49.0)
169: 354 359 373 (50.0)
170: 351 357 367 (50.0)
171: 358 361 369 (50.0)
172: 360 380 (53.0)
173: 349 366 374 378 (52.0)
174: 365 376 (51.0)
175: 364 370 371 399 (49.0)
176: 368 386 (52.0)
177: 400 401 (52.0)
178: 383 384 387 (48.0)
179: 381 382 391 415 (45.0)
180: 375 379 388 398 (43.0)
181: 389 392 (49.0)
182: 385 390 404 (47.0)
183: 393 402 406 412 (46.0)
184: 377 405 411 426 (54.0)
185: 394 409 (51.0)
186: 395 416 422 (48.0)
187: 396 397 413 (50.0)
188: 407 408 437 (47.0)
189: 410 423 433 438 (52.0)
190: 419 421 445 (49.0)
191: 403 417 436 (49.0)
192: 424 449 (44.0)
193: 420 448 (37.0)
194: 414 429 451 (45.0)
195: 418 428 439 446 (50.0)
196: 431 434 443 452 (49.0)
197: 425 435 447 457 (49.0)
198: 440 460 (46.0)
199: 427 432 454 458 (50.0)
200: 442 450 461 (47.0)
201: 430 (37.0)
202: 464 465 472 (50.0)
203: 444 463 (51.0)
204: 453 462 469 477 (50.0)
205: 441 455 470 (46.0)
206: 456 467 475 (49.0)
207: 459 476 478 (47.0)
208: 473 474 482 (50.0)
209: 490 494 (50.0)
210: 479 488 491 (50.0)
211: 481 487 (47.0)
212: 480 483 484 (60.0)
213: 466 493 495 (43.0)
214: 468 485 486 492 (44.0)
215: 471 489 496 (49.0)
216: 497 498 499 (50.0)
