Name: 500-60-125
Time: 36.909016847610474 
Result: 110
Solution:  0 0 1 5 1 3 0 4 6 9 1 5 3 7 8 2 8 10 6 10 2 12 9 14 10 4 17 12 14 13 16 7 17 15 13 21 18 20 16 24 26 23 22 20 24 25 22 24 15 29 17 27 28 27 24 29 33 30 28 32 30 29 31 36 34 32 32 26 31 37 37 33 38 35 33 36 39 44 44 40 35 40 41 40 42 43 44 38 43 45 39 46 46 42 48 45 51 55 42 54 52 44 53 50 50 53 48 55 52 54 51 55 59 60 56 62 56 58 61 59 56 63 59 66 61 64 57 62 66 57 65 69 65 64 59 68 63 70 78 76 64 69 71 70 67 74 70 72 73 73 72 72 74 83 79 76 80 81 82 78 88 80 80 77 79 83 87 80 86 84 78 85 85 95 85 84 86 82 89 92 90 97 90 84 95 94 93 98 90 96 94 92 97 100 99 89 98 92 99 91 103 100 106 104 104 102 105 105 109 103 101 103 111 106 108 108 106 107 107 107 114 111 109 106 102 106 113 105 110 110 109 111 117 113 108 112 112 115 112 116 118 118 108 116 119 115 113 110 120 121 114 119 116 117 120 122 119 119 115 120 123 118 129 127 121 122 126 117 122 128 121 130 125 119 121 124 123 128 123 123 124 122 129 127 131 130 131 133 125 130 133 130 134 129 131 135 132 134 135 133 141 140 136 136 139 143 134 138 138 139 136 132 139 142 137 136 140 150 146 144 145 146 136 142 142 145 140 144 138 146 152 147 148 144 141 146 147 141 147 150 149 157 150 144 156 152 144 148 146 154 155 152 158 151 153 152 154 157 153 161 155 148 153 154 156 158 158 160 159 161 149 152 158 166 159 162 157 159 161 163 155 161 167 171 163 157 162 169 165 164 172 168 167 164 165 167 164 160 168 170 169 161 166 168 165 169 169 170 177 169 176 168 175 174 174 181 173 175 177 176 179 180 182 172 175 184 178 179 178 180 173 174 173 184 182 177 183 172 181 177 180 179 183 180 186 191 185 188 181 187 185 181 184 187 190 186 187 189 183 182 188 190 185 190 187 191 190 189 186 186 194 192 196 195 198 195 193 192 193 200 195 194 199 196 192 192 198 200 199 197 193 200 198 194 197 200 197 201 201 201
0: 0 1 6 (74.0)
1: 2 4 10 (62.0)
2: 15 20 (65.0)
3: 5 12 (64.0)
4: 7 25 (99.0)
5: 3 11 (76.0)
6: 8 18 (78.0)
7: 13 31 (95.0)
8: 14 16 (67.0)
9: 9 22 (73.0)
10: 17 19 24 (57.0)
11: (0.0)
12: 21 27 (78.0)
13: 29 34 (58.0)
14: 23 28 (67.0)
15: 33 48 (62.0)
16: 30 38 (62.0)
17: 26 32 50 (67.0)
18: 36 (46.0)
19: (0.0)
20: 37 43 (60.0)
21: 35 (23.0)
22: 42 46 (71.0)
23: 41 (27.0)
24: 39 44 47 54 (57.0)
25: 45 (62.0)
26: 40 67 (85.0)
27: 51 53 (71.0)
28: 52 58 (100.0)
29: 49 55 61 (112.0)
30: 57 60 (93.0)
31: 62 68 (89.0)
32: 59 65 66 (58.0)
33: 56 71 74 (111.0)
34: 64 (49.0)
35: 73 80 (61.0)
36: 63 75 (52.0)
37: 69 70 (64.0)
38: 72 87 (90.0)
39: 76 90 (63.0)
40: 79 81 83 (113.0)
41: 82 (63.0)
42: 84 93 98 (91.0)
43: 85 88 (89.0)
44: 77 78 86 101 (93.0)
45: 89 95 (84.0)
46: 91 92 (111.0)
47: (0.0)
48: 94 106 (76.0)
49: (0.0)
50: 103 104 (66.0)
51: 96 110 (106.0)
52: 100 108 (90.0)
53: 102 105 (86.0)
54: 99 109 (72.0)
55: 97 107 111 (65.0)
56: 114 116 120 (73.0)
57: 126 129 (101.0)
58: 117 (61.0)
59: 112 119 122 134 (66.0)
60: 113 (68.0)
61: 118 124 (71.0)
62: 115 127 (82.0)
63: 121 136 (89.0)
64: 125 133 140 (125.0)
65: 130 132 (89.0)
66: 123 128 (92.0)
67: 144 (64.0)
68: 135 (71.0)
69: 131 141 (82.0)
70: 137 143 146 (112.0)
71: 142 (62.0)
72: 147 150 151 (106.0)
73: 148 149 (81.0)
74: 145 152 (49.0)
75: (0.0)
76: 139 155 (99.0)
77: 163 (61.0)
78: 138 159 170 (111.0)
79: 154 164 (81.0)
80: 156 161 162 167 (68.0)
81: 157 (65.0)
82: 158 177 (71.0)
83: 153 165 (96.0)
84: 169 175 183 (109.0)
85: 171 172 174 (91.0)
86: 168 176 (117.0)
87: 166 (69.0)
88: 160 (69.0)
89: 178 195 (77.0)
90: 180 182 188 (106.0)
91: 199 (61.0)
92: 179 191 197 (121.0)
93: 186 (65.0)
94: 185 190 (83.0)
95: 173 184 (103.0)
96: 189 (76.0)
97: 181 192 (84.0)
98: 187 196 (81.0)
99: 194 198 (78.0)
100: 193 201 (101.0)
101: 210 (90.0)
102: 205 224 (92.0)
103: 200 209 211 (70.0)
104: 203 204 (90.0)
105: 206 207 227 (99.0)
106: 202 213 216 223 225 (115.0)
107: 217 218 219 (120.0)
108: 214 215 234 242 (106.0)
109: 208 222 230 (102.0)
110: 228 229 247 (113.0)
111: 212 221 231 (124.0)
112: 235 236 238 (102.0)
113: 226 233 246 (84.0)
114: 220 250 (82.0)
115: 237 245 258 (106.0)
116: 239 243 252 (109.0)
117: 232 253 267 (89.0)
118: 240 241 261 (114.0)
119: 244 251 256 257 273 (122.0)
120: 248 254 259 (124.0)
121: 249 264 270 274 (68.0)
122: 255 265 268 281 (95.0)
123: 260 276 278 279 (112.0)
124: 275 280 (100.0)
125: 272 288 (74.0)
126: 266 (63.0)
127: 263 283 (73.0)
128: 269 277 (114.0)
129: 262 282 293 (106.0)
130: 271 285 289 291 (111.0)
131: 284 286 294 (101.0)
132: 296 311 (84.0)
133: 287 290 299 (120.0)
134: 292 297 306 (95.0)
135: 295 298 (61.0)
136: 302 303 310 315 322 (86.0)
137: 314 (89.0)
138: 307 308 328 (80.0)
139: 304 309 312 (117.0)
140: 301 316 326 (92.0)
141: 300 334 337 (81.0)
142: 313 323 324 (122.0)
143: 305 (77.0)
144: 319 327 333 343 346 (124.0)
145: 320 325 (122.0)
146: 318 321 329 335 348 (111.0)
147: 331 336 338 (114.0)
148: 332 347 361 (119.0)
149: 340 370 (82.0)
150: 317 339 342 (114.0)
151: 353 (104.0)
152: 330 345 351 355 371 (112.0)
153: 354 358 362 (108.0)
154: 349 356 363 (124.0)
155: 350 360 380 (107.0)
156: 344 364 (121.0)
157: 341 357 376 385 (125.0)
158: 352 365 366 372 (115.0)
159: 368 374 377 (118.0)
160: 367 397 (106.0)
161: 359 369 378 381 401 (127.0)
162: 375 386 (107.0)
163: 379 384 (75.0)
164: 389 393 396 (119.0)
165: 388 394 404 (125.0)
166: 373 402 (101.0)
167: 382 392 395 (108.0)
168: 391 398 403 411 (119.0)
169: 387 400 405 406 409 (122.0)
170: 399 407 (123.0)
171: 383 (98.0)
172: 390 423 437 (110.0)
173: 416 430 432 (97.0)
174: 413 414 431 (125.0)
175: 412 417 424 (97.0)
176: 410 419 (120.0)
177: 408 418 435 439 (125.0)
178: 426 428 (119.0)
179: 420 427 441 (124.0)
180: 421 429 440 443 (120.0)
181: 415 438 448 451 (125.0)
182: 422 434 459 (123.0)
183: 436 442 458 (125.0)
184: 425 433 452 (130.0)
185: 446 450 462 (122.0)
186: 444 455 468 469 (124.0)
187: 449 453 456 464 (133.0)
188: 447 460 (124.0)
189: 457 467 (125.0)
190: 454 461 463 466 (125.0)
191: 445 465 (123.0)
192: 471 477 484 485 (125.0)
193: 476 478 490 (124.0)
194: 470 481 493 (120.0)
195: 473 475 480 (120.0)
196: 472 483 (123.0)
197: 489 494 496 (123.0)
198: 474 486 492 (125.0)
199: 482 488 (121.0)
200: 479 487 491 495 (133.0)
201: 497 498 499 (125.0)
