Name: 500-60-125
Time: 19.13028645515442 
Result: 66095
Solution:  0 0 6 1 1 2 12 5 8 10 0 4 6 5 4 2 7 8 6 16 10 14 12 18 10 7 14 15 13 14 12 17 21 15 8 16 16 19 21 17 20 26 16 21 23 20 25 27 17 18 27 25 28 24 23 19 34 24 31 29 30 29 36 23 32 33 29 26 32 28 31 33 33 36 37 38 34 44 40 37 40 38 41 39 44 46 40 39 49 42 50 43 47 44 47 49 48 51 46 42 50 53 54 50 51 53 48 53 58 52 59 52 52 56 55 62 60 57 61 61 60 65 57 68 60 62 58 59 66 55 67 68 66 70 63 63 65 66 73 64 66 74 69 73 79 75 77 73 72 72 71 70 75 75 83 71 78 81 78 78 88 86 82 89 80 77 82 78 76 84 84 80 86 90 87 87 86 83 85 84 90 97 92 85 94 93 93 98 87 96 92 94 91 99 91 89 95 98 98 100 101 102 107 102 99 97 105 106 108 101 105 106 104 106 98 110 101 107 109 106 111 108 109 109 104 103 111 109 111 103 113 104 110 113 109 112 112 114 122 117 117 120 117 116 117 114 122 111 111 123 115 114 119 112 118 126 118 118 121 123 124 125 123 119 116 120 126 120 124 127 122 129 121 126 124 125 125 130 130 128 123 122 129 132 128 130 130 129 127 131 133 131 133 129 136 130 133 135 136 137 129 133 139 131 134 143 139 134 134 135 132 132 139 142 141 139 137 146 132 144 138 146 140 139 140 145 140 146 136 145 145 144 144 144 142 147 149 143 149 151 150 155 149 152 151 154 151 150 144 160 154 152 149 148 152 151 147 148 157 161 153 147 158 158 156 153 158 153 159 162 152 156 156 158 152 155 161 161 161 163 154 157 162 164 159 164 167 170 166 165 167 160 174 169 165 168 171 168 171 173 169 162 172 168 167 163 170 173 175 171 166 177 174 169 171 176 176 179 177 170 172 180 183 175 176 175 178 180 179 184 179 180 172 181 178 178 183 182 179 175 183 184 174 181 177 189 185 186 184 184 186 193 186 188 191 178 188 187 182 189 185 182 183 187 199 191 184 190 190 195 189 193 192 193 198 195 196 194 199 200 196 189 196 199 190 195 197 199 198 201 196 194 198 192 201 198 197 201 198 200
0: 0 1 10 (88.0)
1: 3 4 (58.0)
2: 5 15 (77.0)
3: (0.0)
4: 11 14 (64.0)
5: 7 13 (90.0)
6: 2 12 18 (80.0)
7: 16 25 (89.0)
8: 8 17 34 (102.0)
9: (0.0)
10: 9 20 24 (72.0)
11: (0.0)
12: 6 22 30 (73.0)
13: 28 (49.0)
14: 21 26 29 (64.0)
15: 27 33 (86.0)
16: 19 35 36 42 (114.0)
17: 31 39 48 (92.0)
18: 23 49 (62.0)
19: 37 55 (72.0)
20: 40 45 (101.0)
21: 32 38 43 (116.0)
22: (0.0)
23: 44 54 63 (55.0)
24: 53 57 (65.0)
25: 46 51 (90.0)
26: 41 67 (73.0)
27: 47 50 (44.0)
28: 52 69 (59.0)
29: 59 61 66 (51.0)
30: 60 (55.0)
31: 58 70 (105.0)
32: 64 68 (103.0)
33: 65 71 72 (79.0)
34: 56 76 (80.0)
35: (0.0)
36: 62 73 (75.0)
37: 74 79 (105.0)
38: 75 81 (69.0)
39: 83 87 (69.0)
40: 78 80 86 (60.0)
41: 82 (63.0)
42: 89 99 (68.0)
43: 91 (61.0)
44: 77 84 93 (79.0)
45: (0.0)
46: 85 98 (78.0)
47: 92 94 (69.0)
48: 96 106 (113.0)
49: 88 95 (102.0)
50: 90 100 103 (66.0)
51: 97 104 (78.0)
52: 109 111 112 (68.0)
53: 101 105 107 (67.0)
54: 102 (69.0)
55: 114 129 (72.0)
56: 113 (68.0)
57: 117 122 (78.0)
58: 108 126 (97.0)
59: 110 127 (77.0)
60: 116 120 124 (74.0)
61: 118 119 (78.0)
62: 115 125 (110.0)
63: 134 135 (80.0)
64: 139 (61.0)
65: 121 136 (89.0)
66: 128 132 137 140 (106.0)
67: 130 (64.0)
68: 123 131 (78.0)
69: 142 (62.0)
70: 133 151 (89.0)
71: 150 155 (86.0)
72: 148 149 (81.0)
73: 138 143 147 (62.0)
74: 141 (66.0)
75: 145 152 153 (99.0)
76: 168 (62.0)
77: 146 165 (103.0)
78: 156 158 159 167 (115.0)
79: 144 (64.0)
80: 164 171 (71.0)
81: 157 (65.0)
82: 162 166 (91.0)
83: 154 177 (74.0)
84: 169 170 179 (119.0)
85: 178 183 (72.0)
86: 161 172 176 (95.0)
87: 174 175 188 (95.0)
88: 160 (69.0)
89: 163 195 (100.0)
90: 173 180 (101.0)
91: 192 194 (92.0)
92: 182 190 (94.0)
93: 185 186 (106.0)
94: 184 191 (90.0)
95: 196 (60.0)
96: 189 (76.0)
97: 181 205 (92.0)
98: 187 197 198 214 (108.0)
99: 193 204 (86.0)
100: 199 (61.0)
101: 200 209 216 (80.0)
102: 201 203 (105.0)
103: 225 229 (93.0)
104: 212 224 231 (108.0)
105: 206 210 (102.0)
106: 207 211 213 219 (114.0)
107: 202 217 (89.0)
108: 208 221 (115.0)
109: 218 222 223 227 234 (119.0)
110: 215 232 (64.0)
111: 220 226 228 247 248 (125.0)
112: 235 236 253 (90.0)
113: 230 233 (92.0)
114: 237 245 251 (98.0)
115: 250 (60.0)
116: 243 264 (63.0)
117: 239 240 242 244 (99.0)
118: 254 256 257 (105.0)
119: 252 263 (84.0)
120: 241 265 267 (107.0)
121: 258 272 (89.0)
122: 238 246 270 281 (89.0)
123: 249 259 262 280 (114.0)
124: 260 268 274 (84.0)
125: 261 275 276 (124.0)
126: 255 266 273 (79.0)
127: 269 288 (101.0)
128: 279 284 (87.0)
129: 271 282 287 293 300 (125.0)
130: 277 278 285 286 295 (117.0)
131: 289 291 303 (124.0)
132: 283 310 311 318 (113.0)
133: 290 292 296 301 (124.0)
134: 304 307 308 (95.0)
135: 297 309 (101.0)
136: 294 298 328 (67.0)
137: 299 316 (91.0)
138: 320 (98.0)
139: 302 306 312 315 323 (106.0)
140: 322 324 326 (100.0)
141: 314 (89.0)
142: 313 334 (76.0)
143: 305 337 (111.0)
144: 319 331 332 333 348 (120.0)
145: 325 329 330 (94.0)
146: 317 321 327 (102.0)
147: 335 356 361 (120.0)
148: 353 357 (119.0)
149: 336 338 342 352 (115.0)
150: 340 347 (90.0)
151: 339 344 346 355 (99.0)
152: 343 351 354 370 374 (122.0)
153: 360 365 367 (119.0)
154: 345 350 380 (123.0)
155: 341 375 (107.0)
156: 364 371 372 (108.0)
157: 358 381 (87.0)
158: 362 363 366 373 (115.0)
159: 368 384 (80.0)
160: 349 391 (95.0)
161: 359 376 377 378 (124.0)
162: 369 382 401 (93.0)
163: 379 405 (73.0)
164: 383 385 (108.0)
165: 389 394 (117.0)
166: 388 410 (123.0)
167: 386 390 404 (120.0)
168: 395 397 403 (139.0)
169: 393 400 413 (117.0)
170: 387 406 419 (122.0)
171: 396 398 409 414 (123.0)
172: 402 420 432 (117.0)
173: 399 407 (123.0)
174: 392 412 442 (128.0)
175: 408 423 425 439 (124.0)
176: 415 416 424 (125.0)
177: 411 418 444 (112.0)
178: 426 434 435 455 (125.0)
179: 417 428 430 438 (124.0)
180: 421 427 431 (120.0)
181: 433 443 (109.0)
182: 437 458 461 (122.0)
183: 422 436 440 462 (121.0)
184: 429 441 448 449 466 (124.0)
185: 446 460 (115.0)
186: 447 450 452 (122.0)
187: 457 463 (124.0)
188: 453 456 (105.0)
189: 445 459 470 481 (125.0)
190: 467 468 484 (118.0)
191: 454 465 (125.0)
192: 472 493 (119.0)
193: 451 471 473 (118.0)
194: 477 491 (113.0)
195: 469 475 485 (123.0)
196: 476 480 482 490 (123.0)
197: 486 496 (121.0)
198: 474 488 492 495 498 (125.0)
199: 464 478 483 487 (124.0)
200: 479 499 (125.0)
201: 489 494 497 (125.0)
