Name: 500-50-100
Time: 19.825232982635498 
Result: 190093
Solution:  1 6 0 4 6 4 3 1 1 9 9 4 6 13 3 7 10 9 15 9 14 11 9 10 12 11 13 7 20 18 14 18 20 17 20 19 22 14 16 22 16 15 19 27 21 21 25 17 27 20 21 25 29 22 27 28 30 26 26 30 36 32 30 29 28 32 33 30 38 35 33 37 39 37 36 37 38 33 39 39 45 43 44 49 36 38 50 35 43 49 44 43 46 55 47 51 48 56 53 47 43 49 47 50 50 51 53 59 54 56 54 55 53 57 58 58 60 63 66 65 61 57 60 64 59 57 63 65 62 64 66 69 73 68 68 73 67 70 69 71 70 71 72 76 66 67 73 75 74 80 67 72 75 77 78 79 76 83 78 80 80 88 83 79 82 80 86 84 84 81 87 90 87 85 88 89 89 81 87 92 92 90 91 85 98 94 93 96 94 96 96 91 97 102 95 97 99 96 99 102 98 102 100 103 104 95 106 101 103 101 105 101 110 107 107 108 105 109 108 109 110 103 112 111 112 119 117 106 116 111 114 113 116 113 111 114 117 118 120 119 115 124 124 125 122 126 130 123 118 122 126 128 129 133 125 126 120 123 128 132 131 132 127 131 127 130 133 133 136 129 138 134 134 141 140 137 135 132 137 141 142 139 143 138 137 142 147 145 144 146 145 143 146 140 149 139 148 144 149 147 150 147 152 153 156 146 161 152 154 154 155 157 151 154 157 160 156 159 163 158 166 156 156 169 165 155 168 160 164 167 162 172 169 161 158 167 167 170 165 169 175 173 172 165 168 170 171 174 171 174 171 176 178 176 175 177 177 176 180 183 184 179 183 181 185 187 186 181 187 188 190 182 190 180 195 182 186 184 189 187 189 186 192 189 192 193 188 194 194 193 191 196 191 192 190 199 201 202 198 195 204 200 210 198 197 197 202 201 196 209 209 203 203 206 206 205 216 205 208 208 212 212 211 211 207 207 210 204 214 214 219 215 213 213 217 215 221 221 220 217 220 223 224 222 215 227 218 216 226 223 225 224 225 228 222 230 231 228 234 226 230 237 236 229 227 233 231 228 235 232 236 235 238 234 235 235 237 240 236 232 241 229 239 238 239 242 239 234 233 232 241 243 238 234 240 237 243 237 243 242
0: 2 (26.0)
1: 0 7 8 (79.0)
2: (0.0)
3: 6 14 (43.0)
4: 3 5 11 (61.0)
5: (0.0)
6: 1 4 12 (83.0)
7: 15 27 (50.0)
8: (0.0)
9: 9 10 17 19 22 (80.0)
10: 16 23 (69.0)
11: 21 25 (67.0)
12: 24 (32.0)
13: 13 26 (71.0)
14: 20 30 37 (28.0)
15: 18 41 (62.0)
16: 38 40 (58.0)
17: 33 47 (72.0)
18: 29 31 (79.0)
19: 35 42 (66.0)
20: 28 32 34 49 (45.0)
21: 44 45 50 (86.0)
22: 36 39 53 (97.0)
23: (0.0)
24: (0.0)
25: 46 51 (49.0)
26: 57 58 (75.0)
27: 43 48 54 (102.0)
28: 55 64 (56.0)
29: 52 63 (62.0)
30: 56 59 62 67 (104.0)
31: (0.0)
32: 61 65 (57.0)
33: 66 70 77 (67.0)
34: (0.0)
35: 69 87 (84.0)
36: 60 74 84 (86.0)
37: 71 73 75 (87.0)
38: 68 76 85 (79.0)
39: 72 78 79 (73.0)
40: (0.0)
41: (0.0)
42: (0.0)
43: 81 88 91 100 (90.0)
44: 82 90 (58.0)
45: 80 (45.0)
46: 92 (39.0)
47: 94 99 102 (92.0)
48: 96 (44.0)
49: 83 89 101 (94.0)
50: 86 103 104 (46.0)
51: 95 105 (75.0)
52: (0.0)
53: 98 106 112 (98.0)
54: 108 110 (51.0)
55: 93 111 (58.0)
56: 97 109 (45.0)
57: 113 121 125 (54.0)
58: 114 115 (60.0)
59: 107 124 (73.0)
60: 116 122 (58.0)
61: 120 (53.0)
62: 128 (41.0)
63: 117 126 (57.0)
64: 123 129 (59.0)
65: 119 127 (71.0)
66: 118 130 144 (71.0)
67: 136 145 150 (65.0)
68: 133 134 (91.0)
69: 131 138 (81.0)
70: 137 140 (57.0)
71: 139 141 (72.0)
72: 142 151 (83.0)
73: 132 135 146 (54.0)
74: 148 (52.0)
75: 147 152 (53.0)
76: 143 156 (56.0)
77: 153 (52.0)
78: 154 158 (94.0)
79: 155 163 (57.0)
80: 149 159 160 165 (55.0)
81: 169 177 (59.0)
82: 164 (52.0)
83: 157 162 (55.0)
84: 167 168 (52.0)
85: 173 183 (66.0)
86: 166 (52.0)
87: 170 172 178 (83.0)
88: 161 174 (82.0)
89: 175 176 (60.0)
90: 171 181 (62.0)
91: 182 191 (88.0)
92: 179 180 (81.0)
93: 186 (50.0)
94: 185 188 (89.0)
95: 194 205 (63.0)
96: 187 189 190 197 (59.0)
97: 192 195 (67.0)
98: 184 200 (62.0)
99: 196 198 (67.0)
100: 202 (53.0)
101: 207 209 211 (59.0)
102: 193 199 201 (99.0)
103: 203 208 221 (85.0)
104: 204 (60.0)
105: 210 216 (73.0)
106: 206 227 (79.0)
107: 213 214 (60.0)
108: 215 218 (79.0)
109: 217 219 (72.0)
110: 212 220 (94.0)
111: 223 229 234 (95.0)
112: 222 224 (59.0)
113: 231 233 (80.0)
114: 230 235 (81.0)
115: 240 (51.0)
116: 228 232 (73.0)
117: 226 236 (68.0)
118: 237 248 (78.0)
119: 225 239 (81.0)
120: 238 256 (59.0)
121: (0.0)
122: 244 249 (89.0)
123: 247 257 (100.0)
124: 241 242 (87.0)
125: 243 254 (75.0)
126: 245 250 255 (49.0)
127: 262 264 (65.0)
128: 251 258 (97.0)
129: 252 269 (77.0)
130: 246 265 (85.0)
131: 260 263 (52.0)
132: 259 261 277 (96.0)
133: 253 266 267 (94.0)
134: 271 272 (63.0)
135: 276 (69.0)
136: 268 (58.0)
137: 275 278 284 (71.0)
138: 270 283 (86.0)
139: 281 295 (70.0)
140: 274 293 (81.0)
141: 273 279 (92.0)
142: 280 285 (95.0)
143: 282 291 (72.0)
144: 288 297 (93.0)
145: 287 290 (110.0)
146: 289 292 305 (95.0)
147: 286 299 301 (95.0)
148: 296 (55.0)
149: 294 298 (72.0)
150: 300 (72.0)
151: 312 (62.0)
152: 302 307 (81.0)
153: 303 (51.0)
154: 308 309 313 (100.0)
155: 310 325 (87.0)
156: 304 316 321 322 (99.0)
157: 311 314 (93.0)
158: 319 334 (100.0)
159: 317 (78.0)
160: 315 327 (73.0)
161: 306 333 (99.0)
162: 330 (59.0)
163: 318 (51.0)
164: 328 (76.0)
165: 324 338 343 (91.0)
166: 320 (70.0)
167: 329 335 336 (82.0)
168: 326 344 (75.0)
169: 323 332 339 (95.0)
170: 337 345 (79.0)
171: 346 348 350 (96.0)
172: 331 342 (96.0)
173: 341 (74.0)
174: 347 349 (99.0)
175: 340 354 (61.0)
176: 351 353 357 (97.0)
177: 355 356 (97.0)
178: 352 (81.0)
179: 361 (67.0)
180: 358 373 (90.0)
181: 363 367 (96.0)
182: 371 375 (99.0)
183: 359 362 (98.0)
184: 360 377 (100.0)
185: 364 (74.0)
186: 366 376 381 (86.0)
187: 365 368 379 (98.0)
188: 369 386 (95.0)
189: 378 380 383 (98.0)
190: 370 372 394 (98.0)
191: 390 392 (103.0)
192: 382 384 393 (101.0)
193: 385 389 (107.0)
194: 387 388 (98.0)
195: 374 399 (95.0)
196: 391 408 (95.0)
197: 404 405 (92.0)
198: 398 403 (83.0)
199: 395 (69.0)
200: 401 (66.0)
201: 396 407 (97.0)
202: 397 406 (87.0)
203: 411 412 (68.0)
204: 400 427 (91.0)
205: 415 417 (88.0)
206: 413 414 (100.0)
207: 424 425 (94.0)
208: 418 419 (94.0)
209: 409 410 (103.0)
210: 402 426 (88.0)
211: 422 423 (94.0)
212: 420 421 (94.0)
213: 432 433 (94.0)
214: 428 429 (94.0)
215: 431 435 444 (110.0)
216: 416 447 (85.0)
217: 434 439 (85.0)
218: 446 (88.0)
219: 430 (78.0)
220: 438 440 (99.0)
221: 436 437 (95.0)
222: 443 454 (119.0)
223: 441 449 (99.0)
224: 442 451 (96.0)
225: 450 452 (91.0)
226: 448 459 (97.0)
227: 445 464 (94.0)
228: 453 457 467 (92.0)
229: 463 481 (95.0)
230: 455 460 (91.0)
231: 456 466 (98.0)
232: 469 479 489 (88.0)
233: 465 488 (98.0)
234: 458 473 487 493 (100.0)
235: 468 471 474 475 (99.0)
236: 462 470 478 (100.0)
237: 461 476 495 497 (100.0)
238: 472 483 492 (112.0)
239: 482 484 486 (100.0)
240: 477 494 (99.0)
241: 480 490 (98.0)
242: 485 499 (94.0)
243: 491 496 498 (101.0)
