Name: 500-40-75
Time: 36.05138659477234 
Result: 69
Solution:  3 0 3 3 8 3 1 1 5 2 4 8 9 6 4 9 7 5 11 2 5 7 6 11 6 11 11 15 14 21 17 16 16 18 18 13 14 15 28 13 21 17 24 20 27 23 22 25 20 22 19 27 31 25 28 27 25 30 29 29 24 36 28 33 34 33 31 35 33 34 27 31 36 36 37 41 38 38 37 40 35 44 42 42 39 43 48 40 45 44 49 41 39 43 46 50 50 48 49 45 45 53 50 51 56 54 54 58 56 47 55 57 53 55 62 59 60 51 64 56 61 66 65 60 58 57 61 63 64 59 63 67 71 75 67 70 68 73 75 69 73 67 74 71 71 66 69 73 73 72 74 77 76 78 77 76 75 81 72 74 75 79 78 78 81 80 82 79 81 78 80 78 80 82 82 77 84 83 82 83 82 85 92 93 82 86 81 84 86 90 87 89 89 90 91 92 87 86 88 86 90 85 95 99 93 83 89 91 94 88 96 95 90 98 97 92 92 96 100 101 101 97 91 100 103 97 102 93 99 94 105 103 105 102 97 99 101 98 107 107 104 101 107 104 96 106 107 106 113 106 105 109 108 108 104 103 114 112 110 111 116 104 108 110 111 112 118 114 117 109 114 111 114 114 120 121 121 119 115 118 113 121 109 119 116 116 121 122 116 128 124 123 115 119 118 120 124 121 122 130 122 123 125 123 125 129 125 123 119 128 126 129 133 127 127 127 128 124 131 126 135 131 129 133 131 132 137 134 136 130 133 132 131 136 134 137 133 132 136 141 139 140 138 139 140 138 141 135 139 149 141 144 138 150 137 141 142 151 143 147 144 145 149 142 139 152 154 146 147 144 144 142 142 143 148 145 150 152 153 150 152 146 155 154 148 157 155 155 148 160 155 154 156 154 156 149 157 151 151 157 164 160 153 154 161 157 159 157 163 161 160 166 163 161 165 165 166 163 158 164 161 171 163 166 165 162 165 164 159 167 172 168 170 167 167 176 164 170 169 169 171 171 168 173 173 174 177 168 173 169 173 179 176 172 167 179 175 174 178 175 175 185 171 182 178 182 179 186 176 180 180 178 182 181 182 183 183 180 189 177 186 189 185 185 181 188 187 188 188 186 190 187 190 186 184 189 182 184 189 190
0: 1 (31.0)
1: 6 7 (40.0)
2: 9 19 (59.0)
3: 0 2 3 5 (57.0)
4: 10 14 (49.0)
5: 8 17 20 (41.0)
6: 13 22 24 (75.0)
7: 16 21 (52.0)
8: 4 11 (39.0)
9: 12 15 (51.0)
10: (0.0)
11: 18 23 25 26 (57.0)
12: (0.0)
13: 35 39 (61.0)
14: 28 36 (55.0)
15: 27 37 (29.0)
16: 31 32 (41.0)
17: 30 41 (31.0)
18: 33 34 (42.0)
19: 50 (41.0)
20: 43 48 (43.0)
21: 29 40 (56.0)
22: 46 49 (46.0)
23: 45 (41.0)
24: 42 60 (40.0)
25: 47 53 56 (41.0)
26: (0.0)
27: 44 51 55 70 (47.0)
28: 38 54 62 (61.0)
29: 58 59 (46.0)
30: 57 (38.0)
31: 52 66 71 (75.0)
32: (0.0)
33: 63 65 68 (45.0)
34: 64 69 (66.0)
35: 67 80 (41.0)
36: 61 72 73 (80.0)
37: 74 78 (20.0)
38: 76 77 (48.0)
39: 84 92 (30.0)
40: 79 87 (72.0)
41: 75 91 (56.0)
42: 82 83 (48.0)
43: 85 93 (68.0)
44: 81 89 (65.0)
45: 88 99 100 (42.0)
46: 94 (40.0)
47: 109 (42.0)
48: 86 97 (45.0)
49: 90 98 (66.0)
50: 95 96 102 (53.0)
51: 103 117 (43.0)
52: (0.0)
53: 101 112 (65.0)
54: 105 106 (69.0)
55: 110 113 (45.0)
56: 104 108 119 (47.0)
57: 111 125 (53.0)
58: 107 124 (42.0)
59: 115 129 (27.0)
60: 116 123 (46.0)
61: 120 126 (48.0)
62: 114 (46.0)
63: 127 130 (63.0)
64: 118 128 (57.0)
65: 122 (40.0)
66: 121 145 (66.0)
67: 131 134 141 (56.0)
68: 136 (40.0)
69: 139 146 (64.0)
70: 135 (41.0)
71: 132 143 144 (66.0)
72: 149 158 (51.0)
73: 137 140 147 148 (65.0)
74: 142 150 159 (52.0)
75: 133 138 156 160 (54.0)
76: 152 155 (73.0)
77: 151 154 175 (75.0)
78: 153 162 163 169 171 (62.0)
79: 161 167 (62.0)
80: 165 170 172 (74.0)
81: 157 164 168 186 (45.0)
82: 166 173 174 178 180 184 (61.0)
83: 177 179 205 (45.0)
84: 176 187 (63.0)
85: 181 201 (51.0)
86: 185 188 197 199 (60.0)
87: 190 196 (58.0)
88: 198 209 (59.0)
89: 191 192 206 (42.0)
90: 189 193 200 212 (49.0)
91: 194 207 222 (47.0)
92: 182 195 215 216 (43.0)
93: 183 204 227 (64.0)
94: 208 229 (47.0)
95: 202 211 (55.0)
96: 210 217 244 (69.0)
97: 214 221 225 234 (61.0)
98: 213 237 (41.0)
99: 203 228 235 (61.0)
100: 218 223 (56.0)
101: 219 220 236 241 (55.0)
102: 226 233 (62.0)
103: 224 231 255 (50.0)
104: 240 243 254 261 (48.0)
105: 230 232 250 (70.0)
106: 245 247 249 (65.0)
107: 238 239 242 246 (63.0)
108: 252 253 262 (89.0)
109: 251 269 282 (75.0)
110: 258 263 (44.0)
111: 259 264 271 (49.0)
112: 257 265 (48.0)
113: 248 280 (52.0)
114: 256 267 270 272 273 (63.0)
115: 278 292 (58.0)
116: 260 284 285 288 (72.0)
117: 268 (41.0)
118: 266 279 294 (47.0)
119: 277 283 293 308 (73.0)
120: 274 295 (58.0)
121: 275 276 281 286 297 (67.0)
122: 287 298 300 (66.0)
123: 291 301 303 307 (58.0)
124: 290 296 317 (54.0)
125: 302 304 306 (74.0)
126: 310 319 (70.0)
127: 313 314 315 (75.0)
128: 289 309 316 (65.0)
129: 305 311 322 (60.0)
130: 299 329 (63.0)
131: 318 321 324 332 (61.0)
132: 325 331 337 (65.0)
133: 312 323 330 336 (64.0)
134: 327 334 (55.0)
135: 320 347 (52.0)
136: 328 333 338 (54.0)
137: 326 335 354 (75.0)
138: 342 345 352 (48.0)
139: 340 343 348 364 (68.0)
140: 341 344 (46.0)
141: 339 346 350 355 (62.0)
142: 356 363 371 372 (67.0)
143: 358 373 (72.0)
144: 351 360 369 370 (73.0)
145: 361 375 (69.0)
146: 367 381 (62.0)
147: 359 368 (72.0)
148: 374 384 388 (75.0)
149: 349 362 395 (74.0)
150: 353 376 379 (75.0)
151: 357 397 398 (75.0)
152: 365 377 380 (75.0)
153: 378 402 (69.0)
154: 366 383 391 393 403 (74.0)
155: 382 386 387 390 (75.0)
156: 392 394 (65.0)
157: 385 396 399 405 407 (74.0)
158: 418 (40.0)
159: 406 428 (53.0)
160: 389 401 410 (73.0)
161: 404 409 413 420 (73.0)
162: 425 (49.0)
163: 408 412 417 422 (70.0)
164: 400 419 427 436 (69.0)
165: 414 415 424 426 (75.0)
166: 411 416 423 (74.0)
167: 429 433 434 454 (74.0)
168: 431 442 447 (75.0)
169: 438 439 449 (73.0)
170: 432 437 (72.0)
171: 421 440 441 462 (83.0)
172: 430 453 (75.0)
173: 443 444 448 450 (74.0)
174: 445 457 (72.0)
175: 456 459 460 (82.0)
176: 435 452 468 (67.0)
177: 446 479 (75.0)
178: 458 464 471 (70.0)
179: 451 455 466 (78.0)
180: 469 470 477 (74.0)
181: 473 484 (74.0)
182: 463 465 472 474 496 (74.0)
183: 475 476 (74.0)
184: 494 497 (68.0)
185: 461 482 483 (74.0)
186: 467 480 489 493 (75.0)
187: 486 491 (68.0)
188: 485 487 488 (74.0)
189: 478 481 495 498 (75.0)
190: 490 492 499 (73.0)
