Name: 500-40-75
Time: 18.033923864364624 
Result: 126070
Solution:  1 3 5 1 2 4 1 0 4 0 10 1 3 7 6 9 6 15 9 2 7 4 10 9 12 11 15 13 13 11 12 18 17 18 17 19 14 19 22 16 14 19 21 17 26 24 25 27 16 23 22 22 23 29 21 27 22 26 31 29 25 34 30 33 31 38 30 36 33 37 31 34 37 40 38 35 36 42 38 39 40 41 43 42 38 44 49 39 40 43 46 48 48 41 47 48 45 45 44 46 49 54 51 52 51 56 53 48 56 50 53 49 55 54 57 60 52 58 64 55 60 65 62 60 61 58 64 63 67 61 65 66 74 75 63 69 72 66 67 71 68 68 70 66 71 73 73 66 78 77 69 75 76 71 77 76 80 77 84 75 82 78 81 80 79 81 83 78 84 74 80 75 80 79 82 79 89 85 83 86 84 85 92 88 83 86 82 89 81 93 87 86 92 84 92 88 88 87 85 83 93 86 91 99 89 87 93 90 95 94 96 97 93 93 94 90 100 95 98 96 96 91 95 100 102 100 101 103 100 96 103 103 97 98 102 102 103 99 100 104 104 104 106 101 110 110 97 108 107 106 104 109 108 108 111 109 114 116 105 105 117 109 106 112 118 115 112 110 116 107 116 112 114 111 119 118 121 118 120 111 119 124 109 122 118 117 118 113 115 121 123 116 113 119 124 120 132 122 126 121 124 123 125 124 125 124 124 122 120 127 127 126 130 130 126 135 128 128 130 131 127 134 129 131 125 129 132 136 131 134 138 136 134 140 133 139 141 128 140 135 142 137 142 138 139 138 136 139 141 149 140 144 138 135 136 135 143 148 145 141 144 141 149 143 142 150 148 146 155 145 140 147 140 143 148 146 147 149 152 151 148 145 158 154 153 154 151 159 150 158 156 156 160 151 152 161 156 152 157 157 163 161 153 157 159 158 159 167 160 160 162 154 167 166 162 164 164 162 162 166 159 168 165 161 163 171 167 168 163 164 172 169 170 166 163 165 166 170 174 178 174 171 169 171 173 173 168 167 177 175 170 178 178 176 180 181 174 173 177 171 174 172 177 180 179 180 179 175 182 179 181 186 181 176 187 183 183 178 188 182 187 185 190 186 184 184 188 188 188 186 187 185 188 189 187 190 188 189 187 189
0: 7 9 (50.0)
1: 0 3 6 11 (40.0)
2: 4 19 (61.0)
3: 1 12 (57.0)
4: 5 8 21 (45.0)
5: 2 (36.0)
6: 14 16 (41.0)
7: 13 20 (29.0)
8: (0.0)
9: 15 18 23 (47.0)
10: 10 22 (65.0)
11: 25 29 (34.0)
12: 24 30 (51.0)
13: 27 28 (41.0)
14: 36 40 (69.0)
15: 17 26 (38.0)
16: 39 48 (63.0)
17: 32 34 43 (56.0)
18: 31 33 (44.0)
19: 35 37 41 (42.0)
20: (0.0)
21: 42 54 (54.0)
22: 38 50 51 56 (58.0)
23: 49 52 (47.0)
24: 45 (41.0)
25: 46 60 (40.0)
26: 44 57 (41.0)
27: 47 55 (35.0)
28: (0.0)
29: 53 59 (51.0)
30: 62 66 (50.0)
31: 58 64 70 (63.0)
32: (0.0)
33: 63 68 (28.0)
34: 61 71 (58.0)
35: 75 (37.0)
36: 67 76 (52.0)
37: 69 72 (65.0)
38: 65 74 78 84 (50.0)
39: 79 87 (72.0)
40: 73 80 88 (50.0)
41: 81 93 (65.0)
42: 77 83 (46.0)
43: 82 89 (56.0)
44: 85 98 (70.0)
45: 96 97 (50.0)
46: 90 99 (46.0)
47: 94 (40.0)
48: 91 92 95 107 (61.0)
49: 86 100 111 (54.0)
50: 109 (42.0)
51: 102 104 (40.0)
52: 103 116 (60.0)
53: 106 110 (57.0)
54: 101 113 (61.0)
55: 112 119 (50.0)
56: 105 108 (42.0)
57: 114 (46.0)
58: 117 125 (42.0)
59: (0.0)
60: 115 120 123 (37.0)
61: 124 129 (50.0)
62: 122 (40.0)
63: 127 134 (37.0)
64: 118 126 (55.0)
65: 121 130 (68.0)
66: 131 137 143 147 (49.0)
67: 128 138 (43.0)
68: 140 141 (53.0)
69: 135 150 (43.0)
70: 142 (44.0)
71: 139 144 153 (64.0)
72: 136 (40.0)
73: 145 146 (61.0)
74: 132 169 (61.0)
75: 133 151 159 171 (59.0)
76: 152 155 (73.0)
77: 149 154 157 (43.0)
78: 148 161 167 (79.0)
79: 164 173 175 (62.0)
80: 156 163 170 172 (74.0)
81: 162 165 188 (51.0)
82: 160 174 186 (45.0)
83: 166 178 184 199 (52.0)
84: 158 168 180 193 (50.0)
85: 177 181 198 (68.0)
86: 179 185 191 201 (71.0)
87: 190 197 205 (57.0)
88: 183 195 196 (71.0)
89: 176 187 204 (67.0)
90: 207 215 (47.0)
91: 202 221 (56.0)
92: 182 192 194 (46.0)
93: 189 200 206 212 213 (50.0)
94: 209 214 (55.0)
95: 208 217 222 (60.0)
96: 210 219 220 229 (49.0)
97: 211 232 246 (61.0)
98: 218 233 (61.0)
99: 203 237 (53.0)
100: 216 223 225 228 238 (68.0)
101: 226 243 (48.0)
102: 224 234 235 (52.0)
103: 227 230 231 236 (70.0)
104: 239 240 241 250 (72.0)
105: 258 259 (54.0)
106: 242 249 262 (72.0)
107: 248 269 (62.0)
108: 247 252 253 (67.0)
109: 251 255 261 282 (69.0)
110: 244 245 267 (61.0)
111: 254 273 279 (43.0)
112: 263 266 271 (53.0)
113: 287 292 (62.0)
114: 256 272 (40.0)
115: 265 288 (52.0)
116: 257 268 270 291 (55.0)
117: 260 285 (53.0)
118: 264 275 277 284 286 (64.0)
119: 274 280 293 (62.0)
120: 278 295 308 (68.0)
121: 276 289 299 (69.0)
122: 283 297 307 (59.0)
123: 290 301 (50.0)
124: 281 294 300 303 305 306 (74.0)
125: 302 304 324 (74.0)
126: 298 311 314 (72.0)
127: 309 310 320 (75.0)
128: 316 317 337 (51.0)
129: 322 325 (63.0)
130: 312 313 318 (72.0)
131: 319 323 328 (66.0)
132: 296 326 (62.0)
133: 334 (40.0)
134: 321 329 332 (62.0)
135: 315 339 353 355 (71.0)
136: 327 331 346 354 (72.0)
137: 341 (40.0)
138: 330 343 345 352 (61.0)
139: 335 344 347 (66.0)
140: 333 338 350 370 372 (60.0)
141: 336 348 359 361 (75.0)
142: 340 342 364 (48.0)
143: 356 363 373 (73.0)
144: 351 360 (71.0)
145: 358 369 381 (67.0)
146: 367 375 (66.0)
147: 371 376 (42.0)
148: 357 366 374 380 (59.0)
149: 349 362 377 (74.0)
150: 365 388 (50.0)
151: 379 386 393 (57.0)
152: 378 394 397 (75.0)
153: 384 402 (76.0)
154: 383 385 411 (64.0)
155: 368 (66.0)
156: 390 391 396 (54.0)
157: 398 399 403 (59.0)
158: 382 389 405 (72.0)
159: 387 404 406 420 (64.0)
160: 392 408 409 (74.0)
161: 395 401 423 (64.0)
162: 410 414 417 418 (71.0)
163: 400 424 428 434 (66.0)
164: 415 416 429 (75.0)
165: 422 435 (77.0)
166: 413 419 433 436 (75.0)
167: 407 412 426 447 (71.0)
168: 421 427 446 (69.0)
169: 431 442 (70.0)
170: 432 437 450 (75.0)
171: 425 441 443 459 (98.0)
172: 430 461 (74.0)
173: 444 445 457 (75.0)
174: 438 440 456 460 (96.0)
175: 449 467 (74.0)
176: 453 473 (75.0)
177: 448 458 462 (74.0)
178: 439 451 452 477 (75.0)
179: 464 466 469 (83.0)
180: 454 463 465 (74.0)
181: 455 470 472 (74.0)
182: 468 479 (58.0)
183: 475 476 (74.0)
184: 484 485 (69.0)
185: 481 491 (68.0)
186: 471 483 489 (63.0)
187: 474 480 490 494 498 (75.0)
188: 478 486 487 488 492 496 (75.0)
189: 493 497 499 (74.0)
190: 482 495 (93.0)
