Name: 500-30-50
Time: 37.214847803115845 
Result: 50
Solution:  1 0 1 4 6 11 10 5 1 4 3 3 9 8 5 9 10 10 5 7 19 8 13 11 9 15 14 18 13 14 18 12 12 16 17 17 19 15 25 20 16 20 25 21 23 22 21 22 24 30 26 30 28 22 26 29 34 28 33 30 23 31 34 31 35 36 38 33 38 35 42 35 29 30 36 38 35 37 39 39 33 41 44 43 41 37 43 40 46 46 43 42 40 50 41 45 52 49 48 55 45 48 50 43 54 53 52 47 61 56 57 52 53 54 61 51 62 59 55 61 57 64 60 58 70 62 61 60 67 65 58 65 59 67 66 71 64 70 69 76 73 72 68 67 66 72 74 76 68 75 71 75 69 72 77 74 78 74 79 86 80 83 79 84 81 84 89 90 87 81 80 82 78 88 86 85 92 90 89 92 91 85 83 87 94 86 88 95 97 93 93 88 99 101 101 97 100 103 91 96 102 99 95 104 101 106 109 112 105 104 98 99 107 103 105 110 108 105 105 100 108 102 111 109 106 112 113 113 111 114 112 107 119 114 115 121 115 118 117 119 119 116 122 120 120 117 130 123 126 118 122 126 121 124 133 123 127 125 129 129 128 136 132 130 135 131 127 134 134 127 141 133 140 130 132 137 139 136 142 131 136 142 141 146 138 142 144 147 143 144 147 153 145 139 148 148 149 151 149 145 154 154 143 150 151 146 157 153 152 152 152 155 149 150 156 153 157 162 159 158 163 158 153 155 153 158 161 159 160 162 160 160 156 163 166 166 163 156 165 162 163 168 166 164 159 159 163 168 165 168 169 164 165 161 167 162 169 175 172 171 172 164 167 168 170 174 173 169 170 171 177 174 171 171 176 179 173 183 177 177 173 177 180 181 176 180 182 176 175 178 176 176 180 179 181 185 187 184 175 189 182 179 184 192 185 184 180 186 185 186 188 183 187 188 189 192 183 191 191 189 185 190 190 190 197 191 187 187 201 193 202 193 188 195 196 196 195 194 189 192 198 204 194 200 198 203 200 207 193 198 199 199 201 201 207 199 200 203 201 205 211 204 204 203 196 202 208 197 205 206 204 209 210 212 206 207 206 210 207 215 215 209 212 211 206 205 210 214 210 216 213 214 209 215 208 212 213 216 216 207
0: 1 (14.0)
1: 0 2 8 (30.0)
2: (0.0)
3: 10 11 (30.0)
4: 3 9 (46.0)
5: 7 14 18 (32.0)
6: 4 (16.0)
7: 19 (25.0)
8: 13 21 (32.0)
9: 12 15 24 (37.0)
10: 6 16 17 (50.0)
11: 5 23 (36.0)
12: 31 32 (33.0)
13: 22 28 (30.0)
14: 26 29 (32.0)
15: 25 37 (34.0)
16: 33 40 (28.0)
17: 34 35 (31.0)
18: 27 30 (33.0)
19: 20 36 (35.0)
20: 39 41 (32.0)
21: 43 46 (42.0)
22: 45 47 53 (37.0)
23: 44 60 (42.0)
24: 48 (30.0)
25: 38 42 (19.0)
26: 50 54 (55.0)
27: (0.0)
28: 52 57 (42.0)
29: 55 72 (23.0)
30: 49 51 59 73 (33.0)
31: 61 63 (33.0)
32: (0.0)
33: 58 67 80 (55.0)
34: 56 62 (22.0)
35: 64 69 71 76 (63.0)
36: 65 74 (38.0)
37: 77 85 (54.0)
38: 66 68 75 (34.0)
39: 78 79 (33.0)
40: 87 92 (53.0)
41: 81 84 94 (37.0)
42: 70 91 (38.0)
43: 83 86 90 103 (32.0)
44: 82 (30.0)
45: 95 100 (38.0)
46: 88 89 (34.0)
47: 107 (33.0)
48: 98 101 (32.0)
49: 97 (32.0)
50: 93 102 (33.0)
51: 115 (30.0)
52: 96 106 111 (15.0)
53: 105 112 (32.0)
54: 104 113 (38.0)
55: 99 118 (50.0)
56: 109 (31.0)
57: 110 120 (39.0)
58: 123 130 (38.0)
59: 117 132 (40.0)
60: 122 127 (39.0)
61: 108 114 119 126 (29.0)
62: 116 125 (41.0)
63: (0.0)
64: 121 136 (42.0)
65: 129 131 (47.0)
66: 134 144 (45.0)
67: 128 133 143 (31.0)
68: 142 148 (47.0)
69: 138 152 (33.0)
70: 124 137 (31.0)
71: 135 150 (35.0)
72: 141 145 153 (58.0)
73: 140 (13.0)
74: 146 155 157 (40.0)
75: 149 151 (37.0)
76: 139 147 (36.0)
77: 154 (28.0)
78: 156 172 (50.0)
79: 158 162 (42.0)
80: 160 170 (17.0)
81: 164 169 (45.0)
82: 171 (31.0)
83: 161 182 (42.0)
84: 163 165 (36.0)
85: 175 181 (33.0)
86: 159 174 185 (27.0)
87: 168 183 (41.0)
88: 173 186 191 (39.0)
89: 166 178 (44.0)
90: 167 177 (34.0)
91: 180 198 (36.0)
92: 176 179 (36.0)
93: 189 190 (33.0)
94: 184 (33.0)
95: 187 202 (45.0)
96: 199 (32.0)
97: 188 195 (45.0)
98: 210 (36.0)
99: 192 201 211 (45.0)
100: 196 219 (46.0)
101: 193 194 204 (46.0)
102: 200 221 (54.0)
103: 197 213 (36.0)
104: 203 209 (48.0)
105: 208 214 217 218 (44.0)
106: 205 224 (50.0)
107: 212 231 (44.0)
108: 216 220 (48.0)
109: 206 223 (43.0)
110: 215 (33.0)
111: 222 228 (44.0)
112: 207 225 230 (49.0)
113: 226 227 (41.0)
114: 229 233 (47.0)
115: 234 236 (56.0)
116: 241 (31.0)
117: 238 245 (42.0)
118: 237 249 (35.0)
119: 232 239 240 (33.0)
120: 243 244 (53.0)
121: 235 252 (24.0)
122: 242 250 (33.0)
123: 247 255 (41.0)
124: 253 (31.0)
125: 257 (31.0)
126: 248 251 (45.0)
127: 256 266 269 (40.0)
128: 260 (40.0)
129: 258 259 (43.0)
130: 246 263 273 (30.0)
131: 265 279 (31.0)
132: 262 274 (42.0)
133: 254 271 (45.0)
134: 267 268 (59.0)
135: 264 (33.0)
136: 261 277 280 (39.0)
137: 275 (34.0)
138: 284 (32.0)
139: 276 293 (54.0)
140: 272 (40.0)
141: 270 282 (53.0)
142: 278 281 285 (61.0)
143: 288 302 (49.0)
144: 286 289 (45.0)
145: 292 299 (50.0)
146: 283 305 (47.0)
147: 287 290 (39.0)
148: 294 295 (45.0)
149: 296 298 312 (50.0)
150: 303 313 (37.0)
151: 297 304 (40.0)
152: 308 309 310 (45.0)
153: 291 307 315 322 324 (47.0)
154: 300 301 (45.0)
155: 311 323 (47.0)
156: 314 332 337 (49.0)
157: 306 316 (36.0)
158: 319 321 325 (40.0)
159: 318 327 344 345 (41.0)
160: 328 330 331 (50.0)
161: 326 353 (47.0)
162: 317 329 339 355 (50.0)
163: 320 333 336 340 346 (45.0)
164: 343 351 361 (47.0)
165: 338 348 352 (50.0)
166: 334 335 342 (49.0)
167: 354 362 (45.0)
168: 341 347 349 363 (49.0)
169: 350 356 367 (39.0)
170: 364 368 (45.0)
171: 359 369 372 373 (50.0)
172: 358 360 (54.0)
173: 366 376 380 (50.0)
174: 365 371 (49.0)
175: 357 388 398 (38.0)
176: 374 384 387 390 391 (48.0)
177: 370 378 379 381 (39.0)
178: 389 (43.0)
179: 375 393 401 (48.0)
180: 382 385 392 406 (48.0)
181: 383 394 (48.0)
182: 386 400 (50.0)
183: 377 411 416 (48.0)
184: 397 402 405 (48.0)
185: 395 404 408 420 (50.0)
186: 407 409 (46.0)
187: 396 412 426 427 (49.0)
188: 410 413 432 (44.0)
189: 399 414 419 438 (46.0)
190: 421 422 423 (50.0)
191: 417 418 425 (49.0)
192: 403 415 439 (47.0)
193: 429 431 448 (50.0)
194: 437 442 (44.0)
195: 433 436 (44.0)
196: 434 435 464 (46.0)
197: 424 467 (50.0)
198: 440 444 449 (59.0)
199: 450 451 455 (49.0)
200: 443 446 456 (48.0)
201: 428 452 453 458 (48.0)
202: 430 465 (48.0)
203: 445 457 463 (48.0)
204: 441 461 462 470 (50.0)
205: 459 468 485 (50.0)
206: 469 474 476 484 (45.0)
207: 447 454 475 478 499 (55.0)
208: 466 494 (44.0)
209: 471 481 492 (37.0)
210: 472 477 486 488 (49.0)
211: 460 483 (46.0)
212: 473 482 495 (50.0)
213: 490 496 (50.0)
214: 487 491 (54.0)
215: 479 480 493 (50.0)
216: 489 497 498 (54.0)
