Name: 500-30-50
Time: 19.166966676712036 
Result: 194056
Solution:  2 0 2 7 5 3 10 1 3 4 4 3 8 5 1 11 9 10 3 8 11 9 12 12 13 13 14 19 7 14 20 9 22 16 14 18 17 17 22 15 15 19 19 24 24 19 20 18 21 29 25 29 26 26 23 30 21 28 34 29 30 30 35 33 29 35 38 39 38 41 42 34 44 31 37 37 32 33 46 32 40 40 45 42 46 38 42 41 44 42 42 50 49 47 39 55 53 43 48 56 50 51 47 53 54 49 53 48 53 45 61 56 55 57 54 62 60 63 53 68 57 64 63 65 59 64 56 61 68 60 69 65 69 63 66 72 66 70 71 67 70 71 74 70 67 72 72 73 79 80 73 75 68 79 84 76 78 76 78 83 77 83 77 74 75 86 87 84 82 88 77 81 80 90 86 88 91 91 87 85 90 86 85 82 89 94 94 96 97 100 92 92 95 96 99 97 106 102 94 93 99 100 105 101 102 107 100 103 110 101 98 105 107 104 102 109 108 102 105 103 109 104 110 111 112 114 113 115 116 113 112 106 117 117 119 114 111 118 121 119 123 118 114 121 120 115 116 123 122 120 125 125 128 129 127 122 127 126 128 124 130 137 136 128 131 128 135 134 134 132 132 139 133 137 137 138 145 137 140 135 139 146 140 150 143 142 141 146 142 141 148 148 143 145 147 144 146 149 150 147 149 155 144 150 151 152 161 153 153 154 151 155 156 152 154 156 153 158 159 156 163 155 157 154 165 157 157 161 158 166 160 160 168 163 162 169 163 159 162 162 158 161 166 164 159 159 166 161 164 166 165 170 166 163 167 162 172 170 171 172 174 164 165 170 172 178 173 173 178 172 175 175 175 167 173 169 174 181 176 182 171 178 175 180 177 182 179 180 180 177 172 173 180 189 179 186 181 184 186 176 176 183 185 184 181 185 188 187 185 183 186 182 187 191 189 192 195 188 191 185 186 190 190 190 198 194 185 187 194 192 197 195 191 194 195 200 193 188 193 200 197 199 196 198 199 195 205 202 202 192 203 196 196 203 205 193 202 207 199 207 212 200 202 201 204 204 204 201 206 198 208 214 206 211 205 206 208 203 207 214 208 209 211 212 215 213 212 214 205 216 215 210 212 209 210 213 213 214 216 209
0: 1 (14.0)
1: 7 14 (26.0)
2: 0 2 (24.0)
3: 5 8 11 18 (34.0)
4: 9 10 (46.0)
5: 4 13 (35.0)
6: (0.0)
7: 3 28 (43.0)
8: 12 19 (36.0)
9: 16 21 31 (25.0)
10: 6 17 (45.0)
11: 15 20 (32.0)
12: 22 23 (31.0)
13: 24 25 (31.0)
14: 26 29 34 (44.0)
15: 39 40 (46.0)
16: 33 (5.0)
17: 36 37 (32.0)
18: 35 47 (31.0)
19: 27 41 42 45 (36.0)
20: 30 46 (44.0)
21: 48 56 (37.0)
22: 32 38 (35.0)
23: 54 (26.0)
24: 43 44 (46.0)
25: 50 (29.0)
26: 52 53 (33.0)
27: (0.0)
28: 57 (26.0)
29: 49 51 59 64 (31.0)
30: 55 60 61 (40.0)
31: 73 (17.0)
32: 76 79 (16.0)
33: 63 77 (46.0)
34: 58 71 (41.0)
35: 62 65 (33.0)
36: (0.0)
37: 74 75 (33.0)
38: 66 68 85 (47.0)
39: 67 94 (27.0)
40: 80 81 (33.0)
41: 69 87 (50.0)
42: 70 83 86 89 90 (45.0)
43: 97 (32.0)
44: 72 88 (47.0)
45: 82 109 (61.0)
46: 78 84 (30.0)
47: 93 102 (33.0)
48: 98 107 (43.0)
49: 92 105 (41.0)
50: 91 100 (34.0)
51: 101 (22.0)
52: (0.0)
53: 96 103 106 108 118 (40.0)
54: 104 114 (28.0)
55: 95 112 (46.0)
56: 99 111 126 (45.0)
57: 113 120 (30.0)
58: (0.0)
59: 124 (16.0)
60: 116 129 (47.0)
61: 110 127 (50.0)
62: 115 (30.0)
63: 117 122 133 (37.0)
64: 121 125 (41.0)
65: 123 131 (44.0)
66: 134 136 (38.0)
67: 139 144 (43.0)
68: 119 128 152 (32.0)
69: 130 132 (41.0)
70: 137 140 143 (39.0)
71: 138 141 (45.0)
72: 135 145 146 (44.0)
73: 147 150 (37.0)
74: 142 163 (50.0)
75: 151 164 (46.0)
76: 155 157 (24.0)
77: 160 162 170 (30.0)
78: 156 158 (51.0)
79: 148 153 (46.0)
80: 149 172 (44.0)
81: 171 (31.0)
82: 168 183 (41.0)
83: 159 161 (35.0)
84: 154 167 (40.0)
85: 179 182 (35.0)
86: 165 174 181 (35.0)
87: 166 178 (44.0)
88: 169 175 (44.0)
89: 184 (33.0)
90: 173 180 (39.0)
91: 176 177 (38.0)
92: 190 191 (39.0)
93: 199 (32.0)
94: 185 186 198 (22.0)
95: 192 (30.0)
96: 187 193 (38.0)
97: 188 195 (45.0)
98: 210 (36.0)
99: 194 200 (48.0)
100: 189 201 206 (43.0)
101: 203 209 (48.0)
102: 197 204 214 217 (46.0)
103: 207 219 (43.0)
104: 213 221 (46.0)
105: 202 211 218 (37.0)
106: 196 231 (47.0)
107: 205 212 (42.0)
108: 216 (34.0)
109: 215 220 (47.0)
110: 208 222 (30.0)
111: 223 236 (52.0)
112: 224 230 (45.0)
113: 226 229 (31.0)
114: 225 235 242 (41.0)
115: 227 245 (38.0)
116: 228 246 (43.0)
117: 232 233 (41.0)
118: 237 241 (44.0)
119: 234 239 (43.0)
120: 244 249 (49.0)
121: 238 243 (53.0)
122: 248 255 (34.0)
123: 240 247 (38.0)
124: 259 (38.0)
125: 250 251 (42.0)
126: 257 (31.0)
127: 254 256 (40.0)
128: 252 258 263 265 (37.0)
129: 253 (31.0)
130: 260 (40.0)
131: 264 (33.0)
132: 269 270 (42.0)
133: 272 (40.0)
134: 267 268 (59.0)
135: 266 279 (34.0)
136: 262 (32.0)
137: 261 273 274 277 (35.0)
138: 275 (34.0)
139: 271 280 (35.0)
140: 278 282 (49.0)
141: 286 289 (45.0)
142: 285 288 (47.0)
143: 284 292 (48.0)
144: 295 302 (46.0)
145: 276 293 (54.0)
146: 281 287 296 (54.0)
147: 294 299 (47.0)
148: 290 291 (44.0)
149: 297 300 (48.0)
150: 283 298 303 (45.0)
151: 304 310 (49.0)
152: 305 313 (50.0)
153: 307 308 316 (49.0)
154: 309 314 323 (50.0)
155: 301 311 321 (45.0)
156: 312 315 319 (48.0)
157: 322 325 326 (45.0)
158: 317 328 340 (46.0)
159: 318 337 344 345 (41.0)
160: 330 331 (40.0)
161: 306 327 341 347 (46.0)
162: 334 338 339 355 (48.0)
163: 320 333 336 353 (37.0)
164: 343 348 361 (49.0)
165: 324 350 362 (43.0)
166: 329 342 346 349 352 (46.0)
167: 354 373 (42.0)
168: 332 (37.0)
169: 335 375 (42.0)
170: 351 357 363 (37.0)
171: 358 380 (49.0)
172: 356 359 364 369 390 (49.0)
173: 366 367 374 391 (40.0)
174: 360 376 (52.0)
175: 370 371 372 382 (50.0)
176: 378 399 400 (50.0)
177: 384 389 (54.0)
178: 365 368 381 (57.0)
179: 386 394 (51.0)
180: 383 387 388 392 (50.0)
181: 377 396 404 (50.0)
182: 379 385 411 (44.0)
183: 401 409 (52.0)
184: 397 403 (44.0)
185: 402 405 408 419 426 (50.0)
186: 395 398 410 420 (48.0)
187: 407 412 427 (50.0)
188: 406 417 437 (47.0)
189: 393 414 (30.0)
190: 421 422 423 (50.0)
191: 413 418 432 (42.0)
192: 415 429 449 (45.0)
193: 436 438 455 (49.0)
194: 425 428 433 (46.0)
195: 416 431 434 445 (50.0)
196: 442 451 452 (48.0)
197: 430 440 (52.0)
198: 424 443 469 (48.0)
199: 441 444 458 (48.0)
200: 435 439 461 (49.0)
201: 463 467 (51.0)
202: 447 448 456 462 (50.0)
203: 450 453 477 (49.0)
204: 464 465 466 (49.0)
205: 446 454 474 488 (46.0)
206: 468 472 475 (50.0)
207: 457 459 478 (49.0)
208: 470 476 480 (48.0)
209: 481 493 499 (48.0)
210: 491 494 (52.0)
211: 473 482 (48.0)
212: 460 483 486 492 (49.0)
213: 485 495 496 (48.0)
214: 471 479 487 497 (56.0)
215: 484 490 (50.0)
216: 489 498 (47.0)
