Name: 500-50-100
Time: 38.840938568115234 
Result: 114
Solution:  2 1 7 1 6 4 2 9 8 4 10 8 2 6 5 7 12 9 5 9 13 11 9 5 10 12 11 7 19 13 9 14 20 17 20 18 12 19 13 19 22 14 20 22 17 18 30 27 21 26 20 25 28 25 26 31 30 26 27 33 37 32 30 28 33 31 33 34 35 32 42 42 39 35 31 36 38 38 37 45 34 41 44 47 40 40 45 36 44 38 41 39 48 45 49 45 41 57 54 45 44 54 51 50 48 51 53 58 54 59 49 50 53 55 58 57 55 58 65 60 59 61 62 61 60 65 62 65 67 65 67 63 61 70 66 68 65 72 69 66 69 72 75 70 72 68 73 78 74 73 68 77 73 76 78 86 81 82 75 73 79 82 79 77 80 81 83 79 88 79 87 87 85 85 81 84 89 86 89 89 95 91 91 84 88 94 93 97 90 97 99 92 94 99 96 97 102 95 99 102 100 103 98 100 105 97 112 101 108 103 109 100 106 104 101 107 107 106 104 113 116 108 110 112 111 119 111 107 114 114 116 113 117 117 115 110 120 115 118 120 118 121 122 120 121 113 130 124 119 123 125 123 131 133 126 126 125 125 129 129 130 127 134 132 130 128 133 133 135 130 142 132 136 127 138 143 140 136 138 137 139 139 145 137 144 141 146 148 144 146 145 142 147 143 149 142 152 143 158 146 150 153 149 159 147 160 152 153 156 153 156 155 151 158 157 160 166 154 158 159 164 160 155 157 165 162 163 165 168 162 161 166 166 174 172 167 169 169 163 170 171 173 167 172 166 171 170 173 175 175 174 177 176 182 179 178 178 180 177 181 171 180 181 184 186 185 176 179 187 188 190 184 188 183 183 187 182 182 191 186 191 192 185 189 191 189 190 193 193 190 194 196 197 201 196 195 202 198 200 198 199 194 199 192 200 202 206 201 203 206 205 205 201 207 207 212 204 204 215 208 210 211 208 210 209 203 212 209 214 211 216 215 213 213 219 223 217 217 210 214 219 221 227 220 223 222 218 216 225 221 224 226 225 230 227 226 224 233 228 228 230 234 237 231 231 232 230 237 234 232 236 236 233 241 236 229 243 235 236 238 237 229 236 241 242 239 243 234 239 240 241 238 243 238 235 239 242 236 240 240
0: (0.0)
1: 1 3 (54.0)
2: 0 6 12 (52.0)
3: (0.0)
4: 5 9 (26.0)
5: 14 18 23 (99.0)
6: 4 13 (83.0)
7: 2 15 27 (76.0)
8: 8 11 (61.0)
9: 7 17 19 22 30 (79.0)
10: 10 24 (52.0)
11: 21 26 (78.0)
12: 16 25 36 (93.0)
13: 20 29 38 (63.0)
14: 31 41 (62.0)
15: (0.0)
16: (0.0)
17: 33 44 (74.0)
18: 35 45 (63.0)
19: 28 37 39 (61.0)
20: 32 34 42 50 (81.0)
21: 48 (49.0)
22: 40 43 (63.0)
23: (0.0)
24: (0.0)
25: 51 53 (50.0)
26: 49 54 57 (70.0)
27: 47 58 (65.0)
28: 52 63 (62.0)
29: (0.0)
30: 46 56 62 (64.0)
31: 55 65 74 (100.0)
32: 61 69 (66.0)
33: 59 64 66 (54.0)
34: 67 80 (92.0)
35: 68 73 (56.0)
36: 75 87 (61.0)
37: 60 78 (61.0)
38: 76 77 89 (96.0)
39: 72 91 (32.0)
40: 84 85 (57.0)
41: 81 90 96 (98.0)
42: 70 71 (56.0)
43: (0.0)
44: 82 88 100 (79.0)
45: 79 86 93 95 99 (108.0)
46: (0.0)
47: 83 (42.0)
48: 92 104 (54.0)
49: 94 110 (49.0)
50: 103 111 (58.0)
51: 102 105 (86.0)
52: (0.0)
53: 106 112 (62.0)
54: 98 101 108 (78.0)
55: 113 116 (65.0)
56: (0.0)
57: 97 115 (61.0)
58: 107 114 117 (67.0)
59: 109 120 (83.0)
60: 119 124 (87.0)
61: 121 123 132 (61.0)
62: 122 126 (55.0)
63: 131 (53.0)
64: (0.0)
65: 118 125 127 129 136 (113.0)
66: 134 139 (78.0)
67: 128 130 (49.0)
68: 135 145 150 (53.0)
69: 138 140 (54.0)
70: 133 143 (74.0)
71: (0.0)
72: 137 141 144 (114.0)
73: 146 149 152 159 (60.0)
74: 148 (52.0)
75: 142 158 (83.0)
76: 153 (52.0)
77: 151 163 (88.0)
78: 147 154 (90.0)
79: 160 162 167 169 (73.0)
80: 164 (52.0)
81: 156 165 174 (76.0)
82: 157 161 (81.0)
83: 166 (52.0)
84: 175 183 (63.0)
85: 172 173 (64.0)
86: 155 177 (50.0)
87: 170 171 (64.0)
88: 168 184 (82.0)
89: 176 178 179 (95.0)
90: 188 (65.0)
91: 181 182 (61.0)
92: 191 (55.0)
93: 186 (50.0)
94: 185 192 (79.0)
95: 180 197 (67.0)
96: 194 (55.0)
97: 187 189 195 205 (38.0)
98: 202 (53.0)
99: 190 193 198 (53.0)
100: 200 203 211 (52.0)
101: 207 214 (58.0)
102: 196 199 (77.0)
103: 201 209 (68.0)
104: 213 218 (70.0)
105: 204 (60.0)
106: 212 217 (93.0)
107: 215 216 227 (87.0)
108: 208 221 (70.0)
109: 210 (52.0)
110: 222 235 (58.0)
111: 224 226 (72.0)
112: 206 223 (91.0)
113: 219 231 245 (71.0)
114: 228 229 (71.0)
115: 234 237 (80.0)
116: 220 230 (97.0)
117: 232 233 (71.0)
118: 238 240 (78.0)
119: 225 248 (72.0)
120: 236 239 243 (84.0)
121: 241 244 (72.0)
122: 242 (65.0)
123: 249 251 (99.0)
124: 247 (56.0)
125: 250 256 257 (91.0)
126: 254 255 (76.0)
127: 261 273 (93.0)
128: 265 (67.0)
129: 258 259 (77.0)
130: 246 260 264 269 (77.0)
131: 252 (58.0)
132: 263 271 (53.0)
133: 253 266 267 (94.0)
134: 262 (55.0)
135: 268 (58.0)
136: 272 277 (41.0)
137: 279 283 (85.0)
138: 274 278 (78.0)
139: 280 281 (78.0)
140: 276 (69.0)
141: 285 (71.0)
142: 270 291 295 (96.0)
143: 275 293 297 (92.0)
144: 284 288 (75.0)
145: 282 290 (85.0)
146: 286 289 299 (98.0)
147: 292 304 (85.0)
148: 287 (64.0)
149: 294 302 (94.0)
150: 300 (72.0)
151: 312 (62.0)
152: 296 306 (85.0)
153: 301 307 309 (87.0)
154: 317 (78.0)
155: 311 322 (87.0)
156: 308 310 (89.0)
157: 314 323 (88.0)
158: 298 313 318 (78.0)
159: 303 319 (82.0)
160: 305 315 321 (86.0)
161: 330 (59.0)
162: 325 329 (58.0)
163: 326 338 (88.0)
164: 320 (70.0)
165: 324 327 (71.0)
166: 316 331 332 344 (75.0)
167: 335 342 (86.0)
168: 328 (76.0)
169: 336 337 (84.0)
170: 339 346 (92.0)
171: 340 345 360 (86.0)
172: 334 343 (84.0)
173: 341 347 (108.0)
174: 333 350 (92.0)
175: 348 349 (86.0)
176: 352 366 (97.0)
177: 351 358 (116.0)
178: 355 356 (97.0)
179: 354 367 (122.0)
180: 357 361 (94.0)
181: 359 362 (98.0)
182: 353 376 377 (96.0)
183: 373 374 (91.0)
184: 363 371 (87.0)
185: 365 382 (99.0)
186: 364 379 (100.0)
187: 368 375 (95.0)
188: 369 372 (80.0)
189: 383 385 (93.0)
190: 370 386 389 (109.0)
191: 378 380 384 (96.0)
192: 381 403 (93.0)
193: 387 388 (98.0)
194: 390 401 (91.0)
195: 395 (69.0)
196: 391 394 (88.0)
197: 392 (78.0)
198: 397 399 (92.0)
199: 400 402 (85.0)
200: 398 404 (90.0)
201: 393 407 412 (83.0)
202: 396 405 (94.0)
203: 408 425 (90.0)
204: 416 417 (94.0)
205: 410 411 (93.0)
206: 406 409 (100.0)
207: 413 414 (100.0)
208: 419 422 (97.0)
209: 424 427 (98.0)
210: 420 423 438 (103.0)
211: 421 429 (98.0)
212: 415 426 (100.0)
213: 432 433 (94.0)
214: 428 439 (92.0)
215: 418 431 (97.0)
216: 430 447 (86.0)
217: 436 437 (95.0)
218: 446 (88.0)
219: 434 440 (89.0)
220: 443 (59.0)
221: 441 449 (99.0)
222: 445 (73.0)
223: 435 444 (94.0)
224: 450 456 (94.0)
225: 448 452 (80.0)
226: 451 455 (96.0)
227: 442 454 (97.0)
228: 458 459 (97.0)
229: 475 481 (89.0)
230: 453 460 466 (140.0)
231: 463 464 (99.0)
232: 465 469 (103.0)
233: 457 472 (94.0)
234: 461 468 487 (100.0)
235: 477 494 (99.0)
236: 470 471 474 478 482 497 (100.0)
237: 462 467 480 (95.0)
238: 479 491 493 (95.0)
239: 485 488 495 (98.0)
240: 489 498 499 (99.0)
241: 473 483 490 (95.0)
242: 484 496 (61.0)
243: 476 486 492 (99.0)
