Name: 500-20-30
Time: 36.502238035202026 
Result: 38
Solution:  6 0 0 2 1 3 4 4 5 1 5 3 6 2 8 11 8 10 12 10 11 6 10 9 13 20 16 12 14 10 17 20 21 17 20 19 9 14 23 18 17 25 25 21 16 24 19 18 23 25 27 24 34 20 33 27 28 29 35 29 34 30 32 31 33 36 32 29 34 28 31 43 36 41 35 38 40 31 30 46 40 44 42 38 40 41 44 42 49 43 45 39 39 46 51 45 48 46 49 48 53 55 56 45 52 60 57 54 55 56 54 52 63 55 55 64 51 53 66 57 64 66 61 60 62 61 62 55 68 63 67 67 58 66 66 68 60 73 61 69 69 77 65 65 72 79 79 72 70 74 75 70 76 70 71 70 78 75 78 84 83 74 77 79 80 83 84 85 82 90 80 84 93 83 87 88 82 86 82 88 89 90 91 89 85 94 92 91 94 93 95 87 95 94 100 101 96 100 99 99 103 92 104 102 104 103 96 108 109 111 103 102 105 105 110 109 106 107 106 112 115 115 109 116 112 117 108 114 113 111 123 110 115 119 108 117 114 124 118 118 123 121 122 113 120 121 122 120 127 128 126 126 121 127 122 129 129 134 124 130 131 125 131 130 138 132 129 131 133 135 136 128 143 136 144 137 139 141 139 133 138 140 145 138 141 142 144 148 140 145 144 150 146 143 151 142 154 144 149 150 151 153 147 151 149 146 156 156 163 155 154 159 147 161 152 162 157 158 153 157 155 166 160 164 161 158 160 167 163 162 165 173 168 169 176 162 164 167 175 169 171 166 171 173 170 174 178 173 174 168 172 170 180 175 183 172 181 177 177 179 178 181 178 177 184 186 187 179 185 176 180 188 184 190 189 190 183 191 187 193 192 189 192 190 191 184 194 192 197 188 184 196 195 187 199 193 199 197 196 192 187 194 201 201 205 195 202 202 197 201 204 201 199 200 198 198 204 200 198 203 203 195 211 207 202 205 205 206 207 202 209 209 205 208 209 209 203 213 206 210 206 211 210 204 219 217 215 208 212 208 211 221 220 219 214 216 214 212 211 216 213 217 214 219 219 212 218 225 220 212 215 222 222 220 226 218 223 222 219 226 225 215 219 228 226 224 224 224 220 222 227 227 223 228 221 226 229 223 226 229
0: 1 2 (25.0)
1: 4 9 (15.0)
2: 3 13 (16.0)
3: 5 11 (25.0)
4: 6 7 (20.0)
5: 8 10 (20.0)
6: 0 12 21 (27.0)
7: (0.0)
8: 14 16 (27.0)
9: 23 36 (29.0)
10: 17 19 22 29 (27.0)
11: 15 20 (19.0)
12: 18 27 (20.0)
13: 24 (14.0)
14: 28 37 (12.0)
15: (0.0)
16: 26 44 (24.0)
17: 30 33 40 (30.0)
18: 39 47 (23.0)
19: 35 46 (22.0)
20: 25 31 34 53 (34.0)
21: 32 43 (19.0)
22: (0.0)
23: 38 48 (27.0)
24: 45 51 (17.0)
25: 41 42 49 (27.0)
26: (0.0)
27: 50 55 (27.0)
28: 56 69 (30.0)
29: 57 59 67 (20.0)
30: 61 78 (25.0)
31: 63 70 77 (15.0)
32: 62 66 (27.0)
33: 54 64 (18.0)
34: 52 60 68 (21.0)
35: 58 74 (25.0)
36: 65 72 (31.0)
37: (0.0)
38: 75 83 (17.0)
39: 91 92 (30.0)
40: 76 80 84 (33.0)
41: 73 85 (18.0)
42: 82 87 (29.0)
43: 71 89 (27.0)
44: 81 86 (21.0)
45: 90 95 103 (18.0)
46: 79 93 97 (20.0)
47: (0.0)
48: 96 99 (24.0)
49: 88 98 (26.0)
50: (0.0)
51: 94 116 (23.0)
52: 104 111 (20.0)
53: 100 117 (31.0)
54: 107 110 (27.0)
55: 101 108 113 114 127 (26.0)
56: 102 109 (30.0)
57: 106 119 (32.0)
58: 132 (18.0)
59: (0.0)
60: 105 123 136 (21.0)
61: 122 125 138 (25.0)
62: 124 126 (33.0)
63: 112 129 (24.0)
64: 115 120 (32.0)
65: 142 143 (23.0)
66: 118 121 133 134 (22.0)
67: 130 131 (22.0)
68: 128 135 (29.0)
69: 139 140 (29.0)
70: 148 151 153 155 (15.0)
71: 154 (22.0)
72: 144 147 (27.0)
73: 137 (20.0)
74: 149 161 (31.0)
75: 150 157 (30.0)
76: 152 (20.0)
77: 141 162 (21.0)
78: 156 158 (23.0)
79: 145 146 163 (26.0)
80: 164 170 (30.0)
81: (0.0)
82: 168 176 178 (19.0)
83: 160 165 173 (22.0)
84: 159 166 171 (27.0)
85: 167 184 (34.0)
86: 177 (22.0)
87: 174 191 (30.0)
88: 175 179 (26.0)
89: 180 183 (35.0)
90: 169 181 (20.0)
91: 182 187 (21.0)
92: 186 201 (26.0)
93: 172 189 (29.0)
94: 185 188 193 (21.0)
95: 190 192 (30.0)
96: 196 206 (26.0)
97: (0.0)
98: (0.0)
99: 198 199 (24.0)
100: 194 197 (27.0)
101: 195 (12.0)
102: 203 211 (32.0)
103: 200 205 210 (29.0)
104: 202 204 (19.0)
105: 212 213 (24.0)
106: 216 218 (17.0)
107: 217 (19.0)
108: 207 226 234 (32.0)
109: 208 215 222 (17.0)
110: 214 231 (25.0)
111: 209 229 (29.0)
112: 219 224 (26.0)
113: 228 243 (34.0)
114: 227 236 (32.0)
115: 220 221 232 (28.0)
116: 223 (20.0)
117: 225 235 (20.0)
118: 238 239 (25.0)
119: 233 (22.0)
120: 244 247 (24.0)
121: 241 245 252 (29.0)
122: 242 246 254 (30.0)
123: 230 240 (29.0)
124: 237 258 (25.0)
125: 261 (23.0)
126: 250 251 (25.0)
127: 248 253 (28.0)
128: 249 271 (33.0)
129: 255 256 266 (28.0)
130: 259 263 (29.0)
131: 260 262 267 (30.0)
132: 265 (21.0)
133: 268 279 (21.0)
134: 257 (22.0)
135: 269 (21.0)
136: 270 273 (26.0)
137: 275 (20.0)
138: 264 280 283 (28.0)
139: 276 278 (24.0)
140: 281 288 (32.0)
141: 277 284 (28.0)
142: 285 295 (28.0)
143: 272 293 (22.0)
144: 274 286 290 297 (21.0)
145: 282 289 (23.0)
146: 292 305 (29.0)
147: 302 312 (34.0)
148: 287 (23.0)
149: 298 304 (30.0)
150: 291 299 (30.0)
151: 294 300 303 (29.0)
152: 314 (20.0)
153: 301 318 (35.0)
154: 296 310 (28.0)
155: 309 320 (27.0)
156: 306 307 (27.0)
157: 316 319 (21.0)
158: 317 325 (32.0)
159: 311 (23.0)
160: 322 326 (28.0)
161: 313 324 (20.0)
162: 315 329 335 (22.0)
163: 308 328 (30.0)
164: 323 336 (27.0)
165: 330 (22.0)
166: 321 341 (31.0)
167: 327 337 (27.0)
168: 332 349 (31.0)
169: 333 339 (32.0)
170: 344 351 (28.0)
171: 340 342 (31.0)
172: 350 355 (33.0)
173: 331 343 347 (30.0)
174: 345 348 (20.0)
175: 338 353 (25.0)
176: 334 369 (33.0)
177: 357 358 363 (50.0)
178: 346 360 362 (42.0)
179: 359 367 (28.0)
180: 352 370 (25.0)
181: 356 361 (24.0)
182: (0.0)
183: 354 376 (26.0)
184: 364 372 385 390 (20.0)
185: 368 (16.0)
186: 365 (25.0)
187: 366 378 393 400 (29.0)
188: 371 389 (29.0)
189: 374 381 (29.0)
190: 373 375 383 (30.0)
191: 377 384 (33.0)
192: 380 382 387 399 (31.0)
193: 379 395 (30.0)
194: 386 401 (27.0)
195: 392 405 421 (30.0)
196: 391 398 (29.0)
197: 388 397 408 (30.0)
198: 414 415 418 (30.0)
199: 394 396 412 (28.0)
200: 413 417 (23.0)
201: 402 403 409 411 (29.0)
202: 406 407 424 429 (29.0)
203: 419 420 436 (38.0)
204: 410 416 443 (28.0)
205: 404 425 426 432 (30.0)
206: 427 438 440 (30.0)
207: 423 428 (28.0)
208: 433 447 449 (30.0)
209: 430 431 434 435 (31.0)
210: 439 442 (32.0)
211: 422 441 450 458 (32.0)
212: 448 457 465 469 (30.0)
213: 437 460 (30.0)
214: 454 456 462 (30.0)
215: 446 470 481 (28.0)
216: 455 459 (28.0)
217: 445 461 (37.0)
218: 466 475 (32.0)
219: 444 453 463 464 478 482 (30.0)
220: 452 468 473 488 (26.0)
221: 451 494 (35.0)
222: 471 472 477 489 (30.0)
223: 476 492 497 (30.0)
224: 485 486 487 (30.0)
225: 467 480 (37.0)
226: 474 479 484 495 498 (30.0)
227: 490 491 (28.0)
228: 483 493 (26.0)
229: 496 499 (27.0)
