Name: 500-20-30
Time: 38.31107521057129 
Result: 35
Solution:  5 0 7 3 5 4 2 1 11 1 8 2 9 4 12 16 10 0 12 7 11 9 3 8 10 15 13 17 14 15 18 22 23 19 18 17 16 14 24 22 17 26 25 16 29 22 19 20 24 25 23 25 31 20 27 30 28 35 26 25 29 35 39 29 31 34 33 27 33 32 32 28 30 41 34 40 37 35 45 45 40 42 41 46 46 39 43 47 53 43 47 40 48 41 50 46 49 42 52 48 51 50 57 53 55 58 52 53 58 54 60 59 62 57 54 58 59 61 57 61 56 62 55 69 66 58 67 54 63 59 68 64 65 68 63 64 68 70 66 67 69 75 73 71 72 72 77 71 75 74 81 75 76 73 79 75 77 78 74 81 73 82 82 79 85 78 88 80 87 84 80 85 87 83 90 86 83 89 83 86 95 83 94 93 84 88 91 90 93 94 95 88 92 93 94 100 96 91 99 101 103 102 103 102 105 103 99 106 107 100 104 105 104 101 111 106 109 108 106 115 118 109 114 119 113 107 114 112 111 113 118 108 114 116 112 120 117 120 123 115 115 117 130 121 121 121 122 120 125 129 131 122 123 124 128 129 130 126 127 128 130 125 130 133 139 132 131 133 139 134 134 127 141 135 139 136 138 139 141 135 131 140 144 137 138 143 146 142 137 144 145 140 146 143 146 145 152 146 147 149 151 151 148 150 148 159 155 149 159 153 154 156 147 154 162 154 150 158 155 153 160 163 158 164 157 157 160 164 166 160 165 174 166 163 161 162 169 169 167 168 170 171 170 174 167 172 176 173 171 172 181 180 175 173 183 174 178 177 181 179 187 176 182 179 183 185 187 184 188 180 178 186 182 191 190 182 183 188 189 189 184 192 193 191 193 185 192 191 195 186 194 197 195 197 198 196 200 196 196 201 194 192 194 199 204 199 194 205 199 199 201 205 198 198 207 201 199 197 200 203 204 208 208 207 202 203 205 202 210 202 212 206 205 209 203 207 202 207 204 206 218 209 207 211 210 209 221 210 213 211 211 218 217 217 214 215 213 208 215 217 212 216 219 219 222 211 213 223 217 217 222 220 227 216 214 225 224 228 219 222 225 214 222 219 217 228 226 220 220 223 226 226 224 227 221 228 229 224 223 229
0: 1 17 (18.0)
1: 7 9 (26.0)
2: 6 11 (14.0)
3: 3 22 (12.0)
4: 5 13 (24.0)
5: 0 4 (13.0)
6: (0.0)
7: 2 19 (15.0)
8: 10 23 (25.0)
9: 12 21 (19.0)
10: 16 24 (28.0)
11: 8 20 (22.0)
12: 14 18 (31.0)
13: 26 (18.0)
14: 28 37 (12.0)
15: 25 29 (20.0)
16: 15 36 43 (28.0)
17: 27 35 40 (27.0)
18: 30 34 (17.0)
19: 33 46 (15.0)
20: 47 53 (28.0)
21: (0.0)
22: 31 39 45 (32.0)
23: 32 50 (30.0)
24: 38 48 (27.0)
25: 42 49 51 59 (26.0)
26: 41 58 (25.0)
27: 54 67 (20.0)
28: 56 71 (31.0)
29: 44 60 63 (22.0)
30: 55 72 (25.0)
31: 52 64 (12.0)
32: 69 70 (20.0)
33: 66 68 (19.0)
34: 65 74 (25.0)
35: 57 61 77 (21.0)
36: (0.0)
37: 76 (18.0)
38: (0.0)
39: 62 85 (27.0)
40: 75 80 91 (36.0)
41: 73 82 93 (29.0)
42: 81 97 (17.0)
43: 86 89 (18.0)
44: (0.0)
45: 78 79 (21.0)
46: 83 84 95 (20.0)
47: 87 90 (17.0)
48: 92 99 (18.0)
49: 96 (18.0)
50: 94 101 (20.0)
51: 100 (17.0)
52: 98 106 (30.0)
53: 88 103 107 (27.0)
54: 109 114 127 (29.0)
55: 104 122 (25.0)
56: 120 (17.0)
57: 102 113 118 (21.0)
58: 105 108 115 125 (31.0)
59: 111 116 129 (17.0)
60: 110 (19.0)
61: 117 119 (32.0)
62: 112 121 (23.0)
63: 128 134 (25.0)
64: 131 135 (22.0)
65: 132 (18.0)
66: 124 138 (27.0)
67: 126 139 (28.0)
68: 130 133 136 (19.0)
69: 123 140 (32.0)
70: 137 (20.0)
71: 143 147 (27.0)
72: 144 145 (23.0)
73: 142 153 160 (22.0)
74: 149 158 (29.0)
75: 141 148 151 155 (17.0)
76: 152 (20.0)
77: 146 156 (20.0)
78: 157 165 (20.0)
79: 154 163 (29.0)
80: 167 170 (30.0)
81: 150 159 (29.0)
82: 161 162 (30.0)
83: 173 176 178 181 (21.0)
84: 169 184 (33.0)
85: 164 171 (23.0)
86: 175 179 (26.0)
87: 168 172 (28.0)
88: 166 185 191 (29.0)
89: 177 (22.0)
90: 174 187 (28.0)
91: 186 197 (25.0)
92: 192 (22.0)
93: 183 188 193 (33.0)
94: 182 189 194 (29.0)
95: 180 190 (26.0)
96: 196 (9.0)
97: (0.0)
98: (0.0)
99: 198 206 (29.0)
100: 195 209 (31.0)
101: 199 213 (20.0)
102: 201 203 (35.0)
103: 200 202 205 (23.0)
104: 210 212 (27.0)
105: 204 211 (27.0)
106: 207 215 218 (25.0)
107: 208 225 (18.0)
108: 217 231 (27.0)
109: 216 221 (14.0)
110: (0.0)
111: 214 228 (32.0)
112: 227 234 (36.0)
113: 224 229 (22.0)
114: 222 226 232 (15.0)
115: 219 239 240 (30.0)
116: 233 (22.0)
117: 236 241 (27.0)
118: 220 230 (34.0)
119: 223 (20.0)
120: 235 237 247 (29.0)
121: 243 244 245 (44.0)
122: 246 251 (29.0)
123: 238 252 (25.0)
124: 253 (22.0)
125: 248 261 (29.0)
126: 257 (22.0)
127: 258 271 (28.0)
128: 254 259 (22.0)
129: 249 255 (35.0)
130: 242 256 260 262 (22.0)
131: 250 266 280 (26.0)
132: 265 (21.0)
133: 263 267 (35.0)
134: 269 270 (33.0)
135: 273 279 (30.0)
136: 275 (20.0)
137: 283 288 (29.0)
138: 276 284 (30.0)
139: 264 268 274 277 (28.0)
140: 281 291 (36.0)
141: 272 278 (22.0)
142: 287 (23.0)
143: 285 293 (20.0)
144: 282 289 (23.0)
145: 290 295 (27.0)
146: 286 292 294 297 (32.0)
147: 298 312 (34.0)
148: 302 304 (30.0)
149: 299 307 (27.0)
150: 303 316 (22.0)
151: 300 301 (27.0)
152: 296 (24.0)
153: 309 319 (27.0)
154: 310 313 315 (19.0)
155: 306 318 (28.0)
156: 311 (23.0)
157: 324 325 (27.0)
158: 317 322 (40.0)
159: 305 308 (23.0)
160: 320 326 329 (24.0)
161: 334 (21.0)
162: 314 335 (27.0)
163: 321 333 (31.0)
164: 323 327 (26.0)
165: 330 (22.0)
166: 328 332 (31.0)
167: 338 344 (28.0)
168: 339 (17.0)
169: 336 337 (28.0)
170: 340 342 (31.0)
171: 341 348 (24.0)
172: 345 349 (30.0)
173: 347 353 (29.0)
174: 331 343 355 (31.0)
175: 352 (14.0)
176: 346 361 (25.0)
177: 357 (16.0)
178: 356 370 (23.0)
179: 359 363 (24.0)
180: 351 369 (23.0)
181: 350 358 (36.0)
182: 362 372 375 (22.0)
183: 354 364 376 (29.0)
184: 367 380 (37.0)
185: 365 385 (29.0)
186: 371 389 (29.0)
187: 360 366 (25.0)
188: 368 377 (31.0)
189: 378 379 (29.0)
190: 374 (26.0)
191: 373 383 387 (30.0)
192: 381 386 401 (30.0)
193: 382 384 (26.0)
194: 390 400 402 406 (29.0)
195: 388 392 (30.0)
196: 395 397 398 (35.0)
197: 391 393 417 (27.0)
198: 394 412 413 (30.0)
199: 403 405 408 409 416 (34.0)
200: 396 418 (27.0)
201: 399 410 415 (25.0)
202: 424 427 429 436 (30.0)
203: 419 425 434 (33.0)
204: 404 420 438 (30.0)
205: 407 411 426 432 (31.0)
206: 431 439 (30.0)
207: 414 423 435 437 442 (33.0)
208: 421 422 457 (29.0)
209: 433 441 445 (38.0)
210: 428 444 447 (30.0)
211: 443 449 450 465 (30.0)
212: 430 460 (29.0)
213: 448 456 466 (26.0)
214: 454 474 481 (30.0)
215: 455 458 (30.0)
216: 461 473 (30.0)
217: 452 453 459 468 469 484 (30.0)
218: 440 451 (32.0)
219: 462 463 478 483 (30.0)
220: 471 487 488 (30.0)
221: 446 494 (31.0)
222: 464 470 479 482 (29.0)
223: 467 489 498 (29.0)
224: 476 492 497 (30.0)
225: 475 480 (35.0)
226: 486 490 491 (30.0)
227: 472 493 (30.0)
228: 477 485 495 (22.0)
229: 496 499 (27.0)
