Name: 500-60-125
Time: 35.644142866134644 
Result: 118
Solution:  0 0 3 5 2 4 10 2 1 7 1 6 5 4 10 8 7 10 9 13 3 14 6 9 9 12 17 13 19 10 14 16 16 13 15 17 18 12 18 14 20 24 23 21 27 29 21 24 15 20 17 27 25 28 24 19 32 25 23 32 28 28 30 36 34 32 30 31 31 33 35 33 33 36 35 32 37 39 39 34 39 40 41 39 43 45 48 40 43 48 44 42 46 50 48 44 47 51 46 49 51 53 58 49 45 53 52 52 55 53 55 50 50 56 57 60 61 57 62 64 61 59 66 63 61 64 62 59 65 60 65 66 66 71 63 67 68 68 78 74 65 70 72 76 66 72 73 73 74 75 71 69 69 78 76 74 82 80 73 76 81 81 84 77 82 83 85 82 79 85 86 87 84 91 89 83 87 84 86 91 89 92 96 88 96 92 93 97 91 99 95 88 90 100 95 90 94 97 97 98 102 105 103 103 105 100 103 104 112 102 101 98 106 107 97 107 104 106 111 108 113 111 109 108 109 104 109 107 107 110 108 107 107 114 115 112 113 115 114 110 113 116 116 116 118 115 113 124 113 122 121 122 118 112 124 117 120 119 127 123 120 128 126 128 127 127 117 118 119 122 125 126 119 128 126 124 127 130 131 128 123 129 130 129 125 131 129 139 129 126 131 130 135 132 136 131 136 136 136 134 127 140 133 129 135 142 135 135 139 143 137 133 140 143 137 138 137 138 133 143 141 149 138 145 140 142 146 148 146 147 152 140 150 145 144 145 150 144 151 149 139 151 150 150 155 146 153 152 158 157 152 152 158 148 154 151 147 157 158 156 162 149 153 155 156 154 156 155 162 159 151 153 160 164 154 159 161 157 161 160 159 158 167 163 165 160 164 160 166 165 162 163 168 172 165 168 167 173 171 169 167 168 167 175 161 164 170 169 173 171 166 178 177 174 170 182 182 180 172 173 180 175 174 172 176 178 178 178 179 179 180 175 184 177 181 181 181 180 179 175 186 184 182 183 176 176 185 186 183 186 186 177 189 188 188 184 187 189 188 194 185 193 190 190 197 192 187 191 187 193 191 192 199 194 197 194 195 189 195 195 197 187 200 191 196 190 201 198 197 193 193 200 192 198 198 197 201 199 198 196
0: 0 1 (60.0)
1: 8 10 (63.0)
2: 4 7 (63.0)
3: 2 20 (51.0)
4: 5 13 (88.0)
5: 3 12 (61.0)
6: 11 22 (80.0)
7: 9 16 (64.0)
8: 15 (32.0)
9: 18 23 24 (73.0)
10: 6 14 17 29 (85.0)
11: (0.0)
12: 25 37 (71.0)
13: 19 27 33 (106.0)
14: 21 30 39 (61.0)
15: 34 48 (65.0)
16: 31 32 (78.0)
17: 26 35 50 (64.0)
18: 36 38 (95.0)
19: 28 55 (102.0)
20: 40 49 (83.0)
21: 43 46 (87.0)
22: (0.0)
23: 42 58 (83.0)
24: 41 47 54 (63.0)
25: 52 57 (80.0)
26: (0.0)
27: 44 51 (48.0)
28: 53 60 61 (97.0)
29: 45 (62.0)
30: 62 66 (60.0)
31: 67 68 (100.0)
32: 56 59 65 75 (81.0)
33: 69 71 72 (74.0)
34: 64 79 (99.0)
35: 70 74 (102.0)
36: 63 73 (75.0)
37: 76 (49.0)
38: (0.0)
39: 77 78 80 83 (78.0)
40: 81 87 (110.0)
41: 82 (63.0)
42: 91 (61.0)
43: 84 88 (77.0)
44: 90 95 (70.0)
45: 85 104 (102.0)
46: 92 98 (85.0)
47: 96 (56.0)
48: 86 89 94 (63.0)
49: 99 103 (47.0)
50: 93 111 112 (61.0)
51: 97 100 (64.0)
52: 106 107 (76.0)
53: 101 105 109 (80.0)
54: (0.0)
55: 108 110 (95.0)
56: 113 (68.0)
57: 114 117 (84.0)
58: 102 (69.0)
59: 121 127 (72.0)
60: 115 129 (104.0)
61: 116 120 124 (74.0)
62: 118 126 (99.0)
63: 123 134 (71.0)
64: 119 125 (86.0)
65: 128 130 140 (109.0)
66: 122 131 132 144 (122.0)
67: 135 (71.0)
68: 136 137 (80.0)
69: 151 152 (66.0)
70: 141 (66.0)
71: 133 150 (103.0)
72: 142 145 (79.0)
73: 146 147 158 (122.0)
74: 139 148 155 (117.0)
75: 149 (63.0)
76: 143 154 159 (105.0)
77: 163 (61.0)
78: 138 153 (69.0)
79: 168 (62.0)
80: 157 (65.0)
81: 160 161 (83.0)
82: 156 164 167 (69.0)
83: 165 175 (99.0)
84: 162 172 177 (78.0)
85: 166 169 (91.0)
86: 170 178 (88.0)
87: 171 176 (89.0)
88: 183 191 (79.0)
89: 174 180 (74.0)
90: 192 195 (81.0)
91: 173 179 188 (116.0)
92: 181 185 (83.0)
93: 186 (65.0)
94: 196 (60.0)
95: 190 194 (92.0)
96: 182 184 (97.0)
97: 187 197 198 214 (108.0)
98: 199 211 (63.0)
99: 189 (76.0)
100: 193 205 (96.0)
101: 210 (90.0)
102: 200 209 (68.0)
103: 202 203 206 (102.0)
104: 207 216 225 (106.0)
105: 201 204 (95.0)
106: 212 217 (98.0)
107: 213 215 227 228 231 232 (111.0)
108: 219 223 230 (99.0)
109: 222 224 226 (78.0)
110: 229 239 (107.0)
111: 218 221 (108.0)
112: 208 235 253 (113.0)
113: 220 236 240 246 248 (98.0)
114: 233 238 (95.0)
115: 234 237 245 (106.0)
116: 241 242 243 (111.0)
117: 255 266 (77.0)
118: 244 252 267 (105.0)
119: 257 268 272 (100.0)
120: 256 260 (79.0)
121: 250 (60.0)
122: 249 251 269 (112.0)
123: 259 280 (99.0)
124: 247 254 275 (121.0)
125: 270 284 (76.0)
126: 262 271 274 289 (121.0)
127: 258 264 265 276 300 (118.0)
128: 261 263 273 279 (106.0)
129: 281 283 286 288 303 (124.0)
130: 277 282 291 (79.0)
131: 278 285 290 295 (99.0)
132: 293 (66.0)
133: 302 311 318 (98.0)
134: 299 (77.0)
135: 292 304 306 307 (121.0)
136: 294 296 297 298 (111.0)
137: 310 314 316 (122.0)
138: 315 317 322 (95.0)
139: 287 308 340 (105.0)
140: 301 312 324 331 (97.0)
141: 320 (98.0)
142: 305 325 (101.0)
143: 309 313 319 (108.0)
144: 334 337 (70.0)
145: 323 333 335 (123.0)
146: 326 328 345 (117.0)
147: 329 356 (94.0)
148: 327 353 (118.0)
149: 321 339 361 (77.0)
150: 332 336 342 343 (125.0)
151: 338 341 355 370 (112.0)
152: 330 347 350 351 (118.0)
153: 346 362 371 (94.0)
154: 354 365 374 (98.0)
155: 344 363 367 (116.0)
156: 359 364 366 (96.0)
157: 349 357 377 (119.0)
158: 348 352 358 381 (114.0)
159: 369 375 380 (120.0)
160: 372 379 385 387 (110.0)
161: 376 378 404 (103.0)
162: 360 368 390 (105.0)
163: 383 391 (115.0)
164: 373 386 405 (117.0)
165: 384 389 394 (121.0)
166: 388 410 (123.0)
167: 382 396 400 402 (109.0)
168: 392 395 401 (108.0)
169: 399 407 (123.0)
170: 406 414 (105.0)
171: 398 409 (79.0)
172: 393 418 423 (121.0)
173: 397 408 419 (118.0)
174: 413 422 (100.0)
175: 403 421 431 439 (150.0)
176: 424 444 445 (125.0)
177: 412 433 451 (123.0)
178: 411 425 426 427 (124.0)
179: 428 429 438 (108.0)
180: 417 420 430 437 (125.0)
181: 434 435 436 (119.0)
182: 415 416 442 (124.0)
183: 443 448 (118.0)
184: 432 441 455 (118.0)
185: 446 460 (115.0)
186: 440 447 449 450 (123.0)
187: 456 466 468 481 (123.0)
188: 453 454 458 (121.0)
189: 452 457 477 (123.0)
190: 462 463 485 (124.0)
191: 467 470 483 (119.0)
192: 465 471 492 (139.0)
193: 461 469 489 490 (124.0)
194: 459 473 475 (120.0)
195: 476 478 479 (121.0)
196: 484 499 (123.0)
197: 464 474 480 488 495 (124.0)
198: 487 493 494 498 (124.0)
199: 472 497 (125.0)
200: 482 491 (121.0)
201: 486 496 (121.0)
