Name: 500-50-100
Time: 20.28128743171692 
Result: 223107
Solution:  0 2 0 2 1 0 3 8 1 4 11 3 4 7 4 9 11 7 12 8 14 15 11 14 13 4 12 14 21 19 9 15 19 16 22 16 14 16 21 25 13 23 19 21 25 22 30 19 24 31 26 23 30 22 29 31 27 26 29 34 37 37 32 33 33 32 36 35 36 38 27 42 39 36 38 42 38 34 39 43 41 35 42 40 39 40 51 43 44 46 45 41 48 46 44 55 44 52 54 48 45 52 47 51 52 55 54 59 51 58 47 54 55 56 57 57 61 63 63 56 62 58 61 60 60 58 59 65 64 66 65 67 63 65 66 71 68 70 69 69 72 72 77 77 64 71 70 73 75 80 71 68 69 74 82 79 82 79 76 73 80 85 76 81 78 79 84 80 86 81 87 89 90 87 87 90 88 85 89 89 88 91 91 86 96 92 92 96 95 95 90 98 99 97 94 99 103 91 96 97 101 105 100 102 108 107 103 101 102 101 104 108 109 110 107 105 106 109 112 107 106 102 111 112 114 114 111 110 116 113 113 110 117 115 120 113 117 117 120 121 118 122 122 121 129 126 125 119 126 123 125 124 134 133 125 127 120 121 131 127 127 123 128 131 128 138 133 133 132 130 136 132 135 130 137 142 140 137 138 135 141 139 137 136 139 141 146 145 143 145 144 144 146 146 142 144 148 145 154 147 149 149 150 151 150 155 161 154 152 153 155 156 153 159 157 160 159 158 162 156 169 159 163 164 160 157 164 161 166 159 167 163 169 172 170 166 168 163 165 173 171 176 174 168 165 179 174 172 176 175 171 171 178 183 180 177 173 175 177 182 183 180 182 181 181 189 178 183 189 185 187 184 188 179 188 184 186 190 191 196 191 185 186 192 191 192 187 189 195 190 194 194 193 193 195 196 206 200 199 199 198 198 202 200 203 197 197 207 202 205 206 203 201 201 204 208 204 210 215 210 210 211 212 207 205 214 207 211 214 209 220 215 216 216 217 213 219 219 217 225 220 226 217 221 221 227 222 218 224 218 223 223 228 232 224 225 229 228 233 226 232 238 231 231 237 232 229 230 241 230 236 235 241 230 235 233 236 239 237 238 234 235 239 240 240 241 238 237 243 240 242 239 234 236 235 234 243 237 243 242
0: 0 2 5 (53.0)
1: 4 8 (74.0)
2: 1 3 (54.0)
3: 6 11 (52.0)
4: 9 12 14 25 (70.0)
5: (0.0)
6: (0.0)
7: 13 17 (57.0)
8: 7 19 (36.0)
9: 15 30 (39.0)
10: (0.0)
11: 10 16 22 (70.0)
12: 18 26 (74.0)
13: 24 40 (67.0)
14: 20 23 27 36 (99.0)
15: 21 31 (90.0)
16: 33 35 37 (97.0)
17: (0.0)
18: (0.0)
19: 29 32 42 47 (101.0)
20: (0.0)
21: 28 38 43 (67.0)
22: 34 45 53 (63.0)
23: 41 51 (42.0)
24: 48 (49.0)
25: 39 44 (62.0)
26: 50 57 (71.0)
27: 56 70 (40.0)
28: (0.0)
29: 54 58 (61.0)
30: 46 52 (54.0)
31: 49 55 (36.0)
32: 62 65 (52.0)
33: 63 64 (60.0)
34: 59 77 (53.0)
35: 67 81 (58.0)
36: 66 68 73 (65.0)
37: 60 61 (56.0)
38: 69 74 76 (101.0)
39: 72 78 84 (66.0)
40: 83 85 (82.0)
41: 80 91 (60.0)
42: 71 75 82 (63.0)
43: 79 87 (69.0)
44: 88 94 96 (89.0)
45: 90 100 (90.0)
46: 89 93 (59.0)
47: 102 110 (62.0)
48: 92 99 (62.0)
49: (0.0)
50: (0.0)
51: 86 103 108 (61.0)
52: 97 101 104 (42.0)
53: (0.0)
54: 98 106 111 (106.0)
55: 95 105 112 (106.0)
56: 113 119 (72.0)
57: 114 115 (60.0)
58: 109 121 125 (55.0)
59: 107 126 (62.0)
60: 123 124 (83.0)
61: 116 122 (58.0)
62: 120 (53.0)
63: 117 118 132 (55.0)
64: 128 144 (87.0)
65: 127 130 133 (84.0)
66: 129 134 (63.0)
67: 131 (53.0)
68: 136 151 (77.0)
69: 138 139 152 (74.0)
70: 137 146 (52.0)
71: 135 145 150 (53.0)
72: 140 141 (63.0)
73: 147 159 (59.0)
74: 153 (52.0)
75: 148 (52.0)
76: 158 162 (68.0)
77: 142 143 (63.0)
78: 164 (52.0)
79: 155 157 165 (60.0)
80: 149 160 167 (38.0)
81: 163 169 (66.0)
82: 154 156 (78.0)
83: (0.0)
84: 166 (52.0)
85: 161 177 (83.0)
86: 168 183 (73.0)
87: 170 173 174 (97.0)
88: 176 180 (68.0)
89: 171 178 179 (99.0)
90: 172 175 190 (73.0)
91: 181 182 197 (90.0)
92: 185 186 (74.0)
93: (0.0)
94: 194 (55.0)
95: 188 189 (67.0)
96: 184 187 198 (87.0)
97: 193 199 (51.0)
98: 191 (55.0)
99: 192 195 (67.0)
100: 202 (53.0)
101: 200 207 209 (62.0)
102: 203 208 221 (85.0)
103: 196 206 (84.0)
104: 210 (52.0)
105: 201 215 (81.0)
106: 216 220 (70.0)
107: 205 214 219 (68.0)
108: 204 211 (77.0)
109: 212 217 (93.0)
110: 213 227 231 (80.0)
111: 222 226 (63.0)
112: 218 223 (91.0)
113: 229 230 235 (93.0)
114: 224 225 (70.0)
115: 233 (57.0)
116: 228 (59.0)
117: 232 236 237 (86.0)
118: 240 (51.0)
119: 247 (56.0)
120: 234 238 256 (97.0)
121: 239 243 257 (98.0)
122: 241 242 (87.0)
123: 249 261 (86.0)
124: 251 (60.0)
125: 246 250 254 (99.0)
126: 245 248 (60.0)
127: 255 259 260 (80.0)
128: 262 264 (65.0)
129: 244 (50.0)
130: 269 273 (65.0)
131: 258 263 (59.0)
132: 268 271 (89.0)
133: 253 266 267 (94.0)
134: 252 (58.0)
135: 272 279 (78.0)
136: 270 283 (86.0)
137: 274 277 282 (94.0)
138: 265 278 (99.0)
139: 281 284 (61.0)
140: 276 (69.0)
141: 280 285 (95.0)
142: 275 294 (96.0)
143: 288 (68.0)
144: 290 291 295 (95.0)
145: 287 289 297 (100.0)
146: 286 292 293 (94.0)
147: 299 (72.0)
148: 296 (55.0)
149: 300 301 (80.0)
150: 302 304 (71.0)
151: 303 (51.0)
152: 308 (53.0)
153: 309 312 (90.0)
154: 298 307 (59.0)
155: 305 310 (76.0)
156: 311 319 (76.0)
157: 314 325 (99.0)
158: 317 (78.0)
159: 313 316 321 329 (42.0)
160: 315 324 (66.0)
161: 306 327 (69.0)
162: 318 (51.0)
163: 322 331 337 (91.0)
164: 323 326 (84.0)
165: 338 344 (75.0)
166: 328 335 (91.0)
167: 330 (59.0)
168: 336 343 (75.0)
169: 320 332 (85.0)
170: 334 (69.0)
171: 340 350 351 (98.0)
172: 333 347 (103.0)
173: 339 356 (100.0)
174: 342 346 (123.0)
175: 349 357 (92.0)
176: 341 348 (95.0)
177: 355 358 (89.0)
178: 352 366 (97.0)
179: 345 373 (93.0)
180: 354 361 (117.0)
181: 363 364 (98.0)
182: 359 362 (98.0)
183: 353 360 367 (98.0)
184: 371 375 (99.0)
185: 369 381 (89.0)
186: 376 382 (96.0)
187: 370 386 (91.0)
188: 372 374 (104.0)
189: 365 368 387 (97.0)
190: 377 389 (98.0)
191: 378 380 384 (96.0)
192: 383 385 (93.0)
193: 392 393 (91.0)
194: 390 391 (91.0)
195: 388 394 (95.0)
196: 379 395 (95.0)
197: 405 406 (89.0)
198: 400 401 (92.0)
199: 398 399 (92.0)
200: 397 403 (83.0)
201: 412 413 (93.0)
202: 402 408 (88.0)
203: 404 411 (93.0)
204: 414 416 (99.0)
205: 409 424 (96.0)
206: 396 410 (82.0)
207: 407 423 426 (94.0)
208: 415 (71.0)
209: 429 (63.0)
210: 417 419 420 (89.0)
211: 421 427 (100.0)
212: 422 (84.0)
213: 435 (71.0)
214: 425 428 (92.0)
215: 418 431 (97.0)
216: 432 433 (94.0)
217: 434 438 442 (95.0)
218: 447 449 (77.0)
219: 436 437 (95.0)
220: 430 440 (143.0)
221: 443 444 (82.0)
222: 446 (88.0)
223: 450 451 (97.0)
224: 448 454 (87.0)
225: 439 455 (98.0)
226: 441 459 (100.0)
227: 445 (73.0)
228: 452 457 (94.0)
229: 456 466 (98.0)
230: 467 469 473 (100.0)
231: 462 463 (98.0)
232: 453 460 465 (133.0)
233: 458 475 (99.0)
234: 480 492 495 (98.0)
235: 471 474 481 494 (99.0)
236: 470 476 493 (95.0)
237: 464 478 487 497 (100.0)
238: 461 479 486 (98.0)
239: 477 482 491 (97.0)
240: 483 484 489 (96.0)
241: 468 472 485 (100.0)
242: 490 499 (100.0)
243: 488 496 498 (97.0)
