Name: 500-20-30
Time: 20.041606664657593 
Result: 267041
Solution:  2 0 0 1 5 2 3 6 6 1 5 3 8 4 7 5 10 16 9 11 11 8 3 10 11 19 12 14 15 13 16 19 14 16 9 20 13 22 19 18 17 17 22 15 24 18 24 21 28 26 23 25 23 20 29 30 25 35 21 28 32 29 33 30 36 31 27 35 37 36 35 39 32 35 31 38 38 30 33 40 40 40 42 46 42 39 41 41 44 44 49 37 43 46 47 46 53 51 47 49 43 52 55 49 48 59 57 53 59 54 57 56 51 56 54 61 56 64 63 63 65 59 55 60 65 66 69 61 66 59 62 64 60 67 72 73 62 74 70 73 69 75 67 70 71 75 72 71 67 74 80 67 76 72 68 75 78 82 77 88 75 80 78 81 84 86 81 79 87 82 85 83 89 86 83 90 86 91 88 87 93 84 88 89 85 86 90 94 93 95 95 94 92 103 102 99 95 90 101 103 99 96 101 98 97 98 106 103 110 104 105 102 109 111 105 108 104 108 106 113 114 110 110 107 118 114 116 116 109 112 118 120 117 115 112 123 111 121 119 119 117 117 123 113 120 122 125 121 124 126 123 128 122 124 122 131 129 134 125 126 133 127 132 128 133 129 137 131 132 130 136 135 143 136 137 142 135 141 141 140 137 140 145 138 138 133 141 144 147 147 142 139 145 139 153 143 149 146 148 146 150 153 148 151 146 161 155 151 156 150 152 157 161 164 154 163 152 158 152 155 156 160 159 164 160 158 155 166 162 162 167 165 165 172 170 163 168 167 174 169 165 169 171 163 171 174 177 164 172 175 181 179 173 177 182 175 182 178 185 184 178 173 181 176 187 186 184 189 187 183 179 185 184 191 180 186 183 194 187 188 190 186 190 191 192 184 193 191 201 199 187 192 195 187 203 196 196 197 197 199 187 194 200 200 196 198 193 202 198 198 205 200 198 195 199 199 200 203 201 203 207 203 208 208 204 204 210 205 210 204 205 211 210 207 202 206 206 213 208 209 204 212 206 213 214 217 221 213 209 214 211 219 213 215 216 215 213 213 212 216 212 221 222 211 214 211 217 218 219 214 227 222 220 218 229 224 222 228 226 228 223 214 216 227 225 224 221 220 219 227 228 225 226 229 223 229 228 229 225 226
0: 1 2 (25.0)
1: 3 9 (17.0)
2: 0 5 (23.0)
3: 6 11 22 (19.0)
4: 13 (9.0)
5: 4 10 15 (22.0)
6: 7 8 (26.0)
7: 14 (13.0)
8: 12 21 (19.0)
9: 18 34 (23.0)
10: 16 23 (29.0)
11: 19 20 24 (28.0)
12: 26 (18.0)
13: 29 36 (28.0)
14: 27 32 (14.0)
15: 28 43 (13.0)
16: 17 30 33 (26.0)
17: 40 41 (20.0)
18: 39 45 (24.0)
19: 25 31 38 (24.0)
20: 35 53 (30.0)
21: 47 58 (28.0)
22: 37 42 (19.0)
23: 50 52 (24.0)
24: 44 46 (13.0)
25: 51 56 (18.0)
26: 49 (4.0)
27: 66 (13.0)
28: 48 59 (23.0)
29: 54 61 (24.0)
30: 55 63 77 (19.0)
31: 65 74 (25.0)
32: 60 72 (25.0)
33: 62 78 (27.0)
34: (0.0)
35: 57 67 70 73 (24.0)
36: 64 69 (21.0)
37: 68 91 (24.0)
38: 75 76 (29.0)
39: 71 85 (29.0)
40: 79 80 81 (29.0)
41: 86 87 (21.0)
42: 82 84 (23.0)
43: 92 100 (29.0)
44: 88 89 (21.0)
45: (0.0)
46: 83 93 95 (21.0)
47: 94 98 (31.0)
48: 104 (17.0)
49: 90 99 103 (18.0)
50: (0.0)
51: 97 112 (21.0)
52: 101 (5.0)
53: 96 107 (26.0)
54: 109 114 (24.0)
55: 102 122 (21.0)
56: 111 113 116 (15.0)
57: 106 110 (33.0)
58: (0.0)
59: 105 108 121 129 (21.0)
60: 123 132 (32.0)
61: 115 127 (20.0)
62: 130 136 (15.0)
63: 118 119 (22.0)
64: 117 131 (23.0)
65: 120 124 (33.0)
66: 125 128 (22.0)
67: 133 142 148 151 (25.0)
68: 154 (22.0)
69: 126 140 (35.0)
70: 138 143 (24.0)
71: 144 147 (27.0)
72: 134 146 153 (21.0)
73: 135 139 (24.0)
74: 137 149 (37.0)
75: 141 145 155 160 (25.0)
76: 152 (20.0)
77: 158 (12.0)
78: 156 162 (27.0)
79: 167 (15.0)
80: 150 161 (32.0)
81: 163 166 (15.0)
82: 157 169 (26.0)
83: 171 174 (22.0)
84: 164 181 (21.0)
85: 170 184 (34.0)
86: 165 173 176 185 (20.0)
87: 168 179 (25.0)
88: 159 178 182 (26.0)
89: 172 183 (36.0)
90: 175 186 197 (35.0)
91: 177 (22.0)
92: 192 (22.0)
93: 180 188 (32.0)
94: 187 191 (30.0)
95: 189 190 196 (27.0)
96: 201 (16.0)
97: 204 (14.0)
98: 203 205 (29.0)
99: 195 200 (20.0)
100: (0.0)
101: 198 202 (17.0)
102: 194 211 (25.0)
103: 193 199 207 (21.0)
104: 209 216 (25.0)
105: 210 214 (28.0)
106: 206 218 (28.0)
107: 223 (20.0)
108: 215 217 (26.0)
109: 212 228 (31.0)
110: 208 221 222 (18.0)
111: 213 236 (22.0)
112: 229 234 (28.0)
113: 219 243 (33.0)
114: 220 225 (30.0)
115: 233 (22.0)
116: 226 227 (25.0)
117: 232 240 241 (28.0)
118: 224 230 (29.0)
119: 238 239 (25.0)
120: 231 244 (21.0)
121: 237 247 (22.0)
122: 245 252 254 (26.0)
123: 235 242 250 (23.0)
124: 248 253 (28.0)
125: 246 258 (28.0)
126: 249 259 (31.0)
127: 261 (23.0)
128: 251 263 (32.0)
129: 256 265 (25.0)
130: 269 (21.0)
131: 255 267 (34.0)
132: 262 268 (14.0)
133: 260 264 285 (18.0)
134: 257 (22.0)
135: 271 276 (28.0)
136: 270 273 (26.0)
137: 266 274 280 (22.0)
138: 283 284 (31.0)
139: 291 293 (28.0)
140: 279 281 (34.0)
141: 277 278 286 (25.0)
142: 275 290 (29.0)
143: 272 295 (30.0)
144: 287 (23.0)
145: 282 292 (28.0)
146: 297 299 304 (30.0)
147: 288 289 (26.0)
148: 298 302 (30.0)
149: 296 (24.0)
150: 300 309 (24.0)
151: 303 307 (27.0)
152: 310 316 318 (30.0)
153: 294 301 (28.0)
154: 314 (20.0)
155: 306 319 326 (28.0)
156: 308 320 (22.0)
157: 311 (23.0)
158: 317 325 (32.0)
159: 322 (23.0)
160: 321 324 (28.0)
161: 305 312 (31.0)
162: 328 329 (27.0)
163: 315 335 343 (24.0)
164: 313 323 347 (27.0)
165: 331 332 340 (30.0)
166: 327 (22.0)
167: 330 337 (27.0)
168: 336 (23.0)
169: 339 341 (32.0)
170: 334 (21.0)
171: 342 344 (35.0)
172: 333 348 (24.0)
173: 352 361 (26.0)
174: 338 345 (22.0)
175: 349 355 (35.0)
176: 363 (15.0)
177: 346 353 (27.0)
178: 357 360 (32.0)
179: 351 370 (22.0)
180: 374 (26.0)
181: 350 362 (30.0)
182: 354 356 (24.0)
183: 369 376 (26.0)
184: 359 366 372 385 (29.0)
185: 358 371 (36.0)
186: 365 375 381 (30.0)
187: 364 368 378 390 393 400 (45.0)
188: 379 (24.0)
189: 367 (19.0)
190: 380 382 (26.0)
191: 373 383 387 (30.0)
192: 384 391 (29.0)
193: 386 406 (20.0)
194: 377 401 (30.0)
195: 392 413 (29.0)
196: 395 396 404 (29.0)
197: 397 398 (29.0)
198: 405 408 409 412 (31.0)
199: 389 399 414 415 (30.0)
200: 402 403 411 416 (26.0)
201: 388 418 (30.0)
202: 407 434 (29.0)
203: 394 417 419 421 (30.0)
204: 424 425 429 440 (30.0)
205: 410 427 430 (30.0)
206: 435 436 442 (30.0)
207: 420 433 (31.0)
208: 422 423 438 (30.0)
209: 439 448 (29.0)
210: 426 428 432 (30.0)
211: 431 450 463 465 (30.0)
212: 441 458 460 (31.0)
213: 437 443 447 452 456 457 (28.0)
214: 444 449 464 469 481 (30.0)
215: 453 455 (30.0)
216: 454 459 482 (32.0)
217: 445 466 (34.0)
218: 467 473 (31.0)
219: 451 468 488 (30.0)
220: 472 487 (33.0)
221: 446 461 486 (34.0)
222: 462 471 476 (32.0)
223: 480 494 (35.0)
224: 475 485 (29.0)
225: 484 491 498 (29.0)
226: 478 492 499 (29.0)
227: 470 483 489 (29.0)
228: 477 479 490 496 (27.0)
229: 474 493 495 497 (27.0)
