Name: 500-40-75
Time: 34.059834718704224 
Result: 58
Solution:  3 0 8 3 6 0 2 1 4 7 3 5 12 7 2 9 4 7 8 5 6 1 14 9 15 9 13 16 13 13 19 17 22 18 12 18 17 19 20 14 15 22 24 19 28 20 26 24 16 22 25 26 27 30 20 32 28 33 28 29 28 36 31 34 30 32 37 34 32 35 27 39 37 37 38 38 36 42 36 40 43 41 39 42 50 49 43 48 50 43 40 51 45 44 46 51 57 41 53 45 45 48 52 52 50 49 55 45 59 47 54 57 51 54 56 60 55 58 59 58 66 62 63 64 60 53 62 65 61 61 65 64 74 75 64 70 67 64 71 68 72 66 69 71 73 68 72 76 71 71 81 74 75 72 79 73 75 76 77 75 77 78 78 79 84 80 82 78 85 76 81 82 79 79 82 81 86 82 84 89 89 85 82 93 82 86 79 87 86 92 85 80 87 94 89 88 88 88 91 84 87 83 95 91 93 83 89 92 93 90 96 97 94 97 101 89 105 88 96 99 104 90 93 102 94 101 98 92 99 104 101 107 103 95 111 100 109 98 99 103 105 107 106 104 96 107 105 102 100 109 105 109 108 108 114 109 115 112 108 119 112 112 106 111 112 110 111 112 118 120 111 113 114 112 115 123 116 116 120 114 121 123 116 121 116 117 119 122 120 119 124 115 113 122 117 122 123 124 126 124 120 127 129 125 125 125 123 126 126 127 128 128 136 131 128 130 127 137 133 135 134 135 129 133 134 129 131 132 134 132 135 135 134 137 130 138 137 132 137 144 133 140 136 136 140 138 142 139 139 142 140 146 136 150 140 137 143 144 141 142 144 141 147 143 140 152 151 146 151 145 149 149 144 155 147 145 150 147 153 149 143 149 158 156 145 144 148 148 148 160 156 154 155 154 152 161 157 152 154 157 156 160 153 156 159 159 159 163 162 163 161 161 164 165 160 165 164 163 158 166 157 162 157 162 162 169 159 168 169 165 167 168 172 166 166 172 164 176 168 166 178 171 171 171 174 174 169 178 182 170 175 175 175 173 168 170 175 173 173 173 177 174 177 180 180 176 179 179 176 179 181 181 184 186 180 183 183 185 188 178 181 184 188 188 182 184 185 189 187 187 187 185 189 188 186 190 180 189 190 190
0: 1 5 (39.0)
1: 7 21 (47.0)
2: 6 14 (36.0)
3: 0 3 10 (46.0)
4: 8 16 (35.0)
5: 11 19 (36.0)
6: 4 20 (47.0)
7: 9 13 17 (60.0)
8: 2 18 (48.0)
9: 15 23 25 (48.0)
10: (0.0)
11: (0.0)
12: 12 34 (45.0)
13: 26 28 29 (64.0)
14: 22 39 (69.0)
15: 24 40 (64.0)
16: 27 48 (46.0)
17: 31 36 (55.0)
18: 33 35 (47.0)
19: 30 37 43 (48.0)
20: 38 45 54 (74.0)
21: (0.0)
22: 32 41 49 (48.0)
23: (0.0)
24: 42 47 (44.0)
25: 50 (41.0)
26: 46 51 (31.0)
27: 52 70 (50.0)
28: 44 56 58 60 (35.0)
29: 59 (34.0)
30: 53 64 (46.0)
31: 62 (28.0)
32: 55 65 68 (45.0)
33: 57 (38.0)
34: 63 67 (43.0)
35: 69 (37.0)
36: 61 76 78 (70.0)
37: 66 72 73 (69.0)
38: 74 75 (47.0)
39: 71 82 (48.0)
40: 79 90 (69.0)
41: 81 97 (63.0)
42: 77 83 (46.0)
43: 80 86 89 (63.0)
44: 93 (33.0)
45: 92 99 100 107 (59.0)
46: 94 (40.0)
47: 109 (42.0)
48: 87 101 (72.0)
49: 85 105 (69.0)
50: 84 88 104 (44.0)
51: 91 95 112 (56.0)
52: 102 103 (50.0)
53: 98 125 (60.0)
54: 110 113 (45.0)
55: 106 116 (69.0)
56: 114 (46.0)
57: 96 111 (47.0)
58: 117 119 (40.0)
59: 108 118 (36.0)
60: 115 124 (31.0)
61: 128 129 (52.0)
62: 121 126 (57.0)
63: 122 (40.0)
64: 123 131 134 137 (51.0)
65: 127 130 (63.0)
66: 120 141 (51.0)
67: 136 (40.0)
68: 139 145 (75.0)
69: 142 (44.0)
70: 135 (41.0)
71: 138 143 148 149 (63.0)
72: 140 146 153 (55.0)
73: 144 155 (54.0)
74: 132 151 (68.0)
75: 133 152 156 159 (64.0)
76: 147 157 169 (46.0)
77: 158 160 (48.0)
78: 161 162 167 (64.0)
79: 154 163 172 173 186 (60.0)
80: 165 191 (48.0)
81: 150 170 175 (74.0)
82: 166 171 174 177 182 184 (53.0)
83: 201 205 (44.0)
84: 164 178 199 (52.0)
85: 168 181 190 (58.0)
86: 176 185 188 (74.0)
87: 187 192 200 (56.0)
88: 195 196 197 217 (74.0)
89: 179 180 194 206 215 (62.0)
90: 209 221 (54.0)
91: 198 203 (59.0)
92: 189 207 227 (64.0)
93: 183 204 208 222 (68.0)
94: 193 212 224 (53.0)
95: 202 233 (58.0)
96: 210 218 244 (72.0)
97: 211 213 (41.0)
98: 226 237 (59.0)
99: 219 228 238 (48.0)
100: 235 248 (54.0)
101: 214 225 230 (64.0)
102: 223 247 (52.0)
103: 232 239 (45.0)
104: 220 229 243 (47.0)
105: 216 240 246 250 (47.0)
106: 242 262 (55.0)
107: 231 241 245 (44.0)
108: 252 253 258 (68.0)
109: 236 249 251 255 (68.0)
110: 265 (42.0)
111: 234 263 266 270 (41.0)
112: 257 260 261 264 267 273 (36.0)
113: 271 292 (55.0)
114: 254 272 279 (49.0)
115: 256 274 291 (48.0)
116: 276 277 282 284 (75.0)
117: 285 294 (61.0)
118: 268 (41.0)
119: 259 286 289 (57.0)
120: 269 278 288 300 (74.0)
121: 280 283 (44.0)
122: 287 293 295 (73.0)
123: 275 281 296 306 (71.0)
124: 290 297 299 (63.0)
125: 303 304 305 (75.0)
126: 298 307 308 (73.0)
127: 301 309 316 (67.0)
128: 310 311 314 (73.0)
129: 302 322 325 (69.0)
130: 315 334 (47.0)
131: 313 326 (75.0)
132: 327 329 337 (69.0)
133: 318 323 340 (57.0)
134: 320 324 328 332 (70.0)
135: 319 321 330 331 (75.0)
136: 312 342 343 352 (57.0)
137: 317 333 336 338 355 (74.0)
138: 335 345 (51.0)
139: 347 348 (52.0)
140: 341 344 350 354 364 (70.0)
141: 358 361 (69.0)
142: 346 349 359 (61.0)
143: 356 363 380 (53.0)
144: 339 357 360 372 385 (55.0)
145: 369 375 384 (74.0)
146: 351 367 (75.0)
147: 362 374 377 (75.0)
148: 386 387 388 (69.0)
149: 370 371 379 381 (63.0)
150: 353 376 (68.0)
151: 366 368 (75.0)
152: 365 394 397 (72.0)
153: 378 402 (69.0)
154: 391 393 398 (68.0)
155: 373 392 (72.0)
156: 383 390 400 403 (71.0)
157: 396 399 420 422 (73.0)
158: 382 418 (60.0)
159: 404 405 406 426 (82.0)
160: 389 401 414 (74.0)
161: 395 410 411 (77.0)
162: 408 421 423 424 (75.0)
163: 407 409 417 (70.0)
164: 412 416 436 (60.0)
165: 413 415 429 (73.0)
166: 419 433 434 439 (75.0)
167: 430 (50.0)
168: 427 431 438 454 (72.0)
169: 425 428 446 (72.0)
170: 449 455 (72.0)
171: 441 442 443 (78.0)
172: 432 435 (73.0)
173: 453 457 458 459 (74.0)
174: 444 445 461 (75.0)
175: 450 451 452 456 (75.0)
176: 437 465 468 (65.0)
177: 460 462 (68.0)
178: 440 447 479 (74.0)
179: 466 467 469 (86.0)
180: 463 464 474 496 (72.0)
181: 470 471 480 (74.0)
182: 448 484 (72.0)
183: 475 476 (74.0)
184: 472 481 485 (63.0)
185: 477 486 491 (73.0)
186: 473 494 (72.0)
187: 488 489 490 (74.0)
188: 478 482 483 493 (69.0)
189: 487 492 497 (78.0)
190: 495 498 499 (74.0)
