Name: 500-60-125
Time: 37.094454288482666 
Result: 120
Solution:  0 0 2 1 2 4 10 0 9 6 3 3 2 6 4 7 7 9 8 1 13 14 8 11 10 20 17 11 14 12 13 18 15 12 17 18 16 23 19 15 19 20 15 21 17 29 21 23 16 27 23 25 27 24 25 22 31 24 28 30 28 29 33 32 31 32 30 33 35 37 36 33 32 36 34 37 30 40 43 34 37 35 39 42 45 44 40 38 48 44 40 46 47 45 48 49 51 42 42 43 49 54 56 50 47 53 52 53 50 54 57 53 51 60 55 55 61 58 62 59 59 66 61 63 61 64 57 62 67 67 68 65 66 66 61 71 64 70 76 76 65 73 72 74 65 72 69 69 72 75 70 69 73 80 82 74 80 81 74 76 79 85 86 78 84 80 83 87 77 84 87 85 86 84 86 87 88 85 82 90 88 91 99 89 93 94 92 96 88 94 91 96 90 96 93 89 98 95 99 97 99 100 109 104 100 95 108 102 104 103 101 102 105 106 110 111 107 105 103 106 110 109 109 108 106 109 114 111 106 107 111 107 106 108 110 113 113 114 119 112 119 119 120 121 116 115 115 112 114 122 118 127 117 113 117 118 126 122 112 125 126 125 128 116 123 122 120 120 121 127 122 127 130 128 124 121 126 132 124 128 122 131 129 132 123 130 130 126 125 129 131 130 135 128 133 133 133 134 136 136 128 135 135 137 134 139 138 137 137 131 137 132 139 140 138 136 142 142 133 144 143 136 139 145 141 143 141 148 137 147 149 149 148 145 140 147 149 144 148 147 146 157 150 144 158 153 151 149 154 150 152 152 148 155 153 152 151 150 151 156 154 154 159 158 156 153 159 152 160 159 158 161 156 162 156 163 163 160 161 159 157 160 167 165 165 163 167 170 164 164 163 158 171 166 166 168 167 161 171 169 173 170 166 173 162 165 170 169 171 171 168 178 175 174 176 179 180 175 172 172 180 181 174 174 173 183 178 180 178 182 177 181 175 181 179 175 182 177 180 175 182 183 176 184 177 176 184 185 186 187 182 186 181 188 194 179 187 190 183 193 185 191 188 190 188 191 186 189 187 184 189 192 197 192 186 192 195 193 194 193 200 187 199 196 189 194 201 201 200 200 199 195 199 193 198 198 195 197 198 196
0: 0 1 7 (107.0)
1: 3 19 (62.0)
2: 2 4 12 (53.0)
3: 10 11 (62.0)
4: 5 14 (75.0)
5: (0.0)
6: 9 13 (70.0)
7: 15 16 (69.0)
8: 18 22 (89.0)
9: 8 17 (60.0)
10: 6 24 (26.0)
11: 23 27 (65.0)
12: 29 33 (55.0)
13: 20 30 (46.0)
14: 21 28 (80.0)
15: 32 39 42 (68.0)
16: 36 48 (69.0)
17: 26 34 44 (63.0)
18: 31 35 (75.0)
19: 38 40 (88.0)
20: 25 41 (79.0)
21: 43 46 (87.0)
22: 55 (53.0)
23: 37 47 50 (63.0)
24: 53 57 (65.0)
25: 51 54 (60.0)
26: (0.0)
27: 49 52 (86.0)
28: 58 60 (113.0)
29: 45 61 (77.0)
30: 59 66 76 (85.0)
31: 56 64 (80.0)
32: 63 65 72 (89.0)
33: 62 67 71 (106.0)
34: 74 79 (105.0)
35: 68 81 (106.0)
36: 70 73 (87.0)
37: 69 75 80 (55.0)
38: 87 (58.0)
39: 82 (63.0)
40: 77 86 90 (53.0)
41: (0.0)
42: 83 97 98 (65.0)
43: 78 99 (63.0)
44: 85 89 (71.0)
45: 84 93 (56.0)
46: 91 (61.0)
47: 92 104 (109.0)
48: 88 94 (65.0)
49: 95 100 (101.0)
50: 103 108 (52.0)
51: 96 112 (65.0)
52: 106 (57.0)
53: 105 107 111 (63.0)
54: 101 109 (63.0)
55: 114 115 (78.0)
56: 102 (69.0)
57: 110 126 (102.0)
58: 117 (61.0)
59: 119 120 (64.0)
60: 113 (68.0)
61: 116 122 124 134 (67.0)
62: 118 127 (74.0)
63: 123 (62.0)
64: 125 136 (99.0)
65: 131 140 144 (95.0)
66: 121 132 133 (125.0)
67: 128 129 (79.0)
68: 130 (64.0)
69: 146 147 151 (115.0)
70: 137 150 (84.0)
71: 135 (71.0)
72: 142 145 148 (97.0)
73: 141 152 (98.0)
74: 143 155 158 (98.0)
75: 149 (63.0)
76: 138 139 159 (122.0)
77: 168 (62.0)
78: 163 (61.0)
79: 160 (69.0)
80: 153 156 165 (113.0)
81: 157 (65.0)
82: 154 178 (82.0)
83: 166 (69.0)
84: 164 169 173 (117.0)
85: 161 171 177 (78.0)
86: 162 172 174 (79.0)
87: 167 170 175 (118.0)
88: 176 180 188 (109.0)
89: 183 195 (73.0)
90: 179 192 (89.0)
91: 181 190 (84.0)
92: 186 (65.0)
93: 184 194 (95.0)
94: 185 189 (117.0)
95: 197 205 (79.0)
96: 187 191 193 (112.0)
97: 199 (61.0)
98: 196 (60.0)
99: 182 198 200 (115.0)
100: 201 204 (95.0)
101: 210 (90.0)
102: 207 211 (80.0)
103: 209 218 (83.0)
104: 203 208 (107.0)
105: 212 217 (98.0)
106: 213 219 224 228 232 (117.0)
107: 216 229 231 (106.0)
108: 206 223 233 (94.0)
109: 202 221 222 225 (115.0)
110: 214 220 234 (77.0)
111: 215 227 230 (84.0)
112: 239 247 258 (83.0)
113: 235 236 253 (90.0)
114: 226 237 248 (81.0)
115: 245 246 (68.0)
116: 244 263 (80.0)
117: 252 254 (86.0)
118: 250 255 (74.0)
119: 238 240 241 (112.0)
120: 242 266 267 (104.0)
121: 243 268 275 (100.0)
122: 249 257 265 270 280 (109.0)
123: 264 284 (100.0)
124: 274 278 (67.0)
125: 259 261 288 (109.0)
126: 256 260 276 287 (119.0)
127: 251 269 271 (111.0)
128: 262 273 279 293 300 (105.0)
129: 282 289 (104.0)
130: 272 285 286 291 (119.0)
131: 281 290 309 (123.0)
132: 277 283 311 (108.0)
133: 294 295 296 318 (79.0)
134: 297 304 (87.0)
135: 292 301 302 (102.0)
136: 298 299 315 321 (110.0)
137: 303 307 308 310 328 (121.0)
138: 306 314 (93.0)
139: 305 312 322 (96.0)
140: 313 334 (76.0)
141: 324 326 (94.0)
142: 316 317 (101.0)
143: 320 325 (122.0)
144: 319 337 343 (82.0)
145: 323 333 (93.0)
146: 340 (62.0)
147: 329 335 339 (110.0)
148: 327 332 338 352 (99.0)
149: 330 331 336 347 (111.0)
150: 342 349 357 (107.0)
151: 346 356 358 (114.0)
152: 350 351 355 367 (121.0)
153: 345 354 365 (107.0)
154: 348 360 361 (76.0)
155: 353 (104.0)
156: 359 364 372 374 (124.0)
157: 341 380 (110.0)
158: 344 363 370 391 (121.0)
159: 362 366 369 379 (123.0)
160: 368 377 381 (121.0)
161: 371 378 397 (128.0)
162: 373 404 (103.0)
163: 375 376 385 390 (125.0)
164: 388 389 (116.0)
165: 383 384 405 (104.0)
166: 393 394 402 (118.0)
167: 382 386 396 (103.0)
168: 395 410 (115.0)
169: 399 407 (123.0)
170: 387 401 406 (124.0)
171: 392 398 408 409 (123.0)
172: 418 419 (107.0)
173: 400 403 424 (117.0)
174: 413 422 423 (116.0)
175: 412 417 432 435 439 (123.0)
176: 414 442 445 (123.0)
177: 430 437 444 (124.0)
178: 411 426 428 (124.0)
179: 415 434 455 (124.0)
180: 416 420 427 438 (123.0)
181: 421 431 433 452 (146.0)
182: 429 436 440 450 (119.0)
183: 425 441 458 (125.0)
184: 443 446 469 (129.0)
185: 447 460 (124.0)
186: 448 451 466 474 (125.0)
187: 449 456 468 481 (127.0)
188: 453 462 464 (121.0)
189: 467 470 484 (124.0)
190: 457 463 (124.0)
191: 461 465 (125.0)
192: 471 473 475 (125.0)
193: 459 477 479 493 (125.0)
194: 454 478 485 (116.0)
195: 476 491 496 (121.0)
196: 483 499 (118.0)
197: 472 497 (125.0)
198: 494 495 498 (96.0)
199: 482 490 492 (119.0)
200: 480 488 489 (91.0)
201: 486 487 (97.0)
