Name: 500-60-125
Time: 37.64599347114563 
Result: 114
Solution:  0 0 2 4 2 4 2 3 6 5 0 4 2 5 9 9 7 7 8 14 12 14 6 17 11 8 18 13 15 12 13 18 19 11 13 19 16 23 18 22 24 26 23 21 26 17 21 20 16 20 19 27 28 26 35 25 30 29 32 31 28 33 29 24 30 33 33 27 36 38 31 35 38 36 42 33 32 31 44 40 35 39 41 44 44 43 48 39 45 43 40 46 47 54 47 45 51 54 49 42 50 50 58 52 48 52 49 53 52 53 56 54 51 55 57 59 63 57 60 60 59 64 60 62 67 65 56 63 66 65 68 64 64 67 72 61 63 64 74 71 67 69 72 74 78 74 66 72 74 76 70 70 75 75 77 73 79 81 73 77 88 85 79 86 85 82 84 79 83 88 82 80 84 91 88 87 87 80 98 90 90 93 97 85 94 93 92 98 92 99 94 89 93 98 91 89 95 95 102 96 101 105 102 103 103 105 104 106 97 101 104 108 107 106 100 112 100 107 108 108 100 111 109 106 110 105 115 104 116 109 115 111 110 108 107 113 112 114 123 112 115 114 112 116 125 117 119 122 111 116 113 115 116 114 120 117 120 120 113 118 125 123 126 126 118 118 119 116 118 122 123 128 127 128 121 124 124 123 121 130 126 124 130 130 129 130 129 134 130 131 132 131 133 128 135 132 134 133 135 138 130 133 134 129 141 136 137 137 132 139 131 139 139 140 137 140 140 135 134 143 146 147 137 141 140 144 144 149 150 145 151 152 141 148 140 147 150 145 148 151 142 157 149 152 143 152 152 154 155 159 155 150 151 160 152 151 148 159 147 156 153 151 153 154 156 149 156 153 161 157 153 158 158 163 155 155 154 158 161 162 157 160 162 166 159 158 163 158 164 164 166 158 172 172 165 168 170 165 168 170 173 161 167 174 167 163 170 176 171 171 171 176 177 169 167 174 173 181 177 172 169 178 175 173 175 181 179 178 179 179 172 177 173 180 183 180 184 184 181 182 182 180 174 181 190 176 185 183 187 184 182 187 183 186 191 178 186 188 180 195 185 189 189 189 186 191 187 190 187 200 199 192 196 188 200 200 190 192 192 197 199 195 199 194 195 198 198 198 194 201 199 193 193 193 201 200 201 196 200 197
0: 0 1 10 (88.0)
1: (0.0)
2: 2 4 6 12 (67.0)
3: 7 (47.0)
4: 3 5 11 (121.0)
5: 9 13 (70.0)
6: 8 22 (81.0)
7: 16 17 (62.0)
8: 18 25 (95.0)
9: 14 15 (62.0)
10: (0.0)
11: 24 33 (51.0)
12: 20 29 (49.0)
13: 27 30 34 (102.0)
14: 19 21 (51.0)
15: 28 (49.0)
16: 36 48 (69.0)
17: 23 45 (80.0)
18: 26 31 38 (118.0)
19: 32 35 50 (73.0)
20: 47 49 (64.0)
21: 43 46 (87.0)
22: 39 (17.0)
23: 37 42 (44.0)
24: 40 63 (74.0)
25: 55 (53.0)
26: 41 44 53 (58.0)
27: 51 67 (90.0)
28: 52 60 (97.0)
29: 57 62 (73.0)
30: 56 64 (80.0)
31: 59 70 77 (81.0)
32: 58 76 (107.0)
33: 61 65 66 75 (79.0)
34: (0.0)
35: 54 71 80 (62.0)
36: 68 73 (94.0)
37: (0.0)
38: 69 72 (49.0)
39: 81 87 (110.0)
40: 79 90 (64.0)
41: 82 (63.0)
42: 74 99 (95.0)
43: 85 89 (71.0)
44: 78 83 84 (65.0)
45: 88 95 (102.0)
46: 91 (61.0)
47: 92 94 (69.0)
48: 86 104 (75.0)
49: 98 106 (92.0)
50: 100 101 (76.0)
51: 96 112 (65.0)
52: 103 105 108 (69.0)
53: 107 109 (51.0)
54: 93 97 111 (71.0)
55: 113 (68.0)
56: 110 126 (102.0)
57: 114 117 (84.0)
58: 102 (69.0)
59: 115 120 (88.0)
60: 118 119 122 (95.0)
61: 135 (71.0)
62: 123 (62.0)
63: 116 127 136 (88.0)
64: 121 131 132 137 (122.0)
65: 125 129 (104.0)
66: 128 146 (87.0)
67: 124 133 140 (94.0)
68: 130 (64.0)
69: 141 (66.0)
70: 150 151 (82.0)
71: 139 (61.0)
72: 134 142 147 (95.0)
73: 155 158 (79.0)
74: 138 143 145 148 (73.0)
75: 152 153 (82.0)
76: 149 (63.0)
77: 154 159 (86.0)
78: 144 (64.0)
79: 156 162 167 (54.0)
80: 171 177 (64.0)
81: 157 (65.0)
82: 165 170 (96.0)
83: 168 (62.0)
84: 166 172 (95.0)
85: 161 164 183 (85.0)
86: 163 (61.0)
87: 175 176 (108.0)
88: 160 169 174 (122.0)
89: 191 195 (84.0)
90: 179 180 (90.0)
91: 173 194 (108.0)
92: 186 188 (76.0)
93: 181 185 192 (125.0)
94: 184 190 (87.0)
95: 196 197 (89.0)
96: 199 (61.0)
97: 182 208 (109.0)
98: 178 187 193 (105.0)
99: 189 (76.0)
100: 214 216 220 (64.0)
101: 200 209 (68.0)
102: 198 202 (68.0)
103: 203 204 (90.0)
104: 206 210 227 (111.0)
105: 201 205 225 (121.0)
106: 207 213 223 (125.0)
107: 212 217 234 (123.0)
108: 211 218 219 233 (121.0)
109: 222 229 (78.0)
110: 224 232 (75.0)
111: 221 231 248 (107.0)
112: 215 236 239 242 (115.0)
113: 235 250 258 (106.0)
114: 237 241 253 (105.0)
115: 226 230 240 251 (105.0)
116: 228 243 249 252 267 (112.0)
117: 245 255 (81.0)
118: 259 264 265 268 (122.0)
119: 246 266 (64.0)
120: 254 256 257 (105.0)
121: 274 278 (67.0)
122: 247 269 (119.0)
123: 238 261 270 277 (123.0)
124: 275 276 281 (112.0)
125: 244 260 (78.0)
126: 262 263 280 (100.0)
127: 272 (64.0)
128: 271 273 293 (71.0)
129: 284 286 303 (116.0)
130: 279 282 283 285 288 300 (104.0)
131: 289 291 310 (121.0)
132: 290 295 308 (85.0)
133: 292 297 301 (107.0)
134: 287 296 302 318 (94.0)
135: 294 298 317 (124.0)
136: 305 (77.0)
137: 306 307 314 322 (122.0)
138: 299 (77.0)
139: 309 311 312 (124.0)
140: 313 315 316 324 334 (124.0)
141: 304 323 332 (123.0)
142: 340 (62.0)
143: 319 344 (74.0)
144: 325 326 (86.0)
145: 329 337 (101.0)
146: 320 (98.0)
147: 321 335 358 (99.0)
148: 333 338 356 (104.0)
149: 327 342 365 (106.0)
150: 328 336 351 (117.0)
151: 330 339 352 355 361 (104.0)
152: 331 343 345 346 354 (123.0)
153: 360 362 367 370 (97.0)
154: 347 363 376 (91.0)
155: 348 350 374 375 (115.0)
156: 359 364 366 (96.0)
157: 341 369 380 (125.0)
158: 371 372 377 385 387 391 (121.0)
159: 349 357 384 (97.0)
160: 353 381 (123.0)
161: 368 378 401 (130.0)
162: 379 382 (110.0)
163: 373 386 405 (117.0)
164: 388 389 (116.0)
165: 394 397 (115.0)
166: 383 390 (118.0)
167: 402 404 414 (122.0)
168: 395 398 (96.0)
169: 413 420 (95.0)
170: 396 399 406 (107.0)
171: 408 409 410 (105.0)
172: 392 393 419 430 (122.0)
173: 400 416 423 432 (120.0)
174: 403 415 442 (115.0)
175: 422 424 (102.0)
176: 407 411 445 (122.0)
177: 412 418 431 (125.0)
178: 421 427 455 (124.0)
179: 426 428 429 (121.0)
180: 433 435 441 458 (122.0)
181: 417 425 438 443 (124.0)
182: 439 440 450 (120.0)
183: 434 447 452 (131.0)
184: 436 437 449 (125.0)
185: 446 460 (115.0)
186: 453 456 464 (122.0)
187: 448 451 466 468 (123.0)
188: 457 473 (115.0)
189: 461 462 463 (123.0)
190: 444 467 476 (121.0)
191: 454 465 (125.0)
192: 471 477 478 (122.0)
193: 491 492 493 (124.0)
194: 483 488 (104.0)
195: 459 481 484 (122.0)
196: 472 497 (125.0)
197: 479 499 (125.0)
198: 485 486 487 (124.0)
199: 470 480 482 490 (124.0)
200: 469 474 475 495 498 (127.0)
201: 489 494 496 (123.0)
