Name: 750-40-75
Time: 28.23282814025879 
Result: 355085
Solution:  3 1 1 0 5 1 7 0 6 6 8 0 3 4 14 5 4 12 11 13 10 7 8 11 12 7 21 14 13 16 14 16 15 17 14 10 13 17 18 21 19 18 15 20 22 27 21 19 24 23 30 25 23 22 24 20 29 22 34 32 26 27 25 26 33 28 35 35 29 33 30 36 28 36 37 42 34 33 40 37 42 41 41 36 38 44 41 48 47 43 46 42 45 47 46 38 49 48 44 43 57 52 51 51 50 48 56 50 54 60 59 52 56 54 55 59 57 58 60 57 55 68 58 61 56 62 60 62 61 67 64 61 70 68 70 59 65 71 69 72 71 69 64 78 76 68 77 67 73 71 74 76 73 75 78 75 79 83 87 85 81 78 76 77 89 80 84 74 89 81 85 79 88 84 86 82 87 86 82 90 93 84 91 88 83 91 98 94 97 95 91 90 93 96 97 93 104 97 98 101 106 100 95 99 96 101 102 103 105 99 105 106 106 102 104 99 107 113 109 108 103 108 107 109 111 111 116 114 109 115 111 112 114 116 117 115 124 118 120 111 119 115 121 120 125 118 121 122 118 122 123 121 131 135 128 123 135 126 130 127 128 132 129 127 137 135 130 129 133 127 140 131 139 142 132 136 137 140 134 143 136 142 149 143 138 142 143 141 142 146 149 144 148 144 153 151 145 150 150 157 154 148 153 159 152 150 147 147 157 157 156 155 154 159 151 155 161 158 156 167 158 152 167 154 160 163 171 163 164 166 173 166 166 165 160 166 176 171 162 173 169 169 168 170 170 170 178 175 174 175 172 172 176 178 183 174 181 179 176 184 177 182 180 186 183 180 186 185 189 181 184 185 191 188 188 190 190 179 189 182 194 190 191 186 193 194 197 198 194 196 186 187 192 204 198 203 199 196 200 199 195 203 197 192 201 203 202 201 206 204 206 202 207 205 200 206 210 214 206 207 209 210 208 216 209 213 210 212 220 209 218 211 208 211 217 212 215 223 225 222 219 221 221 230 223 222 223 228 221 219 227 225 218 226 224 232 236 226 228 232 227 235 231 226 236 229 233 230 232 238 238 235 239 237 241 234 243 240 244 247 240 239 247 241 234 241 249 248 242 244 241 245 246 239 248 252 243 249 246 242 254 251 250 259 256 253 255 253 251 254 250 248 255 260 257 257 258 259 258 256 260 267 261 263 266 258 265 262 264 262 268 261 270 263 269 265 264 269 268 275 269 267 274 270 273 274 279 275 271 271 277 276 277 272 279 272 273 278 279 276 281 281 282 273 283 283 282 278 291 285 284 284 292 285 287 287 280 291 289 289 286 290 293 288 292 294 296 293 298 295 290 295 299 296 297 297 302 294 295 296 294 300 302 298 302 310 303 301 300 309 305 307 314 306 308 308 311 301 304 304 305 303 318 306 312 316 314 311 313 316 313 312 315 317 324 318 319 314 323 317 321 321 320 327 317 322 326 315 328 329 329 323 322 320 327 329 326 324 331 330 330 335 326 325 321 324 332 333 331 338 330 333 340 328 328 337 325 335 334 333 332 341 339 334 331 332 337 335 336 339 334 337 338 345 340 338 345 334 346 336 341 340 336 340 339 341 342 343 351 347 348 351 350 343 342 348 344 349 346 342 350 350 344 349 353 347 357 354 348 346 357 353 357 349 352 350 354 352 354 353 356 353 356 357 355 355 351 355 357 356
0: 3 7 11 (41.0)
1: 1 2 5 (41.0)
2: (0.0)
3: 0 12 (49.0)
4: 13 16 (32.0)
5: 4 15 (45.0)
6: 8 9 (40.0)
7: 6 21 25 (58.0)
8: 10 22 (36.0)
9: (0.0)
10: 20 35 (48.0)
11: 18 23 (58.0)
12: 17 24 (60.0)
13: 19 28 36 (48.0)
14: 14 27 30 34 (74.0)
15: 32 42 (23.0)
16: 29 31 (54.0)
17: 33 37 (61.0)
18: 38 41 (54.0)
19: 40 47 (41.0)
20: 43 55 (55.0)
21: 26 39 46 (47.0)
22: 44 53 57 (43.0)
23: 49 52 (59.0)
24: 48 54 (24.0)
25: 51 62 (64.0)
26: 60 63 (47.0)
27: 45 61 (42.0)
28: 65 72 (73.0)
29: 56 68 (48.0)
30: 50 70 (31.0)
31: (0.0)
32: 59 (15.0)
33: 64 69 77 (47.0)
34: 58 76 (52.0)
35: 66 67 (43.0)
36: 71 73 83 (58.0)
37: 74 79 (67.0)
38: 84 95 (43.0)
39: (0.0)
40: 78 (13.0)
41: 81 82 86 (67.0)
42: 75 80 91 (28.0)
43: 89 99 (49.0)
44: 85 98 (59.0)
45: 92 (38.0)
46: 90 94 (46.0)
47: 88 93 (17.0)
48: 87 97 105 (48.0)
49: 96 (38.0)
50: 104 107 (49.0)
51: 102 103 (44.0)
52: 101 111 (69.0)
53: (0.0)
54: 108 113 (57.0)
55: 114 120 (55.0)
56: 106 112 124 (45.0)
57: 100 116 119 (78.0)
58: 117 122 (45.0)
59: 110 115 135 (44.0)
60: 109 118 126 (42.0)
61: 123 128 131 (42.0)
62: 125 127 (66.0)
63: (0.0)
64: 130 142 (75.0)
65: 136 (42.0)
66: (0.0)
67: 129 147 (43.0)
68: 121 133 145 (49.0)
69: 138 141 (56.0)
70: 132 134 (54.0)
71: 137 140 149 (34.0)
72: 139 (20.0)
73: 148 152 (47.0)
74: 150 167 (63.0)
75: 153 155 (70.0)
76: 144 151 162 (67.0)
77: 146 163 (56.0)
78: 143 154 161 (45.0)
79: 156 171 (45.0)
80: 165 (45.0)
81: 160 169 (43.0)
82: 175 178 (46.0)
83: 157 184 (56.0)
84: 166 173 181 (69.0)
85: 159 170 (53.0)
86: 174 177 (66.0)
87: 158 176 (32.0)
88: 172 183 (64.0)
89: 164 168 (24.0)
90: 179 191 (61.0)
91: 182 185 190 (35.0)
92: (0.0)
93: 180 192 195 (54.0)
94: 187 (29.0)
95: 189 202 (73.0)
96: 193 204 (43.0)
97: 188 194 197 (78.0)
98: 186 198 (45.0)
99: 203 209 215 (56.0)
100: 201 (43.0)
101: 199 205 (57.0)
102: 206 213 (55.0)
103: 207 220 (53.0)
104: 196 214 (41.0)
105: 208 210 (66.0)
106: 200 211 212 (34.0)
107: 216 222 (38.0)
108: 219 221 (61.0)
109: 218 223 228 (67.0)
110: (0.0)
111: 224 225 230 239 (71.0)
112: 231 (46.0)
113: 217 (38.0)
114: 227 232 (54.0)
115: 229 235 241 (40.0)
116: 226 233 (48.0)
117: 234 (48.0)
118: 237 245 248 (37.0)
119: 240 (41.0)
120: 238 243 (65.0)
121: 242 246 251 (52.0)
122: 247 249 (60.0)
123: 250 255 (57.0)
124: 236 (48.0)
125: 244 (42.0)
126: 257 (44.0)
127: 259 263 269 (49.0)
128: 254 260 (64.0)
129: 262 267 (59.0)
130: 258 266 (64.0)
131: 252 271 (60.0)
132: 261 274 (43.0)
133: 268 (40.0)
134: 278 (44.0)
135: 253 256 265 (59.0)
136: 275 280 (70.0)
137: 264 276 (45.0)
138: 284 (48.0)
139: 272 (42.0)
140: 270 277 (57.0)
141: 287 (45.0)
142: 273 281 285 288 (45.0)
143: 279 283 286 (40.0)
144: 291 293 (61.0)
145: 296 (45.0)
146: 289 (43.0)
147: 306 307 (55.0)
148: 292 301 (57.0)
149: 282 290 (62.0)
150: 297 298 305 (66.0)
151: 295 314 (63.0)
152: 304 321 (57.0)
153: 294 302 (57.0)
154: 300 312 323 (75.0)
155: 311 315 (65.0)
156: 310 318 (47.0)
157: 299 308 309 (61.0)
158: 317 320 (57.0)
159: 303 313 (44.0)
160: 324 334 (64.0)
161: 316 (46.0)
162: 338 (40.0)
163: 325 327 (64.0)
164: 328 (53.0)
165: 333 (45.0)
166: 329 331 332 335 (49.0)
167: 319 322 (54.0)
168: 342 (52.0)
169: 340 341 (58.0)
170: 343 344 345 (65.0)
171: 326 337 (60.0)
172: 350 351 (60.0)
173: 330 339 (66.0)
174: 348 355 (56.0)
175: 347 349 (58.0)
176: 336 352 358 (71.0)
177: 360 (43.0)
178: 346 353 (57.0)
179: 357 377 (64.0)
180: 362 365 (68.0)
181: 356 369 (51.0)
182: 361 379 (61.0)
183: 354 364 (63.0)
184: 359 370 (63.0)
185: 367 371 (75.0)
186: 363 366 383 390 (70.0)
187: 391 (46.0)
188: 373 374 (74.0)
189: 368 378 (67.0)
190: 375 376 381 (69.0)
191: 372 382 (75.0)
192: 392 403 (63.0)
193: 384 (58.0)
194: 380 385 388 (59.0)
195: 400 (41.0)
196: 389 397 (63.0)
197: 386 402 (68.0)
198: 387 394 (66.0)
199: 396 399 (73.0)
200: 398 414 (63.0)
201: 404 407 (58.0)
202: 406 411 (78.0)
203: 395 401 405 (72.0)
204: 393 409 (67.0)
205: 413 (44.0)
206: 408 410 415 418 (75.0)
207: 412 419 (57.0)
208: 422 432 (48.0)
209: 420 424 429 (55.0)
210: 416 421 426 (61.0)
211: 431 433 (66.0)
212: 427 435 (70.0)
213: 425 (49.0)
214: 417 (45.0)
215: 436 (48.0)
216: 423 (43.0)
217: 434 (48.0)
218: 430 452 (53.0)
219: 440 449 (77.0)
220: 428 (45.0)
221: 441 442 448 (64.0)
222: 439 445 (48.0)
223: 437 444 446 (75.0)
224: 454 (59.0)
225: 438 451 (60.0)
226: 453 457 463 (70.0)
227: 450 460 (68.0)
228: 447 458 (66.0)
229: 465 (42.0)
230: 443 467 (64.0)
231: 462 (48.0)
232: 455 459 468 (71.0)
233: 466 (48.0)
234: 475 484 (68.0)
235: 461 471 (75.0)
236: 456 464 (74.0)
237: 473 (46.0)
238: 469 470 (67.0)
239: 472 481 493 (68.0)
240: 477 480 (71.0)
241: 474 483 485 490 (73.0)
242: 488 499 (78.0)
243: 476 496 (73.0)
244: 478 489 (82.0)
245: 491 (60.0)
246: 492 498 (57.0)
247: 479 482 (69.0)
248: 487 494 511 (71.0)
249: 486 497 (75.0)
250: 502 510 (69.0)
251: 501 508 (59.0)
252: 495 (52.0)
253: 505 507 (73.0)
254: 500 509 (73.0)
255: 506 512 (71.0)
256: 504 519 (75.0)
257: 514 515 (66.0)
258: 516 518 525 (69.0)
259: 503 517 (59.0)
260: 513 520 (62.0)
261: 522 531 (80.0)
262: 527 529 (75.0)
263: 523 533 (69.0)
264: 528 536 (73.0)
265: 526 535 (71.0)
266: 524 (49.0)
267: 521 541 (93.0)
268: 530 538 (74.0)
269: 534 537 540 (67.0)
270: 532 543 (70.0)
271: 548 549 (68.0)
272: 553 555 (75.0)
273: 544 556 563 (73.0)
274: 542 545 (61.0)
275: 539 547 (70.0)
276: 551 559 (75.0)
277: 550 552 (71.0)
278: 557 567 (71.0)
279: 546 554 558 (65.0)
280: 576 (49.0)
281: 560 561 (69.0)
282: 562 566 (98.0)
283: 564 565 (69.0)
284: 570 571 (69.0)
285: 569 573 (71.0)
286: 580 (61.0)
287: 574 575 (70.0)
288: 583 (54.0)
289: 578 579 (70.0)
290: 581 590 (71.0)
291: 568 577 (63.0)
292: 572 584 (72.0)
293: 582 587 (68.0)
294: 585 597 600 (79.0)
295: 589 591 598 (73.0)
296: 586 593 599 (74.0)
297: 594 595 (71.0)
298: 588 603 (67.0)
299: 592 (63.0)
300: 601 608 (73.0)
301: 607 617 (67.0)
302: 596 602 604 (72.0)
303: 606 621 (70.0)
304: 618 619 (72.0)
305: 610 620 (47.0)
306: 613 623 (72.0)
307: 611 (65.0)
308: 614 615 (72.0)
309: 609 (55.0)
310: 605 (60.0)
311: 616 627 (70.0)
312: 624 631 (72.0)
313: 628 630 (70.0)
314: 612 626 637 (73.0)
315: 632 647 (72.0)
316: 625 629 (74.0)
317: 633 639 644 (78.0)
318: 622 635 (72.0)
319: 636 (68.0)
320: 642 653 (75.0)
321: 640 641 664 (74.0)
322: 645 652 (75.0)
323: 638 651 (72.0)
324: 634 657 665 (71.0)
325: 663 676 (75.0)
326: 646 656 662 (75.0)
327: 643 654 (69.0)
328: 648 673 674 (87.0)
329: 649 650 655 (77.0)
330: 659 660 670 (74.0)
331: 658 668 684 (80.0)
332: 666 680 685 (74.0)
333: 667 671 679 (75.0)
334: 678 683 690 697 (81.0)
335: 661 677 687 (74.0)
336: 688 699 702 (71.0)
337: 675 686 691 (72.0)
338: 669 692 695 (73.0)
339: 682 689 704 (73.0)
340: 672 694 701 703 (75.0)
341: 681 700 705 (73.0)
342: 706 714 719 (71.0)
343: 707 713 (80.0)
344: 716 722 (77.0)
345: 693 696 (70.0)
346: 698 718 729 (74.0)
347: 709 725 (73.0)
348: 710 715 728 (68.0)
349: 717 723 733 (80.0)
350: 712 720 721 735 (74.0)
351: 708 711 746 (67.0)
352: 734 737 (69.0)
353: 724 731 739 741 (75.0)
354: 727 736 738 (72.0)
355: 744 745 747 (86.0)
356: 740 742 749 (84.0)
357: 726 730 732 743 748 (74.0)
