Name: 750-30-50
Time: 30.139845609664917 
Result: 259049
Solution:  2 0 0 1 6 1 3 8 2 4 8 6 7 10 8 5 5 9 3 10 9 4 12 11 3 17 12 16 13 23 15 16 22 18 19 17 15 19 20 21 11 14 26 13 28 22 18 20 23 27 24 24 29 26 30 27 29 35 23 21 30 27 31 32 33 32 38 33 37 35 37 41 41 35 31 38 39 43 34 37 40 48 34 40 45 43 47 47 53 45 48 42 49 43 46 50 44 44 43 50 51 51 52 45 54 54 56 53 60 55 55 58 53 64 58 56 52 62 59 58 60 61 55 65 64 65 62 71 66 72 66 65 59 70 61 68 67 68 69 67 64 69 75 69 69 77 72 73 74 76 76 78 72 83 82 75 70 76 71 73 81 86 83 81 82 90 87 81 84 79 78 77 85 79 84 92 87 90 88 86 88 91 85 94 84 91 93 93 96 97 90 98 102 95 99 95 94 98 104 103 97 95 108 100 108 96 109 100 103 106 101 102 106 111 103 99 107 107 116 115 101 108 112 112 111 110 113 109 110 117 111 114 115 119 125 118 119 123 114 116 117 122 127 128 124 126 121 124 127 120 132 123 121 129 130 125 125 122 129 131 126 127 134 128 131 134 132 136 133 138 133 135 136 144 137 142 133 141 133 139 139 137 146 137 143 147 151 140 142 144 145 142 143 140 146 147 148 147 149 149 148 155 158 150 153 150 152 152 160 159 157 153 159 151 156 157 163 154 157 155 158 165 163 162 156 162 165 161 166 159 172 163 164 167 174 169 161 175 166 167 171 170 170 168 171 173 168 172 177 169 175 178 173 174 175 183 176 177 179 186 179 184 184 175 181 188 186 176 181 185 183 191 189 180 182 187 187 188 182 190 185 193 199 196 189 189 195 194 198 193 199 192 198 194 190 199 207 191 195 204 199 200 210 195 193 202 197 203 203 197 201 209 208 206 200 208 209 205 211 209 206 210 213 220 214 217 207 216 218 212 211 213 219 212 221 213 219 222 217 216 223 215 224 221 220 217 223 224 224 228 231 225 221 226 232 226 222 222 229 231 237 230 230 227 235 232 229 231 233 234 233 237 234 236 238 241 239 242 239 245 243 247 238 235 244 245 238 236 244 240 240 253 243 246 242 251 246 246 248 242 250 252 254 255 248 249 252 249 248 252 247 251 251 250 254 256 258 251 254 256 253 251 255 258 252 259 254 258 259 261 258 263 256 261 265 261 257 260 266 264 267 265 271 262 261 264 263 263 260 268 273 272 268 267 266 273 268 260 265 265 272 262 271 276 272 266 270 271 269 269 267 268 274 273 273 270 276 268 271 278 280 276 274 285 275 269 272 279 280 277 284 285 273 277 275 276 278 281 280 281 283 284 282 283 278 279 285 278 285 284 285 281 286 286 290 286 284 288 288 291 282 283 287 287 293 289 291 289 287 293 294 291 286 296 296 289 300 292 294 290 289 295 303 292 296 294 293 299 297 297 297 305 299 301 296 295 296 294 300 302 304 301 306 298 300 301 303 299 303 300 309 298 308 305 309 309 314 302 308 307 310 306 308 309 305 308 316 310 316 312 316 304 312 311 309 307 312 316 315 317 314 320 311 309 317 326 318 319 314 315 318 311 318 323 313 323 317 321 320 323 322 317 318 321 322 321 319 331 322 325 330 324 326 329 329 326 324 325 330 325 328 327 327 327 324 325 328 331 323 330
0: 1 2 (23.0)
1: 3 5 (23.0)
2: 0 8 (31.0)
3: 6 18 24 (31.0)
4: 9 21 (37.0)
5: 15 16 (32.0)
6: 4 11 (44.0)
7: 12 (14.0)
8: 7 10 14 (36.0)
9: 17 20 (36.0)
10: 13 19 (35.0)
11: 23 40 (37.0)
12: 22 26 (19.0)
13: 28 43 (35.0)
14: 41 (19.0)
15: 30 36 (33.0)
16: 27 31 (33.0)
17: 25 35 (37.0)
18: 33 46 (17.0)
19: 34 37 (24.0)
20: 38 47 (39.0)
21: 39 59 (36.0)
22: 32 45 (39.0)
23: 29 48 58 (24.0)
24: 50 51 (32.0)
25: (0.0)
26: 42 53 (33.0)
27: 49 55 61 (55.0)
28: 44 (19.0)
29: 52 56 (30.0)
30: 54 60 (33.0)
31: 62 74 (27.0)
32: 63 65 (34.0)
33: 64 67 (22.0)
34: 78 82 (37.0)
35: 57 69 73 (46.0)
36: (0.0)
37: 68 70 79 (35.0)
38: 66 75 (45.0)
39: 76 (27.0)
40: 80 83 (40.0)
41: 71 72 (46.0)
42: 91 (30.0)
43: 77 85 93 98 (24.0)
44: 96 97 (33.0)
45: 84 89 103 (35.0)
46: 94 (21.0)
47: 86 87 (33.0)
48: 81 90 (12.0)
49: 92 (31.0)
50: 95 99 (40.0)
51: 100 101 (33.0)
52: 102 116 (39.0)
53: 88 107 112 (51.0)
54: 104 105 (33.0)
55: 109 110 122 (38.0)
56: 106 115 (45.0)
57: (0.0)
58: 111 114 119 (39.0)
59: 118 132 (38.0)
60: 108 120 (41.0)
61: 121 134 (29.0)
62: 117 126 (37.0)
63: (0.0)
64: 113 124 140 (59.0)
65: 123 125 131 (51.0)
66: 128 130 (50.0)
67: 136 139 (51.0)
68: 135 137 (32.0)
69: 138 141 143 144 (35.0)
70: 133 156 (39.0)
71: 127 158 (33.0)
72: 129 146 152 (32.0)
73: 147 159 (46.0)
74: 148 (30.0)
75: 142 155 (45.0)
76: 149 150 157 (29.0)
77: 145 171 (31.0)
78: 151 170 (46.0)
79: 169 173 (45.0)
80: (0.0)
81: 160 163 167 (31.0)
82: 154 164 (40.0)
83: 153 162 (49.0)
84: 168 174 184 (24.0)
85: 172 182 (31.0)
86: 161 179 (38.0)
87: 166 176 (50.0)
88: 178 180 (45.0)
89: (0.0)
90: 165 177 190 (35.0)
91: 181 185 (36.0)
92: 175 (30.0)
93: 186 187 (35.0)
94: 183 196 (38.0)
95: 193 195 201 (39.0)
96: 188 205 (50.0)
97: 189 200 (34.0)
98: 191 197 (31.0)
99: 194 215 (40.0)
100: 203 207 (36.0)
101: 210 220 (53.0)
102: 192 211 (34.0)
103: 199 208 214 (35.0)
104: 198 (30.0)
105: (0.0)
106: 209 212 (49.0)
107: 216 217 (36.0)
108: 202 204 221 (27.0)
109: 206 227 (33.0)
110: 225 228 (40.0)
111: 213 224 230 (37.0)
112: 222 223 (37.0)
113: 226 (31.0)
114: 231 238 (41.0)
115: 219 232 (32.0)
116: 218 239 (42.0)
117: 229 240 (44.0)
118: 235 (30.0)
119: 233 236 (41.0)
120: 249 (32.0)
121: 246 252 (36.0)
122: 241 257 (41.0)
123: 237 251 (44.0)
124: 244 247 (32.0)
125: 234 255 256 (23.0)
126: 245 260 (46.0)
127: 242 248 261 (31.0)
128: 243 263 (35.0)
129: 253 258 (41.0)
130: 254 (33.0)
131: 259 264 (51.0)
132: 250 266 (31.0)
133: 268 270 276 278 (26.0)
134: 262 265 (34.0)
135: 271 (31.0)
136: 267 272 (41.0)
137: 274 281 283 (33.0)
138: 269 (30.0)
139: 279 280 (57.0)
140: 287 293 (57.0)
141: 277 (33.0)
142: 275 288 291 (45.0)
143: 284 292 (33.0)
144: 273 289 (42.0)
145: 290 (32.0)
146: 282 294 (55.0)
147: 285 295 297 (47.0)
148: 296 300 (34.0)
149: 298 299 (39.0)
150: 303 305 (46.0)
151: 286 313 (45.0)
152: 306 307 (39.0)
153: 304 311 (41.0)
154: 317 (30.0)
155: 301 319 (46.0)
156: 314 324 (49.0)
157: 310 315 318 (44.0)
158: 302 320 (30.0)
159: 309 312 329 (33.0)
160: 308 (33.0)
161: 327 336 (38.0)
162: 323 325 (42.0)
163: 316 322 331 (37.0)
164: 332 (32.0)
165: 321 326 (59.0)
166: 328 338 (35.0)
167: 333 339 (30.0)
168: 343 346 (30.0)
169: 335 349 (47.0)
170: 341 342 (46.0)
171: 340 344 (46.0)
172: 330 347 (44.0)
173: 345 352 (46.0)
174: 334 353 (31.0)
175: 337 350 354 363 (33.0)
176: 356 367 (36.0)
177: 348 357 (37.0)
178: 351 (35.0)
179: 358 360 (30.0)
180: 373 (34.0)
181: 364 368 (45.0)
182: 374 378 (36.0)
183: 355 370 (50.0)
184: 361 362 (51.0)
185: 369 380 (49.0)
186: 359 366 (47.0)
187: 375 376 (42.0)
188: 365 377 (42.0)
189: 372 384 385 (48.0)
190: 379 394 (51.0)
191: 371 397 (50.0)
192: 391 (37.0)
193: 381 389 404 (46.0)
194: 387 393 (32.0)
195: 386 398 403 (49.0)
196: 383 (30.0)
197: 406 409 (48.0)
198: 388 392 (32.0)
199: 382 390 395 400 (43.0)
200: 401 414 (48.0)
201: 410 (40.0)
202: 405 (34.0)
203: 407 408 (36.0)
204: 399 (32.0)
205: 417 (31.0)
206: 413 420 (61.0)
207: 396 426 (43.0)
208: 412 415 (37.0)
209: 411 416 419 (28.0)
210: 402 421 (35.0)
211: 418 430 (48.0)
212: 429 433 (46.0)
213: 422 431 435 (53.0)
214: 424 (40.0)
215: 441 (33.0)
216: 427 439 (42.0)
217: 425 438 445 (49.0)
218: 428 (30.0)
219: 432 436 (49.0)
220: 423 444 (47.0)
221: 434 443 452 (41.0)
222: 437 456 457 (45.0)
223: 440 446 (40.0)
224: 442 447 448 (49.0)
225: 451 (36.0)
226: 453 455 (48.0)
227: 463 (30.0)
228: 449 (38.0)
229: 458 466 (43.0)
230: 461 462 (49.0)
231: 450 459 467 (50.0)
232: 454 465 (51.0)
233: 468 470 (52.0)
234: 469 472 (48.0)
235: 464 483 (46.0)
236: 473 487 (46.0)
237: 460 471 (24.0)
238: 474 482 486 (39.0)
239: 476 478 (37.0)
240: 489 490 (36.0)
241: 475 (31.0)
242: 477 494 499 (49.0)
243: 480 492 (31.0)
244: 484 488 (45.0)
245: 479 485 (48.0)
246: 493 496 497 (35.0)
247: 481 510 (42.0)
248: 498 504 508 (42.0)
249: 505 507 (36.0)
250: 500 513 (50.0)
251: 495 511 512 517 521 (50.0)
252: 501 506 509 524 (46.0)
253: 491 520 (49.0)
254: 502 514 518 526 (45.0)
255: 503 522 (52.0)
256: 515 519 532 (47.0)
257: 536 (39.0)
258: 516 523 527 530 (48.0)
259: 525 528 (49.0)
260: 537 548 557 (47.0)
261: 529 533 535 544 (34.0)
262: 543 561 (51.0)
263: 531 546 547 (50.0)
264: 539 545 (40.0)
265: 534 541 558 559 (49.0)
266: 538 554 565 (46.0)
267: 540 553 570 (49.0)
268: 549 552 556 571 577 (51.0)
269: 568 569 585 (40.0)
270: 566 575 (47.0)
271: 542 562 567 578 (50.0)
272: 551 560 564 586 (49.0)
273: 550 555 573 574 592 (50.0)
274: 572 582 (48.0)
275: 584 594 (48.0)
276: 563 576 581 595 (46.0)
277: 589 593 (50.0)
278: 579 596 604 607 (50.0)
279: 587 605 (47.0)
280: 580 588 598 (50.0)
281: 597 599 611 (54.0)
282: 602 620 (53.0)
283: 600 603 621 (50.0)
284: 590 601 609 616 (49.0)
285: 583 591 606 608 610 (50.0)
286: 612 613 615 632 (50.0)
287: 622 623 628 (49.0)
288: 617 618 (44.0)
289: 625 627 635 640 (42.0)
290: 614 639 (53.0)
291: 619 626 631 (50.0)
292: 637 643 (50.0)
293: 624 629 646 (49.0)
294: 630 638 645 657 (48.0)
295: 641 655 (45.0)
296: 633 634 644 654 656 (48.0)
297: 648 649 650 (48.0)
298: 663 671 (53.0)
299: 647 652 667 (48.0)
300: 636 658 664 669 (48.0)
301: 653 661 665 (50.0)
302: 659 677 (51.0)
303: 642 666 668 (49.0)
304: 660 691 (48.0)
305: 651 673 684 (45.0)
306: 662 681 (50.0)
307: 679 695 (42.0)
308: 672 678 682 685 (49.0)
309: 670 674 675 683 694 703 (49.0)
310: 680 687 (45.0)
311: 693 702 711 (46.0)
312: 689 692 696 (48.0)
313: 714 (34.0)
314: 676 700 708 (41.0)
315: 698 709 (32.0)
316: 686 688 690 697 (50.0)
317: 699 704 716 721 (49.0)
318: 706 710 712 722 (49.0)
319: 707 726 (53.0)
320: 701 718 (47.0)
321: 717 723 725 (50.0)
322: 720 724 728 (55.0)
323: 713 715 719 748 (48.0)
324: 731 736 744 (46.0)
325: 729 737 739 745 (50.0)
326: 705 732 735 (47.0)
327: 741 742 743 (50.0)
328: 740 746 (48.0)
329: 733 734 (37.0)
330: 730 738 749 (49.0)
331: 727 747 (48.0)
