Name: 750-30-50
Time: 56.30094122886658 
Result: 50
Solution:  1 3 1 0 4 5 1 7 3 0 6 5 3 8 11 4 8 9 8 6 6 9 15 10 7 14 10 13 12 12 15 16 13 18 15 17 16 17 19 18 11 26 21 22 25 20 18 27 23 27 19 21 29 32 20 23 26 33 33 29 34 25 31 36 35 32 39 33 36 34 35 41 39 34 34 38 44 34 31 43 42 48 35 38 49 42 43 50 53 42 41 45 46 41 51 51 44 47 54 49 54 47 48 50 56 58 58 53 55 59 55 57 57 60 58 56 52 61 63 59 62 64 54 62 64 61 63 68 65 65 60 72 59 73 72 66 66 75 71 68 70 71 73 74 74 69 74 76 67 76 75 77 69 82 75 79 77 72 82 79 85 88 80 86 81 85 80 81 87 78 87 85 84 78 84 91 89 84 89 90 88 91 86 90 86 93 92 95 99 97 92 102 102 96 105 96 93 97 103 106 98 96 106 100 107 99 101 98 106 110 109 108 104 104 100 105 109 108 115 107 101 107 113 111 110 118 111 112 120 115 112 118 116 114 112 119 114 112 117 117 121 125 116 122 126 126 122 124 124 123 125 120 125 129 128 127 127 121 133 130 129 136 134 134 132 136 138 133 127 131 138 137 132 145 143 130 146 135 143 139 140 138 140 146 148 147 143 141 136 151 142 143 153 141 145 153 151 146 149 144 148 147 158 149 149 155 153 150 159 153 158 157 154 154 155 156 156 152 161 163 156 160 163 161 157 162 167 167 170 164 164 160 165 168 168 168 175 167 162 166 171 171 169 166 172 173 172 171 179 170 172 174 176 175 178 184 176 177 178 173 179 177 180 181 180 188 190 181 178 187 187 185 189 183 181 188 186 186 185 193 182 192 197 198 192 189 191 187 197 194 199 192 190 196 191 196 200 203 198 195 199 193 202 197 208 201 200 205 208 199 206 209 207 205 210 203 209 211 213 210 204 210 212 216 214 213 207 208 219 211 218 213 216 212 209 215 217 217 218 215 212 220 223 220 219 221 225 225 229 227 228 222 222 224 231 226 229 229 228 236 233 233 226 232 235 230 231 228 230 232 241 239 234 234 237 237 239 245 241 236 240 238 240 235 248 242 240 243 244 242 245 244 249 252 238 251 249 246 247 247 250 246 248 258 251 247 252 248 252 252 255 249 255 250 247 257 249 251 253 259 256 255 254 262 253 258 251 257 254 256 260 262 257 260 263 257 261 255 261 265 267 261 266 265 260 260 266 262 263 268 263 259 275 267 264 271 267 269 270 268 268 269 272 271 271 268 273 276 276 274 268 263 272 273 274 280 274 268 266 277 276 275 272 281 274 270 278 277 278 275 277 280 270 279 285 286 280 281 287 282 282 281 285 287 278 281 287 284 286 282 280 279 283 286 291 283 290 284 288 295 283 284 290 296 290 293 290 287 296 291 293 292 287 295 289 289 288 292 297 297 294 295 292 302 298 301 298 294 294 289 299 299 307 302 296 293 292 295 301 300 303 310 297 298 295 308 299 304 300 301 308 303 304 309 301 306 313 307 304 299 305 309 308 312 308 311 315 313 314 306 310 305 311 312 314 317 310 312 314 311 315 320 312 307 314 323 319 313 316 318 318 317 322 319 311 325 322 324 325 318 324 319 323 322 322 316 320 316 321 326 330 327 321 329 326 325 323 321 327 324 326 328 329 329 328 323 330 331 327 330
0: 3 9 (36.0)
1: 0 2 6 (47.0)
2: (0.0)
3: 1 8 12 (29.0)
4: 4 15 (44.0)
5: 5 11 (32.0)
6: 10 19 20 (41.0)
7: 7 24 (34.0)
8: 13 16 18 (36.0)
9: 17 21 (36.0)
10: 23 26 (39.0)
11: 14 40 (19.0)
12: 28 29 (31.0)
13: 27 32 (43.0)
14: 25 (18.0)
15: 22 30 34 (31.0)
16: 31 36 (36.0)
17: 35 37 (31.0)
18: 33 39 46 (27.0)
19: 38 50 (35.0)
20: 45 54 (39.0)
21: 42 51 (35.0)
22: 43 (14.0)
23: 48 55 (13.0)
24: (0.0)
25: 44 61 (45.0)
26: 41 56 (33.0)
27: 47 49 (42.0)
28: (0.0)
29: 52 59 (42.0)
30: (0.0)
31: 62 78 (34.0)
32: 53 65 (32.0)
33: 57 58 67 (30.0)
34: 60 69 73 74 77 (52.0)
35: 64 70 82 (39.0)
36: 63 68 (34.0)
37: (0.0)
38: 75 83 (35.0)
39: 66 72 (46.0)
40: (0.0)
41: 71 90 93 (31.0)
42: 80 85 89 (44.0)
43: 79 86 (41.0)
44: 76 96 (45.0)
45: 91 (30.0)
46: 92 (31.0)
47: 97 101 (32.0)
48: 81 102 (36.0)
49: 84 99 (49.0)
50: 87 103 (11.0)
51: 94 95 (33.0)
52: 116 (12.0)
53: 88 107 (36.0)
54: 98 100 122 (35.0)
55: 108 110 (39.0)
56: 104 115 (32.0)
57: 111 112 (33.0)
58: 105 106 114 (56.0)
59: 109 119 132 (35.0)
60: 113 130 (45.0)
61: 117 125 (45.0)
62: 120 123 (37.0)
63: 118 126 (39.0)
64: 121 124 (27.0)
65: 128 129 (34.0)
66: 135 136 (46.0)
67: 148 (30.0)
68: 127 139 (45.0)
69: 145 152 (33.0)
70: 140 (31.0)
71: 138 141 (10.0)
72: 131 134 157 (33.0)
73: 133 142 (43.0)
74: 143 144 146 (32.0)
75: 137 150 154 (34.0)
76: 147 149 (31.0)
77: 151 156 (43.0)
78: 169 173 (45.0)
79: 155 159 (40.0)
80: 162 166 (52.0)
81: 164 167 (39.0)
82: 153 158 (35.0)
83: (0.0)
84: 172 174 177 (26.0)
85: 160 165 171 (33.0)
86: 163 182 184 (31.0)
87: 168 170 (35.0)
88: 161 180 (48.0)
89: 176 178 (45.0)
90: 179 183 (34.0)
91: 175 181 (38.0)
92: 186 190 (37.0)
93: 185 196 (49.0)
94: (0.0)
95: 187 (17.0)
96: 193 195 201 (39.0)
97: 189 197 (26.0)
98: 200 207 (32.0)
99: 188 205 (50.0)
100: 203 214 (45.0)
101: 206 220 (56.0)
102: 191 192 (38.0)
103: 198 (30.0)
104: 212 213 (36.0)
105: 194 215 (40.0)
106: 199 202 208 (26.0)
107: 204 219 221 (34.0)
108: 211 217 (30.0)
109: 210 216 (42.0)
110: 209 224 (38.0)
111: 223 226 (36.0)
112: 227 230 234 237 (42.0)
113: 222 (32.0)
114: 233 236 (41.0)
115: 218 229 (42.0)
116: 232 242 (32.0)
117: 238 239 (37.0)
118: 225 231 (49.0)
119: 235 (30.0)
120: 228 251 (43.0)
121: 240 257 (50.0)
122: 243 246 (45.0)
123: 249 (32.0)
124: 247 248 (18.0)
125: 241 250 252 (36.0)
126: 244 245 (37.0)
127: 255 256 268 (24.0)
128: 254 (33.0)
129: 253 260 (54.0)
130: 259 275 (51.0)
131: 269 (30.0)
132: 264 272 (52.0)
133: 258 267 (32.0)
134: 262 263 (38.0)
135: 277 (33.0)
136: 261 265 288 (30.0)
137: 271 (31.0)
138: 266 270 281 (41.0)
139: 279 (32.0)
140: 280 282 (53.0)
141: 287 293 (57.0)
142: 290 (32.0)
143: 274 278 286 291 (33.0)
144: 299 (30.0)
145: 273 294 (41.0)
146: 276 283 297 (35.0)
147: 285 301 (39.0)
148: 284 300 (38.0)
149: 298 303 304 (48.0)
150: 307 (34.0)
151: 289 296 (47.0)
152: 317 (30.0)
153: 292 295 306 309 (33.0)
154: 312 313 (39.0)
155: 305 314 (49.0)
156: 315 316 320 (36.0)
157: 311 324 (48.0)
158: 302 310 (30.0)
159: 308 (33.0)
160: 321 331 (40.0)
161: 318 323 (43.0)
162: 325 338 (34.0)
163: 319 322 (35.0)
164: 329 330 (48.0)
165: 332 (32.0)
166: 339 343 (31.0)
167: 326 327 337 (46.0)
168: 333 334 335 (48.0)
169: 342 (31.0)
170: 328 349 (42.0)
171: 340 341 347 (59.0)
172: 344 346 350 (47.0)
173: 345 359 (44.0)
174: 351 (35.0)
175: 336 353 (46.0)
176: 352 356 (45.0)
177: 357 361 (47.0)
178: 354 358 368 (46.0)
179: 348 360 (30.0)
180: 362 364 (47.0)
181: 363 367 374 (49.0)
182: 380 (32.0)
183: 373 (34.0)
184: 355 (33.0)
185: 371 378 (43.0)
186: 376 377 (41.0)
187: 369 370 387 (46.0)
188: 365 375 (43.0)
189: 372 385 (44.0)
190: 366 392 (43.0)
191: 386 394 (58.0)
192: 381 384 391 (50.0)
193: 379 401 (47.0)
194: 389 (30.0)
195: 399 (32.0)
196: 393 395 (32.0)
197: 382 388 403 (33.0)
198: 383 398 (39.0)
199: 390 400 409 (49.0)
200: 396 406 (34.0)
201: 405 (34.0)
202: 402 (30.0)
203: 397 415 (45.0)
204: 420 (37.0)
205: 407 413 (47.0)
206: 410 (40.0)
207: 412 426 (46.0)
208: 404 408 427 (34.0)
209: 411 416 434 (29.0)
210: 414 419 421 (43.0)
211: 417 429 (43.0)
212: 422 433 440 (50.0)
213: 418 425 431 (50.0)
214: 424 (40.0)
215: 435 439 (54.0)
216: 423 432 (44.0)
217: 436 437 (43.0)
218: 430 438 (36.0)
219: 428 444 (41.0)
220: 441 443 (45.0)
221: 445 (32.0)
222: 451 452 (49.0)
223: 442 (31.0)
224: 453 (30.0)
225: 446 447 (43.0)
226: 455 462 (31.0)
227: 449 (38.0)
228: 450 458 467 (45.0)
229: 448 456 457 (48.0)
230: 465 468 (52.0)
231: 454 466 (49.0)
232: 463 469 (47.0)
233: 460 461 (43.0)
234: 472 473 (44.0)
235: 464 483 (46.0)
236: 459 479 (48.0)
237: 474 475 (44.0)
238: 481 494 (46.0)
239: 471 476 (34.0)
240: 480 482 486 (45.0)
241: 470 478 (46.0)
242: 485 489 (43.0)
243: 487 (33.0)
244: 488 491 (52.0)
245: 477 490 (44.0)
246: 497 501 (31.0)
247: 498 499 505 514 (35.0)
248: 484 502 507 (46.0)
249: 492 496 511 516 (49.0)
250: 500 513 (50.0)
251: 495 504 517 526 (46.0)
252: 493 506 508 509 (44.0)
253: 518 524 (36.0)
254: 522 528 (52.0)
255: 510 512 521 537 (38.0)
256: 520 529 (34.0)
257: 515 527 532 535 (42.0)
258: 503 525 (49.0)
259: 519 551 (50.0)
260: 530 533 544 545 (40.0)
261: 536 538 541 (48.0)
262: 523 531 547 (44.0)
263: 534 548 550 571 (43.0)
264: 554 (31.0)
265: 539 543 (53.0)
266: 542 546 578 (50.0)
267: 540 553 556 (48.0)
268: 549 559 560 565 570 577 (45.0)
269: 557 561 (45.0)
270: 558 585 592 (50.0)
271: 555 563 564 (53.0)
272: 562 572 582 (49.0)
273: 566 573 (42.0)
274: 569 574 576 584 (47.0)
275: 552 581 589 (42.0)
276: 567 568 580 (50.0)
277: 579 587 590 (50.0)
278: 586 588 604 (44.0)
279: 593 611 (48.0)
280: 575 591 596 610 (48.0)
281: 583 597 601 605 (50.0)
282: 599 600 609 (60.0)
283: 612 615 620 (49.0)
284: 607 617 621 (50.0)
285: 594 602 (54.0)
286: 595 608 613 (49.0)
287: 598 603 606 627 632 (48.0)
288: 618 636 (39.0)
289: 634 635 649 (50.0)
290: 616 622 624 626 (49.0)
291: 614 629 (48.0)
292: 631 637 642 656 (50.0)
293: 625 630 655 (50.0)
294: 640 647 648 (49.0)
295: 619 633 641 657 664 (45.0)
296: 623 628 654 (50.0)
297: 638 639 662 (50.0)
298: 644 646 663 (50.0)
299: 650 651 666 679 (47.0)
300: 659 668 (50.0)
301: 645 658 669 674 (49.0)
302: 643 653 (48.0)
303: 660 671 (48.0)
304: 667 672 678 (49.0)
305: 680 691 (56.0)
306: 675 689 (48.0)
307: 652 677 703 (50.0)
308: 665 670 682 684 (50.0)
309: 673 681 (48.0)
310: 661 690 696 (49.0)
311: 685 692 699 714 (50.0)
312: 683 693 697 702 (50.0)
313: 676 687 707 (48.0)
314: 688 694 698 704 (48.0)
315: 686 700 (45.0)
316: 708 725 727 (49.0)
317: 695 711 (49.0)
318: 709 710 719 (46.0)
319: 706 713 721 (48.0)
320: 701 726 (46.0)
321: 728 732 737 (47.0)
322: 712 716 723 724 (49.0)
323: 705 722 736 745 (50.0)
324: 717 720 739 (43.0)
325: 715 718 735 (45.0)
326: 729 734 740 (45.0)
327: 731 738 748 (45.0)
328: 741 744 (44.0)
329: 733 742 743 (48.0)
330: 730 746 749 (50.0)
331: 747 (40.0)
