Name: 750-50-100
Time: 54.522027015686035 
Result: 102
Solution:  6 0 2 4 1 0 4 5 5 1 3 3 6 10 5 8 12 9 14 9 6 2 17 11 10 15 11 8 15 11 14 9 20 23 16 18 17 12 23 21 23 22 15 26 25 22 21 26 24 20 18 24 32 25 24 29 30 25 26 34 25 24 34 29 27 36 37 36 34 38 35 35 31 31 30 38 36 29 42 37 36 42 41 41 42 40 46 39 43 50 53 45 40 52 50 51 44 43 46 48 55 44 54 47 49 53 55 52 53 47 54 51 57 56 59 59 63 58 58 56 58 62 61 57 60 58 57 68 64 65 61 65 65 67 62 69 71 68 69 74 69 70 72 75 69 78 74 80 75 80 67 75 77 72 71 71 79 77 80 81 83 79 84 77 86 81 83 82 83 81 91 86 87 89 89 92 94 90 84 88 91 89 94 92 87 99 99 88 96 98 94 93 104 96 97 95 94 100 107 93 100 98 102 108 95 105 106 105 106 98 111 110 101 101 115 111 103 105 112 114 112 109 107 110 114 114 113 110 120 115 108 120 115 116 119 120 113 118 118 120 119 123 124 117 121 124 125 125 121 128 122 127 129 129 126 128 126 130 127 135 134 131 136 130 141 133 133 132 137 131 141 136 134 136 138 132 140 137 145 138 135 143 141 143 140 139 135 142 144 151 145 139 139 142 147 146 147 146 148 140 154 153 148 150 150 154 149 160 150 157 155 159 158 151 156 152 154 155 160 152 158 161 161 161 171 163 156 163 162 162 164 168 160 166 167 165 161 164 172 167 169 169 174 172 177 173 165 171 173 170 175 172 181 177 179 175 181 176 178 182 180 185 185 174 181 187 184 178 182 180 182 183 184 189 188 196 189 193 186 186 188 194 190 187 196 192 194 193 190 196 195 191 195 194 201 200 199 197 207 200 195 204 203 197 198 198 203 203 200 210 211 202 202 211 208 204 208 207 213 210 213 205 209 206 215 205 206 212 209 206 215 219 216 217 214 214 218 217 222 219 227 221 222 224 218 221 227 228 218 223 223 220 225 226 224 225 230 229 233 228 226 232 231 232 231 239 234 237 238 233 239 240 234 229 239 235 232 237 240 236 237 244 230 235 239 238 241 245 245 240 240 245 242 241 233 244 234 247 252 244 246 242 245 246 248 243 250 247 246 256 249 247 245 243 253 244 255 258 255 250 250 251 254 254 252 250 253 249 257 249 252 251 249 256 258 260 253 260 254 259 258 251 257 257 268 262 251 264 258 266 259 255 261 265 262 262 264 263 267 266 267 263 268 271 267 265 260 269 261 269 272 266 267 268 278 265 275 268 271 270 270 270 273 277 273 278 280 276 274 274 274 273 274 272 269 279 271 277 276 282 278 277 283 283 275 279 284 281 279 280 283 284 278 277 281 283 286 281 292 291 285 285 286 287 290 292 291 287 286 284 279 288 288 290 282 292 291 282 297 289 296 289 293 287 288 292 300 301 294 294 293 291 295 294 287 298 294 304 296 301 297 298 295 296 307 299 302 303 300 295 303 298 297 307 301 299 302 304 306 305 310 306 304 300 308 299 308 309 307 305 307 301 306 308 303 310 311 310 312 315 314 307 314 319 313 312 316 316 314 318 312 311 312 318 313 316 315 321 320 313 309 316 316 320 317 318 326 320 327 325 321 325 324 320 324 325 324 319 322 321 317 320 327 322 326 326 327 322 323 326
0: 1 5 (57.0)
1: 4 9 (62.0)
2: 2 21 (71.0)
3: 10 11 (51.0)
4: 3 6 (49.0)
5: 7 8 14 (41.0)
6: 0 12 20 (47.0)
7: (0.0)
8: 15 27 (51.0)
9: 17 19 31 (53.0)
10: 13 24 (78.0)
11: 23 26 29 (92.0)
12: 16 37 (52.0)
13: (0.0)
14: 18 30 (72.0)
15: 25 28 42 (89.0)
16: 34 (25.0)
17: 22 36 (40.0)
18: 35 50 (71.0)
19: (0.0)
20: 32 49 (70.0)
21: 39 46 (82.0)
22: 41 45 (67.0)
23: 33 38 40 (60.0)
24: 48 51 54 61 (99.0)
25: 44 53 57 60 (38.0)
26: 43 47 58 (69.0)
27: 64 (42.0)
28: (0.0)
29: 55 63 77 (112.0)
30: 56 74 (79.0)
31: 72 73 (56.0)
32: 52 (49.0)
33: (0.0)
34: 59 62 68 (48.0)
35: 70 71 (55.0)
36: 65 67 76 80 (61.0)
37: 66 79 (64.0)
38: 69 75 (63.0)
39: 87 (50.0)
40: 85 92 (68.0)
41: 82 83 (57.0)
42: 78 81 84 (87.0)
43: 88 97 (60.0)
44: 96 101 (45.0)
45: 91 (51.0)
46: 86 98 (15.0)
47: 103 109 (58.0)
48: 99 (50.0)
49: 104 (53.0)
50: 89 94 (51.0)
51: 95 111 (63.0)
52: 93 107 (56.0)
53: 90 105 108 (52.0)
54: 102 110 (55.0)
55: 100 106 (70.0)
56: 113 119 (82.0)
57: 112 123 126 (53.0)
58: 117 118 120 125 (55.0)
59: 114 115 (60.0)
60: 124 (50.0)
61: 122 130 (59.0)
62: 121 134 (96.0)
63: 116 (51.0)
64: 128 (55.0)
65: 129 131 132 (68.0)
66: (0.0)
67: 133 150 (92.0)
68: 127 137 (79.0)
69: 135 138 140 144 (44.0)
70: 141 (54.0)
71: 136 154 155 (91.0)
72: 142 153 (59.0)
73: (0.0)
74: 139 146 (100.0)
75: 143 148 151 (70.0)
76: (0.0)
77: 152 157 163 (66.0)
78: 145 (51.0)
79: 156 161 (78.0)
80: 147 149 158 (93.0)
81: 159 165 169 (73.0)
82: 167 (55.0)
83: 160 166 168 (57.0)
84: 162 178 (77.0)
85: (0.0)
86: 164 171 (83.0)
87: 172 184 (80.0)
88: 179 187 (56.0)
89: 173 174 181 (64.0)
90: 177 (45.0)
91: 170 180 (60.0)
92: 175 183 (97.0)
93: 191 199 (81.0)
94: 176 182 190 196 (77.0)
95: 195 204 (65.0)
96: 188 193 (58.0)
97: 194 (50.0)
98: 189 201 209 (74.0)
99: 185 186 (67.0)
100: 197 200 (84.0)
101: 212 213 (67.0)
102: 202 (59.0)
103: 216 (65.0)
104: 192 (60.0)
105: 205 207 217 (60.0)
106: 206 208 (56.0)
107: 198 222 (79.0)
108: 203 230 (57.0)
109: 221 (60.0)
110: 211 223 227 (59.0)
111: 210 215 (83.0)
112: 218 220 (62.0)
113: 226 236 (96.0)
114: 219 224 225 (81.0)
115: 214 229 232 (98.0)
116: 233 (53.0)
117: 243 (55.0)
118: 237 238 (69.0)
119: 234 240 (74.0)
120: 228 231 235 239 (75.0)
121: 244 248 (66.0)
122: 250 (52.0)
123: 241 (55.0)
124: 242 245 (51.0)
125: 246 247 (71.0)
126: 254 256 (62.0)
127: 251 258 (59.0)
128: 249 255 (87.0)
129: 252 253 (71.0)
130: 257 263 (68.0)
131: 261 269 (95.0)
132: 267 275 (89.0)
133: 265 266 (77.0)
134: 260 272 (89.0)
135: 259 280 286 (97.0)
136: 262 271 273 (93.0)
137: 268 277 (89.0)
138: 274 279 (74.0)
139: 285 291 292 (95.0)
140: 276 284 299 (79.0)
141: 264 270 282 (88.0)
142: 287 293 (66.0)
143: 281 283 (89.0)
144: 288 (52.0)
145: 278 290 (87.0)
146: 295 297 (84.0)
147: 294 296 (66.0)
148: 298 302 (83.0)
149: 306 (62.0)
150: 303 304 308 (95.0)
151: 289 313 (85.0)
152: 315 319 (86.0)
153: 301 (58.0)
154: 300 305 316 (74.0)
155: 310 317 (72.0)
156: 314 326 (82.0)
157: 309 (62.0)
158: 312 320 (86.0)
159: 311 (59.0)
160: 307 318 332 (62.0)
161: 321 322 323 336 (94.0)
162: 328 329 (78.0)
163: 325 327 (59.0)
164: 330 337 (73.0)
165: 335 346 (79.0)
166: 333 (64.0)
167: 334 339 (70.0)
168: 331 (73.0)
169: 340 341 (79.0)
170: 349 (70.0)
171: 324 347 (96.0)
172: 338 343 351 (86.0)
173: 345 348 (63.0)
174: 342 363 (87.0)
175: 350 355 (90.0)
176: 357 (61.0)
177: 344 353 (85.0)
178: 358 367 (85.0)
179: 354 (57.0)
180: 360 369 (88.0)
181: 352 356 364 (96.0)
182: 359 368 370 (92.0)
183: 371 (57.0)
184: 366 372 (92.0)
185: 361 362 (80.0)
186: 378 379 (82.0)
187: 365 383 (99.0)
188: 374 380 (91.0)
189: 373 376 (91.0)
190: 382 388 (60.0)
191: 391 (60.0)
192: 385 (52.0)
193: 377 387 (98.0)
194: 381 386 393 (88.0)
195: 390 392 400 (98.0)
196: 375 384 389 (97.0)
197: 397 403 (80.0)
198: 404 405 (83.0)
199: 396 (71.0)
200: 395 399 408 (79.0)
201: 394 (57.0)
202: 411 412 (88.0)
203: 402 406 407 (97.0)
204: 401 415 (95.0)
205: 421 425 (90.0)
206: 423 426 429 (97.0)
207: 398 417 (91.0)
208: 414 416 (97.0)
209: 422 428 (99.0)
210: 409 419 (89.0)
211: 410 413 (78.0)
212: 427 (56.0)
213: 418 420 (71.0)
214: 434 435 (85.0)
215: 424 430 (85.0)
216: 432 (66.0)
217: 433 437 (93.0)
218: 436 444 448 (99.0)
219: 431 439 (80.0)
220: 451 (55.0)
221: 441 445 (76.0)
222: 438 442 (85.0)
223: 449 450 (92.0)
224: 443 454 (94.0)
225: 452 455 (108.0)
226: 453 460 (91.0)
227: 440 446 (100.0)
228: 447 459 (86.0)
229: 457 473 (96.0)
230: 456 482 (93.0)
231: 462 464 (94.0)
232: 461 463 476 (78.0)
233: 458 469 494 (64.0)
234: 466 472 496 (95.0)
235: 475 483 (87.0)
236: 479 (55.0)
237: 467 477 480 (100.0)
238: 468 485 (64.0)
239: 465 470 474 484 (100.0)
240: 471 478 489 490 (99.0)
241: 486 493 (88.0)
242: 492 501 (79.0)
243: 505 513 (63.0)
244: 481 495 499 515 (85.0)
245: 487 488 491 502 512 (77.0)
246: 500 503 508 (85.0)
247: 497 507 511 (81.0)
248: 504 (77.0)
249: 510 527 529 532 (96.0)
250: 506 519 520 525 (86.0)
251: 521 531 541 546 (100.0)
252: 498 524 530 (92.0)
253: 514 526 536 (98.0)
254: 522 523 538 (94.0)
255: 516 518 551 (97.0)
256: 509 533 (91.0)
257: 528 542 543 (98.0)
258: 517 534 540 548 (94.0)
259: 539 550 (74.0)
260: 535 537 566 (84.0)
261: 552 568 (78.0)
262: 545 554 555 (99.0)
263: 557 561 (86.0)
264: 547 556 (89.0)
265: 553 565 575 (91.0)
266: 549 559 571 (97.0)
267: 558 560 564 572 (98.0)
268: 544 562 573 577 (93.0)
269: 567 569 594 (100.0)
270: 579 580 581 (92.0)
271: 563 578 596 (94.0)
272: 570 593 (92.0)
273: 582 584 591 (93.0)
274: 588 589 590 592 (105.0)
275: 576 604 (95.0)
276: 587 598 (79.0)
277: 583 597 601 613 (96.0)
278: 574 585 600 612 (95.0)
279: 595 605 608 630 (98.0)
280: 586 609 (99.0)
281: 607 614 617 (96.0)
282: 599 634 637 (96.0)
283: 602 603 610 615 (113.0)
284: 606 611 629 (97.0)
285: 620 621 (111.0)
286: 616 622 628 (99.0)
287: 623 627 643 654 (117.0)
288: 631 632 644 (98.0)
289: 639 641 (89.0)
290: 624 633 (100.0)
291: 619 626 636 651 (98.0)
292: 618 625 635 645 (100.0)
293: 642 650 (99.0)
294: 648 649 653 656 (97.0)
295: 652 662 669 (89.0)
296: 640 658 663 (85.0)
297: 638 660 672 (87.0)
298: 655 661 671 (100.0)
299: 665 675 685 (93.0)
300: 646 668 683 (99.0)
301: 647 659 674 691 (92.0)
302: 666 676 (84.0)
303: 667 670 694 (98.0)
304: 657 677 682 (95.0)
305: 679 689 (90.0)
306: 678 681 692 (100.0)
307: 664 673 688 690 701 (90.0)
308: 684 686 693 (97.0)
309: 687 720 (100.0)
310: 680 695 697 (90.0)
311: 696 711 (97.0)
312: 698 705 710 712 (114.0)
313: 704 714 719 (100.0)
314: 700 702 708 (98.0)
315: 699 716 (95.0)
316: 706 707 715 721 722 (93.0)
317: 724 740 (98.0)
318: 709 713 725 (99.0)
319: 703 737 (100.0)
320: 718 723 727 733 741 (98.0)
321: 717 730 739 (96.0)
322: 738 743 747 (90.0)
323: 748 (71.0)
324: 732 734 736 (100.0)
325: 729 731 735 (100.0)
326: 726 744 745 749 (94.0)
327: 728 742 746 (88.0)
