Name: 750-40-75
Time: 29.739818572998047 
Result: 438099
Solution:  3 0 1 2 5 6 11 9 5 1 2 6 3 0 15 15 10 9 10 14 8 6 16 13 8 9 21 7 14 12 12 20 14 20 11 13 10 17 19 19 18 22 22 17 21 23 18 24 27 23 25 28 24 22 35 28 27 29 33 31 31 27 35 25 30 36 33 37 34 42 29 37 32 38 34 38 40 36 38 48 46 41 41 41 46 42 45 40 47 39 43 46 45 38 46 38 50 47 43 46 48 52 54 51 52 52 54 47 58 56 59 54 57 55 57 60 55 59 64 56 67 60 58 59 61 62 62 63 63 72 65 61 68 71 65 64 70 64 67 74 71 71 69 78 72 72 77 74 73 68 76 77 74 73 78 76 75 84 87 79 78 83 77 81 78 80 82 75 89 82 86 81 87 92 85 85 84 88 83 86 92 84 93 96 96 93 91 91 94 90 94 89 98 97 88 93 104 102 101 107 99 95 97 102 100 103 104 101 98 103 106 99 99 113 105 100 110 106 109 107 105 108 111 110 111 112 112 116 108 113 119 114 115 117 122 115 118 119 123 116 125 116 121 120 124 119 120 123 120 126 121 124 128 119 129 127 119 127 129 130 130 131 128 126 139 132 136 131 133 131 130 132 138 143 134 141 136 134 135 143 140 142 144 141 137 140 143 145 143 146 140 139 152 142 152 147 150 153 148 156 152 147 153 158 151 149 149 144 158 154 157 155 156 153 149 160 159 156 160 155 163 158 167 157 166 161 166 161 171 158 169 163 166 165 168 171 177 172 164 170 169 167 162 177 176 168 180 176 173 174 170 173 172 183 174 182 175 178 179 177 178 185 181 182 173 181 187 183 184 180 190 180 185 188 187 179 189 195 185 189 193 190 192 192 191 191 196 193 188 201 190 186 194 197 198 203 198 201 199 199 200 197 204 196 202 203 202 205 203 208 206 204 208 206 205 211 211 207 207 211 209 209 213 210 210 213 213 212 216 212 219 214 219 214 215 217 218 215 217 222 220 221 221 222 226 224 224 226 221 220 229 224 225 223 233 225 227 223 228 225 228 232 234 227 231 230 238 234 232 239 235 235 239 231 237 237 242 240 236 235 244 243 248 236 241 242 245 241 246 240 240 243 247 245 247 252 244 251 247 246 253 249 254 254 252 250 249 250 253 258 251 255 255 258 257 256 259 257 254 260 261 269 259 263 267 256 265 271 264 262 268 261 266 263 271 262 264 266 268 277 270 265 273 274 273 274 279 272 275 266 276 270 276 275 281 277 269 281 282 280 285 278 279 284 288 289 282 278 280 283 284 288 292 284 283 285 293 290 287 287 286 292 293 297 291 290 289 295 299 294 296 293 294 298 290 299 292 302 295 298 297 303 300 305 303 304 301 308 298 300 304 307 315 306 310 300 311 305 310 301 308 302 309 309 313 312 311 306 313 312 314 314 320 315 324 319 318 318 316 321 322 321 325 326 321 323 328 317 316 320 320 324 323 319 322 331 327 330 335 325 331 334 326 327 324 322 329 332 334 333 334 330 336 328 338 333 330 328 331 332 335 340 341 335 334 341 336 341 342 342 329 329 340 337 344 338 349 333 344 337 342 332 343 340 339 336 342 343 346 346 344 344 351 339 344 350 345 349 344 351 350 347 345 349 352 348 349 354 353 352 347 350 343 347 355 356 354 351 354 353 357 356 355 347 352 355 353 356 357 357
0: 1 13 (32.0)
1: 2 9 (36.0)
2: 3 10 (56.0)
3: 0 12 (49.0)
4: (0.0)
5: 4 8 (42.0)
6: 5 11 21 (38.0)
7: 27 (23.0)
8: 20 24 (61.0)
9: 7 17 25 (40.0)
10: 16 18 36 (48.0)
11: 6 34 (59.0)
12: 29 30 (29.0)
13: 23 35 (53.0)
14: 19 28 32 (47.0)
15: 14 15 (41.0)
16: 22 (7.0)
17: 37 43 (59.0)
18: 40 46 (49.0)
19: 38 39 (41.0)
20: 31 33 (64.0)
21: 26 44 (28.0)
22: 41 42 53 (47.0)
23: 45 49 (66.0)
24: 47 52 (42.0)
25: 50 63 (21.0)
26: (0.0)
27: 48 56 61 (44.0)
28: 51 55 (61.0)
29: 57 70 (40.0)
30: 64 (8.0)
31: 59 60 (48.0)
32: 72 (38.0)
33: 58 66 (47.0)
34: 68 74 (59.0)
35: 54 62 (45.0)
36: 65 77 (53.0)
37: 67 71 (42.0)
38: 73 75 78 93 95 (60.0)
39: 89 (33.0)
40: 76 87 (45.0)
41: 81 82 83 (77.0)
42: 69 85 (52.0)
43: 90 98 (60.0)
44: (0.0)
45: 86 92 (62.0)
46: 80 84 91 94 99 (65.0)
47: 88 97 107 (43.0)
48: 79 100 (42.0)
49: (0.0)
50: 96 (38.0)
51: 103 (39.0)
52: 101 104 105 (77.0)
53: (0.0)
54: 102 106 111 (61.0)
55: 113 116 (58.0)
56: 109 119 (48.0)
57: 112 114 (47.0)
58: 108 122 (63.0)
59: 110 117 123 (34.0)
60: 115 121 (35.0)
61: 124 131 (16.0)
62: 125 126 (55.0)
63: 127 128 (48.0)
64: 118 135 137 (34.0)
65: 130 134 (64.0)
66: (0.0)
67: 120 138 (53.0)
68: 132 149 (41.0)
69: 142 (38.0)
70: 136 (42.0)
71: 133 140 141 (65.0)
72: 129 144 145 (71.0)
73: 148 153 (63.0)
74: 139 147 152 (53.0)
75: 156 167 (56.0)
76: 150 155 (71.0)
77: 146 151 162 (61.0)
78: 143 154 160 164 (36.0)
79: 159 (25.0)
80: 165 (45.0)
81: 163 171 (48.0)
82: 166 169 (41.0)
83: 161 178 (55.0)
84: 157 176 181 (64.0)
85: 174 175 (48.0)
86: 170 179 (50.0)
87: 158 172 (49.0)
88: 177 194 (71.0)
89: 168 191 (61.0)
90: 189 (42.0)
91: 186 187 (48.0)
92: 173 180 (37.0)
93: 182 185 195 (41.0)
94: 188 190 (17.0)
95: 201 (43.0)
96: 183 184 (71.0)
97: 193 202 (58.0)
98: 192 208 (54.0)
99: 200 211 212 (34.0)
100: 204 215 (36.0)
101: 198 207 (59.0)
102: 197 203 (56.0)
103: 205 209 (52.0)
104: 196 206 (28.0)
105: 214 220 (50.0)
106: 210 217 (72.0)
107: 199 219 (54.0)
108: 221 228 (54.0)
109: 218 (19.0)
110: 216 223 (36.0)
111: 222 224 (40.0)
112: 225 226 (67.0)
113: 213 229 (65.0)
114: 231 (46.0)
115: 232 235 (36.0)
116: 227 239 241 (46.0)
117: 233 (18.0)
118: 236 (48.0)
119: 230 237 245 253 256 (42.0)
120: 243 246 248 (71.0)
121: 242 250 (61.0)
122: 234 (48.0)
123: 238 247 (70.0)
124: 244 251 (55.0)
125: 240 (41.0)
126: 249 263 (48.0)
127: 255 257 (62.0)
128: 252 262 (67.0)
129: 254 258 (73.0)
130: 259 260 270 (73.0)
131: 261 267 269 (64.0)
132: 265 271 (58.0)
133: 268 (40.0)
134: 274 277 (48.0)
135: 278 (44.0)
136: 266 276 (51.0)
137: 284 (48.0)
138: 272 (42.0)
139: 264 291 (44.0)
140: 280 285 290 (72.0)
141: 275 283 (54.0)
142: 281 293 (53.0)
143: 273 279 286 288 (41.0)
144: 282 307 (64.0)
145: 287 (45.0)
146: 289 (43.0)
147: 295 301 (74.0)
148: 298 (49.0)
149: 305 306 314 (58.0)
150: 296 (45.0)
151: 304 (48.0)
152: 292 294 300 (55.0)
153: 297 302 313 (75.0)
154: 309 (44.0)
155: 311 319 (64.0)
156: 299 312 317 (44.0)
157: 310 323 (49.0)
158: 303 308 321 329 (42.0)
159: 316 (46.0)
160: 315 318 (57.0)
161: 325 327 (64.0)
162: 342 (52.0)
163: 320 331 (57.0)
164: 338 (40.0)
165: 333 (45.0)
166: 324 326 332 (63.0)
167: 322 341 (62.0)
168: 334 345 (61.0)
169: 330 340 (70.0)
170: 339 350 (64.0)
171: 328 335 (74.0)
172: 337 352 (68.0)
173: 348 351 364 (73.0)
174: 349 354 (63.0)
175: 356 (42.0)
176: 344 347 (66.0)
177: 336 343 359 (68.0)
178: 357 360 (61.0)
179: 358 375 (43.0)
180: 346 369 371 (75.0)
181: 362 365 (68.0)
182: 355 363 (49.0)
183: 353 367 (66.0)
184: 368 (51.0)
185: 361 372 378 (55.0)
186: 391 (46.0)
187: 366 374 (59.0)
188: 373 388 (66.0)
189: 376 379 (58.0)
190: 370 381 390 (68.0)
191: 384 385 (60.0)
192: 382 383 (60.0)
193: 380 387 (61.0)
194: 392 (41.0)
195: 377 (46.0)
196: 386 403 (51.0)
197: 393 401 (40.0)
198: 394 396 (65.0)
199: 398 399 (61.0)
200: 400 (41.0)
201: 389 397 (63.0)
202: 404 406 (75.0)
203: 395 405 408 (66.0)
204: 402 411 (78.0)
205: 407 414 (66.0)
206: 410 413 (66.0)
207: 417 418 (67.0)
208: 409 412 (64.0)
209: 420 421 (62.0)
210: 423 424 (56.0)
211: 415 416 419 (74.0)
212: 427 429 (72.0)
213: 422 425 426 (75.0)
214: 431 433 (66.0)
215: 434 437 (63.0)
216: 428 (45.0)
217: 435 438 (59.0)
218: 436 (48.0)
219: 430 432 (60.0)
220: 440 449 (77.0)
221: 441 442 448 (64.0)
222: 439 443 (67.0)
223: 453 457 (54.0)
224: 445 446 451 (71.0)
225: 452 455 459 (62.0)
226: 444 447 (71.0)
227: 456 463 (68.0)
228: 458 460 (49.0)
229: 450 (48.0)
230: 465 (42.0)
231: 464 473 (68.0)
232: 461 468 (75.0)
233: 454 (59.0)
234: 462 467 (64.0)
235: 470 471 479 (74.0)
236: 478 483 (61.0)
237: 474 475 (65.0)
238: 466 (48.0)
239: 469 472 (52.0)
240: 477 489 490 (51.0)
241: 484 487 (66.0)
242: 476 485 (74.0)
243: 481 491 (73.0)
244: 480 496 (79.0)
245: 486 493 (72.0)
246: 488 499 (78.0)
247: 492 494 498 (71.0)
248: 482 (60.0)
249: 501 506 (73.0)
250: 505 507 (73.0)
251: 497 510 (77.0)
252: 495 504 (68.0)
253: 500 508 (65.0)
254: 502 503 518 (74.0)
255: 511 512 (56.0)
256: 515 525 (66.0)
257: 514 517 (42.0)
258: 509 513 (75.0)
259: 516 522 (77.0)
260: 519 (59.0)
261: 520 531 (70.0)
262: 529 535 (79.0)
263: 523 533 (69.0)
264: 528 536 (73.0)
265: 526 541 (73.0)
266: 532 537 549 (73.0)
267: 524 (49.0)
268: 530 538 (74.0)
269: 521 556 (69.0)
270: 540 551 (65.0)
271: 527 534 (63.0)
272: 547 (55.0)
273: 542 544 (65.0)
274: 543 545 (71.0)
275: 548 553 (74.0)
276: 550 552 (71.0)
277: 539 555 (72.0)
278: 561 567 (59.0)
279: 546 562 (71.0)
280: 559 568 (70.0)
281: 554 557 (53.0)
282: 558 566 (81.0)
283: 569 574 (70.0)
284: 563 570 573 (75.0)
285: 560 575 (66.0)
286: 580 (61.0)
287: 578 579 (70.0)
288: 564 571 (62.0)
289: 565 586 (74.0)
290: 577 585 594 (69.0)
291: 584 (46.0)
292: 572 581 596 (65.0)
293: 576 582 591 (73.0)
294: 589 592 (106.0)
295: 587 598 (74.0)
296: 590 (62.0)
297: 583 600 (68.0)
298: 593 599 608 (72.0)
299: 588 595 (74.0)
300: 602 609 615 (98.0)
301: 606 619 (97.0)
302: 597 621 (73.0)
303: 601 604 (68.0)
304: 605 610 (67.0)
305: 603 617 (74.0)
306: 613 627 (75.0)
307: 611 (65.0)
308: 607 620 (73.0)
309: 622 623 (72.0)
310: 614 618 (73.0)
311: 616 626 (78.0)
312: 625 629 (74.0)
313: 624 628 (70.0)
314: 630 631 (72.0)
315: 612 633 (75.0)
316: 638 648 (74.0)
317: 647 (46.0)
318: 636 637 (72.0)
319: 635 653 (68.0)
320: 632 649 650 (75.0)
321: 639 641 644 (73.0)
322: 640 654 665 (68.0)
323: 645 652 (75.0)
324: 634 651 664 (67.0)
325: 642 659 (73.0)
326: 643 662 (72.0)
327: 656 663 (79.0)
328: 646 673 677 (75.0)
329: 666 690 691 (75.0)
330: 657 671 676 (74.0)
331: 655 660 678 (75.0)
332: 667 679 701 (74.0)
333: 669 675 697 (72.0)
334: 661 668 670 684 (74.0)
335: 658 680 683 (71.0)
336: 672 686 705 (75.0)
337: 693 699 (69.0)
338: 674 695 (72.0)
339: 704 713 (73.0)
340: 681 692 703 (70.0)
341: 682 685 687 (74.0)
342: 688 689 700 706 (75.0)
343: 702 707 732 (83.0)
344: 694 698 710 711 714 718 (75.0)
345: 716 722 (77.0)
346: 708 709 (72.0)
347: 721 730 733 743 (75.0)
348: 725 (64.0)
349: 696 717 723 726 (79.0)
350: 715 720 731 (71.0)
351: 712 719 737 (74.0)
352: 724 729 744 (75.0)
353: 728 739 746 (66.0)
354: 727 736 738 (72.0)
355: 734 742 745 (74.0)
356: 735 741 747 (75.0)
357: 740 748 749 (72.0)
