Name: 750-30-50
Time: 54.07066464424133 
Result: 60
Solution:  2 1 4 3 1 1 3 5 3 2 8 6 13 6 5 7 7 9 10 3 17 4 13 12 8 14 10 12 11 9 16 14 15 17 18 16 15 22 17 25 22 19 18 21 25 18 23 19 27 24 22 20 26 21 36 23 33 27 26 20 27 31 31 34 32 40 34 33 39 37 36 35 38 40 33 37 38 41 32 40 43 36 35 39 47 42 46 51 44 42 42 45 50 41 52 43 46 44 52 48 49 48 49 51 54 59 51 53 54 61 56 55 56 55 53 57 53 66 62 61 57 61 62 64 59 65 60 68 64 66 67 63 60 65 59 68 63 71 72 71 70 69 77 72 69 67 79 69 78 73 79 80 73 77 76 76 74 74 84 75 83 86 82 87 85 82 87 85 88 86 83 79 81 84 87 91 90 88 81 80 96 88 98 100 87 94 89 90 92 95 89 95 97 93 92 98 94 97 99 96 102 95 104 100 104 102 107 99 105 103 101 105 106 113 104 103 106 107 110 105 101 112 111 112 118 110 109 112 114 118 113 120 117 115 113 119 115 116 117 114 122 124 123 128 125 126 122 123 116 121 128 129 125 134 130 124 124 129 132 130 126 123 131 127 131 127 133 134 127 132 136 138 133 136 143 136 145 135 135 139 140 137 144 145 137 142 145 142 148 144 141 145 148 140 143 148 151 151 149 146 149 150 153 149 153 150 152 147 152 157 159 154 157 158 155 156 159 162 155 154 157 163 165 161 156 162 164 157 165 161 170 165 160 159 171 167 166 175 163 167 168 170 169 172 171 172 168 172 176 180 173 173 170 176 176 174 178 177 178 179 175 182 179 180 182 183 186 175 177 186 185 183 187 181 187 184 191 184 190 194 188 185 195 189 189 196 190 187 185 192 199 197 193 194 198 195 193 191 193 200 199 198 205 195 205 206 203 203 202 199 201 205 211 204 209 202 217 204 208 211 207 212 213 220 215 218 214 209 212 211 208 219 217 210 213 213 216 216 219 214 215 221 223 217 217 218 222 223 223 227 228 225 232 224 229 226 231 228 228 231 234 230 225 226 232 234 229 232 233 233 242 238 235 236 236 237 244 242 240 238 247 241 236 241 250 245 246 239 244 240 243 248 249 252 245 249 244 246 243 245 251 247 257 250 246 247 254 252 243 249 252 248 255 253 250 256 261 257 254 262 253 253 255 255 259 257 254 258 251 257 260 256 259 261 264 261 260 262 268 265 268 260 261 263 266 266 265 266 262 261 274 258 259 266 267 275 267 259 264 266 270 263 265 273 269 269 269 274 272 274 277 266 270 270 277 271 280 274 275 278 276 273 272 281 271 273 278 277 276 278 277 285 276 280 286 279 272 289 281 283 281 280 285 283 281 282 281 278 279 287 283 278 284 284 295 283 284 284 290 292 286 282 287 293 292 289 291 289 288 292 291 290 285 298 287 295 294 294 296 288 290 295 291 299 297 289 292 297 294 293 299 301 300 299 296 296 308 298 301 302 303 301 307 300 305 298 297 300 302 308 309 306 306 304 309 307 308 303 305 304 310 304 303 307 309 307 305 312 312 312 307 314 309 309 311 315 313 316 317 311 310 316 313 310 319 325 319 314 318 318 319 315 317 320 311 324 321 320 322 321 324 317 325 322 323 316 318 320 328 325 328 330 326 323 323 326 326 321 327 324 330 329 329 328 328 324 327 331 328 331
0: (0.0)
1: 1 4 5 (37.0)
2: 0 9 (45.0)
3: 3 6 8 19 (49.0)
4: 2 21 (31.0)
5: 7 14 (29.0)
6: 11 13 (39.0)
7: 15 16 (32.0)
8: 10 24 (19.0)
9: 17 29 (31.0)
10: 18 26 (25.0)
11: 28 (21.0)
12: 23 27 (41.0)
13: 12 22 (19.0)
14: 25 31 (35.0)
15: 32 36 (46.0)
16: 30 35 (33.0)
17: 20 33 38 (40.0)
18: 34 42 45 (41.0)
19: 41 47 (37.0)
20: 51 59 (44.0)
21: 43 53 (30.0)
22: 37 40 50 (38.0)
23: 46 55 (18.0)
24: 49 (24.0)
25: 39 44 (29.0)
26: 52 58 (22.0)
27: 48 57 60 (32.0)
28: (0.0)
29: (0.0)
30: (0.0)
31: 61 62 (40.0)
32: 64 78 (36.0)
33: 56 67 74 (33.0)
34: 63 66 (44.0)
35: 71 82 (43.0)
36: 54 70 81 (42.0)
37: 69 75 (35.0)
38: 72 76 (47.0)
39: 68 83 (32.0)
40: 65 73 79 (41.0)
41: 77 93 (7.0)
42: 85 89 90 (23.0)
43: 80 95 (36.0)
44: 88 97 (40.0)
45: 91 (30.0)
46: 86 96 (46.0)
47: 84 (21.0)
48: 99 101 (45.0)
49: 100 102 (43.0)
50: 92 (31.0)
51: 87 103 106 (33.0)
52: 94 98 (26.0)
53: 107 114 116 (33.0)
54: 104 108 (33.0)
55: 111 113 (36.0)
56: 110 112 (30.0)
57: 115 120 (40.0)
58: (0.0)
59: 105 124 134 (46.0)
60: 126 132 (31.0)
61: 109 119 121 (37.0)
62: 118 122 (37.0)
63: 131 136 (31.0)
64: 123 128 (43.0)
65: 125 133 (43.0)
66: 117 129 (32.0)
67: 130 145 (46.0)
68: 127 135 (40.0)
69: 141 144 147 (45.0)
70: 140 (31.0)
71: 137 139 (37.0)
72: 138 143 (17.0)
73: 149 152 (18.0)
74: 156 157 (34.0)
75: 159 (19.0)
76: 154 155 (34.0)
77: 142 153 (44.0)
78: 148 (30.0)
79: 146 150 171 (30.0)
80: 151 179 (40.0)
81: 172 178 (31.0)
82: 162 165 (37.0)
83: 160 170 (36.0)
84: 158 173 (37.0)
85: 164 167 (39.0)
86: 161 169 (44.0)
87: 163 166 174 184 (41.0)
88: 168 177 181 (28.0)
89: 186 190 (37.0)
90: 176 187 (44.0)
91: 175 (30.0)
92: 188 194 (46.0)
93: 193 (13.0)
94: 185 196 (49.0)
95: 189 191 201 (40.0)
96: 180 199 (33.0)
97: 192 197 (37.0)
98: 182 195 (31.0)
99: 198 207 (39.0)
100: 183 203 (44.0)
101: 210 220 (53.0)
102: 200 205 (49.0)
103: 209 215 (43.0)
104: 202 204 214 (37.0)
105: 208 211 219 (39.0)
106: 212 216 (42.0)
107: 206 217 (45.0)
108: (0.0)
109: 226 (31.0)
110: 218 225 (45.0)
111: 222 (32.0)
112: 221 223 227 (19.0)
113: 213 230 234 (31.0)
114: 228 239 (37.0)
115: 233 236 (41.0)
116: 237 248 (22.0)
117: 232 238 (32.0)
118: 224 229 (34.0)
119: 235 (30.0)
120: 231 (25.0)
121: 249 (32.0)
122: 240 246 (47.0)
123: 242 247 261 (39.0)
124: 241 255 256 (30.0)
125: 244 252 (31.0)
126: 245 260 (46.0)
127: 263 265 268 (32.0)
128: 243 250 (31.0)
129: 251 257 (54.0)
130: 254 259 (56.0)
131: 262 264 (52.0)
132: 258 269 (45.0)
133: 266 272 (45.0)
134: 253 267 (43.0)
135: 277 278 (39.0)
136: 270 273 275 (49.0)
137: 281 284 (36.0)
138: 271 (31.0)
139: 279 (32.0)
140: 280 293 (54.0)
141: 290 (32.0)
142: 285 287 (43.0)
143: 274 294 (37.0)
144: 282 289 (56.0)
145: 276 283 286 291 (32.0)
146: 299 (30.0)
147: 307 (34.0)
148: 288 292 295 (32.0)
149: 298 300 303 (47.0)
150: 301 305 (47.0)
151: 296 297 (39.0)
152: 306 308 (38.0)
153: 302 304 (32.0)
154: 311 319 (47.0)
155: 314 318 (43.0)
156: 315 324 (36.0)
157: 309 312 320 327 (29.0)
158: 313 (35.0)
159: 310 316 333 (31.0)
160: 332 (32.0)
161: 323 329 (49.0)
162: 317 325 (46.0)
163: 321 338 (43.0)
164: 326 (34.0)
165: 322 328 331 (45.0)
166: 336 (33.0)
167: 335 339 (44.0)
168: 340 346 (46.0)
169: 342 (31.0)
170: 330 341 352 (67.0)
171: 334 344 (39.0)
172: 343 345 347 (47.0)
173: 350 351 (40.0)
174: 355 (33.0)
175: 337 360 367 (40.0)
176: 348 353 354 (35.0)
177: 357 368 (46.0)
178: 356 358 (33.0)
179: 359 362 (51.0)
180: 349 363 (39.0)
181: 373 (34.0)
182: 361 364 (46.0)
183: 365 371 (43.0)
184: 375 377 (47.0)
185: 370 381 388 (37.0)
186: 366 369 (39.0)
187: 372 374 387 (36.0)
188: 380 (32.0)
189: 383 384 (34.0)
190: 378 386 (48.0)
191: 376 397 (44.0)
192: 389 (30.0)
193: 392 396 398 (45.0)
194: 379 393 (42.0)
195: 382 395 403 (34.0)
196: 385 (37.0)
197: 391 (37.0)
198: 394 401 (54.0)
199: 390 400 409 (49.0)
200: 399 (32.0)
201: 410 (40.0)
202: 408 415 (32.0)
203: 406 407 (42.0)
204: 413 417 (55.0)
205: 402 404 411 (39.0)
206: 405 (34.0)
207: 420 (37.0)
208: 418 430 (48.0)
209: 414 427 (37.0)
210: 433 (34.0)
211: 412 419 429 (45.0)
212: 421 428 (35.0)
213: 422 434 435 (48.0)
214: 426 439 (56.0)
215: 424 440 (50.0)
216: 436 437 (43.0)
217: 416 432 443 444 (42.0)
218: 425 445 (34.0)
219: 431 438 (36.0)
220: 423 (36.0)
221: 441 (33.0)
222: 446 (30.0)
223: 442 447 448 (49.0)
224: 453 (30.0)
225: 451 462 (49.0)
226: 455 463 (48.0)
227: 449 (38.0)
228: 450 457 458 (48.0)
229: 454 466 (49.0)
230: 461 (36.0)
231: 456 459 (45.0)
232: 452 464 467 (49.0)
233: 468 469 (43.0)
234: 460 465 (33.0)
235: 472 (31.0)
236: 473 474 482 (41.0)
237: 475 (31.0)
238: 471 479 (41.0)
239: 487 (33.0)
240: 478 489 (39.0)
241: 481 483 (54.0)
242: 470 477 (53.0)
243: 490 498 508 (40.0)
244: 476 488 496 (50.0)
245: 485 494 499 (46.0)
246: 486 497 504 (46.0)
247: 480 501 505 (48.0)
248: 491 511 (44.0)
249: 492 495 509 (47.0)
250: 484 503 514 (49.0)
251: 500 528 (52.0)
252: 493 507 510 (50.0)
253: 513 520 521 (47.0)
254: 506 518 526 (48.0)
255: 512 522 523 (50.0)
256: 515 531 (42.0)
257: 502 517 525 529 (41.0)
258: 527 551 (44.0)
259: 524 532 552 557 (45.0)
260: 530 536 541 (49.0)
261: 516 533 535 542 549 (37.0)
262: 519 537 548 (50.0)
263: 543 561 (51.0)
264: 534 558 (40.0)
265: 539 546 562 (49.0)
266: 544 545 547 553 559 571 (47.0)
267: 554 556 (38.0)
268: 538 540 (47.0)
269: 564 565 566 (46.0)
270: 560 572 573 (49.0)
271: 575 584 (47.0)
272: 568 582 596 (50.0)
273: 563 581 585 (44.0)
274: 550 567 569 577 (48.0)
275: 555 578 (48.0)
276: 580 588 592 (49.0)
277: 570 574 587 590 (47.0)
278: 579 586 589 607 611 (46.0)
279: 595 608 (37.0)
280: 576 593 601 (49.0)
281: 583 598 600 604 606 (44.0)
282: 605 621 (34.0)
283: 599 603 610 615 (47.0)
284: 612 613 616 617 (47.0)
285: 591 602 632 (49.0)
286: 594 620 (51.0)
287: 609 622 634 (42.0)
288: 628 639 (46.0)
289: 597 625 627 645 (47.0)
290: 618 631 640 (47.0)
291: 626 630 642 (50.0)
292: 619 624 629 646 (50.0)
293: 623 649 (46.0)
294: 636 637 648 (48.0)
295: 614 635 641 (67.0)
296: 638 654 655 (49.0)
297: 644 647 666 (49.0)
298: 633 657 665 (48.0)
299: 643 650 653 (58.0)
300: 652 663 667 (50.0)
301: 651 658 661 (48.0)
302: 659 668 (50.0)
303: 660 677 682 (48.0)
304: 673 679 681 (49.0)
305: 664 678 686 (48.0)
306: 671 672 (54.0)
307: 662 675 683 685 690 (50.0)
308: 656 669 676 (36.0)
309: 670 674 684 692 693 (50.0)
310: 680 700 703 (49.0)
311: 694 699 714 (49.0)
312: 687 688 689 (49.0)
313: 696 702 (47.0)
314: 691 707 (54.0)
315: 695 711 (49.0)
316: 697 701 725 (49.0)
317: 698 712 721 (50.0)
318: 708 709 726 (46.0)
319: 704 706 710 (48.0)
320: 713 717 727 (47.0)
321: 716 719 737 (47.0)
322: 718 723 (47.0)
323: 724 733 734 (44.0)
324: 715 720 739 745 (49.0)
325: 705 722 729 (39.0)
326: 732 735 736 (44.0)
327: 738 746 (51.0)
328: 728 730 743 744 748 (50.0)
329: 741 742 (43.0)
330: 731 740 (41.0)
331: 747 749 (49.0)
