Name: 750-50-100
Time: 54.92224979400635 
Result: 98
Solution:  0 3 1 2 0 5 4 8 1 7 5 2 7 6 2 8 11 4 10 9 9 7 13 11 6 13 10 12 16 12 18 20 7 12 16 18 14 13 24 14 23 20 24 28 23 22 21 27 28 22 21 27 31 27 26 25 34 24 26 27 28 25 31 32 30 36 30 39 29 37 36 35 38 32 38 36 38 40 35 39 43 37 43 40 43 46 42 41 44 45 53 47 42 44 51 49 45 43 49 50 49 51 51 52 53 54 60 52 46 54 55 61 57 55 56 58 59 61 57 56 61 60 62 54 66 67 57 64 65 65 63 64 62 70 63 76 68 68 67 72 67 69 77 70 76 71 74 75 72 79 75 78 82 73 73 76 78 77 79 77 80 78 81 83 89 83 82 84 83 81 88 86 80 88 91 90 87 91 86 89 88 95 90 94 87 93 91 100 92 92 98 93 104 96 96 93 90 100 99 95 101 98 97 104 94 109 112 101 98 99 105 107 108 109 106 107 103 110 111 114 118 102 105 109 106 112 115 113 121 115 110 114 116 118 117 114 116 121 113 121 121 119 114 127 130 120 123 123 124 125 122 124 126 126 126 120 128 130 128 137 128 125 135 137 131 133 131 129 134 132 139 135 131 141 139 138 133 132 142 141 138 134 136 144 145 138 140 140 143 147 145 146 146 144 142 141 148 147 152 148 150 153 155 152 150 158 151 159 153 149 156 161 154 154 157 157 164 160 159 158 156 158 155 161 171 163 166 163 167 165 160 167 159 162 169 166 170 170 168 171 172 176 169 178 173 172 164 174 172 173 178 172 176 180 177 168 177 182 179 181 179 183 175 174 185 188 184 175 183 187 183 189 186 187 190 196 192 189 181 186 190 184 188 194 194 188 188 193 191 192 199 202 196 197 201 198 198 192 195 200 197 203 200 204 199 205 200 202 207 210 206 209 203 206 208 207 208 204 215 215 213 209 211 211 218 212 214 205 214 210 221 213 217 217 218 210 219 219 221 212 225 216 224 224 223 222 226 230 220 225 216 227 220 226 229 227 229 228 228 236 222 233 230 232 234 240 231 235 237 228 238 235 235 233 234 234 241 236 234 232 237 237 231 238 240 240 242 239 245 244 241 239 243 242 234 248 243 244 248 250 246 239 245 249 247 246 243 246 247 252 251 244 253 245 249 247 251 258 255 250 248 250 255 251 252 260 253 249 248 259 253 254 253 254 258 262 259 257 256 259 258 249 257 258 265 262 253 265 258 263 260 252 256 264 260 268 264 263 269 269 269 261 267 266 257 261 267 270 268 266 272 264 272 272 271 263 268 265 267 271 275 271 266 268 273 270 271 276 277 274 274 280 275 282 272 280 276 276 275 279 281 277 282 280 274 274 281 281 283 279 283 284 278 278 278 286 283 285 289 283 284 285 286 287 290 293 291 288 287 287 285 287 288 286 291 288 288 293 289 295 293 291 283 292 293 301 294 296 289 291 296 289 293 294 290 292 297 297 295 301 298 292 298 294 304 299 303 302 303 298 300 304 299 305 304 302 300 300 306 312 309 307 300 302 306 301 307 308 306 308 306 313 313 302 305 304 315 310 309 311 305 307 318 316 312 313 319 312 312 318 314 315 313 318 314 318 311 320 322 319 310 313 314 320 322 325 326 317 324 325 321 323 327 321 324 324 320 321 325 323 316 326 327 317 327 326 323 326 322 327
0: 0 4 (44.0)
1: 2 8 (53.0)
2: 3 11 14 (50.0)
3: 1 (30.0)
4: 6 17 (60.0)
5: 5 10 (54.0)
6: 13 24 (78.0)
7: 9 12 21 32 (111.0)
8: 7 15 (48.0)
9: 19 20 (24.0)
10: 18 26 (86.0)
11: 16 23 (74.0)
12: 27 29 33 (43.0)
13: 22 25 37 (50.0)
14: 36 39 (64.0)
15: (0.0)
16: 28 34 (65.0)
17: (0.0)
18: 30 35 (50.0)
19: (0.0)
20: 31 41 (58.0)
21: 46 50 (93.0)
22: 45 49 (72.0)
23: 40 44 (40.0)
24: 38 42 57 (53.0)
25: 55 61 (69.0)
26: 54 58 (66.0)
27: 47 51 53 59 (36.0)
28: 43 48 60 (58.0)
29: 68 (20.0)
30: 64 66 (75.0)
31: 52 62 (61.0)
32: 63 73 (79.0)
33: (0.0)
34: 56 (51.0)
35: 71 78 (64.0)
36: 65 70 75 (57.0)
37: 69 81 (79.0)
38: 72 74 76 (62.0)
39: 67 79 (53.0)
40: 77 83 (74.0)
41: 87 (50.0)
42: 86 92 (36.0)
43: 80 82 84 97 (89.0)
44: 88 93 (55.0)
45: 89 96 (55.0)
46: 85 108 (78.0)
47: 91 (51.0)
48: (0.0)
49: 95 98 100 (84.0)
50: 99 (50.0)
51: 94 101 102 (62.0)
52: 103 107 (65.0)
53: 90 104 (60.0)
54: 105 109 123 (53.0)
55: 110 113 (80.0)
56: 114 119 (41.0)
57: 112 118 126 (50.0)
58: 115 (55.0)
59: 116 (51.0)
60: 106 121 (80.0)
61: 111 117 120 (46.0)
62: 122 132 (60.0)
63: 130 134 (74.0)
64: 127 131 (82.0)
65: 128 129 (61.0)
66: 124 (50.0)
67: 125 138 140 (31.0)
68: 136 137 (61.0)
69: 141 (54.0)
70: 133 143 (75.0)
71: 145 (51.0)
72: 139 148 (72.0)
73: 153 154 (70.0)
74: 146 (53.0)
75: 147 150 (66.0)
76: 135 144 155 (54.0)
77: 142 157 159 (55.0)
78: 151 156 161 (82.0)
79: 149 158 (85.0)
80: 160 172 (70.0)
81: 162 169 (81.0)
82: 152 166 (31.0)
83: 163 165 168 (65.0)
84: 167 (55.0)
85: (0.0)
86: 171 178 (75.0)
87: 176 184 (54.0)
88: 170 173 180 (79.0)
89: 164 179 (72.0)
90: 175 182 196 (87.0)
91: 174 177 186 (98.0)
92: 188 189 (66.0)
93: 185 191 195 (93.0)
94: 183 204 (98.0)
95: 181 199 (63.0)
96: 193 194 (56.0)
97: 202 (59.0)
98: 190 201 208 (75.0)
99: 198 209 (67.0)
100: 187 197 (71.0)
101: 200 207 (82.0)
102: 221 (60.0)
103: 216 (65.0)
104: 192 203 (67.0)
105: 210 222 (96.0)
106: 214 224 (66.0)
107: 211 215 (51.0)
108: 212 (54.0)
109: 205 213 223 (51.0)
110: 217 230 (52.0)
111: 218 (54.0)
112: 206 225 (60.0)
113: 227 238 (68.0)
114: 219 231 235 242 (59.0)
115: 226 229 (96.0)
116: 232 236 (65.0)
117: 234 (59.0)
118: 220 233 (61.0)
119: 241 (55.0)
120: 245 255 (83.0)
121: 228 237 239 240 (81.0)
122: 250 (52.0)
123: 246 247 (71.0)
124: 248 251 (50.0)
125: 249 261 (89.0)
126: 252 253 254 (96.0)
127: 243 (55.0)
128: 256 258 260 (100.0)
129: 267 (60.0)
130: 244 257 (70.0)
131: 264 266 272 (88.0)
132: 269 277 (108.0)
133: 265 276 (76.0)
134: 268 281 (95.0)
135: 262 271 (86.0)
136: 282 (53.0)
137: 259 263 (65.0)
138: 275 280 285 (73.0)
139: 270 274 (70.0)
140: 286 287 (75.0)
141: 273 279 295 (82.0)
142: 278 294 (74.0)
143: 288 (52.0)
144: 283 293 (71.0)
145: 284 290 (79.0)
146: 291 292 (57.0)
147: 289 297 (62.0)
148: 296 299 (67.0)
149: 309 (62.0)
150: 300 304 (61.0)
151: 306 (62.0)
152: 298 303 (81.0)
153: 301 308 (73.0)
154: 312 313 (77.0)
155: 302 322 (78.0)
156: 310 320 (89.0)
157: 314 315 (77.0)
158: 305 319 321 (82.0)
159: 307 318 332 (62.0)
160: 317 330 (59.0)
161: 311 323 (98.0)
162: 333 (64.0)
163: 325 327 (59.0)
164: 316 346 (55.0)
165: 329 (56.0)
166: 326 335 (95.0)
167: 328 331 (95.0)
168: 338 355 (63.0)
169: 334 342 (77.0)
170: 336 337 (78.0)
171: 324 339 (88.0)
172: 340 345 348 351 (94.0)
173: 344 349 (96.0)
174: 347 363 (88.0)
175: 362 367 (78.0)
176: 341 352 (82.0)
177: 354 356 (77.0)
178: 343 350 (100.0)
179: 358 360 (88.0)
180: 353 (59.0)
181: 359 378 (80.0)
182: 357 (61.0)
183: 361 368 370 (98.0)
184: 366 381 (80.0)
185: 364 (55.0)
186: 372 379 (85.0)
187: 369 373 (80.0)
188: 365 382 385 386 (95.0)
189: 371 377 (81.0)
190: 374 380 (91.0)
191: 388 (51.0)
192: 376 389 397 (100.0)
193: 387 (74.0)
194: 383 384 (103.0)
195: 398 (71.0)
196: 375 392 (75.0)
197: 393 400 (80.0)
198: 395 396 (96.0)
199: 390 404 (84.0)
200: 399 402 406 (94.0)
201: 394 (57.0)
202: 391 407 (74.0)
203: 401 412 (92.0)
204: 403 417 (89.0)
205: 405 427 (77.0)
206: 410 413 (78.0)
207: 408 415 (92.0)
208: 414 416 (97.0)
209: 411 421 (90.0)
210: 409 429 435 (93.0)
211: 422 423 (84.0)
212: 425 439 (81.0)
213: 420 431 (77.0)
214: 426 428 (95.0)
215: 418 419 (84.0)
216: 441 450 (84.0)
217: 432 433 (85.0)
218: 424 434 (91.0)
219: 436 437 (85.0)
220: 448 452 (93.0)
221: 430 438 (89.0)
222: 445 460 (96.0)
223: 444 (63.0)
224: 442 443 (86.0)
225: 440 449 (93.0)
226: 446 453 (86.0)
227: 451 455 (95.0)
228: 457 458 469 (87.0)
229: 454 456 (94.0)
230: 447 462 (96.0)
231: 466 482 (93.0)
232: 463 479 (64.0)
233: 461 473 (70.0)
234: 464 474 475 478 494 (72.0)
235: 467 471 472 (71.0)
236: 459 477 (95.0)
237: 468 480 481 (92.0)
238: 470 483 (79.0)
239: 487 491 501 (69.0)
240: 465 484 485 (89.0)
241: 476 490 (77.0)
242: 486 493 (88.0)
243: 492 496 506 (99.0)
244: 489 497 511 (90.0)
245: 488 502 513 (87.0)
246: 500 505 507 (80.0)
247: 504 508 515 (100.0)
248: 495 498 520 528 (89.0)
249: 503 514 527 541 (98.0)
250: 499 519 521 (99.0)
251: 510 516 523 (90.0)
252: 509 524 551 (105.0)
253: 512 526 530 532 546 (100.0)
254: 531 533 (88.0)
255: 518 522 (86.0)
256: 538 552 (95.0)
257: 537 542 564 (100.0)
258: 517 534 540 543 548 (106.0)
259: 529 536 539 (99.0)
260: 525 550 554 (88.0)
261: 561 565 (94.0)
262: 535 545 (87.0)
263: 549 557 575 (99.0)
264: 553 556 571 (98.0)
265: 544 547 577 (70.0)
266: 563 569 582 (99.0)
267: 562 566 578 (85.0)
268: 555 568 576 583 (94.0)
269: 558 559 560 (91.0)
270: 567 585 (82.0)
271: 574 579 581 586 (100.0)
272: 570 572 573 594 (100.0)
273: 584 (51.0)
274: 589 590 604 605 (67.0)
275: 580 592 598 (86.0)
276: 587 596 597 (95.0)
277: 588 601 (90.0)
278: 612 613 614 (94.0)
279: 599 609 (92.0)
280: 591 595 603 (89.0)
281: 600 606 607 (100.0)
282: 593 602 (96.0)
283: 608 610 616 619 642 (98.0)
284: 611 620 (98.0)
285: 617 621 630 (99.0)
286: 615 622 633 (100.0)
287: 623 628 629 631 (112.0)
288: 627 632 635 636 (118.0)
289: 618 638 648 651 (97.0)
290: 624 654 (100.0)
291: 626 634 641 649 (100.0)
292: 643 655 661 (95.0)
293: 625 637 640 644 652 (98.0)
294: 646 653 663 (98.0)
295: 639 658 (86.0)
296: 647 650 (91.0)
297: 656 657 (76.0)
298: 660 662 669 (85.0)
299: 665 672 (105.0)
300: 670 676 677 682 (100.0)
301: 645 659 685 (100.0)
302: 667 675 683 693 (99.0)
303: 666 668 (95.0)
304: 664 671 674 695 (100.0)
305: 673 694 700 (99.0)
306: 678 684 688 690 (98.0)
307: 681 686 701 (117.0)
308: 687 689 (96.0)
309: 680 698 (93.0)
310: 697 720 (96.0)
311: 699 716 (95.0)
312: 679 704 707 708 (96.0)
313: 691 692 705 712 721 (98.0)
314: 710 714 722 (97.0)
315: 696 711 (97.0)
316: 703 740 (100.0)
317: 727 743 (100.0)
318: 702 709 713 715 (90.0)
319: 706 719 (97.0)
320: 717 723 736 (97.0)
321: 730 733 737 (97.0)
322: 718 724 748 (94.0)
323: 731 739 746 (100.0)
324: 728 734 735 (94.0)
325: 725 729 738 (99.0)
326: 726 741 745 747 (102.0)
327: 732 742 744 749 (100.0)
