Name: 750-20-30
Time: 27.77963948249817 
Result: 331034
Solution:  0 1 7 2 3 1 9 5 4 11 3 0 7 4 8 3 10 2 9 11 15 18 11 8 13 12 14 12 15 5 10 20 23 13 14 17 18 20 19 12 20 19 24 22 23 21 25 22 21 25 29 25 30 20 31 23 32 28 21 29 28 30 29 36 36 33 35 33 37 38 35 34 37 34 38 41 41 43 35 32 44 44 45 42 49 42 43 39 47 45 48 37 49 43 46 52 51 45 46 48 53 56 52 49 54 50 54 57 50 51 56 53 55 47 57 61 66 56 58 59 65 60 68 55 63 59 64 58 72 65 62 58 63 62 65 61 70 67 64 69 69 74 69 70 73 66 68 74 78 80 81 73 77 76 72 78 78 82 87 80 71 76 79 77 88 85 83 82 85 84 85 92 86 86 81 90 87 85 89 88 82 97 91 91 89 90 96 93 98 92 95 94 101 99 93 94 95 98 100 98 106 103 99 93 104 102 100 102 102 105 105 102 111 107 106 111 108 101 111 109 110 118 114 110 112 103 112 115 108 118 114 113 109 117 115 114 116 125 117 124 119 125 113 123 121 119 124 122 126 125 122 125 120 120 132 130 129 121 130 123 134 131 138 129 128 132 136 133 140 134 140 134 136 132 139 146 138 145 135 133 138 144 141 144 137 139 142 137 142 142 141 151 145 143 147 146 151 143 150 149 150 147 148 150 152 149 151 153 152 154 161 153 163 157 163 155 158 155 162 159 158 156 162 157 160 161 159 170 167 160 171 164 164 166 169 170 165 160 171 166 169 174 170 175 167 176 173 173 168 180 174 172 172 168 176 174 182 184 177 178 178 184 179 177 180 179 181 183 182 175 185 183 182 187 193 189 185 188 195 186 190 190 187 192 196 185 193 188 189 191 197 194 191 192 201 194 197 205 200 192 198 196 195 205 198 204 204 202 199 204 198 206 205 208 201 207 207 208 203 204 209 213 210 210 216 206 216 221 215 214 215 212 211 219 209 223 211 222 220 219 218 225 228 215 217 221 221 220 232 218 225 230 226 222 224 226 227 223 229 230 224 229 233 223 232 232 231 228 227 230 231 240 239 227 234 237 226 231 236 238 237 239 233 237 235 243 238 236 234 235 236 235 241 239 239 241 242 240 244 239 247 252 239 244 244 236 245 245 244 242 242 239 248 251 248 251 244 255 243 246 253 251 246 256 249 257 250 252 249 253 250 256 252 254 258 248 249 260 251 255 261 249 256 265 249 254 255 258 259 264 260 257 261 252 256 263 268 262 262 253 263 263 258 264 259 265 266 268 271 259 262 264 270 266 268 267 266 271 269 269 269 274 268 271 265 273 273 277 271 272 272 270 273 275 279 271 276 277 280 270 275 276 281 272 284 278 284 280 286 280 278 270 279 280 281 282 281 282 285 277 276 290 282 274 284 287 287 285 288 286 289 286 284 288 288 290 283 287 285 289 285 296 290 286 289 283 297 293 291 291 294 293 292 292 299 291 292 292 304 295 293 294 298 294 294 295 297 300 292 296 296 302 300 298 302 300 292 298 301 301 306 305 304 304 299 302 307 301 309 306 301 309 308 308 303 305 303 313 306 312 304 311 313 309 306 307 306 308 321 318 310 315 318 310 314 312 311 315 314 311 320 321 317 323 321 316 318 313 316 312 325 324 320 319 325 321 319 322 317 319 322 322 321 324 324 324 323 317 325 325
0: 0 11 (22.0)
1: 1 5 (20.0)
2: 3 17 (20.0)
3: 4 10 15 (26.0)
4: 8 13 (27.0)
5: 7 29 (13.0)
6: (0.0)
7: 2 12 (15.0)
8: 14 23 (26.0)
9: 6 18 (22.0)
10: 16 30 (25.0)
11: 9 19 22 (24.0)
12: 25 27 39 (25.0)
13: 24 33 (27.0)
14: 26 34 (20.0)
15: 20 28 (25.0)
16: (0.0)
17: 35 (12.0)
18: 21 36 (27.0)
19: 38 41 (24.0)
20: 31 37 40 53 (18.0)
21: 45 48 58 (30.0)
22: 43 47 (22.0)
23: 32 44 55 (15.0)
24: 42 (10.0)
25: 46 49 51 (26.0)
26: (0.0)
27: (0.0)
28: 57 60 (20.0)
29: 50 59 62 (38.0)
30: 52 61 (24.0)
31: 54 (14.0)
32: 56 79 (26.0)
33: 65 67 (24.0)
34: 71 73 (33.0)
35: 66 70 78 (21.0)
36: 63 64 (22.0)
37: 68 72 91 (17.0)
38: 69 74 (26.0)
39: 87 (11.0)
40: (0.0)
41: 75 76 (22.0)
42: 83 85 (28.0)
43: 77 86 93 (27.0)
44: 80 81 (21.0)
45: 82 89 97 (19.0)
46: 94 98 (24.0)
47: 88 113 (35.0)
48: 90 99 (27.0)
49: 84 92 103 (24.0)
50: 105 108 (20.0)
51: 96 109 (27.0)
52: 95 102 (20.0)
53: 100 111 (25.0)
54: 104 106 (27.0)
55: 112 123 (14.0)
56: 101 110 117 (22.0)
57: 107 114 (14.0)
58: 118 127 131 (21.0)
59: 119 125 (24.0)
60: 121 (18.0)
61: 115 135 (26.0)
62: 130 133 (27.0)
63: 124 132 (23.0)
64: 126 138 (27.0)
65: 120 129 134 (15.0)
66: 116 145 (28.0)
67: 137 (20.0)
68: 122 146 (23.0)
69: 139 140 142 (22.0)
70: 136 143 (16.0)
71: 160 (13.0)
72: 128 154 (37.0)
73: 144 151 (28.0)
74: 141 147 (30.0)
75: (0.0)
76: 153 161 (25.0)
77: 152 163 (8.0)
78: 148 155 156 (17.0)
79: 162 (20.0)
80: 149 159 (24.0)
81: 150 174 (18.0)
82: 157 167 180 (22.0)
83: 166 (19.0)
84: 169 (17.0)
85: 165 168 170 177 (24.0)
86: 172 173 (23.0)
87: 158 176 (31.0)
88: 164 179 (22.0)
89: 178 184 (27.0)
90: 175 185 (21.0)
91: 182 183 (23.0)
92: 171 189 (27.0)
93: 187 194 203 (27.0)
94: 191 195 (21.0)
95: 190 196 (31.0)
96: 186 (18.0)
97: 181 (20.0)
98: 188 197 199 (22.0)
99: 193 202 (28.0)
100: 198 206 (35.0)
101: 192 217 (23.0)
102: 205 207 208 211 (23.0)
103: 201 225 (19.0)
104: 204 (16.0)
105: 209 210 (37.0)
106: 200 214 (20.0)
107: 213 (21.0)
108: 216 228 (20.0)
109: 219 232 (31.0)
110: 220 223 (26.0)
111: 212 215 218 (23.0)
112: 224 226 (22.0)
113: 231 242 (28.0)
114: 222 230 235 (29.0)
115: 227 234 (31.0)
116: 236 (18.0)
117: 233 238 (23.0)
118: 221 229 (23.0)
119: 240 245 (33.0)
120: 252 253 (24.0)
121: 244 257 (22.0)
122: 247 250 (24.0)
123: 243 259 (29.0)
124: 239 246 (29.0)
125: 237 241 249 251 (20.0)
126: 248 (21.0)
127: (0.0)
128: 264 (20.0)
129: 256 263 (27.0)
130: 255 258 (25.0)
131: 261 (21.0)
132: 254 265 273 (23.0)
133: 267 279 (10.0)
134: 260 269 271 (21.0)
135: 278 (22.0)
136: 266 272 (27.0)
137: 284 287 (23.0)
138: 262 276 280 (20.0)
139: 274 285 (22.0)
140: 268 270 (30.0)
141: 282 290 (23.0)
142: 286 288 289 (36.0)
143: 293 297 (34.0)
144: 281 283 (30.0)
145: 277 292 (30.0)
146: 275 295 (27.0)
147: 294 301 (29.0)
148: 302 (23.0)
149: 299 305 (23.0)
150: 298 300 303 (21.0)
151: 291 296 306 (22.0)
152: 304 308 (32.0)
153: 307 311 (28.0)
154: 309 (8.0)
155: 315 317 (27.0)
156: 321 (20.0)
157: 313 323 (28.0)
158: 316 320 (15.0)
159: 319 326 (32.0)
160: 324 329 337 (23.0)
161: 310 325 (31.0)
162: 318 322 (20.0)
163: 312 314 (25.0)
164: 331 332 (21.0)
165: 336 (21.0)
166: 333 339 (29.0)
167: 328 344 (29.0)
168: 348 353 (25.0)
169: 334 340 (29.0)
170: 327 335 342 (26.0)
171: 330 338 (25.0)
172: 351 352 (32.0)
173: 346 347 (25.0)
174: 341 350 355 (32.0)
175: 343 369 (34.0)
176: 345 354 (27.0)
177: 358 363 (25.0)
178: 359 360 (27.0)
179: 362 365 (29.0)
180: 349 364 (21.0)
181: 366 (21.0)
182: 356 368 372 (23.0)
183: 367 371 (28.0)
184: 357 361 (30.0)
185: 370 376 385 (21.0)
186: 379 (21.0)
187: 373 382 (37.0)
188: 377 387 (28.0)
189: 375 388 (25.0)
190: 380 381 (26.0)
191: 389 392 (33.0)
192: 383 393 399 (23.0)
193: 374 386 (25.0)
194: 391 395 (23.0)
195: 378 402 (25.0)
196: 384 401 (37.0)
197: 390 396 (34.0)
198: 400 404 410 (26.0)
199: 408 (25.0)
200: 398 (20.0)
201: 394 414 (27.0)
202: 407 (24.0)
203: 418 (20.0)
204: 405 406 409 419 (28.0)
205: 397 403 412 (22.0)
206: 411 425 (32.0)
207: 415 416 (30.0)
208: 413 417 (29.0)
209: 420 434 (30.0)
210: 422 423 (27.0)
211: 432 436 (23.0)
212: 431 (20.0)
213: 421 (22.0)
214: 429 (21.0)
215: 428 430 443 (21.0)
216: 424 426 (28.0)
217: 444 (20.0)
218: 440 449 (28.0)
219: 433 439 (29.0)
220: 438 447 (24.0)
221: 427 445 446 (35.0)
222: 437 453 (28.0)
223: 435 457 463 (12.0)
224: 454 460 (23.0)
225: 441 450 (30.0)
226: 452 455 476 (31.0)
227: 456 468 473 (26.0)
228: 442 467 (31.0)
229: 458 461 (32.0)
230: 451 459 469 (32.0)
231: 466 470 477 (29.0)
232: 448 464 465 (28.0)
233: 462 482 (27.0)
234: 474 488 (24.0)
235: 484 489 491 (23.0)
236: 478 487 490 505 (21.0)
237: 475 480 483 (21.0)
238: 479 486 (20.0)
239: 472 481 493 494 499 502 511 (20.0)
240: 471 497 (26.0)
241: 492 495 (27.0)
242: 496 509 510 (22.0)
243: 485 518 (34.0)
244: 498 503 504 508 516 (20.0)
245: 506 507 (35.0)
246: 519 522 (21.0)
247: 500 (21.0)
248: 512 514 535 (26.0)
249: 524 528 536 541 544 (30.0)
250: 526 530 (32.0)
251: 513 515 521 538 (29.0)
252: 501 527 532 553 (30.0)
253: 520 529 559 (26.0)
254: 533 545 (37.0)
255: 517 539 546 (30.0)
256: 523 531 542 554 (28.0)
257: 525 551 (28.0)
258: 534 547 562 (29.0)
259: 548 564 569 (30.0)
260: 537 550 (30.0)
261: 540 552 (38.0)
262: 557 558 570 (34.0)
263: 555 560 561 (30.0)
264: 549 563 571 (26.0)
265: 543 565 584 (25.0)
266: 566 573 576 (21.0)
267: 575 (22.0)
268: 556 567 574 582 (30.0)
269: 578 579 580 (30.0)
270: 572 591 599 611 (30.0)
271: 568 577 583 588 595 (25.0)
272: 589 590 603 (28.0)
273: 585 586 592 (27.0)
274: 581 623 (34.0)
275: 593 600 (24.0)
276: 596 601 620 (30.0)
277: 587 597 619 (30.0)
278: 605 610 (34.0)
279: 594 612 (28.0)
280: 598 607 609 613 (30.0)
281: 602 614 616 (25.0)
282: 615 617 622 (30.0)
283: 636 645 (32.0)
284: 604 606 624 632 (33.0)
285: 618 627 638 640 (25.0)
286: 608 629 631 643 (42.0)
287: 625 626 637 (27.0)
288: 628 633 634 (27.0)
289: 630 639 644 (30.0)
290: 621 635 642 (36.0)
291: 648 649 655 (29.0)
292: 652 653 656 657 668 676 (30.0)
293: 647 651 660 (30.0)
294: 650 661 663 664 (30.0)
295: 659 665 (30.0)
296: 641 669 670 (30.0)
297: 646 666 (28.0)
298: 662 673 677 (29.0)
299: 654 684 (30.0)
300: 667 672 675 (30.0)
301: 678 679 687 690 (34.0)
302: 671 674 685 (30.0)
303: 694 696 (29.0)
304: 658 682 683 700 (32.0)
305: 681 695 (33.0)
306: 680 689 698 704 706 (30.0)
307: 686 705 (29.0)
308: 692 693 707 (30.0)
309: 688 691 703 (30.0)
310: 710 713 (30.0)
311: 701 716 719 (27.0)
312: 699 715 729 (30.0)
313: 697 702 727 (29.0)
314: 714 718 (28.0)
315: 711 717 (31.0)
316: 725 728 (31.0)
317: 722 738 747 (38.0)
318: 709 712 726 (23.0)
319: 733 736 739 (29.0)
320: 720 732 (31.0)
321: 708 721 724 735 742 (24.0)
322: 737 740 741 (28.0)
323: 723 746 (30.0)
324: 731 743 744 745 (25.0)
325: 730 734 748 749 (29.0)
