Name: 750-50-100
Time: 54.5927939414978 
Result: 114
Solution:  6 2 4 0 2 5 3 1 10 1 7 5 6 8 0 7 13 12 9 11 12 11 11 16 9 10 15 10 14 10 8 23 20 22 12 14 11 22 16 19 20 17 15 13 24 17 19 25 25 26 24 25 31 25 29 26 27 22 30 34 28 23 25 28 30 33 29 37 36 39 38 36 38 35 35 37 38 34 42 43 40 39 46 41 41 33 44 40 44 44 49 49 45 46 51 48 45 43 46 47 55 51 55 42 52 54 48 53 59 58 56 53 60 57 59 50 67 58 51 56 54 63 59 57 61 58 58 65 64 63 62 65 62 69 60 69 72 68 73 68 69 66 71 68 73 74 75 73 78 76 70 75 76 77 71 72 79 78 79 77 81 81 84 78 89 73 84 82 85 80 87 85 80 90 92 89 86 96 87 86 88 90 92 91 88 97 94 92 93 93 90 91 103 96 98 96 95 105 95 94 102 101 99 106 97 109 111 108 101 102 105 109 100 102 113 113 104 106 106 112 105 110 108 109 112 115 111 115 114 117 107 112 116 118 116 111 114 123 117 119 122 122 123 121 129 119 128 125 127 127 120 124 126 134 125 129 124 134 131 128 133 130 136 130 137 132 132 140 135 134 138 136 141 133 131 138 139 133 144 139 136 148 142 146 137 137 135 139 143 140 145 139 141 146 154 144 149 145 152 142 147 151 149 155 154 158 150 156 154 147 151 162 155 153 152 157 153 159 158 157 156 166 155 161 161 163 167 163 163 160 164 166 165 164 171 167 175 168 169 170 172 165 173 173 174 171 170 169 174 172 175 179 175 180 181 168 176 176 178 177 179 186 183 177 187 179 183 174 178 185 184 184 182 181 182 192 190 191 185 186 188 193 194 189 192 188 194 195 191 192 202 194 197 193 198 200 199 195 196 207 200 204 206 201 202 200 203 199 197 209 204 211 205 206 208 205 210 201 214 211 209 206 210 208 212 213 217 207 217 209 212 215 216 220 214 213 223 218 223 223 215 220 224 222 219 221 225 228 218 226 224 228 221 225 222 227 229 229 232 234 233 234 231 231 233 240 230 236 237 232 236 239 235 227 228 232 241 237 238 242 238 236 230 235 233 238 243 237 243 236 240 244 241 242 244 248 238 243 246 250 252 239 244 239 245 244 246 249 248 254 247 247 257 246 249 245 254 251 250 252 246 248 256 252 251 252 251 249 255 262 253 250 249 260 253 253 255 258 256 260 257 251 258 257 265 262 258 263 257 261 257 255 264 262 259 270 263 267 259 269 266 261 266 267 260 272 261 266 272 265 268 268 269 269 267 265 274 276 271 270 271 275 267 273 275 272 270 276 277 274 273 269 281 279 277 277 276 282 271 278 280 282 279 273 274 273 286 280 283 278 283 281 282 280 283 290 289 286 292 283 285 285 289 289 281 284 292 287 286 284 292 287 288 286 284 296 288 282 295 293 295 292 291 293 290 301 297 296 296 292 299 288 300 291 287 294 300 303 294 297 300 290 291 294 293 299 298 301 304 306 301 304 295 297 304 300 301 303 302 310 302 305 305 296 307 305 312 309 306 308 305 308 307 303 311 305 306 307 312 310 311 313 313 315 312 313 315 319 316 316 314 314 315 316 317 322 310 317 317 319 309 320 314 320 325 324 318 320 327 319 323 324 326 320 323 322 322 322 327 323 321 323 325 318 326 320 327 324 325 326
0: 3 14 (26.0)
1: 7 9 (50.0)
2: 1 4 (54.0)
3: 6 (39.0)
4: 2 (40.0)
5: 5 11 (51.0)
6: 0 12 (26.0)
7: 10 15 (63.0)
8: 13 30 (69.0)
9: 18 24 (81.0)
10: 8 25 27 29 (60.0)
11: 19 21 22 36 (74.0)
12: 17 20 34 (67.0)
13: 16 43 (56.0)
14: 28 35 (67.0)
15: 26 42 (66.0)
16: 23 38 (63.0)
17: 41 45 (67.0)
18: (0.0)
19: 39 46 (82.0)
20: 32 40 (60.0)
21: (0.0)
22: 33 37 57 (41.0)
23: 31 61 (71.0)
24: 44 50 (60.0)
25: 47 48 51 53 62 (52.0)
26: 49 55 (61.0)
27: 56 (51.0)
28: 60 63 (56.0)
29: 54 66 (60.0)
30: 58 64 (81.0)
31: 52 (49.0)
32: (0.0)
33: 65 85 (52.0)
34: 59 77 (58.0)
35: 73 74 (64.0)
36: 68 71 (59.0)
37: 67 75 (50.0)
38: 70 72 76 (50.0)
39: 69 81 (79.0)
40: 80 87 (62.0)
41: 83 84 (50.0)
42: 78 103 (63.0)
43: 79 97 (65.0)
44: 86 88 89 (64.0)
45: 92 96 (53.0)
46: 82 93 98 (62.0)
47: 99 (50.0)
48: 95 106 (70.0)
49: 90 91 (58.0)
50: 115 (55.0)
51: 94 101 118 (65.0)
52: 104 (53.0)
53: 107 111 (52.0)
54: 105 120 (18.0)
55: 100 102 (59.0)
56: 110 119 (70.0)
57: 113 123 (73.0)
58: 109 117 125 126 (52.0)
59: 108 114 122 (77.0)
60: 112 134 (61.0)
61: 124 (50.0)
62: 130 132 (53.0)
63: 121 129 (54.0)
64: 128 (55.0)
65: 127 131 (82.0)
66: 141 (54.0)
67: 116 (51.0)
68: 137 139 143 (120.0)
69: 133 135 140 (54.0)
70: 150 (58.0)
71: 142 154 (51.0)
72: 136 155 (60.0)
73: 138 144 147 165 (51.0)
74: 145 (51.0)
75: 146 151 (57.0)
76: 149 152 (60.0)
77: 153 159 (53.0)
78: 148 157 163 (68.0)
79: 156 158 (89.0)
80: 169 172 (85.0)
81: 160 161 (62.0)
82: 167 (55.0)
83: (0.0)
84: 162 166 (49.0)
85: 168 171 (63.0)
86: 176 179 (47.0)
87: 170 178 (61.0)
88: 180 184 (70.0)
89: 164 175 (92.0)
90: 173 181 190 (67.0)
91: 183 191 (96.0)
92: 174 182 187 (60.0)
93: 188 189 (66.0)
94: 186 199 (71.0)
95: 196 198 (55.0)
96: 177 193 195 (67.0)
97: 185 204 (79.0)
98: 194 (50.0)
99: 202 (59.0)
100: 212 (54.0)
101: 201 208 (56.0)
102: 200 209 213 (89.0)
103: 192 (60.0)
104: 216 (65.0)
105: 197 210 220 (100.0)
106: 203 217 218 (63.0)
107: 230 (50.0)
108: 207 222 (88.0)
109: 205 211 223 (55.0)
110: 221 (60.0)
111: 206 226 235 (84.0)
112: 219 224 231 (66.0)
113: 214 215 (67.0)
114: 228 236 (69.0)
115: 225 227 (56.0)
116: 232 234 (76.0)
117: 229 238 (95.0)
118: 233 (53.0)
119: 239 245 (59.0)
120: 250 (52.0)
121: 243 (55.0)
122: 240 241 (70.0)
123: 237 242 (37.0)
124: 251 256 (56.0)
125: 247 254 (57.0)
126: 252 (53.0)
127: 248 249 (71.0)
128: 246 259 (71.0)
129: 244 255 (82.0)
130: 261 263 (82.0)
131: 258 274 (84.0)
132: 265 266 (77.0)
133: 260 273 277 (92.0)
134: 253 257 269 (99.0)
135: 268 286 (86.0)
136: 262 271 280 (92.0)
137: 264 284 285 (83.0)
138: 270 275 (55.0)
139: 276 279 287 291 (90.0)
140: 267 289 (83.0)
141: 272 292 (91.0)
142: 282 299 (84.0)
143: 288 (52.0)
144: 278 295 (89.0)
145: 290 297 (82.0)
146: 283 293 (71.0)
147: 300 309 (80.0)
148: 281 (68.0)
149: 296 302 (75.0)
150: 306 (62.0)
151: 301 310 (76.0)
152: 298 314 (78.0)
153: 313 316 (85.0)
154: 294 304 308 (88.0)
155: 303 312 322 (91.0)
156: 307 320 (85.0)
157: 315 319 (86.0)
158: 305 318 (67.0)
159: 317 (54.0)
160: 329 (56.0)
161: 323 324 (88.0)
162: 311 (59.0)
163: 325 327 328 (81.0)
164: 330 333 (69.0)
165: 332 341 (75.0)
166: 321 331 (79.0)
167: 326 335 (95.0)
168: 337 355 (91.0)
169: 338 347 (87.0)
170: 339 346 (71.0)
171: 334 345 (84.0)
172: 340 349 (88.0)
173: 342 343 (79.0)
174: 344 348 367 (74.0)
175: 336 350 352 (98.0)
176: 356 357 (81.0)
177: 359 363 (75.0)
178: 358 368 (81.0)
179: 351 360 365 (80.0)
180: 353 (59.0)
181: 354 373 (90.0)
182: 372 374 (95.0)
183: 362 366 (83.0)
184: 370 371 (81.0)
185: 369 378 (93.0)
186: 361 379 (76.0)
187: 364 (55.0)
188: 380 385 (97.0)
189: 383 (73.0)
190: 376 (58.0)
191: 377 388 (75.0)
192: 375 384 389 (97.0)
193: 381 393 (80.0)
194: 382 386 391 (77.0)
195: 387 397 (85.0)
196: 398 (71.0)
197: 392 408 (82.0)
198: 394 (57.0)
199: 396 407 (85.0)
200: 395 400 405 (83.0)
201: 403 417 (89.0)
202: 390 404 (84.0)
203: 406 (69.0)
204: 401 410 (87.0)
205: 412 415 (95.0)
206: 402 413 421 (99.0)
207: 399 427 (67.0)
208: 414 423 (86.0)
209: 409 420 429 (93.0)
210: 416 422 (95.0)
211: 411 419 (91.0)
212: 424 430 (85.0)
213: 425 435 (78.0)
214: 418 434 (84.0)
215: 431 440 (73.0)
216: 432 (66.0)
217: 426 428 (95.0)
218: 437 448 (99.0)
219: 444 (63.0)
220: 433 441 (72.0)
221: 445 452 (91.0)
222: 443 454 (94.0)
223: 436 438 439 (96.0)
224: 442 450 (70.0)
225: 446 453 (86.0)
226: 449 (61.0)
227: 455 473 (96.0)
228: 447 451 474 (89.0)
229: 456 457 (87.0)
230: 466 482 (93.0)
231: 462 463 (87.0)
232: 458 469 475 (64.0)
233: 460 464 484 (93.0)
234: 459 461 (82.0)
235: 472 483 (72.0)
236: 467 470 481 489 (100.0)
237: 468 477 487 (92.0)
238: 478 480 485 496 (99.0)
239: 471 501 503 (94.0)
240: 465 490 (93.0)
241: 476 492 (104.0)
242: 479 493 (78.0)
243: 486 488 497 (87.0)
244: 491 494 502 505 (73.0)
245: 504 515 (89.0)
246: 498 506 513 520 (100.0)
247: 510 511 (83.0)
248: 495 508 521 (79.0)
249: 507 514 527 532 (86.0)
250: 499 518 531 (100.0)
251: 517 524 526 541 (96.0)
252: 500 519 523 525 (99.0)
253: 530 534 535 (100.0)
254: 509 516 (82.0)
255: 528 536 551 (100.0)
256: 522 538 (90.0)
257: 512 540 543 548 550 (96.0)
258: 537 542 546 (99.0)
259: 554 558 (74.0)
260: 533 539 564 (92.0)
261: 549 561 566 (99.0)
262: 529 545 553 (82.0)
263: 547 556 (89.0)
264: 552 (68.0)
265: 544 569 575 (97.0)
266: 560 562 567 (86.0)
267: 557 563 574 582 (99.0)
268: 570 571 (74.0)
269: 559 572 573 591 (90.0)
270: 555 579 586 (98.0)
271: 578 580 598 (98.0)
272: 565 568 585 (99.0)
273: 583 590 603 605 (98.0)
274: 576 589 604 (100.0)
275: 581 584 (67.0)
276: 577 587 596 (78.0)
277: 588 594 595 (100.0)
278: 599 609 (92.0)
279: 593 602 (96.0)
280: 600 607 613 (99.0)
281: 592 611 624 (99.0)
282: 597 601 612 637 (94.0)
283: 608 610 614 619 (91.0)
284: 625 629 634 (97.0)
285: 620 621 (111.0)
286: 606 617 628 633 (124.0)
287: 627 631 654 (98.0)
288: 632 636 651 (112.0)
289: 616 622 623 (100.0)
290: 615 644 661 (100.0)
291: 642 653 662 (100.0)
292: 618 626 630 641 649 (97.0)
293: 639 643 664 (91.0)
294: 655 658 663 (96.0)
295: 638 640 672 (88.0)
296: 635 647 648 683 (98.0)
297: 646 659 673 (64.0)
298: 666 (80.0)
299: 650 665 (132.0)
300: 652 656 660 675 (97.0)
301: 645 667 670 676 (85.0)
302: 678 680 (91.0)
303: 657 677 693 (98.0)
304: 668 671 674 (98.0)
305: 681 682 685 690 695 (100.0)
306: 669 688 696 (98.0)
307: 684 692 697 (99.0)
308: 689 691 (96.0)
309: 687 720 (100.0)
310: 679 699 716 (100.0)
311: 694 700 (96.0)
312: 686 698 704 (98.0)
313: 701 702 705 (96.0)
314: 710 711 722 (93.0)
315: 703 706 712 (109.0)
316: 708 709 713 (88.0)
317: 714 717 718 (97.0)
318: 726 743 (93.0)
319: 707 719 729 (94.0)
320: 721 723 727 733 745 (97.0)
321: 740 (76.0)
322: 715 735 736 737 (100.0)
323: 730 734 739 741 (99.0)
324: 725 731 747 (101.0)
325: 724 742 748 (94.0)
326: 732 744 749 (99.0)
327: 728 738 746 (96.0)
