Name: 750-20-30
Time: 54.29025077819824 
Result: 36
Solution:  1 2 8 5 1 3 0 2 1 5 13 2 3 6 8 10 3 8 7 11 12 7 11 9 10 16 16 12 17 11 23 22 22 17 12 13 18 20 14 14 20 22 19 21 23 19 23 21 24 18 28 26 29 20 32 20 32 30 26 29 28 30 31 31 36 36 34 33 34 38 35 38 35 33 30 39 40 34 37 37 41 45 42 42 43 41 44 39 44 41 48 38 48 43 46 51 54 46 52 47 50 51 55 56 61 58 52 55 45 61 57 54 58 57 50 59 65 55 58 60 66 63 60 62 64 59 63 61 64 62 56 70 69 75 65 62 70 67 70 69 66 72 66 73 73 71 76 74 77 76 82 71 72 74 75 82 79 78 87 79 84 78 80 79 77 82 81 81 85 86 90 84 86 85 83 88 92 88 89 97 83 91 94 89 93 87 98 93 96 92 100 93 94 96 97 95 95 94 98 101 99 101 104 99 104 105 103 109 105 103 100 107 107 102 107 108 111 106 108 112 101 110 113 116 115 106 110 111 105 114 114 120 109 117 112 113 115 123 121 119 116 122 123 121 117 118 128 124 126 124 125 124 119 122 127 128 125 120 131 129 132 132 138 130 127 135 129 130 131 135 136 139 136 137 141 144 139 134 133 138 139 142 138 149 137 149 141 135 143 146 150 144 143 146 147 147 143 148 152 150 151 151 145 148 160 154 153 155 152 158 155 153 158 154 156 157 156 159 161 159 158 153 167 165 162 161 165 163 160 163 173 162 157 166 166 169 168 163 169 164 171 167 167 174 164 173 175 172 176 171 176 170 183 170 178 177 180 178 179 177 180 175 175 174 185 185 186 183 182 179 187 181 192 183 184 184 188 188 193 182 190 190 187 194 197 193 194 189 198 199 196 192 191 195 196 197 195 189 205 192 198 201 202 206 198 203 202 200 207 202 206 211 203 199 210 210 214 201 212 206 217 213 204 210 218 211 219 220 214 209 222 208 222 215 216 217 224 220 225 219 217 223 229 215 221 220 218 222 230 225 224 228 227 223 231 227 234 227 228 228 230 233 232 226 230 226 227 232 234 226 226 233 240 234 232 238 229 242 236 235 235 231 243 237 234 239 238 242 242 238 238 237 239 245 240 244 235 240 247 241 241 236 238 241 246 243 248 245 243 245 246 242 247 249 250 240 246 251 244 249 246 251 252 251 250 258 248 257 250 246 252 255 250 256 253 247 250 260 257 258 259 252 251 257 253 254 255 257 263 262 257 259 261 253 254 263 255 261 263 256 262 264 257 265 262 267 267 263 268 258 268 271 267 270 265 266 260 271 269 273 278 275 273 269 277 264 270 276 272 269 271 270 266 276 274 272 277 278 272 272 274 274 275 272 272 279 281 278 284 281 288 270 277 282 281 283 280 283 281 276 280 290 281 279 284 288 280 290 283 289 282 286 285 287 291 286 285 287 282 289 280 293 291 286 288 294 291 296 292 290 294 294 293 290 286 292 293 290 296 295 297 296 299 293 296 298 297 302 292 304 301 301 303 302 307 300 297 295 299 302 307 300 304 302 299 298 305 303 308 298 303 304 308 311 310 301 309 306 307 309 305 303 314 310 311 313 310 307 311 316 306 313 315 314 318 311 310 312 315 311 317 325 315 322 318 319 312 315 319 316 325 316 321 318 324 322 320 322 323 323 320 320 318 325 324 323 321 317 325 324
0: 6 (11.0)
1: 0 4 8 (31.0)
2: 1 7 11 (29.0)
3: 5 12 16 (24.0)
4: (0.0)
5: 3 9 (18.0)
6: 13 (16.0)
7: 18 21 (22.0)
8: 2 14 17 (34.0)
9: 23 (14.0)
10: 15 24 (20.0)
11: 19 22 29 (19.0)
12: 20 27 34 (25.0)
13: 10 35 (21.0)
14: 38 39 (20.0)
15: (0.0)
16: 25 26 (20.0)
17: 28 33 (31.0)
18: 36 49 (25.0)
19: 42 45 (26.0)
20: 37 40 53 55 (20.0)
21: 43 47 (22.0)
22: 31 32 41 (22.0)
23: 30 44 46 (28.0)
24: 48 (11.0)
25: (0.0)
26: 51 58 (12.0)
27: (0.0)
28: 50 60 (24.0)
29: 52 59 (34.0)
30: 57 61 74 (26.0)
31: 62 63 (21.0)
32: 54 56 (27.0)
33: 67 73 (32.0)
34: 66 68 77 (22.0)
35: 70 72 (9.0)
36: 64 65 (21.0)
37: 78 79 (21.0)
38: 69 71 91 (36.0)
39: 75 87 (20.0)
40: 76 (13.0)
41: 80 85 89 (34.0)
42: 82 83 (21.0)
43: 84 93 (15.0)
44: 86 88 (28.0)
45: 81 108 (13.0)
46: 94 97 (24.0)
47: 99 (13.0)
48: 90 92 (26.0)
49: (0.0)
50: 100 114 (29.0)
51: 95 101 (8.0)
52: 98 106 (26.0)
53: (0.0)
54: 96 111 (20.0)
55: 102 107 117 (22.0)
56: 103 130 (23.0)
57: 110 113 (32.0)
58: 105 112 118 (26.0)
59: 115 125 (22.0)
60: 119 122 (26.0)
61: 104 109 127 (30.0)
62: 123 129 135 (28.0)
63: 121 126 (33.0)
64: 124 128 (29.0)
65: 116 134 (25.0)
66: 120 140 142 (16.0)
67: 137 (20.0)
68: (0.0)
69: 132 139 (22.0)
70: 131 136 138 (19.0)
71: 145 151 (26.0)
72: 141 152 (24.0)
73: 143 144 (26.0)
74: 147 153 (28.0)
75: 133 154 (29.0)
76: 146 149 (24.0)
77: 148 164 (21.0)
78: 157 161 (25.0)
79: 156 159 163 (18.0)
80: 162 (20.0)
81: 166 167 (22.0)
82: 150 155 165 (18.0)
83: 174 180 (15.0)
84: 160 171 (31.0)
85: 168 173 (14.0)
86: 169 172 (32.0)
87: 158 185 (22.0)
88: 175 177 (15.0)
89: 178 183 (31.0)
90: 170 (5.0)
91: 181 (20.0)
92: 176 189 (28.0)
93: 184 187 191 (29.0)
94: 182 192 197 (19.0)
95: 195 196 (29.0)
96: 188 193 (28.0)
97: 179 194 (22.0)
98: 186 198 (37.0)
99: 200 203 (21.0)
100: 190 210 (30.0)
101: 199 201 220 (28.0)
102: 213 (21.0)
103: 206 209 (35.0)
104: 202 204 (30.0)
105: 205 208 228 (22.0)
106: 217 225 (22.0)
107: 211 212 214 (15.0)
108: 215 218 (21.0)
109: 207 232 (21.0)
110: 221 226 (16.0)
111: 216 227 (27.0)
112: 219 234 (30.0)
113: 222 235 (21.0)
114: 229 230 (21.0)
115: 224 236 (34.0)
116: 223 240 (32.0)
117: 233 244 (20.0)
118: 245 (14.0)
119: 239 252 (21.0)
120: 231 257 (28.0)
121: 238 243 (25.0)
122: 241 253 (19.0)
123: 237 242 (18.0)
124: 247 249 251 (15.0)
125: 250 256 (30.0)
126: 248 (21.0)
127: 254 264 (26.0)
128: 246 255 (36.0)
129: 259 266 (33.0)
130: 263 267 (23.0)
131: 258 268 (22.0)
132: 260 261 (24.0)
133: 278 (22.0)
134: 277 (22.0)
135: 265 269 287 (25.0)
136: 270 272 (26.0)
137: 273 284 (24.0)
138: 262 279 282 (20.0)
139: 271 276 280 (20.0)
140: (0.0)
141: 274 286 (21.0)
142: 281 (15.0)
143: 288 292 296 (20.0)
144: 275 291 (25.0)
145: 302 (23.0)
146: 289 293 (34.0)
147: 294 295 (24.0)
148: 297 303 (20.0)
149: 283 285 (28.0)
150: 290 299 (27.0)
151: 300 301 (25.0)
152: 298 308 (28.0)
153: 306 311 321 (35.0)
154: 305 313 (23.0)
155: 307 310 (35.0)
156: 314 316 (23.0)
157: 315 332 (22.0)
158: 309 312 320 (25.0)
159: 317 319 (30.0)
160: 304 328 (31.0)
161: 318 325 (25.0)
162: 324 331 (21.0)
163: 327 329 337 (21.0)
164: 339 344 (27.0)
165: 323 326 (32.0)
166: 333 334 (30.0)
167: 322 341 342 (29.0)
168: 336 (21.0)
169: 335 338 (21.0)
170: 351 353 (24.0)
171: 340 349 (23.0)
172: 347 (21.0)
173: 330 345 (26.0)
174: 343 363 (28.0)
175: 346 361 362 (30.0)
176: 348 350 (26.0)
177: 355 359 (23.0)
178: 354 357 (34.0)
179: 358 369 (31.0)
180: 356 360 (22.0)
181: 371 (23.0)
182: 368 379 (30.0)
183: 352 367 373 (41.0)
184: 374 375 (26.0)
185: 364 365 (26.0)
186: 366 (21.0)
187: 370 382 (21.0)
188: 376 377 (26.0)
189: 387 397 (20.0)
190: 380 381 (26.0)
191: 392 (17.0)
192: 372 391 399 (23.0)
193: 378 385 (13.0)
194: 383 386 (22.0)
195: 393 396 (27.0)
196: 390 394 (29.0)
197: 384 395 (31.0)
198: 388 400 404 (25.0)
199: 389 413 (35.0)
200: 407 (24.0)
201: 401 417 (29.0)
202: 402 406 409 (23.0)
203: 405 412 (26.0)
204: 422 (25.0)
205: 398 (20.0)
206: 403 410 419 (24.0)
207: 408 (25.0)
208: 431 (20.0)
209: 429 (21.0)
210: 414 415 423 (29.0)
211: 411 425 (32.0)
212: 418 (20.0)
213: 421 (22.0)
214: 416 428 (23.0)
215: 433 443 (26.0)
216: 434 (25.0)
217: 420 435 440 (18.0)
218: 424 446 (29.0)
219: 426 439 (29.0)
220: 427 437 445 (29.0)
221: 444 (20.0)
222: 430 432 447 (24.0)
223: 441 453 (31.0)
224: 436 450 (28.0)
225: 438 449 (33.0)
226: 463 465 469 470 (30.0)
227: 452 455 457 466 (31.0)
228: 451 458 459 (38.0)
229: 442 476 (32.0)
230: 448 460 464 (25.0)
231: 454 481 (22.0)
232: 462 467 474 (29.0)
233: 461 471 (32.0)
234: 456 468 473 484 (27.0)
235: 479 480 496 (24.0)
236: 478 501 (27.0)
237: 483 491 (23.0)
238: 475 486 489 490 502 (30.0)
239: 485 492 (33.0)
240: 472 494 497 515 (30.0)
241: 499 500 503 (30.0)
242: 477 487 488 511 (30.0)
243: 482 505 508 (28.0)
244: 495 518 (28.0)
245: 493 507 509 (28.0)
246: 504 510 516 520 529 (30.0)
247: 498 512 535 (29.0)
248: 506 526 (32.0)
249: 513 519 (30.0)
250: 514 524 528 532 536 (25.0)
251: 517 521 523 542 (23.0)
252: 522 530 541 (30.0)
253: 534 544 553 (28.0)
254: 545 554 (25.0)
255: 531 546 556 (29.0)
256: 533 559 (29.0)
257: 527 538 543 547 550 562 (27.0)
258: 525 539 569 (25.0)
259: 540 551 (38.0)
260: 537 576 (28.0)
261: 552 557 (33.0)
262: 549 560 564 (30.0)
263: 548 555 558 567 (30.0)
264: 561 585 (24.0)
265: 563 574 (24.0)
266: 575 592 (24.0)
267: 565 566 572 (28.0)
268: 568 570 (23.0)
269: 578 583 589 (28.0)
270: 573 586 591 611 (23.0)
271: 571 577 590 (22.0)
272: 588 595 598 599 603 604 (29.0)
273: 579 582 (26.0)
274: 594 600 601 (31.0)
275: 581 602 (32.0)
276: 587 593 619 (30.0)
277: 584 596 612 (29.0)
278: 580 597 607 (29.0)
279: 605 623 (37.0)
280: 616 620 626 640 (27.0)
281: 606 609 614 618 622 (29.0)
282: 613 630 638 (29.0)
283: 615 617 628 (30.0)
284: 608 624 (29.0)
285: 632 636 (31.0)
286: 631 635 643 654 (32.0)
287: 633 637 (31.0)
288: 610 625 644 (29.0)
289: 629 639 (33.0)
290: 621 627 649 653 657 (33.0)
291: 634 642 646 (29.0)
292: 648 655 668 (31.0)
293: 641 652 656 663 (30.0)
294: 645 650 651 (38.0)
295: 659 677 (28.0)
296: 647 658 661 664 (30.0)
297: 660 666 676 (32.0)
298: 665 685 689 (30.0)
299: 662 678 684 (30.0)
300: 675 681 (32.0)
301: 670 671 695 (30.0)
302: 667 673 679 683 (30.0)
303: 672 687 690 701 (34.0)
304: 669 682 691 (30.0)
305: 686 700 (31.0)
306: 697 710 (30.0)
307: 674 680 698 707 (27.0)
308: 688 692 (30.0)
309: 696 699 (26.0)
310: 694 703 706 716 (24.0)
311: 693 704 708 715 719 (26.0)
312: 717 726 (28.0)
313: 705 711 (29.0)
314: 702 713 (28.0)
315: 712 718 722 727 (26.0)
316: 709 729 731 (29.0)
317: 720 747 (31.0)
318: 714 724 733 742 (29.0)
319: 725 728 (31.0)
320: 736 740 741 (29.0)
321: 732 746 (35.0)
322: 723 735 737 (29.0)
323: 738 739 745 (30.0)
324: 734 744 749 (33.0)
325: 721 730 743 748 (23.0)
