Name: 750-60-125
Time: 27.010048389434814 
Result: 150132
Solution:  3 4 3 0 5 6 9 1 1 5 10 6 4 6 7 7 8 0 9 7 15 9 10 13 10 16 17 12 5 14 8 16 10 10 15 11 8 12 11 14 8 18 15 12 19 18 20 13 21 16 17 17 20 15 18 16 23 20 22 22 19 18 28 23 29 17 22 22 27 26 25 19 30 26 21 26 28 23 31 25 29 27 32 30 29 33 34 28 32 23 35 31 31 33 36 36 33 30 36 32 26 34 37 30 37 35 33 38 40 35 40 44 33 42 39 35 38 35 42 39 43 41 49 45 46 44 46 46 43 42 45 47 46 42 50 42 48 49 41 45 48 48 42 50 47 49 52 59 51 51 55 52 48 53 51 52 56 46 51 54 54 54 60 51 53 57 54 61 60 48 56 62 59 59 57 60 58 58 60 57 55 63 65 64 58 66 63 61 63 66 67 68 63 68 64 72 72 69 65 61 70 70 71 68 63 71 67 70 71 62 73 71 67 72 72 68 77 71 79 74 75 74 75 72 79 85 83 83 73 72 76 84 74 80 81 80 78 83 80 83 76 80 80 83 90 82 87 90 81 77 80 78 85 80 81 88 86 86 88 95 87 89 88 89 94 89 84 96 88 88 94 96 87 90 92 98 102 92 92 95 98 91 93 93 91 95 101 90 99 96 103 90 97 106 101 96 91 97 97 98 104 101 99 102 106 102 103 94 105 100 104 100 107 99 106 107 106 112 109 103 106 105 112 114 111 104 117 115 110 109 110 111 111 113 111 104 114 111 108 113 113 110 114 118 118 118 111 119 112 121 121 115 116 116 118 124 124 124 122 116 124 117 125 123 128 122 121 121 123 120 127 122 122 124 126 128 126 121 126 129 125 131 125 130 126 128 132 123 132 133 129 133 138 134 131 128 137 134 125 132 126 135 127 138 137 136 135 129 139 134 135 135 137 138 139 147 137 140 133 139 149 135 145 134 142 144 145 144 146 141 143 141 150 138 142 143 151 147 140 149 145 151 147 152 154 148 145 148 150 149 153 151 146 156 144 151 152 146 153 147 153 156 156 154 156 161 150 160 155 161 154 152 157 162 162 160 159 162 158 158 157 160 161 164 161 167 163 157 165 164 164 168 165 165 163 168 169 170 167 165 174 172 170 162 177 169 169 168 172 166 177 175 171 170 173 180 173 175 174 174 175 181 171 181 180 172 173 176 183 176 177 176 171 182 182 172 178 184 177 189 185 175 178 179 179 187 175 178 181 190 184 178 186 178 193 186 179 180 189 184 180 187 183 187 192 188 188 195 191 185 185 200 191 188 198 194 193 193 197 197 200 194 195 204 199 191 197 196 192 198 194 199 195 202 192 191 202 197 200 200 196 201 205 201 200 207 203 206 198 204 202 205 198 211 206 206 203 205 208 203 210 211 205 208 209 211 207 211 217 212 210 209 218 214 203 209 212 208 213 215 209 214 209 219 212 213 223 216 217 216 219 218 220 223 220 219 218 222 226 216 220 213 222 215 223 221 221 224 224 229 220 231 219 225 227 230 222 226 227 221 228 230 223 233 224 221 234 226 232 225 237 235 236 238 228 228 231 232 229 237 225 230 232 238 231 241 233 235 234 237 246 236 238 234 247 241 245 245 241 235 242 248 239 236 243 247 245 238 248 244 244 247 242 239 241 239 243 249 244 240 246 250 250 249 249 250 240 248 248 243
0: 3 17 (70.0)
1: 7 8 (30.0)
2: (0.0)
3: 0 2 (70.0)
4: 1 12 (57.0)
5: 4 9 28 (67.0)
6: 5 11 13 (65.0)
7: 14 15 19 (65.0)
8: 16 30 36 40 (47.0)
9: 6 18 21 (59.0)
10: 10 22 24 32 33 (62.0)
11: 35 38 (62.0)
12: 27 37 43 (28.0)
13: 23 47 (68.0)
14: 29 39 (80.0)
15: 20 34 42 53 (69.0)
16: 25 31 49 55 (74.0)
17: 26 50 51 65 (71.0)
18: 41 45 54 61 (89.0)
19: 44 60 71 (85.0)
20: 46 52 57 (57.0)
21: 48 74 (45.0)
22: 58 59 66 67 (74.0)
23: 56 63 77 89 (69.0)
24: (0.0)
25: 70 79 (61.0)
26: 69 73 75 100 (77.0)
27: 68 81 (63.0)
28: 62 76 87 (70.0)
29: 64 80 84 (76.0)
30: 72 83 97 103 (66.0)
31: 78 91 92 (66.0)
32: 82 88 99 (72.0)
33: 85 93 96 106 112 (67.0)
34: 86 101 (60.0)
35: 90 105 109 115 117 (65.0)
36: 94 95 98 (86.0)
37: 102 104 (61.0)
38: 107 116 (62.0)
39: 114 119 (79.0)
40: 108 110 (60.0)
41: 121 138 (67.0)
42: 113 118 129 133 135 142 (53.0)
43: 120 128 (74.0)
44: 111 125 (77.0)
45: 123 130 139 (64.0)
46: 124 126 127 132 157 (61.0)
47: 131 144 (71.0)
48: 136 140 141 152 169 (61.0)
49: 122 137 145 (61.0)
50: 134 143 (99.0)
51: 148 149 154 158 163 (63.0)
52: 146 151 155 (84.0)
53: 153 164 (75.0)
54: 159 160 161 166 (110.0)
55: 150 180 (61.0)
56: 156 170 (60.0)
57: 165 174 179 (68.0)
58: 176 177 184 (81.0)
59: 147 172 173 (78.0)
60: 162 168 175 178 (77.0)
61: 167 187 199 (66.0)
62: 171 209 (87.0)
63: 181 186 188 192 204 (125.0)
64: 183 194 (73.0)
65: 182 198 (71.0)
66: 185 189 (67.0)
67: 190 206 212 (63.0)
68: 191 193 203 215 (60.0)
69: 197 (60.0)
70: 200 201 207 (67.0)
71: 202 205 208 211 217 (57.0)
72: 195 196 213 214 223 229 (100.0)
73: 210 228 (89.0)
74: 219 221 232 (67.0)
75: 220 222 (61.0)
76: 230 240 (61.0)
77: 216 249 (61.0)
78: 236 251 (67.0)
79: 218 224 (71.0)
80: 233 235 238 241 242 250 253 (99.0)
81: 234 248 254 (105.0)
82: 245 (68.0)
83: 226 227 237 239 243 (102.0)
84: 231 266 (90.0)
85: 225 252 (108.0)
86: 256 257 (67.0)
87: 246 260 272 (102.0)
88: 255 258 262 268 269 (61.0)
89: 261 263 265 (72.0)
90: 244 247 273 287 291 (72.0)
91: 281 284 296 (69.0)
92: 274 277 278 (94.0)
93: 282 283 (63.0)
94: 264 270 307 (86.0)
95: 259 279 285 (75.0)
96: 267 271 289 295 (74.0)
97: 292 297 298 (120.0)
98: 275 280 299 (87.0)
99: 288 302 313 (103.0)
100: 309 311 (73.0)
101: 286 294 301 (100.0)
102: 276 303 305 (81.0)
103: 290 306 319 (79.0)
104: 300 310 325 335 (67.0)
105: 308 321 (85.0)
106: 293 304 314 316 320 (123.0)
107: 312 315 (70.0)
108: 338 (62.0)
109: 318 329 (78.0)
110: 328 330 341 (91.0)
111: 324 331 332 334 337 346 (80.0)
112: 317 322 348 (81.0)
113: 333 339 340 (104.0)
114: 323 336 342 (81.0)
115: 327 351 (79.0)
116: 352 353 359 (84.0)
117: 326 361 (87.0)
118: 343 344 345 354 (95.0)
119: 347 (76.0)
120: 369 (68.0)
121: 349 350 366 367 377 (123.0)
122: 358 365 371 372 (112.0)
123: 363 368 387 (119.0)
124: 355 356 357 360 373 (117.0)
125: 362 380 382 398 (97.0)
126: 374 376 378 384 400 (103.0)
127: 370 402 (86.0)
128: 364 375 385 395 (113.0)
129: 379 390 407 (73.0)
130: 383 (65.0)
131: 381 394 (60.0)
132: 386 388 399 (99.0)
133: 389 391 418 (80.0)
134: 393 397 409 423 (101.0)
135: 401 406 410 411 421 (95.0)
136: 405 (69.0)
137: 396 404 412 416 (124.0)
138: 392 403 413 433 (122.0)
139: 408 414 419 (124.0)
140: 417 438 (93.0)
141: 429 431 (96.0)
142: 424 434 (90.0)
143: 430 435 (71.0)
144: 425 427 454 (93.0)
145: 422 426 440 446 (110.0)
146: 428 452 457 (115.0)
147: 415 437 442 459 (92.0)
148: 445 447 (67.0)
149: 420 439 449 (115.0)
150: 432 448 466 (86.0)
151: 436 441 451 455 (116.0)
152: 443 456 471 (116.0)
153: 450 458 460 (111.0)
154: 444 463 470 (112.0)
155: 468 (70.0)
156: 453 461 462 464 (117.0)
157: 472 480 487 (120.0)
158: 478 479 (84.0)
159: 476 (73.0)
160: 467 475 481 (88.0)
161: 465 469 482 484 (97.0)
162: 473 474 477 503 (103.0)
163: 486 494 (105.0)
164: 483 489 490 (78.0)
165: 488 492 493 499 (63.0)
166: 509 (78.0)
167: 485 498 (128.0)
168: 491 495 507 (103.0)
169: 496 505 506 (120.0)
170: 497 502 513 (62.0)
171: 512 522 532 (122.0)
172: 501 508 525 535 (121.0)
173: 514 516 526 (125.0)
174: 500 518 519 (119.0)
175: 511 517 520 541 546 (119.0)
176: 527 529 531 (95.0)
177: 504 510 530 538 (125.0)
178: 536 542 547 551 553 (109.0)
179: 543 544 556 (123.0)
180: 515 524 557 560 (115.0)
181: 521 523 548 (118.0)
182: 533 534 (89.0)
183: 528 562 (97.0)
184: 537 550 559 (125.0)
185: 540 569 570 (121.0)
186: 552 555 (91.0)
187: 545 561 563 (94.0)
188: 565 566 573 (105.0)
189: 539 558 (75.0)
190: 549 (62.0)
191: 568 572 585 595 (121.0)
192: 564 588 594 (111.0)
193: 554 576 577 (119.0)
194: 575 581 590 (130.0)
195: 567 582 592 (124.0)
196: 587 600 (119.0)
197: 578 579 586 597 (120.0)
198: 574 589 608 612 (121.0)
199: 584 591 (108.0)
200: 571 580 598 599 604 (125.0)
201: 601 603 (108.0)
202: 593 596 610 (122.0)
203: 606 616 619 634 (124.0)
204: 583 609 (114.0)
205: 602 611 617 622 (124.0)
206: 607 614 615 (122.0)
207: 605 626 (123.0)
208: 618 623 637 (98.0)
209: 624 631 635 640 642 (123.0)
210: 620 630 (120.0)
211: 613 621 625 627 (125.0)
212: 629 636 644 (124.0)
213: 638 645 661 (118.0)
214: 633 641 (117.0)
215: 639 663 (102.0)
216: 647 649 659 (120.0)
217: 628 648 (123.0)
218: 632 651 656 (110.0)
219: 643 650 655 672 (113.0)
220: 652 654 660 670 (124.0)
221: 665 666 679 685 (122.0)
222: 657 662 676 (121.0)
223: 646 653 664 682 (102.0)
224: 667 668 684 (123.0)
225: 673 689 700 (116.0)
226: 658 677 687 (120.0)
227: 674 678 (116.0)
228: 680 694 695 (116.0)
229: 669 698 (114.0)
230: 675 681 701 (117.0)
231: 671 696 704 (121.0)
232: 688 697 702 (96.0)
233: 683 706 (112.0)
234: 686 708 713 (119.0)
235: 691 707 719 (118.0)
236: 692 711 723 (125.0)
237: 690 699 709 (113.0)
238: 693 703 712 727 (104.0)
239: 722 733 735 (120.0)
240: 739 746 (119.0)
241: 705 715 718 734 (125.0)
242: 720 732 (118.0)
243: 724 736 749 (119.0)
244: 729 730 738 (160.0)
245: 716 717 726 (125.0)
246: 710 740 (110.0)
247: 714 725 731 (123.0)
248: 721 728 747 748 (125.0)
249: 737 743 744 (121.0)
250: 741 742 745 (123.0)
