Name: 750-20-30
Time: 54.518030405044556 
Result: 33
Solution:  0 1 5 0 3 1 11 8 3 7 13 8 5 2 7 4 11 6 9 10 16 6 12 10 9 12 15 12 15 13 18 13 23 14 17 14 19 17 16 20 20 18 20 25 23 22 24 19 27 22 23 25 27 19 31 28 35 32 28 29 29 32 30 31 34 28 36 33 37 36 37 30 39 35 33 41 39 34 37 32 41 44 42 45 50 42 43 38 45 52 46 44 43 38 47 48 53 44 51 52 56 59 54 54 52 49 49 59 46 47 55 53 59 50 55 56 65 57 57 57 59 64 62 63 64 61 71 59 69 61 63 73 67 75 68 62 71 66 68 67 71 74 70 72 69 73 75 72 65 79 73 76 77 76 84 82 77 80 81 77 83 84 78 74 88 81 79 82 80 86 82 87 86 88 85 83 87 90 89 94 97 89 91 90 98 85 99 92 91 96 92 99 100 94 101 95 92 95 93 97 102 96 102 97 101 93 100 98 103 110 107 107 110 108 104 105 104 106 109 111 103 109 114 106 112 104 109 112 105 114 117 117 113 118 119 116 115 120 123 121 121 120 113 118 115 125 125 130 122 120 124 127 119 124 130 123 126 126 128 127 128 131 136 128 129 132 138 130 135 134 135 137 136 137 140 138 142 132 133 142 140 141 140 149 139 141 145 134 142 143 139 150 142 143 145 146 151 148 148 149 146 150 147 150 152 151 153 155 154 154 155 153 162 156 157 156 160 163 157 161 153 159 161 165 160 158 162 166 172 171 167 167 158 165 163 173 166 161 169 164 169 168 170 172 164 168 175 171 178 175 175 170 180 170 174 174 179 177 173 176 180 177 178 176 183 185 181 183 183 184 179 182 189 184 186 185 186 187 189 188 190 190 194 191 192 189 192 193 194 196 195 193 187 196 195 203 198 203 197 191 200 204 199 210 198 205 202 201 202 199 213 211 203 204 205 207 207 213 200 209 216 210 206 208 217 211 214 214 213 209 221 208 212 212 218 222 215 215 225 219 220 217 230 221 219 222 223 222 226 226 220 225 228 223 224 228 221 228 229 228 224 229 233 233 227 233 232 234 234 230 231 232 238 241 231 238 227 231 236 238 233 232 242 237 232 243 239 241 235 243 236 235 240 241 240 239 236 246 241 238 244 237 240 238 242 236 251 247 245 245 246 244 254 250 246 245 245 250 252 248 249 247 246 245 253 260 255 259 247 250 249 248 253 252 257 253 250 256 256 254 261 247 251 260 251 255 263 254 262 253 260 258 258 257 260 261 257 263 261 253 262 264 257 265 259 265 262 264 269 259 264 265 267 269 267 266 266 269 267 274 270 273 270 271 270 268 275 271 271 269 272 277 276 271 273 275 278 275 268 280 277 276 272 279 278 274 281 278 283 278 281 285 279 282 280 281 280 279 285 282 280 276 282 277 282 288 276 285 282 293 291 286 284 286 287 290 294 289 288 289 289 294 292 286 291 284 288 291 290 290 298 293 292 287 287 289 297 301 302 296 297 295 296 291 295 299 303 301 299 297 294 307 298 305 300 307 300 299 295 302 301 298 304 300 300 297 305 305 310 305 304 302 306 303 304 301 309 308 307 312 304 308 311 311 311 308 317 318 318 317 312 310 317 306 314 320 306 315 314 309 321 323 316 319 323 315 313 317 313 320 319 322 321 320 325 316 322 317 316 322 320 319 323 324 323 323 324 318 325 325
0: 0 3 (20.0)
1: 1 5 (20.0)
2: 13 (16.0)
3: 4 8 (20.0)
4: 15 (8.0)
5: 2 12 (15.0)
6: 17 21 (22.0)
7: 9 14 (21.0)
8: 7 11 (20.0)
9: 18 24 (23.0)
10: 19 23 (23.0)
11: 6 16 (20.0)
12: 22 25 27 (22.0)
13: 10 29 31 (17.0)
14: 33 35 (27.0)
15: 26 28 (28.0)
16: 20 38 (20.0)
17: 34 37 (12.0)
18: 30 41 (29.0)
19: 36 47 53 (31.0)
20: 39 40 42 (26.0)
21: (0.0)
22: 45 49 (25.0)
23: 32 44 50 (20.0)
24: 46 (8.0)
25: 43 51 (19.0)
26: (0.0)
27: 48 52 (28.0)
28: 55 58 65 (19.0)
29: 59 60 (30.0)
30: 62 71 (25.0)
31: 54 63 (25.0)
32: 57 61 79 (27.0)
33: 67 74 (26.0)
34: 64 77 (19.0)
35: 56 73 (31.0)
36: 66 69 (21.0)
37: 68 70 78 (21.0)
38: 87 93 (20.0)
39: 72 76 (16.0)
40: (0.0)
41: 75 80 (25.0)
42: 82 85 (23.0)
43: 86 92 (22.0)
44: 81 91 97 (20.0)
45: 83 88 (31.0)
46: 90 108 (22.0)
47: 94 109 (30.0)
48: 95 (5.0)
49: 105 106 (30.0)
50: 84 113 (23.0)
51: 98 (8.0)
52: 89 99 104 (25.0)
53: 96 111 (20.0)
54: 102 103 (21.0)
55: 110 114 (26.0)
56: 100 115 (29.0)
57: 117 118 119 (26.0)
58: (0.0)
59: 101 107 112 120 127 (22.0)
60: (0.0)
61: 125 129 (15.0)
62: 122 135 (28.0)
63: 123 130 (26.0)
64: 121 124 (29.0)
65: 116 148 (26.0)
66: 137 (20.0)
67: 132 139 (22.0)
68: 134 138 (19.0)
69: 128 144 (30.0)
70: 142 (8.0)
71: 126 136 140 (21.0)
72: 143 147 (26.0)
73: 131 145 150 (21.0)
74: 141 163 (20.0)
75: 133 146 (20.0)
76: 151 153 (32.0)
77: 152 156 159 (22.0)
78: 162 (20.0)
79: 149 166 (33.0)
80: 157 168 (22.0)
81: 158 165 (21.0)
82: 155 167 170 (11.0)
83: 160 175 (24.0)
84: 154 161 (28.0)
85: 174 185 (22.0)
86: 169 172 (32.0)
87: 171 176 (37.0)
88: 164 173 (21.0)
89: 178 181 (34.0)
90: 177 183 (21.0)
91: 182 188 (20.0)
92: 187 190 196 (36.0)
93: 198 205 (26.0)
94: 179 193 (23.0)
95: 195 197 (14.0)
96: 189 201 (20.0)
97: 180 199 203 (16.0)
98: 184 207 (20.0)
99: 186 191 (29.0)
100: 192 206 (25.0)
101: 194 204 (29.0)
102: 200 202 (26.0)
103: 208 220 (17.0)
104: 214 216 225 (25.0)
105: 215 228 (26.0)
106: 217 223 (27.0)
107: 210 211 (23.0)
108: 213 (21.0)
109: 218 221 226 (22.0)
110: 209 212 (21.0)
111: 219 (17.0)
112: 224 227 (34.0)
113: 232 242 (26.0)
114: 222 229 (23.0)
115: 236 244 (28.0)
116: 235 (11.0)
117: 230 231 (24.0)
118: 233 243 (22.0)
119: 234 252 (23.0)
120: 237 241 249 (14.0)
121: 239 240 (30.0)
122: 248 (21.0)
123: 238 255 (31.0)
124: 250 253 (32.0)
125: 245 246 (32.0)
126: 256 257 (24.0)
127: 251 259 (23.0)
128: 258 260 263 (25.0)
129: 264 (20.0)
130: 247 254 267 (20.0)
131: 261 (21.0)
132: 265 277 (26.0)
133: 278 (22.0)
134: 269 287 (21.0)
135: 268 270 (30.0)
136: 262 272 (20.0)
137: 271 273 (22.0)
138: 266 275 (31.0)
139: 284 290 (25.0)
140: 274 280 282 (27.0)
141: 281 285 (28.0)
142: 276 279 288 292 (18.0)
143: 289 293 (34.0)
144: (0.0)
145: 286 294 (24.0)
146: 295 300 (20.0)
147: 302 (23.0)
148: 297 298 (29.0)
149: 283 299 (28.0)
150: 291 301 303 (29.0)
151: 296 305 (16.0)
152: 304 (15.0)
153: 306 311 320 (20.0)
154: 308 309 (25.0)
155: 307 310 (35.0)
156: 313 315 (25.0)
157: 314 318 (23.0)
158: 325 332 (25.0)
159: 321 (20.0)
160: 316 324 (20.0)
161: 319 322 337 (29.0)
162: 312 326 (29.0)
163: 317 334 (30.0)
164: 339 344 (27.0)
165: 323 333 (30.0)
166: 327 336 (29.0)
167: 330 331 (25.0)
168: 341 345 (23.0)
169: 338 340 (25.0)
170: 342 351 353 (32.0)
171: 329 347 (30.0)
172: 328 343 (33.0)
173: 335 358 (24.0)
174: 354 355 (26.0)
175: 346 349 350 (23.0)
176: 359 363 (23.0)
177: 357 361 (30.0)
178: 348 362 (31.0)
179: 356 370 (10.0)
180: 352 360 (32.0)
181: 366 (21.0)
182: 371 (23.0)
183: 364 367 368 (26.0)
184: 369 373 (36.0)
185: 365 375 (29.0)
186: 374 376 (21.0)
187: 377 392 (33.0)
188: 379 (21.0)
189: 372 378 385 (20.0)
190: 380 381 (26.0)
191: 383 399 (14.0)
192: 384 386 (32.0)
193: 387 391 (22.0)
194: 382 388 (28.0)
195: 390 394 (29.0)
196: 389 393 (25.0)
197: 398 (20.0)
198: 396 404 (26.0)
199: 402 409 (21.0)
200: 400 418 (27.0)
201: 407 (24.0)
202: 406 408 (27.0)
203: 395 397 412 (29.0)
204: 401 413 (38.0)
205: 405 414 (32.0)
206: 422 (25.0)
207: 415 416 (30.0)
208: 423 431 (22.0)
209: 419 429 (28.0)
210: 403 421 (28.0)
211: 411 425 (32.0)
212: 432 433 (27.0)
213: 410 417 428 (27.0)
214: 426 427 (27.0)
215: 436 437 (27.0)
216: 420 (5.0)
217: 424 441 (26.0)
218: 434 (25.0)
219: 439 444 (31.0)
220: 440 450 (25.0)
221: 430 443 456 (23.0)
222: 435 445 447 (17.0)
223: 446 453 (34.0)
224: 454 460 (23.0)
225: 438 451 (29.0)
226: 448 449 (27.0)
227: 464 476 (26.0)
228: 452 455 457 459 (30.0)
229: 458 461 (32.0)
230: 442 469 (29.0)
231: 470 474 477 (29.0)
232: 466 471 481 484 (28.0)
233: 462 463 465 480 (26.0)
234: 467 468 (21.0)
235: 488 491 (27.0)
236: 478 490 496 505 (24.0)
237: 483 501 (31.0)
238: 472 475 479 499 503 (25.0)
239: 486 495 (21.0)
240: 492 494 502 (26.0)
241: 473 487 493 498 (20.0)
242: 482 504 (25.0)
243: 485 489 (26.0)
244: 500 511 (22.0)
245: 508 509 515 516 523 (29.0)
246: 497 510 514 522 (27.0)
247: 507 521 528 541 (30.0)
248: 519 531 (20.0)
249: 520 530 (33.0)
250: 513 517 529 536 (30.0)
251: 506 542 544 (28.0)
252: 518 533 (36.0)
253: 524 532 535 549 559 (30.0)
254: 512 539 547 (30.0)
255: 526 545 (32.0)
256: 537 538 (24.0)
257: 534 553 556 562 (30.0)
258: 551 552 (38.0)
259: 527 564 569 (30.0)
260: 525 543 550 554 (29.0)
261: 540 555 558 (34.0)
262: 548 560 566 (30.0)
263: 546 557 (31.0)
264: 561 567 570 (30.0)
265: 563 565 571 (30.0)
266: 575 576 (27.0)
267: 572 574 578 (30.0)
268: 585 598 (23.0)
269: 568 573 577 589 (30.0)
270: 580 582 584 (30.0)
271: 583 587 588 593 (30.0)
272: 590 602 (30.0)
273: 581 594 (34.0)
274: 579 605 (30.0)
275: 586 595 597 (30.0)
276: 592 601 621 626 (30.0)
277: 591 600 623 (29.0)
278: 596 604 607 609 (28.0)
279: 603 612 617 (29.0)
280: 599 614 616 620 (30.0)
281: 606 610 615 (30.0)
282: 613 619 622 624 628 (30.0)
283: 608 (20.0)
284: 632 645 (33.0)
285: 611 618 627 (22.0)
286: 631 633 643 (28.0)
287: 634 653 654 (29.0)
288: 625 638 646 (22.0)
289: 637 639 640 655 (26.0)
290: 635 648 649 (30.0)
291: 630 644 647 663 (30.0)
292: 642 652 (30.0)
293: 629 651 (36.0)
294: 636 641 670 (30.0)
295: 661 664 678 (30.0)
296: 659 662 (30.0)
297: 656 660 669 685 (30.0)
298: 650 672 681 (34.0)
299: 665 668 677 (29.0)
300: 674 676 683 684 (30.0)
301: 657 667 680 695 (30.0)
302: 658 679 691 (30.0)
303: 666 693 (30.0)
304: 682 690 694 700 (30.0)
305: 673 686 687 689 (34.0)
306: 692 713 716 (28.0)
307: 671 675 698 (29.0)
308: 697 701 705 (30.0)
309: 696 719 (29.0)
310: 688 711 (33.0)
311: 702 703 704 (30.0)
312: 699 710 (28.0)
313: 726 728 (29.0)
314: 714 718 (28.0)
315: 717 725 (30.0)
316: 722 735 738 (29.0)
317: 706 709 712 727 737 (29.0)
318: 707 708 747 (30.0)
319: 723 730 741 (29.0)
320: 715 729 733 740 (30.0)
321: 720 732 (31.0)
322: 731 736 739 (29.0)
323: 721 724 742 744 745 (24.0)
324: 743 746 (31.0)
325: 734 748 749 (26.0)
