Name: 750-20-30
Time: 56.09464120864868 
Result: 41
Solution:  1 9 0 10 3 5 2 5 0 11 12 2 3 1 7 3 11 6 8 10 15 6 13 9 12 8 7 13 20 11 24 15 14 18 14 17 19 14 20 15 20 19 23 25 23 21 25 21 23 22 22 25 30 24 26 18 36 35 24 29 31 30 29 27 31 27 35 33 32 38 35 37 34 37 36 42 39 32 32 33 40 48 42 38 40 41 42 39 45 49 44 48 50 41 47 52 44 45 51 47 55 51 53 53 52 58 50 60 48 49 55 51 56 54 56 61 59 56 60 57 64 59 60 53 61 58 64 62 71 64 57 62 69 67 65 66 70 68 67 69 70 72 66 69 73 72 65 70 69 78 77 73 77 76 84 75 76 80 77 71 83 78 81 73 76 81 75 88 86 88 87 87 85 89 83 85 80 97 89 86 86 90 93 91 92 91 99 93 96 94 101 92 100 103 94 97 96 98 100 98 104 103 105 93 104 97 95 106 98 99 105 107 101 107 108 108 106 106 112 110 101 111 112 113 109 112 115 109 114 110 115 118 116 115 111 114 116 122 124 119 117 122 113 122 117 124 126 129 120 128 125 123 119 131 128 123 129 125 130 130 128 132 135 126 127 129 140 134 134 131 143 136 136 135 141 146 138 137 133 138 139 144 139 138 142 148 145 142 142 140 141 153 145 143 149 146 139 148 149 152 150 144 147 150 152 145 153 154 155 156 160 153 154 157 159 156 158 157 155 159 158 151 168 162 161 161 162 164 167 163 174 160 165 169 170 172 164 165 170 163 171 172 169 175 165 167 177 166 168 179 176 169 183 171 178 177 177 174 173 175 179 173 181 176 178 183 182 184 184 180 180 186 184 185 188 188 184 181 190 189 189 190 192 194 195 185 191 193 198 193 195 200 192 194 197 206 197 194 196 191 203 200 201 205 203 206 203 199 202 199 198 208 203 208 209 207 209 205 204 205 214 210 213 211 211 207 212 212 213 220 215 215 223 211 214 222 224 217 222 219 219 217 221 216 218 219 216 222 228 225 221 224 227 223 230 226 232 225 228 229 230 234 233 232 226 231 229 226 233 225 232 236 230 229 233 235 227 243 235 236 235 231 231 237 235 243 239 241 245 246 239 234 237 241 239 240 240 245 241 237 244 238 247 241 246 235 242 247 241 250 240 247 253 242 246 247 245 251 255 246 249 254 248 254 254 259 248 253 249 252 251 254 251 250 252 253 252 258 258 259 256 248 252 265 249 257 260 258 261 261 259 260 256 255 265 263 267 262 263 255 264 267 262 261 263 262 259 265 265 257 266 271 270 263 262 267 268 262 269 270 270 264 266 274 274 268 277 272 271 271 274 278 269 272 273 270 273 276 269 269 278 271 275 272 277 279 269 278 282 277 286 271 279 280 281 283 281 275 281 278 283 280 280 287 282 286 277 287 287 293 285 286 285 288 288 284 289 290 281 290 281 290 284 285 288 289 295 294 291 295 300 293 295 291 299 291 296 294 303 296 294 296 303 292 294 300 297 298 295 301 302 292 298 295 309 298 295 302 303 300 297 305 302 301 302 302 306 299 307 310 301 308 308 311 309 305 314 306 303 308 306 313 317 310 312 307 311 309 320 310 304 311 310 304 312 309 310 315 314 317 322 325 315 323 323 313 316 316 319 320 325 324 321 321 323 313 321 315 316 319 324 324 323 325 324 322 318 318 325 322
0: 2 8 (22.0)
1: 0 13 (27.0)
2: 6 11 (22.0)
3: 4 12 15 (21.0)
4: (0.0)
5: 5 7 (20.0)
6: 17 21 (22.0)
7: 14 26 (24.0)
8: 18 25 (19.0)
9: 1 23 (23.0)
10: 3 19 (18.0)
11: 9 16 29 (22.0)
12: 10 24 (21.0)
13: 22 27 (14.0)
14: 32 34 37 (17.0)
15: 20 31 39 (22.0)
16: (0.0)
17: 35 (12.0)
18: 33 55 (21.0)
19: 36 41 (29.0)
20: 28 38 40 (34.0)
21: 45 47 (28.0)
22: 49 50 (20.0)
23: 42 44 48 (25.0)
24: 30 53 58 (22.0)
25: 43 46 51 (27.0)
26: 54 (14.0)
27: 63 65 (21.0)
28: (0.0)
29: 59 62 (27.0)
30: 52 61 (24.0)
31: 60 64 (24.0)
32: 68 77 78 (23.0)
33: 67 79 (27.0)
34: 72 (3.0)
35: 57 66 70 (20.0)
36: 56 74 (25.0)
37: 71 73 (33.0)
38: 69 83 (27.0)
39: 76 87 (24.0)
40: 80 84 (22.0)
41: 85 93 (24.0)
42: 75 82 86 (27.0)
43: (0.0)
44: 90 96 (27.0)
45: 88 97 (26.0)
46: (0.0)
47: 94 99 (29.0)
48: 81 91 108 (20.0)
49: 89 109 (17.0)
50: 92 106 (30.0)
51: 98 101 111 (18.0)
52: 95 104 (14.0)
53: 102 103 123 (30.0)
54: 113 (17.0)
55: 100 110 (33.0)
56: 112 114 117 (20.0)
57: 119 130 (30.0)
58: 105 125 (23.0)
59: 116 121 (36.0)
60: 107 118 122 (25.0)
61: 115 124 (22.0)
62: 127 131 (12.0)
63: (0.0)
64: 120 126 129 (23.0)
65: 134 146 (17.0)
66: 135 142 (23.0)
67: 133 138 (22.0)
68: 137 (20.0)
69: 132 139 143 148 (44.0)
70: 136 140 147 (18.0)
71: 128 159 (28.0)
72: 141 145 (28.0)
73: 144 151 163 (30.0)
74: (0.0)
75: 155 166 (22.0)
76: 153 156 164 (35.0)
77: 150 152 158 (24.0)
78: 149 161 (23.0)
79: (0.0)
80: 157 176 (35.0)
81: 162 165 (29.0)
82: (0.0)
83: 160 174 (25.0)
84: 154 (19.0)
85: 172 175 (26.0)
86: 168 179 180 (18.0)
87: 170 171 (23.0)
88: 167 169 (20.0)
89: 173 178 (22.0)
90: 181 (20.0)
91: 183 185 (27.0)
92: 184 191 (24.0)
93: 182 187 203 (20.0)
94: 189 194 (22.0)
95: 206 (16.0)
96: 188 196 (33.0)
97: 177 195 205 (21.0)
98: 197 199 208 (12.0)
99: 186 209 (37.0)
100: 192 198 (28.0)
101: 190 212 220 (27.0)
102: (0.0)
103: 193 201 (25.0)
104: 200 204 (28.0)
105: 202 210 (32.0)
106: 207 216 217 (30.0)
107: 211 213 (26.0)
108: 214 215 (23.0)
109: 224 227 (34.0)
110: 219 229 (30.0)
111: 221 234 (23.0)
112: 218 222 225 (24.0)
113: 223 242 (25.0)
114: 228 235 (22.0)
115: 226 230 233 (24.0)
116: 232 236 (32.0)
117: 240 244 (29.0)
118: 231 (16.0)
119: 239 252 (21.0)
120: 248 (21.0)
121: (0.0)
122: 237 241 243 (23.0)
123: 251 255 (24.0)
124: 238 245 (27.0)
125: 250 257 (30.0)
126: 246 263 (33.0)
127: 264 (20.0)
128: 249 254 260 (12.0)
129: 247 256 265 (22.0)
130: 258 259 (24.0)
131: 253 269 (23.0)
132: 261 (21.0)
133: 278 (22.0)
134: 267 268 (23.0)
135: 262 273 (22.0)
136: 271 272 (20.0)
137: 277 (22.0)
138: 276 279 283 (19.0)
139: 280 282 296 (24.0)
140: 266 289 (34.0)
141: 274 290 (23.0)
142: 284 287 288 (29.0)
143: 270 293 (31.0)
144: 281 301 (32.0)
145: 286 292 305 (30.0)
146: 275 295 (27.0)
147: 302 (23.0)
148: 285 297 (31.0)
149: 294 298 (23.0)
150: 300 303 (10.0)
151: 321 (20.0)
152: 299 304 (28.0)
153: 291 306 311 (25.0)
154: 307 312 (31.0)
155: 308 318 (27.0)
156: 309 315 (20.0)
157: 313 317 (28.0)
158: 316 320 (15.0)
159: 314 319 (28.0)
160: 310 331 (27.0)
161: 324 325 (25.0)
162: 323 326 (32.0)
163: 329 339 (23.0)
164: 327 336 (29.0)
165: 332 337 344 (27.0)
166: 347 (21.0)
167: 328 345 (28.0)
168: 322 348 (26.0)
169: 333 342 351 (38.0)
170: 334 338 (26.0)
171: 340 353 (23.0)
172: 335 341 (21.0)
173: 358 361 (25.0)
174: 330 357 (33.0)
175: 343 359 (29.0)
176: 350 363 (21.0)
177: 346 355 356 (22.0)
178: 354 364 (27.0)
179: 349 360 (24.0)
180: 369 370 (20.0)
181: 362 377 (31.0)
182: 366 (21.0)
183: 352 365 (31.0)
184: 367 368 372 376 (31.0)
185: 373 385 (27.0)
186: 371 (23.0)
187: (0.0)
188: 374 375 (26.0)
189: 379 380 (26.0)
190: 378 381 (26.0)
191: 386 399 (20.0)
192: 382 392 (35.0)
193: 387 389 (28.0)
194: 383 393 397 (25.0)
195: 384 390 (34.0)
196: 398 (20.0)
197: 394 396 (31.0)
198: 388 410 (21.0)
199: 407 409 (25.0)
200: 391 401 (29.0)
201: 402 (20.0)
202: 408 (25.0)
203: 400 404 406 412 (25.0)
204: 418 (20.0)
205: 403 417 419 (23.0)
206: 395 405 (31.0)
207: 415 425 (30.0)
208: 411 413 (34.0)
209: 414 416 (31.0)
210: 421 (22.0)
211: 423 424 433 (30.0)
212: 426 427 (27.0)
213: 422 428 (31.0)
214: 420 434 (30.0)
215: 430 431 (27.0)
216: 443 446 (27.0)
217: 437 441 (29.0)
218: 444 (20.0)
219: 439 440 445 (29.0)
220: 429 (21.0)
221: 442 450 (33.0)
222: 435 438 447 (26.0)
223: 432 453 (24.0)
224: 436 451 (27.0)
225: 449 457 469 (30.0)
226: 455 464 467 (31.0)
227: 452 476 (25.0)
228: 448 458 (26.0)
229: 459 466 473 (28.0)
230: 454 460 472 (25.0)
231: 465 481 482 (26.0)
232: 456 463 470 (23.0)
233: 462 468 474 (26.0)
234: 461 491 (29.0)
235: 475 478 480 484 505 (23.0)
236: 471 479 (26.0)
237: 483 492 499 (29.0)
238: 501 (21.0)
239: 486 490 494 (25.0)
240: 495 496 510 (25.0)
241: 487 493 498 503 508 (20.0)
242: 506 513 (36.0)
243: 477 485 (28.0)
244: 500 (21.0)
245: 488 497 516 (26.0)
246: 489 504 514 519 (27.0)
247: 502 507 511 515 (28.0)
248: 522 526 541 (26.0)
249: 520 528 544 (28.0)
250: 509 533 (27.0)
251: 517 530 532 (28.0)
252: 529 534 536 542 (30.0)
253: 512 527 535 (30.0)
254: 521 523 524 531 (28.0)
255: 518 553 559 (30.0)
256: 540 552 (38.0)
257: 545 569 (30.0)
258: 537 538 547 (30.0)
259: 525 539 550 566 (30.0)
260: 546 551 (36.0)
261: 548 549 563 (30.0)
262: 557 562 565 574 577 (30.0)
263: 555 558 564 573 (34.0)
264: 560 581 (31.0)
265: 543 554 567 568 (30.0)
266: 570 582 (31.0)
267: 556 561 575 (30.0)
268: 576 585 (25.0)
269: 578 592 598 599 606 (30.0)
270: 572 579 580 595 (30.0)
271: 571 588 589 601 611 (30.0)
272: 587 593 603 (28.0)
273: 594 596 (24.0)
274: 583 584 590 (28.0)
275: 602 617 (31.0)
276: 597 (20.0)
277: 586 604 609 626 (30.0)
278: 591 600 607 619 (24.0)
279: 605 612 (29.0)
280: 613 621 622 (22.0)
281: 614 616 618 638 640 (25.0)
282: 608 624 (29.0)
283: 615 620 (28.0)
284: 635 642 (27.0)
285: 630 632 643 (29.0)
286: 610 625 631 (27.0)
287: 623 627 628 (29.0)
288: 633 634 644 (29.0)
289: 636 645 (32.0)
290: 637 639 641 (35.0)
291: 648 653 655 (30.0)
292: 663 671 (20.0)
293: 629 651 (36.0)
294: 647 657 660 664 (28.0)
295: 646 649 652 668 673 676 (29.0)
296: 656 659 661 (30.0)
297: 666 680 (28.0)
298: 667 672 675 (30.0)
299: 654 687 (28.0)
300: 650 665 679 (30.0)
301: 669 683 690 (30.0)
302: 670 677 682 684 685 (30.0)
303: 658 662 678 698 (30.0)
304: 710 713 (30.0)
305: 681 695 (33.0)
306: 686 697 700 (37.0)
307: 688 705 (30.0)
308: 691 692 699 (29.0)
309: 674 694 707 715 (28.0)
310: 689 703 709 712 716 (29.0)
311: 693 706 711 (30.0)
312: 704 714 (27.0)
313: 701 725 735 (33.0)
314: 696 718 (30.0)
315: 717 722 737 (35.0)
316: 726 727 738 (27.0)
317: 702 719 (29.0)
318: 746 747 (35.0)
319: 728 739 (31.0)
320: 708 729 (29.0)
321: 732 733 736 (30.0)
322: 720 745 749 (29.0)
323: 723 724 734 742 (30.0)
324: 731 740 741 744 (28.0)
325: 721 730 743 748 (23.0)
