Name: 750-60-125
Time: 26.01772117614746 
Result: 195114
Solution:  1 1 3 4 4 5 9 0 2 0 8 0 6 3 6 13 3 7 6 8 11 2 8 10 9 13 10 13 10 7 5 14 12 12 17 12 9 11 14 15 8 16 16 14 16 17 20 17 15 20 21 21 24 19 19 13 18 18 20 28 23 20 18 25 22 19 22 22 26 24 21 18 30 28 22 26 23 28 24 25 32 27 29 32 27 34 31 30 37 28 31 31 29 31 34 33 34 31 32 38 34 36 35 34 37 35 34 33 39 31 36 45 35 34 40 36 38 40 34 47 43 39 41 41 40 41 42 48 46 44 43 44 42 38 45 43 44 42 47 50 42 51 42 46 55 44 56 49 52 48 50 52 52 53 52 60 48 49 50 58 56 51 55 57 56 57 53 55 54 57 57 54 64 58 59 58 65 59 58 58 60 63 61 67 58 62 62 64 62 63 63 64 66 68 64 71 71 69 61 62 64 66 70 71 65 71 70 77 71 76 68 71 76 73 75 66 73 71 78 74 75 78 79 75 72 74 76 82 72 77 77 83 77 80 81 88 81 82 79 85 83 75 80 81 90 84 80 75 85 80 81 79 90 83 81 89 86 86 83 93 91 88 86 82 88 95 87 92 89 86 89 87 87 89 95 97 96 92 91 96 98 90 94 97 88 96 97 93 100 100 101 93 101 104 103 93 98 99 105 98 97 100 105 102 102 100 101 95 103 99 111 104 102 106 99 107 105 109 107 109 106 105 109 114 113 110 103 108 107 118 108 111 113 110 113 112 114 105 106 116 112 111 114 109 113 116 115 115 112 110 122 121 121 116 119 127 123 129 122 117 126 120 127 123 128 121 128 120 117 119 123 125 118 127 125 130 126 122 127 129 120 129 128 126 128 122 128 125 129 124 134 131 134 132 130 134 137 133 125 131 126 132 133 136 135 136 144 134 135 138 138 135 138 138 141 146 143 140 133 143 148 141 143 141 137 138 141 141 139 142 141 145 152 147 145 144 139 147 146 149 145 147 148 150 149 150 149 156 155 145 146 159 147 153 153 154 148 153 146 151 159 152 157 153 155 153 160 150 154 164 158 158 155 160 154 167 160 157 157 161 157 164 162 162 159 164 170 163 166 167 164 163 166 169 159 165 170 166 167 165 165 173 175 171 177 169 169 166 167 168 173 173 171 172 175 174 171 175 181 170 175 174 172 174 177 172 176 176 180 175 177 176 177 178 182 181 178 180 175 188 181 176 179 178 180 184 183 182 183 179 183 184 186 190 187 186 187 187 192 185 191 196 190 189 191 189 190 184 196 186 194 190 191 193 191 192 196 194 188 194 199 193 202 194 193 192 191 200 195 198 197 198 202 197 196 197 203 206 206 199 199 203 195 202 207 200 205 201 198 208 203 201 204 206 204 207 203 207 210 201 201 204 209 216 208 209 209 208 217 213 205 206 219 215 213 211 214 207 217 221 212 215 211 222 211 216 220 212 210 216 220 218 218 219 221 220 218 224 224 218 225 216 219 222 223 221 214 226 228 225 233 230 220 225 227 222 223 227 228 224 229 230 223 232 223 230 229 228 233 231 230 234 235 232 229 226 229 227 237 237 230 233 236 232 231 239 233 241 237 236 239 235 243 234 240 234 238 243 239 238 242 246 240 235 241 245 248 240 248 244 246 250 243 238 241 245 249 244 245 248 242 250 249 247 249 250 247 250 249 246
0: 7 9 11 (63.0)
1: 0 1 (60.0)
2: 8 21 (31.0)
3: 2 13 16 (47.0)
4: 3 4 (50.0)
5: 5 30 (52.0)
6: 12 14 18 (68.0)
7: 17 29 (85.0)
8: 10 19 22 40 (57.0)
9: 6 24 36 (61.0)
10: 23 26 28 (67.0)
11: 20 37 (28.0)
12: 32 33 35 (66.0)
13: 15 25 27 55 (62.0)
14: 31 38 43 (60.0)
15: 39 48 (74.0)
16: 41 42 44 (73.0)
17: 34 45 47 (73.0)
18: 56 57 62 71 (66.0)
19: 53 54 65 (69.0)
20: 46 49 58 61 (49.0)
21: 50 51 70 (72.0)
22: 64 66 67 74 (50.0)
23: 60 76 (64.0)
24: 52 69 78 (56.0)
25: 63 79 (69.0)
26: 68 75 (68.0)
27: 81 84 (69.0)
28: 59 73 77 89 (50.0)
29: 82 92 (71.0)
30: 72 87 (61.0)
31: 86 90 91 93 97 109 (64.0)
32: 80 83 98 (70.0)
33: 95 107 (86.0)
34: 85 94 96 100 103 106 113 118 (55.0)
35: 102 105 112 (76.0)
36: 101 110 115 (62.0)
37: 88 104 (61.0)
38: 99 116 133 (62.0)
39: 108 121 (71.0)
40: 114 117 124 (63.0)
41: 122 123 125 (75.0)
42: 126 132 137 140 142 (60.0)
43: 120 130 135 (66.0)
44: 129 131 136 145 (78.0)
45: 111 134 (87.0)
46: 128 143 (98.0)
47: 119 138 (91.0)
48: 127 149 156 (63.0)
49: 147 157 (65.0)
50: 139 150 158 (70.0)
51: 141 161 (70.0)
52: 148 151 152 154 (62.0)
53: 153 166 (70.0)
54: 168 171 (85.0)
55: 144 162 167 (62.0)
56: 146 160 164 (73.0)
57: 163 165 169 170 (64.0)
58: 159 173 175 178 179 184 (68.0)
59: 174 177 (87.0)
60: 155 180 (63.0)
61: 182 198 (71.0)
62: 185 186 188 199 (84.0)
63: 181 189 190 (63.0)
64: 172 187 191 194 200 (68.0)
65: 176 204 (70.0)
66: 192 201 215 (74.0)
67: 183 (62.0)
68: 193 210 (69.0)
69: 197 (60.0)
70: 202 206 (76.0)
71: 195 196 203 205 208 211 217 (34.0)
72: 224 228 (79.0)
73: 213 216 (84.0)
74: 219 225 (71.0)
75: 214 220 223 241 247 (64.0)
76: 209 212 226 (84.0)
77: 207 229 230 232 (74.0)
78: 218 221 (73.0)
79: 222 238 251 (83.0)
80: 233 242 246 249 (93.0)
81: 234 236 243 250 254 (101.0)
82: 227 237 263 (85.0)
83: 231 240 253 258 (119.0)
84: 245 (68.0)
85: 239 248 (88.0)
86: 256 257 262 269 (88.0)
87: 266 271 272 (103.0)
88: 235 261 264 284 (82.0)
89: 255 268 270 273 (65.0)
90: 244 252 281 (79.0)
91: 260 278 (84.0)
92: 267 277 (71.0)
93: 259 287 291 295 (68.0)
94: 282 (62.0)
95: 265 274 307 (74.0)
96: 276 279 285 (76.0)
97: 275 283 286 300 (75.0)
98: 280 296 299 (91.0)
99: 297 309 314 (125.0)
100: 288 289 301 305 (98.0)
101: 290 292 306 (112.0)
102: 303 304 312 (81.0)
103: 294 308 326 (124.0)
104: 293 311 (73.0)
105: 298 302 316 321 337 (117.0)
106: 313 320 338 (88.0)
107: 315 318 328 (87.0)
108: 327 330 (80.0)
109: 317 319 322 343 (111.0)
110: 325 333 349 (106.0)
111: 310 331 341 (68.0)
112: 335 340 348 (68.0)
113: 324 332 334 344 (67.0)
114: 323 336 342 (81.0)
115: 346 347 (82.0)
116: 339 345 353 (88.0)
117: 359 368 (99.0)
118: 329 372 (95.0)
119: 354 369 (101.0)
120: 361 367 380 (92.0)
121: 351 352 365 (88.0)
122: 350 358 377 385 (119.0)
123: 356 363 370 (110.0)
124: 389 (63.0)
125: 371 374 387 398 (69.0)
126: 360 376 383 400 (104.0)
127: 355 362 373 378 (83.0)
128: 364 366 382 384 386 (81.0)
129: 357 379 381 388 (97.0)
130: 375 394 (78.0)
131: 391 399 (67.0)
132: 393 401 (65.0)
133: 397 402 418 (100.0)
134: 390 392 395 407 (118.0)
135: 404 408 411 (90.0)
136: 403 405 (87.0)
137: 396 424 (115.0)
138: 409 410 412 413 425 (124.0)
139: 428 436 (88.0)
140: 417 (68.0)
141: 414 421 423 426 427 430 (110.0)
142: 429 (82.0)
143: 416 419 422 (84.0)
144: 406 435 (83.0)
145: 431 434 440 449 (113.0)
146: 415 438 450 458 (123.0)
147: 433 437 441 452 (112.0)
148: 420 442 456 (119.0)
149: 439 444 446 (124.0)
150: 443 445 467 (108.0)
151: 459 (70.0)
152: 432 461 (74.0)
153: 453 454 457 463 465 (120.0)
154: 455 468 474 (108.0)
155: 448 464 472 (115.0)
156: 447 (63.0)
157: 462 477 478 480 (116.0)
158: 470 471 (63.0)
159: 451 460 484 494 (119.0)
160: 466 473 476 (99.0)
161: 479 (64.0)
162: 482 483 (76.0)
163: 487 491 (78.0)
164: 469 481 485 490 (110.0)
165: 495 499 500 (91.0)
166: 488 492 497 507 (107.0)
167: 475 489 498 508 (102.0)
168: 509 (78.0)
169: 493 505 506 (103.0)
170: 486 496 519 (84.0)
171: 503 512 516 (131.0)
172: 513 522 525 (121.0)
173: 501 510 511 (122.0)
174: 515 521 523 (114.0)
175: 502 514 517 520 529 538 (124.0)
176: 526 527 531 541 (117.0)
177: 504 524 530 532 (119.0)
178: 533 536 543 (121.0)
179: 542 549 (94.0)
180: 528 537 544 (98.0)
181: 518 535 540 (121.0)
182: 534 547 (77.0)
183: 546 548 550 (125.0)
184: 545 551 567 (114.0)
185: 559 (85.0)
186: 552 555 569 (112.0)
187: 554 556 557 (99.0)
188: 539 578 (90.0)
189: 563 565 (79.0)
190: 553 562 566 571 (100.0)
191: 560 564 572 574 586 (121.0)
192: 558 575 585 (97.0)
193: 573 581 584 (121.0)
194: 570 577 579 583 (124.0)
195: 588 602 (106.0)
196: 561 568 576 594 (106.0)
197: 590 593 595 (113.0)
198: 589 591 608 (125.0)
199: 580 599 600 (123.0)
200: 587 605 (121.0)
201: 607 611 619 620 (125.0)
202: 582 592 603 (121.0)
203: 596 601 610 616 (120.0)
204: 612 614 621 (122.0)
205: 606 630 (109.0)
206: 597 598 613 631 (125.0)
207: 604 615 617 637 (116.0)
208: 609 624 627 (124.0)
209: 622 625 626 (125.0)
210: 618 648 (122.0)
211: 635 642 644 (119.0)
212: 640 647 (116.0)
213: 629 634 (95.0)
214: 636 666 (96.0)
215: 633 641 (117.0)
216: 623 645 649 661 (121.0)
217: 628 638 (102.0)
218: 651 652 656 659 (117.0)
219: 632 653 662 (108.0)
220: 646 650 655 672 (114.0)
221: 639 654 665 (106.0)
222: 643 663 675 (115.0)
223: 664 676 682 684 (120.0)
224: 657 658 679 (117.0)
225: 660 669 673 (115.0)
226: 667 695 (121.0)
227: 674 677 697 (119.0)
228: 668 678 687 (112.0)
229: 680 686 694 696 (125.0)
230: 671 681 685 690 700 (123.0)
231: 689 704 (121.0)
232: 683 693 703 (125.0)
233: 670 688 701 706 (124.0)
234: 691 713 715 (121.0)
235: 692 711 723 (125.0)
236: 702 709 (117.0)
237: 698 699 708 (123.0)
238: 716 719 733 (122.0)
239: 705 710 718 (121.0)
240: 714 722 727 (125.0)
241: 707 724 734 (130.0)
242: 720 740 (114.0)
243: 712 717 732 (142.0)
244: 729 737 (131.0)
245: 725 735 738 (123.0)
246: 721 730 749 (119.0)
247: 743 746 (117.0)
248: 726 728 739 (123.0)
249: 736 742 744 748 (115.0)
250: 731 741 745 747 (119.0)
