Name: 50-10-15
Time: 1.5918354988098145 
Result: 2
Solution:  1 1 0 2 3 0 1 4 1 0 0 2 2 0 3 3 4 6 4 8 4 4 5 5 6 6 6 3 5 4 4 7 8 10 6 8 10 11 11 9 9 11 10 9 11 7 10 11 11 11
0 : [2, 5, 9, 10, 13] (11.0)
1 : [0, 1, 6, 8] (11.0)
2 : [3, 11, 12] (12.0)
3 : [4, 14, 15, 27] (12.0)
4 : [7, 16, 18, 20, 21, 29, 30] (12.0)
5 : [22, 23, 28] (12.0)
6 : [17, 24, 25, 26, 34] (11.0)
7 : [31, 45] (12.0)
8 : [19, 32, 35] (13.0)
9 : [39, 40, 43] (11.0)
10 : [33, 36, 42, 46] (13.0)
11 : [37, 38, 41, 44, 47, 48, 49] (11.0)
