Name: 1000-30-50
Time: 46.364864349365234 
Result: 19
Solution:  0 0 1 1 2 2 2 0 0 2 1 0 2 0 0 2 2 1 3 1 5 2 3 4 2 2 4 1 4 6 5 3 3 2 2 2 2 5 2 8 5 4 3 3 5 5 9 2 2 3 7 4 5 4 9 6 3 6 4 7 2 5 5 7 9 4 7 7 5 6 4 5 8 8 12 6 9 12 8 7 6 10 10 8 12 9 11 13 9 7 8 11 7 9 11 11 10 9 9 12 9 12 12 12 11 8 10 14 11 10 15 12 15 12 11 10 13 13 11 14 12 11 13 14 13 12 12 13 14 13 14 15 14 17 17 11 11 13 14 11 16 15 13 14 16 13 16 17 15 17 15 18 18 13 13 16 15 16 13 13 16 19 13 18 15 18 17 20 13 18 15 17 20 20 18 16 17 17 19 19 18 23 19 18 20 18 18 20 20 17 20 22 20 20 18 20 20 19 20 21 21 21 20 18 23 21 21 22 18 21 24 20 19 19 23 22 19 20 21 22 23 27 23 23 19 23 24 21 20 24 22 25 21 22 24 25 21 24 28 21 23 24 25 26 27 26 26 28 24 26 25 26 26 26 25 27 25 25 26 25 27 24 25 25 26 27 26 28 27 24 28 27 27 29 32 26 31 26 27 29 30 32 32 32 30 30 28 25 28 30 31 30 28 28 31 28 32 28 29 30 31 31 29 29 35 31 28 33 33 32 32 34 33 33 30 32 33 33 32 29 29 32 35 33 32 33 32 32 35 31 37 32 31 36 34 34 36 32 34 33 35 34 35 33 34 32 38 36 35 36 34 38 39 36 36 38 33 33 36 36 37 36 35 36 37 37 38 38 37 36 37 34 38 37 37 37 38 35 41 38 40 42 41 39 39 36 39 37 38 38 42 40 39 42 40 38 40 37 42 44 41 41 41 45 43 42 42 42 42 41 39 43 44 41 42 42 43 41 41 44 44 46 43 44 42 43 42 42 43 46 45 44 40 43 47 45 44 41 44 43 45 44 44 46 45 45 46 45 46 44 47 45 46 45 47 44 49 48 45 44 47 48 45 47 48 45 43 46 49 47 47 46 46 48 49 47 47 48 49 48 47 51 48 46 49 51 46 49 51 50 51 49 50 50 48 48 51 53 52 50 49 53 51 47 50 52 55 53 48 49 52 52 55 52 52 50 52 50 52 53 49 54 55 53 54 53 52 53 54 52 53 50 54 51 53 52 53 58 54 53 55 53 55 54 54 55 51 57 53 57 54 56 56 55 56 54 58 55 54 57 55 59 57 59 56 55 57 57 56 55 60 59 57 59 59 55 54 62 58 57 57 58 60 60 58 62 57 56 63 59 56 60 61 56 59 60 60 59 60 60 62 60 61 58 61 65 58 60 60 61 61 61 61 62 62 66 60 64 60 59 64 65 63 66 59 65 66 64 64 61 63 65 66 67 65 64 62 63 64 67 65 64 64 65 65 63 69 64 69 66 62 68 70 69 67 65 69 64 66 63 67 69 67 69 70 69 66 70 70 64 68 67 71 72 71 68 68 68 66 68 67 68 69 71 66 67 68 69 68 70 73 68 66 68 70 70 67 70 70 67 69 71 70 71 69 72 71 72 73 73 72 72 74 71 71 74 71 71 71 76 69 75 72 71 75 72 72 73 69 77 75 74 73 74 74 77 74 77 72 75 76 74 77 75 71 73 75 73 74 73 76 77 78 74 73 76 75 72 74 75 78 75 77 76 81 74 80 74 76 78 77 78 78 76 77 78 80 76 78 76 80 78 80 78 80 79 75 79 82 79 80 81 81 81 81 81 82 79 80 79 80 81 79 81 82 79 82 81 81 85 81 85 83 81 81 85 82 84 81 82 86 83 83 83 84 85 84 79 84 85 88 86 85 84 84 83 82 84 83 82 83 85 87 83 88 85 84 85 86 86 90 86 85 87 86 87 84 87 86 84 89 86 88 87 88 86 86 90 89 85 88 86 88 85 88 87 85 92 88 89 89 90 88 89 92 87 89 87 89 90 87 90 88 89 91 88 89 89 92 90 91 92 91 92 91 88 90 91 92 91 94 93 94 91 92 92 93 93 92 91 94 90 97 93 93 91 90 94 93 97 97 94 93 93 96 96 95 97 98 96 92 95 95 92 96 96 95 97 94 95 97 95 97 96 98 95 96 96 98 98 99 98 96 96 95 98 95 96 96 94 98 94 99 97 97 95 97 100 96 95 100 99 100 97 97 97 97 99 100 96 99 100 100 100 97 99 98 100 97 99
0 : [0, 1, 7, 8, 11, 13, 14] (31.0)
1 : [2, 3, 10, 17, 19, 27] (31.0)
2 : [4, 5, 6, 9, 12, 15, 16, 21, 24, 25, 33, 34, 35, 36, 38, 47, 48, 60] (33.0)
3 : [18, 22, 31, 32, 42, 43, 49, 56] (31.0)
4 : [23, 26, 28, 41, 51, 53, 58, 65, 70] (31.0)
5 : [20, 30, 37, 40, 44, 45, 52, 61, 62, 68, 71] (32.0)
6 : [29, 55, 57, 69, 75, 80] (31.0)
7 : [50, 59, 63, 66, 67, 79, 89, 92] (32.0)
8 : [39, 72, 73, 78, 83, 90, 105] (32.0)
9 : [46, 54, 64, 76, 85, 88, 93, 97, 98, 100] (33.0)
10 : [81, 82, 96, 106, 109, 115] (37.0)
11 : [86, 91, 94, 95, 104, 108, 114, 118, 121, 135, 136, 139] (32.0)
12 : [74, 77, 84, 99, 101, 102, 103, 111, 113, 120, 125, 126] (32.0)
13 : [87, 116, 117, 122, 124, 127, 129, 137, 142, 145, 153, 154, 158, 159, 162, 168] (31.0)
14 : [107, 119, 123, 128, 130, 132, 138, 143] (33.0)
15 : [110, 112, 131, 141, 148, 150, 156, 164, 170] (34.0)
16 : [140, 144, 146, 155, 157, 160, 175] (32.0)
17 : [133, 134, 147, 149, 166, 171, 176, 177, 189] (31.0)
18 : [151, 152, 163, 165, 169, 174, 180, 183, 185, 186, 194, 203, 208] (35.0)
19 : [161, 178, 179, 182, 197, 212, 213, 216, 224] (31.0)
20 : [167, 172, 173, 184, 187, 188, 190, 192, 193, 195, 196, 198, 202, 211, 217, 228] (31.0)
21 : [199, 200, 201, 205, 206, 209, 218, 227, 232, 236, 239] (35.0)
22 : [191, 207, 215, 219, 230, 233] (41.0)
23 : [181, 204, 214, 220, 222, 223, 225, 240] (33.0)
24 : [210, 226, 229, 234, 237, 241, 248, 261, 269] (37.0)
25 : [231, 235, 242, 250, 254, 256, 257, 259, 262, 263, 287] (38.0)
26 : [243, 245, 246, 249, 251, 252, 253, 258, 264, 266, 275, 277] (32.0)
27 : [221, 244, 255, 260, 265, 268, 271, 272, 278] (38.0)
28 : [238, 247, 267, 270, 286, 288, 292, 293, 295, 297, 306] (37.0)
29 : [273, 279, 298, 302, 303, 319, 320] (40.0)
30 : [280, 284, 285, 289, 291, 299, 314] (33.0)
31 : [276, 290, 294, 300, 301, 305, 329, 332] (35.0)
32 : [274, 281, 282, 283, 296, 309, 310, 315, 318, 321, 324, 326, 327, 331, 337, 345] (35.0)
33 : [307, 308, 312, 313, 316, 317, 323, 325, 339, 343, 356, 357] (36.0)
34 : [311, 334, 335, 338, 341, 344, 350, 371] (36.0)
35 : [304, 322, 328, 340, 342, 348, 362, 377] (36.0)
36 : [333, 336, 347, 349, 353, 354, 358, 359, 361, 363, 369, 385] (36.0)
37 : [330, 360, 364, 365, 368, 370, 373, 374, 375, 387, 397] (39.0)
38 : [346, 351, 355, 366, 367, 372, 376, 379, 388, 389, 395] (41.0)
39 : [352, 383, 384, 386, 392, 410] (34.0)
40 : [380, 391, 394, 396, 432] (33.0)
41 : [378, 382, 400, 401, 402, 409, 413, 417, 418, 437] (36.0)
42 : [381, 390, 393, 398, 405, 406, 407, 408, 414, 415, 424, 426, 427] (39.0)
43 : [404, 411, 416, 422, 425, 428, 433, 439, 466] (35.0)
44 : [399, 412, 419, 420, 423, 431, 436, 438, 441, 442, 449, 455, 459] (47.0)
45 : [403, 430, 435, 440, 444, 445, 447, 451, 453, 458, 462, 465] (43.0)
46 : [421, 429, 443, 446, 448, 452, 467, 471, 472, 483, 486] (47.0)
47 : [434, 450, 454, 460, 463, 469, 470, 475, 476, 480, 503] (36.0)
48 : [457, 461, 464, 473, 477, 479, 482, 494, 495, 508] (34.0)
49 : [456, 468, 474, 478, 484, 487, 491, 500, 509, 520] (35.0)
50 : [489, 492, 493, 499, 504, 515, 517, 531] (48.0)
51 : [481, 485, 488, 490, 496, 502, 533, 546] (42.0)
52 : [498, 505, 510, 511, 513, 514, 516, 518, 526, 529, 535] (41.0)
53 : [497, 501, 507, 519, 523, 525, 527, 530, 534, 536, 539, 541, 548] (42.0)
54 : [521, 524, 528, 532, 538, 543, 544, 550, 555, 558, 576] (50.0)
55 : [506, 512, 522, 540, 542, 545, 553, 557, 560, 565, 569, 575] (45.0)
56 : [551, 552, 554, 564, 568, 587, 590, 593] (44.0)
57 : [547, 549, 559, 562, 566, 567, 572, 579, 580, 586] (36.0)
58 : [537, 556, 578, 581, 584, 603, 606] (33.0)
59 : [561, 563, 571, 573, 574, 589, 594, 597, 619, 624] (37.0)
60 : [570, 582, 583, 591, 595, 596, 598, 599, 601, 607, 608, 616, 618] (40.0)
61 : [592, 602, 604, 609, 610, 611, 612, 629] (38.0)
62 : [577, 585, 600, 613, 614, 636, 650] (37.0)
63 : [588, 622, 630, 637, 645, 659] (43.0)
64 : [617, 620, 627, 628, 635, 638, 641, 642, 647, 657, 669] (39.0)
65 : [605, 621, 625, 631, 634, 640, 643, 644, 655] (41.0)
66 : [615, 623, 626, 632, 649, 658, 666, 678, 684, 692] (39.0)
67 : [633, 639, 654, 660, 662, 671, 680, 685, 696, 699] (42.0)
68 : [651, 670, 675, 676, 677, 679, 681, 686, 688, 691, 693] (50.0)
69 : [646, 648, 653, 656, 661, 663, 665, 682, 687, 700, 704, 720, 728] (47.0)
70 : [652, 664, 667, 668, 689, 694, 695, 697, 698, 702] (41.0)
71 : [672, 674, 683, 701, 703, 706, 713, 714, 716, 717, 718, 723, 744] (48.0)
72 : [673, 705, 707, 710, 711, 722, 725, 726, 738, 757] (46.0)
73 : [690, 708, 709, 727, 732, 745, 747, 749, 754] (45.0)
74 : [712, 715, 731, 733, 734, 736, 741, 748, 753, 758, 765, 767] (40.0)
75 : [721, 724, 730, 739, 743, 746, 756, 759, 761, 786] (42.0)
76 : [719, 740, 750, 755, 763, 768, 773, 777, 779] (50.0)
77 : [729, 735, 737, 742, 751, 762, 770, 774] (41.0)
78 : [752, 760, 769, 771, 772, 775, 778, 781, 783] (46.0)
79 : [785, 787, 789, 797, 799, 802, 805, 827] (46.0)
80 : [766, 776, 780, 782, 784, 790, 798, 800] (47.0)
81 : [764, 791, 792, 793, 794, 795, 801, 803, 807, 808, 810, 813, 814, 818] (46.0)
82 : [788, 796, 804, 806, 816, 819, 836, 839] (39.0)
83 : [812, 821, 822, 823, 835, 838, 840, 843] (44.0)
84 : [817, 824, 826, 828, 833, 834, 837, 846, 856, 859] (45.0)
85 : [809, 811, 815, 825, 829, 832, 841, 845, 847, 852, 869, 873, 876] (47.0)
86 : [820, 831, 848, 849, 851, 854, 858, 861, 865, 866, 871] (45.0)
87 : [842, 853, 855, 857, 863, 875, 885, 887, 890] (50.0)
88 : [830, 844, 862, 864, 870, 872, 874, 878, 882, 892, 895, 905] (50.0)
89 : [860, 868, 879, 880, 883, 886, 888, 893, 896, 897] (49.0)
90 : [850, 867, 881, 889, 891, 899, 906, 921, 926] (46.0)
91 : [894, 900, 902, 904, 907, 909, 913, 919, 925] (50.0)
92 : [877, 884, 898, 901, 903, 908, 914, 915, 918, 940, 943] (50.0)
93 : [911, 916, 917, 923, 924, 928, 932, 933] (50.0)
94 : [910, 912, 920, 927, 931, 948, 969, 971] (49.0)
95 : [936, 941, 942, 946, 949, 951, 955, 964, 966, 975, 979] (49.0)
96 : [934, 935, 939, 944, 945, 953, 956, 957, 962, 963, 967, 968, 978, 989] (48.0)
97 : [922, 929, 930, 937, 947, 950, 952, 973, 974, 976, 983, 984, 985, 986, 994, 998] (50.0)
98 : [938, 954, 958, 959, 961, 965, 970, 996] (50.0)
99 : [960, 972, 981, 987, 990, 995, 999] (49.0)
100 : [977, 980, 982, 988, 991, 992, 993, 997] (47.0)
