Name: 100-60-125
Time: 3.88126802444458 
Result: 3
Solution:  0 3 1 0 0 1 2 0 0 4 0 3 2 1 1 2 1 3 0 4 2 2 4 0 2 2 2 3 1 2 0 2 1 2 4 2 0 2 3 4 2 1 3 2 8 4 3 4 4 4 5 6 4 5 4 7 8 8 3 5 6 5 6 6 7 3 8 5 6 10 6 8 5 6 6 6 7 8 8 7 8 10 7 9 5 8 7 9 9 9 7 8 7 9 10 10 9 7 10 10
0 : [0, 3, 4, 7, 8, 10, 18, 23, 30, 36] (91.0)
1 : [2, 5, 13, 14, 16, 28, 32, 41] (90.0)
2 : [6, 12, 15, 20, 21, 24, 25, 26, 29, 31, 33, 35, 37, 40, 43] (91.0)
3 : [1, 11, 17, 27, 38, 42, 46, 58, 65] (90.0)
4 : [9, 19, 22, 34, 39, 45, 47, 48, 49, 52, 54] (89.0)
5 : [50, 53, 59, 61, 67, 72, 84] (89.0)
6 : [51, 60, 62, 63, 68, 70, 73, 74, 75] (92.0)
7 : [55, 64, 76, 79, 82, 86, 90, 92, 97] (92.0)
8 : [44, 56, 57, 66, 71, 77, 78, 80, 85, 91] (91.0)
9 : [83, 87, 88, 89, 93, 96] (91.0)
10 : [69, 81, 94, 95, 98, 99] (92.0)
