Name: 1000-20-30
Time: 45.24916911125183 
Result: 10
Solution:  2 0 1 0 0 0 1 0 3 1 0 0 1 1 1 0 1 3 2 0 1 1 4 1 1 2 2 7 0 1 7 3 4 4 2 1 4 4 0 7 4 3 4 2 5 2 9 7 6 6 7 7 7 3 7 5 9 6 6 6 7 6 5 5 8 6 7 7 5 9 3 8 8 8 7 6 6 8 8 8 10 5 8 8 10 9 11 8 9 9 9 10 9 9 11 9 13 13 8 10 11 11 8 9 10 12 14 11 12 11 13 13 14 10 10 14 12 11 10 15 13 14 14 13 12 11 11 13 12 11 10 15 14 14 13 16 16 13 14 11 15 14 13 15 13 13 15 17 16 19 14 13 16 17 13 16 16 19 16 17 18 16 17 19 13 16 19 17 16 19 20 21 18 16 16 17 21 20 19 17 17 23 16 19 18 23 20 20 17 20 21 23 19 22 19 20 20 20 19 18 19 23 21 24 23 23 21 22 21 18 21 18 23 20 24 25 22 24 23 24 22 24 26 25 21 22 22 23 20 21 24 24 24 24 25 23 24 22 23 26 22 26 25 25 23 27 23 26 23 27 25 23 25 24 26 29 23 22 26 22 30 27 28 23 29 25 26 30 28 25 25 27 28 29 25 29 28 28 28 30 27 33 27 33 29 30 29 29 29 31 31 29 29 28 33 29 27 28 26 30 34 32 30 31 33 32 31 31 34 31 29 31 28 30 32 32 32 33 35 30 32 35 33 31 32 34 34 33 29 30 35 30 34 32 35 32 35 32 33 34 35 32 39 32 37 34 34 35 36 36 40 37 36 36 33 36 34 36 36 33 38 35 36 38 37 36 34 39 38 37 39 39 36 39 38 38 40 40 36 38 38 39 38 38 39 38 36 39 40 43 42 39 41 39 42 39 37 38 42 39 44 43 41 40 45 42 42 41 41 42 45 40 44 43 43 42 43 41 42 42 42 45 47 44 46 41 46 45 42 42 43 43 45 41 41 44 44 45 44 40 45 43 46 48 44 41 46 45 44 45 45 44 47 47 43 45 43 44 50 43 47 49 46 48 48 51 48 46 44 51 46 49 50 45 50 48 47 50 48 51 47 47 49 52 48 50 48 48 49 48 47 47 48 49 53 48 51 50 51 52 54 49 51 50 52 51 53 50 51 47 52 55 50 51 54 51 50 50 50 51 53 52 54 53 52 56 53 53 52 51 52 54 54 52 54 52 55 54 55 54 57 55 53 55 54 56 58 56 55 55 54 53 56 56 57 52 58 54 56 56 61 55 54 57 56 56 56 59 58 58 61 59 58 56 59 59 60 57 59 58 57 60 58 57 60 61 56 56 57 59 58 63 60 60 58 61 60 60 56 60 65 57 64 61 64 59 61 64 62 63 63 60 62 60 61 66 63 62 62 63 62 66 65 61 62 62 62 61 60 61 65 61 66 65 68 66 66 64 62 63 62 66 65 65 62 64 65 66 64 66 66 66 64 68 64 65 68 67 68 70 67 65 68 64 66 68 64 65 69 68 69 67 69 66 68 67 70 69 72 68 67 69 69 69 68 70 68 69 66 71 70 70 73 70 71 70 70 69 71 69 71 72 71 73 70 68 71 71 73 70 71 73 72 72 74 72 70 73 71 71 73 73 74 72 74 69 76 72 74 77 74 75 71 74 74 74 72 76 70 75 77 75 76 76 75 71 76 73 75 78 76 74 72 75 76 75 75 77 74 76 79 76 79 81 77 74 78 75 77 78 79 78 79 76 77 78 76 78 78 77 77 81 80 77 79 78 78 79 81 81 83 80 76 80 80 77 80 80 80 83 84 83 81 80 80 79 81 79 81 80 83 81 85 83 85 81 83 81 79 82 82 82 84 85 83 85 84 87 87 81 88 82 87 85 86 83 82 85 87 82 85 82 84 84 84 86 85 83 83 84 88 86 86 87 87 86 87 84 87 83 84 91 87 87 83 90 87 86 86 86 90 91 91 88 87 85 86 88 84 85 92 89 90 90 89 90 88 89 88 88 90 89 91 89 89 90 90 92 86 91 93 94 93 93 88 94 89 91 88 91 94 90 90 92 93 94 89 92 92 91 90 91 94 91 89 94 92 93 93 91 94 94 96 93 96 95 97 94 96 93 95 96 99 97 96 95 94 92 94 95 98 96 94 95 97 93 99 93 97 94 97 95 93 99 99 97 97 100 95 99 96 98 100 96 99 98 98 96 98 98 98 98 98 98 99 98 100 100 99 97 100 99 98 100 100 100 100 100 100 96
0 : [1, 3, 4, 5, 7, 10, 11, 15, 19, 28, 38] (24.0)
1 : [2, 6, 9, 12, 13, 14, 16, 20, 21, 23, 24, 29, 35] (20.0)
2 : [0, 18, 25, 26, 34, 43, 45] (20.0)
3 : [8, 17, 31, 41, 53, 70] (20.0)
4 : [22, 32, 33, 36, 37, 40, 42] (21.0)
5 : [44, 55, 62, 63, 68, 81] (21.0)
6 : [48, 49, 57, 58, 59, 61, 65, 75, 76] (20.0)
7 : [27, 30, 39, 47, 50, 51, 52, 54, 60, 66, 67, 74] (20.0)
8 : [64, 71, 72, 73, 77, 78, 79, 82, 83, 87, 98, 102] (20.0)
9 : [46, 56, 69, 85, 88, 89, 90, 92, 93, 95, 103] (20.0)
10 : [80, 84, 91, 99, 104, 113, 114, 118, 130] (20.0)
11 : [86, 94, 100, 101, 107, 109, 117, 125, 126, 129, 139] (20.0)
12 : [105, 108, 116, 124, 128] (20.0)
13 : [96, 97, 110, 111, 120, 123, 127, 134, 137, 142, 144, 145, 151, 154, 164] (20.0)
14 : [106, 112, 115, 121, 122, 132, 133, 138, 141, 150] (26.0)
15 : [119, 131, 140, 143, 146] (22.0)
16 : [135, 136, 148, 152, 155, 156, 158, 161, 165, 168, 173, 174, 182] (21.0)
17 : [147, 153, 159, 162, 167, 175, 179, 180, 188] (21.0)
18 : [160, 172, 184, 199, 209, 211] (20.0)
19 : [149, 157, 163, 166, 169, 178, 183, 192, 194, 198, 200] (21.0)
20 : [170, 177, 186, 187, 189, 195, 196, 197, 213, 228] (21.0)
21 : [171, 176, 190, 202, 206, 208, 210, 224, 229] (25.0)
22 : [193, 207, 216, 220, 225, 226, 237, 240, 257, 259] (23.0)
23 : [181, 185, 191, 201, 204, 205, 212, 218, 227, 235, 238, 244, 246, 248, 251, 256, 263] (23.0)
24 : [203, 214, 217, 219, 221, 230, 231, 232, 233, 236, 253] (23.0)
25 : [215, 223, 234, 242, 243, 250, 252, 265, 269, 270, 274] (23.0)
26 : [222, 239, 241, 247, 254, 258, 266, 298] (23.0)
27 : [245, 249, 261, 271, 280, 282, 296] (24.0)
28 : [262, 268, 272, 276, 277, 278, 293, 297, 312] (23.0)
29 : [255, 264, 273, 275, 284, 286, 287, 288, 291, 292, 295, 310, 328] (20.0)
30 : [260, 267, 279, 285, 299, 302, 313, 319, 329, 331] (21.0)
31 : [289, 290, 303, 306, 307, 309, 311, 323] (25.0)
32 : [301, 305, 314, 315, 316, 320, 324, 333, 335, 337, 341, 343] (26.0)
33 : [281, 283, 294, 304, 317, 322, 327, 338, 354, 359] (22.0)
34 : [300, 308, 325, 326, 332, 339, 345, 346, 356, 366] (24.0)
35 : [318, 321, 330, 334, 336, 340, 347, 361] (27.0)
36 : [348, 349, 352, 353, 355, 357, 358, 362, 365, 372, 378, 386] (21.0)
37 : [344, 351, 364, 369, 396] (21.0)
38 : [360, 363, 368, 374, 375, 379, 380, 382, 383, 385, 397] (26.0)
39 : [342, 367, 370, 371, 373, 381, 384, 387, 391, 393, 395, 399] (25.0)
40 : [350, 376, 377, 388, 403, 411, 439] (21.0)
41 : [392, 402, 407, 408, 417, 425, 433, 434, 445] (23.0)
42 : [390, 394, 398, 405, 406, 409, 415, 418, 419, 420, 428, 429] (27.0)
43 : [389, 401, 413, 414, 416, 430, 431, 441, 454, 456, 459] (28.0)
44 : [400, 412, 423, 435, 436, 438, 444, 448, 451, 457, 468] (23.0)
45 : [404, 410, 421, 427, 432, 437, 440, 447, 449, 450, 455, 473] (27.0)
46 : [424, 426, 442, 446, 462, 467, 470] (23.0)
47 : [422, 452, 453, 460, 476, 480, 481, 490, 491, 509] (27.0)
48 : [443, 463, 464, 466, 475, 478, 484, 486, 487, 489, 492, 495] (26.0)
49 : [461, 471, 482, 488, 493, 501] (21.0)
50 : [458, 472, 474, 477, 485, 497, 503, 507, 512, 516, 517, 518] (20.0)
51 : [465, 469, 479, 496, 498, 502, 505, 508, 513, 515, 519, 529] (25.0)
52 : [483, 499, 504, 510, 521, 524, 528, 530, 533, 535, 555] (24.0)
53 : [494, 506, 520, 523, 526, 527, 542, 551] (23.0)
54 : [500, 514, 522, 531, 532, 534, 537, 539, 544, 550, 557, 562] (27.0)
55 : [511, 536, 538, 541, 543, 548, 549, 561] (28.0)
56 : [525, 545, 547, 552, 553, 558, 559, 564, 565, 566, 573, 586, 587, 598] (26.0)
57 : [540, 554, 563, 577, 580, 583, 588, 601] (23.0)
58 : [546, 556, 568, 569, 572, 579, 582, 590, 594] (26.0)
59 : [567, 571, 574, 575, 578, 589, 605] (24.0)
60 : [576, 581, 584, 592, 593, 596, 597, 599, 611, 613, 628] (30.0)
61 : [560, 570, 585, 595, 603, 606, 614, 623, 627, 629, 631] (27.0)
62 : [608, 612, 617, 618, 620, 624, 625, 626, 638, 640, 644] (28.0)
63 : [591, 609, 610, 616, 619, 639] (29.0)
64 : [602, 604, 607, 637, 645, 648, 652, 654, 663, 666] (24.0)
65 : [600, 622, 630, 633, 642, 643, 646, 655, 661, 667] (29.0)
66 : [615, 621, 632, 635, 636, 641, 647, 649, 650, 651, 664, 673, 688] (26.0)
67 : [657, 660, 671, 675, 680] (22.0)
68 : [634, 653, 656, 658, 662, 665, 669, 674, 679, 684, 686, 705] (27.0)
69 : [668, 670, 672, 677, 681, 682, 683, 687, 697, 699, 725] (26.0)
70 : [659, 676, 685, 690, 691, 693, 695, 696, 704, 709, 716, 738] (29.0)
71 : [689, 694, 698, 700, 702, 706, 707, 710, 718, 719, 732, 745] (29.0)
72 : [678, 701, 712, 713, 715, 723, 727, 736, 752] (27.0)
73 : [692, 703, 708, 711, 717, 720, 721, 747] (25.0)
74 : [714, 722, 724, 728, 730, 733, 734, 735, 751, 758, 765] (30.0)
75 : [731, 739, 741, 744, 748, 753, 755, 756, 767] (25.0)
76 : [726, 737, 742, 743, 746, 750, 754, 759, 761, 773, 776, 792] (30.0)
77 : [729, 740, 757, 764, 768, 774, 779, 780, 783, 795] (30.0)
78 : [749, 766, 769, 771, 775, 777, 778, 785, 786] (30.0)
79 : [760, 762, 770, 772, 784, 787, 805, 807, 818] (30.0)
80 : [782, 791, 793, 794, 796, 797, 798, 803, 804, 809] (30.0)
81 : [763, 781, 788, 789, 802, 806, 808, 811, 815, 817, 829] (30.0)
82 : [819, 820, 821, 831, 836, 839, 841] (24.0)
83 : [790, 799, 801, 810, 813, 816, 824, 835, 847, 848, 859, 864] (28.0)
84 : [800, 822, 826, 842, 843, 844, 849, 857, 860, 878] (30.0)
85 : [812, 814, 823, 825, 833, 837, 840, 846, 875, 879] (30.0)
86 : [834, 845, 851, 852, 855, 867, 868, 869, 876, 898] (28.0)
87 : [827, 828, 832, 838, 853, 854, 856, 858, 862, 863, 866, 874] (30.0)
88 : [830, 850, 873, 877, 886, 888, 889, 904, 908] (30.0)
89 : [881, 884, 887, 891, 893, 894, 906, 916, 924] (29.0)
90 : [865, 870, 882, 883, 885, 890, 895, 896, 911, 912, 920] (30.0)
91 : [861, 871, 872, 892, 899, 907, 909, 919, 921, 923, 929] (30.0)
92 : [880, 897, 913, 917, 918, 926, 947] (30.0)
93 : [900, 902, 903, 914, 927, 928, 933, 939, 955, 957, 962] (30.0)
94 : [901, 905, 910, 915, 922, 925, 930, 931, 937, 946, 948, 952, 959] (30.0)
95 : [935, 940, 945, 949, 953, 961, 968] (30.0)
96 : [932, 934, 938, 941, 944, 951, 970, 973, 977, 999] (30.0)
97 : [936, 943, 954, 958, 960, 965, 966, 989] (30.0)
98 : [950, 971, 975, 976, 978, 979, 980, 981, 982, 983, 985, 992] (30.0)
99 : [942, 956, 963, 964, 969, 974, 984, 988, 991] (30.0)
100 : [967, 972, 986, 987, 990, 993, 994, 995, 996, 997, 998] (27.0)
