Name: 1000-40-75
Time: 47.30545902252197 
Result: 35
Solution:  2 0 0 0 3 0 0 2 1 0 1 2 1 2 0 3 0 1 1 0 3 0 6 2 2 0 2 4 2 2 2 4 2 5 2 3 4 8 6 4 5 0 4 6 6 5 4 5 3 5 6 4 6 6 6 8 6 6 5 8 8 6 4 6 9 9 9 7 5 10 8 8 10 10 12 9 6 8 8 7 9 7 9 9 9 9 11 9 8 7 14 9 10 7 9 10 11 11 6 12 10 14 13 12 14 9 9 12 10 11 12 13 12 10 12 14 11 8 9 14 13 9 12 14 9 14 14 16 12 15 15 14 12 15 14 11 12 12 14 13 13 14 12 12 12 15 16 17 15 15 18 16 16 18 16 17 14 16 12 18 16 17 17 14 17 14 18 16 14 16 18 17 21 20 21 17 21 19 18 20 17 23 20 17 22 20 19 20 20 19 18 21 20 19 18 21 17 19 20 21 21 19 18 21 21 20 25 22 23 21 22 26 22 23 22 22 20 23 19 23 23 22 22 19 26 23 23 24 26 23 23 21 25 24 24 24 21 25 23 21 22 25 27 24 28 24 26 24 25 24 25 24 24 26 26 22 22 25 24 29 28 31 27 28 25 26 27 27 28 27 26 28 29 31 31 27 30 28 28 29 30 28 26 30 27 26 31 28 26 28 30 31 29 31 27 32 29 32 26 29 29 30 31 31 27 32 33 34 28 30 32 33 30 32 31 31 33 31 31 31 32 35 33 35 33 33 31 33 32 34 35 35 36 33 35 34 34 34 33 33 32 34 35 32 35 32 36 33 34 31 36 36 33 34 39 38 35 38 36 36 37 36 39 37 36 38 38 40 39 34 37 39 41 39 36 39 37 38 42 38 39 39 41 40 40 39 39 42 38 37 40 39 44 40 40 41 42 41 41 37 43 43 38 40 42 40 41 42 42 40 41 43 42 40 40 38 38 43 41 40 43 45 42 45 41 44 43 46 43 41 46 48 44 45 43 40 42 45 45 44 42 44 45 47 45 45 45 45 45 47 47 48 45 45 46 46 45 48 47 46 44 49 47 47 44 48 50 50 47 44 44 49 49 50 48 49 49 49 51 50 49 51 52 50 48 51 49 45 52 52 52 51 47 50 48 48 48 51 46 50 53 50 49 51 47 51 52 49 50 51 50 51 52 55 54 53 52 52 53 49 51 54 56 50 54 53 54 54 54 54 57 54 53 54 55 54 55 54 53 56 59 55 55 54 54 57 55 55 56 56 55 56 57 58 58 55 53 56 58 55 57 57 58 60 56 57 55 60 59 59 57 58 58 58 58 56 58 58 55 55 58 63 58 61 59 61 59 63 57 59 59 60 64 61 61 58 61 58 60 60 63 61 58 62 61 58 61 62 64 60 61 65 61 62 63 63 63 63 64 65 60 63 64 66 61 63 62 63 64 64 62 66 62 64 65 68 60 64 63 65 68 65 65 66 67 65 67 65 64 61 66 62 66 67 66 65 66 65 66 64 67 71 66 66 67 67 69 68 66 66 67 68 70 66 67 69 67 71 66 69 70 65 67 72 70 72 68 68 69 70 70 72 72 69 69 66 70 73 66 70 72 71 72 73 74 72 72 73 71 69 71 72 72 69 72 74 71 70 72 73 72 73 73 72 77 73 69 72 73 71 74 75 74 76 75 78 76 74 71 73 76 74 75 77 74 74 77 74 75 74 76 75 74 76 79 76 76 76 76 77 80 76 78 79 74 77 76 75 75 77 79 77 80 77 80 77 76 78 75 79 78 76 78 82 81 81 79 76 79 79 76 80 80 77 84 81 83 78 82 81 83 82 81 81 80 81 80 85 78 83 79 82 78 83 83 82 81 86 80 84 84 84 83 86 82 83 82 83 79 80 84 85 86 82 88 82 84 84 87 85 84 86 85 86 83 85 83 86 85 86 85 83 86 82 86 82 89 86 85 88 87 87 90 90 88 87 89 84 88 89 85 87 87 88 86 88 86 91 86 88 89 88 89 89 90 92 86 89 89 91 89 90 90 91 90 86 92 93 88 88 91 90 90 93 93 89 87 92 90 88 92 95 91 92 92 88 90 93 95 90 92 89 94 94 93 96 94 94 94 92 93 92 90 92 94 91 94 94 98 94 95 94 96 98 94 92 95 98 92 97 93 95 96 99 99 97 95 95 99 97 96 98 95 96 99 97 94 97 98 94 98 98 97 99 99 97 99 97 98 98 96 98 99 100 100 100 99 96 100 100 100 96 100 100 100 99 99 100 100 100
0 : [1, 2, 3, 5, 6, 9, 14, 16, 19, 21, 25, 41] (40.0)
1 : [8, 10, 12, 17, 18] (45.0)
2 : [0, 7, 11, 13, 23, 24, 26, 28, 29, 30, 32, 34] (40.0)
3 : [4, 15, 20, 35, 48] (42.0)
4 : [27, 31, 36, 39, 42, 46, 51, 62] (43.0)
5 : [33, 40, 45, 47, 49, 58, 68] (40.0)
6 : [22, 38, 43, 44, 50, 52, 53, 54, 56, 57, 61, 63, 76, 98] (40.0)
7 : [67, 79, 81, 89, 93] (41.0)
8 : [37, 55, 59, 60, 70, 71, 77, 78, 88, 117] (40.0)
9 : [64, 65, 66, 75, 80, 82, 83, 84, 85, 87, 91, 94, 105, 106, 118, 121, 124] (40.0)
10 : [69, 72, 73, 92, 95, 100, 108, 113] (40.0)
11 : [86, 96, 97, 109, 116, 135] (48.0)
12 : [74, 99, 103, 107, 110, 112, 114, 122, 128, 132, 136, 137, 142, 143, 144, 158] (41.0)
13 : [102, 111, 120, 139, 140] (41.0)
14 : [90, 101, 104, 115, 119, 123, 125, 126, 131, 134, 138, 141, 156, 163, 165, 168] (40.0)
15 : [129, 130, 133, 145, 148, 149] (42.0)
16 : [127, 146, 151, 152, 154, 157, 160, 167, 169] (44.0)
17 : [147, 155, 161, 162, 164, 171, 175, 180, 183, 196] (40.0)
18 : [150, 153, 159, 166, 170, 178, 190, 194, 202] (44.0)
19 : [177, 186, 189, 193, 197, 201, 218, 223] (44.0)
20 : [173, 179, 182, 185, 187, 188, 192, 198, 205, 216] (50.0)
21 : [172, 174, 176, 191, 195, 199, 200, 203, 204, 209, 231, 236, 239] (50.0)
22 : [184, 207, 210, 212, 214, 215, 221, 222, 240, 255, 256] (56.0)
23 : [181, 208, 213, 217, 219, 220, 225, 226, 229, 230, 238] (48.0)
24 : [227, 233, 234, 235, 243, 245, 247, 249, 251, 252, 258] (52.0)
25 : [206, 232, 237, 241, 248, 250, 257, 264] (52.0)
26 : [211, 224, 228, 246, 253, 254, 265, 270, 282, 285, 288, 298] (56.0)
27 : [242, 262, 266, 267, 269, 275, 284, 294, 304] (47.0)
28 : [244, 260, 263, 268, 271, 277, 278, 281, 287, 289, 308] (53.0)
29 : [259, 272, 279, 292, 296, 299, 300] (49.0)
30 : [276, 280, 283, 290, 301, 309, 312] (46.0)
31 : [261, 273, 274, 286, 291, 293, 302, 303, 314, 315, 317, 318, 319, 326, 349] (52.0)
32 : [295, 297, 305, 310, 313, 320, 328, 340, 343, 345] (48.0)
33 : [306, 311, 316, 322, 324, 325, 327, 333, 338, 339, 347, 352] (41.0)
34 : [307, 329, 335, 336, 337, 341, 348, 353, 369] (42.0)
35 : [321, 323, 330, 331, 334, 342, 344, 356] (56.0)
36 : [332, 346, 350, 351, 358, 359, 361, 364, 374] (53.0)
37 : [360, 363, 370, 376, 389, 399] (50.0)
38 : [355, 357, 365, 366, 377, 379, 388, 402, 415, 416] (55.0)
39 : [354, 362, 368, 371, 373, 375, 380, 381, 385, 386, 391] (58.0)
40 : [367, 383, 384, 390, 393, 394, 403, 405, 409, 413, 414, 419, 435] (58.0)
41 : [372, 382, 395, 397, 398, 406, 410, 418, 424, 429] (51.0)
42 : [378, 387, 396, 404, 407, 408, 412, 422, 436, 440] (50.0)
43 : [400, 401, 411, 417, 420, 426, 428, 434] (51.0)
44 : [392, 425, 432, 439, 441, 460, 464, 469, 470] (49.0)
45 : [421, 423, 433, 437, 438, 442, 444, 445, 446, 447, 448, 452, 453, 456, 487] (64.0)
46 : [427, 430, 454, 455, 459, 498] (43.0)
47 : [443, 449, 450, 458, 462, 463, 468, 492, 504] (48.0)
48 : [431, 451, 457, 465, 474, 484, 494, 495, 496] (52.0)
49 : [461, 471, 472, 475, 476, 477, 480, 486, 502, 507, 519] (61.0)
50 : [466, 467, 473, 479, 483, 493, 499, 501, 508, 510, 523] (49.0)
51 : [478, 481, 485, 491, 497, 503, 505, 509, 511, 520] (61.0)
52 : [482, 488, 489, 490, 506, 512, 516, 517] (46.0)
53 : [500, 515, 518, 525, 532, 538, 556] (51.0)
54 : [514, 521, 524, 526, 527, 528, 529, 531, 533, 535, 537, 543, 544] (72.0)
55 : [513, 534, 536, 541, 542, 546, 547, 550, 555, 559, 566, 578, 579] (74.0)
56 : [522, 539, 548, 549, 551, 557, 564, 575] (53.0)
57 : [530, 545, 552, 560, 561, 565, 570, 588] (54.0)
58 : [553, 554, 558, 562, 571, 572, 573, 574, 576, 577, 580, 582, 595, 597, 602, 605] (74.0)
59 : [540, 568, 569, 584, 586, 589, 590] (53.0)
60 : [563, 567, 591, 598, 599, 609, 620, 636] (54.0)
61 : [583, 585, 593, 594, 596, 601, 604, 606, 610, 612, 624, 649] (55.0)
62 : [603, 607, 613, 626, 630, 632, 651] (55.0)
63 : [581, 587, 600, 614, 615, 616, 617, 621, 625, 627, 638] (51.0)
64 : [592, 608, 618, 622, 628, 629, 633, 637, 648, 659] (60.0)
65 : [611, 619, 634, 639, 641, 642, 645, 647, 655, 657, 681] (72.0)
66 : [623, 631, 643, 650, 652, 654, 656, 658, 662, 663, 668, 669, 673, 678, 695, 698] (64.0)
67 : [644, 646, 653, 660, 664, 665, 670, 674, 676, 682] (66.0)
68 : [635, 640, 667, 671, 686, 687] (75.0)
69 : [666, 675, 679, 688, 693, 694, 709, 713, 726] (62.0)
70 : [672, 680, 684, 689, 690, 696, 699, 717] (54.0)
71 : [661, 677, 701, 708, 710, 716, 729, 738] (56.0)
72 : [683, 685, 691, 692, 700, 702, 705, 706, 711, 712, 714, 718, 720, 723, 727] (75.0)
73 : [697, 703, 707, 719, 721, 722, 725, 728, 739] (50.0)
74 : [704, 715, 730, 732, 737, 741, 744, 745, 747, 749, 752, 764] (58.0)
75 : [731, 734, 742, 748, 751, 767, 768, 778] (60.0)
76 : [733, 736, 740, 750, 753, 755, 756, 757, 758, 761, 766, 776, 781, 787, 790] (72.0)
77 : [724, 743, 746, 759, 765, 769, 771, 773, 775, 793] (72.0)
78 : [735, 762, 777, 780, 782, 797, 808, 812] (63.0)
79 : [754, 763, 770, 779, 786, 788, 789, 810, 828] (67.0)
80 : [760, 772, 774, 791, 792, 804, 806, 818, 829] (62.0)
81 : [784, 785, 795, 799, 802, 803, 805, 816] (53.0)
82 : [783, 798, 801, 811, 815, 824, 826, 833, 835, 853, 855] (57.0)
83 : [796, 800, 809, 813, 814, 822, 825, 827, 844, 846, 851] (75.0)
84 : [794, 819, 820, 821, 830, 836, 837, 840, 867] (74.0)
85 : [807, 831, 839, 842, 845, 848, 850, 858, 870] (75.0)
86 : [817, 823, 832, 841, 843, 847, 849, 852, 854, 857, 874, 876, 878, 886, 895] (72.0)
87 : [838, 860, 861, 865, 871, 872, 906] (75.0)
88 : [834, 859, 864, 868, 873, 875, 879, 881, 898, 899, 909, 915] (75.0)
89 : [856, 866, 869, 880, 882, 883, 887, 888, 890, 905, 921] (75.0)
90 : [862, 863, 884, 891, 892, 894, 901, 902, 908, 916, 919, 932] (75.0)
91 : [877, 889, 893, 900, 912, 935] (75.0)
92 : [885, 896, 907, 910, 913, 914, 920, 929, 931, 933, 945, 948] (75.0)
93 : [897, 903, 904, 917, 924, 930, 950] (75.0)
94 : [922, 923, 926, 927, 928, 934, 936, 937, 939, 941, 944, 966, 969] (70.0)
95 : [911, 918, 940, 946, 951, 956, 957, 962] (75.0)
96 : [925, 942, 952, 960, 963, 980, 987, 991] (75.0)
97 : [949, 955, 959, 965, 967, 972, 975, 977] (75.0)
98 : [938, 943, 947, 961, 968, 970, 971, 978, 979, 981] (63.0)
99 : [953, 954, 958, 964, 973, 974, 976, 982, 986, 995, 996] (75.0)
100 : [983, 984, 985, 988, 989, 990, 992, 993, 994, 997, 998, 999] (72.0)
