Name: 100-50-100
Time: 3.571780204772949 
Result: 2
Solution:  1 1 0 0 0 0 0 0 0 3 1 1 4 3 0 0 1 0 0 4 0 2 1 2 2 4 3 1 3 4 1 1 2 2 1 2 1 7 2 3 2 4 4 1 1 4 4 4 6 6 3 6 3 4 9 5 9 5 3 5 9 2 6 8 5 5 7 7 3 6 9 7 9 6 7 5 6 10 5 7 5 9 6 9 9 10 8 9 5 8 10 10 8 6 10 10 7 9 10 9
0 : [2, 3, 4, 5, 6, 7, 8, 14, 15, 17, 18, 20] (72.0)
1 : [0, 1, 10, 11, 16, 22, 27, 30, 31, 34, 36, 43, 44] (72.0)
2 : [21, 23, 24, 32, 33, 35, 38, 40, 61] (72.0)
3 : [9, 13, 26, 28, 39, 50, 52, 58, 68] (72.0)
4 : [12, 19, 25, 29, 41, 42, 45, 46, 47, 53] (72.0)
5 : [55, 57, 59, 64, 65, 75, 78, 80, 88] (74.0)
6 : [48, 49, 51, 62, 69, 73, 76, 82, 93] (74.0)
7 : [37, 66, 67, 71, 74, 79, 96] (74.0)
8 : [63, 86, 89, 92] (72.0)
9 : [54, 56, 60, 70, 72, 81, 83, 84, 87, 97, 99] (73.0)
10 : [77, 85, 90, 91, 94, 95, 98] (72.0)
