Name: 250-60-125
Time: 10.74622654914856 
Result: 39
Solution:  1 0 0 3 0 2 0 1 0 1 4 2 1 1 2 2 4 1 3 0 3 0 0 3 1 2 0 0 2 2 1 5 1 2 5 4 1 6 0 1 5 3 5 3 6 3 6 3 3 1 6 4 3 5 5 8 7 9 6 6 4 2 6 8 7 8 6 4 5 7 7 7 7 9 8 8 6 7 7 6 4 9 10 10 9 6 10 9 9 8 7 8 10 11 12 9 6 10 9 13 14 11 15 11 13 14 10 9 10 15 11 11 11 11 12 10 13 9 12 13 16 11 14 12 14 10 14 14 9 12 14 16 11 14 17 14 15 13 15 12 13 12 12 16 13 14 13 16 15 16 17 15 17 16 12 14 17 16 16 14 13 17 18 18 17 15 16 17 14 18 19 19 18 18 18 20 17 17 20 15 16 19 18 15 17 19 17 22 19 19 24 18 20 20 17 18 20 23 17 21 21 20 22 21 21 19 21 22 22 22 23 18 21 21 24 22 23 21 20 24 24 20 24 20 22 23 23 21 23 24 24 22 21 24 25 23 24 25 22 24 24 25 23 23 25 25 23 24 21 23
0 : [1, 2, 4, 6, 8, 19, 21, 22, 26, 27, 38] (71.0)
1 : [0, 7, 9, 12, 13, 17, 24, 30, 32, 36, 39, 49] (70.0)
2 : [5, 11, 14, 15, 25, 28, 29, 33, 61] (69.0)
3 : [3, 18, 20, 23, 41, 43, 45, 47, 48, 52] (74.0)
4 : [10, 16, 35, 51, 60, 67, 80] (69.0)
5 : [31, 34, 40, 42, 53, 54, 68] (89.0)
6 : [37, 44, 46, 50, 58, 59, 62, 66, 76, 79, 85, 96] (77.0)
7 : [56, 64, 69, 70, 71, 72, 77, 78, 90] (75.0)
8 : [55, 63, 65, 74, 75, 89, 91] (82.0)
9 : [57, 73, 81, 84, 87, 88, 95, 98, 107, 117, 128] (86.0)
10 : [82, 83, 86, 92, 97, 106, 108, 115, 125] (93.0)
11 : [93, 101, 103, 110, 111, 112, 113, 121, 132] (95.0)
12 : [94, 114, 118, 123, 129, 139, 141, 142, 154] (99.0)
13 : [99, 104, 116, 119, 137, 140, 144, 146, 160] (87.0)
14 : [100, 105, 122, 124, 126, 127, 130, 133, 135, 145, 155, 159, 168] (95.0)
15 : [102, 109, 136, 138, 148, 151, 165, 179, 183] (108.0)
16 : [120, 131, 143, 147, 149, 153, 157, 158, 166, 180] (106.0)
17 : [134, 150, 152, 156, 161, 164, 167, 176, 177, 184, 186, 194, 198] (108.0)
18 : [162, 163, 169, 172, 173, 174, 182, 191, 195, 211] (107.0)
19 : [170, 171, 181, 185, 188, 189, 205] (108.0)
20 : [175, 178, 192, 193, 196, 201, 218, 221, 223] (108.0)
21 : [199, 200, 203, 204, 206, 212, 213, 217, 227, 232, 248] (102.0)
22 : [187, 202, 207, 208, 209, 215, 224, 231, 238] (106.0)
23 : [197, 210, 216, 225, 226, 228, 235, 242, 243, 246, 249] (107.0)
24 : [190, 214, 219, 220, 222, 229, 230, 233, 236, 239, 240, 247] (107.0)
25 : [234, 237, 241, 244, 245] (100.0)
