Name: 250-30-50
Time: 10.517695903778076 
Result: 12
Solution:  2 0 0 0 4 0 4 1 2 1 0 2 0 0 2 2 0 5 2 2 2 1 3 2 0 2 1 3 3 3 6 0 7 2 3 0 4 3 1 4 6 3 4 0 0 6 7 4 6 5 4 4 4 5 9 5 8 8 6 4 7 3 4 7 7 5 6 4 6 4 9 5 8 8 7 7 10 6 8 9 10 8 9 11 10 11 8 7 5 10 8 10 11 11 10 10 12 12 7 8 9 12 15 10 9 10 15 10 11 11 12 13 12 11 9 12 10 12 14 13 13 9 10 11 12 11 13 12 16 15 13 11 16 15 14 10 16 12 15 13 17 19 13 16 15 15 17 14 12 14 14 16 16 16 14 13 16 16 17 13 20 17 16 16 19 17 17 14 18 15 21 18 17 18 18 17 18 17 16 17 18 18 19 17 20 20 17 15 19 17 20 21 21 19 18 19 21 19 19 19 20 17 20 18 19 19 21 19 24 21 20 22 22 22 20 21 23 23 23 25 23 23 23 24 25 19 25 22 22 21 24 23 24 25 24 24 25 22 24 20 24 25 24 25 23 24 25 25 25 22
0 : [1, 2, 3, 5, 10, 12, 13, 16, 24, 31, 35, 43, 44] (33.0)
1 : [7, 9, 21, 26, 38] (37.0)
2 : [0, 8, 11, 14, 15, 18, 19, 20, 23, 25, 33] (33.0)
3 : [22, 27, 28, 29, 34, 37, 41, 61] (33.0)
4 : [4, 6, 36, 39, 42, 47, 50, 51, 52, 59, 62, 67, 69] (34.0)
5 : [17, 49, 53, 55, 65, 71, 88] (33.0)
6 : [30, 40, 45, 48, 58, 66, 68, 77] (34.0)
7 : [32, 46, 60, 63, 64, 74, 75, 87, 98] (36.0)
8 : [56, 57, 72, 73, 78, 81, 86, 90, 99] (36.0)
9 : [54, 70, 79, 82, 100, 104, 114, 121] (42.0)
10 : [76, 80, 84, 89, 91, 94, 95, 103, 105, 107, 116, 122, 135] (34.0)
11 : [83, 85, 92, 93, 108, 109, 113, 123, 125, 131] (34.0)
12 : [96, 97, 101, 110, 112, 115, 117, 124, 127, 137, 148] (35.0)
13 : [111, 119, 120, 126, 130, 139, 142, 155, 159] (36.0)
14 : [118, 134, 147, 149, 150, 154, 167] (38.0)
15 : [102, 106, 129, 133, 138, 144, 145, 169, 187] (45.0)
16 : [128, 132, 136, 143, 151, 152, 153, 156, 157, 162, 163, 178] (41.0)
17 : [140, 146, 158, 161, 165, 166, 172, 175, 177, 179, 183, 186, 189, 201] (42.0)
18 : [168, 171, 173, 174, 176, 180, 181, 194, 203] (38.0)
19 : [141, 164, 182, 188, 193, 195, 197, 198, 199, 204, 205, 207, 225] (45.0)
20 : [160, 184, 185, 190, 200, 202, 210, 214, 239] (37.0)
21 : [170, 191, 192, 196, 206, 209, 215, 229] (45.0)
22 : [211, 212, 213, 227, 228, 237, 249] (44.0)
23 : [216, 217, 218, 220, 221, 222, 231, 244] (45.0)
24 : [208, 223, 230, 232, 234, 235, 238, 240, 242, 245] (45.0)
25 : [219, 224, 226, 233, 236, 241, 243, 246, 247, 248] (45.0)
