Name: 250-40-75
Time: 10.887338161468506 
Result: 24
Solution:  1 0 0 0 4 0 0 0 2 1 2 0 2 0 0 2 1 2 2 4 0 2 0 4 0 1 0 7 3 0 5 5 3 3 3 1 5 1 6 1 4 4 4 3 3 3 4 7 3 5 5 4 2 1 5 5 8 6 4 3 3 8 6 8 4 10 6 8 6 7 9 6 7 9 5 10 8 7 9 9 6 5 8 7 12 11 8 12 8 10 11 9 12 10 11 9 9 11 9 12 9 12 13 11 11 14 10 7 12 9 9 8 14 11 11 10 8 12 12 12 13 9 12 10 11 12 13 16 14 11 13 13 17 12 17 15 14 14 14 15 14 16 11 15 13 15 11 13 16 13 12 16 15 16 19 18 16 15 16 15 17 16 15 16 16 17 20 14 20 17 15 17 20 19 16 18 20 19 20 17 19 18 20 17 16 16 22 17 16 19 18 18 22 17 21 20 20 18 20 21 18 20 22 22 22 22 24 23 18 21 23 21 21 24 19 22 23 25 24 24 24 25 25 19 22 24 23 23 24 24 23 25 22 24 25 23 23 24 25 25 21 23 22 21 24 25 25 23 25 21
0 : [1, 2, 3, 5, 6, 7, 11, 13, 14, 20, 22, 24, 26, 29] (46.0)
1 : [0, 9, 16, 25, 35, 37, 39, 53] (47.0)
2 : [8, 10, 12, 15, 17, 18, 21, 52] (46.0)
3 : [28, 32, 33, 34, 43, 44, 45, 48, 59, 60] (48.0)
4 : [4, 19, 23, 40, 41, 42, 46, 51, 58, 64] (46.0)
5 : [30, 31, 36, 49, 50, 54, 55, 74, 81] (49.0)
6 : [38, 57, 62, 66, 68, 71, 80] (49.0)
7 : [27, 47, 69, 72, 77, 83, 107] (55.0)
8 : [56, 61, 63, 67, 76, 82, 86, 88, 111, 116] (61.0)
9 : [70, 73, 78, 79, 91, 95, 96, 98, 100, 109, 110, 121] (54.0)
10 : [65, 75, 89, 93, 106, 115, 123] (55.0)
11 : [85, 90, 94, 97, 103, 104, 113, 114, 124, 129, 142, 146] (50.0)
12 : [84, 87, 92, 99, 101, 108, 117, 118, 119, 122, 125, 133, 150] (70.0)
13 : [102, 120, 126, 130, 131, 144, 147, 149] (62.0)
14 : [105, 112, 128, 136, 137, 138, 140, 167] (63.0)
15 : [135, 139, 143, 145, 152, 157, 159, 162, 170] (61.0)
16 : [127, 141, 148, 151, 153, 156, 158, 161, 163, 164, 174, 184, 185, 188] (65.0)
17 : [132, 134, 160, 165, 169, 171, 179, 183, 187, 193] (67.0)
18 : [155, 175, 181, 190, 191, 197, 200, 208] (70.0)
19 : [154, 173, 177, 180, 189, 214, 223] (65.0)
20 : [166, 168, 172, 176, 178, 182, 195, 196, 198, 201] (65.0)
21 : [194, 199, 209, 211, 212, 240, 243, 249] (69.0)
22 : [186, 192, 202, 203, 204, 205, 215, 224, 232, 242] (70.0)
23 : [207, 210, 216, 226, 227, 230, 235, 236, 241, 247] (70.0)
24 : [206, 213, 218, 219, 220, 225, 228, 229, 233, 237, 244] (70.0)
25 : [217, 221, 222, 231, 234, 238, 239, 245, 246, 248] (61.0)
