Name: 500-60-125
Time: 21.541895389556885 
Result: 60
Solution:  4 0 0 0 1 0 0 0 1 1 2 0 1 0 1 0 3 2 0 0 4 2 5 4 1 2 3 3 4 4 7 0 0 1 6 5 3 5 3 1 4 5 6 4 2 5 6 5 2 6 5 8 5 6 5 2 9 7 6 9 5 10 10 6 9 8 6 8 6 4 8 5 7 8 6 5 8 7 7 7 8 11 9 9 7 11 10 9 11 12 9 8 10 9 10 9 10 9 13 10 9 9 10 11 14 7 9 13 8 11 12 12 12 15 13 15 12 13 12 12 14 12 14 13 11 15 15 14 14 15 13 13 13 14 17 12 13 14 15 14 13 14 13 16 13 15 16 15 14 14 15 15 15 13 17 19 13 15 16 16 17 18 16 16 18 20 17 18 19 17 19 17 20 16 15 18 15 20 16 15 17 21 18 15 19 22 17 20 21 19 22 18 24 22 23 23 18 20 19 21 21 20 23 24 17 22 18 21 22 20 21 25 21 21 22 21 18 23 23 19 23 19 20 22 22 22 23 25 21 26 24 27 23 25 24 22 24 27 21 28 28 26 27 24 25 25 25 29 29 24 23 24 23 25 27 23 24 24 26 25 23 29 28 27 29 27 26 30 25 27 26 28 25 29 25 28 28 25 28 27 27 31 28 29 29 25 28 27 26 28 31 29 30 29 33 29 30 28 28 30 30 33 31 32 31 32 32 34 31 34 33 33 30 31 33 32 35 29 32 30 35 33 32 32 34 30 33 33 33 34 34 34 34 35 30 36 33 36 32 34 37 37 37 33 35 36 33 34 32 35 37 35 36 35 35 34 36 36 35 36 33 37 34 41 37 37 36 39 37 37 39 37 40 40 38 39 38 36 37 42 38 40 36 39 41 37 39 38 40 39 40 42 40 41 39 40 40 38 39 40 38 42 42 39 41 40 40 38 42 41 43 42 38 40 40 41 42 44 42 42 43 45 44 43 43 40 40 42 41 44 46 42 41 45 42 46 41 44 43 43 43 46 44 44 49 45 45 42 44 46 45 46 44 44 45 44 45 46 44 47 44 46 47 47 49 47 48 50 46 46 50 47 49 48 48 49 48 47 49 50 48 48 49 48 50 50 50 49 50 46 48 49 49 48 50 50 49 50 50 49
0 : [1, 2, 3, 5, 6, 7, 11, 13, 15, 18, 19, 31, 32] (66.0)
1 : [4, 8, 9, 12, 14, 24, 33, 39] (65.0)
2 : [10, 17, 21, 25, 44, 48, 55] (65.0)
3 : [16, 26, 27, 36, 38] (65.0)
4 : [0, 20, 23, 28, 29, 40, 43, 69] (69.0)
5 : [22, 35, 37, 41, 45, 47, 50, 52, 54, 60, 71, 75] (66.0)
6 : [34, 42, 46, 49, 53, 58, 63, 66, 68, 74] (65.0)
7 : [30, 57, 72, 77, 78, 79, 84, 105] (65.0)
8 : [51, 65, 67, 70, 73, 76, 80, 91, 108] (67.0)
9 : [56, 59, 64, 82, 83, 87, 90, 93, 95, 97, 100, 101, 106] (77.0)
10 : [61, 62, 86, 92, 94, 96, 99, 102] (68.0)
11 : [81, 85, 88, 103, 109, 124] (66.0)
12 : [89, 110, 111, 112, 116, 118, 119, 121, 135] (77.0)
13 : [98, 107, 114, 117, 123, 130, 131, 132, 136, 140, 142, 144, 153, 156] (84.0)
14 : [104, 120, 122, 127, 128, 133, 137, 139, 141, 148, 149] (79.0)
15 : [113, 115, 125, 126, 129, 138, 145, 147, 150, 151, 152, 157, 174, 176, 179, 183] (84.0)
16 : [143, 146, 158, 159, 162, 163, 173, 178] (74.0)
17 : [134, 154, 160, 166, 169, 171, 180, 186, 204] (79.0)
18 : [161, 164, 167, 175, 182, 191, 196, 206, 216] (71.0)
19 : [155, 168, 170, 184, 189, 198, 219, 221] (73.0)
20 : [165, 172, 177, 187, 197, 201, 209, 222] (67.0)
21 : [181, 188, 199, 200, 207, 210, 212, 213, 215, 228, 238] (103.0)
22 : [185, 190, 193, 205, 208, 214, 223, 224, 225, 235] (78.0)
23 : [194, 195, 202, 217, 218, 220, 226, 232, 250, 252, 255, 260] (106.0)
24 : [192, 203, 230, 234, 236, 243, 249, 251, 256, 257] (80.0)
25 : [211, 227, 233, 244, 245, 246, 253, 259, 268, 272, 274, 277, 285] (87.0)
26 : [229, 241, 258, 266, 270, 288] (73.0)
27 : [231, 237, 242, 254, 263, 265, 269, 279, 280, 287] (101.0)
28 : [239, 240, 262, 271, 275, 276, 278, 282, 286, 289, 297, 298] (117.0)
29 : [247, 248, 261, 264, 273, 283, 284, 291, 293, 295, 317] (91.0)
30 : [267, 292, 296, 299, 300, 312, 319, 325, 334] (91.0)
31 : [281, 290, 302, 304, 308, 313] (89.0)
32 : [303, 305, 306, 315, 318, 322, 323, 338, 348] (94.0)
33 : [294, 301, 310, 311, 314, 321, 326, 327, 328, 336, 343, 346, 360] (102.0)
34 : [307, 309, 324, 329, 330, 331, 332, 339, 347, 355, 362] (113.0)
35 : [316, 320, 333, 344, 349, 351, 353, 354, 358] (110.0)
36 : [335, 337, 345, 352, 356, 357, 359, 366, 377, 382] (94.0)
37 : [340, 341, 342, 350, 361, 364, 365, 368, 369, 371, 378, 385] (117.0)
38 : [374, 376, 380, 387, 397, 400, 407, 412] (122.0)
39 : [367, 370, 375, 383, 386, 389, 394, 398, 403] (125.0)
40 : [372, 373, 381, 388, 390, 392, 395, 396, 399, 405, 406, 413, 414, 425, 426] (123.0)
41 : [363, 384, 393, 404, 409, 415, 428, 432, 436] (122.0)
42 : [379, 391, 401, 402, 408, 411, 416, 418, 419, 427, 431, 434, 447] (119.0)
43 : [410, 420, 423, 424, 438, 439, 440] (125.0)
44 : [417, 422, 429, 437, 442, 443, 448, 452, 453, 455, 458, 460] (124.0)
45 : [421, 433, 445, 446, 450, 454, 456] (125.0)
46 : [430, 435, 441, 449, 451, 457, 461, 468, 469, 489] (124.0)
47 : [459, 462, 463, 465, 471, 477] (119.0)
48 : [466, 473, 474, 476, 480, 481, 483, 490, 493] (111.0)
49 : [444, 464, 472, 475, 478, 482, 487, 491, 492, 496, 499] (104.0)
50 : [467, 470, 479, 484, 485, 486, 488, 494, 495, 497, 498] (122.0)
