Name: 500-20-30
Time: 21.839181900024414 
Result: 10
Solution:  0 1 0 1 0 2 0 0 1 0 1 0 3 1 0 0 1 2 2 1 5 3 4 5 2 2 3 1 3 3 4 5 1 1 5 4 4 7 1 5 2 4 3 6 3 6 3 1 2 6 6 6 5 6 8 7 3 3 8 6 5 6 4 8 7 4 7 6 7 8 6 7 10 7 7 6 4 7 5 7 7 8 9 9 7 5 10 10 10 9 10 7 10 9 11 13 11 10 10 12 11 9 13 10 13 8 13 9 10 11 14 13 9 13 10 9 10 12 12 9 15 15 14 12 12 12 14 9 10 15 11 14 16 13 15 15 13 14 16 13 12 13 16 15 14 13 17 12 17 15 18 16 18 15 15 16 17 14 15 15 17 17 17 16 20 17 16 15 16 18 18 18 18 17 19 18 19 17 16 19 18 17 16 20 16 21 20 16 17 16 23 20 20 21 19 19 17 18 22 21 21 25 20 25 20 22 23 22 23 22 21 18 20 22 23 22 20 20 20 21 26 24 22 23 22 19 20 21 24 24 22 25 24 23 25 23 24 23 22 27 26 26 24 27 25 26 25 23 23 25 25 23 23 26 27 27 29 29 26 24 31 26 24 25 27 25 28 24 27 27 28 26 25 30 29 30 27 25 28 26 29 29 29 32 28 26 29 28 26 28 32 31 30 30 30 27 30 29 27 29 34 29 27 30 29 31 29 30 35 28 33 32 30 31 32 33 31 33 32 35 31 32 33 33 33 36 33 31 33 35 34 37 36 33 33 33 34 35 32 33 35 37 36 35 38 36 35 38 32 35 33 36 34 34 38 36 36 36 38 34 37 36 36 35 33 41 40 40 37 38 38 40 36 38 38 40 39 40 38 35 38 39 39 39 43 39 39 40 40 43 41 41 38 39 41 42 38 41 36 41 37 43 41 42 40 43 42 39 39 41 42 42 42 43 42 43 42 44 40 39 45 43 46 44 41 39 42 43 44 42 43 41 44 48 40 47 45 46 45 41 45 45 46 41 45 47 45 47 45 44 43 46 45 46 47 46 45 44 46 42 47 50 49 45 49 46 44 50 47 47 46 48 49 48 46 50 48 49 44 50 46 49 50 50 50 48 48 48 50 49 50 47 49 48 50 50 50 50 48 49
0 : [0, 2, 4, 6, 7, 9, 11, 14, 15] (25.0)
1 : [1, 3, 8, 10, 13, 16, 19, 27, 32, 33, 38, 47] (20.0)
2 : [5, 17, 18, 24, 25, 40, 48] (21.0)
3 : [12, 21, 26, 28, 29, 42, 44, 46, 56, 57] (20.0)
4 : [22, 30, 35, 36, 41, 62, 65, 76] (20.0)
5 : [20, 23, 31, 34, 39, 52, 60, 78, 85] (20.0)
6 : [43, 45, 49, 50, 51, 53, 59, 61, 67, 70, 75] (22.0)
7 : [37, 55, 64, 66, 68, 71, 73, 74, 77, 79, 80, 84, 91] (21.0)
8 : [54, 58, 63, 69, 81, 105] (20.0)
9 : [82, 83, 89, 93, 101, 107, 112, 115, 119, 127] (20.0)
10 : [72, 86, 87, 88, 90, 92, 97, 98, 103, 108, 114, 116, 128] (24.0)
11 : [94, 96, 100, 109, 130] (20.0)
12 : [99, 117, 118, 123, 124, 125, 140, 147] (24.0)
13 : [95, 102, 104, 106, 111, 113, 133, 136, 139, 141, 145] (21.0)
14 : [110, 122, 126, 131, 137, 144, 157] (22.0)
15 : [120, 121, 129, 134, 135, 143, 149, 153, 154, 158, 159, 167] (21.0)
16 : [132, 138, 142, 151, 155, 163, 166, 168, 178, 182, 184, 187, 189] (22.0)
17 : [146, 148, 156, 160, 161, 162, 165, 173, 177, 181, 188, 196] (22.0)
18 : [150, 152, 169, 170, 171, 172, 175, 180, 197, 211] (25.0)
19 : [174, 176, 179, 194, 195, 225] (23.0)
20 : [164, 183, 186, 191, 192, 202, 204, 212, 216, 217, 218, 226] (27.0)
21 : [185, 193, 199, 200, 210, 219, 227] (26.0)
22 : [198, 205, 207, 209, 213, 215, 222, 224, 230, 238] (24.0)
23 : [190, 206, 208, 214, 223, 233, 235, 237, 247, 248, 251, 252] (23.0)
24 : [221, 228, 229, 232, 236, 242, 259, 262, 267] (26.0)
25 : [201, 203, 231, 234, 244, 246, 249, 250, 263, 265, 272, 277] (26.0)
26 : [220, 240, 241, 245, 253, 258, 261, 271, 279, 285, 288] (23.0)
27 : [239, 243, 254, 255, 264, 268, 269, 276, 295, 298, 302] (30.0)
28 : [266, 270, 278, 284, 287, 289, 309] (26.0)
29 : [256, 257, 274, 280, 281, 282, 286, 297, 299, 301, 304, 306] (24.0)
30 : [273, 275, 292, 293, 294, 296, 303, 307, 312] (23.0)
31 : [260, 291, 305, 313, 316, 320, 327] (24.0)
32 : [283, 290, 311, 314, 318, 321, 338, 348] (23.0)
33 : [310, 315, 317, 322, 323, 324, 326, 328, 333, 334, 335, 339, 350, 364] (26.0)
34 : [300, 330, 336, 352, 353, 359] (28.0)
35 : [308, 319, 329, 337, 340, 343, 346, 349, 363, 379] (29.0)
36 : [325, 332, 342, 345, 351, 355, 356, 357, 361, 362, 372, 398] (26.0)
37 : [331, 341, 360, 368, 400] (20.0)
38 : [344, 347, 354, 358, 369, 370, 373, 374, 378, 380, 392, 396] (29.0)
39 : [376, 381, 382, 383, 385, 386, 393, 407, 408, 419, 425] (30.0)
40 : [366, 367, 371, 375, 377, 387, 388, 404, 418, 434] (30.0)
41 : [365, 390, 391, 394, 397, 399, 402, 409, 424, 431, 439, 443] (28.0)
42 : [395, 403, 406, 410, 411, 412, 414, 416, 426, 429, 459] (30.0)
43 : [384, 389, 401, 405, 413, 415, 421, 427, 430, 450] (30.0)
44 : [417, 423, 428, 432, 449, 457, 466, 478] (30.0)
45 : [420, 436, 438, 440, 441, 444, 446, 448, 452, 456, 463] (30.0)
46 : [422, 437, 442, 451, 453, 455, 458, 465, 470, 474, 480] (29.0)
47 : [435, 445, 447, 454, 460, 468, 469, 491] (30.0)
48 : [433, 471, 473, 476, 485, 486, 487, 493, 498] (30.0)
49 : [462, 464, 472, 477, 481, 489, 492, 499] (30.0)
50 : [461, 467, 475, 479, 482, 483, 484, 488, 490, 494, 495, 496, 497] (30.0)
