Name: 750-60-125
Time: 35.44786763191223 
Result: 62
Solution:  0 0 0 0 0 4 2 0 1 0 2 2 2 3 2 2 1 0 2 1 1 2 3 2 4 2 2 3 2 4 3 1 3 4 1 6 3 5 6 2 3 5 2 6 4 1 2 8 7 8 5 2 5 3 7 10 6 7 5 6 6 6 6 8 8 11 6 5 6 6 5 8 10 6 8 8 8 6 9 9 6 9 8 12 9 11 9 9 7 9 11 6 10 12 9 13 11 13 13 8 11 7 14 11 10 7 8 12 10 10 13 11 13 16 9 9 12 11 12 9 15 17 13 12 13 9 12 14 11 14 14 12 14 14 15 14 14 13 14 10 14 16 13 17 17 15 15 16 16 12 15 15 15 18 19 19 16 15 16 18 17 16 20 17 20 20 18 18 17 16 22 16 18 16 16 17 16 15 17 19 19 17 18 17 19 21 16 23 19 19 22 20 20 21 20 19 20 16 18 24 18 20 20 24 20 20 20 19 20 20 22 22 22 19 20 22 21 23 19 23 20 25 23 26 27 22 22 25 25 27 28 26 24 26 25 23 25 20 24 21 22 23 24 28 28 25 27 25 23 21 26 25 25 26 27 28 27 25 28 23 27 29 30 26 27 25 29 29 30 24 28 28 27 29 26 27 24 26 29 27 25 29 27 28 29 29 33 32 29 26 30 30 28 30 29 28 31 31 28 30 27 31 28 30 31 30 34 31 31 29 33 28 31 31 32 31 32 32 30 29 36 30 29 34 33 33 33 32 35 32 34 34 34 33 35 34 34 37 37 38 32 34 34 34 32 38 34 34 33 32 33 33 38 36 39 37 34 37 33 35 37 36 36 37 37 35 37 39 39 35 36 40 39 39 38 39 41 38 36 39 35 42 35 39 41 40 40 38 40 37 40 41 39 39 38 37 41 40 39 38 41 44 41 42 44 42 41 43 44 41 44 41 39 39 45 43 42 44 39 45 42 43 45 42 44 46 43 42 44 43 44 41 42 44 42 42 46 41 43 46 47 44 42 46 46 45 45 43 45 45 48 49 44 48 45 44 46 49 46 47 47 47 45 45 49 49 49 50 51 50 50 48 46 44 52 49 45 52 50 50 48 49 49 53 49 52 47 50 52 47 46 51 51 51 51 49 49 49 49 49 48 52 48 52 51 55 52 53 49 51 55 52 52 51 55 52 52 50 56 52 51 56 54 49 54 52 53 49 53 54 54 50 55 54 55 52 54 56 53 53 54 54 53 55 53 51 53 55 51 55 59 56 54 59 59 53 57 55 54 56 58 57 53 56 60 57 55 55 58 57 55 60 58 58 58 58 57 60 61 57 61 57 60 55 59 57 55 61 58 59 64 60 57 62 60 62 57 60 59 59 61 65 63 59 61 60 64 59 59 61 62 59 62 61 62 61 62 61 62 62 66 63 61 67 62 63 63 60 63 63 63 63 64 64 64 65 62 68 66 65 61 62 66 67 68 68 62 66 67 66 66 68 67 66 66 68 67 68 65 66 63 64 68 65 67 67 67 69 67 70 64 68 67 67 69 68 69 68 67 68 69 66 66 69 72 73 67 67 70 69 70 72 69 71 70 68 71 73 69 73 71 71 71 73 72 72 71 71 67 71 73 73 69 75 73 75 75 75 71 70 72 75 72 73 73 73 74 73 72 74 74 72 74 75 73 70 75 73 74 74 75 75 75 73 72 74 72 74 74 75
0 : [0, 1, 2, 3, 4, 7, 9, 17] (64.0)
1 : [8, 16, 19, 20, 31, 34, 45] (63.0)
2 : [6, 10, 11, 12, 14, 15, 18, 21, 23, 25, 26, 28, 39, 42, 46, 51] (63.0)
3 : [13, 22, 27, 30, 32, 36, 40, 53] (63.0)
4 : [5, 24, 29, 33, 44] (63.0)
5 : [37, 41, 50, 52, 58, 67, 70] (66.0)
6 : [35, 38, 43, 56, 59, 60, 61, 62, 66, 68, 69, 73, 77, 80, 91] (66.0)
7 : [48, 54, 57, 88, 101, 105] (67.0)
8 : [47, 49, 63, 64, 71, 74, 75, 76, 82, 99, 106] (63.0)
9 : [78, 79, 81, 84, 86, 87, 89, 94, 114, 115, 119, 125] (65.0)
10 : [55, 72, 92, 104, 108, 109, 139] (71.0)
11 : [65, 85, 90, 96, 100, 103, 111, 117, 128] (67.0)
12 : [83, 93, 107, 116, 118, 123, 126, 131, 149] (77.0)
13 : [95, 97, 98, 110, 112, 122, 124, 137, 142] (72.0)
14 : [102, 127, 129, 130, 132, 133, 135, 136, 138, 140] (68.0)
15 : [120, 134, 145, 146, 150, 151, 152, 157, 177] (73.0)
16 : [113, 141, 147, 148, 156, 158, 161, 169, 171, 173, 174, 176, 186, 197] (107.0)
17 : [121, 143, 144, 160, 163, 168, 175, 178, 181, 183] (73.0)
18 : [153, 159, 166, 167, 172, 182, 198, 200] (68.0)
19 : [154, 155, 179, 180, 184, 188, 189, 195, 207, 213, 218] (74.0)
20 : [162, 164, 165, 191, 192, 194, 196, 201, 202, 204, 205, 206, 208, 209, 214, 220, 237] (113.0)
21 : [185, 193, 216, 239, 249] (77.0)
22 : [170, 190, 210, 211, 212, 215, 225, 226, 240] (78.0)
23 : [187, 217, 219, 222, 235, 241, 248, 259] (88.0)
24 : [199, 203, 232, 238, 242, 269, 276] (78.0)
25 : [221, 227, 228, 234, 236, 245, 247, 251, 252, 257, 265, 280] (101.0)
26 : [223, 231, 233, 250, 253, 263, 274, 277, 289] (82.0)
27 : [224, 229, 246, 254, 256, 260, 264, 272, 275, 279, 282, 300] (75.0)
28 : [230, 243, 244, 255, 258, 270, 271, 283, 292, 295, 298, 302, 311] (101.0)
29 : [261, 266, 267, 273, 278, 281, 284, 285, 288, 294, 309, 319, 322] (80.0)
30 : [262, 268, 290, 291, 293, 299, 303, 305, 318, 321] (95.0)
31 : [296, 297, 301, 304, 307, 308, 312, 313, 315] (89.0)
32 : [287, 314, 316, 317, 327, 329, 340, 344, 349] (78.0)
33 : [286, 310, 324, 325, 326, 333, 348, 350, 351, 358] (92.0)
34 : [306, 323, 330, 331, 332, 335, 336, 341, 342, 343, 346, 347, 356] (101.0)
35 : [328, 334, 359, 365, 369, 380, 382] (78.0)
36 : [320, 353, 361, 362, 370, 378] (74.0)
37 : [337, 338, 355, 357, 360, 363, 364, 366, 389, 395] (83.0)
38 : [339, 345, 352, 374, 377, 387, 394, 399] (79.0)
39 : [354, 367, 368, 372, 373, 375, 379, 383, 392, 393, 398, 412, 413, 418] (105.0)
40 : [371, 385, 386, 388, 390, 397] (84.0)
41 : [376, 384, 391, 396, 400, 402, 406, 409, 411, 431, 437] (75.0)
42 : [381, 403, 405, 416, 420, 423, 427, 432, 434, 435, 442] (96.0)
43 : [407, 415, 421, 426, 429, 438, 447] (82.0)
44 : [401, 404, 408, 410, 417, 424, 428, 430, 433, 441, 452, 455, 473] (116.0)
45 : [414, 419, 422, 445, 446, 448, 449, 454, 462, 463, 476] (113.0)
46 : [425, 436, 439, 443, 444, 456, 458, 472, 490] (125.0)
47 : [440, 459, 460, 461, 486, 489] (119.0)
48 : [450, 453, 471, 480, 500, 502] (118.0)
49 : [451, 457, 464, 465, 466, 475, 481, 482, 484, 495, 496, 497, 498, 499, 508, 523, 527] (115.0)
50 : [467, 469, 470, 478, 479, 487, 517, 531] (125.0)
51 : [468, 491, 492, 493, 494, 504, 509, 513, 520, 545, 548] (120.0)
52 : [474, 477, 485, 488, 501, 503, 506, 511, 512, 515, 516, 519, 525, 535] (120.0)
53 : [483, 507, 526, 528, 538, 539, 542, 544, 546, 555, 562] (104.0)
54 : [522, 524, 529, 530, 533, 536, 540, 541, 552, 558] (93.0)
55 : [505, 510, 514, 532, 534, 543, 547, 549, 557, 566, 567, 570, 583, 586] (110.0)
56 : [518, 521, 537, 551, 559, 563] (95.0)
57 : [556, 561, 565, 569, 576, 579, 581, 585, 592, 596] (115.0)
58 : [560, 568, 572, 573, 574, 575, 588] (90.0)
59 : [550, 553, 554, 584, 589, 598, 599, 603, 607, 608, 611] (102.0)
60 : [564, 571, 577, 582, 591, 594, 597, 605, 627] (92.0)
61 : [578, 580, 587, 600, 604, 609, 613, 615, 617, 622, 640] (108.0)
62 : [593, 595, 610, 612, 614, 616, 618, 619, 624, 636, 641, 646] (110.0)
63 : [602, 621, 625, 626, 628, 629, 630, 631, 660] (125.0)
64 : [590, 606, 632, 633, 634, 661, 670] (115.0)
65 : [601, 635, 639, 658, 663] (81.0)
66 : [620, 638, 642, 647, 649, 650, 653, 654, 659, 681, 682] (119.0)
67 : [623, 643, 648, 652, 656, 664, 665, 666, 668, 672, 673, 678, 686, 687, 708] (122.0)
68 : [637, 644, 645, 651, 655, 657, 662, 671, 675, 677, 679, 695] (122.0)
69 : [667, 674, 676, 680, 683, 689, 692, 698, 712] (125.0)
70 : [669, 688, 690, 694, 719, 735] (125.0)
71 : [693, 696, 700, 701, 702, 706, 707, 709, 718] (125.0)
72 : [684, 691, 704, 705, 720, 722, 728, 731, 744, 746] (123.0)
73 : [685, 697, 699, 703, 710, 711, 714, 723, 724, 725, 727, 734, 737, 743] (124.0)
74 : [726, 729, 730, 732, 738, 739, 745, 747, 748] (124.0)
75 : [713, 715, 716, 717, 721, 733, 736, 740, 741, 742, 749] (125.0)
