Name: 750-20-30
Time: 33.71061730384827 
Result: 10
Solution:  0 0 0 2 2 0 0 0 1 1 0 3 0 0 1 4 0 1 5 1 2 4 3 1 0 1 2 2 2 0 3 3 6 0 5 2 4 6 1 3 7 4 4 2 3 4 7 5 3 1 5 2 6 6 4 6 5 6 7 6 5 6 7 7 6 5 6 10 8 7 6 10 10 7 7 9 7 7 9 7 12 9 9 9 8 7 7 9 11 8 10 10 10 7 8 8 8 6 8 11 11 12 11 11 8 10 8 9 7 13 12 12 12 14 11 11 12 14 11 11 13 14 9 15 12 10 14 14 14 10 15 16 14 11 12 13 11 14 14 14 13 13 15 14 15 15 14 16 14 17 17 15 16 18 16 16 16 19 17 16 15 17 17 17 17 16 19 16 17 13 22 16 18 21 14 17 20 19 19 20 18 20 18 19 19 19 20 18 18 19 21 24 21 20 17 19 19 24 20 16 21 20 18 24 21 20 20 19 23 24 22 23 22 23 22 22 26 19 21 22 20 23 23 23 26 20 23 20 22 23 26 25 25 23 23 23 24 23 24 27 26 27 23 25 23 29 26 24 24 26 25 27 26 28 24 26 24 29 24 26 24 28 29 25 27 24 25 29 28 27 30 28 28 29 25 27 28 32 28 27 29 25 28 28 29 30 28 27 30 30 32 28 30 34 29 31 28 28 28 30 32 34 29 32 30 32 32 31 29 31 32 31 33 32 30 30 31 34 33 33 33 33 31 36 33 34 31 30 32 33 37 35 34 31 31 33 35 34 36 34 34 35 35 35 35 36 35 36 35 37 35 34 39 36 37 35 36 36 35 36 35 35 35 38 36 35 36 36 37 39 40 34 36 38 41 38 40 39 39 40 36 39 39 39 40 39 41 39 38 40 38 40 40 41 43 36 42 41 40 39 40 39 40 40 40 42 41 41 43 38 41 42 42 43 42 42 44 44 42 42 41 39 43 47 42 46 43 45 46 43 46 46 46 43 44 44 43 45 46 44 47 45 46 45 47 42 45 45 46 45 47 45 48 44 47 46 46 45 45 46 45 48 47 47 44 46 48 48 46 47 49 48 45 49 48 50 47 48 47 50 51 49 49 50 51 48 49 48 49 49 51 52 50 49 50 50 48 53 50 49 52 52 54 52 55 50 50 48 51 52 50 51 53 50 51 52 53 49 55 49 53 50 51 49 53 53 52 53 54 54 54 53 52 56 52 56 55 57 54 56 52 58 55 55 54 55 54 57 57 53 54 57 55 54 55 55 58 56 53 56 56 57 56 55 57 56 55 59 57 60 58 60 59 56 62 60 60 57 58 54 62 60 57 59 61 58 63 59 59 59 59 58 61 62 60 60 63 62 58 60 58 61 60 61 61 62 62 61 60 62 62 61 63 61 61 62 60 58 62 64 59 64 66 63 61 64 63 62 66 62 67 64 63 64 65 66 66 64 63 64 65 65 63 62 65 67 63 67 67 64 64 70 69 65 68 67 65 69 67 65 71 66 66 69 71 66 68 66 68 67 68 68 68 66 68 68 67 68 68 67 66 70 69 71 71 65 71 69 69 70 72 67 67 72 70 71 71 70 67 68 73 72 69 72 70 70 72 74 68 70 71 73 73 72 73 72 70 71 70 72 71 75 73 73 74 74 70 72 74 74 75 74 72 73 73 74 71 70 75 75 74 75 74 74 75 74 75 75 75 75
0 : [0, 1, 2, 5, 6, 7, 10, 12, 13, 16, 24, 29, 33] (20.0)
1 : [8, 9, 14, 17, 19, 23, 25, 38, 49] (20.0)
2 : [3, 4, 20, 26, 27, 28, 35, 43, 51] (20.0)
3 : [11, 22, 30, 31, 39, 44, 48] (20.0)
4 : [15, 21, 36, 41, 42, 45, 54] (20.0)
5 : [18, 34, 47, 50, 56, 60, 65] (21.0)
6 : [32, 37, 52, 53, 55, 57, 59, 61, 64, 66, 70, 97] (23.0)
7 : [40, 46, 58, 62, 63, 69, 73, 74, 76, 77, 79, 85, 86, 93, 108] (20.0)
8 : [68, 84, 89, 94, 95, 96, 98, 104, 106] (21.0)
9 : [75, 78, 81, 82, 83, 87, 107, 122] (21.0)
10 : [67, 71, 72, 90, 91, 92, 105, 125, 129] (21.0)
11 : [88, 99, 100, 102, 103, 114, 115, 118, 119, 133, 136] (22.0)
12 : [80, 101, 110, 111, 112, 116, 124, 134] (23.0)
13 : [109, 120, 135, 140, 141, 169] (21.0)
14 : [113, 117, 121, 126, 127, 128, 132, 137, 138, 139, 143, 146, 148, 174] (20.0)
15 : [123, 130, 142, 144, 145, 151, 160] (21.0)
16 : [131, 147, 152, 154, 155, 156, 159, 165, 167, 171, 199] (20.0)
17 : [149, 150, 158, 161, 162, 163, 164, 168, 175, 194] (20.0)
18 : [153, 172, 180, 182, 187, 188, 202] (22.0)
19 : [157, 166, 177, 178, 183, 184, 185, 189, 195, 196, 207, 217] (20.0)
20 : [176, 179, 181, 186, 193, 198, 201, 205, 206, 220, 225, 227] (20.0)
21 : [173, 190, 192, 200, 204, 218] (21.0)
22 : [170, 210, 212, 214, 215, 219, 228] (23.0)
23 : [208, 211, 213, 221, 222, 223, 226, 229, 233, 234, 235, 237, 242, 244] (20.0)
24 : [191, 197, 203, 209, 236, 238, 247, 248, 254, 256, 258, 260, 265] (29.0)
25 : [231, 232, 243, 250, 263, 266, 274, 281] (23.0)
26 : [216, 224, 230, 240, 246, 249, 252, 255, 259] (22.0)
27 : [239, 241, 251, 264, 269, 275, 279, 287] (24.0)
28 : [253, 261, 268, 271, 272, 276, 278, 282, 283, 286, 291, 296, 297, 298] (21.0)
29 : [245, 257, 262, 267, 273, 280, 284, 294, 302, 308] (20.0)
30 : [270, 285, 288, 289, 292, 299, 304, 314, 315, 327] (26.0)
31 : [295, 307, 309, 311, 316, 322, 326, 333, 334] (24.0)
32 : [277, 290, 300, 303, 305, 306, 310, 313, 328] (25.0)
33 : [312, 318, 319, 320, 321, 324, 329, 335] (23.0)
34 : [293, 301, 317, 325, 332, 337, 339, 340, 351, 371] (22.0)
35 : [331, 336, 341, 342, 343, 344, 346, 348, 350, 355, 358, 360, 361, 362, 365] (22.0)
36 : [323, 338, 345, 347, 353, 356, 357, 359, 364, 366, 367, 372, 380, 395] (27.0)
37 : [330, 349, 354, 368] (23.0)
38 : [363, 373, 375, 388, 390, 409] (24.0)
39 : [352, 369, 377, 378, 381, 382, 383, 385, 387, 399, 401, 421] (30.0)
40 : [370, 376, 379, 384, 389, 391, 392, 398, 400, 402, 403, 404] (25.0)
41 : [374, 386, 393, 397, 406, 407, 410, 420] (29.0)
42 : [396, 405, 411, 412, 414, 415, 418, 419, 424, 445] (22.0)
43 : [394, 408, 413, 422, 426, 429, 433, 436] (22.0)
44 : [416, 417, 434, 435, 439, 453, 464] (24.0)
45 : [427, 437, 441, 443, 446, 447, 449, 451, 457, 458, 460, 472] (29.0)
46 : [425, 428, 430, 431, 432, 438, 442, 448, 455, 456, 459, 465, 468] (24.0)
47 : [423, 440, 444, 450, 454, 462, 463, 469, 476, 478] (25.0)
48 : [452, 461, 466, 467, 471, 474, 477, 485, 487, 496, 507] (30.0)
49 : [470, 473, 481, 482, 486, 488, 489, 493, 499, 517, 519, 523] (27.0)
50 : [475, 479, 483, 492, 494, 495, 498, 505, 506, 510, 513, 521] (28.0)
51 : [480, 484, 490, 508, 511, 514, 522] (25.0)
52 : [491, 500, 501, 503, 509, 515, 526, 532, 534, 540] (28.0)
53 : [497, 512, 516, 520, 524, 525, 527, 531, 549, 558] (30.0)
54 : [502, 528, 529, 530, 538, 544, 546, 550, 553, 579] (30.0)
55 : [504, 518, 536, 542, 543, 545, 552, 554, 555, 563, 566] (30.0)
56 : [533, 535, 539, 557, 559, 560, 562, 565, 573] (26.0)
57 : [537, 547, 548, 551, 561, 564, 568, 577, 582] (28.0)
58 : [541, 556, 570, 578, 585, 591, 598, 600, 617] (30.0)
59 : [567, 572, 583, 587, 588, 589, 590, 620] (29.0)
60 : [569, 571, 575, 576, 581, 594, 595, 599, 602, 608, 616] (30.0)
61 : [584, 592, 601, 603, 604, 607, 611, 613, 614, 624] (30.0)
62 : [574, 580, 593, 597, 605, 606, 609, 610, 615, 618, 627, 629, 643] (30.0)
63 : [586, 596, 612, 623, 626, 632, 638, 642, 646] (23.0)
64 : [619, 621, 625, 631, 633, 637, 639, 649, 650] (28.0)
65 : [634, 640, 641, 644, 653, 656, 659, 685] (30.0)
66 : [622, 628, 635, 636, 661, 662, 665, 667, 673, 680] (30.0)
67 : [630, 645, 647, 648, 655, 658, 669, 676, 679, 691, 692, 698] (30.0)
68 : [654, 666, 668, 670, 671, 672, 674, 675, 677, 678, 699, 708] (30.0)
69 : [652, 657, 663, 682, 687, 688, 702] (27.0)
70 : [651, 681, 689, 694, 697, 704, 705, 709, 716, 718, 726, 737] (30.0)
71 : [660, 664, 683, 684, 686, 695, 696, 710, 717, 720, 736] (30.0)
72 : [690, 693, 701, 703, 706, 713, 715, 719, 727, 732] (30.0)
73 : [700, 711, 712, 714, 722, 723, 733, 734] (30.0)
74 : [707, 724, 725, 728, 729, 731, 735, 740, 742, 743, 745] (30.0)
75 : [721, 730, 738, 739, 741, 744, 746, 747, 748, 749] (30.0)
