Name: 100-30-50
Time: 8.819205284118652 
Result: 15
Solution:  6 0 0 4 3 2 5 2 4 3 5 4 8 6 1 4 1 13 4 7 2 8 7 8 3 14 13 9 12 12 11 10 14 10 11 8 16 15 10 13 9 8 17 26 14 11 13 19 16 19 15 17 24 25 19 20 14 12 18 20 21 14 18 31 25 25 24 26 28 22 31 23 21 29 29 23 22 28 30 29 28 30 30 35 24 27 30 31 32 30 33 33 32 28 33 34 31 34 30 35
0 : [1, 2] (33.0)
1 : [14, 16] (41.0)
2 : [5, 7, 20] (34.0)
3 : [4, 9, 24] (39.0)
4 : [3, 8, 11, 15, 18] (47.0)
5 : [6, 10] (44.0)
6 : [0, 13] (46.0)
7 : [19, 22] (41.0)
8 : [12, 21, 23, 35, 41] (35.0)
9 : [27, 40] (37.0)
10 : [31, 33, 38] (40.0)
11 : [30, 34, 45] (34.0)
12 : [28, 29, 57] (42.0)
13 : [17, 26, 39, 46] (33.0)
14 : [25, 32, 44, 56, 61] (33.0)
15 : [37, 50] (33.0)
16 : [36, 48] (39.0)
17 : [42, 51] (40.0)
18 : [58, 62] (37.0)
19 : [47, 49, 54] (38.0)
20 : [55, 59] (47.0)
21 : [60, 72] (41.0)
22 : [69, 76] (41.0)
23 : [71, 75] (38.0)
24 : [52, 66, 84] (48.0)
25 : [53, 64, 65] (46.0)
26 : [43, 67] (45.0)
27 : [85] (44.0)
28 : [68, 77, 80, 93] (46.0)
29 : [73, 74, 79] (45.0)
30 : [78, 81, 82, 86, 89, 98] (47.0)
31 : [63, 70, 87, 96] (44.0)
32 : [88, 92] (46.0)
33 : [90, 91, 94] (47.0)
34 : [95, 97] (47.0)
35 : [83, 99] (37.0)
