Name: 1000-30-50
Time: 99.15355110168457 
Result: 30
Solution:  2 1 0 2 3 2 4 9 4 0 8 7 7 3 6 6 10 1 10 8 9 8 3 19 17 13 4 20 20 15 13 14 15 16 18 18 13 14 21 24 23 21 16 20 23 19 17 22 23 22 29 24 28 30 24 23 33 30 28 31 32 34 29 28 39 34 33 32 34 42 35 36 43 36 37 31 38 45 34 37 35 45 40 42 38 44 40 48 44 41 51 41 39 48 47 40 50 53 46 52 47 50 52 43 54 51 50 55 52 51 55 46 56 56 57 59 59 58 58 59 53 60 60 62 54 70 66 63 61 64 70 62 61 74 66 66 68 67 64 68 69 69 74 68 67 76 73 73 72 83 75 76 72 82 72 77 77 79 79 79 81 84 75 80 80 81 83 86 88 92 88 85 80 82 87 92 89 89 94 85 84 91 92 95 92 92 86 90 90 96 97 92 93 98 91 106 99 98 94 91 105 96 93 102 99 98 104 106 101 108 110 103 104 103 110 102 108 105 109 116 112 107 113 108 113 110 107 106 109 114 114 117 112 117 118 123 116 118 115 115 115 120 119 123 120 122 124 126 119 124 122 126 125 125 130 128 131 129 132 127 127 124 138 130 128 133 129 135 134 133 135 131 136 137 137 134 132 145 141 140 141 143 144 135 145 136 144 138 143 144 147 144 146 146 154 140 151 152 150 149 148 155 148 152 149 157 151 159 160 154 150 150 153 155 155 156 160 158 157 159 162 161 156 161 162 162 160 165 164 158 168 169 168 165 164 163 167 171 173 166 164 167 170 168 173 170 174 171 182 174 172 173 178 184 180 172 185 180 177 178 184 189 188 182 183 175 177 191 186 183 186 187 189 183 179 195 184 185 192 191 187 188 196 197 192 190 190 194 198 197 196 194 197 195 201 200 200 193 193 203 205 198 203 199 202 201 203 204 207 203 202 208 205 206 206 212 208 209 210 207 216 212 210 216 213 211 212 211 215 214 209 218 217 214 218 224 215 220 214 219 215 220 218 225 223 222 222 221 221 223 227 219 233 229 221 228 228 227 225 233 233 226 229 232 236 231 232 230 231 236 236 239 234 234 237 237 238 238 235 235 246 245 241 242 239 242 244 248 243 243 245 247 249 244 248 253 246 252 251 256 250 245 254 256 249 251 252 255 256 253 255 252 258 254 257 257 262 261 266 262 262 259 260 263 261 268 258 259 263 270 267 265 264 264 272 270 268 260 266 267 269 265 271 278 276 274 273 278 269 281 274 277 271 275 275 282 272 279 283 274 282 280 276 281 283 279 280 278 287 277 286 289 285 286 290 287 290 292 287 284 289 292 291 291 288 293 285 301 293 297 296 301 299 297 300 299 295 293 302 300 294 302 296 305 298 311 309 310 306 302 305 308 303 309 307 312 307 306 309 308 304 307 311 307 316 313 310 314 315 313 315 312 317 316 319 316 320 314 319 323 317 322 313 328 318 320 323 318 330 324 324 322 321 325 326 326 328 327 337 321 325 334 330 332 332 331 335 331 341 334 335 340 329 327 339 336 329 338 338 343 345 333 347 338 341 345 348 344 342 336 345 337 350 346 346 343 342 349 339 347 344 339 351 354 347 345 348 340 349 342 356 350 349 352 353 357 347 348 352 355 358 354 348 353 355 353 351 357 355 363 359 356 356 365 358 358 359 359 360 351 363 357 361 362 368 361 363 363 362 364 359 360 365 366 367 365 365 364 368 367 368 359 366 372 374 369 368 370 370 369 369 373 371 377 371 369 378 364 374 376 371 375 371 381 375 378 377 373 376 369 378 375 380 376 372 378 379 383 376 387 377 373 379 377 381 384 384 382 382 387 382 386 386 389 380 386 379 393 389 384 385 387 388 383 397 385 389 390 380 394 390 387 394 392 392 395 393 399 392 393 391 388 392 396 398 394 391 394 399 395 396 391 398 397 397 401 395 400 398 405 401 403 399 394 400 405 397 404 402 402 402 405 396 403 407 403 411 408 406 406 412 403 404 407 408 403 410 411 406 416 412 410 411 415 413 414 410 406 417 410 411 414 412 409 423 416 417 413 413 409 420 411 416 418 418 422 421 417 419 420 418 415 421 419 422 424 425 421 423 418 420 423 425 426 421 419 433 424 427 417 431 436 429 429 424 427 435 429 426 427 432 432 430 433 425 435 430 428 430 434 428 431 425 430 443 443 433 434 441 442 439 438 438 436 441 432 437 434 440 445 439 437 442 436 440 444 444 444 445 443 438 440 446 441 445 445 442 446 443 445
0 : [2, 9] (36.0)
1 : [1, 17] (41.0)
2 : [0, 3, 5] (45.0)
3 : [4, 13, 22] (33.0)
4 : [6, 8, 26] (34.0)
5 : [] (0.0)
6 : [14, 15] (30.0)
7 : [11, 12] (42.0)
8 : [10, 19, 21] (31.0)
9 : [7, 20] (35.0)
10 : [16, 18] (32.0)
11 : [] (0.0)
12 : [] (0.0)
13 : [25, 30, 36] (31.0)
14 : [31, 37] (43.0)
15 : [29, 32] (38.0)
16 : [33, 42] (36.0)
17 : [24, 46] (31.0)
18 : [34, 35] (30.0)
19 : [23, 45] (39.0)
20 : [27, 28, 43] (32.0)
21 : [38, 41] (49.0)
22 : [47, 49] (39.0)
23 : [40, 44, 48, 55] (40.0)
24 : [39, 51, 54] (32.0)
25 : [] (0.0)
26 : [] (0.0)
27 : [] (0.0)
28 : [52, 58, 63] (30.0)
29 : [50, 62] (36.0)
30 : [53, 57] (32.0)
31 : [59, 75] (35.0)
32 : [60, 67] (34.0)
33 : [56, 66] (30.0)
34 : [61, 65, 68, 78] (40.0)
35 : [70, 80] (32.0)
36 : [71, 73] (32.0)
37 : [74, 79] (48.0)
38 : [76, 84] (32.0)
39 : [64, 92] (48.0)
40 : [82, 86, 95] (34.0)
41 : [89, 91] (38.0)
42 : [69, 83] (38.0)
43 : [72, 103] (42.0)
44 : [85, 88] (33.0)
45 : [77, 81] (29.0)
46 : [98, 111] (36.0)
47 : [94, 100] (38.0)
48 : [87, 93] (33.0)
49 : [] (0.0)
50 : [96, 101, 106] (30.0)
51 : [90, 105, 109] (31.0)
52 : [99, 102, 108] (33.0)
53 : [97, 120] (36.0)
54 : [104, 124] (34.0)
55 : [107, 110] (37.0)
56 : [112, 113] (33.0)
57 : [114] (29.0)
58 : [117, 118] (38.0)
59 : [115, 116, 119] (32.0)
60 : [121, 122] (36.0)
61 : [128, 132] (30.0)
62 : [123, 131] (33.0)
63 : [127] (30.0)
64 : [129, 138] (34.0)
65 : [] (0.0)
66 : [126, 134, 135] (36.0)
67 : [137, 144] (30.0)
68 : [136, 139, 143] (33.0)
69 : [140, 141] (33.0)
70 : [125, 130] (44.0)
71 : [] (0.0)
72 : [148, 152, 154] (31.0)
73 : [146, 147] (33.0)
74 : [133, 142] (47.0)
75 : [150, 162] (40.0)
76 : [145, 151] (40.0)
77 : [155, 156] (45.0)
78 : [] (0.0)
79 : [157, 158, 159] (47.0)
80 : [163, 164, 172] (39.0)
81 : [160, 165] (32.0)
82 : [153, 173] (42.0)
83 : [149, 166] (42.0)
84 : [161, 180] (47.0)
85 : [171, 179] (30.0)
86 : [167, 186] (33.0)
87 : [174] (32.0)
88 : [168, 170] (48.0)
89 : [176, 177] (34.0)
90 : [187, 188] (37.0)
91 : [181, 194, 199] (37.0)
92 : [169, 175, 182, 184, 185, 191] (49.0)
93 : [192, 202] (40.0)
94 : [178, 198] (39.0)
95 : [183] (31.0)
96 : [189, 201] (33.0)
97 : [190] (31.0)
98 : [193, 197, 205] (31.0)
99 : [196, 204] (44.0)
100 : [] (0.0)
101 : [208] (31.0)
102 : [203, 215] (44.0)
103 : [211, 213] (32.0)
104 : [206, 212] (45.0)
105 : [200, 217] (44.0)
106 : [195, 207, 227] (40.0)
107 : [221, 226] (36.0)
108 : [209, 216, 223] (29.0)
109 : [218, 228] (38.0)
110 : [210, 214, 225] (37.0)
111 : [] (0.0)
112 : [220, 232] (42.0)
113 : [222, 224] (43.0)
114 : [229, 230] (36.0)
115 : [238, 239, 240] (43.0)
116 : [219, 236] (31.0)
117 : [231, 233] (30.0)
118 : [234, 237] (34.0)
119 : [242, 248] (43.0)
120 : [241, 244] (45.0)
121 : [] (0.0)
122 : [245, 250] (30.0)
123 : [235, 243] (34.0)
124 : [246, 249, 261] (39.0)
125 : [252, 253] (35.0)
126 : [247, 251] (46.0)
127 : [259, 260] (34.0)
128 : [255, 264] (29.0)
129 : [257, 266] (40.0)
130 : [254, 263] (45.0)
131 : [256, 271] (41.0)
132 : [258, 276] (35.0)
133 : [265, 269] (34.0)
134 : [268, 275] (31.0)
135 : [267, 270, 283] (35.0)
136 : [272, 285] (48.0)
137 : [273, 274] (36.0)
138 : [262, 287] (39.0)
139 : [] (0.0)
140 : [279, 295] (34.0)
141 : [278, 280] (41.0)
142 : [] (0.0)
143 : [281, 288] (36.0)
144 : [282, 286, 289, 291] (50.0)
145 : [277, 284] (33.0)
146 : [292, 293] (36.0)
147 : [290] (30.0)
148 : [300, 302] (32.0)
149 : [299, 304] (47.0)
150 : [298, 310, 311] (48.0)
151 : [296, 306] (37.0)
152 : [297, 303] (30.0)
153 : [312] (30.0)
154 : [294, 309] (49.0)
155 : [301, 313, 314] (46.0)
156 : [315, 322] (47.0)
157 : [305, 318] (30.0)
158 : [317, 329] (44.0)
159 : [307, 319] (36.0)
160 : [308, 316, 326] (36.0)
161 : [321, 323] (40.0)
162 : [320, 324, 325] (45.0)
163 : [335] (30.0)
164 : [328, 334, 340] (33.0)
165 : [327, 333] (44.0)
166 : [339] (30.0)
167 : [336, 341] (43.0)
168 : [330, 332, 343] (42.0)
169 : [331] (31.0)
170 : [342, 345] (47.0)
171 : [337, 347] (36.0)
172 : [350, 355] (46.0)
173 : [338, 344, 351] (30.0)
174 : [346, 349] (50.0)
175 : [365] (31.0)
176 : [] (0.0)
177 : [358, 366] (45.0)
178 : [352, 359] (39.0)
179 : [374] (29.0)
180 : [354, 357] (33.0)
181 : [] (0.0)
182 : [348, 363] (28.0)
183 : [364, 369, 373] (30.0)
184 : [353, 360, 376] (33.0)
185 : [356, 377] (42.0)
186 : [368, 370] (43.0)
187 : [371, 380] (50.0)
188 : [362, 381] (31.0)
189 : [361, 372] (49.0)
190 : [385, 386] (50.0)
191 : [367, 379] (35.0)
192 : [378, 384] (42.0)
193 : [397, 398] (47.0)
194 : [387, 391] (36.0)
195 : [375, 393] (39.0)
196 : [382, 390] (36.0)
197 : [383, 389, 392] (31.0)
198 : [388, 401] (43.0)
199 : [403] (32.0)
200 : [395, 396] (34.0)
201 : [394, 405] (41.0)
202 : [404, 410] (35.0)
203 : [399, 402, 406, 409] (41.0)
204 : [407] (33.0)
205 : [400, 412] (35.0)
206 : [413, 414] (44.0)
207 : [408, 419] (32.0)
208 : [411, 416] (47.0)
209 : [417, 430] (42.0)
210 : [418, 422] (46.0)
211 : [425, 427] (40.0)
212 : [415, 421, 426] (42.0)
213 : [424] (30.0)
214 : [429, 433, 438] (49.0)
215 : [428, 436, 440] (43.0)
216 : [420, 423] (43.0)
217 : [432] (32.0)
218 : [431, 434, 442] (33.0)
219 : [439, 451] (51.0)
220 : [437, 441] (46.0)
221 : [447, 448, 454] (48.0)
222 : [445, 446] (43.0)
223 : [444, 449] (47.0)
224 : [435] (30.0)
225 : [443, 458] (50.0)
226 : [461] (34.0)
227 : [450, 457] (32.0)
228 : [455, 456] (43.0)
229 : [453, 462] (45.0)
230 : [467] (30.0)
231 : [465, 468] (51.0)
232 : [463, 466] (34.0)
233 : [452, 459, 460] (32.0)
234 : [472, 473] (40.0)
235 : [478, 479] (40.0)
236 : [464, 469, 470] (41.0)
237 : [474, 475] (40.0)
238 : [476, 477] (40.0)
239 : [471, 484] (36.0)
240 : [] (0.0)
241 : [482] (30.0)
242 : [483, 485] (42.0)
243 : [488, 489] (40.0)
244 : [486, 493] (52.0)
245 : [481, 490, 501] (40.0)
246 : [480, 496] (46.0)
247 : [491] (31.0)
248 : [487, 494] (34.0)
249 : [492, 504] (31.0)
250 : [500] (32.0)
251 : [498, 505] (44.0)
252 : [497, 506, 511] (36.0)
253 : [495, 509] (47.0)
254 : [502, 513] (43.0)
255 : [507, 510] (57.0)
256 : [499, 503, 508] (40.0)
257 : [514, 515] (41.0)
258 : [512, 526] (54.0)
259 : [521, 527] (50.0)
260 : [522, 537] (40.0)
261 : [517, 524] (45.0)
262 : [516, 519, 520] (50.0)
263 : [523, 528] (45.0)
264 : [532, 533] (41.0)
265 : [531, 541] (45.0)
266 : [518, 538] (43.0)
267 : [530, 539] (36.0)
268 : [525, 536] (34.0)
269 : [540, 548] (44.0)
270 : [529, 535] (49.0)
271 : [542, 552] (40.0)
272 : [534, 556] (44.0)
273 : [546] (31.0)
274 : [545, 550, 559] (49.0)
275 : [553, 554] (49.0)
276 : [544, 562] (56.0)
277 : [551, 569] (47.0)
278 : [543, 547, 567] (49.0)
279 : [557, 565] (41.0)
280 : [561, 566] (35.0)
281 : [549, 563] (31.0)
282 : [555, 560] (46.0)
283 : [558, 564] (47.0)
284 : [579] (32.0)
285 : [572, 586] (38.0)
286 : [570, 573] (43.0)
287 : [568, 575, 578] (48.0)
288 : [584] (36.0)
289 : [571, 580] (36.0)
290 : [574, 576] (40.0)
291 : [582, 583] (43.0)
292 : [577, 581] (37.0)
293 : [585, 588, 597] (32.0)
294 : [600] (38.0)
295 : [596] (31.0)
296 : [590, 602] (45.0)
297 : [589, 593] (44.0)
298 : [604] (37.0)
299 : [592, 595] (48.0)
300 : [594, 599] (52.0)
301 : [587, 591] (51.0)
302 : [598, 601, 609] (39.0)
303 : [612] (36.0)
304 : [620] (35.0)
305 : [603, 610] (43.0)
306 : [608, 617] (52.0)
307 : [614, 616, 621, 623] (46.0)
308 : [611, 619] (45.0)
309 : [606, 613, 618] (43.0)
310 : [607, 626] (38.0)
311 : [605, 622] (40.0)
312 : [615, 631] (58.0)
313 : [625, 629, 642] (53.0)
314 : [627, 637] (56.0)
315 : [628, 630] (47.0)
316 : [624, 633, 635] (49.0)
317 : [632, 640] (45.0)
318 : [644, 647] (43.0)
319 : [634, 638] (44.0)
320 : [636, 645] (47.0)
321 : [652, 659] (46.0)
322 : [641, 651] (44.0)
323 : [639, 646] (46.0)
324 : [649, 650] (46.0)
325 : [653, 660] (44.0)
326 : [654, 655] (44.0)
327 : [657, 673] (50.0)
328 : [643, 656] (42.0)
329 : [672, 676] (49.0)
330 : [648, 662] (39.0)
331 : [665, 667] (43.0)
332 : [663, 664] (53.0)
333 : [681] (33.0)
334 : [661, 669] (36.0)
335 : [666, 670] (36.0)
336 : [675, 689] (36.0)
337 : [658, 691] (39.0)
338 : [677, 678, 683] (37.0)
339 : [674, 698, 701] (36.0)
340 : [671, 707] (42.0)
341 : [668, 684] (36.0)
342 : [688, 696, 709] (49.0)
343 : [679, 695] (43.0)
344 : [687, 700] (38.0)
345 : [680, 685, 690, 705] (48.0)
346 : [693, 694] (47.0)
347 : [682, 699, 704, 716] (49.0)
348 : [686, 706, 717, 722] (47.0)
349 : [697, 708, 712] (51.0)
350 : [692, 711] (46.0)
351 : [702, 726, 739] (48.0)
352 : [713, 718] (46.0)
353 : [714, 723, 725] (49.0)
354 : [703, 721] (45.0)
355 : [719, 724, 728] (44.0)
356 : [710, 731, 732] (50.0)
357 : [715, 727, 741] (50.0)
358 : [720, 734, 735] (41.0)
359 : [730, 736, 737, 750, 761] (46.0)
360 : [738, 751] (53.0)
361 : [742, 745] (35.0)
362 : [743, 748] (42.0)
363 : [729, 740, 746, 747] (50.0)
364 : [749, 757, 777] (47.0)
365 : [733, 752, 755, 756] (50.0)
366 : [753, 762] (41.0)
367 : [754, 759] (31.0)
368 : [744, 758, 760, 766] (48.0)
369 : [765, 769, 770, 775, 789] (50.0)
370 : [767, 768] (36.0)
371 : [772, 774, 780, 782] (50.0)
372 : [763, 794] (50.0)
373 : [771, 787, 801] (48.0)
374 : [764, 778] (39.0)
375 : [781, 784, 791] (37.0)
376 : [779, 788, 793, 798] (49.0)
377 : [773, 786, 800, 803] (48.0)
378 : [776, 785, 790, 795] (50.0)
379 : [796, 802, 816] (47.0)
380 : [792, 814, 828] (50.0)
381 : [783, 804] (49.0)
382 : [807, 808, 810] (50.0)
383 : [797, 823] (46.0)
384 : [805, 806, 819] (48.0)
385 : [820, 825] (48.0)
386 : [811, 812, 815] (50.0)
387 : [799, 809, 821, 831] (50.0)
388 : [822, 841] (46.0)
389 : [813, 818, 826] (49.0)
390 : [827, 830] (40.0)
391 : [840, 846, 851] (43.0)
392 : [833, 834, 838, 842] (52.0)
393 : [817, 836, 839] (50.0)
394 : [829, 832, 845, 847, 863] (50.0)
395 : [835, 849, 856] (50.0)
396 : [843, 850, 872] (50.0)
397 : [824, 853, 854, 866] (50.0)
398 : [844, 852, 858] (49.0)
399 : [837, 848, 862] (50.0)
400 : [857, 864] (48.0)
401 : [855, 860] (50.0)
402 : [868, 869, 870] (48.0)
403 : [861, 873, 875, 881, 885] (48.0)
404 : [867, 882] (49.0)
405 : [859, 865, 871] (53.0)
406 : [878, 879, 888, 897] (45.0)
407 : [874, 883] (53.0)
408 : [877, 884] (44.0)
409 : [903, 909] (44.0)
410 : [886, 891, 896, 899] (43.0)
411 : [876, 887, 892, 900, 911] (49.0)
412 : [880, 890, 902] (40.0)
413 : [894, 907, 908] (50.0)
414 : [895, 901] (47.0)
415 : [893, 921] (40.0)
416 : [889, 905, 912] (49.0)
417 : [898, 906, 917, 939] (49.0)
418 : [913, 914, 920, 929] (50.0)
419 : [918, 923, 935] (47.0)
420 : [910, 919, 930] (48.0)
421 : [916, 922, 927, 934] (47.0)
422 : [915, 924] (56.0)
423 : [904, 928, 931] (53.0)
424 : [925, 937, 944] (52.0)
425 : [926, 932, 954, 962] (50.0)
426 : [933, 948] (53.0)
427 : [938, 945, 949] (49.0)
428 : [957, 960] (50.0)
429 : [942, 943, 947] (50.0)
430 : [952, 956, 958, 963] (53.0)
431 : [940, 961] (51.0)
432 : [950, 951, 975] (53.0)
433 : [936, 953, 966] (54.0)
434 : [959, 967, 977] (49.0)
435 : [946, 955] (48.0)
436 : [941, 973, 983] (49.0)
437 : [976, 981] (48.0)
438 : [971, 972, 990] (46.0)
439 : [970, 980] (50.0)
440 : [978, 984, 991] (47.0)
441 : [968, 974, 993] (49.0)
442 : [969, 982, 996] (48.0)
443 : [964, 965, 989, 998] (51.0)
444 : [985, 986, 987] (50.0)
445 : [979, 988, 994, 995, 999] (50.0)
446 : [992, 997] (49.0)
