Name: 100-50-100
Time: 8.451810121536255 
Result: 35
Solution:  0 2 7 0 4 0 7 2 2 9 6 13 5 11 5 5 6 4 15 6 11 9 6 17 10 10 13 8 15 12 8 14 12 23 16 13 16 21 18 10 14 17 18 26 20 19 20 25 24 26 19 28 23 24 22 22 20 29 27 34 30 28 21 29 25 30 34 27 35 31 34 25 33 31 35 32 33 35 35 32 35 36 37 38 39 34 33 40 37 36 37 39 41 40 41 41 38 42 38 42
0 : [0, 3, 5] (66.0)
1 : [] (0.0)
2 : [1, 7, 8] (64.0)
3 : [] (0.0)
4 : [4, 17] (69.0)
5 : [12, 14, 15] (72.0)
6 : [10, 16, 19, 22] (66.0)
7 : [2, 6] (64.0)
8 : [27, 30] (77.0)
9 : [9, 21] (88.0)
10 : [24, 25, 39] (81.0)
11 : [13, 20] (70.0)
12 : [29, 32] (64.0)
13 : [11, 26, 35] (71.0)
14 : [31, 40] (64.0)
15 : [18, 28] (80.0)
16 : [34, 36] (78.0)
17 : [23, 41] (83.0)
18 : [38, 42] (87.0)
19 : [45, 50] (78.0)
20 : [44, 46, 56] (68.0)
21 : [37, 62] (73.0)
22 : [54, 55] (81.0)
23 : [33, 52] (67.0)
24 : [48, 53] (86.0)
25 : [47, 64, 71] (93.0)
26 : [43, 49] (93.0)
27 : [58, 67] (64.0)
28 : [51, 61] (93.0)
29 : [57, 63] (87.0)
30 : [60, 65] (64.0)
31 : [69, 73] (84.0)
32 : [75, 79] (86.0)
33 : [72, 76, 86] (95.0)
34 : [59, 66, 70, 85] (94.0)
35 : [68, 74, 77, 78, 80] (79.0)
36 : [81, 89] (73.0)
37 : [82, 88, 90] (79.0)
38 : [83, 96, 98] (75.0)
39 : [84, 91] (84.0)
40 : [87, 93] (93.0)
41 : [92, 94, 95] (93.0)
42 : [97, 99] (99.0)
