Name: 100-20-30
Time: 8.078088760375977 
Result: 12
Solution:  3 2 2 10 8 1 9 7 5 1 3 7 11 4 11 10 9 3 5 4 12 12 6 11 5 13 6 17 22 14 11 15 21 22 8 13 27 22 20 14 18 16 19 21 17 19 16 31 18 23 28 24 26 26 23 20 28 25 29 33 29 35 33 30 27 33 32 30 35 32 37 35 36 35 35 28 31 36 34 38 28 42 39 42 36 40 39 38 34 42 39 37 36 43 37 41 40 41 43 41
0 : [] (0.0)
1 : [5, 9] (25.0)
2 : [1, 2] (23.0)
3 : [0, 10, 17] (21.0)
4 : [13, 19] (29.0)
5 : [8, 18, 24] (22.0)
6 : [22, 26] (31.0)
7 : [7, 11] (29.0)
8 : [4, 34] (26.0)
9 : [6, 16] (27.0)
10 : [3, 15] (23.0)
11 : [12, 14, 23, 30] (22.0)
12 : [20, 21] (24.0)
13 : [25, 35] (26.0)
14 : [29, 39] (29.0)
15 : [31] (21.0)
16 : [41, 46] (24.0)
17 : [27, 44] (22.0)
18 : [40, 48] (28.0)
19 : [42, 45] (26.0)
20 : [38, 55] (25.0)
21 : [32, 43] (29.0)
22 : [28, 33, 37] (25.0)
23 : [49, 54] (23.0)
24 : [51] (21.0)
25 : [57] (22.0)
26 : [52, 53] (26.0)
27 : [36, 64] (24.0)
28 : [50, 56, 75, 80] (28.0)
29 : [58, 60] (33.0)
30 : [63, 67] (22.0)
31 : [47, 76] (27.0)
32 : [66, 69] (30.0)
33 : [59, 62, 65] (30.0)
34 : [78, 88] (24.0)
35 : [61, 68, 71, 73, 74] (30.0)
36 : [72, 77, 84, 92] (29.0)
37 : [70, 91, 94] (30.0)
38 : [79, 87] (29.0)
39 : [82, 86, 90] (30.0)
40 : [85, 96] (30.0)
41 : [95, 97, 99] (24.0)
42 : [81, 83, 89] (23.0)
43 : [93, 98] (25.0)
