Name: 500-60-125
Time: 49.774566650390625 
Result: 69
Solution:  0 0 4 6 0 1 7 3 0 4 1 5 3 5 4 9 8 10 8 6 19 13 9 18 12 15 13 12 16 13 15 7 19 10 16 22 18 24 17 24 23 24 26 22 17 17 23 31 26 27 19 27 28 25 26 29 29 25 33 29 30 28 37 31 30 32 33 32 37 28 35 35 38 36 43 31 40 41 41 40 37 36 39 44 43 44 41 38 47 45 54 42 46 45 47 45 46 44 52 52 51 53 59 50 51 53 49 55 56 53 54 49 50 60 57 50 57 58 63 61 56 66 59 65 60 63 61 57 69 55 67 70 64 72 70 62 68 71 77 64 68 75 70 70 68 73 69 71 66 73 72 74 71 81 84 74 83 79 78 77 88 83 83 86 85 78 82 83 76 88 80 80 86 89 85 81 87 92 98 90 89 97 91 84 95 92 93 98 91 94 98 87 90 100 100 91 96 94 97 99 101 97 107 102 108 95 106 104 108 105 101 103 102 107 105 111 102 106 110 104 107 110 109 109 106 106 114 109 117 103 109 103 112 114 112 113 113 115 120 115 118 118 114 121 122 117 122 115 113 120 125 125 119 111 119 119 120 120 112 121 122 118 122 124 115 127 116 122 121 123 120 128 128 130 124 126 126 125 124 124 126 130 128 132 129 130 128 138 127 127 132 129 134 131 128 130 132 135 135 133 133 134 138 142 135 137 137 132 136 134 141 138 139 142 136 140 139 143 132 144 139 150 137 140 144 141 146 146 149 145 152 140 140 151 142 145 150 144 150 147 141 153 151 152 149 144 152 154 145 160 152 151 158 155 155 153 149 157 147 159 162 148 153 158 156 157 157 158 161 159 151 159 161 163 156 158 156 154 161 162 154 159 167 166 156 163 163 161 164 164 160 162 168 174 165 167 171 165 169 166 169 168 168 175 167 164 170 176 173 170 172 174 173 173 169 171 175 171 171 172 170 177 178 174 174 184 179 177 179 178 173 177 182 185 178 172 183 183 181 175 182 182 181 184 181 176 186 186 185 184 180 193 182 187 191 180 187 188 181 183 189 180 189 188 198 191 187 190 187 192 190 192 194 200 185 200 192 192 186 196 200 198 195 194 190 199 201 199 199 199 193 195 198 193 196 198 197 201 199 197
0 : [0, 1, 4, 8] (111.0)
1 : [5, 10] (73.0)
2 : [] (0.0)
3 : [7, 12] (66.0)
4 : [2, 9, 14] (75.0)
5 : [11, 13] (77.0)
6 : [3, 19] (62.0)
7 : [6, 31] (66.0)
8 : [16, 18] (80.0)
9 : [15, 22] (78.0)
10 : [17, 33] (64.0)
11 : [] (0.0)
12 : [24, 27] (59.0)
13 : [21, 26, 29] (64.0)
14 : [] (0.0)
15 : [25, 30] (65.0)
16 : [28, 34] (91.0)
17 : [38, 44, 45] (115.0)
18 : [23, 36] (64.0)
19 : [20, 32, 50] (83.0)
20 : [] (0.0)
21 : [] (0.0)
22 : [35, 43] (64.0)
23 : [40, 46] (85.0)
24 : [37, 39, 41] (63.0)
25 : [53, 57] (65.0)
26 : [42, 48, 54] (64.0)
27 : [49, 51] (88.0)
28 : [52, 61, 69] (74.0)
29 : [55, 56, 59] (95.0)
30 : [60, 64] (104.0)
31 : [47, 63, 75] (72.0)
32 : [65, 67] (68.0)
33 : [58, 66] (83.0)
34 : [] (0.0)
35 : [70, 71] (72.0)
36 : [73, 81] (92.0)
37 : [62, 68, 80] (110.0)
38 : [72, 87] (90.0)
39 : [82] (63.0)
40 : [76, 79] (99.0)
41 : [77, 78, 86] (62.0)
42 : [91] (61.0)
43 : [74, 84] (86.0)
44 : [83, 85, 97] (73.0)
45 : [89, 93, 95] (109.0)
46 : [92, 96] (106.0)
47 : [88, 94] (65.0)
48 : [] (0.0)
49 : [106, 111] (84.0)
50 : [103, 112, 115] (71.0)
51 : [100, 104] (104.0)
52 : [98, 99] (75.0)
53 : [101, 105, 109] (80.0)
54 : [90, 110] (64.0)
55 : [107, 129] (68.0)
56 : [108, 120] (78.0)
57 : [114, 116, 127] (67.0)
58 : [117] (61.0)
59 : [102, 122] (86.0)
60 : [113, 124] (92.0)
61 : [119, 126] (83.0)
62 : [135] (71.0)
63 : [118, 125] (102.0)
64 : [132, 139] (86.0)
65 : [123] (62.0)
66 : [121, 148] (63.0)
67 : [130] (64.0)
68 : [136, 140, 144] (123.0)
69 : [128, 146] (87.0)
70 : [131, 134, 142, 143] (106.0)
71 : [137, 147, 152] (92.0)
72 : [133, 150] (103.0)
73 : [145, 149] (80.0)
74 : [151, 155] (72.0)
75 : [141] (66.0)
76 : [168] (62.0)
77 : [138, 159] (61.0)
78 : [158, 165] (87.0)
79 : [157] (65.0)
80 : [170, 171] (84.0)
81 : [153, 175] (103.0)
82 : [166] (69.0)
83 : [156, 161, 162, 167] (68.0)
84 : [154, 183] (78.0)
85 : [164, 174] (68.0)
86 : [163, 172] (87.0)
87 : [176, 191] (100.0)
88 : [160, 169] (91.0)
89 : [173, 180] (101.0)
90 : [179, 192] (89.0)
91 : [182, 188, 195] (102.0)
92 : [177, 185] (71.0)
93 : [186] (65.0)
94 : [189, 197] (105.0)
95 : [184, 205] (95.0)
96 : [196] (60.0)
97 : [181, 198, 201] (125.0)
98 : [178, 187, 190] (101.0)
99 : [199] (61.0)
100 : [193, 194] (96.0)
101 : [200, 210] (125.0)
102 : [203, 212, 216] (111.0)
103 : [211, 229, 231] (96.0)
104 : [207, 219] (99.0)
105 : [209, 214] (63.0)
106 : [206, 217, 224, 225] (119.0)
107 : [202, 213, 220] (75.0)
108 : [204, 208] (97.0)
109 : [222, 223, 227, 230] (88.0)
110 : [218, 221] (108.0)
111 : [215, 253] (66.0)
112 : [232, 234, 258] (83.0)
113 : [235, 236, 248] (87.0)
114 : [226, 233, 242] (103.0)
115 : [237, 239, 247, 264] (100.0)
116 : [266] (63.0)
117 : [228, 245] (75.0)
118 : [240, 241, 261] (114.0)
119 : [252, 254, 255] (100.0)
120 : [238, 249, 256, 257, 270] (118.0)
121 : [243, 259, 268] (99.0)
122 : [244, 246, 260, 262, 267] (111.0)
123 : [269] (91.0)
124 : [263, 274, 278, 279] (122.0)
125 : [250, 251, 277] (100.0)
126 : [275, 276, 280] (124.0)
127 : [265, 288, 289] (115.0)
128 : [271, 272, 282, 286, 294] (125.0)
129 : [284, 291] (99.0)
130 : [273, 281, 285, 295] (76.0)
131 : [293] (66.0)
132 : [283, 290, 296, 307, 318] (124.0)
133 : [299, 300] (88.0)
134 : [292, 301, 309] (124.0)
135 : [297, 298, 304] (117.0)
136 : [308, 314] (116.0)
137 : [305, 306, 322] (87.0)
138 : [287, 302, 311] (105.0)
139 : [312, 316, 320] (125.0)
140 : [315, 323, 331, 332] (116.0)
141 : [310, 325, 340] (105.0)
142 : [303, 313, 334] (98.0)
143 : [317] (87.0)
144 : [319, 324, 337, 345] (100.0)
145 : [329, 335, 348] (101.0)
146 : [326, 327] (76.0)
147 : [339, 358] (81.0)
148 : [361] (63.0)
149 : [328, 344, 356] (122.0)
150 : [321, 336, 338] (79.0)
151 : [333, 342, 351, 370] (120.0)
152 : [330, 343, 346, 350] (105.0)
153 : [341, 355, 362] (94.0)
154 : [347, 377, 380] (108.0)
155 : [353, 354] (108.0)
156 : [364, 374, 376, 384] (120.0)
157 : [357, 365, 366] (94.0)
158 : [352, 363, 367, 375] (125.0)
159 : [359, 369, 371, 381] (112.0)
160 : [349, 390] (98.0)
161 : [368, 372, 378, 387] (120.0)
162 : [360, 379, 391] (97.0)
163 : [373, 385, 386] (125.0)
164 : [388, 389, 405] (118.0)
165 : [394, 397] (115.0)
166 : [383, 399] (128.0)
167 : [382, 395, 404] (115.0)
168 : [392, 401, 402] (118.0)
169 : [398, 400, 414] (120.0)
170 : [406, 409, 420] (117.0)
171 : [396, 415, 417, 418] (102.0)
172 : [410, 419, 435] (125.0)
173 : [408, 412, 413, 430] (110.0)
174 : [393, 411, 423, 424] (120.0)
175 : [403, 416, 439] (118.0)
176 : [407, 445] (117.0)
177 : [421, 427, 431] (120.0)
178 : [422, 429, 434] (114.0)
179 : [426, 428] (119.0)
180 : [450, 455, 461] (122.0)
181 : [438, 442, 444, 458] (124.0)
182 : [432, 440, 441, 452] (121.0)
183 : [436, 437, 459] (125.0)
184 : [425, 443, 449] (128.0)
185 : [433, 448, 474] (123.0)
186 : [446, 447, 478] (124.0)
187 : [453, 456, 466, 468] (124.0)
188 : [457, 463] (124.0)
189 : [460, 462] (120.0)
190 : [467, 470, 484] (124.0)
191 : [454, 465] (125.0)
192 : [469, 471, 476, 477] (120.0)
193 : [451, 490, 493] (119.0)
194 : [472, 483] (123.0)
195 : [482, 491] (121.0)
196 : [479, 494] (120.0)
197 : [496, 499] (118.0)
198 : [464, 481, 492, 495] (125.0)
199 : [485, 487, 488, 489, 498] (122.0)
200 : [473, 475, 480] (120.0)
201 : [486, 497] (123.0)
