Name: 750-20-30
Time: 70.46523213386536 
Result: 19
Solution:  1 4 9 7 3 4 6 3 5 3 12 6 7 1 8 7 4 5 8 10 11 19 13 9 11 15 16 12 13 12 10 17 17 15 17 18 19 17 22 16 20 18 25 20 22 21 24 26 20 22 24 25 28 21 31 24 37 34 29 29 30 32 32 26 36 28 34 33 33 35 34 41 35 31 30 46 36 32 39 38 39 44 40 40 48 41 37 35 49 52 45 44 45 38 46 48 43 44 51 47 54 54 53 52 43 56 51 52 52 62 57 48 58 47 59 58 65 61 60 57 58 66 65 56 60 53 70 61 64 64 59 72 63 63 64 61 71 67 62 67 71 73 66 71 69 74 80 69 70 77 75 80 74 73 72 81 75 78 77 78 85 75 76 74 84 84 83 84 90 86 85 81 86 85 89 82 82 91 89 95 83 93 90 92 97 90 97 93 92 98 94 99 98 95 100 96 94 95 91 102 106 104 100 98 101 102 104 108 102 96 103 102 103 105 108 107 111 99 108 107 101 109 112 109 115 113 113 111 106 118 117 114 112 115 116 113 120 119 117 124 119 120 114 116 123 122 125 130 121 130 122 126 118 128 126 123 126 124 130 125 132 131 135 128 127 130 137 132 134 132 143 135 136 137 141 141 141 138 133 135 145 144 136 145 142 140 142 134 142 140 143 152 146 148 144 146 139 139 150 150 149 148 147 151 159 156 153 153 152 154 149 156 157 155 161 158 157 154 155 160 156 151 162 162 159 161 158 163 173 163 168 160 165 166 168 165 167 163 170 177 169 171 167 170 166 174 177 172 173 176 174 176 182 169 178 177 185 179 171 180 180 175 178 175 185 181 183 183 181 182 179 189 185 191 193 184 188 187 191 186 190 190 192 196 200 184 193 187 197 196 195 198 188 192 201 195 197 198 199 194 203 194 205 199 198 206 202 202 204 199 214 206 212 203 201 208 209 200 208 205 218 210 207 210 217 209 212 218 213 213 221 215 223 214 211 217 219 220 226 219 216 221 227 218 222 220 216 228 230 217 225 231 227 223 224 225 228 223 229 228 228 233 225 236 232 232 230 226 232 229 230 233 232 224 234 231 231 234 235 236 236 236 235 237 232 239 239 242 238 240 234 238 237 245 240 244 241 241 245 241 243 247 247 245 242 242 251 246 241 242 241 245 248 254 247 240 243 250 249 249 244 250 252 245 253 254 246 259 250 252 252 250 254 251 262 247 254 255 252 256 257 250 255 260 262 257 263 253 260 253 260 256 258 261 256 260 261 259 262 253 263 264 264 261 265 265 259 267 272 258 268 265 274 267 264 266 265 267 269 277 269 274 268 273 270 264 271 279 271 269 276 270 273 275 277 272 273 279 270 272 275 271 273 273 272 280 270 278 278 286 283 271 280 281 281 285 281 281 286 275 282 290 279 276 284 286 287 284 287 291 284 286 283 289 285 285 282 288 285 290 280 295 288 285 291 287 289 292 292 290 296 293 291 293 299 294 290 293 297 295 296 296 294 299 297 294 303 294 298 302 301 300 301 307 298 298 303 296 300 301 309 304 302 297 300 297 304 305 308 305 303 302 306 306 310 309 313 310 308 306 305 308 312 310 311 315 310 311 311 318 307 315 311 306 314 305 309 312 314 310 317 325 317 324 319 316 316 316 321 320 325 314 321 318 318 313 323 319 318 323 325 319 323 324 324 325 322 322 325 325
0 : [] (0.0)
1 : [0, 13] (27.0)
2 : [] (0.0)
3 : [4, 7, 9] (27.0)
4 : [1, 5, 16] (29.0)
5 : [8, 17] (22.0)
6 : [6, 11] (22.0)
7 : [3, 12, 15] (21.0)
8 : [14, 18] (23.0)
9 : [2, 23] (25.0)
10 : [19, 30] (25.0)
11 : [20, 24] (21.0)
12 : [10, 27, 29] (21.0)
13 : [22, 28] (22.0)
14 : [] (0.0)
15 : [25, 33] (23.0)
16 : [26, 39] (21.0)
17 : [31, 32, 34, 37] (21.0)
18 : [35, 41] (25.0)
19 : [21, 36] (27.0)
20 : [40, 43, 48] (28.0)
21 : [45, 53] (19.0)
22 : [38, 44, 49] (24.0)
23 : [] (0.0)
24 : [46, 50, 55] (25.0)
25 : [42, 51] (19.0)
26 : [47, 63] (23.0)
27 : [] (0.0)
28 : [52, 65] (27.0)
29 : [58, 59] (20.0)
30 : [60, 74] (25.0)
31 : [54, 73] (32.0)
32 : [61, 62, 77] (25.0)
33 : [67, 68] (21.0)
34 : [57, 66, 70] (20.0)
35 : [69, 72, 87] (28.0)
36 : [64, 76] (24.0)
37 : [56, 86] (23.0)
38 : [79, 93] (22.0)
39 : [78, 80] (24.0)
40 : [82, 83] (21.0)
41 : [71, 85] (30.0)
42 : [] (0.0)
43 : [96, 104] (22.0)
44 : [81, 91, 97] (20.0)
45 : [90, 92] (26.0)
46 : [75, 94] (25.0)
47 : [99, 113] (30.0)
48 : [84, 95, 111] (18.0)
49 : [88] (18.0)
50 : [] (0.0)
51 : [98, 106] (26.0)
52 : [89, 103, 107, 108] (20.0)
53 : [102, 125] (26.0)
54 : [100, 101] (21.0)
55 : [] (0.0)
56 : [105, 123] (21.0)
57 : [110, 119] (28.0)
58 : [112, 115, 120] (20.0)
59 : [114, 130] (28.0)
60 : [118, 124] (20.0)
61 : [117, 127, 135] (26.0)
62 : [109, 138] (26.0)
63 : [132, 133] (22.0)
64 : [128, 129, 134] (29.0)
65 : [116, 122] (31.0)
66 : [121, 142] (26.0)
67 : [137, 139] (30.0)
68 : [] (0.0)
69 : [144, 147] (24.0)
70 : [126, 148] (23.0)
71 : [136, 140, 143] (20.0)
72 : [131, 154] (24.0)
73 : [141, 153] (34.0)
74 : [145, 152, 163] (18.0)
75 : [150, 156, 161] (21.0)
76 : [162] (20.0)
77 : [149, 158] (26.0)
78 : [157, 159] (26.0)
79 : [] (0.0)
80 : [146, 151] (26.0)
81 : [155, 171] (21.0)
82 : [175, 176] (30.0)
83 : [166, 180] (22.0)
84 : [164, 165, 167] (25.0)
85 : [160, 170, 173] (26.0)
86 : [169, 172] (32.0)
87 : [] (0.0)
88 : [] (0.0)
89 : [174, 178] (26.0)
90 : [168, 182, 185] (22.0)
91 : [177, 198] (23.0)
92 : [183, 188] (31.0)
93 : [181, 187] (25.0)
94 : [190, 196] (31.0)
95 : [179, 193, 197] (27.0)
96 : [195, 209] (29.0)
97 : [184, 186] (31.0)
98 : [189, 192, 203] (27.0)
99 : [191, 217] (25.0)
100 : [194, 202] (27.0)
101 : [204, 220] (29.0)
102 : [199, 205, 208, 211] (20.0)
103 : [210, 212] (20.0)
104 : [201, 206] (27.0)
105 : [213] (21.0)
106 : [200, 228] (23.0)
107 : [215, 219] (32.0)
108 : [207, 214, 218] (21.0)
109 : [221, 223] (23.0)
110 : [] (0.0)
111 : [216, 227] (27.0)
112 : [222, 232] (24.0)
113 : [225, 226, 235] (25.0)
114 : [231, 242] (28.0)
115 : [224, 233] (26.0)
116 : [234, 243] (25.0)
117 : [230, 238] (21.0)
118 : [229, 252] (23.0)
119 : [237, 240] (25.0)
120 : [236, 241] (23.0)
121 : [248] (21.0)
122 : [245, 250] (32.0)
123 : [244, 255] (28.0)
124 : [239, 257] (23.0)
125 : [246, 259] (35.0)
126 : [251, 254, 256] (24.0)
127 : [264] (20.0)
128 : [253, 263] (29.0)
129 : [] (0.0)
130 : [247, 249, 258, 265] (20.0)
131 : [261] (21.0)
132 : [260, 267, 269] (20.0)
133 : [278] (22.0)
134 : [268, 287] (27.0)
135 : [262, 271, 279] (20.0)
136 : [272, 282] (20.0)
137 : [266, 273] (29.0)
138 : [277] (22.0)
139 : [296, 297] (24.0)
140 : [285, 289] (31.0)
141 : [274, 275, 276] (26.0)
142 : [284, 286, 288] (29.0)
143 : [270, 290] (29.0)
144 : [281, 294] (27.0)
145 : [280, 283] (24.0)
146 : [292, 295] (20.0)
147 : [302] (23.0)
148 : [293, 301] (33.0)
149 : [300, 310] (24.0)
150 : [298, 299] (24.0)
151 : [303, 321] (22.0)
152 : [291, 308] (27.0)
153 : [306, 307] (25.0)
154 : [309, 317] (23.0)
155 : [313, 318] (23.0)
156 : [305, 311, 320] (24.0)
157 : [312, 316] (22.0)
158 : [315, 326] (29.0)
159 : [304, 324] (25.0)
160 : [319, 331] (26.0)
161 : [314, 325] (28.0)
162 : [322, 323] (25.0)
163 : [327, 329, 337] (21.0)
164 : [] (0.0)
165 : [332, 335] (20.0)
166 : [333, 344] (28.0)
167 : [336, 342] (29.0)
168 : [330, 334] (29.0)
169 : [340, 353] (23.0)
170 : [338, 343] (28.0)
171 : [341, 358] (25.0)
172 : [347] (21.0)
173 : [328, 348] (32.0)
174 : [345, 350] (22.0)
175 : [361, 363] (22.0)
176 : [349, 351] (24.0)
177 : [339, 346, 355] (29.0)
178 : [354, 362] (30.0)
179 : [357, 370] (22.0)
180 : [359, 360] (27.0)
181 : [365, 368] (23.0)
182 : [352, 369] (34.0)
183 : [366, 367] (26.0)
184 : [375, 385] (23.0)
185 : [356, 364, 372] (26.0)
186 : [379] (21.0)
187 : [377, 387] (28.0)
188 : [376, 392] (27.0)
189 : [371] (23.0)
190 : [380, 381] (26.0)
191 : [373, 378] (24.0)
192 : [382, 393] (27.0)
193 : [374, 386] (25.0)
194 : [399, 401] (25.0)
195 : [390, 395] (29.0)
196 : [383, 389] (24.0)
197 : [388, 396] (28.0)
198 : [391, 397, 404] (26.0)
199 : [398, 403, 409] (27.0)
200 : [384, 417] (28.0)
201 : [394, 414] (27.0)
202 : [406, 407] (26.0)
203 : [400, 413] (26.0)
204 : [408] (25.0)
205 : [402, 419] (27.0)
206 : [405, 411] (33.0)
207 : [422] (25.0)
208 : [415, 418] (33.0)
209 : [416, 425] (34.0)
210 : [421, 423] (24.0)
211 : [434] (25.0)
212 : [412, 426] (26.0)
213 : [428, 429] (27.0)
214 : [410, 433] (29.0)
215 : [431] (20.0)
216 : [440, 446] (30.0)
217 : [424, 435, 449] (29.0)
218 : [420, 427, 443] (22.0)
219 : [436, 439] (25.0)
220 : [437, 445] (20.0)
221 : [430, 441] (23.0)
222 : [444] (20.0)
223 : [432, 453, 457] (27.0)
224 : [454, 473] (30.0)
225 : [450, 455, 462] (27.0)
226 : [438, 467] (28.0)
227 : [442, 452] (31.0)
228 : [447, 456, 459, 460] (27.0)
229 : [458, 469] (26.0)
230 : [448, 466, 470] (28.0)
231 : [451, 475, 476] (30.0)
232 : [464, 465, 468, 472, 484] (30.0)
233 : [461, 471] (32.0)
234 : [474, 477, 490] (27.0)
235 : [478, 482] (26.0)
236 : [463, 479, 480, 481] (25.0)
237 : [483, 492] (26.0)
238 : [488, 491] (27.0)
239 : [485, 486] (27.0)
240 : [489, 494, 515] (27.0)
241 : [496, 497, 499, 508, 510] (30.0)
242 : [487, 504, 505, 509] (22.0)
243 : [500, 516] (23.0)
244 : [495, 520] (26.0)
245 : [493, 498, 503, 511, 523] (21.0)
246 : [507, 526] (31.0)
247 : [501, 502, 514, 535] (28.0)
248 : [512] (20.0)
249 : [518, 519] (29.0)
250 : [517, 521, 528, 531, 541] (30.0)
251 : [506, 533] (37.0)
252 : [522, 529, 530, 538] (29.0)
253 : [524, 547, 549, 559] (30.0)
254 : [513, 525, 532, 536] (30.0)
255 : [537, 542] (29.0)
256 : [539, 551, 554] (30.0)
257 : [540, 545] (37.0)
258 : [552, 569] (31.0)
259 : [527, 557, 566] (29.0)
260 : [543, 548, 550, 555] (29.0)
261 : [553, 556, 563] (30.0)
262 : [534, 544, 558] (29.0)
263 : [546, 560] (32.0)
264 : [561, 562, 574, 585] (27.0)
265 : [564, 565, 571, 576] (25.0)
266 : [575] (22.0)
267 : [567, 573, 577] (23.0)
268 : [570, 582] (31.0)
269 : [578, 580, 589] (29.0)
270 : [584, 591, 598, 606] (25.0)
271 : [586, 588, 601, 611] (24.0)
272 : [568, 595, 599, 604] (24.0)
273 : [583, 592, 596, 602, 603] (29.0)
274 : [572, 581] (28.0)
275 : [593, 600, 619] (30.0)
276 : [590, 623] (32.0)
277 : [579, 594] (29.0)
278 : [607, 608] (27.0)
279 : [587, 597, 622] (26.0)
280 : [605, 612, 640] (30.0)
281 : [613, 614, 616, 617] (35.0)
282 : [620, 636] (30.0)
283 : [610, 632] (31.0)
284 : [624, 627, 630] (29.0)
285 : [615, 634, 635, 638, 643] (27.0)
286 : [609, 618, 625, 631] (29.0)
287 : [626, 628, 645] (29.0)
288 : [637, 642] (30.0)
289 : [633, 646] (29.0)
290 : [621, 639, 649, 656] (29.0)
291 : [629, 644, 652] (29.0)
292 : [647, 648] (30.0)
293 : [651, 653, 657] (30.0)
294 : [655, 662, 665, 667] (30.0)
295 : [641, 659] (30.0)
296 : [650, 660, 661, 677] (30.0)
297 : [658, 664, 683, 685] (30.0)
298 : [668, 674, 675] (30.0)
299 : [654, 663] (32.0)
300 : [671, 678, 684] (29.0)
301 : [670, 672, 679] (30.0)
302 : [669, 682, 691] (30.0)
303 : [666, 676, 690] (32.0)
304 : [681, 686] (33.0)
305 : [687, 689, 700, 715] (29.0)
306 : [692, 693, 699, 713] (30.0)
307 : [673, 710] (29.0)
308 : [688, 698, 701] (30.0)
309 : [680, 695, 716] (30.0)
310 : [694, 697, 703, 706, 719] (28.0)
311 : [704, 707, 708, 712] (29.0)
312 : [702, 717] (37.0)
313 : [696, 735] (29.0)
314 : [714, 718, 731] (30.0)
315 : [705, 711] (29.0)
316 : [725, 726, 727] (29.0)
317 : [720, 722] (24.0)
318 : [709, 733, 734, 738] (29.0)
319 : [724, 737, 741] (30.0)
320 : [729] (25.0)
321 : [728, 732] (32.0)
322 : [746, 747] (35.0)
323 : [736, 739, 742] (30.0)
324 : [723, 743, 744] (32.0)
325 : [721, 730, 740, 745, 748, 749] (27.0)
