Name: 1000-40-75
Time: 58.88511538505554 
Result: 38
Solution:  0 0 0 3 0 2 0 1 1 0 2 5 3 4 1 2 0 5 2 0 2 1 6 0 2 0 1 4 3 0 1 3 0 3 6 3 4 8 8 4 5 5 3 6 4 2 5 4 5 8 6 7 7 7 6 8 6 6 6 7 8 6 3 5 8 6 7 4 5 4 8 11 8 10 11 8 6 8 6 9 8 10 8 9 8 8 9 10 11 7 12 12 10 7 8 8 9 10 8 13 10 12 11 12 11 11 9 8 10 13 12 11 12 11 13 11 9 12 12 14 12 11 12 11 12 13 13 14 11 13 14 17 12 12 15 14 15 12 15 13 15 17 11 12 16 17 14 17 14 15 17 16 16 15 15 18 18 14 12 16 17 17 16 17 17 17 15 15 17 16 15 17 21 18 21 18 20 18 18 20 17 22 19 17 18 20 19 19 21 19 20 22 20 20 17 19 20 23 20 21 21 21 21 21 22 21 25 22 21 21 20 22 21 26 22 22 19 24 20 23 22 23 23 21 20 23 21 24 26 23 23 21 25 25 24 27 24 23 24 20 25 26 25 29 28 25 26 24 24 24 27 27 26 22 29 29 22 30 26 24 27 26 28 26 25 27 28 28 26 28 27 32 29 25 29 31 28 26 28 28 32 29 26 25 28 25 29 29 29 32 30 31 29 30 26 31 29 30 30 33 30 31 32 31 34 29 31 34 29 30 29 34 31 31 32 34 28 35 32 29 34 35 35 34 32 33 32 32 33 32 31 36 37 33 33 35 36 36 34 36 32 32 37 33 35 33 35 34 32 34 36 36 33 36 35 33 37 37 37 36 33 41 37 37 35 37 35 36 39 35 35 39 41 41 38 39 38 38 38 38 38 40 40 39 40 39 39 37 38 36 38 40 40 40 41 40 42 40 43 39 39 45 42 43 42 44 42 43 41 40 40 43 42 43 45 39 38 41 41 43 44 44 45 42 42 44 42 43 44 47 42 48 42 41 43 44 44 44 43 46 46 41 46 42 46 47 49 46 46 47 44 47 47 45 44 48 44 49 46 44 49 46 46 46 45 48 45 50 47 44 46 47 48 48 49 50 48 48 46 50 49 50 48 50 49 47 50 46 47 50 54 51 49 50 47 51 49 53 47 50 55 51 49 52 49 50 55 53 50 51 50 51 51 52 52 54 52 53 50 56 54 54 56 53 54 53 54 54 53 53 54 52 54 56 54 52 58 54 55 57 56 55 57 51 53 55 55 57 53 55 57 57 56 55 58 57 54 52 56 53 59 58 57 57 56 57 55 60 61 56 56 58 60 57 58 56 58 58 58 54 58 59 59 56 58 60 59 62 59 59 59 57 64 60 60 62 61 62 60 60 57 64 59 58 62 61 61 61 61 61 59 65 62 61 61 60 62 64 64 60 67 60 64 64 62 63 62 62 63 63 66 65 62 64 63 64 63 66 63 64 65 64 67 65 63 64 67 64 65 65 64 63 66 66 64 64 67 69 64 65 69 69 68 68 69 69 70 66 67 67 65 68 67 68 67 69 67 68 69 65 69 69 66 70 70 71 69 68 70 71 70 67 71 67 68 69 71 72 67 67 70 72 72 74 71 73 74 71 72 70 71 72 71 71 74 72 68 72 71 73 72 74 73 72 77 73 74 75 73 71 74 76 75 77 77 76 76 75 72 75 74 76 75 78 73 77 78 78 75 75 73 76 73 73 76 74 76 72 77 75 80 78 80 78 73 79 78 76 74 76 79 75 81 78 77 78 80 77 75 78 79 77 77 76 80 79 79 78 78 79 80 80 83 78 78 82 81 77 78 81 81 83 83 83 81 78 82 82 82 82 81 82 80 81 81 83 83 80 82 83 83 82 84 83 86 82 81 82 81 84 85 83 86 87 86 83 84 85 88 85 84 87 88 86 84 87 83 87 85 86 87 87 85 83 87 87 86 83 82 88 84 87 89 89 87 87 86 86 87 86 85 86 85 91 89 84 88 86 86 88 89 89 92 87 89 90 86 90 88 88 91 91 90 90 90 89 91 93 89 89 92 90 89 91 92 90 87 91 87 95 92 94 91 91 92 88 91 93 93 93 90 89 92 92 94 91 91 91 96 94 92 95 92 94 93 94 94 93 98 91 97 95 97 92 94 92 97 94 96 93 93 95 96 98 100 97 95 95 98 93 94 94 99 96 96 97 94 97 94 96 99 97 95 99 98 99 95 98 98 98 96 95 100 97 98 100 100 98 99 99 100 100 99 100 100 98 98 100 100 100
0: 0 1 2 4 6 9 16 19 23 25 29 32 (41.0)
1: 7 8 14 21 26 30 (40.0)
2: 5 10 15 18 20 24 45 (38.0)
3: 3 12 28 31 33 35 42 62 (46.0)
4: 13 27 36 39 44 47 67 69 (40.0)
5: 11 17 40 41 46 48 63 68 (47.0)
6: 22 34 43 50 54 56 57 58 61 65 76 78 (40.0)
7: 51 52 53 59 66 89 93 (40.0)
8: 37 38 49 55 60 64 70 72 75 77 80 82 84 85 94 95 98 107 (40.0)
9: 79 83 86 96 106 116 (44.0)
10: 73 81 87 92 97 100 108 (41.0)
11: 71 74 88 102 104 105 111 113 115 121 123 128 142 (40.0)
12: 90 91 101 103 110 112 117 118 120 122 124 132 133 137 143 158 (43.0)
13: 99 109 114 125 126 129 139 (47.0)
14: 119 127 130 135 146 148 157 (43.0)
15: 134 136 138 140 149 153 154 166 167 170 (43.0)
16: 144 151 152 159 162 169 (42.0)
17: 131 141 145 147 150 160 161 163 164 165 168 171 180 183 194 (40.0)
18: 155 156 173 175 177 178 184 (43.0)
19: 182 186 187 189 195 216 (47.0)
20: 176 179 185 190 192 193 196 198 210 218 224 239 (48.0)
21: 172 174 188 199 200 201 202 203 205 208 209 212 223 226 231 (55.0)
22: 181 191 204 207 211 214 215 220 253 256 (55.0)
23: 197 219 221 222 225 229 230 237 (48.0)
24: 217 227 234 236 238 247 248 249 259 (46.0)
25: 206 232 233 240 242 245 264 273 283 285 (44.0)
26: 213 228 241 246 252 258 261 263 268 277 282 294 (43.0)
27: 235 250 251 260 265 270 (41.0)
28: 244 262 266 267 269 276 278 279 284 316 (50.0)
29: 243 254 255 272 274 281 286 287 288 292 296 305 308 310 319 (51.0)
30: 257 290 293 297 298 300 309 (44.0)
31: 275 291 295 301 303 306 312 313 330 (50.0)
32: 271 280 289 302 314 318 324 326 327 329 340 341 348 (48.0)
33: 299 325 328 333 334 343 345 352 355 360 (49.0)
34: 304 307 311 315 320 323 338 347 349 (51.0)
35: 317 321 322 335 344 346 354 364 366 369 370 (67.0)
36: 331 336 337 339 350 351 353 359 367 389 (51.0)
37: 332 342 356 357 358 362 363 365 387 (46.0)
38: 374 376 377 378 379 380 388 390 416 (64.0)
39: 368 371 375 383 385 386 399 400 415 (56.0)
40: 381 382 384 391 392 393 395 397 409 410 (49.0)
41: 361 372 373 394 408 417 418 433 441 (43.0)
42: 396 402 404 406 412 423 424 426 430 432 443 (57.0)
43: 398 403 407 411 413 419 427 434 438 (51.0)
44: 405 420 421 425 428 435 436 437 450 454 456 459 469 (56.0)
45: 401 414 422 453 464 466 (45.0)
46: 439 440 442 444 447 448 458 461 462 463 470 478 487 (60.0)
47: 429 445 449 451 452 468 471 485 488 494 498 (60.0)
48: 431 455 465 472 473 476 477 482 (56.0)
49: 446 457 460 474 480 484 492 496 502 504 (52.0)
50: 467 475 479 481 483 486 489 493 499 505 508 510 518 (61.0)
51: 491 495 501 509 511 512 543 (58.0)
52: 503 513 514 516 531 535 557 (60.0)
53: 497 507 517 523 525 528 529 544 548 559 (50.0)
54: 490 515 520 521 524 526 527 530 532 534 537 556 579 (68.0)
55: 500 506 538 541 545 546 549 553 566 (48.0)
56: 519 522 533 540 552 558 564 569 570 575 583 (59.0)
57: 539 542 547 550 551 555 562 563 565 573 591 600 (60.0)
58: 536 554 561 571 574 576 577 578 580 584 603 (75.0)
59: 560 581 582 586 588 589 590 602 610 (51.0)
60: 567 572 585 593 594 598 599 615 619 621 (73.0)
61: 568 596 605 606 607 608 609 613 614 (59.0)
62: 587 595 597 604 612 616 624 626 627 632 (61.0)
63: 625 628 629 634 636 638 644 651 (61.0)
64: 592 601 617 618 622 623 633 635 639 641 645 647 650 654 655 658 (61.0)
65: 611 631 640 643 648 649 659 670 679 (58.0)
66: 630 637 652 653 667 682 (56.0)
67: 620 642 646 656 668 669 672 674 676 691 693 698 699 (70.0)
68: 662 663 671 673 677 687 694 716 (49.0)
69: 657 660 661 664 665 675 678 680 681 686 695 (68.0)
70: 666 683 684 688 690 700 709 (50.0)
71: 685 689 692 696 704 707 710 712 713 718 729 (59.0)
72: 697 701 702 708 711 715 717 720 723 738 757 (67.0)
73: 705 719 722 725 728 744 750 752 753 764 (53.0)
74: 703 706 714 721 726 730 740 755 768 (55.0)
75: 727 732 737 739 742 748 749 759 771 778 (65.0)
76: 731 735 736 741 751 754 756 767 769 783 (57.0)
77: 724 733 734 745 758 774 777 781 782 797 (62.0)
78: 743 746 747 761 763 766 773 775 779 787 788 793 794 798 805 (75.0)
79: 765 770 780 785 786 789 (75.0)
80: 760 762 776 784 790 791 812 817 (60.0)
81: 772 796 799 800 804 810 813 814 826 828 (75.0)
82: 795 806 807 808 809 811 818 821 825 827 858 (75.0)
83: 792 801 802 803 815 816 819 820 823 831 835 846 853 857 (66.0)
84: 822 829 836 840 844 860 875 (75.0)
85: 830 837 839 848 852 870 872 (75.0)
86: 824 832 834 843 849 856 866 867 869 871 877 878 886 (75.0)
87: 833 841 845 847 850 851 854 855 861 864 865 868 883 906 908 (75.0)
88: 838 842 859 876 879 888 889 915 (71.0)
89: 862 863 874 880 881 884 895 898 899 902 921 (75.0)
90: 885 887 892 893 894 901 905 920 (76.0)
91: 873 890 891 896 903 907 912 913 916 925 926 927 939 (73.0)
92: 882 900 904 910 914 922 923 930 932 943 945 (64.0)
93: 897 917 918 919 934 937 949 950 959 (75.0)
94: 911 924 929 933 935 936 944 947 960 961 966 968 (65.0)
95: 909 931 941 951 956 957 972 976 981 (75.0)
96: 928 948 952 963 964 969 980 (75.0)
97: 940 942 946 955 965 967 971 983 (65.0)
98: 938 953 958 974 977 978 979 984 987 995 996 (73.0)
99: 962 970 973 975 988 989 992 (71.0)
100: 954 982 985 986 990 991 993 994 997 998 999 (63.0)
