Name: 1000-50-100
Time: 26.400299787521362 
Result: 2051
Solution:  0 1 1 3 0 0 3 2 0 1 1 1 1 1 2 2 1 0 4 2 2 2 1 2 3 2 0 2 5 2 6 1 3 4 0 3 3 3 6 6 5 5 6 2 5 5 2 3 6 6 6 3 4 5 4 6 4 9 6 2 6 5 6 7 8 9 7 6 9 6 8 7 9 11 10 10 9 6 6 8 10 8 11 9 9 9 9 11 8 9 8 11 7 9 11 9 9 6 13 10 7 9 9 9 10 11 8 13 9 9 12 12 15 9 12 12 10 12 11 11 13 16 13 12 17 14 12 16 12 13 12 16 13 16 16 13 13 13 14 14 15 18 15 14 12 14 18 16 15 15 15 13 16 17 16 16 17 14 19 15 15 17 17 18 18 16 16 16 17 16 19 17 18 21 18 16 20 16 19 21 17 17 20 20 19 17 16 17 21 21 20 22 21 22 18 19 22 17 24 21 19 17 21 19 22 21 23 22 21 19 23 21 21 22 21 19 22 21 25 19 24 25 24 22 23 23 24 22 27 20 25 27 24 25 22 25 23 24 25 23 28 24 24 28 25 25 26 25 22 23 28 27 26 24 29 26 24 25 27 26 27 25 27 25 28 28 24 27 25 25 28 28 26 32 29 25 30 27 28 30 30 26 29 32 28 27 29 25 29 29 30 31 30 33 33 31 28 32 26 33 33 32 34 29 33 30 32 33 28 31 33 30 31 32 31 34 31 32 33 33 32 33 33 34 31 37 34 32 32 29 36 36 37 34 37 32 34 34 36 35 35 34 34 38 37 34 33 34 39 34 35 38 33 36 35 36 37 35 37 34 37 36 36 38 41 39 40 37 38 38 38 41 38 39 37 38 38 39 41 38 40 39 40 39 39 40 38 39 39 36 38 36 39 43 42 40 41 41 40 42 39 43 40 40 40 41 39 44 39 40 42 45 41 42 39 46 42 44 42 45 44 41 43 44 39 45 44 43 43 45 44 44 44 44 46 43 46 47 43 45 41 47 45 46 48 46 46 44 42 44 46 43 49 48 46 48 43 49 47 46 43 46 48 50 50 47 44 45 48 50 49 45 49 50 48 52 48 46 49 49 50 47 49 52 46 49 47 47 48 50 51 46 48 49 51 49 50 50 50 47 52 51 51 48 50 55 52 48 53 53 54 52 55 52 48 55 52 49 52 52 53 54 51 53 54 50 55 51 51 52 52 52 52 53 53 55 55 55 53 56 54 54 54 56 53 56 57 55 51 57 57 57 57 55 56 56 56 55 57 56 54 57 57 61 61 57 59 55 56 54 58 57 58 59 61 60 59 57 59 60 59 61 61 63 60 59 60 60 58 57 57 60 58 61 59 62 61 64 56 61 61 60 62 64 62 59 64 62 64 65 58 62 62 63 60 58 63 62 61 62 60 62 62 59 65 63 63 65 61 63 63 67 63 64 61 64 64 62 64 66 67 63 64 64 65 65 66 63 64 67 63 65 63 65 68 67 70 65 64 70 67 67 67 68 66 68 67 71 68 66 67 67 68 69 66 72 69 67 68 68 68 69 69 69 69 69 73 67 70 71 70 69 73 70 67 72 72 68 73 74 71 69 73 72 68 70 74 71 72 68 74 70 74 70 72 72 72 72 74 72 74 75 71 73 71 75 73 71 72 74 75 75 73 75 76 75 73 75 78 73 77 71 74 74 74 71 79 77 75 76 78 75 76 78 76 73 73 78 73 79 76 77 73 77 77 77 79 74 80 77 80 77 78 75 77 78 79 79 80 77 80 81 77 78 80 76 81 75 80 77 80 79 81 84 80 79 84 79 81 79 81 79 80 81 82 81 80 80 83 82 81 82 81 83 83 83 82 80 82 81 82 83 80 84 83 85 83 84 79 83 82 84 85 84 85 85 84 83 83 84 85 85 85 87 84 83 83 86 84 85 85 87 87 87 87 87 86 86 85 86 88 90 89 88 91 91 90 91 91 86 86 89 92 87 92 87 88 86 91 87 88 92 88 87 89 88 87 89 89 89 88 93 88 91 88 87 88 90 87 90 89 91 93 93 91 91 93 92 88 92 96 92 93 91 91 92 94 91 92 90 95 93 94 90 91 95 91 91 95 95 93 94 94 92 92 94 93 92 91 90 93 95 97 97 93 95 96 96 97 94 97 96 96 95 99 98 99 96 96 92 94 95 96 98 97 98 99 100 94 100 97 98 99 98 97 98 98 98 99 100 95 97 99 100 100 98 97 98 100 99 99 100 98 100 97 100 100 100 100 100
0: 0 4 5 8 17 26 34 (61.0)
1: 1 2 9 10 11 12 13 16 22 31 (54.0)
2: 7 14 15 19 20 21 23 25 27 29 43 46 59 (51.0)
3: 3 6 24 32 35 36 37 47 51 (52.0)
4: 18 33 52 54 56 (54.0)
5: 28 40 41 44 45 53 61 (51.0)
6: 30 38 39 42 48 49 50 55 58 60 62 67 69 77 78 97 (50.0)
7: 63 66 71 92 100 (56.0)
8: 64 70 79 81 88 90 106 (57.0)
9: 57 65 68 72 76 83 84 85 86 89 93 95 96 101 102 103 108 109 113 (55.0)
10: 74 75 80 99 104 116 (53.0)
11: 73 82 87 91 94 105 118 119 (54.0)
12: 110 111 114 115 117 123 126 128 130 144 (53.0)
13: 98 107 120 122 129 132 135 136 137 151 (55.0)
14: 125 138 139 143 145 157 (53.0)
15: 112 140 142 148 149 150 159 160 (52.0)
16: 121 127 131 133 134 147 152 154 155 165 166 167 169 175 177 186 (52.0)
17: 124 153 156 161 162 168 171 180 181 185 187 197 201 (53.0)
18: 141 146 163 164 172 174 194 (53.0)
19: 158 170 178 184 195 200 203 209 215 219 (55.0)
20: 176 182 183 190 229 (55.0)
21: 173 179 188 189 192 199 202 205 208 211 212 214 217 (63.0)
22: 191 193 196 204 207 213 216 223 227 234 248 (72.0)
23: 206 210 224 225 236 239 249 (50.0)
24: 198 220 222 226 232 237 241 242 253 256 266 (53.0)
25: 218 221 230 233 235 238 244 245 247 257 261 263 268 269 275 287 (97.0)
26: 246 252 255 259 272 281 298 (50.0)
27: 228 231 251 258 260 262 267 277 285 (59.0)
28: 240 243 250 264 265 270 271 278 284 296 308 (65.0)
29: 254 274 282 286 288 289 303 329 (53.0)
30: 276 279 280 290 292 305 311 (61.0)
31: 291 295 309 312 314 316 324 (63.0)
32: 273 283 297 301 306 313 317 320 327 328 335 (81.0)
33: 293 294 299 300 304 307 310 318 319 321 322 346 352 (73.0)
34: 302 315 323 326 333 336 337 341 342 345 347 349 359 (63.0)
35: 339 340 350 354 357 (61.0)
36: 330 331 338 353 355 361 362 389 391 (63.0)
37: 325 332 334 344 356 358 360 367 374 (66.0)
38: 343 351 363 368 369 370 372 375 376 379 386 390 (78.0)
39: 348 365 373 377 381 383 384 387 388 392 400 406 408 414 424 (86.0)
40: 366 380 382 385 395 398 402 403 404 409 (70.0)
41: 364 371 378 396 397 405 412 421 440 (71.0)
42: 394 399 410 413 416 418 448 (72.0)
43: 393 401 422 427 428 435 438 451 456 460 (76.0)
44: 407 417 420 423 426 430 431 432 433 447 449 466 (93.0)
45: 411 419 425 429 439 442 467 471 (63.0)
46: 415 434 436 443 445 446 450 454 459 461 477 484 491 (82.0)
47: 437 441 458 465 481 486 487 499 (61.0)
48: 444 453 455 462 468 474 476 488 492 503 507 514 (89.0)
49: 452 457 470 472 478 479 482 485 493 495 517 (89.0)
50: 463 464 469 473 480 489 496 497 498 504 525 (65.0)
51: 490 494 501 502 522 527 528 548 (72.0)
52: 475 483 500 506 511 513 516 518 519 529 530 531 532 (86.0)
53: 508 509 520 523 533 534 538 544 (66.0)
54: 510 521 524 540 541 542 560 569 (58.0)
55: 505 512 515 526 535 536 537 547 553 557 567 (76.0)
56: 539 543 545 554 555 556 559 568 598 (97.0)
57: 546 549 550 551 552 558 561 562 565 571 577 589 590 (98.0)
58: 570 572 588 592 610 615 (93.0)
59: 566 573 576 578 580 585 594 605 623 (77.0)
60: 575 579 584 586 587 591 601 614 620 (84.0)
61: 563 564 574 581 582 593 596 599 600 618 628 634 (75.0)
62: 595 602 604 607 611 612 617 619 621 622 637 (85.0)
63: 583 613 616 625 626 629 630 632 641 647 650 652 (79.0)
64: 597 603 606 608 633 635 636 638 642 643 648 658 (80.0)
65: 609 624 627 644 645 651 653 657 (73.0)
66: 639 646 664 669 674 (66.0)
67: 631 640 649 655 660 661 662 666 670 671 677 687 694 (92.0)
68: 654 663 665 668 672 678 679 680 697 704 709 (85.0)
69: 673 676 681 682 683 684 685 691 701 (84.0)
70: 656 659 688 690 693 705 711 713 (70.0)
71: 667 689 700 707 722 724 727 741 745 (99.0)
72: 675 695 696 703 708 714 715 716 717 719 728 (100.0)
73: 686 692 698 702 723 726 732 736 739 755 756 758 762 (88.0)
74: 699 706 710 712 718 720 729 742 743 744 767 (100.0)
75: 721 725 730 731 733 735 737 748 751 773 787 (89.0)
76: 734 749 752 754 760 785 (67.0)
77: 740 747 761 763 764 765 769 771 774 779 782 789 (97.0)
78: 738 750 753 757 772 775 783 (83.0)
79: 746 759 766 776 777 791 795 797 799 801 828 (100.0)
80: 768 770 778 780 784 788 790 794 802 806 807 817 822 (92.0)
81: 781 786 792 798 800 803 805 810 812 819 (89.0)
82: 804 809 811 816 818 820 830 (100.0)
83: 808 813 814 815 821 824 826 829 837 838 845 846 (100.0)
84: 793 796 823 827 831 833 836 839 844 848 (100.0)
85: 825 832 834 835 840 841 842 849 850 858 (100.0)
86: 847 856 857 859 869 870 877 (83.0)
87: 843 851 852 853 854 855 873 875 879 883 886 895 898 (99.0)
88: 860 863 876 880 882 885 890 892 894 896 908 (100.0)
89: 862 871 884 887 888 889 900 (101.0)
90: 861 866 897 899 919 923 939 (101.0)
91: 864 865 867 868 878 893 901 904 905 913 914 917 924 926 927 938 (86.0)
92: 872 874 881 907 909 911 915 918 933 934 937 959 (100.0)
93: 891 902 903 906 912 921 930 936 940 944 (83.0)
94: 916 922 931 932 935 949 960 968 (100.0)
95: 920 925 928 929 941 945 953 961 980 (100.0)
96: 910 946 947 951 952 957 958 962 (100.0)
97: 942 943 948 950 964 970 974 981 986 994 (84.0)
98: 955 963 965 971 973 975 976 977 985 987 992 (100.0)
99: 954 956 966 972 978 982 989 990 (100.0)
100: 967 969 979 983 984 988 991 993 995 996 997 998 999 (99.0)
