Name: 100-50-100
Time: 3.6206157207489014 
Result: 8
Solution:  1 0 0 1 1 2 0 0 3 3 4 1 4 2 0 1 0 1 0 6 6 1 1 3 2 3 3 4 3 3 1 2 1 4 1 2 0 2 0 5 4 5 4 2 1 4 3 4 6 5 5 4 2 6 9 2 8 2 6 5 7 5 6 8 6 3 10 7 8 5 8 7 8 9 9 4 6 10 8 4 6 8 7 9 7 7 5 10 5 9 10 10 10 10 10 7 7 8 10 7
0: 1 2 6 7 14 16 18 36 38 (69.0)
1: 0 3 4 11 15 17 21 22 30 32 34 44 (69.0)
2: 5 13 24 31 35 37 43 52 55 57 (69.0)
3: 8 9 23 25 26 28 29 46 65 (72.0)
4: 10 12 27 33 40 42 45 47 51 75 79 (74.0)
5: 39 41 49 50 59 61 69 86 88 (71.0)
6: 19 20 48 53 58 62 64 76 80 (74.0)
7: 60 67 71 82 84 85 95 96 99 (76.0)
8: 56 63 68 70 72 78 81 97 (77.0)
9: 54 73 74 83 89 (76.0)
10: 66 77 87 90 91 92 93 94 98 (72.0)
