Name: 1000-40-75
Time: 26.3705050945282 
Result: 5038
Solution:  4 0 0 4 2 1 0 1 1 0 2 5 2 1 1 1 1 0 4 1 2 1 1 1 0 1 2 4 2 6 0 4 0 4 6 3 3 5 7 4 4 4 4 4 2 3 5 5 5 2 7 5 6 7 6 6 6 6 8 8 6 6 6 5 9 5 5 9 7 6 9 11 6 7 5 9 9 8 6 8 9 7 9 9 9 7 11 10 11 9 11 13 11 9 11 10 10 10 11 12 10 9 8 11 11 11 14 11 9 12 12 10 11 11 11 10 16 9 8 13 13 10 15 11 9 15 13 15 11 13 17 15 15 15 15 17 13 11 18 14 12 18 11 11 12 16 18 15 14 12 15 16 17 13 16 14 18 16 14 16 17 20 17 18 18 18 15 16 18 21 17 15 19 22 18 18 18 15 18 18 20 20 18 21 23 19 19 19 20 19 20 20 20 20 18 24 22 21 20 21 20 21 18 20 22 19 23 23 21 22 23 24 22 18 20 22 18 23 18 23 23 26 21 22 20 23 21 23 24 23 23 21 25 25 24 24 25 25 22 22 22 25 25 25 24 23 27 25 24 25 27 27 25 25 24 30 28 26 30 30 28 30 27 26 24 30 26 29 26 26 26 29 29 30 27 27 29 27 28 27 28 30 30 32 29 25 32 31 26 29 28 31 30 30 32 28 31 32 30 31 29 31 31 31 29 30 35 32 31 30 28 31 31 30 33 34 30 34 30 32 35 29 35 31 35 34 33 32 34 35 33 33 36 36 33 33 32 36 33 32 32 35 35 31 35 35 36 35 35 33 37 36 36 34 35 34 34 38 36 40 37 37 38 37 35 37 38 37 39 34 41 38 40 39 38 38 38 38 36 38 40 38 39 37 40 39 39 36 38 39 38 39 42 36 39 43 37 39 41 40 42 40 42 41 39 40 41 41 42 42 39 44 42 45 45 44 40 41 41 44 44 44 43 43 39 44 43 43 42 41 41 46 43 47 44 45 43 46 46 44 42 43 44 41 47 46 43 43 45 47 45 48 45 45 45 47 42 43 45 43 46 48 46 50 46 48 46 47 47 45 44 48 48 49 50 48 49 49 46 50 49 49 50 50 48 45 46 45 51 50 49 51 51 51 47 49 52 50 47 49 51 52 51 51 49 51 54 51 51 52 50 52 52 54 51 53 52 54 51 52 53 52 55 50 52 53 54 53 55 53 50 54 52 55 55 53 58 54 58 56 55 57 54 57 57 54 55 54 57 56 58 56 55 56 57 58 55 54 57 55 59 58 57 57 57 59 55 55 56 59 56 59 62 57 58 56 57 58 58 55 58 61 58 56 58 61 59 63 57 59 59 56 63 60 62 62 60 62 62 60 62 59 62 62 61 58 61 62 64 60 62 64 61 61 61 61 62 61 65 64 61 60 61 65 60 63 61 62 63 63 67 64 61 63 68 67 66 67 64 64 64 65 64 66 68 66 68 68 62 64 65 68 66 66 65 68 65 68 65 66 69 70 68 66 67 65 67 63 65 68 67 67 70 66 69 70 68 71 66 68 69 65 66 68 70 71 67 68 70 73 69 71 71 70 70 67 70 69 70 66 70 73 72 72 75 71 72 72 72 67 71 71 72 74 74 72 70 73 71 72 73 75 73 72 76 72 72 73 73 72 74 75 73 74 76 78 76 74 75 72 74 74 75 77 77 74 79 79 75 74 75 75 79 74 74 74 74 75 76 74 77 77 76 80 73 78 77 76 77 74 78 76 81 80 76 77 79 76 78 77 78 77 79 80 79 79 79 77 79 78 76 80 80 80 81 80 83 76 81 81 81 82 84 80 81 79 82 83 78 83 82 82 83 81 81 85 83 83 83 80 84 80 83 84 85 81 81 79 83 84 84 82 84 82 83 84 84 86 86 85 82 85 85 85 85 86 85 83 83 87 85 87 85 84 86 86 87 85 83 87 88 86 90 86 90 86 88 87 88 88 86 86 91 84 89 86 85 89 86 88 89 89 93 89 92 88 88 87 89 91 89 90 90 88 90 91 90 86 89 89 92 90 90 91 93 91 87 93 89 93 92 91 93 93 93 90 93 92 93 93 92 92 90 93 93 94 95 90 95 94 94 95 93 94 94 90 94 94 98 95 97 94 95 93 95 93 96 97 95 95 96 94 96 99 96 97 94 96 97 94 100 98 99 97 98 97 97 97 99 96 99 95 98 100 95 97 100 99 97 98 95 99 100 99 100 97 100 98 100 99 100 96 99 100 100 98 100 100 100 100
0: 1 2 6 9 17 24 30 32 (41.0)
1: 5 7 8 13 14 15 16 19 21 22 23 25 (41.0)
2: 4 10 12 20 26 28 44 49 (39.0)
3: 35 36 45 (48.0)
4: 0 3 18 27 31 33 39 40 41 42 43 (39.0)
5: 11 37 46 47 48 51 63 65 66 74 (38.0)
6: 29 34 52 54 55 56 57 60 61 62 69 72 78 (40.0)
7: 38 50 53 68 73 81 85 (41.0)
8: 58 59 77 79 102 118 (44.0)
9: 64 67 70 75 76 80 82 83 84 89 93 101 108 117 124 (41.0)
10: 87 95 96 97 100 111 115 121 (43.0)
11: 71 86 88 90 92 94 98 103 104 105 107 112 113 114 123 128 137 142 143 (42.0)
12: 99 109 110 140 144 149 (41.0)
13: 91 119 120 126 129 136 153 (42.0)
14: 106 139 148 155 158 (41.0)
15: 122 125 127 131 132 133 134 147 150 166 171 177 (40.0)
16: 116 145 151 154 157 159 167 (41.0)
17: 130 135 152 160 162 170 (40.0)
18: 138 141 146 156 163 164 165 168 174 175 176 178 179 182 194 202 213 216 218 (43.0)
19: 172 185 186 187 189 205 (43.0)
20: 161 180 181 188 190 191 192 193 198 200 203 214 224 (47.0)
21: 169 183 197 199 201 208 222 226 231 (43.0)
22: 173 196 204 209 212 215 223 238 239 240 (51.0)
23: 184 206 207 210 217 219 220 225 227 229 230 245 (52.0)
24: 195 211 228 234 235 244 248 254 264 (51.0)
25: 232 233 236 237 241 242 243 247 249 252 253 285 (61.0)
26: 221 257 263 266 268 269 270 288 (46.0)
27: 246 250 251 262 274 275 277 279 (54.0)
28: 256 260 278 280 290 295 310 (48.0)
29: 267 271 272 276 284 289 300 304 321 (51.0)
30: 255 258 259 261 265 273 281 282 292 293 298 305 309 313 316 318 (49.0)
31: 287 291 296 299 301 302 303 308 311 312 323 343 (61.0)
32: 283 286 294 297 307 319 327 336 339 340 (44.0)
33: 314 326 330 331 334 335 338 349 (44.0)
34: 315 317 325 328 353 355 356 369 (45.0)
35: 306 320 322 324 329 341 342 344 345 347 348 354 364 (54.0)
36: 332 333 337 346 351 352 358 378 387 393 (48.0)
37: 350 360 361 363 365 367 383 396 (42.0)
38: 357 362 366 371 374 375 376 377 379 381 388 390 (60.0)
39: 368 373 382 385 386 389 391 394 397 404 410 424 (58.0)
40: 359 372 380 384 399 401 405 416 (61.0)
41: 370 398 403 406 407 417 418 429 430 443 (74.0)
42: 392 400 402 408 409 412 428 440 456 (43.0)
43: 395 422 423 426 427 432 436 441 446 447 457 459 (58.0)
44: 411 415 419 420 421 425 434 439 442 470 (57.0)
45: 413 414 435 448 450 452 453 454 458 469 485 487 (53.0)
46: 431 437 438 445 460 462 464 466 478 486 (52.0)
47: 433 444 449 455 467 468 494 498 (44.0)
48: 451 461 465 471 472 475 484 (48.0)
49: 473 476 477 480 481 490 495 499 504 (58.0)
50: 463 474 479 482 483 489 497 510 523 530 (50.0)
51: 488 491 492 493 500 502 503 505 507 508 514 518 (54.0)
52: 496 501 509 511 512 516 519 521 524 532 (64.0)
53: 515 520 525 527 529 535 (49.0)
54: 506 513 517 526 531 537 542 545 547 557 (61.0)
55: 522 528 533 534 540 546 552 556 559 566 567 579 (49.0)
56: 539 549 551 553 568 570 575 583 591 (60.0)
57: 541 543 544 548 554 558 562 563 564 573 576 588 (69.0)
58: 536 538 550 555 561 574 577 578 580 582 584 605 (75.0)
59: 560 565 569 571 586 589 590 601 (49.0)
60: 593 596 599 609 621 624 (57.0)
61: 581 585 604 606 612 613 614 615 617 620 622 626 632 (61.0)
62: 572 594 595 597 598 600 602 603 607 610 616 627 648 (75.0)
63: 587 592 625 628 629 633 667 (50.0)
64: 608 611 619 631 638 639 640 642 649 (54.0)
65: 618 623 641 650 654 656 658 665 668 681 (46.0)
66: 636 643 645 652 653 659 663 673 678 682 699 (64.0)
67: 630 635 637 664 666 670 671 686 695 709 (65.0)
68: 634 644 646 647 651 655 657 662 669 676 679 683 687 (70.0)
69: 660 674 680 690 697 (52.0)
70: 661 672 675 684 688 693 694 696 698 700 716 (73.0)
71: 677 685 691 692 705 710 711 718 (52.0)
72: 702 703 706 707 708 712 715 719 723 725 726 729 739 (75.0)
73: 689 701 717 720 722 727 728 732 764 (55.0)
74: 713 714 730 733 737 740 741 745 749 753 754 755 756 759 769 (70.0)
75: 704 721 731 738 742 748 750 751 757 (75.0)
76: 724 734 736 758 762 767 771 774 777 790 797 (66.0)
77: 743 744 760 761 766 768 775 779 781 787 (75.0)
78: 735 765 770 778 780 789 808 (75.0)
79: 746 747 752 776 782 784 785 786 788 805 827 (62.0)
80: 763 773 783 791 792 793 795 803 819 821 (56.0)
81: 772 794 798 799 800 804 813 814 825 826 (71.0)
82: 801 806 810 811 831 833 840 (52.0)
83: 796 807 809 812 816 817 818 822 828 834 847 848 858 (74.0)
84: 802 820 823 829 830 832 835 836 853 873 (54.0)
85: 815 824 839 841 842 843 844 846 850 852 857 876 (60.0)
86: 837 838 845 854 855 861 863 865 870 871 875 878 897 (75.0)
87: 849 851 856 859 867 887 906 (75.0)
88: 860 866 868 869 879 885 886 893 (57.0)
89: 874 877 880 881 883 888 890 898 899 908 (75.0)
90: 862 864 891 892 894 896 901 902 915 922 927 935 (74.0)
91: 872 889 895 903 905 911 (75.0)
92: 884 900 910 917 920 921 (75.0)
93: 882 904 907 909 912 913 914 916 918 919 923 924 932 943 945 (70.0)
94: 925 929 930 933 934 936 937 941 951 956 959 (76.0)
95: 926 928 931 939 942 944 948 949 971 974 980 (72.0)
96: 946 950 952 954 957 969 991 (75.0)
97: 940 947 955 958 963 965 966 967 975 978 985 (75.0)
98: 938 961 964 972 979 987 995 (75.0)
99: 953 962 968 970 977 981 983 989 992 (75.0)
100: 960 973 976 982 984 986 988 990 993 994 996 997 998 999 (74.0)
