Name: 100-30-50
Time: 7.637649774551392 
Result: 10
Solution:  0 0 2 3 1 0 2 2 2 0 1 4 1 0 1 1 1 2 0 5 0 0 2 3 2 0 1 3 0 2 2 2 4 0 5 3 4 2 4 4 4 5 2 7 3 5 6 5 6 6 6 3 6 4 9 8 2 8 6 8 8 5 4 5 6 5 7 9 7 10 6 8 7 9 8 9 8 8 8 10 9 9 6 9 6 7 9 7 10 6 10 10 10 10 8 10 10 10 6 7
0: 0 1 5 9 13 18 20 21 25 28 33 (43.0)
1: 4 10 12 14 15 16 26 (38.0)
2: 2 6 7 8 17 22 24 29 30 31 37 42 56 (37.0)
3: 3 23 27 35 44 51 (39.0)
4: 11 32 36 38 39 40 53 62 (39.0)
5: 19 34 41 45 47 61 63 65 (39.0)
6: 46 48 49 50 52 58 64 70 82 84 89 98 (40.0)
7: 43 66 68 72 85 87 99 (37.0)
8: 55 57 59 60 71 74 76 77 78 94 (43.0)
9: 54 67 73 75 80 81 83 86 (44.0)
10: 69 79 88 90 91 92 93 95 96 97 (47.0)
