Name: 100-40-75
Time: 3.7228689193725586 
Result: 16
Solution:  0 0 3 1 1 2 0 1 0 1 2 4 0 0 0 0 0 2 3 0 1 2 2 1 2 0 2 3 4 3 1 3 3 2 3 1 5 1 6 3 4 4 5 5 4 5 5 2 2 4 6 3 4 1 4 4 8 6 5 8 4 5 9 6 8 7 9 5 7 10 7 3 8 8 7 9 8 4 10 8 7 6 8 5 7 10 7 9 7 10 10 10 10 9 9 10 10 6 8 8
0: 0 1 6 8 12 13 14 15 16 19 25 (51.0)
1: 3 4 7 9 20 23 30 35 37 53 (55.0)
2: 5 10 17 21 22 24 26 33 47 48 (59.0)
3: 2 18 27 29 31 32 34 39 51 71 (65.0)
4: 11 28 40 41 44 49 52 54 55 60 77 (63.0)
5: 36 42 43 45 46 58 61 67 83 (61.0)
6: 38 50 57 63 81 97 (67.0)
7: 65 68 70 74 80 84 86 88 (63.0)
8: 56 59 64 72 73 76 79 82 98 99 (66.0)
9: 62 66 75 87 93 94 (57.0)
10: 69 78 85 89 90 91 92 95 96 (61.0)
