Name: 1000-50-100
Time: 53.65526628494263 
Result: 51
Solution:  0 1 0 0 0 1 0 0 0 3 1 1 2 2 0 0 2 2 3 3 5 0 0 2 2 2 1 1 3 0 6 0 2 3 4 5 3 5 5 5 0 6 6 3 7 4 6 3 5 3 3 2 4 5 4 6 5 5 7 6 7 6 6 6 10 6 7 10 9 6 8 7 10 11 10 9 11 6 6 8 10 12 10 10 10 10 8 7 10 10 9 13 14 10 10 10 13 10 13 9 8 10 10 9 8 11 8 8 13 10 13 15 13 10 11 12 10 12 12 11 15 12 17 11 14 13 15 13 14 13 13 13 14 15 14 13 14 13 11 12 12 15 18 13 15 15 16 18 15 13 16 19 17 17 14 16 13 15 16 16 17 17 18 20 17 18 18 18 17 16 18 17 21 21 18 16 19 18 19 17 19 18 23 16 20 16 18 18 18 21 20 20 23 22 18 19 22 20 21 21 19 18 21 21 23 20 23 21 22 19 23 23 22 22 18 19 20 20 26 18 24 23 25 22 23 23 24 21 23 22 24 28 26 24 24 27 27 22 25 23 24 25 24 26 25 25 26 25 25 28 27 27 27 26 26 27 26 25 26 26 24 29 27 27 25 29 30 29 29 26 24 29 27 30 26 28 30 28 28 29 28 28 31 31 32 26 29 26 29 29 32 32 28 29 28 31 28 29 29 32 31 34 33 29 30 30 30 33 30 30 34 31 33 32 30 35 32 28 30 32 34 31 33 35 32 37 34 34 34 31 36 31 35 35 33 33 34 31 37 35 33 36 34 36 35 35 37 33 35 35 36 36 37 34 36 36 39 34 32 34 39 37 35 36 41 37 39 38 36 37 39 38 35 38 38 37 38 41 39 37 40 36 35 38 36 41 39 37 40 39 42 38 39 43 42 40 42 39 38 43 45 43 41 42 40 41 38 40 40 39 39 44 41 42 40 43 42 43 40 42 45 43 43 39 44 44 46 43 43 46 44 44 45 44 44 42 43 41 44 42 45 45 45 44 44 46 47 48 43 47 47 46 47 46 46 48 44 47 49 44 44 46 49 44 50 46 45 46 48 50 51 46 48 50 48 46 47 49 52 47 52 48 50 48 50 50 49 47 48 50 53 46 48 50 48 51 51 49 49 48 51 51 51 51 51 55 52 49 53 52 53 52 54 51 55 54 48 49 51 52 54 54 53 53 54 54 56 52 50 53 54 52 52 55 54 53 55 55 54 55 53 53 54 56 55 56 57 56 52 58 59 60 56 55 56 56 56 55 59 56 55 57 57 57 59 57 58 60 56 54 58 57 55 61 59 59 55 58 55 62 62 57 60 62 55 59 63 57 60 59 57 61 60 57 61 60 60 64 61 58 61 62 61 62 58 61 63 62 62 64 60 61 62 60 59 62 64 62 61 60 59 62 63 61 66 61 62 64 64 62 64 65 62 67 67 63 66 62 68 66 63 63 64 66 65 66 63 63 62 65 66 66 66 69 69 63 65 67 65 70 64 65 64 66 64 64 66 68 64 69 65 66 67 64 64 70 67 67 68 66 68 67 69 70 69 69 72 68 70 69 70 70 72 71 70 71 71 73 71 71 71 70 70 72 72 69 69 69 72 68 76 73 75 74 71 73 71 68 74 74 72 73 72 72 69 75 71 73 72 74 70 72 71 75 72 75 74 73 75 70 78 76 73 76 76 74 78 78 74 75 74 76 75 75 77 73 75 79 79 78 77 74 80 79 75 76 79 77 79 78 76 76 77 80 77 78 81 80 78 77 77 79 78 79 83 76 76 79 76 78 77 79 77 79 80 80 81 79 77 79 82 80 82 82 82 81 80 78 79 83 81 82 80 85 78 84 80 85 82 80 83 83 83 85 85 86 85 84 83 83 83 85 84 86 84 84 86 81 86 84 85 85 89 85 83 82 85 85 86 82 84 89 85 87 84 87 89 84 82 86 88 87 86 87 91 88 90 90 85 88 90 87 91 87 86 89 89 86 90 86 89 89 87 88 88 89 86 88 90 87 86 90 88 91 92 91 91 90 90 90 89 92 89 93 90 89 91 91 88 88 93 94 92 92 90 91 94 89 93 91 95 93 95 93 92 96 91 93 93 94 98 91 94 93 95 92 92 98 91 92 92 95 93 95 94 95 96 94 96 93 98 96 95 98 99 96 94 95 92 99 94 97 96 98 99 98 97 97 98 95 100 98 97 97 95 97 99 98 97 100 99 96 99 99 99 100 97 95 99 99 99 97 100 100 96 98 100 100 99 100
0: 0 2 3 4 6 7 8 14 15 21 22 29 31 40 (50.0)
1: 1 5 10 11 26 27 (51.0)
2: 12 13 16 17 23 24 25 32 51 (55.0)
3: 9 18 19 28 33 36 43 47 49 50 (54.0)
4: 34 45 52 54 (56.0)
5: 20 35 37 38 39 48 53 56 57 (51.0)
6: 30 41 42 46 55 59 61 62 63 65 69 77 78 (52.0)
7: 44 58 60 66 71 87 (53.0)
8: 70 79 86 100 104 106 107 (53.0)
9: 68 75 90 99 103 (50.0)
10: 64 67 72 74 80 82 83 84 85 88 89 93 94 95 97 101 102 109 113 116 (50.0)
11: 73 76 105 114 119 123 138 (51.0)
12: 81 115 117 118 121 139 140 (68.0)
13: 91 96 98 108 110 112 125 127 129 130 131 135 137 143 149 156 (50.0)
14: 92 124 128 132 134 136 154 (53.0)
15: 111 120 126 133 141 144 145 148 157 (54.0)
16: 146 150 155 158 159 169 175 183 185 (53.0)
17: 122 152 153 160 161 164 168 171 179 (54.0)
18: 142 147 162 165 166 167 170 174 177 181 186 187 188 194 201 214 219 (51.0)
19: 151 176 178 180 195 200 209 215 (55.0)
20: 163 184 190 191 197 205 216 217 (59.0)
21: 172 173 189 198 199 202 203 207 227 (55.0)
22: 193 196 208 212 213 223 229 237 (59.0)
23: 182 192 204 206 210 211 221 224 225 228 239 (68.0)
24: 220 226 230 233 234 240 242 260 270 (71.0)
25: 222 238 241 244 245 247 248 257 264 (58.0)
26: 218 232 243 246 253 254 256 258 259 269 274 285 287 (67.0)
27: 235 236 250 251 252 255 262 263 272 (63.0)
28: 231 249 275 277 278 280 281 292 294 296 317 (56.0)
29: 261 265 267 268 271 279 286 288 289 293 297 298 303 (61.0)
30: 266 273 276 304 305 306 308 309 314 318 (66.0)
31: 282 283 295 300 311 321 329 331 337 (62.0)
32: 284 290 291 299 313 316 319 324 358 (73.0)
33: 302 307 312 322 334 335 340 347 (66.0)
34: 301 310 320 326 327 328 336 342 353 357 359 (100.0)
35: 315 323 332 333 339 344 345 348 349 362 372 382 (72.0)
36: 330 341 343 350 351 354 355 363 368 381 384 (63.0)
37: 325 338 346 352 361 365 369 375 379 387 (64.0)
38: 367 371 373 374 376 383 391 398 406 (59.0)
39: 356 360 366 370 378 386 389 392 397 409 410 423 (93.0)
40: 380 388 395 404 407 408 414 418 (69.0)
41: 364 377 385 402 405 412 437 (67.0)
42: 390 394 396 403 413 416 419 435 439 (75.0)
43: 393 399 401 415 417 421 422 427 428 436 448 (60.0)
44: 411 424 425 430 431 433 434 438 443 444 456 459 460 463 (67.0)
45: 400 420 432 440 441 442 466 (61.0)
46: 426 429 445 451 453 454 461 465 467 471 475 491 (97.0)
47: 446 449 450 452 457 476 479 487 (76.0)
48: 447 455 468 472 474 481 483 488 492 494 499 516 (81.0)
49: 458 462 477 486 497 498 507 517 (89.0)
50: 464 469 473 482 484 485 489 493 528 (57.0)
51: 470 495 496 500 501 502 503 504 513 518 (72.0)
52: 478 480 506 509 511 519 527 531 532 548 (77.0)
53: 490 508 510 522 523 529 535 540 541 (88.0)
54: 512 515 520 521 524 525 530 534 538 542 569 (70.0)
55: 505 514 533 536 537 539 544 553 557 560 572 576 578 584 (91.0)
56: 526 543 545 547 552 554 555 556 559 568 (98.0)
57: 546 561 562 563 565 571 581 587 590 593 (88.0)
58: 549 566 570 577 599 604 (62.0)
59: 550 558 564 574 575 585 589 614 620 (79.0)
60: 551 567 582 588 592 595 596 610 613 619 (91.0)
61: 573 591 594 598 600 602 605 611 618 623 625 (100.0)
62: 579 580 583 601 603 607 608 612 615 617 621 626 629 632 637 648 (100.0)
63: 586 606 622 635 640 641 646 647 655 (79.0)
64: 597 609 616 627 628 630 642 660 662 664 665 668 673 674 (90.0)
65: 631 644 649 656 658 661 670 (63.0)
66: 624 636 639 643 645 650 651 652 663 666 671 679 (80.0)
67: 633 634 657 672 676 677 681 (61.0)
68: 638 667 678 680 687 709 717 (72.0)
69: 653 654 669 682 684 685 689 705 706 707 724 (99.0)
70: 659 675 683 688 690 691 694 701 702 730 739 (94.0)
71: 693 695 696 698 699 700 714 716 726 732 (80.0)
72: 686 692 703 704 708 720 722 723 728 731 734 (100.0)
73: 697 711 715 721 727 737 742 755 (75.0)
74: 713 718 719 729 736 745 748 750 761 (100.0)
75: 712 725 733 735 738 749 752 753 756 764 (97.0)
76: 710 741 743 744 751 765 770 771 785 786 788 (91.0)
77: 754 760 767 772 774 779 780 790 792 798 (100.0)
78: 740 746 747 759 769 775 778 782 789 807 814 (83.0)
79: 757 758 763 766 768 781 783 787 791 793 797 799 808 (100.0)
80: 762 773 777 794 795 801 806 812 816 819 (100.0)
81: 776 796 805 810 837 (68.0)
82: 800 802 803 804 811 818 845 849 858 (83.0)
83: 784 809 820 821 822 828 829 830 844 (89.0)
84: 815 827 832 834 835 839 850 854 857 (100.0)
85: 813 817 823 824 826 831 840 841 843 846 847 852 868 (87.0)
86: 825 833 836 838 848 859 862 874 877 879 886 890 (101.0)
87: 853 855 861 863 871 873 882 889 (100.0)
88: 860 865 869 883 884 887 892 908 909 (101.0)
89: 842 851 856 875 876 880 881 885 900 902 905 917 (100.0)
90: 866 867 870 878 888 891 897 898 899 904 914 (100.0)
91: 864 872 893 895 896 906 907 915 919 926 931 938 (99.0)
92: 894 901 912 913 924 935 936 939 940 958 (86.0)
93: 903 910 918 921 923 927 928 933 942 949 (100.0)
94: 911 916 929 932 944 947 956 960 (83.0)
95: 920 922 934 941 943 945 952 957 969 974 987 (101.0)
96: 925 946 948 951 955 962 981 994 (100.0)
97: 961 966 967 972 973 975 978 986 991 (100.0)
98: 930 937 950 953 963 965 968 971 977 995 (100.0)
99: 954 959 964 976 980 982 983 984 988 989 990 998 (96.0)
100: 970 979 985 992 993 996 997 999 (81.0)
