Name: 1000-30-50
Time: 26.359736442565918 
Result: 2021
Solution:  0 0 1 1 2 3 1 0 0 3 1 1 1 1 0 1 3 1 2 2 3 1 4 0 1 6 4 5 3 6 1 3 2 4 1 6 3 4 4 7 4 3 3 6 5 5 8 4 4 4 3 8 3 6 2 6 2 5 6 6 2 6 8 7 7 4 8 6 3 7 4 4 6 10 10 8 11 10 9 7 4 9 10 7 7 9 10 13 10 8 11 10 8 10 11 10 10 10 10 12 11 11 11 14 11 9 9 10 11 12 13 12 11 13 12 13 15 13 11 10 12 12 10 14 13 12 13 15 15 14 12 17 13 16 10 16 16 11 14 14 16 14 11 14 16 13 15 14 14 17 16 17 17 16 19 15 15 17 14 16 17 20 17 18 16 16 19 18 17 17 15 17 22 17 20 18 20 17 19 19 17 23 20 21 23 17 19 19 17 18 21 18 20 20 19 20 22 21 21 20 22 20 20 19 23 25 21 21 19 19 23 21 21 19 22 22 19 19 20 22 21 23 22 23 25 24 20 23 20 24 24 23 22 25 25 23 25 24 26 25 25 21 25 25 24 24 25 25 21 25 26 25 27 29 26 26 27 28 27 26 30 25 27 26 27 27 28 28 27 26 28 28 28 31 32 28 26 25 27 30 29 31 29 32 30 26 31 26 29 28 32 30 29 31 31 31 32 29 29 30 27 32 35 28 31 30 28 33 34 32 32 34 33 32 31 32 31 32 33 30 31 35 29 33 30 34 37 35 31 33 31 34 34 33 34 35 36 31 34 33 36 34 36 32 34 33 32 34 37 33 36 39 34 35 36 37 39 37 36 37 37 36 35 38 39 37 35 39 38 35 38 36 41 41 38 38 38 42 41 38 38 39 37 39 43 39 35 40 35 38 41 40 41 42 42 40 41 39 42 40 41 39 41 43 44 41 39 43 44 39 40 41 45 38 43 42 43 41 40 40 43 45 46 45 41 46 42 40 45 45 45 44 43 42 43 46 46 40 42 44 48 44 43 46 44 44 46 45 46 44 45 42 48 48 48 45 47 45 46 45 47 51 45 47 48 44 51 46 49 47 47 46 47 48 49 48 51 48 47 49 45 50 47 50 51 51 48 49 50 50 48 51 52 52 49 49 53 50 51 50 51 53 51 51 50 49 47 52 48 55 54 54 54 51 56 49 53 54 53 52 52 56 55 53 53 49 52 54 53 51 53 50 54 52 53 55 54 56 54 51 55 54 54 53 54 55 52 57 52 52 57 57 55 56 55 54 57 55 58 58 56 60 55 53 57 54 55 57 54 55 59 60 59 61 56 55 55 57 56 59 56 58 58 60 59 59 60 58 59 60 62 62 61 58 64 59 60 60 59 57 63 63 61 57 61 61 60 62 61 61 60 61 64 62 61 62 60 63 60 63 63 65 63 66 65 62 65 63 67 64 64 65 64 67 64 65 62 66 62 62 62 64 65 63 65 68 66 66 66 64 65 67 65 68 67 63 69 66 67 65 67 69 70 68 69 66 67 67 65 65 68 70 70 67 69 66 68 68 66 67 67 66 68 71 67 66 69 69 70 69 71 68 73 73 69 71 66 70 70 68 70 73 69 71 75 71 71 69 72 73 72 74 70 71 71 70 70 72 71 73 71 74 72 69 72 72 71 72 72 74 72 72 76 71 74 77 73 75 74 75 73 77 78 76 77 75 75 75 75 76 77 72 78 76 79 74 76 76 75 75 77 75 79 79 81 73 78 77 74 76 78 78 78 76 77 81 79 76 77 77 81 75 78 77 79 81 77 79 82 81 81 79 81 80 81 80 79 80 80 83 80 81 79 81 81 79 79 82 84 82 82 78 83 80 82 82 82 84 85 83 82 87 80 83 84 81 81 83 84 84 88 85 87 85 84 83 81 84 84 85 82 85 86 85 87 89 87 86 86 86 83 86 86 87 87 82 85 89 86 88 90 89 87 86 87 85 85 85 90 85 88 90 88 86 85 86 87 87 86 86 92 86 90 88 91 89 89 92 89 88 87 90 88 90 90 88 89 88 93 90 91 89 93 90 91 88 94 91 92 91 90 93 94 92 92 92 94 93 90 92 95 95 93 93 94 91 93 95 93 96 96 96 91 91 93 93 94 97 96 94 92 98 95 97 94 94 95 93 93 96 94 94 94 94 100 95 97 95 99 99 97 94 94 95 94 96 95 96 96 96 98 95 98 98 100 96 99 98 97 97 98 100 100 97 100 99 100 99 99 97 100 98 100 100 99 99 99 100 100 98
0: 0 1 7 8 14 23 (31.0)
1: 2 3 6 10 11 12 13 15 17 21 24 30 34 (30.0)
2: 4 18 19 32 54 56 60 (31.0)
3: 5 9 16 20 28 31 36 41 42 50 52 68 (30.0)
4: 22 26 33 37 38 40 47 48 49 65 70 71 80 (30.0)
5: 27 44 45 57 (33.0)
6: 25 29 35 43 53 55 58 59 61 67 72 (30.0)
7: 39 63 64 69 79 83 84 (31.0)
8: 46 51 62 66 75 89 92 (31.0)
9: 78 81 85 105 106 (31.0)
10: 73 74 77 82 86 88 91 93 95 96 97 98 107 119 122 134 (33.0)
11: 76 90 94 100 101 102 104 108 112 118 137 142 (34.0)
12: 99 109 111 114 120 121 125 130 (33.0)
13: 87 110 113 115 117 124 126 132 145 (36.0)
14: 103 123 129 138 139 141 143 147 148 158 (35.0)
15: 116 127 128 146 155 156 170 (33.0)
16: 133 135 136 140 144 150 153 159 164 165 (31.0)
17: 131 149 151 152 157 160 162 168 169 171 173 177 180 185 188 (31.0)
18: 163 167 175 189 191 (33.0)
19: 154 166 178 179 186 187 194 203 208 209 213 216 217 (33.0)
20: 161 174 176 182 192 193 195 199 201 202 218 226 228 (39.0)
21: 183 190 197 198 206 207 211 212 220 241 248 (37.0)
22: 172 196 200 214 215 219 222 232 (34.0)
23: 181 184 204 210 221 223 227 231 235 (33.0)
24: 225 229 230 237 244 245 (35.0)
25: 205 224 233 234 236 239 240 242 243 246 247 249 251 261 277 (34.0)
26: 238 250 254 255 259 263 269 276 285 287 (36.0)
27: 252 256 258 262 264 265 268 278 300 (34.0)
28: 257 266 267 270 271 272 275 289 303 306 (33.0)
29: 253 280 282 288 292 297 298 322 (35.0)
30: 260 279 284 291 299 305 319 324 (46.0)
31: 273 281 286 293 294 295 304 314 316 320 328 330 337 (42.0)
32: 274 283 290 296 301 309 310 313 315 317 343 346 (38.0)
33: 307 312 318 323 329 333 339 345 349 (36.0)
34: 308 311 325 331 332 334 338 341 344 347 352 (37.0)
35: 302 321 327 335 353 362 366 369 386 388 (33.0)
36: 336 340 342 350 354 358 361 371 (38.0)
37: 326 348 355 357 359 360 365 382 (31.0)
38: 363 368 370 374 375 376 379 380 389 413 (32.0)
39: 351 356 364 367 381 383 385 397 401 406 409 (34.0)
40: 387 391 395 399 410 418 419 427 437 (42.0)
41: 372 373 378 390 392 396 400 402 405 411 417 424 (36.0)
42: 377 393 394 398 415 426 433 438 451 (34.0)
43: 384 403 407 414 416 420 432 434 442 (41.0)
44: 404 408 431 439 441 444 445 449 465 (41.0)
45: 412 421 423 428 429 430 447 450 455 457 459 462 480 (44.0)
46: 422 425 435 436 443 446 448 458 467 471 (39.0)
47: 456 460 463 469 470 472 478 482 506 (45.0)
48: 440 452 453 454 464 473 475 477 486 490 508 (48.0)
49: 468 474 479 487 494 495 505 515 525 (40.0)
50: 481 483 488 489 497 499 504 531 (42.0)
51: 461 466 476 484 485 491 498 500 502 503 513 529 539 (43.0)
52: 492 493 507 519 520 526 533 546 548 549 (32.0)
53: 496 501 516 518 523 524 528 530 534 543 563 (37.0)
54: 510 511 512 517 527 532 536 538 541 542 544 555 565 568 (49.0)
55: 509 522 535 540 545 552 554 557 562 566 569 575 576 (50.0)
56: 514 521 537 553 560 574 578 580 (35.0)
57: 547 550 551 556 564 567 577 599 603 (39.0)
58: 558 559 581 582 587 593 (34.0)
59: 570 572 579 584 585 588 595 598 (36.0)
60: 561 571 583 586 589 596 597 606 610 616 618 (41.0)
61: 573 592 602 604 605 608 609 611 614 (43.0)
62: 590 591 607 613 615 625 636 638 639 640 (39.0)
63: 600 601 617 619 620 622 627 643 655 (38.0)
64: 594 612 629 630 632 634 641 649 (43.0)
65: 621 624 626 631 635 642 644 650 652 659 668 669 (43.0)
66: 623 637 646 647 648 657 665 675 678 681 685 696 (41.0)
67: 628 633 651 654 658 660 666 667 673 679 680 684 (48.0)
68: 645 653 663 670 676 677 682 691 699 (42.0)
69: 656 661 664 674 686 687 689 694 702 707 723 (44.0)
70: 662 671 672 688 697 698 700 712 715 716 (37.0)
71: 683 690 695 703 705 706 713 714 718 720 726 733 (50.0)
72: 708 710 717 722 724 725 727 728 730 731 751 (42.0)
73: 692 693 701 709 719 736 740 765 (50.0)
74: 711 721 729 734 738 755 768 (39.0)
75: 704 737 739 745 746 747 748 758 759 761 781 (45.0)
76: 732 743 749 753 756 757 769 773 777 (50.0)
77: 735 741 744 750 760 767 774 778 779 783 786 (50.0)
78: 742 752 766 770 771 772 782 811 (42.0)
79: 754 762 763 776 784 787 791 796 802 805 806 (42.0)
80: 793 795 797 798 800 813 822 (38.0)
81: 764 775 780 785 789 790 792 794 801 803 804 825 826 836 (50.0)
82: 788 807 809 810 814 815 816 820 840 855 (50.0)
83: 799 812 819 823 827 835 850 (50.0)
84: 808 817 824 828 829 834 837 838 (38.0)
85: 818 831 833 839 841 843 856 865 866 867 869 874 (44.0)
86: 842 847 848 849 851 852 858 863 873 875 878 879 881 (50.0)
87: 821 832 844 846 853 854 862 864 876 877 890 (42.0)
88: 830 859 870 872 883 889 892 895 897 905 (49.0)
89: 845 857 861 885 886 888 896 901 (51.0)
90: 860 868 871 882 891 893 894 899 903 910 918 (51.0)
91: 884 900 904 907 909 925 932 933 (50.0)
92: 880 887 908 913 914 915 919 940 (50.0)
93: 898 902 911 917 922 923 926 928 934 935 947 948 (48.0)
94: 906 912 916 924 936 939 944 945 950 951 952 953 961 962 964 (50.0)
95: 920 921 927 942 946 955 957 963 966 971 (48.0)
96: 929 930 931 938 949 965 967 968 969 975 (50.0)
97: 937 943 956 960 978 979 983 989 (43.0)
98: 941 970 972 973 977 980 991 999 (50.0)
99: 958 959 976 985 987 988 994 995 996 (48.0)
100: 954 974 981 982 984 986 990 992 993 997 998 (49.0)
