Name: 100-60-125
Time: 3.4428725242614746 
Result: 19
Solution:  0 3 0 0 0 1 1 0 1 1 0 2 1 0 1 1 1 3 2 4 3 4 2 4 0 1 1 2 3 2 2 2 1 7 3 1 0 3 2 5 3 0 2 7 3 4 2 5 1 4 6 5 5 7 5 7 4 8 3 7 5 5 6 7 8 5 5 6 9 7 4 5 6 9 6 5 8 4 7 8 8 9 6 10 8 8 6 8 9 9 10 7 6 9 8 10 8 8 10 10
0: 0 2 3 4 7 10 13 24 36 41 (94.0)
1: 5 6 8 9 12 14 15 16 25 26 32 35 48 (89.0)
2: 11 18 22 27 29 30 31 38 42 46 (91.0)
3: 1 17 20 28 34 37 40 44 58 (81.0)
4: 19 21 23 45 49 56 70 77 (100.0)
5: 39 47 51 52 54 60 61 65 66 71 75 (85.0)
6: 50 62 67 72 74 82 86 92 (92.0)
7: 33 43 53 55 59 63 69 78 91 (96.0)
8: 57 64 76 79 80 84 85 87 94 96 97 (100.0)
9: 68 73 81 88 89 93 (89.0)
10: 83 90 95 98 99 (81.0)
