Name: 100-40-75
Time: 7.737318515777588 
Result: 6
Solution:  0 2 1 0 2 0 0 0 2 1 0 0 0 4 0 2 0 3 2 4 2 2 2 2 1 0 2 5 7 5 1 3 6 5 3 2 3 2 6 6 2 4 3 5 4 1 5 1 6 4 6 4 8 1 4 7 4 5 5 8 4 5 9 6 7 4 8 7 4 3 6 3 8 8 8 10 5 10 7 8 6 10 5 5 6 9 9 9 7 9 10 9 10 10 6 10 10 10 10 9
0: 0 3 5 6 7 10 11 12 14 16 25 (60.0)
1: 2 9 24 30 45 47 53 (58.0)
2: 1 4 8 15 18 20 21 22 23 26 35 37 40 (58.0)
3: 17 31 34 36 42 69 71 (61.0)
4: 13 19 41 44 49 51 54 56 60 65 68 (60.0)
5: 27 29 33 43 46 57 58 61 76 82 83 (64.0)
6: 32 38 39 48 50 63 70 80 84 94 (63.0)
7: 28 55 64 67 78 88 (58.0)
8: 52 59 66 72 73 74 79 (59.0)
9: 62 85 86 87 89 91 99 (63.0)
10: 75 77 81 90 92 93 95 96 97 98 (64.0)
