Name: 1000-20-30
Time: 55.41025733947754 
Result: 12
Solution:  0 0 1 0 0 0 1 3 4 4 0 1 1 0 1 2 2 2 2 1 1 2 2 1 1 0 2 1 1 1 1 4 4 5 5 2 4 6 1 5 3 5 3 2 5 5 8 5 4 5 5 5 5 3 3 6 6 7 6 6 6 5 3 6 11 11 5 9 8 9 5 7 7 5 8 9 8 7 10 8 7 9 8 6 6 8 11 8 9 6 7 10 8 8 12 14 13 13 9 11 12 10 11 9 11 12 15 13 10 13 14 12 11 13 11 11 8 12 11 12 15 14 14 13 13 12 11 13 10 12 16 16 14 14 12 15 15 13 13 11 14 13 13 16 11 15 14 13 17 17 16 13 18 18 17 20 16 17 12 15 16 15 18 15 17 17 17 18 15 17 20 21 20 20 19 17 20 19 19 18 17 23 20 20 21 23 20 20 17 18 19 23 20 20 20 19 20 20 20 22 17 23 21 22 20 22 20 22 21 21 24 18 24 23 23 22 21 24 21 24 22 21 26 23 24 24 24 23 21 23 25 24 24 23 25 24 24 23 23 23 24 26 25 25 24 28 22 25 24 27 26 24 24 26 24 26 26 22 30 29 26 27 26 28 31 27 27 27 27 26 32 27 28 31 24 27 25 25 28 26 27 33 28 31 32 32 29 31 27 28 30 28 29 28 29 32 32 32 31 30 32 29 30 31 33 31 31 32 27 29 36 33 32 29 31 31 32 32 31 29 34 36 31 31 34 33 33 34 33 34 35 31 32 31 37 32 32 30 36 33 35 34 35 31 39 32 34 35 33 34 40 36 39 33 33 35 35 38 38 34 38 37 37 38 37 36 34 41 36 37 39 38 38 38 38 36 38 38 37 38 40 41 36 35 39 39 37 39 39 37 38 38 41 37 40 41 42 42 38 40 39 43 41 42 43 40 44 44 42 40 43 40 41 46 42 43 44 42 41 43 41 45 47 42 45 44 46 45 42 41 44 44 46 42 47 44 42 41 43 43 46 43 47 41 44 47 46 46 46 44 45 44 47 46 48 45 45 42 47 44 45 46 46 47 49 46 47 47 44 51 50 50 50 49 49 49 47 49 48 48 47 49 48 51 47 49 49 50 49 48 48 54 50 50 51 50 52 49 49 51 52 55 53 53 53 51 51 51 51 49 53 55 52 52 51 51 50 49 50 49 55 54 51 54 54 55 54 53 50 54 56 53 54 54 53 52 53 54 55 54 57 55 56 58 54 53 56 55 53 52 54 52 56 56 56 56 59 55 53 58 58 56 55 56 60 55 61 57 57 57 58 58 59 57 55 56 59 59 59 59 58 61 61 61 58 59 61 56 61 62 57 58 61 60 57 60 60 61 60 61 60 59 59 60 63 60 63 64 60 64 62 59 61 59 62 65 62 61 63 65 62 65 65 61 64 63 64 64 65 65 65 60 65 66 66 64 65 65 61 63 63 65 65 63 61 66 68 66 65 67 66 66 66 66 62 66 68 64 67 64 69 67 68 67 64 68 66 69 66 67 68 70 68 68 68 69 66 70 72 66 67 67 69 69 67 70 72 67 69 69 67 70 72 70 69 72 70 68 69 71 70 74 72 75 68 69 70 70 71 68 71 72 71 76 73 74 71 71 71 70 72 70 73 73 74 75 73 71 72 75 74 75 70 73 73 75 73 73 71 74 75 73 74 78 74 77 75 74 75 77 77 74 80 75 78 75 80 76 78 76 77 73 75 81 78 76 78 75 76 78 79 74 78 75 76 82 76 80 79 81 78 80 76 77 79 81 77 78 80 79 81 81 82 81 80 81 80 79 77 83 80 81 79 82 78 79 79 78 81 82 83 82 84 83 82 80 83 82 78 82 79 81 83 84 79 86 80 81 87 82 88 83 83 85 86 83 83 85 86 83 84 85 85 87 84 86 85 87 82 85 84 85 87 87 83 84 86 84 85 83 84 89 86 89 86 90 87 86 89 87 88 90 91 88 88 87 85 89 92 87 88 89 89 89 87 90 87 90 89 87 90 90 91 90 88 90 88 91 86 89 93 95 93 91 90 91 90 91 92 91 95 89 95 92 94 91 89 92 92 89 94 91 90 92 93 93 90 95 92 95 93 90 93 93 94 93 96 90 94 93 97 96 96 97 96 95 95 96 94 95 98 98 94 92 95 96 99 95 96 93 97 98 94 99 99 96 96 100 96 98 95 97 97 98 99 98 100 97 95 98 98 100 100 100 100 99 95 99 99 97 99 99 100 100 100 100 100 100 100 100
0: 0 1 3 4 5 10 13 25 (21.0)
1: 2 6 11 12 14 19 20 23 24 27 28 29 30 38 (20.0)
2: 15 16 17 18 21 22 26 35 43 (21.0)
3: 7 40 42 53 54 62 (20.0)
4: 8 9 31 32 36 48 (21.0)
5: 33 34 39 41 44 45 47 49 50 51 52 61 66 70 73 (22.0)
6: 37 55 56 58 59 60 63 83 84 89 (20.0)
7: 57 71 72 77 80 90 (20.0)
8: 46 68 74 76 79 82 85 87 92 93 116 (20.0)
9: 67 69 75 81 88 98 103 (20.0)
10: 78 91 101 108 128 (20.0)
11: 64 65 86 99 102 104 112 114 115 118 126 139 144 (19.0)
12: 94 100 105 111 117 119 125 129 134 158 (20.0)
13: 96 97 107 109 113 123 124 127 137 138 141 142 147 151 (20.0)
14: 95 110 121 122 132 133 140 146 (24.0)
15: 106 120 135 136 145 159 161 163 168 (21.0)
16: 130 131 143 150 156 160 (24.0)
17: 148 149 154 157 164 165 166 169 175 180 188 200 (24.0)
18: 152 153 162 167 179 189 211 (20.0)
19: 174 177 178 190 195 (20.0)
20: 155 170 172 173 176 182 183 186 187 192 193 194 196 197 198 204 206 (21.0)
21: 171 184 202 208 209 216 218 221 228 (26.0)
22: 199 203 205 207 215 220 246 257 (20.0)
23: 181 185 191 201 213 214 223 227 229 233 237 238 239 (22.0)
24: 210 212 217 219 224 225 226 231 232 235 236 240 244 248 251 252 254 274 (24.0)
25: 230 234 242 243 247 276 277 (22.0)
26: 222 241 250 253 255 256 260 262 269 279 (21.0)
27: 249 261 265 266 267 268 271 275 280 288 308 (27.0)
28: 245 263 272 278 282 289 291 293 (25.0)
29: 259 286 292 294 301 309 313 319 (28.0)
30: 258 290 299 302 337 (20.0)
31: 264 273 283 287 298 303 305 306 314 315 318 322 323 331 333 343 (23.0)
32: 270 284 285 295 296 297 300 307 312 316 317 332 335 336 345 (23.0)
33: 281 304 311 325 326 328 339 348 353 354 (21.0)
34: 320 324 327 329 341 346 349 359 366 (20.0)
35: 330 340 342 347 355 356 383 (24.0)
36: 310 321 338 351 365 368 375 382 (23.0)
37: 334 361 362 364 369 378 386 389 393 (26.0)
38: 357 358 360 363 371 372 373 374 376 377 379 390 391 398 (27.0)
39: 344 352 370 384 385 387 388 400 (21.0)
40: 350 380 394 399 405 409 411 (22.0)
41: 367 381 392 395 402 412 418 420 429 437 443 (26.0)
42: 396 397 403 408 414 417 423 428 433 436 457 (22.0)
43: 401 404 410 415 419 438 439 441 (26.0)
44: 406 407 416 425 430 431 435 444 449 451 459 468 (25.0)
45: 421 424 427 450 455 456 460 (24.0)
46: 413 426 432 440 446 447 448 453 461 462 465 (28.0)
47: 422 434 442 445 452 458 463 466 467 476 480 484 (25.0)
48: 454 478 479 482 489 490 (23.0)
49: 464 473 474 475 477 481 485 486 488 497 498 509 517 519 (23.0)
50: 470 471 472 487 492 493 495 516 518 528 (25.0)
51: 469 483 494 499 505 506 507 508 514 515 522 (24.0)
52: 496 500 512 513 535 549 551 (23.0)
53: 502 503 504 510 527 531 534 536 545 548 558 (27.0)
54: 491 521 523 524 526 529 532 533 537 539 544 550 (30.0)
55: 501 511 520 525 538 541 547 557 562 565 574 (25.0)
56: 530 542 546 552 553 554 555 561 563 575 587 (25.0)
57: 540 567 568 569 573 590 594 (22.0)
58: 543 559 560 570 571 580 584 591 (25.0)
59: 556 572 576 577 578 579 585 601 602 611 613 (25.0)
60: 564 593 595 596 598 600 603 605 608 631 (27.0)
61: 566 581 582 583 586 588 592 597 599 612 617 623 638 644 (27.0)
62: 589 610 614 616 620 654 (30.0)
63: 604 606 618 625 639 640 643 (30.0)
64: 607 609 624 626 627 635 657 659 664 (26.0)
65: 615 619 621 622 628 629 630 632 636 637 641 642 648 (26.0)
66: 633 634 645 647 650 651 652 653 655 666 668 676 679 (25.0)
67: 649 658 661 663 669 680 681 684 687 690 (26.0)
68: 646 656 662 665 670 672 673 674 697 704 709 (25.0)
69: 660 667 675 682 683 688 689 694 698 705 (30.0)
70: 671 677 685 691 693 696 700 706 707 719 721 732 (30.0)
71: 699 708 710 712 716 717 718 727 738 (29.0)
72: 678 686 692 695 702 711 720 728 (27.0)
73: 714 722 723 726 733 734 736 737 741 761 (28.0)
74: 701 715 724 730 739 742 744 747 751 771 (30.0)
75: 703 725 729 731 735 740 746 748 753 755 762 767 773 (30.0)
76: 713 757 759 765 768 774 776 782 (27.0)
77: 745 749 750 760 783 786 798 (30.0)
78: 743 754 758 764 766 769 772 780 787 804 807 818 (31.0)
79: 770 778 784 789 797 802 805 806 820 824 (30.0)
80: 752 756 777 781 788 794 796 800 815 826 (30.0)
81: 763 779 785 790 791 793 795 801 808 821 827 (28.0)
82: 775 792 803 809 811 814 817 819 829 848 (27.0)
83: 799 810 813 816 822 831 832 835 836 839 854 859 (27.0)
84: 812 823 840 844 850 855 857 860 (28.0)
85: 833 837 841 842 846 849 851 858 876 (30.0)
86: 825 834 838 845 856 862 864 867 898 (24.0)
87: 828 843 847 852 853 866 869 875 879 884 886 889 (28.0)
88: 830 870 873 874 880 894 896 (30.0)
89: 861 863 868 877 881 882 883 888 899 911 916 919 (29.0)
90: 865 871 885 887 890 891 893 895 904 906 922 926 931 937 (31.0)
91: 872 892 897 903 905 907 909 915 921 (26.0)
92: 878 908 913 917 918 923 928 953 (30.0)
93: 900 902 924 925 930 932 933 935 939 959 (30.0)
94: 914 920 934 938 948 952 962 (30.0)
95: 901 910 912 927 929 945 946 949 954 957 970 978 986 (28.0)
96: 936 941 942 944 947 955 958 965 966 968 (30.0)
97: 940 943 960 971 972 977 989 (31.0)
98: 950 951 961 969 973 975 979 980 (30.0)
99: 956 963 964 974 985 987 988 990 991 (29.0)
100: 967 976 981 982 983 984 992 993 994 995 996 997 998 999 (28.0)
