Name: 100-20-30
Time: 3.675395965576172 
Result: 4
Solution:  1 0 0 2 0 0 0 1 2 0 5 0 2 1 1 0 1 1 1 3 2 4 1 0 0 1 2 5 2 3 7 3 0 4 3 7 3 4 7 2 4 2 4 6 4 7 4 5 4 5 5 3 4 6 4 5 5 2 3 2 6 10 6 8 4 8 7 6 8 4 7 7 5 8 6 9 9 6 4 8 8 9 9 8 7 9 8 10 10 9 10 8 10 10 10 10 6 10 10 9
0: 1 2 4 5 6 9 11 15 23 24 32 (23.0)
1: 0 7 13 14 16 17 18 22 25 (27.0)
2: 3 8 12 20 26 28 39 41 57 59 (24.0)
3: 19 29 31 34 36 51 58 (23.0)
4: 21 33 37 40 42 44 46 48 52 54 64 69 78 (26.0)
5: 10 27 47 49 50 55 56 72 (23.0)
6: 43 53 60 62 67 74 77 96 (24.0)
7: 30 35 38 45 66 70 71 84 (26.0)
8: 63 65 68 73 79 80 83 86 91 (27.0)
9: 75 76 81 82 85 89 99 (27.0)
10: 61 87 88 90 92 93 94 95 97 98 (27.0)
