Name: 1000-60-125
Time: 53.73065209388733 
Result: 69
Solution:  0 0 0 0 0 1 3 2 1 1 2 3 0 0 1 0 0 3 3 0 5 1 0 5 4 3 2 1 3 1 7 3 7 5 4 4 4 3 2 1 7 2 2 6 4 3 5 7 7 5 3 5 5 3 6 6 3 5 5 8 7 6 7 7 7 11 6 6 7 8 5 8 5 9 11 11 6 8 6 6 7 8 11 8 9 8 7 9 9 13 9 10 12 11 10 12 10 13 12 8 10 10 11 11 11 12 11 7 12 10 10 12 12 12 12 12 13 13 12 13 9 13 14 13 11 15 14 16 14 14 14 12 13 18 14 12 15 17 16 14 15 16 14 12 16 18 15 16 17 11 14 17 20 12 13 16 17 16 16 16 19 17 14 14 16 19 13 16 16 20 19 18 22 19 17 18 18 19 19 15 18 19 20 20 18 16 19 16 17 19 21 21 19 20 19 19 20 20 16 22 19 22 21 19 18 20 18 19 20 22 22 21 24 23 24 22 22 23 24 26 22 22 22 21 22 23 20 24 24 23 28 23 23 23 22 20 21 25 22 24 25 21 23 25 24 26 26 23 26 23 26 28 27 24 28 24 25 26 28 28 28 29 27 27 27 25 28 27 28 25 28 29 30 31 27 30 29 25 27 32 29 32 26 30 31 28 29 29 28 27 27 30 28 30 31 30 30 32 30 30 29 34 30 28 31 29 28 31 31 30 35 32 33 32 29 33 32 31 32 32 32 36 33 30 31 33 34 31 33 33 33 34 32 34 33 35 32 31 33 36 35 36 32 33 35 34 32 36 36 37 32 35 34 37 34 33 36 36 34 36 37 38 37 40 37 37 37 36 38 34 37 38 39 42 36 39 36 37 39 40 39 40 37 38 40 43 38 39 37 41 40 38 41 39 42 39 42 43 41 41 40 40 37 39 39 42 41 41 42 38 42 43 40 41 39 39 43 41 44 44 45 40 45 41 43 41 44 44 45 42 42 44 45 45 44 45 44 43 43 43 46 42 45 45 45 42 46 45 43 46 49 44 45 44 48 47 43 44 46 44 43 46 48 46 47 48 44 46 48 47 47 46 51 46 44 46 46 46 48 45 49 47 49 47 47 50 50 47 47 49 50 51 52 49 51 50 54 46 52 52 52 50 49 51 51 54 47 50 51 49 54 53 53 52 50 53 56 53 51 51 52 55 52 56 51 50 52 52 53 50 53 53 55 54 55 51 55 52 57 52 53 59 54 52 55 53 56 54 54 54 57 57 54 54 57 55 55 53 58 56 56 56 53 53 57 55 56 55 57 58 57 59 56 61 58 59 55 57 57 57 60 59 59 55 58 61 60 60 59 61 62 62 60 59 64 58 61 61 57 58 61 63 62 61 61 61 59 62 64 61 62 60 60 61 59 60 66 59 61 64 59 64 63 64 63 59 63 63 63 64 64 64 63 64 60 64 63 63 65 65 68 61 62 66 63 61 67 66 65 64 63 62 68 68 69 64 65 62 66 66 67 65 67 64 64 66 66 66 65 65 69 67 67 67 67 66 72 68 71 66 72 69 70 69 69 69 69 70 70 70 68 70 72 73 67 68 70 69 68 70 71 72 73 69 71 72 68 72 70 71 71 70 72 72 72 72 75 69 73 73 72 73 77 73 73 73 74 71 74 71 73 75 72 76 76 74 77 74 75 76 75 78 74 77 74 73 75 75 73 73 75 78 77 74 72 76 74 76 74 79 74 76 78 78 78 79 78 77 80 77 79 77 76 77 80 81 78 76 81 75 79 80 79 81 79 83 78 80 76 82 83 79 79 80 80 79 82 77 80 78 80 81 77 82 81 79 80 82 83 79 84 83 85 82 80 83 83 86 82 81 83 80 81 82 82 83 82 83 81 85 85 88 81 84 81 88 86 85 81 84 85 85 86 88 85 86 83 87 85 87 83 86 87 90 87 85 83 88 85 84 89 91 85 90 87 89 88 84 87 86 89 87 88 90 88 91 88 88 88 89 93 88 90 92 87 91 91 85 88 89 90 93 90 90 93 89 88 89 91 90 88 89 89 94 88 88 88 91 92 90 92 94 91 92 93 89 91 90 91 95 91 93 93 93 93 93 92 94 93 92 94 96 95 92 94 95 94 97 94 94 95 94 96 95 98 95 93 94 97 92 99 97 93 98 97 96 98 93 95 95 95 93 98 99 96 98 96 97 100 100 96 97 99 98 98 97 97 96 95 100 99 97 100 99 99 99 98 99 97 100 99 99 100 99 99 100 98 100 98 100
0: 0 1 2 3 4 12 13 15 16 19 22 (57.0)
1: 5 8 9 14 21 27 29 39 (61.0)
2: 7 10 26 38 41 42 (62.0)
3: 6 11 17 18 25 28 31 37 45 50 53 56 (62.0)
4: 24 34 35 36 44 (67.0)
5: 20 23 33 46 49 51 52 57 58 70 72 (76.0)
6: 43 54 55 61 66 67 76 78 79 (81.0)
7: 30 32 40 47 48 60 62 63 64 68 80 86 107 (69.0)
8: 59 69 71 77 81 83 85 99 (77.0)
9: 73 84 87 88 90 120 (64.0)
10: 91 94 96 100 101 109 110 (72.0)
11: 65 74 75 82 93 102 103 104 106 124 149 (61.0)
12: 92 95 98 105 108 111 112 113 114 115 118 131 135 143 153 (70.0)
13: 89 97 116 117 119 121 123 132 154 166 (82.0)
14: 122 126 128 129 130 134 139 142 150 162 163 (83.0)
15: 125 136 140 146 179 (67.0)
16: 127 138 141 144 147 155 157 158 159 164 167 168 185 187 198 (85.0)
17: 137 148 151 156 161 174 188 (75.0)
18: 133 145 171 175 176 180 184 204 206 (72.0)
19: 160 165 170 173 177 178 181 186 189 192 194 195 200 203 207 (70.0)
20: 152 169 182 183 193 196 197 205 208 226 235 (74.0)
21: 190 191 202 211 223 236 241 (79.0)
22: 172 199 201 209 210 215 216 220 221 222 224 234 238 (86.0)
23: 213 217 225 229 231 232 233 242 247 249 (84.0)
24: 212 214 218 227 228 239 244 253 255 (93.0)
25: 237 240 243 256 265 269 277 (72.0)
26: 219 245 246 248 250 257 282 (66.0)
27: 252 262 263 264 267 274 278 289 290 (71.0)
28: 230 251 254 258 259 260 266 268 270 285 288 292 303 306 (71.0)
29: 261 271 276 280 286 287 300 305 314 (80.0)
30: 272 275 283 291 293 295 296 298 299 302 309 323 (80.0)
31: 273 284 294 304 307 308 317 324 327 337 (79.0)
32: 279 281 297 311 313 316 318 319 320 332 336 342 346 350 (114.0)
33: 312 315 322 325 328 329 330 334 338 343 355 (83.0)
34: 301 326 331 333 345 352 354 358 369 (93.0)
35: 310 335 340 344 351 (79.0)
36: 321 339 341 347 348 356 357 359 367 374 376 (111.0)
37: 349 353 360 362 364 365 366 370 377 382 388 402 (87.0)
38: 361 368 371 383 386 391 409 (79.0)
39: 372 375 378 380 387 393 395 403 404 414 415 (109.0)
40: 363 379 381 384 390 400 401 412 421 (87.0)
41: 389 392 398 399 406 407 413 417 423 425 (83.0)
42: 373 394 396 405 408 410 429 430 441 445 (90.0)
43: 385 397 411 416 424 437 438 439 448 456 460 (97.0)
44: 418 419 426 427 431 434 436 451 453 457 459 466 474 (93.0)
45: 420 422 428 432 433 435 442 443 444 447 452 479 (89.0)
46: 440 446 449 458 461 463 467 471 473 475 476 477 497 (108.0)
47: 455 464 469 470 481 483 484 487 488 506 (99.0)
48: 454 462 465 468 478 (89.0)
49: 450 480 482 489 493 502 509 (87.0)
50: 485 486 490 495 501 507 514 525 529 (88.0)
51: 472 491 494 503 504 508 518 519 524 535 (106.0)
52: 492 498 499 500 513 520 522 526 527 537 539 543 (90.0)
53: 511 512 515 517 528 530 531 540 545 557 562 563 (96.0)
54: 496 505 510 533 542 547 548 549 552 553 (117.0)
55: 521 532 534 536 544 555 556 565 567 576 583 (93.0)
56: 516 523 546 559 560 561 566 572 (99.0)
57: 538 550 551 554 564 568 570 577 578 579 598 (124.0)
58: 558 569 574 584 595 599 (84.0)
59: 541 571 575 581 582 588 593 606 614 617 620 625 (107.0)
60: 580 586 587 592 611 612 615 634 (84.0)
61: 573 585 589 596 597 600 603 604 605 609 613 618 641 645 (125.0)
62: 590 591 602 607 610 642 651 657 (89.0)
63: 601 622 624 626 627 628 632 636 637 644 650 (117.0)
64: 594 608 619 621 623 629 630 631 633 635 649 655 663 664 (101.0)
65: 638 639 648 656 661 668 669 (85.0)
66: 616 643 647 658 659 665 666 667 675 679 (109.0)
67: 646 660 662 671 672 673 674 694 (77.0)
68: 640 652 653 677 690 695 698 706 (95.0)
69: 654 670 681 683 684 685 686 697 703 717 (107.0)
70: 682 687 688 689 691 696 699 708 711 (125.0)
71: 678 700 704 709 710 727 729 (120.0)
72: 676 680 692 701 705 707 712 713 714 715 720 732 754 (117.0)
73: 693 702 718 719 721 723 724 725 730 745 748 749 (106.0)
74: 726 728 735 737 742 744 753 756 758 760 (104.0)
75: 716 731 738 740 746 747 750 779 (80.0)
76: 733 734 739 755 757 761 772 777 788 (123.0)
77: 722 736 743 752 767 769 771 773 797 802 (97.0)
78: 741 751 762 763 764 766 776 786 799 (125.0)
79: 759 765 770 780 782 784 791 792 795 805 809 (125.0)
80: 768 774 781 787 793 794 798 800 806 814 821 (96.0)
81: 775 778 783 801 804 819 822 828 832 834 838 (114.0)
82: 789 796 803 807 813 818 823 824 826 (125.0)
83: 785 790 808 811 815 816 820 825 827 846 850 856 (124.0)
84: 810 833 839 859 867 (125.0)
85: 812 829 830 837 840 841 844 848 855 858 862 887 (125.0)
86: 817 836 842 845 851 869 (124.0)
87: 847 849 852 854 864 868 871 884 (126.0)
88: 831 835 843 857 866 872 874 876 877 878 881 888 896 900 904 905 906 (122.0)
89: 860 865 870 879 889 895 897 901 902 915 (123.0)
90: 853 863 873 882 890 892 893 899 909 917 (111.0)
91: 861 875 885 886 898 907 912 916 918 920 (124.0)
92: 883 908 910 913 926 929 933 949 (124.0)
93: 880 891 894 914 921 922 923 924 925 928 946 952 957 961 (120.0)
94: 903 911 927 930 934 936 938 939 941 947 (123.0)
95: 919 932 935 940 943 945 958 959 960 978 (106.0)
96: 931 942 955 964 966 970 977 (123.0)
97: 937 948 951 954 967 971 975 976 981 988 (125.0)
98: 944 953 956 962 965 973 974 986 996 998 (119.0)
99: 950 963 972 980 983 984 985 987 990 991 993 994 (125.0)
100: 968 969 979 982 989 992 995 997 999 (126.0)
