Name: 100-30-50
Time: 3.4749200344085693 
Result: 6
Solution:  0 2 1 3 1 0 2 2 0 0 2 1 2 1 0 1 0 2 2 5 1 4 2 0 0 1 1 4 0 2 2 0 4 0 4 4 4 3 5 6 4 5 4 4 3 4 2 5 5 4 6 2 6 7 9 6 7 8 8 9 5 2 3 6 5 5 7 10 7 10 3 8 9 7 8 9 7 7 8 5 6 9 5 9 5 7 8 9 9 8 10 10 10 10 10 10 10 9 6 8
0: 0 5 8 9 14 16 23 24 28 31 33 (44.0)
1: 2 4 11 13 15 20 25 26 (39.0)
2: 1 6 7 10 12 17 18 22 29 30 46 51 61 (39.0)
3: 3 37 44 62 70 (38.0)
4: 21 27 32 34 35 36 40 42 43 45 49 (39.0)
5: 19 38 41 47 48 60 64 65 79 82 84 (42.0)
6: 39 50 52 55 63 80 98 (40.0)
7: 53 56 66 68 73 76 77 85 (44.0)
8: 57 58 71 74 78 86 89 99 (38.0)
9: 54 59 72 75 81 83 87 88 97 (39.0)
10: 67 69 90 91 92 93 94 95 96 (44.0)
