Name: 100-30-50
Time: 7.867938041687012 
Result: 4
Solution:  0 0 1 0 1 0 0 0 0 2 2 1 2 1 2 1 1 0 0 2 0 5 4 5 2 0 1 3 1 2 1 2 4 2 5 4 4 7 4 6 2 5 4 4 3 5 2 4 5 5 6 3 6 4 6 8 5 6 9 5 5 2 3 4 6 5 8 7 7 8 7 9 9 8 7 8 10 7 8 8 6 9 6 9 8 7 9 8 10 9 10 10 10 10 9 10 10 6 8 9
0: 0 1 3 5 6 7 8 17 18 20 25 (39.0)
1: 2 4 11 13 15 16 26 28 30 (39.0)
2: 9 10 12 14 19 24 29 31 33 40 46 61 (40.0)
3: 27 44 51 62 (39.0)
4: 22 32 35 36 38 42 43 47 53 63 (41.0)
5: 21 23 34 41 45 48 49 56 59 60 65 (42.0)
6: 39 50 52 54 57 64 80 82 97 (39.0)
7: 37 67 68 70 74 77 85 (39.0)
8: 55 66 69 73 75 78 79 84 87 98 (43.0)
9: 58 71 72 81 83 86 89 94 99 (42.0)
10: 76 88 90 91 92 93 95 96 (43.0)
