Name: 1000-30-50
Time: 55.15051603317261 
Result: 20
Solution:  0 0 2 1 1 0 0 1 1 0 1 2 0 0 3 1 2 0 2 1 1 1 3 0 1 2 3 4 4 2 0 4 3 2 1 5 1 4 5 5 3 3 5 4 6 5 5 1 4 4 5 6 4 4 3 6 2 8 5 7 8 7 9 7 7 6 8 7 5 4 7 5 6 6 11 7 10 9 12 7 4 6 8 7 8 9 9 12 9 7 12 9 10 9 12 9 10 9 9 11 10 11 9 9 13 8 11 10 11 11 13 12 12 11 10 10 11 12 8 11 12 11 11 14 13 14 13 14 14 13 14 16 13 16 11 10 12 14 14 15 16 14 11 15 14 16 16 13 14 17 15 17 18 14 18 15 15 17 15 16 17 19 17 18 17 16 17 19 14 18 17 18 18 19 19 16 18 17 18 21 17 19 21 19 18 18 17 20 18 22 20 19 20 21 18 20 21 16 18 21 22 24 21 20 20 25 21 21 17 21 22 24 25 20 23 22 20 20 22 25 22 24 25 23 21 21 20 20 21 25 23 24 21 21 23 24 21 24 24 23 22 25 26 26 23 23 26 28 25 26 24 26 28 26 24 27 27 29 24 29 27 25 28 25 25 26 26 28 29 28 29 31 26 31 31 30 29 26 30 28 27 25 32 31 29 26 28 29 27 29 32 30 29 27 31 31 30 31 29 30 27 32 31 30 35 32 32 33 32 30 32 34 33 30 30 34 32 32 32 29 33 36 31 34 34 34 37 34 30 30 35 33 32 37 34 36 32 34 35 36 35 34 37 34 33 34 36 35 37 34 37 39 36 36 37 38 36 36 36 36 38 37 37 36 39 39 36 34 39 36 39 38 40 41 39 38 39 42 41 39 40 42 43 39 38 36 35 39 36 39 43 41 42 43 42 41 40 37 42 43 41 43 41 44 44 43 41 40 45 41 41 43 46 38 40 42 42 42 40 40 44 43 43 45 43 43 43 43 45 46 44 43 40 42 46 48 44 41 42 43 47 49 46 44 45 45 46 44 46 46 45 45 45 47 47 44 47 49 42 45 47 44 48 48 45 43 49 46 44 47 49 47 48 47 49 47 52 48 47 48 48 50 45 52 53 50 47 49 49 50 52 49 50 51 49 47 54 52 50 50 49 53 51 50 50 48 50 49 50 53 49 53 54 53 52 54 52 51 53 51 49 53 53 55 51 51 51 52 53 56 51 52 54 56 53 51 56 57 54 51 54 55 55 53 54 56 51 57 52 52 57 55 55 53 55 57 56 56 55 59 55 55 57 57 57 56 56 57 57 57 60 59 59 56 59 58 57 55 57 55 56 59 56 61 58 57 60 58 59 59 56 58 61 58 63 58 60 62 61 58 60 60 61 62 61 61 60 60 61 62 60 61 61 64 63 63 60 58 60 59 65 64 63 64 63 64 63 63 66 66 61 63 65 65 66 64 65 66 67 62 62 63 61 64 65 61 67 67 65 64 64 67 67 63 67 62 68 66 66 66 67 66 65 70 70 65 66 68 70 66 68 70 67 67 69 70 68 69 72 67 67 66 68 69 67 70 70 69 69 69 70 69 72 73 73 69 67 67 71 70 72 72 69 71 71 71 70 74 70 69 75 73 72 71 71 71 69 71 72 73 71 75 73 75 75 73 75 72 71 74 71 72 76 72 75 74 72 71 71 75 73 72 75 77 72 72 75 76 75 73 78 74 78 75 76 75 79 74 74 72 78 77 79 77 77 77 81 76 76 77 78 78 78 76 82 79 80 76 77 82 78 79 75 79 80 79 83 79 79 77 82 79 76 80 81 84 80 78 80 83 81 80 79 81 80 81 79 81 78 80 81 79 82 81 83 85 82 80 80 81 87 85 83 83 84 86 86 82 83 83 84 88 86 85 84 84 84 85 87 82 83 85 86 87 85 89 85 83 85 84 82 85 87 89 88 82 86 84 86 86 89 85 87 87 87 85 85 88 90 90 87 86 87 90 88 91 85 92 88 86 92 86 88 89 90 86 89 88 88 89 86 90 89 89 90 91 89 88 93 90 91 92 91 91 91 88 92 91 91 88 92 93 92 92 94 92 92 88 92 89 96 93 93 93 93 93 92 96 92 93 94 92 90 94 92 94 92 96 94 94 95 95 94 93 94 95 92 94 94 96 94 96 100 94 99 98 97 95 93 98 99 98 94 100 95 100 95 96 99 96 95 97 98 96 99 95 99 100 98 96 98 100 100 98 98 98 100 99 98 95 99 98 100 100 98 97 99 100 99 100
0: 0 1 5 6 9 12 13 17 23 30 (31.0)
1: 3 4 7 8 10 15 19 20 21 24 34 36 47 (30.0)
2: 2 11 16 18 25 29 33 56 (30.0)
3: 14 22 26 32 40 41 54 (34.0)
4: 27 28 31 37 43 48 49 52 53 69 80 (36.0)
5: 35 38 39 42 45 46 50 58 68 71 (32.0)
6: 44 51 55 65 72 73 81 (36.0)
7: 59 61 63 64 67 70 75 79 83 89 (33.0)
8: 57 60 66 82 84 105 118 (33.0)
9: 62 77 85 86 88 91 93 95 97 98 102 103 (30.0)
10: 76 92 96 100 107 114 115 135 (32.0)
11: 74 99 101 106 108 109 113 116 119 121 122 134 142 (31.0)
12: 78 87 90 94 111 112 117 120 136 (33.0)
13: 104 110 124 126 129 132 147 (32.0)
14: 123 125 127 128 130 137 138 141 144 148 153 168 (32.0)
15: 139 143 150 155 156 158 (32.0)
16: 131 133 140 145 146 159 165 175 197 (33.0)
17: 149 151 157 160 162 164 166 170 177 180 186 208 (31.0)
18: 152 154 163 169 171 172 176 178 184 185 188 194 198 (31.0)
19: 161 167 173 174 181 183 191 (32.0)
20: 187 190 192 195 203 204 213 216 217 226 227 (35.0)
21: 179 182 193 196 199 202 206 207 209 224 225 228 232 233 236 (41.0)
22: 189 200 210 215 218 220 240 (32.0)
23: 214 223 230 234 239 244 245 (36.0)
24: 201 211 221 231 235 237 238 250 254 258 (35.0)
25: 205 212 219 222 229 241 248 261 263 264 281 (36.0)
26: 242 243 246 249 251 253 265 266 272 277 285 (34.0)
27: 255 256 260 280 288 293 300 (37.0)
28: 247 252 262 267 269 279 286 (33.0)
29: 257 259 268 270 276 284 287 289 292 298 319 (39.0)
30: 275 278 291 296 299 303 309 313 314 328 329 (35.0)
31: 271 273 274 283 294 295 297 302 322 (32.0)
32: 282 290 301 305 306 308 310 316 317 318 332 336 (42.0)
33: 307 312 320 331 344 (31.0)
34: 311 315 323 324 325 327 334 337 341 343 345 349 367 (32.0)
35: 304 330 338 340 347 386 (33.0)
36: 321 335 339 346 352 353 356 357 358 359 363 366 369 385 388 (33.0)
37: 326 333 342 348 350 354 361 362 397 (37.0)
38: 355 360 371 375 384 413 (36.0)
39: 351 364 365 368 370 374 376 379 383 387 389 (33.0)
40: 372 380 396 407 414 418 419 432 (40.0)
41: 373 378 391 395 400 402 406 409 410 437 (43.0)
42: 377 381 392 394 398 415 416 417 433 438 458 (36.0)
43: 382 390 393 399 401 405 411 421 422 424 425 426 427 431 439 465 (42.0)
44: 403 404 420 430 436 443 447 455 461 468 (35.0)
45: 408 423 428 444 445 450 451 452 459 464 482 (45.0)
46: 412 429 434 442 446 448 449 467 (46.0)
47: 440 453 454 456 460 469 471 473 475 478 486 495 (44.0)
48: 435 462 463 472 477 479 480 505 (36.0)
49: 441 457 466 470 474 487 488 491 494 500 507 510 520 (39.0)
50: 481 485 489 492 498 499 503 504 506 508 (48.0)
51: 493 502 517 519 524 525 526 530 535 539 546 (35.0)
52: 476 483 490 497 514 516 527 531 548 549 (44.0)
53: 484 501 509 511 513 518 521 522 528 534 543 553 (47.0)
54: 496 512 515 532 538 540 544 (41.0)
55: 523 541 542 551 552 554 558 560 561 577 579 (47.0)
56: 529 533 536 545 556 557 565 566 573 580 582 590 (45.0)
57: 537 547 550 555 562 563 564 567 568 569 576 578 585 (45.0)
58: 575 584 587 591 593 595 599 617 (37.0)
59: 559 571 572 574 581 588 589 619 (43.0)
60: 570 586 596 600 601 606 607 610 616 618 (33.0)
61: 583 592 598 602 604 605 608 611 612 630 642 645 (44.0)
62: 597 603 609 639 640 655 (34.0)
63: 594 614 615 622 624 626 627 631 641 653 (33.0)
64: 613 621 623 625 635 643 649 650 (45.0)
65: 620 632 633 636 644 648 662 665 (36.0)
66: 628 629 634 637 657 658 659 661 666 669 681 (50.0)
67: 638 646 647 651 652 654 660 672 673 679 680 684 696 697 (44.0)
68: 656 667 670 676 682 (35.0)
69: 674 677 683 687 688 689 691 695 702 709 716 (50.0)
70: 663 664 668 671 675 685 686 690 699 706 708 (50.0)
71: 698 703 704 705 713 714 715 717 720 728 730 737 738 (46.0)
72: 678 692 700 701 712 718 727 731 733 736 741 744 745 759 (43.0)
73: 693 694 711 719 722 725 740 749 (39.0)
74: 707 729 735 751 757 758 (50.0)
75: 710 721 723 724 726 734 739 742 746 748 753 755 782 (44.0)
76: 732 747 754 767 768 773 777 792 (44.0)
77: 743 761 763 764 765 769 778 789 (47.0)
78: 750 752 760 770 771 772 780 797 808 (46.0)
79: 756 762 775 781 783 785 787 788 791 802 806 811 (47.0)
80: 776 784 793 796 798 801 804 809 817 818 (37.0)
81: 766 794 800 803 805 807 810 813 819 (48.0)
82: 774 779 790 812 816 827 839 850 855 (50.0)
83: 786 799 814 822 823 828 829 840 847 (42.0)
84: 795 824 830 834 835 836 849 857 (46.0)
85: 815 821 833 837 841 844 846 848 851 861 865 866 876 (49.0)
86: 825 826 832 842 856 858 859 871 879 881 885 890 (50.0)
87: 820 838 843 852 862 863 864 870 872 (50.0)
88: 831 854 867 874 878 882 887 888 897 905 909 917 (46.0)
89: 845 853 860 883 886 889 892 893 896 919 (50.0)
90: 868 869 873 884 891 894 899 932 (50.0)
91: 875 895 900 902 903 904 907 908 (42.0)
92: 877 880 901 906 910 912 913 915 916 918 926 928 931 934 936 946 (50.0)
93: 898 911 921 922 923 924 925 929 943 958 (50.0)
94: 914 930 933 935 938 939 942 944 947 948 950 953 962 (50.0)
95: 940 941 945 957 964 966 970 975 989 (47.0)
96: 920 927 937 949 951 967 969 973 979 (49.0)
97: 956 971 995 (37.0)
98: 955 959 961 972 978 980 983 984 985 988 991 994 (50.0)
99: 954 960 968 974 976 987 990 996 998 (45.0)
100: 952 963 965 977 981 982 986 992 993 997 999 (50.0)
