Name: 1000-60-125
Time: 53.819087982177734 
Result: 65
Solution:  0 1 1 0 1 1 1 2 0 1 1 0 0 4 1 1 1 4 2 1 1 0 0 2 4 1 2 5 3 2 4 4 1 4 5 3 7 4 3 4 6 6 3 6 4 4 4 7 7 5 4 5 3 6 6 3 4 10 6 2 6 5 7 6 7 9 7 10 8 8 8 3 5 9 8 4 6 7 6 6 10 9 6 10 8 8 8 11 13 8 12 9 10 11 10 10 10 9 11 9 12 14 11 11 8 13 10 8 14 8 11 14 8 13 13 10 11 13 10 12 13 13 13 13 10 14 13 15 12 13 13 12 14 11 15 14 17 15 10 14 16 15 15 15 15 16 16 15 15 14 15 12 20 14 17 16 17 16 14 16 16 17 14 16 15 19 16 14 18 21 18 17 19 19 16 21 18 21 22 19 16 20 20 19 18 18 19 20 17 17 21 18 23 19 18 20 23 20 22 18 21 21 22 25 24 24 19 19 18 21 18 24 24 22 26 20 21 23 21 22 25 22 20 21 23 22 22 25 21 23 21 22 24 24 25 22 22 25 25 27 26 26 24 25 22 22 25 23 23 23 25 30 25 23 29 26 25 26 30 26 28 26 26 28 27 25 29 27 28 26 29 28 31 31 28 30 29 27 27 32 30 28 33 30 28 31 30 29 31 27 29 29 30 28 34 31 29 29 31 27 27 34 30 29 32 30 27 32 31 31 32 32 34 32 35 33 34 35 32 32 33 34 30 31 32 33 34 34 33 33 34 35 30 37 33 34 30 31 33 35 36 36 31 33 36 36 37 36 35 37 35 38 39 37 35 36 36 32 37 36 34 37 38 40 37 35 34 37 38 35 37 38 41 38 38 39 38 39 37 40 41 38 38 35 39 43 39 40 37 42 40 39 42 40 40 39 41 42 40 41 38 40 41 40 40 38 41 40 43 39 39 43 44 41 40 42 42 40 42 45 43 43 42 42 41 42 43 44 46 44 45 44 45 45 44 44 42 44 47 44 44 45 45 48 47 45 45 45 42 45 49 47 45 45 46 47 42 48 47 47 43 46 45 46 48 50 46 48 48 48 48 46 49 49 49 48 46 47 49 46 47 48 47 51 52 52 49 48 46 46 52 49 49 47 50 49 52 47 47 51 50 51 52 51 54 53 48 53 51 51 53 53 48 53 49 51 54 54 52 50 53 54 55 53 52 50 51 52 52 51 57 54 55 55 53 51 54 58 56 52 53 57 54 52 55 53 56 57 56 55 54 57 53 55 55 56 55 54 55 56 57 56 59 59 53 58 56 57 57 56 61 60 54 58 58 58 57 59 61 56 59 58 56 61 62 58 61 56 58 60 60 62 59 64 64 58 60 58 57 61 61 64 61 61 60 61 63 60 57 63 60 60 62 63 65 60 66 64 62 66 62 64 63 63 63 59 62 62 63 64 67 64 63 64 60 64 64 66 63 65 69 68 66 65 65 64 67 64 65 64 66 66 69 62 65 64 65 63 66 65 66 67 67 71 64 67 66 67 65 69 70 72 64 72 67 68 68 68 69 68 67 69 68 70 68 66 70 68 69 71 69 70 71 68 67 69 70 69 68 70 73 69 70 74 71 74 72 72 68 71 71 70 72 71 72 72 72 70 73 73 73 73 74 75 74 72 75 72 74 72 71 74 74 75 71 72 75 74 76 75 79 74 73 74 76 76 76 74 74 73 80 77 77 75 72 78 79 76 75 80 75 76 78 80 77 77 77 79 79 79 79 78 77 76 76 79 78 78 81 77 76 83 75 80 78 82 78 79 81 78 83 80 78 80 81 80 79 79 79 78 79 81 77 81 82 80 82 81 82 80 82 83 82 82 86 80 79 81 82 82 83 82 84 79 83 79 81 80 82 83 84 82 85 84 86 86 81 86 82 84 86 86 84 85 86 85 86 82 81 84 86 88 88 89 88 86 85 90 87 85 89 86 89 88 86 87 86 84 87 87 88 85 88 87 88 85 87 88 87 89 89 86 88 89 87 91 92 88 87 90 87 90 89 86 90 91 90 91 90 89 90 91 89 91 88 89 91 91 90 91 92 90 90 92 92 90 93 94 91 94 92 94 95 92 94 94 93 94 92 93 96 96 91 90 97 95 96 97 94 94 99 93 95 95 98 93 95 94 94 93 98 95 92 97 96 95 100 94 95 93 96 94 97 97 96 100 99 95 96 97 97 95 99 97 98 98 100 97 95 100 98 97 99 99 99 99 99 100 98 98 100 97 100 100 98 99 99 100 98 100
0: 0 3 8 11 12 21 22 (71.0)
1: 1 2 4 5 6 9 10 14 15 16 19 20 25 32 (61.0)
2: 7 18 23 26 29 59 (64.0)
3: 28 35 38 42 52 55 71 (61.0)
4: 13 17 24 30 31 33 37 39 44 45 46 50 56 75 (61.0)
5: 27 34 49 51 61 72 (80.0)
6: 40 41 43 53 54 58 60 63 76 78 79 82 (62.0)
7: 36 47 48 62 64 66 77 (70.0)
8: 68 69 70 74 84 85 86 89 104 107 109 112 (71.0)
9: 65 73 81 91 97 99 (68.0)
10: 57 67 80 83 92 94 95 96 106 115 118 124 138 (66.0)
11: 87 93 98 102 103 110 116 133 (68.0)
12: 90 100 119 128 131 151 (61.0)
13: 88 105 113 114 117 120 121 122 123 126 129 130 (94.0)
14: 101 108 111 125 132 135 139 149 153 158 162 167 (77.0)
15: 127 134 137 141 142 143 144 147 148 150 164 (68.0)
16: 140 145 146 155 157 159 160 163 166 174 180 (79.0)
17: 136 154 156 161 171 188 189 (78.0)
18: 168 170 176 184 185 191 194 199 208 210 (78.0)
19: 165 172 173 179 183 186 193 206 207 (82.0)
20: 152 181 182 187 195 197 215 222 (68.0)
21: 169 175 177 190 200 201 209 216 218 223 228 230 (91.0)
22: 178 198 202 213 219 221 225 226 231 235 236 244 245 (91.0)
23: 192 196 217 224 229 247 248 249 253 (83.0)
24: 204 205 211 212 232 233 242 (70.0)
25: 203 220 227 234 237 238 243 246 250 252 256 265 (80.0)
26: 214 240 241 255 257 259 261 262 269 (85.0)
27: 239 264 267 277 278 289 299 300 306 (76.0)
28: 260 263 268 271 274 281 284 293 (69.0)
29: 254 266 270 276 287 290 291 296 297 303 (68.0)
30: 251 258 275 280 283 286 292 302 305 322 332 336 (69.0)
31: 272 273 285 288 295 298 308 309 323 337 342 (74.0)
32: 279 304 307 310 311 313 318 319 324 357 (120.0)
33: 282 315 320 325 328 329 334 338 343 (76.0)
34: 294 301 312 316 321 326 327 330 335 360 366 (88.0)
35: 314 317 331 339 348 350 354 365 369 383 (88.0)
36: 340 341 344 345 347 355 356 359 (75.0)
37: 333 346 349 353 358 361 364 367 370 378 388 (80.0)
38: 351 362 368 371 373 374 376 381 382 400 405 (94.0)
39: 352 375 377 384 386 391 395 409 410 (93.0)
40: 363 379 387 390 393 394 398 401 403 404 407 414 417 (111.0)
41: 372 380 396 399 402 406 413 424 (88.0)
42: 389 392 397 415 416 418 422 423 425 436 448 456 (84.0)
43: 385 408 411 420 421 426 460 (80.0)
44: 412 427 429 431 434 435 437 439 440 (97.0)
45: 419 430 432 433 441 442 445 446 447 449 452 453 462 (104.0)
46: 428 454 461 463 466 471 476 479 488 489 (97.0)
47: 438 444 451 455 458 459 477 480 482 493 497 498 (92.0)
48: 443 457 464 467 468 469 470 475 481 487 506 512 (96.0)
49: 450 472 473 474 478 486 491 492 495 514 (109.0)
50: 465 494 500 519 525 (73.0)
51: 483 499 501 503 508 509 515 526 529 535 (87.0)
52: 484 485 490 496 502 518 524 527 528 539 543 (125.0)
53: 505 507 510 511 513 520 523 534 540 545 552 564 (103.0)
54: 504 516 517 521 531 536 542 550 557 572 (83.0)
55: 522 532 533 544 549 553 554 556 558 (84.0)
56: 538 546 548 555 559 561 566 569 579 582 587 (109.0)
57: 530 541 547 551 560 567 568 576 598 608 (101.0)
58: 537 565 573 574 575 581 585 588 595 597 (100.0)
59: 562 563 577 580 592 625 (80.0)
60: 571 589 590 596 604 607 610 611 615 634 (110.0)
61: 570 578 583 586 599 600 602 603 605 (103.0)
62: 584 591 612 618 620 626 627 653 (125.0)
63: 606 609 613 622 623 624 628 632 638 657 (100.0)
64: 593 594 601 617 621 629 631 633 635 636 645 647 649 655 664 672 (105.0)
65: 614 639 643 644 648 654 656 659 668 (95.0)
66: 616 619 637 642 650 651 658 660 666 685 (102.0)
67: 630 646 661 662 665 667 674 680 694 (83.0)
68: 641 675 676 677 679 682 684 687 693 698 708 (91.0)
69: 640 652 669 678 681 688 690 695 697 701 (93.0)
70: 670 683 686 691 696 699 702 711 717 (125.0)
71: 663 689 692 704 709 710 713 730 734 (125.0)
72: 671 673 706 707 712 714 715 716 725 727 729 735 754 (120.0)
73: 700 718 719 720 721 742 749 (125.0)
74: 703 705 722 724 728 731 732 737 741 743 747 748 (112.0)
75: 723 726 733 736 739 753 758 760 782 (97.0)
76: 738 744 745 746 757 761 773 774 780 (125.0)
77: 751 752 764 765 766 772 779 802 (116.0)
78: 755 762 771 776 777 784 786 789 792 799 (123.0)
79: 740 756 767 768 769 770 775 787 796 797 798 800 816 823 825 (121.0)
80: 750 759 763 783 791 793 795 805 809 815 827 (125.0)
81: 778 788 794 801 803 807 817 826 836 848 (125.0)
82: 785 804 806 808 810 812 813 818 819 821 828 831 838 847 (117.0)
83: 781 790 811 820 824 829 (125.0)
84: 822 830 833 839 842 849 867 (124.0)
85: 832 843 845 856 859 871 875 (125.0)
86: 814 834 835 837 840 841 844 846 850 855 861 864 866 881 893 (112.0)
87: 858 865 868 869 873 876 878 884 888 890 (117.0)
88: 851 852 854 863 870 872 874 877 882 887 904 (125.0)
89: 853 860 862 879 880 883 892 899 902 905 (124.0)
90: 857 889 891 894 896 898 900 908 911 912 915 933 (115.0)
91: 885 895 897 901 903 906 907 909 918 932 (122.0)
92: 886 910 913 914 920 923 928 952 (93.0)
93: 916 926 929 941 945 949 959 (98.0)
94: 917 919 921 924 925 927 938 939 947 948 957 961 (123.0)
95: 922 935 942 943 946 951 955 958 967 971 978 (124.0)
96: 930 931 936 954 960 964 968 (122.0)
97: 934 937 953 962 963 969 970 973 977 981 991 (122.0)
98: 944 950 974 975 980 988 989 994 998 (125.0)
99: 940 966 972 982 983 984 985 986 995 996 (126.0)
100: 956 965 976 979 987 990 992 993 997 999 (124.0)
