Name: 100-20-30
Time: 8.245136260986328 
Result: 2
Solution:  1 0 0 1 2 0 4 2 0 0 2 3 3 3 2 1 1 1 1 4 4 0 1 0 0 0 1 4 2 2 7 3 3 0 3 0 3 4 4 4 1 2 4 5 4 6 2 5 5 4 7 4 6 5 7 5 3 2 6 2 6 10 6 5 4 5 7 7 4 4 9 7 6 8 6 7 6 8 10 8 5 10 9 8 6 9 9 9 10 9 10 9 10 10 8 10 8 10 10 9
0: 1 2 5 8 9 21 23 24 25 33 35 (26.0)
1: 0 3 15 16 17 18 22 26 40 (26.0)
2: 4 7 10 14 28 29 41 46 57 59 (26.0)
3: 11 12 13 31 32 34 36 56 (26.0)
4: 6 19 20 27 37 38 39 42 44 49 51 64 68 69 (26.0)
5: 43 47 48 53 55 63 65 80 (24.0)
6: 45 52 58 60 62 72 74 76 84 (26.0)
7: 30 50 54 66 67 71 75 (25.0)
8: 73 77 79 83 94 96 (24.0)
9: 70 82 85 86 87 89 91 99 (24.0)
10: 61 78 81 88 90 92 93 95 97 98 (24.0)
