Name: 100-40-75
Time: 3.5889787673950195 
Result: 5
Solution:  0 3 1 0 2 1 0 3 0 1 0 4 2 2 0 0 0 0 4 5 2 3 2 1 3 5 2 2 7 0 2 3 5 4 3 1 2 1 3 6 2 5 4 5 2 1 5 4 8 4 6 3 5 1 5 2 5 7 6 6 4 3 9 10 8 6 7 6 8 3 8 8 7 7 6 8 7 4 9 7 9 7 5 6 7 10 10 10 6 10 10 10 9 8 6 10 9 8 9 9
0: 0 3 6 8 10 14 15 16 17 29 (59.0)
1: 2 5 9 23 35 37 45 53 (62.0)
2: 4 12 13 20 22 26 27 30 36 40 44 55 (62.0)
3: 1 7 21 24 31 34 38 51 61 69 (59.0)
4: 11 18 33 42 47 49 60 77 (59.0)
5: 19 25 32 41 43 46 52 54 56 82 (59.0)
6: 39 50 58 59 65 67 74 83 88 94 (60.0)
7: 28 57 66 72 73 76 79 81 84 (60.0)
8: 48 64 68 70 71 75 93 97 (60.0)
9: 62 78 80 92 96 98 99 (64.0)
10: 63 85 86 87 89 90 91 95 (64.0)
