Name: 1000-40-75
Time: 56.1866672039032 
Result: 37
Solution:  1 0 0 4 0 0 0 0 1 1 2 1 2 1 0 2 0 5 1 0 2 0 1 2 0 4 1 4 3 4 5 4 0 4 2 3 3 4 4 4 4 4 5 4 4 5 4 6 2 4 6 7 4 6 8 4 4 6 8 7 2 4 3 5 9 9 6 7 7 7 9 8 6 7 12 9 11 8 6 11 9 6 9 9 9 8 9 9 9 9 9 11 9 14 6 8 10 10 11 10 10 9 8 12 13 9 10 10 12 14 12 10 12 15 13 13 12 11 11 14 12 11 12 15 16 16 13 16 15 13 15 12 13 12 15 11 16 15 15 11 13 15 14 13 13 17 15 16 14 15 18 16 16 16 16 19 16 15 14 17 15 18 18 15 17 15 20 16 15 17 16 15 19 19 19 17 20 14 19 15 18 20 18 21 18 22 18 20 22 18 20 19 19 19 21 17 18 21 20 23 21 21 21 21 21 20 25 21 21 22 22 21 21 23 22 22 21 23 18 24 22 26 22 22 24 23 23 23 26 26 23 23 23 23 23 26 23 25 22 24 24 26 25 28 24 25 28 24 25 25 25 24 26 22 24 30 28 27 24 23 27 29 27 26 24 29 26 28 28 28 28 29 27 28 29 29 30 26 28 27 32 30 26 28 26 28 32 31 29 26 30 31 30 29 26 30 30 32 30 32 28 30 30 33 31 32 34 31 31 30 33 33 29 31 34 34 33 34 33 30 29 34 32 32 34 34 32 33 33 33 35 30 34 38 35 34 31 36 33 31 36 34 37 33 35 32 35 34 32 32 37 36 36 36 36 33 35 40 36 38 36 41 38 37 37 37 36 41 37 37 37 39 40 41 37 39 37 38 40 38 41 38 39 37 39 39 38 42 39 37 39 40 40 36 41 41 43 40 40 37 43 39 38 42 41 40 41 42 43 42 43 44 42 45 40 46 38 41 41 43 44 44 42 44 42 45 43 44 44 40 46 47 46 48 43 45 42 42 44 45 45 41 45 49 42 46 44 42 46 48 45 49 46 46 43 48 44 45 45 43 44 50 45 46 47 47 51 50 47 48 45 48 48 48 50 49 49 49 52 48 51 52 48 51 51 46 50 50 50 50 51 51 50 50 47 48 53 52 49 50 54 50 47 53 50 50 53 50 50 52 50 51 51 54 54 53 52 53 53 49 53 54 54 54 49 53 52 53 55 53 58 57 52 57 55 54 55 54 57 56 56 55 52 55 53 55 55 55 55 56 56 57 55 57 60 56 56 58 56 58 59 58 57 61 57 57 55 57 58 56 59 59 58 57 58 59 56 58 57 58 58 62 59 56 60 61 60 59 59 58 57 56 61 60 62 60 61 62 62 60 57 63 59 61 61 59 60 61 62 61 62 66 61 63 62 61 62 64 64 62 65 60 62 65 60 63 62 64 65 63 67 64 64 63 63 64 67 66 62 64 65 64 67 66 69 69 66 64 63 62 64 64 66 67 64 68 68 68 64 67 66 67 67 67 68 66 70 65 64 67 65 69 69 66 69 68 68 70 67 68 70 65 66 70 70 67 68 68 68 70 69 70 70 66 68 68 71 69 67 66 70 71 71 73 69 74 71 73 72 74 72 72 71 72 74 72 72 72 72 72 73 70 73 73 73 72 69 71 73 74 74 71 74 77 75 77 74 75 72 71 78 75 75 77 78 74 77 74 75 73 73 76 76 75 75 74 72 72 76 76 78 74 80 78 74 74 79 76 80 77 77 78 79 77 82 78 74 76 82 79 77 76 76 81 79 81 79 75 79 79 81 80 81 80 77 80 81 76 78 80 85 77 79 82 82 81 83 81 81 81 81 82 79 84 81 82 82 80 81 84 82 81 83 82 83 83 82 79 80 85 84 83 81 83 85 84 84 86 85 85 84 87 85 85 83 86 84 85 85 87 83 84 84 82 87 83 88 83 83 88 87 87 88 87 90 88 87 85 84 86 88 88 86 90 87 84 88 87 90 88 89 87 91 87 92 91 90 91 89 86 89 93 90 89 90 92 90 91 90 89 91 92 89 92 93 90 91 92 89 94 92 91 91 91 92 88 94 94 93 94 90 90 90 95 95 91 95 92 91 94 93 95 91 93 94 91 94 93 95 96 95 98 96 94 95 92 96 95 93 95 92 96 95 98 94 97 94 96 99 96 98 98 99 97 99 98 94 97 94 97 98 95 97 99 96 96 100 94 97 98 99 98 100 99 99 100 97 100 98 99 100 100 99 100 100 100 100 100 100 100
0: 1 2 4 5 6 7 14 16 19 21 24 32 (42.0)
1: 0 8 9 11 13 18 22 26 (41.0)
2: 10 12 15 20 23 34 48 60 (42.0)
3: 28 35 36 62 (43.0)
4: 3 25 27 29 31 33 37 38 39 40 41 43 44 46 49 52 55 56 61 (38.0)
5: 17 30 42 45 63 (44.0)
6: 47 50 53 57 66 72 78 81 94 (42.0)
7: 51 59 67 68 69 73 (43.0)
8: 54 58 71 77 85 95 102 (40.0)
9: 64 65 70 75 80 82 83 84 86 87 88 89 90 92 101 105 (40.0)
10: 96 97 99 100 106 107 111 (42.0)
11: 76 79 91 98 117 118 121 135 139 (43.0)
12: 74 103 108 110 112 116 120 122 131 133 (41.0)
13: 104 114 115 126 129 132 140 143 144 (42.0)
14: 93 109 119 142 148 158 177 (42.0)
15: 113 123 128 130 134 137 138 141 146 149 157 160 163 165 168 171 179 (41.0)
16: 124 125 127 136 147 151 152 153 154 156 167 170 (44.0)
17: 145 159 164 169 175 195 (45.0)
18: 150 161 162 180 182 184 186 189 196 218 (43.0)
19: 155 172 173 174 178 191 192 193 (47.0)
20: 166 176 181 187 190 198 205 (44.0)
21: 183 194 197 200 201 202 203 204 207 208 211 212 216 (43.0)
22: 185 188 209 210 214 215 220 222 223 238 253 (49.0)
23: 199 213 217 225 226 227 230 231 232 233 234 236 259 (49.0)
24: 219 224 239 240 244 247 251 254 258 264 (44.0)
25: 206 237 242 245 248 249 250 (56.0)
26: 221 228 229 235 241 252 263 266 277 282 284 289 294 (60.0)
27: 257 260 262 272 279 (44.0)
28: 243 246 256 267 268 269 270 273 278 283 285 300 (64.0)
29: 261 265 271 274 275 288 293 312 320 (46.0)
30: 255 276 281 290 292 295 296 298 301 302 309 319 331 (56.0)
31: 287 291 304 307 308 313 336 339 (45.0)
32: 280 286 297 299 305 322 323 326 345 348 349 (47.0)
33: 303 310 311 316 318 327 328 329 338 343 355 (43.0)
34: 306 314 315 317 321 324 325 332 335 341 347 (43.0)
35: 330 334 344 346 356 (53.0)
36: 337 340 351 352 353 354 358 360 366 393 (44.0)
37: 342 350 363 364 365 368 369 370 374 376 383 389 399 (71.0)
38: 333 359 362 377 379 381 386 402 416 (49.0)
39: 371 375 382 384 385 388 390 401 (49.0)
40: 357 372 378 391 392 397 398 405 414 429 (46.0)
41: 361 367 373 380 394 395 404 406 417 418 441 (51.0)
42: 387 403 407 409 412 422 424 436 437 444 447 (52.0)
43: 396 400 408 410 419 426 434 454 459 (51.0)
44: 411 420 421 423 427 428 438 446 456 460 (48.0)
45: 413 425 435 439 440 442 450 457 458 462 470 (56.0)
46: 415 430 432 445 448 452 453 463 485 (48.0)
47: 431 464 465 468 494 502 (43.0)
48: 433 449 455 469 471 472 473 479 482 495 (49.0)
49: 443 451 475 476 477 498 519 524 (52.0)
50: 461 467 474 486 487 488 489 492 493 499 501 504 505 507 508 510 (65.0)
51: 466 480 483 484 490 491 511 512 (53.0)
52: 478 481 497 509 516 526 532 542 (62.0)
53: 496 503 506 515 517 518 520 525 527 529 544 (65.0)
54: 500 513 514 521 522 523 535 537 (55.0)
55: 528 534 536 541 543 545 546 547 548 552 566 (61.0)
56: 539 540 549 550 555 556 558 569 576 583 591 (54.0)
57: 531 533 538 551 553 562 564 565 567 573 578 590 600 (67.0)
58: 530 557 559 561 568 572 574 577 579 580 589 (75.0)
59: 560 570 571 575 582 587 588 602 605 (59.0)
60: 554 584 586 593 595 599 606 621 624 (63.0)
61: 563 585 592 596 603 604 607 609 612 615 (68.0)
62: 581 594 597 598 608 610 614 616 619 622 626 638 649 (67.0)
63: 601 613 625 629 633 634 648 (51.0)
64: 617 618 627 631 632 635 639 641 647 650 651 654 658 668 (72.0)
65: 620 623 628 640 667 670 681 (58.0)
66: 611 637 643 646 652 660 665 673 682 693 699 (59.0)
67: 630 636 642 653 659 661 662 663 669 678 685 698 (74.0)
68: 655 656 657 664 675 676 679 686 687 688 694 695 (62.0)
69: 644 645 671 672 674 690 697 704 726 (74.0)
70: 666 677 680 683 684 689 691 692 700 721 (59.0)
71: 696 701 702 706 712 727 731 739 (69.0)
72: 708 710 711 713 715 716 717 718 719 725 738 756 757 (70.0)
73: 703 707 720 722 723 724 728 749 750 (61.0)
74: 705 709 714 729 730 732 736 745 747 755 761 764 765 776 (71.0)
75: 734 737 741 742 748 753 754 787 (48.0)
76: 751 752 758 759 767 777 781 782 797 (53.0)
77: 733 735 743 746 769 770 773 780 794 801 (68.0)
78: 740 744 760 763 771 775 798 (52.0)
79: 766 772 779 784 786 788 789 802 812 827 (75.0)
80: 762 768 791 793 795 799 817 828 (52.0)
81: 783 785 790 792 796 805 807 808 809 810 814 818 821 832 (75.0)
82: 774 778 803 804 811 815 816 820 823 826 853 (65.0)
83: 806 822 824 825 831 833 844 850 855 857 858 (60.0)
84: 813 819 830 835 836 840 846 851 852 868 875 (69.0)
85: 800 829 834 838 839 842 843 847 848 867 (75.0)
86: 837 845 869 872 889 (74.0)
87: 841 849 854 860 861 863 866 874 877 881 883 (69.0)
88: 856 859 862 865 870 871 876 879 915 (75.0)
89: 880 888 890 893 899 902 908 (67.0)
90: 864 873 878 886 892 894 896 898 905 920 921 922 (68.0)
91: 882 885 887 897 900 906 911 912 913 925 928 932 935 (75.0)
92: 884 895 901 903 907 910 914 927 945 950 (64.0)
93: 891 904 918 930 933 937 948 (75.0)
94: 909 916 917 919 929 934 936 943 954 956 966 968 977 (73.0)
95: 923 924 926 931 938 940 944 947 949 952 971 (64.0)
96: 939 942 946 951 957 959 974 975 (75.0)
97: 955 963 967 969 972 978 986 (75.0)
98: 941 953 960 961 965 970 979 981 988 (75.0)
99: 958 962 964 973 980 983 984 989 992 (73.0)
100: 976 982 985 987 990 991 993 994 995 996 997 998 999 (74.0)
