Name: 100-20-30
Time: 8.382792949676514 
Result: 2
Solution:  1 0 0 2 1 0 1 0 0 0 4 0 2 3 1 0 3 1 0 2 1 2 2 2 1 3 1 3 3 3 5 3 1 4 2 1 4 3 5 4 2 3 4 6 4 7 1 5 3 4 5 6 7 6 3 5 5 6 2 2 5 6 6 9 5 4 7 8 3 6 7 9 5 6 8 7 8 7 10 8 8 8 9 8 8 8 8 8 10 9 10 6 10 9 6 10 6 10 10 10
0: 1 2 5 7 8 9 11 15 18 (26.0)
1: 0 4 6 14 17 20 24 26 32 35 46 (26.0)
2: 3 12 19 21 22 23 34 40 58 59 (26.0)
3: 13 16 25 27 28 29 31 37 41 48 54 68 (25.0)
4: 10 33 36 39 42 44 49 65 (24.0)
5: 30 38 47 50 55 56 60 64 72 (24.0)
6: 43 51 53 57 61 62 69 73 91 94 96 (25.0)
7: 45 52 66 70 75 77 (25.0)
8: 67 74 76 79 80 81 83 84 85 86 87 (26.0)
9: 63 71 82 89 93 (25.0)
10: 78 88 90 92 95 97 98 99 (25.0)
