Name: 100-50-100
Time: 7.687816381454468 
Result: 8
Solution:  0 1 0 0 0 1 0 0 1 3 2 2 1 2 0 1 0 1 1 2 5 2 2 2 2 3 3 3 3 3 2 1 1 3 0 0 0 4 1 3 5 5 4 4 2 4 4 4 4 7 6 4 2 7 9 6 8 6 5 5 7 5 6 8 4 6 5 8 3 7 8 7 9 7 6 7 6 5 7 9 9 7 6 9 7 8 5 10 9 8 10 10 10 9 10 9 9 8 10 10
0: 0 2 3 4 6 7 14 16 34 35 36 (71.0)
1: 1 5 8 12 15 17 18 31 32 38 (77.0)
2: 10 11 13 19 21 22 23 24 30 44 52 (71.0)
3: 9 25 26 27 28 29 33 39 68 (69.0)
4: 37 42 43 45 46 47 48 51 64 (76.0)
5: 20 40 41 58 59 61 66 77 86 (71.0)
6: 50 55 57 62 65 74 76 82 (74.0)
7: 49 53 60 69 71 73 75 78 81 84 (74.0)
8: 56 63 67 70 85 89 97 (77.0)
9: 54 72 79 80 83 88 93 95 96 (70.0)
10: 87 90 91 92 94 98 99 (69.0)
