Name: 1000-50-100
Time: 26.714534521102905 
Result: 2051
Solution:  0 0 0 0 0 2 3 2 0 3 2 5 0 1 1 1 1 2 2 1 1 1 4 2 1 1 0 1 5 1 3 2 3 4 3 3 4 0 4 6 4 5 6 4 7 3 6 1 6 6 4 5 5 7 4 6 5 6 6 6 6 6 6 10 6 6 7 10 4 6 7 7 9 9 8 11 6 6 4 8 11 8 9 10 10 11 8 9 12 9 10 10 12 9 10 9 13 9 12 11 8 10 11 11 12 11 7 9 9 13 13 11 13 9 10 12 10 11 11 15 13 17 15 13 12 9 14 14 15 10 14 14 16 14 16 14 13 16 12 13 15 16 16 14 12 14 16 15 15 18 15 18 14 16 13 14 17 14 17 14 17 18 14 20 17 19 18 16 16 16 19 16 19 18 18 16 17 17 18 18 22 18 18 17 19 16 19 17 22 22 19 22 21 20 20 19 19 18 21 21 18 20 21 23 20 20 21 23 22 22 24 22 21 23 22 20 20 22 23 24 21 24 21 23 23 22 23 23 23 21 25 26 23 24 23 22 23 22 25 23 24 24 24 26 25 25 28 25 22 29 29 27 26 26 26 25 24 26 26 26 27 27 28 27 27 30 28 28 27 26 24 29 27 32 30 28 28 29 31 31 25 26 30 31 29 28 29 26 29 29 30 31 28 33 27 33 28 28 31 33 33 34 31 30 30 30 30 33 27 32 33 30 33 33 29 28 31 32 31 33 34 31 35 31 29 33 33 33 34 29 35 37 33 35 37 32 33 32 35 35 32 33 33 36 36 34 37 34 39 37 36 37 35 38 36 36 39 34 33 36 39 35 36 36 38 38 36 38 36 37 38 41 35 38 38 35 36 39 38 37 36 40 37 38 37 38 38 39 39 39 43 39 40 41 40 40 42 37 40 42 43 42 41 41 42 41 40 40 43 38 41 41 41 42 39 42 42 42 40 44 45 43 42 45 40 42 41 43 44 44 45 44 44 44 40 46 44 42 44 45 48 46 43 44 46 45 46 43 45 44 47 46 49 48 46 47 44 47 50 45 50 46 48 50 50 46 47 45 49 50 50 46 46 52 47 46 45 49 48 49 50 46 50 52 49 47 46 48 49 50 49 47 47 48 49 49 51 48 49 49 50 51 51 48 48 52 52 52 53 54 51 52 55 52 55 54 50 55 51 52 52 53 53 53 54 50 52 51 52 52 54 52 50 53 53 54 55 55 51 55 59 55 53 56 54 56 56 55 52 58 59 58 54 54 56 56 56 55 58 56 56 57 57 60 59 54 57 58 56 54 57 57 58 58 59 57 59 58 60 58 62 58 59 60 57 59 57 58 60 57 59 62 59 61 59 62 59 64 58 60 61 61 62 61 61 62 61 62 61 63 61 64 62 61 60 58 65 62 60 62 63 64 64 61 63 65 63 62 64 63 65 60 62 67 65 63 65 65 60 64 68 66 65 65 65 63 64 66 62 65 65 66 69 68 66 67 67 63 65 69 65 66 69 67 67 64 69 68 67 64 69 68 68 72 67 68 68 67 69 65 68 66 69 71 69 69 67 66 70 67 70 69 71 70 67 67 70 72 72 73 70 72 70 72 74 70 71 69 72 70 75 72 75 71 71 71 71 69 73 74 75 76 71 72 73 73 70 72 71 73 75 74 73 74 73 74 74 74 75 71 76 73 74 74 75 71 76 74 72 79 76 74 76 78 76 76 74 79 73 80 75 75 73 81 78 76 79 73 77 77 82 76 77 78 79 78 77 80 80 77 77 79 79 78 78 78 80 77 78 79 79 82 81 82 81 79 79 79 79 81 81 82 83 83 80 79 79 81 78 83 81 82 82 86 82 82 80 85 79 80 83 80 80 83 85 83 86 85 83 84 85 83 85 86 86 85 84 82 84 84 85 85 88 87 85 82 86 87 84 84 83 90 86 85 85 85 88 85 84 88 88 86 87 86 89 87 84 88 84 88 87 87 91 87 92 89 88 86 91 88 90 89 87 91 89 89 89 89 91 86 91 91 89 90 91 89 90 90 89 90 91 92 92 94 92 89 92 92 93 93 94 92 92 92 92 93 94 93 92 90 93 93 94 93 91 95 90 91 92 92 97 94 98 92 91 90 91 91 94 95 94 93 92 95 92 95 94 97 95 93 97 96 95 94 95 92 95 94 94 99 96 96 100 98 97 98 97 94 97 96 100 99 99 96 98 98 100 98 98 100 99 100 99 98 99 100 95 97 98 97 99 99 98 100 100 98 100 100 100 100
0: 0 1 2 3 4 8 12 26 37 (51.0)
1: 13 14 15 16 19 20 21 24 25 27 29 47 (52.0)
2: 5 7 10 17 18 23 31 (54.0)
3: 6 9 30 32 34 35 45 (52.0)
4: 22 33 36 38 40 43 50 54 68 78 (54.0)
5: 11 28 41 51 52 56 (50.0)
6: 39 42 46 48 49 55 57 58 59 60 61 62 64 65 69 76 77 (52.0)
7: 44 53 66 70 71 106 (54.0)
8: 74 79 81 86 100 (56.0)
9: 72 73 82 87 89 93 95 97 107 108 113 125 (52.0)
10: 63 67 83 84 90 91 94 101 114 116 129 (56.0)
11: 75 80 85 99 102 103 105 111 117 118 (52.0)
12: 88 92 98 104 115 124 138 144 (54.0)
13: 96 109 110 112 120 123 136 139 154 (52.0)
14: 126 127 130 131 133 135 143 145 152 155 157 159 162 (51.0)
15: 119 122 128 140 147 148 150 (59.0)
16: 132 134 137 141 142 146 153 167 168 169 171 175 185 (60.0)
17: 121 156 158 160 164 176 177 183 187 (57.0)
18: 149 151 161 166 173 174 178 179 181 182 197 200 (58.0)
19: 165 170 172 184 186 190 195 196 (65.0)
20: 163 193 194 201 204 205 215 216 (59.0)
21: 192 198 199 202 206 212 220 222 229 (60.0)
22: 180 188 189 191 208 209 211 214 217 225 235 237 248 (64.0)
23: 203 207 213 218 223 224 226 227 228 232 234 236 239 (56.0)
24: 210 219 221 233 240 241 242 256 270 (55.0)
25: 230 238 244 245 247 255 280 (58.0)
26: 231 243 252 253 254 257 258 259 269 281 287 (60.0)
27: 251 260 261 263 264 268 272 294 308 (58.0)
28: 246 262 266 267 275 276 285 292 296 297 315 (60.0)
29: 249 250 271 277 284 286 288 289 314 324 329 (72.0)
30: 265 274 282 290 303 304 305 306 311 (69.0)
31: 278 279 283 291 298 302 316 318 321 323 (69.0)
32: 273 309 317 335 337 340 (56.0)
33: 293 295 299 300 307 310 312 313 319 325 326 327 332 336 341 342 358 (91.0)
34: 301 320 328 345 347 357 (72.0)
35: 322 330 333 338 339 352 361 372 375 (61.0)
36: 343 344 350 354 355 359 362 363 366 368 376 380 (81.0)
37: 331 334 346 349 351 369 379 382 384 397 (75.0)
38: 353 364 365 367 370 373 374 378 383 385 386 409 (80.0)
39: 348 356 360 377 387 388 389 391 414 (53.0)
40: 381 392 394 395 398 406 407 418 424 434 (71.0)
41: 371 393 402 403 405 410 411 412 426 (81.0)
42: 396 399 401 404 413 415 416 417 422 425 437 (75.0)
43: 390 400 408 421 427 442 447 (57.0)
44: 419 428 429 431 432 433 436 438 443 449 456 (77.0)
45: 420 423 430 439 445 448 459 467 476 (72.0)
46: 435 441 444 446 451 454 461 465 471 472 475 481 486 (92.0)
47: 450 455 457 466 474 485 491 492 (65.0)
48: 440 453 462 478 487 493 497 503 504 (74.0)
49: 452 468 477 479 484 488 490 494 495 498 499 (69.0)
50: 458 460 463 464 469 470 480 482 489 500 516 525 532 (85.0)
51: 496 501 502 510 518 527 538 (68.0)
52: 473 483 505 506 507 511 513 519 520 526 528 529 531 548 (80.0)
53: 508 521 522 523 533 534 542 (59.0)
54: 509 515 524 530 535 544 552 553 565 569 (96.0)
55: 512 514 517 536 537 539 541 547 557 (66.0)
56: 543 545 546 554 555 556 559 560 568 (95.0)
57: 561 562 566 570 571 575 584 586 589 (84.0)
58: 549 551 558 567 572 573 577 579 581 587 598 615 (86.0)
59: 540 550 564 574 576 582 585 590 592 594 596 (88.0)
60: 563 578 583 588 599 614 618 631 638 (84.0)
61: 593 600 601 603 604 606 608 610 613 623 (93.0)
62: 580 591 595 602 605 607 612 617 619 627 632 648 (90.0)
63: 609 620 624 626 629 635 645 657 (67.0)
64: 597 611 621 622 628 639 646 665 669 (80.0)
65: 616 625 630 634 636 637 642 643 644 649 650 658 660 679 (95.0)
66: 641 647 651 654 661 681 687 (75.0)
67: 633 655 656 663 664 668 674 677 686 689 694 695 (80.0)
68: 640 653 667 671 672 675 676 680 (82.0)
69: 652 659 662 666 670 678 682 684 685 691 707 717 (88.0)
70: 688 690 693 696 700 702 705 709 726 (85.0)
71: 683 692 706 713 714 715 716 722 728 739 745 (86.0)
72: 673 697 698 701 703 708 711 723 727 748 (82.0)
73: 699 718 724 725 729 732 734 741 758 762 767 (100.0)
74: 704 719 731 733 735 736 737 742 743 747 751 756 (80.0)
75: 710 712 720 730 738 744 760 761 (100.0)
76: 721 740 746 750 752 754 755 765 771 (93.0)
77: 768 769 772 776 779 780 787 (77.0)
78: 753 764 773 775 783 784 785 788 808 (101.0)
79: 749 757 766 774 781 782 789 790 795 796 797 798 805 806 818 (95.0)
80: 759 777 778 786 804 816 819 821 822 (92.0)
81: 763 792 794 799 800 807 810 (77.0)
82: 770 791 793 801 811 812 814 815 837 845 (86.0)
83: 802 803 809 820 823 825 828 831 850 (99.0)
84: 829 836 838 839 848 849 858 866 868 (81.0)
85: 817 824 827 830 832 835 840 841 844 853 854 855 857 (100.0)
86: 813 826 833 834 846 852 861 863 877 889 (92.0)
87: 843 847 862 865 870 871 873 882 (86.0)
88: 842 856 859 860 867 869 876 879 (100.0)
89: 864 875 881 884 885 886 887 892 895 898 905 (101.0)
90: 851 880 893 896 897 899 919 926 935 (100.0)
91: 872 878 883 888 890 891 894 900 924 927 934 936 937 (94.0)
92: 874 901 902 904 906 907 911 912 913 914 918 928 929 933 942 944 955 (96.0)
93: 908 909 915 917 920 921 923 941 949 (100.0)
94: 903 910 916 922 931 938 940 946 953 957 958 967 (90.0)
95: 925 939 943 945 948 952 954 956 986 (100.0)
96: 951 960 961 969 973 (100.0)
97: 930 947 950 964 966 968 987 989 (100.0)
98: 932 963 965 974 975 977 978 983 988 992 995 (98.0)
99: 959 971 972 980 982 984 990 991 (100.0)
100: 962 970 976 979 981 985 993 994 996 997 998 999 (88.0)
