Name: 100-20-30
Time: 3.4772350788116455 
Result: 4
Solution:  0 0 0 2 2 1 1 0 0 1 1 4 2 1 0 1 2 2 0 1 1 4 3 2 1 1 0 4 1 2 3 3 1 3 3 7 5 4 5 2 2 3 4 6 4 3 2 4 5 5 5 6 6 6 4 5 6 7 3 2 5 5 6 6 4 8 6 9 4 7 7 9 6 8 7 8 8 7 5 10 7 10 9 8 9 8 8 8 10 9 10 7 10 9 8 10 7 10 10 8
0: 0 1 2 7 8 14 18 26 (25.0)
1: 5 6 9 10 13 15 19 20 24 25 28 32 (23.0)
2: 3 4 12 16 17 23 29 39 40 46 59 (23.0)
3: 22 30 31 33 34 41 45 58 (27.0)
4: 11 21 27 37 42 44 47 54 64 68 (23.0)
5: 36 38 48 49 50 55 60 61 78 (27.0)
6: 43 51 52 53 56 62 63 66 72 (26.0)
7: 35 57 69 70 74 77 80 91 96 (27.0)
8: 65 73 75 76 83 85 86 87 94 99 (27.0)
9: 67 71 82 84 89 93 (23.0)
10: 79 81 88 90 92 95 97 98 (26.0)
