Name: 1000-60-125
Time: 28.988333225250244 
Result: 1066
Solution:  0 1 1 0 1 1 3 2 1 1 0 2 0 1 0 1 4 3 3 2 1 0 0 2 3 2 2 3 3 1 5 3 1 4 4 3 4 3 3 1 8 1 2 6 4 3 6 5 6 5 1 5 3 4 6 6 9 8 5 5 4 5 6 9 8 10 6 10 7 8 9 7 5 8 8 9 8 8 9 8 10 7 11 10 8 9 9 9 9 13 13 11 9 10 10 12 10 11 10 7 7 12 10 11 12 12 9 8 12 8 11 12 8 11 14 12 13 10 11 11 13 13 15 13 15 15 13 17 12 14 14 12 13 18 15 15 17 16 15 14 16 15 13 16 15 18 15 15 15 11 16 12 19 16 14 16 13 18 16 15 20 17 16 17 15 16 19 16 19 16 16 17 21 16 16 19 18 16 22 14 20 20 19 19 19 18 19 21 17 21 20 20 24 19 18 20 22 20 19 17 21 22 21 19 21 22 22 22 23 21 18 23 25 22 22 18 21 23 22 23 22 23 22 22 20 21 21 21 25 23 27 23 26 23 23 25 23 22 24 27 23 26 25 24 22 22 28 24 28 25 26 30 28 24 28 28 25 27 24 26 28 27 23 28 26 29 29 27 28 24 27 28 30 31 29 29 26 28 27 30 28 29 29 32 31 27 30 29 30 28 26 29 29 29 30 30 29 33 29 26 27 32 31 30 32 30 27 31 31 30 34 30 33 32 35 29 34 36 32 32 36 32 30 32 33 33 33 36 33 33 35 32 35 32 36 36 30 32 34 34 35 37 32 38 38 36 37 36 33 37 35 36 35 37 34 37 36 37 33 35 35 37 36 40 37 37 40 37 35 33 38 38 41 39 38 38 38 41 37 34 39 38 39 35 38 39 40 40 36 42 40 38 39 39 41 39 39 40 41 40 38 42 43 42 40 38 42 41 42 41 42 40 43 42 39 39 42 38 44 40 45 45 43 43 41 42 45 43 43 44 44 43 43 44 44 45 43 44 45 44 46 44 45 43 46 45 45 45 47 43 43 43 45 45 48 46 43 44 44 44 44 47 48 46 47 47 47 46 47 47 49 45 52 46 44 49 47 46 48 47 50 47 47 52 49 49 48 50 46 49 52 52 48 47 50 49 53 49 52 49 50 51 53 49 54 54 53 48 51 50 52 53 49 52 49 52 54 55 52 53 54 54 52 53 51 50 53 53 50 52 55 53 54 57 53 51 54 51 55 51 52 57 55 55 55 54 57 56 57 54 54 58 54 55 56 55 55 53 58 57 56 54 53 57 56 56 55 58 58 57 60 58 55 59 58 58 60 57 61 59 61 59 59 56 58 58 59 55 59 58 62 62 63 59 60 58 60 60 57 64 61 65 61 60 60 61 63 60 58 61 64 61 60 61 59 62 63 64 60 65 62 61 62 63 63 61 62 61 65 62 67 64 63 64 64 65 63 63 65 67 65 63 63 66 65 65 67 68 65 67 62 67 69 63 65 66 65 65 68 68 67 65 68 66 64 68 66 63 68 70 68 67 64 69 70 67 69 69 69 66 66 69 70 68 69 67 70 71 69 69 70 69 67 70 71 71 70 70 69 66 71 68 70 73 70 73 70 72 70 72 72 71 71 72 72 72 74 75 73 71 73 73 74 75 74 73 74 70 73 71 74 76 72 72 74 75 72 74 78 76 74 76 77 74 76 75 75 73 78 73 78 77 76 80 74 77 80 76 76 77 74 76 77 80 75 79 75 81 80 81 78 77 79 76 79 80 78 78 80 76 81 82 78 77 80 79 77 79 79 81 79 78 76 81 80 78 82 79 82 80 78 81 77 82 81 79 82 81 80 83 82 83 84 82 84 80 83 81 82 83 83 84 82 86 84 79 84 80 85 85 87 84 82 84 82 85 86 83 82 82 85 85 87 85 87 85 84 82 83 85 85 87 86 90 86 85 86 85 83 86 89 85 88 89 87 91 88 84 87 86 89 88 89 87 88 87 85 88 88 89 89 88 90 88 90 89 91 85 88 89 92 94 87 92 91 91 90 92 91 88 93 91 89 91 91 91 87 91 92 90 91 93 92 92 96 88 90 92 95 92 90 94 93 93 94 93 92 96 94 92 95 94 92 92 94 94 96 95 94 94 93 92 97 95 98 94 93 94 93 95 98 97 93 95 96 95 99 93 100 97 94 99 95 97 96 99 96 97 99 100 96 95 100 96 99 99 100 96 95 99 98 97 98 100 98 98 98 100 99 97 99 97 100 100 99 99 98 100 98 100
0: 0 3 10 12 14 21 22 (69.0)
1: 1 2 4 5 8 9 13 15 20 29 32 39 41 50 (60.0)
2: 7 11 19 23 25 26 42 (62.0)
3: 6 17 18 24 27 28 31 35 37 38 45 52 (70.0)
4: 16 33 34 36 44 53 60 (68.0)
5: 30 47 49 51 58 59 61 72 (75.0)
6: 43 46 48 54 55 62 66 (67.0)
7: 68 71 81 99 100 (69.0)
8: 40 57 64 69 73 74 76 77 79 84 107 109 112 (63.0)
9: 56 63 70 75 78 85 86 87 88 92 106 (64.0)
10: 65 67 80 83 93 94 96 98 102 117 (72.0)
11: 82 91 97 103 110 113 118 119 149 (73.0)
12: 95 101 104 105 108 111 115 128 131 151 (67.0)
13: 89 90 116 120 121 123 126 132 142 156 (84.0)
14: 114 129 130 139 154 179 (78.0)
15: 122 124 125 134 135 138 141 144 146 147 148 159 164 (62.0)
16: 137 140 143 150 153 155 158 162 165 167 169 170 173 174 177 (65.0)
17: 127 136 161 163 171 188 199 (73.0)
18: 133 145 157 176 185 194 210 215 (69.0)
19: 152 166 168 175 182 183 184 186 193 198 203 (92.0)
20: 160 180 181 190 191 195 197 224 (78.0)
21: 172 187 189 200 202 204 209 216 225 226 227 (84.0)
22: 178 196 201 205 206 207 213 214 218 220 222 223 237 244 245 (92.0)
23: 208 211 217 219 221 229 231 233 234 236 240 262 (81.0)
24: 192 238 243 247 253 258 269 (88.0)
25: 212 228 235 242 249 256 (75.0)
26: 232 241 250 259 264 276 290 299 (67.0)
27: 230 239 257 261 267 270 278 285 300 306 (82.0)
28: 246 248 252 254 255 260 263 268 271 277 280 289 (91.0)
29: 265 266 274 275 281 282 287 291 292 293 296 298 315 (77.0)
30: 251 272 279 286 288 294 295 303 305 309 311 322 336 (76.0)
31: 273 284 302 307 308 (68.0)
32: 283 301 304 313 318 319 321 323 331 333 337 342 (103.0)
33: 297 312 324 325 326 328 329 348 358 369 (92.0)
34: 310 316 338 339 354 379 (112.0)
35: 314 330 332 340 350 352 359 360 368 383 (74.0)
36: 317 320 327 334 335 345 347 351 356 362 388 (93.0)
37: 341 346 349 353 355 357 361 364 365 367 378 (70.0)
38: 343 344 370 371 374 375 376 381 384 391 400 405 417 (89.0)
39: 373 380 382 385 392 393 395 396 414 415 (99.0)
40: 363 366 386 387 390 397 399 404 411 419 (91.0)
41: 372 377 394 398 407 409 424 (70.0)
42: 389 401 403 406 408 410 413 416 425 (85.0)
43: 402 412 422 423 427 428 431 432 436 443 449 450 451 456 (88.0)
44: 418 429 430 433 434 437 439 441 457 458 459 460 474 (125.0)
45: 420 421 426 435 438 442 445 446 447 452 453 471 (92.0)
46: 440 444 455 463 467 473 477 488 (82.0)
47: 448 461 464 465 466 468 469 476 479 481 482 493 (112.0)
48: 454 462 478 486 492 507 (79.0)
49: 470 475 484 485 489 495 497 499 503 512 514 (106.0)
50: 480 487 494 500 509 525 528 (83.0)
51: 501 508 524 535 537 539 (75.0)
52: 472 483 490 491 498 510 513 515 518 522 529 540 (108.0)
53: 496 502 506 511 519 523 526 527 531 534 557 562 (120.0)
54: 504 505 516 520 521 532 536 545 549 550 552 561 (104.0)
55: 517 530 538 542 543 544 553 555 556 566 572 587 (100.0)
56: 547 554 560 564 565 583 (78.0)
57: 533 541 546 548 559 563 569 577 598 (96.0)
58: 551 558 567 568 571 574 575 584 585 589 595 608 (114.0)
59: 573 579 581 582 586 588 593 614 (84.0)
60: 570 576 594 596 597 603 604 607 612 618 (102.0)
61: 578 580 600 602 605 609 611 613 621 625 627 (95.0)
62: 590 591 615 620 622 626 629 650 (123.0)
63: 592 606 616 623 624 632 636 637 641 642 653 667 (102.0)
64: 599 610 617 631 633 634 664 672 (93.0)
65: 601 619 628 635 638 640 644 645 648 654 656 657 661 (112.0)
66: 643 655 663 666 679 680 699 (116.0)
67: 630 639 646 649 651 660 671 675 685 692 (105.0)
68: 647 658 659 662 665 668 670 683 701 (94.0)
69: 652 673 676 677 678 681 684 688 689 691 698 (125.0)
70: 669 674 682 686 690 693 696 697 702 704 706 708 727 (101.0)
71: 687 694 695 700 711 712 719 729 (125.0)
72: 707 709 710 713 714 715 732 733 736 (86.0)
73: 703 705 718 720 721 725 728 747 749 (107.0)
74: 716 722 724 726 730 734 737 740 743 754 760 (105.0)
75: 717 723 735 745 746 764 766 (115.0)
76: 731 739 741 744 752 757 758 761 773 779 792 (112.0)
77: 742 751 755 759 762 771 783 786 802 (116.0)
78: 738 748 750 770 776 777 782 791 795 800 (125.0)
79: 765 772 774 785 787 788 790 797 805 825 (101.0)
80: 753 756 763 768 775 778 784 794 799 808 815 827 (120.0)
81: 767 769 780 789 793 801 804 807 817 (125.0)
82: 781 796 798 803 806 810 813 818 822 832 834 838 839 847 (111.0)
83: 809 811 816 819 820 837 848 858 (125.0)
84: 812 814 821 824 826 831 833 846 867 (106.0)
85: 828 829 835 840 841 843 845 849 850 855 857 861 876 887 (107.0)
86: 823 836 852 854 856 859 869 (125.0)
87: 830 842 844 851 864 868 873 875 892 906 (125.0)
88: 862 866 871 874 877 878 881 883 888 899 915 (125.0)
89: 860 863 870 872 879 880 885 889 902 (126.0)
90: 853 882 884 896 909 916 920 (106.0)
91: 865 886 894 895 898 901 903 904 905 907 910 (124.0)
92: 890 893 897 908 912 913 917 919 926 929 932 933 941 (123.0)
93: 900 911 922 923 925 940 946 948 952 957 (125.0)
94: 891 921 924 928 931 934 935 938 939 945 947 960 (118.0)
95: 918 930 937 943 949 953 955 962 971 978 (117.0)
96: 914 927 936 954 964 966 970 973 977 (124.0)
97: 942 951 959 963 967 981 989 991 (125.0)
98: 944 950 980 982 984 985 986 996 998 (125.0)
99: 956 961 965 968 974 975 979 988 990 994 995 (124.0)
100: 958 969 972 976 983 987 992 993 997 999 (119.0)
