Name: 1000-60-125
Time: 53.82795596122742 
Result: 67
Solution:  1 0 1 0 1 0 0 1 0 0 0 0 2 1 1 1 4 4 4 2 1 1 2 4 4 3 2 5 3 3 3 4 0 4 4 3 5 4 3 1 6 1 2 5 3 3 6 4 7 5 1 5 4 3 6 2 8 8 5 8 7 5 7 3 8 8 6 6 8 7 6 4 7 9 6 10 8 9 10 6 6 9 11 10 8 9 9 9 12 9 13 11 9 11 14 12 10 12 9 7 12 10 10 11 8 12 8 8 7 10 14 15 8 13 14 13 11 12 10 12 12 13 14 13 10 12 13 14 14 11 13 14 13 13 14 18 11 13 13 15 15 14 13 15 15 16 17 15 17 11 17 12 19 17 13 16 18 17 14 18 18 16 15 15 15 17 16 17 19 16 19 18 20 20 18 21 18 21 19 15 17 19 17 20 18 19 19 19 16 20 21 20 18 17 19 20 20 20 16 16 19 23 21 21 23 22 18 19 19 22 22 21 22 23 21 18 21 23 24 24 25 22 21 19 20 22 20 23 24 23 20 25 22 24 23 24 23 25 21 25 25 24 23 25 24 22 29 23 28 23 26 29 25 27 29 25 26 26 28 25 28 26 24 29 27 28 27 27 28 27 27 28 27 28 27 30 27 24 27 26 31 31 28 32 30 31 29 30 29 28 29 31 29 28 32 30 29 30 28 29 32 31 33 31 31 29 29 30 31 31 35 32 33 32 32 33 36 36 33 33 33 32 31 31 32 31 33 29 34 33 33 35 34 32 35 36 31 31 33 35 36 38 31 36 37 34 38 36 35 35 34 34 34 35 36 33 36 36 34 35 36 38 37 38 37 34 34 35 39 37 37 38 40 38 39 37 38 34 38 39 42 39 37 40 38 40 39 40 37 40 40 38 41 39 44 39 42 44 41 41 42 41 42 39 40 38 39 41 41 41 40 43 44 41 40 38 41 43 43 45 43 43 46 42 40 43 45 44 42 42 44 43 44 45 44 44 46 44 47 43 42 42 45 47 45 41 46 45 45 44 45 44 46 43 49 47 44 45 45 45 46 46 48 44 48 46 44 47 48 47 48 48 48 47 45 49 49 47 50 46 49 47 47 51 45 47 48 46 46 48 52 52 52 46 52 50 50 50 46 51 49 52 51 51 52 53 53 53 51 49 52 53 52 52 51 54 56 51 52 50 52 53 56 55 55 53 52 53 52 51 53 53 53 53 55 55 57 54 52 51 56 55 53 53 55 54 56 54 53 54 54 58 55 56 56 54 55 53 58 55 56 57 54 55 55 60 58 54 58 59 57 59 60 61 58 56 58 56 60 57 57 58 58 63 60 57 59 59 59 58 62 62 62 58 62 59 61 61 57 57 61 62 61 61 60 61 64 60 64 61 63 62 62 64 61 61 63 60 61 64 63 62 65 63 62 61 66 63 66 65 63 64 63 64 65 65 64 66 61 65 68 62 65 67 64 64 67 65 65 66 62 63 68 65 66 65 65 64 68 64 67 67 67 67 66 67 67 65 66 70 72 69 65 71 70 67 68 68 71 71 70 69 68 70 69 69 69 69 69 71 68 70 66 71 68 68 70 70 72 66 72 70 70 69 70 70 67 71 72 73 71 71 73 70 72 73 74 76 73 71 72 73 76 72 74 72 75 71 74 73 74 76 73 77 72 74 74 74 74 75 76 74 78 74 76 74 76 76 76 74 77 78 76 77 73 76 79 76 77 80 78 76 77 77 75 79 75 78 77 75 77 77 76 77 82 81 78 77 79 78 77 83 78 81 81 80 78 80 79 79 80 82 78 80 79 80 83 77 82 80 81 81 80 82 82 80 80 81 83 79 84 84 86 83 78 81 80 86 82 83 83 81 83 81 85 82 83 83 84 85 83 82 84 84 81 84 85 83 81 82 86 86 85 85 87 87 84 82 85 86 84 88 87 84 88 85 86 89 86 84 87 88 84 88 87 89 86 88 87 86 89 87 89 89 88 91 89 88 87 89 91 91 89 93 87 90 89 90 89 90 88 94 89 91 91 89 86 92 91 91 95 91 90 92 90 89 92 90 92 91 92 91 91 92 95 93 90 96 90 94 89 93 94 93 94 93 91 93 94 93 94 95 95 92 95 94 94 95 94 94 97 93 96 95 94 95 94 95 96 96 96 93 97 98 97 95 98 93 99 93 97 94 94 97 97 97 98 96 97 99 95 96 98 96 99 99 100 97 97 98 98 99 99 100 99 100 99 99 99 98 100 99 100 98 97 99 99 100 100 100
0: 1 3 5 6 8 9 10 11 32 (62.0)
1: 0 2 4 7 13 14 15 20 21 39 41 50 (61.0)
2: 12 19 22 26 42 55 (62.0)
3: 25 28 29 30 35 38 44 45 53 63 (73.0)
4: 16 17 18 23 24 31 33 34 37 47 52 71 (69.0)
5: 27 36 43 49 51 58 61 (70.0)
6: 40 46 54 66 67 70 74 79 80 (66.0)
7: 48 60 62 69 72 99 108 (66.0)
8: 56 57 59 64 65 68 76 84 104 106 107 112 (65.0)
9: 73 77 81 85 86 87 89 92 98 (79.0)
10: 75 78 83 96 101 102 109 118 124 (74.0)
11: 82 91 93 103 116 129 136 149 (80.0)
12: 88 95 97 100 105 117 119 120 125 151 (80.0)
13: 90 113 115 121 123 126 130 132 133 137 138 142 154 (94.0)
14: 94 110 114 122 127 128 131 134 141 158 (69.0)
15: 111 139 140 143 144 147 162 163 164 179 (71.0)
16: 145 155 161 166 169 188 198 199 (74.0)
17: 146 148 150 153 157 165 167 180 182 193 (71.0)
18: 135 156 159 160 171 174 176 184 192 206 215 (78.0)
19: 152 168 170 178 181 185 186 187 194 200 207 208 223 (76.0)
20: 172 173 183 189 191 195 196 197 224 226 230 (82.0)
21: 175 177 190 202 203 211 214 216 222 238 (89.0)
22: 205 209 210 212 221 225 232 245 (75.0)
23: 201 204 213 217 227 229 234 236 242 247 249 (77.0)
24: 218 219 228 233 235 241 244 262 277 (78.0)
25: 220 231 237 239 240 243 252 255 259 (65.0)
26: 250 256 257 261 279 (65.0)
27: 253 264 266 267 269 270 272 274 276 278 (83.0)
28: 248 258 260 265 268 271 273 282 289 293 298 (77.0)
29: 246 251 254 263 286 288 290 292 296 299 305 306 327 (76.0)
30: 275 284 287 295 297 307 (74.0)
31: 280 281 285 291 301 303 304 308 309 322 323 325 336 337 342 (90.0)
32: 283 294 300 311 313 314 321 324 333 (80.0)
33: 302 312 315 318 319 320 326 329 330 338 355 (97.0)
34: 328 332 345 350 351 352 358 365 366 377 (81.0)
35: 310 331 334 339 348 349 353 359 367 (92.0)
36: 316 317 335 340 343 347 354 356 357 360 (95.0)
37: 344 362 364 369 370 375 382 388 (72.0)
38: 341 346 361 363 371 373 376 378 384 391 405 415 (77.0)
39: 368 374 379 381 386 393 395 403 406 (89.0)
40: 372 383 385 387 389 390 404 410 414 424 (92.0)
41: 392 398 399 401 407 408 409 413 416 445 (125.0)
42: 380 396 400 402 423 428 429 440 441 (107.0)
43: 411 417 418 420 421 425 431 439 453 (91.0)
44: 394 397 412 427 430 432 434 435 437 449 451 456 463 466 (83.0)
45: 419 426 433 442 444 447 448 450 457 458 459 474 484 (117.0)
46: 422 436 446 452 460 461 465 479 487 488 493 498 (102.0)
47: 438 443 455 467 469 473 477 481 482 485 (79.0)
48: 462 464 468 470 471 472 486 489 (67.0)
49: 454 475 476 480 500 509 (70.0)
50: 478 495 496 497 519 (99.0)
51: 483 499 502 503 508 514 517 529 539 (92.0)
52: 490 491 492 494 501 504 510 512 513 518 520 526 528 538 (125.0)
53: 505 506 507 511 521 525 527 530 531 532 533 542 543 548 557 (99.0)
54: 515 537 545 547 549 550 555 562 567 (108.0)
55: 523 524 534 535 541 544 552 556 559 563 564 (112.0)
56: 516 522 540 546 553 554 560 575 577 (90.0)
57: 536 561 570 579 580 585 598 599 (93.0)
58: 551 558 566 568 574 576 581 582 589 593 (99.0)
59: 569 571 586 587 588 595 (73.0)
60: 565 572 578 584 604 607 617 (65.0)
61: 573 596 597 600 602 603 605 609 614 615 618 625 638 (112.0)
62: 590 591 592 594 601 611 612 621 624 641 650 (99.0)
63: 583 610 616 620 623 627 630 632 651 (106.0)
64: 606 608 613 619 631 633 636 644 645 657 659 (124.0)
65: 622 629 634 635 639 642 647 648 653 655 656 667 672 (114.0)
66: 626 628 637 649 654 664 668 692 699 (115.0)
67: 643 646 660 661 662 663 665 666 675 706 (102.0)
68: 640 652 658 676 677 682 690 694 695 (105.0)
69: 671 681 684 685 686 687 688 703 (86.0)
70: 669 674 680 683 691 696 697 701 702 704 705 713 (96.0)
71: 673 678 679 689 693 707 710 711 719 727 (115.0)
72: 670 698 700 708 714 720 723 725 734 (125.0)
73: 709 712 715 718 721 729 732 754 (98.0)
74: 716 724 728 730 735 736 737 738 741 743 745 749 (118.0)
75: 726 739 764 766 769 (108.0)
76: 717 722 731 740 744 746 747 748 752 755 757 761 772 (110.0)
77: 733 750 753 758 762 763 768 770 771 773 777 780 797 (123.0)
78: 742 751 760 767 776 779 782 786 792 814 (99.0)
79: 756 765 778 788 789 794 809 (125.0)
80: 759 785 787 790 793 795 799 802 805 806 816 (122.0)
81: 775 783 784 800 801 807 815 821 823 834 838 (125.0)
82: 774 791 798 803 804 818 825 831 839 847 (90.0)
83: 781 796 808 813 819 820 822 826 827 830 837 (125.0)
84: 810 811 828 832 833 835 846 850 853 859 862 (116.0)
85: 824 829 836 842 843 848 855 (126.0)
86: 812 817 840 841 849 856 858 866 869 896 (127.0)
87: 844 845 852 860 864 868 871 878 884 (128.0)
88: 851 854 861 863 867 874 877 890 (125.0)
89: 857 865 870 872 873 876 879 882 886 888 892 895 905 920 (116.0)
90: 885 887 889 902 904 907 916 918 (125.0)
91: 875 880 881 893 894 898 899 901 909 911 912 926 (106.0)
92: 897 903 906 908 910 913 933 (125.0)
93: 883 915 921 923 925 927 929 941 951 957 959 (126.0)
94: 891 919 922 924 928 930 935 936 938 939 944 946 961 962 (120.0)
95: 900 914 931 932 934 937 943 945 947 955 970 (124.0)
96: 917 942 948 949 950 967 971 973 (125.0)
97: 940 952 954 960 963 964 965 968 977 978 994 (125.0)
98: 953 956 966 972 979 980 989 993 (125.0)
99: 958 969 974 975 981 982 984 986 987 988 991 995 996 (125.0)
100: 976 983 985 990 992 997 998 999 (122.0)
