Name: 1000-20-30
Time: 58.46587324142456 
Result: 12
Solution:  3 0 3 0 0 0 0 3 1 4 1 3 3 0 1 2 2 2 3 0 3 6 4 3 0 1 2 1 3 0 6 2 2 2 4 0 4 6 4 4 4 3 3 3 4 1 3 7 5 4 7 7 7 5 3 5 8 6 6 4 6 7 5 6 11 10 7 7 9 10 7 9 7 8 8 8 7 6 11 8 8 5 12 7 12 9 10 8 9 9 10 9 9 9 13 7 10 10 8 10 12 13 10 11 10 11 12 8 12 13 13 12 11 11 12 12 8 10 14 14 15 12 13 12 10 12 11 13 14 11 11 15 14 14 12 16 16 13 12 11 14 11 14 15 11 13 17 15 16 15 17 16 15 16 18 18 16 19 15 16 15 16 18 13 15 15 13 18 16 18 19 20 18 16 19 18 18 19 19 16 17 18 19 19 21 18 19 22 18 15 23 21 20 18 18 20 21 20 19 20 18 23 21 24 18 20 20 21 21 19 23 22 24 23 20 22 22 23 23 22 24 22 27 23 20 20 24 24 22 24 24 25 24 23 25 27 26 23 20 24 22 26 25 25 25 25 24 27 24 21 26 24 24 24 26 30 24 25 26 27 25 27 26 26 31 26 27 30 28 29 29 27 28 30 31 27 28 25 29 30 30 30 28 29 32 30 30 29 30 31 28 30 30 26 28 29 33 29 30 29 34 30 30 31 31 31 31 32 33 32 34 33 29 31 34 30 32 34 36 33 32 35 34 31 31 29 33 34 31 31 35 34 34 31 33 31 34 32 33 34 36 34 35 38 37 31 33 35 36 36 37 35 38 34 34 36 37 39 38 40 38 38 36 37 39 37 34 38 39 37 36 38 36 39 38 38 39 38 38 35 40 40 37 37 39 37 38 39 38 41 39 39 40 36 42 42 39 40 36 41 39 42 40 42 45 40 45 42 42 40 44 40 46 43 43 42 42 42 44 43 40 42 47 43 46 45 44 47 43 41 44 44 46 43 43 43 44 42 43 41 45 45 46 48 47 44 43 46 44 45 47 45 47 47 48 46 43 43 46 47 45 44 47 48 48 49 48 48 43 51 45 50 49 48 51 46 47 50 48 47 47 47 48 53 47 46 52 48 50 51 48 49 49 50 51 48 52 49 51 50 53 53 55 53 50 50 55 52 52 49 50 53 52 52 51 49 52 48 51 54 55 52 54 54 54 54 55 53 52 52 53 52 51 54 53 55 56 54 53 54 56 55 54 58 53 51 56 55 53 52 57 54 56 56 60 58 60 56 53 57 55 56 54 59 55 55 59 59 59 57 62 59 58 61 59 59 54 58 60 57 58 55 59 58 58 61 58 55 58 60 58 61 58 61 60 61 60 60 59 61 61 61 60 62 59 59 61 60 58 64 63 62 61 60 61 63 63 62 62 65 62 63 65 61 64 63 66 60 64 66 62 60 65 62 65 66 62 66 61 63 62 65 66 64 64 67 68 65 62 66 66 68 65 66 64 67 68 65 67 66 67 66 67 67 67 67 65 64 71 66 69 69 67 69 68 69 66 65 72 67 67 68 70 69 69 70 65 68 68 70 68 70 66 70 71 68 70 74 69 68 70 69 72 70 71 70 72 73 70 72 71 72 75 73 73 74 74 71 71 71 73 73 72 70 74 75 76 72 75 75 72 78 75 72 76 74 71 76 71 74 75 75 74 76 77 71 76 73 78 74 78 73 74 75 77 78 79 76 72 76 80 75 78 81 78 77 76 77 77 77 76 75 77 77 77 78 78 78 79 76 79 78 77 75 79 81 80 79 81 82 82 82 82 80 80 78 81 81 79 81 80 83 84 78 80 79 79 83 81 83 82 82 85 82 84 80 85 82 82 80 83 81 83 84 83 84 84 81 84 83 85 85 83 86 86 82 81 86 83 84 85 83 87 85 84 83 88 84 82 85 87 86 89 86 84 89 86 84 88 84 89 91 84 87 88 87 88 84 88 86 91 90 89 88 89 85 86 87 84 86 87 89 90 89 89 89 90 90 88 88 91 89 89 89 89 90 89 92 91 93 93 94 91 89 88 90 90 91 88 91 93 91 94 92 95 90 88 92 92 91 90 91 95 91 92 93 91 95 95 94 93 95 96 95 96 93 98 93 94 92 95 98 99 98 97 95 95 96 96 95 99 96 97 95 96 93 99 96 96 96 94 96 99 97 96 96 97 97 94 98 96 97 96 97 100 98 98 100 98 98 97 97 98 99 98 97 96 97 99 100 100 99 98 99 98 98 99 99 100 96
0: 1 3 4 5 6 13 19 24 29 35 (20.0)
1: 8 10 14 25 27 45 (23.0)
2: 15 16 17 26 31 32 33 (21.0)
3: 0 2 7 11 12 18 20 23 28 41 42 43 46 54 (20.0)
4: 9 22 34 36 38 39 40 44 49 59 (20.0)
5: 48 53 55 62 81 (21.0)
6: 21 30 37 57 58 60 63 77 (20.0)
7: 47 50 51 52 61 66 67 70 72 76 83 95 (20.0)
8: 56 73 74 75 79 80 87 98 107 116 (20.0)
9: 68 71 85 88 89 91 92 93 (22.0)
10: 65 69 86 90 96 97 99 102 104 117 124 (20.0)
11: 64 78 103 105 112 113 126 129 130 139 141 144 (20.0)
12: 82 84 100 106 108 111 114 115 121 123 125 134 138 (22.0)
13: 94 101 109 110 122 127 137 145 163 166 (21.0)
14: 118 119 128 132 133 140 142 (24.0)
15: 120 131 143 147 149 152 158 160 164 165 189 (21.0)
16: 135 136 148 151 153 156 159 161 168 173 179 (20.0)
17: 146 150 180 (22.0)
18: 154 155 162 167 169 172 175 176 181 185 188 193 194 200 204 (19.0)
19: 157 170 174 177 178 182 183 186 198 209 (19.0)
20: 171 192 195 197 199 205 206 214 224 225 238 (23.0)
21: 184 191 196 202 207 208 249 (21.0)
22: 187 211 215 216 219 221 228 240 (24.0)
23: 190 201 210 213 217 218 223 233 237 (22.0)
24: 203 212 220 226 227 229 230 232 239 246 248 251 252 253 256 (24.0)
25: 231 234 242 243 244 245 257 260 277 (23.0)
26: 236 241 250 254 258 262 263 265 293 (24.0)
27: 222 235 247 259 261 266 271 275 (23.0)
28: 268 272 276 282 290 294 (22.0)
29: 269 270 278 283 287 295 297 299 312 325 (22.0)
30: 255 267 273 279 280 281 285 286 288 291 292 298 301 302 315 (25.0)
31: 264 274 289 303 304 305 306 313 323 324 328 329 333 335 345 (23.0)
32: 284 307 309 316 320 337 (24.0)
33: 296 308 311 319 326 334 338 346 (23.0)
34: 300 310 314 317 322 327 331 332 336 339 341 353 354 366 (21.0)
35: 321 330 342 347 351 379 (23.0)
36: 318 340 348 349 355 362 370 372 393 398 (24.0)
37: 344 350 356 363 365 369 382 383 385 (24.0)
38: 343 352 358 360 361 367 371 374 375 377 378 386 388 (25.0)
39: 357 364 368 373 376 384 387 390 391 396 400 (23.0)
40: 359 380 381 392 397 402 405 409 411 420 (29.0)
41: 389 399 429 439 (23.0)
42: 394 395 401 403 407 408 415 416 417 421 437 (25.0)
43: 413 414 419 423 428 433 434 435 438 446 456 457 468 (26.0)
44: 410 418 426 430 431 436 445 448 461 (22.0)
45: 404 406 425 440 441 449 451 460 470 (23.0)
46: 412 424 432 442 447 455 458 475 485 (23.0)
47: 422 427 444 450 452 453 459 462 476 479 480 481 484 (30.0)
48: 443 454 463 464 466 467 473 478 482 487 490 495 517 (26.0)
49: 465 472 491 492 497 509 515 (22.0)
50: 471 477 488 493 499 504 505 510 (21.0)
51: 469 474 489 494 498 514 518 532 545 (22.0)
52: 486 496 507 508 512 513 516 521 528 529 531 549 (28.0)
53: 483 500 501 503 511 527 530 534 538 544 548 558 (28.0)
54: 519 522 523 524 525 533 537 539 542 551 562 576 (21.0)
55: 502 506 520 526 535 541 547 560 564 565 581 587 (27.0)
56: 536 540 546 552 553 557 561 (27.0)
57: 550 559 569 579 (22.0)
58: 543 555 572 577 580 583 584 586 588 590 592 608 (25.0)
59: 563 566 567 568 571 574 575 582 598 604 605 (28.0)
60: 554 556 578 589 594 596 597 602 607 613 627 631 (30.0)
61: 573 585 591 593 595 599 600 601 606 612 614 623 638 (29.0)
62: 570 603 611 617 618 620 630 633 636 640 648 (28.0)
63: 610 615 616 621 625 639 (26.0)
64: 609 624 628 643 644 654 667 (26.0)
65: 619 622 632 634 641 647 652 657 666 677 686 (30.0)
66: 626 629 635 637 642 649 650 653 659 661 669 676 692 (27.0)
67: 645 655 658 660 662 663 664 665 672 679 680 (28.0)
68: 646 651 656 674 681 687 688 690 695 699 (29.0)
69: 670 671 673 675 683 684 698 701 (22.0)
70: 682 685 689 691 693 696 700 703 705 708 723 (29.0)
71: 668 694 704 710 717 718 719 736 738 745 (26.0)
72: 678 702 706 709 711 722 727 730 733 758 (24.0)
73: 707 713 714 720 721 747 751 (26.0)
74: 697 715 716 724 735 739 742 749 752 (29.0)
75: 712 725 728 729 732 740 741 753 761 771 783 (27.0)
76: 726 734 737 743 746 757 759 766 770 779 (30.0)
77: 744 754 765 767 768 769 772 773 774 782 (30.0)
78: 731 748 750 755 762 764 775 776 777 781 795 803 (30.0)
79: 756 778 780 784 787 798 805 806 (27.0)
80: 760 786 793 794 800 804 815 819 (30.0)
81: 763 785 788 796 797 799 808 821 827 836 (30.0)
82: 789 790 791 792 810 811 813 817 818 835 848 (26.0)
83: 801 807 809 820 822 824 829 832 838 841 845 (30.0)
84: 802 814 823 825 826 828 839 844 847 854 857 859 862 867 878 (30.0)
85: 812 816 830 831 840 843 849 875 (30.0)
86: 833 834 837 851 853 856 869 876 879 (30.0)
87: 842 850 863 865 877 880 (24.0)
88: 846 858 864 866 868 873 888 889 904 908 916 (30.0)
89: 852 855 860 872 874 881 883 884 885 891 892 893 894 896 903 (31.0)
90: 871 882 886 887 895 905 906 915 920 (31.0)
91: 861 870 890 898 902 907 909 911 919 921 923 926 (29.0)
92: 897 913 917 918 924 939 (31.0)
93: 899 900 910 925 930 935 937 955 (30.0)
94: 901 912 929 938 960 968 (30.0)
95: 914 922 927 928 931 933 940 945 946 949 953 (30.0)
96: 932 934 947 948 951 954 957 958 959 961 964 965 970 972 986 999 (28.0)
97: 944 952 963 966 967 971 973 980 981 985 987 (30.0)
98: 936 941 943 969 975 976 978 979 982 984 992 994 995 (30.0)
99: 942 950 956 962 983 988 991 993 996 997 (25.0)
100: 974 977 989 990 998 (30.0)
