Name: 1000-30-50
Time: 55.70956301689148 
Result: 20
Solution:  0 0 1 0 3 3 3 1 0 2 1 1 3 0 1 0 1 0 3 2 3 3 0 2 3 1 5 4 3 2 7 3 2 3 0 2 2 5 3 6 3 4 5 6 4 6 8 3 3 5 3 8 5 7 2 7 7 4 3 6 6 7 7 7 7 5 8 7 5 5 5 3 9 9 9 8 10 7 9 8 5 6 9 10 9 9 9 7 10 7 11 9 10 13 10 11 10 10 9 13 11 9 13 12 13 12 9 11 12 12 15 12 12 13 10 11 13 13 16 14 12 11 9 16 13 13 14 13 15 14 12 16 15 13 12 10 18 14 14 10 15 14 13 14 14 13 16 13 14 14 15 19 17 13 19 17 15 17 18 19 18 17 13 17 18 20 18 14 13 18 18 16 17 19 20 16 20 17 18 21 19 19 18 21 19 19 20 19 19 17 20 22 20 20 20 20 20 16 19 20 24 24 20 18 20 24 21 21 18 23 24 24 18 19 21 22 19 19 21 25 23 27 23 23 26 25 26 23 20 25 22 23 24 25 25 24 24 24 25 25 23 25 27 27 22 29 25 27 26 26 26 25 26 27 25 27 25 26 27 28 26 25 28 30 27 27 27 26 27 24 28 27 28 28 32 28 29 26 28 31 28 31 32 32 28 30 30 28 31 29 31 30 29 26 30 34 32 31 33 29 27 31 31 30 30 32 29 32 32 32 32 35 31 33 33 33 29 30 31 29 30 33 35 33 34 34 34 33 30 30 34 33 32 35 34 33 35 33 34 33 36 35 35 33 35 33 33 34 36 35 37 36 35 33 36 37 33 36 36 38 37 36 37 40 38 40 38 34 39 36 38 36 41 38 38 39 38 41 41 38 39 40 39 39 38 36 39 38 40 39 42 40 42 42 42 41 41 38 43 40 41 43 41 45 44 43 43 42 42 42 41 41 45 38 42 42 43 39 39 40 41 43 40 45 43 45 43 39 43 44 44 42 40 42 46 48 46 45 43 42 47 47 48 46 45 44 45 44 46 45 45 43 49 43 47 45 46 45 46 44 47 44 47 47 48 45 45 46 47 47 48 47 49 50 48 47 52 50 49 49 45 47 46 48 51 52 49 49 53 50 52 50 50 51 48 46 54 48 50 50 48 55 51 51 51 49 49 50 48 48 51 51 53 55 49 52 53 51 53 51 53 53 55 53 53 50 51 55 54 56 51 53 54 57 53 54 55 53 54 51 54 53 54 55 56 55 57 57 56 57 53 54 54 53 56 54 59 56 52 59 56 57 58 57 57 59 56 57 55 58 58 60 61 57 58 58 55 61 57 61 55 59 57 60 60 55 57 57 60 59 60 58 60 60 58 58 60 61 61 59 58 61 61 59 61 64 57 60 60 62 61 61 62 62 63 61 61 63 62 61 64 65 63 64 62 62 65 65 67 65 63 64 68 62 66 65 64 65 66 65 63 64 65 62 68 65 65 63 66 64 64 65 67 66 68 62 69 66 67 65 67 66 66 67 69 68 66 69 70 66 68 66 68 69 70 69 67 68 66 67 67 68 69 72 66 71 69 69 68 70 72 68 70 68 69 69 66 70 70 70 72 71 73 71 71 70 71 73 67 70 74 74 71 72 72 74 72 72 71 75 74 74 74 75 74 72 77 70 71 71 72 71 73 75 71 74 72 77 74 74 76 75 76 77 75 74 77 73 72 74 78 76 76 74 77 76 74 73 74 75 75 75 78 79 80 78 80 76 78 77 76 78 78 76 77 75 80 75 77 77 80 76 75 76 78 78 79 79 82 78 80 79 77 81 80 82 79 77 80 79 82 81 81 81 81 81 81 82 79 81 82 83 83 81 82 85 82 78 81 83 86 86 82 84 83 81 81 80 81 85 87 81 85 85 84 84 82 84 83 85 82 85 84 84 85 88 86 85 86 89 83 86 88 87 88 86 83 88 86 84 89 90 86 86 89 86 87 89 87 89 87 86 87 86 88 84 86 88 86 88 91 88 92 87 91 87 89 92 88 90 91 90 88 90 91 89 89 89 93 90 91 91 92 90 91 87 89 92 91 88 92 93 92 96 95 91 93 92 93 89 95 91 97 93 93 93 89 92 92 96 93 98 94 91 93 92 92 96 95 95 94 99 94 92 93 94 91 98 92 96 92 94 99 94 100 97 96 96 96 98 97 99 94 98 98 96 97 95 99 94 97 95 99 99 97 95 97 99 98 96 100 100 99 100 97 97 99 100 98 97 100 99 100 100 98 97 99 98 97 100
0: 0 1 3 8 13 15 17 22 34 (30.0)
1: 2 7 10 11 14 16 25 (31.0)
2: 9 19 23 29 32 35 36 54 (31.0)
3: 4 5 6 12 18 20 21 24 28 31 33 38 40 47 48 50 58 71 (30.0)
4: 27 41 44 57 (31.0)
5: 26 37 42 49 52 65 68 69 70 80 (32.0)
6: 39 43 45 59 60 81 (34.0)
7: 30 53 55 56 61 62 63 64 67 77 87 89 (31.0)
8: 46 51 66 75 79 (32.0)
9: 72 73 74 78 82 84 85 86 91 98 101 106 122 (30.0)
10: 76 83 88 92 94 96 97 114 135 139 (30.0)
11: 90 95 100 107 115 121 (31.0)
12: 103 105 108 109 111 112 120 130 134 (34.0)
13: 93 99 102 104 113 116 117 124 125 127 133 142 145 147 153 162 168 (31.0)
14: 119 126 129 137 138 141 143 144 148 149 167 (36.0)
15: 110 128 132 140 150 156 (33.0)
16: 118 123 131 146 171 175 197 (31.0)
17: 152 155 157 161 163 172 177 189 (37.0)
18: 136 158 160 164 166 169 170 178 182 203 208 212 (35.0)
19: 151 154 159 173 180 181 184 185 187 188 198 213 216 217 (30.0)
20: 165 174 176 186 190 192 193 194 195 196 199 202 204 228 (34.0)
21: 179 183 206 207 214 218 (32.0)
22: 191 215 230 244 (34.0)
23: 209 220 222 223 227 231 240 (32.0)
24: 200 201 205 210 211 232 235 236 237 269 (35.0)
25: 219 225 229 233 234 238 239 241 246 251 254 256 261 (45.0)
26: 224 226 248 249 250 252 257 260 267 277 293 (38.0)
27: 221 242 243 247 253 255 258 264 265 266 268 271 300 (39.0)
28: 259 262 270 272 273 275 278 280 284 287 (38.0)
29: 245 276 289 292 299 306 316 319 (34.0)
30: 263 285 286 291 294 303 304 317 320 328 329 (42.0)
31: 279 281 288 290 297 301 302 312 318 (37.0)
32: 274 282 283 296 305 307 308 309 310 332 (33.0)
33: 298 313 314 315 321 323 327 331 335 337 339 343 345 346 353 356 (33.0)
34: 295 324 325 326 330 334 338 347 367 (33.0)
35: 311 322 333 336 341 342 344 349 352 (34.0)
36: 340 348 351 354 357 358 361 369 371 385 (35.0)
37: 350 355 360 362 (35.0)
38: 359 364 366 370 373 374 376 379 384 387 397 413 (38.0)
39: 368 375 380 382 383 386 389 417 418 427 (40.0)
40: 363 365 381 388 391 399 419 422 432 (41.0)
41: 372 377 378 395 396 400 402 410 411 420 (42.0)
42: 390 392 393 394 407 408 409 414 415 431 433 439 (41.0)
43: 398 401 405 406 416 421 424 426 428 438 451 453 (42.0)
44: 404 429 430 445 447 459 461 (36.0)
45: 403 412 423 425 437 444 446 449 450 455 457 465 466 480 (44.0)
46: 434 436 443 448 456 458 467 482 495 (34.0)
47: 440 441 454 460 462 463 468 469 471 475 481 (43.0)
48: 435 442 464 470 474 483 494 497 500 508 509 (37.0)
49: 452 472 478 479 486 487 505 506 514 (40.0)
50: 473 477 489 491 492 498 499 507 525 (46.0)
51: 484 493 502 503 504 510 511 517 519 526 530 539 (38.0)
52: 476 485 490 515 558 (39.0)
53: 488 512 516 518 520 521 523 524 531 534 537 541 550 553 (41.0)
54: 496 528 532 535 538 540 542 551 552 555 (46.0)
55: 501 513 522 527 536 543 545 568 576 580 585 (40.0)
56: 529 544 548 554 557 560 566 (37.0)
57: 533 546 547 549 561 563 564 567 573 578 582 586 587 606 (36.0)
58: 562 569 570 574 575 591 594 595 600 (40.0)
59: 556 559 565 581 589 599 603 (34.0)
60: 571 583 584 588 590 592 593 596 607 608 (43.0)
61: 572 577 579 597 598 601 602 604 610 611 615 616 619 (44.0)
62: 609 612 613 618 624 625 633 643 655 (43.0)
63: 614 617 622 630 640 647 (44.0)
64: 605 620 623 631 636 641 649 650 (39.0)
65: 621 626 627 629 635 637 639 642 645 646 651 659 (43.0)
66: 634 638 648 653 657 661 662 666 669 671 678 684 696 (50.0)
67: 628 652 658 660 663 676 679 680 708 (41.0)
68: 632 644 654 665 670 672 677 681 688 691 693 (46.0)
69: 656 664 667 673 675 682 686 687 694 695 (42.0)
70: 668 674 689 692 697 698 699 705 709 727 (49.0)
71: 685 701 703 704 706 712 718 728 729 731 734 (48.0)
72: 683 690 700 713 714 716 717 725 730 736 748 (50.0)
73: 702 707 732 747 757 (40.0)
74: 710 711 715 720 721 722 724 735 738 739 745 749 753 756 758 (47.0)
75: 719 723 733 741 744 759 760 761 775 777 782 (43.0)
76: 740 742 751 752 755 767 770 773 781 783 (43.0)
77: 726 737 743 746 754 769 774 778 779 792 797 (50.0)
78: 750 762 765 768 771 772 784 785 789 817 (47.0)
79: 763 786 787 791 796 799 808 (33.0)
80: 764 766 776 780 790 794 798 827 (41.0)
81: 793 801 802 803 804 805 806 809 813 818 825 826 828 831 (43.0)
82: 788 795 800 807 810 814 816 822 836 840 (48.0)
83: 811 812 819 824 838 850 856 (48.0)
84: 823 834 835 837 842 843 859 875 (50.0)
85: 815 829 832 833 839 841 844 847 (34.0)
86: 820 821 846 848 851 855 858 862 863 865 871 873 876 878 (46.0)
87: 830 853 866 868 870 872 883 885 905 (47.0)
88: 845 852 854 857 874 877 879 881 888 892 909 (43.0)
89: 849 860 864 867 869 886 895 896 897 906 919 926 (50.0)
90: 861 889 891 893 899 903 (50.0)
91: 880 884 890 894 900 901 904 908 915 921 933 946 (50.0)
92: 882 887 902 907 910 912 917 927 928 935 936 943 948 950 (49.0)
93: 898 911 916 918 923 924 925 930 934 944 (50.0)
94: 932 940 942 945 951 953 962 969 (50.0)
95: 914 920 938 939 967 971 975 (50.0)
96: 913 929 937 949 956 957 958 965 979 (50.0)
97: 922 955 960 966 970 974 976 984 985 989 995 998 (50.0)
98: 931 947 959 963 964 978 988 994 997 (40.0)
99: 941 952 961 968 972 973 977 982 986 991 996 (50.0)
100: 954 980 981 983 987 990 992 993 999 (50.0)
