Name: 100-60-125
Time: 3.4697370529174805 
Result: 14
Solution:  0 0 0 0 0 2 2 2 0 2 1 0 0 0 3 1 0 1 1 0 2 3 3 3 1 0 1 4 3 2 1 1 2 3 3 1 4 2 1 2 2 4 1 0 2 7 5 6 6 4 7 5 2 2 5 8 8 10 5 5 5 6 8 6 7 5 4 9 6 7 5 7 6 9 9 6 8 4 10 8 8 10 10 9 10 6 6 8 9 9 9 9 8 10 7 8 9 7 9 10
0: 0 1 2 3 4 8 11 12 13 16 19 25 43 (83.0)
1: 10 15 17 18 24 26 30 31 35 38 42 (89.0)
2: 5 6 7 9 20 29 32 37 39 40 44 52 53 (88.0)
3: 14 21 22 23 28 33 34 (83.0)
4: 27 36 41 49 66 77 (97.0)
5: 46 51 54 58 59 60 65 70 (83.0)
6: 47 48 61 63 68 72 75 85 86 (95.0)
7: 45 50 64 69 71 94 97 (95.0)
8: 55 56 62 76 79 80 87 92 95 (97.0)
9: 67 73 74 83 88 89 90 91 96 98 (91.0)
10: 57 78 81 82 84 93 99 (97.0)
