Name: 1000-30-50
Time: 26.75641703605652 
Result: 1021
Solution:  0 0 2 0 0 3 3 1 0 1 1 2 3 1 3 3 1 1 2 1 4 4 0 0 4 5 1 5 3 2 0 4 2 5 0 5 5 4 4 5 4 3 3 4 6 4 7 4 3 3 4 7 4 5 2 6 6 8 4 7 2 5 6 7 7 4 8 6 6 4 5 6 8 9 6 7 11 6 9 7 9 9 11 10 10 9 13 8 10 6 10 10 10 10 11 11 10 10 7 12 13 15 13 13 11 11 10 11 12 8 12 12 15 9 11 12 14 12 8 13 12 11 15 16 13 14 13 15 13 11 11 17 16 15 14 13 17 12 14 10 16 15 14 13 17 14 18 14 15 14 14 19 16 14 14 16 15 17 18 15 18 18 14 17 15 15 19 14 14 18 16 16 18 17 18 17 22 17 18 20 23 19 20 19 18 15 19 19 17 19 20 24 22 20 19 20 21 18 21 20 21 22 22 19 20 23 21 21 20 17 22 20 26 20 21 22 23 22 22 24 22 23 26 23 20 25 20 21 23 25 24 25 21 21 23 25 22 24 28 25 22 23 27 26 23 27 27 26 27 27 23 27 26 28 25 26 25 25 24 27 29 23 28 24 31 27 26 28 27 26 27 31 27 27 27 26 25 26 31 28 29 26 27 32 32 31 28 27 28 33 30 27 32 31 31 29 32 31 33 29 28 31 30 31 33 30 33 32 31 32 32 35 33 36 33 30 31 33 31 30 30 35 29 35 31 34 35 34 34 32 36 32 34 37 34 35 36 38 34 37 34 35 35 32 34 32 37 36 32 35 40 38 39 36 35 33 35 35 36 38 37 37 35 38 37 38 35 37 37 35 35 39 39 40 39 37 39 37 38 39 41 40 42 39 38 35 40 41 35 38 42 41 40 43 42 38 41 36 43 41 41 43 42 44 44 42 37 43 42 41 40 41 40 42 42 42 43 42 39 43 41 44 46 46 43 44 40 39 46 45 43 44 44 42 48 48 47 41 44 43 45 48 43 44 45 42 47 45 46 44 47 46 43 44 48 44 45 48 43 46 49 51 45 47 47 48 43 47 48 47 50 48 46 46 49 49 47 50 48 48 49 52 45 51 52 51 47 49 53 49 52 49 50 51 50 48 50 48 50 50 50 51 51 48 51 48 51 52 47 53 55 56 52 51 50 48 52 51 56 51 50 53 53 56 53 49 52 56 54 54 54 52 54 57 54 53 53 58 54 51 55 53 54 53 56 52 54 57 55 57 57 54 55 52 58 55 57 55 55 60 56 58 56 60 56 57 54 57 53 56 60 59 58 61 56 56 55 57 58 57 58 58 63 60 58 59 57 60 59 60 59 62 61 59 63 60 60 62 61 60 61 60 61 61 61 61 60 58 59 62 58 61 62 64 61 62 60 58 60 61 66 66 63 63 65 67 62 64 64 65 63 62 66 63 65 64 62 68 68 65 64 63 64 64 65 64 67 67 65 66 63 65 69 66 68 62 66 67 67 64 67 68 69 68 70 67 67 65 66 65 68 68 70 71 70 68 65 68 68 68 67 68 70 69 69 71 69 69 71 72 72 70 67 70 69 70 69 70 69 66 69 72 70 71 69 72 70 74 68 74 75 74 68 71 71 71 68 71 72 73 73 74 73 69 71 73 75 74 69 77 71 73 74 71 73 75 72 73 71 73 75 75 78 77 71 72 76 75 73 77 78 73 76 77 74 76 75 72 74 75 76 76 77 78 75 73 76 75 79 78 78 78 78 76 81 79 78 75 77 78 79 75 75 77 78 81 82 79 78 80 81 79 81 80 80 82 82 79 80 80 80 81 81 81 82 81 81 80 82 82 81 83 80 81 80 82 82 82 78 83 85 84 83 83 83 81 81 85 84 84 84 84 88 85 84 82 88 85 87 82 83 85 86 87 85 86 87 84 85 85 86 87 83 85 85 88 86 88 86 85 88 89 87 87 87 87 86 85 87 84 88 90 88 87 85 90 86 88 87 88 89 88 89 88 93 86 89 87 89 89 91 90 90 90 90 88 90 92 92 90 91 89 90 90 91 87 94 91 91 91 96 93 92 93 91 92 94 92 90 92 93 90 92 93 94 91 91 92 92 96 97 94 94 95 97 92 95 97 95 98 92 97 94 95 95 96 96 98 92 96 96 96 100 94 97 99 95 95 93 98 97 97 94 99 95 95 99 99 96 95 96 94 100 97 99 98 99 100 99 96 98 99 100 100 100 99 98 100 99 99 99 100 100 100 100 98 98 100 100 100
0: 0 1 3 4 8 22 23 30 34 (30.0)
1: 7 9 10 13 16 17 19 26 (30.0)
2: 2 11 18 29 32 54 60 (32.0)
3: 5 6 12 14 15 28 41 42 48 49 (30.0)
4: 20 21 24 31 37 38 40 43 45 47 50 52 58 65 69 (33.0)
5: 25 27 33 35 36 39 53 61 70 (30.0)
6: 44 55 56 62 67 68 71 74 77 89 (32.0)
7: 46 51 59 63 64 75 79 98 (33.0)
8: 57 66 72 87 109 118 (35.0)
9: 73 78 80 81 85 113 (32.0)
10: 83 84 88 90 91 92 93 96 97 106 139 (32.0)
11: 76 82 94 95 104 105 107 114 121 129 130 (34.0)
12: 99 108 110 111 115 117 120 137 (34.0)
13: 86 100 102 103 119 124 126 128 135 143 (31.0)
14: 116 125 134 138 142 145 147 149 150 153 154 162 167 168 (30.0)
15: 101 112 122 127 133 141 148 156 159 164 165 185 (30.0)
16: 123 132 140 152 155 170 171 (33.0)
17: 131 136 144 157 163 173 175 177 188 209 (36.0)
18: 146 158 160 161 169 172 174 178 184 197 (37.0)
19: 151 166 181 183 186 187 189 194 203 (32.0)
20: 179 182 190 193 195 199 204 208 211 213 224 226 (34.0)
21: 196 198 200 206 207 214 227 232 233 (38.0)
22: 176 192 201 202 210 215 217 218 220 236 240 (32.0)
23: 180 205 216 221 223 228 234 241 244 250 261 (32.0)
24: 191 219 230 237 258 263 (34.0)
25: 225 229 231 235 239 254 256 257 276 (35.0)
26: 212 222 243 247 252 255 266 269 275 277 281 (32.0)
27: 242 245 246 248 249 251 259 265 268 270 272 273 274 282 287 291 (36.0)
28: 238 253 262 267 279 286 288 300 (35.0)
29: 260 280 295 299 322 (38.0)
30: 290 302 305 315 319 320 (35.0)
31: 264 271 278 285 293 294 297 301 303 308 316 318 324 (40.0)
32: 283 284 292 296 307 309 310 329 331 343 345 348 (40.0)
33: 289 298 304 306 312 314 317 355 (36.0)
34: 325 327 328 332 334 338 340 344 (34.0)
35: 311 321 323 326 335 341 342 349 354 356 357 362 366 369 370 385 388 (39.0)
36: 313 330 336 347 353 358 397 (31.0)
37: 333 339 346 360 361 364 367 368 375 377 406 (36.0)
38: 337 351 359 363 365 378 384 389 395 (35.0)
39: 352 371 372 374 376 379 383 418 427 (34.0)
40: 350 373 381 386 392 410 412 426 (39.0)
41: 380 387 391 396 399 400 409 411 420 437 (42.0)
42: 382 390 394 402 405 408 413 414 415 417 433 445 (38.0)
43: 393 398 401 407 416 419 424 430 439 442 452 458 466 (40.0)
44: 403 404 421 425 431 432 438 443 449 453 455 (49.0)
45: 429 440 444 447 456 462 482 (36.0)
46: 422 423 428 448 451 459 472 473 (36.0)
47: 436 446 450 463 464 467 469 476 486 508 (37.0)
48: 434 435 441 454 457 465 468 471 478 479 495 497 503 505 515 (48.0)
49: 460 474 475 480 487 489 491 525 (44.0)
50: 470 477 492 494 496 498 499 500 514 520 (37.0)
51: 461 483 485 493 501 502 504 506 513 517 519 539 (39.0)
52: 481 484 490 507 512 516 526 531 545 553 (44.0)
53: 488 509 521 522 524 535 536 541 543 568 (41.0)
54: 528 529 530 532 534 538 542 546 551 566 (50.0)
55: 510 540 548 552 555 557 558 576 (37.0)
56: 511 518 523 527 544 560 562 564 569 574 575 (41.0)
57: 533 547 549 550 556 565 567 577 579 586 (36.0)
58: 537 554 561 572 578 580 581 584 607 610 617 (41.0)
59: 571 585 588 590 593 608 (36.0)
60: 559 563 570 583 587 589 595 596 599 601 606 616 618 (41.0)
61: 573 592 598 600 602 603 604 605 611 614 619 (44.0)
62: 591 597 609 612 615 626 631 636 655 (39.0)
63: 582 594 622 623 630 633 641 650 (44.0)
64: 613 627 628 635 640 642 643 645 659 (43.0)
65: 624 629 634 639 644 648 651 667 669 676 (44.0)
66: 620 621 632 649 653 656 668 699 (46.0)
67: 625 646 647 657 658 660 665 666 680 692 (40.0)
68: 637 638 654 661 663 670 671 675 677 678 679 681 708 712 716 (50.0)
69: 652 662 683 684 686 687 694 696 698 700 704 723 728 (43.0)
70: 664 672 674 682 691 693 695 697 702 706 (40.0)
71: 673 685 688 703 713 714 715 717 724 730 733 738 744 (47.0)
72: 689 690 701 705 718 736 745 757 (50.0)
73: 719 720 722 725 731 734 737 739 748 751 765 (43.0)
74: 707 709 711 721 727 732 754 758 (39.0)
75: 710 726 735 740 741 747 756 759 764 767 777 781 782 (46.0)
76: 746 752 755 760 761 766 773 (38.0)
77: 729 743 749 753 762 778 783 (41.0)
78: 742 750 763 769 770 771 772 776 779 784 788 818 (50.0)
79: 768 775 780 787 791 797 (38.0)
80: 789 793 794 798 799 800 807 812 814 (45.0)
81: 774 785 790 792 801 802 803 805 806 810 813 825 826 (49.0)
82: 786 795 796 804 808 809 815 816 817 835 839 (39.0)
83: 811 819 822 823 824 840 852 (42.0)
84: 821 828 829 830 831 834 847 869 (43.0)
85: 820 827 833 837 841 844 848 849 853 854 859 867 874 (48.0)
86: 842 845 850 856 858 866 876 885 (46.0)
87: 838 843 846 851 862 863 864 865 868 873 878 887 905 (48.0)
88: 832 836 855 857 860 870 872 877 879 881 883 895 (49.0)
89: 861 880 882 886 888 889 901 (50.0)
90: 871 875 891 892 893 894 896 899 902 903 918 921 (50.0)
91: 890 900 904 907 908 909 914 925 926 (50.0)
92: 897 898 912 915 917 919 922 927 928 935 940 948 (48.0)
93: 884 911 913 920 923 958 (50.0)
94: 906 916 924 931 932 942 953 962 971 (50.0)
95: 933 936 938 943 944 956 957 964 965 969 (51.0)
96: 910 929 945 946 949 950 951 968 970 979 (50.0)
97: 930 934 937 941 954 960 961 973 (50.0)
98: 939 947 959 975 980 986 995 996 (50.0)
99: 955 963 966 967 974 976 978 981 985 988 989 990 (45.0)
100: 952 972 977 982 983 984 987 991 992 993 994 997 998 999 (50.0)
