Name: 100-60-125
Time: 3.694986343383789 
Result: 10
Solution:  0 2 2 2 1 0 1 1 1 1 1 1 1 1 2 2 1 2 0 0 1 2 3 0 1 1 3 4 1 3 5 0 3 5 4 4 0 3 2 5 5 3 2 7 5 4 5 4 5 5 5 6 1 3 4 7 7 8 5 5 6 5 7 6 9 3 9 5 9 7 7 5 10 7 8 8 7 6 6 6 8 9 7 10 8 8 6 8 9 8 6 9 7 8 9 9 10 9 9 10
0: 0 5 18 19 23 31 36 (85.0)
1: 4 6 7 8 9 10 11 12 13 16 20 24 25 28 52 (85.0)
2: 1 2 3 14 15 17 21 38 42 (87.0)
3: 22 26 29 32 37 41 53 65 (90.0)
4: 27 34 35 45 47 54 (90.0)
5: 30 33 39 40 44 46 48 49 50 58 59 61 67 71 (94.0)
6: 51 60 63 77 78 79 86 90 (94.0)
7: 43 55 56 62 69 70 73 76 82 92 (92.0)
8: 57 74 75 80 84 85 87 89 93 (92.0)
9: 64 66 68 81 88 91 94 95 97 98 (95.0)
10: 72 83 96 99 (94.0)
