Name: 1000-20-30
Time: 26.97654151916504 
Result: 3012
Solution:  3 0 1 0 0 0 1 0 4 2 1 1 1 0 1 2 0 3 2 0 1 1 2 1 0 3 2 4 1 0 1 2 5 5 1 2 4 4 1 3 3 2 1 4 5 6 8 5 3 9 6 4 5 3 6 6 8 7 6 8 5 5 10 6 11 5 7 9 7 8 3 6 7 8 8 4 8 9 7 8 7 5 8 5 12 8 6 8 9 9 8 8 10 9 14 9 12 9 12 10 11 10 12 9 11 12 11 8 11 13 12 13 15 11 12 13 14 10 10 13 11 12 13 11 11 12 12 13 10 12 18 16 14 14 12 18 14 14 12 12 14 11 13 15 17 13 16 13 16 17 15 12 18 17 18 18 16 18 18 12 15 16 16 15 16 16 13 17 17 18 20 22 20 22 15 16 20 18 19 17 17 22 20 20 19 23 21 19 19 17 19 23 18 22 17 22 20 18 20 21 21 22 21 22 22 20 20 21 21 20 19 25 20 19 20 23 22 22 22 24 23 24 25 23 20 20 25 23 20 24 24 25 24 23 24 26 24 25 21 23 23 26 25 25 23 26 22 26 22 26 27 22 24 25 23 23 23 24 28 25 29 27 27 29 29 25 26 29 27 30 27 26 28 28 30 29 26 27 30 27 29 30 29 31 25 28 27 33 27 28 31 29 30 27 28 34 30 29 28 28 35 35 30 30 33 29 31 31 28 31 36 34 30 31 31 32 32 33 34 30 32 33 34 33 34 33 33 34 31 35 32 34 34 34 33 34 34 30 32 37 37 34 35 31 38 34 35 35 31 36 35 34 35 36 36 35 33 37 35 39 38 35 36 38 38 38 36 40 35 38 37 38 36 38 37 37 40 35 36 40 43 38 39 35 41 38 36 36 42 39 42 38 41 36 39 38 42 38 36 41 39 42 40 38 38 41 37 42 41 40 42 41 40 44 41 40 41 40 41 42 39 40 46 44 44 39 45 43 43 42 43 43 43 43 46 44 43 46 43 44 48 46 47 45 43 43 47 47 45 44 45 44 47 45 43 46 43 46 50 45 47 48 46 47 49 49 48 46 46 49 45 48 49 47 50 46 48 48 47 48 49 47 50 49 50 46 49 50 49 48 52 50 52 50 51 50 52 49 48 50 52 49 52 51 53 51 52 50 51 47 52 54 50 51 53 50 50 50 52 48 55 51 55 56 51 53 53 53 53 55 55 53 52 55 54 55 54 54 53 54 57 58 55 55 53 55 58 56 56 53 57 54 56 56 59 55 56 56 56 59 60 56 55 59 56 56 58 58 58 58 59 59 57 56 59 56 56 60 55 60 58 56 61 61 57 58 61 55 61 62 57 61 61 61 57 61 60 60 56 61 65 61 63 64 59 57 63 64 62 62 62 61 61 64 60 62 60 61 62 64 62 63 65 64 63 63 64 63 65 67 65 61 64 63 61 65 64 64 64 63 63 67 66 64 66 66 66 65 66 66 64 66 66 67 65 66 68 67 67 67 68 67 69 66 63 67 68 68 69 66 69 67 69 67 68 70 69 65 71 65 68 70 70 70 67 68 71 70 69 71 69 70 68 70 71 74 70 72 71 67 73 69 72 70 69 68 74 72 73 69 70 72 74 72 75 73 73 73 72 71 72 75 74 71 73 76 75 75 72 73 77 78 75 73 72 75 71 72 70 74 79 72 74 79 75 73 73 75 75 74 76 76 72 76 79 76 74 79 76 76 78 76 78 74 78 77 76 76 77 78 80 76 77 77 78 78 77 78 76 76 77 83 77 77 79 81 77 78 79 81 83 81 79 80 79 81 80 79 79 82 82 83 81 80 78 81 83 82 80 81 84 82 84 82 84 83 82 81 82 80 81 80 84 85 84 84 82 84 82 80 87 80 82 86 83 84 84 86 85 84 86 82 85 83 84 87 88 86 85 86 85 85 86 85 83 89 86 84 86 84 86 89 84 87 89 91 87 84 85 87 89 88 90 88 85 90 87 90 85 88 88 90 89 90 89 90 87 89 89 88 90 89 89 92 90 90 90 89 90 91 91 95 93 88 91 88 90 92 88 91 95 93 91 92 95 93 95 92 92 93 92 91 95 93 91 93 91 93 94 91 94 90 95 93 92 94 94 91 98 93 94 95 96 95 96 95 95 91 94 96 99 97 98 93 97 95 95 93 96 93 97 98 99 97 96 96 96 97 94 99 96 97 97 96 100 98 97 96 99 98 98 97 99 99 97 96 96 99 99 100 100 99 100 99 98 97 99 99 100 97
0: 1 3 4 5 7 13 16 19 24 29 (21.0)
1: 2 6 10 11 12 14 20 21 23 28 30 34 38 42 (20.0)
2: 9 15 18 22 26 31 35 41 (22.0)
3: 0 17 25 39 40 48 53 70 (25.0)
4: 8 27 36 37 43 51 75 (20.0)
5: 32 33 44 47 52 60 61 65 81 83 (20.0)
6: 45 50 54 55 58 63 71 86 (22.0)
7: 57 66 68 72 78 80 (21.0)
8: 46 56 59 69 73 74 76 79 82 85 87 90 91 107 (20.0)
9: 49 67 77 88 89 93 95 97 103 (19.0)
10: 62 92 99 101 117 118 128 (21.0)
11: 64 100 104 106 108 113 120 123 124 141 (20.0)
12: 84 96 98 102 105 110 114 121 125 126 129 134 138 139 151 159 (21.0)
13: 109 111 115 119 122 127 142 145 147 166 (21.0)
14: 94 116 132 133 136 137 140 (21.0)
15: 112 143 150 160 163 174 (23.0)
16: 131 146 148 156 161 162 164 165 175 (21.0)
17: 144 149 153 167 168 179 180 189 194 (20.0)
18: 130 135 152 154 155 157 158 169 177 192 197 (20.0)
19: 178 184 187 188 190 210 213 (21.0)
20: 170 172 176 182 183 196 198 205 206 209 212 214 224 225 228 (18.0)
21: 186 199 200 202 207 208 238 (20.0)
22: 171 173 181 193 195 201 203 204 216 217 218 246 248 251 (21.0)
23: 185 191 215 220 223 227 233 239 240 244 254 255 256 (21.0)
24: 219 221 229 230 232 234 236 252 257 (24.0)
25: 211 222 226 231 237 242 243 253 259 265 284 (29.0)
26: 235 241 245 247 249 266 271 276 (23.0)
27: 250 261 262 268 270 277 279 286 288 293 (23.0)
28: 258 272 273 285 289 294 298 299 308 (26.0)
29: 260 263 264 267 275 280 282 291 297 305 (26.0)
30: 269 274 278 281 292 296 302 303 312 319 337 (23.0)
31: 283 290 306 307 309 313 314 328 343 348 (27.0)
32: 315 316 320 330 338 (21.0)
33: 287 304 317 321 323 325 326 334 356 (27.0)
34: 295 311 318 322 324 327 331 332 333 335 336 341 345 351 (21.0)
35: 300 301 329 342 346 347 350 352 355 358 361 368 377 383 (22.0)
36: 310 349 353 354 362 366 372 378 386 387 393 398 (21.0)
37: 339 340 357 370 374 375 406 (22.0)
38: 344 360 363 364 365 369 371 373 381 385 391 395 397 403 404 (30.0)
39: 359 382 389 394 400 420 425 (22.0)
40: 367 376 379 402 409 412 415 417 421 (22.0)
41: 384 392 399 405 408 411 414 416 418 (27.0)
42: 388 390 396 401 407 410 419 429 (22.0)
43: 380 427 428 430 431 432 433 436 438 444 445 454 456 (26.0)
44: 413 423 424 435 439 449 451 (21.0)
45: 426 443 448 450 453 459 470 (24.0)
46: 422 434 437 441 455 457 462 467 468 475 485 (23.0)
47: 442 446 447 452 460 463 473 478 481 509 (27.0)
48: 440 461 466 471 476 477 479 489 498 519 (25.0)
49: 464 465 469 472 480 483 486 488 497 501 (22.0)
50: 458 474 482 484 487 491 493 495 499 507 512 515 516 517 (27.0)
51: 494 503 505 508 513 521 524 (22.0)
52: 490 492 496 500 502 506 510 518 532 (26.0)
53: 504 514 525 526 527 528 531 538 544 549 (24.0)
54: 511 534 536 537 539 551 (24.0)
55: 520 522 529 530 533 535 542 543 545 555 562 578 587 (23.0)
56: 523 547 548 552 553 556 557 558 561 564 565 573 575 576 581 598 (20.0)
57: 540 550 572 584 590 594 605 (26.0)
58: 541 546 566 567 568 569 580 585 (23.0)
59: 554 559 563 570 571 574 604 (24.0)
60: 560 577 579 596 597 614 616 (30.0)
61: 582 583 586 588 591 592 593 595 599 601 611 612 617 631 634 (28.0)
62: 589 608 609 610 615 618 620 (30.0)
63: 602 606 621 624 625 627 633 639 640 664 (30.0)
64: 603 607 613 619 623 626 632 636 637 638 643 650 (30.0)
65: 600 622 628 630 635 647 654 677 679 (29.0)
66: 642 644 645 646 648 649 651 652 655 663 669 (25.0)
67: 629 641 653 657 658 659 661 665 671 673 684 699 (30.0)
68: 656 660 666 667 674 680 685 692 705 (22.0)
69: 662 668 670 672 676 688 690 701 704 709 (28.0)
70: 675 681 682 683 687 691 693 696 703 710 738 (26.0)
71: 678 686 689 694 698 719 723 736 (27.0)
72: 697 702 707 711 713 718 720 728 734 737 741 752 (26.0)
73: 700 708 715 716 717 724 729 733 745 746 (30.0)
74: 695 706 712 722 739 742 749 756 763 (28.0)
75: 714 721 726 727 732 735 744 747 748 (25.0)
76: 725 750 751 753 755 758 759 761 766 767 771 778 779 (30.0)
77: 730 765 768 772 773 776 780 782 783 786 (30.0)
78: 731 760 762 764 769 774 775 777 787 804 (30.0)
79: 740 743 754 757 784 788 792 794 797 798 (30.0)
80: 770 793 796 803 808 819 821 829 831 (30.0)
81: 785 789 791 795 802 805 809 817 820 (29.0)
82: 799 800 807 811 813 816 818 826 828 832 841 (30.0)
83: 781 790 801 806 815 834 843 854 (23.0)
84: 810 812 814 822 824 825 827 835 836 839 844 857 859 862 867 (29.0)
85: 823 838 842 848 850 851 853 868 874 878 (30.0)
86: 833 837 840 847 849 852 856 858 860 (30.0)
87: 830 845 863 866 869 876 886 (30.0)
88: 846 871 873 879 880 889 903 905 908 (30.0)
89: 855 861 864 870 882 884 887 888 891 892 897 (30.0)
90: 872 875 877 881 883 885 890 894 895 896 898 906 931 (28.0)
91: 865 899 900 904 909 912 921 924 926 929 937 947 (30.0)
92: 893 907 913 917 918 920 934 (30.0)
93: 902 911 915 919 923 925 927 933 939 953 957 959 (29.0)
94: 928 930 935 936 940 948 968 (30.0)
95: 901 910 914 916 922 932 941 943 945 946 955 956 (28.0)
96: 942 944 949 958 964 965 966 970 973 977 985 986 (30.0)
97: 951 954 960 963 967 971 972 976 981 984 995 999 (30.0)
98: 938 952 961 975 979 980 994 (30.0)
99: 950 962 969 978 982 983 987 988 991 993 996 997 (30.0)
100: 974 989 990 992 998 (30.0)
