Name: 1000-60-125
Time: 27.170355081558228 
Result: 6067
Solution:  4 0 0 0 2 1 0 1 0 1 0 2 2 0 0 0 4 0 2 3 3 1 1 1 2 2 3 2 3 1 6 5 0 6 5 3 3 4 2 1 7 7 1 6 4 4 5 5 6 5 1 5 3 6 6 2 9 9 5 6 7 5 6 4 8 8 4 7 4 8 5 6 7 7 9 10 6 8 7 7 10 7 10 9 8 8 9 10 10 9 12 8 12 10 11 12 10 12 12 8 9 10 11 11 8 13 10 9 14 9 14 13 10 14 12 12 13 8 11 11 11 13 10 13 10 12 13 11 12 15 13 13 14 15 14 15 14 16 15 15 14 14 13 17 15 16 15 16 18 12 16 14 18 17 16 16 13 17 16 17 18 16 13 17 17 19 19 17 17 21 16 15 17 19 16 16 18 18 19 18 20 19 20 20 19 16 19 17 16 19 21 22 19 17 19 22 22 20 24 22 20 21 21 20 18 20 20 20 20 22 22 22 25 23 23 21 21 22 23 25 23 22 22 21 24 20 22 23 23 23 23 20 22 24 25 21 23 22 22 23 26 27 24 25 25 24 25 24 23 23 25 29 28 27 28 27 27 26 30 25 27 26 23 30 27 26 29 27 27 24 29 28 29 31 29 29 29 26 27 32 31 31 31 29 32 32 30 29 28 28 27 29 29 29 30 29 28 33 28 26 27 29 31 29 33 29 29 30 31 31 35 30 32 32 31 31 32 32 33 33 32 34 30 30 31 32 35 30 33 33 34 32 35 36 34 34 30 34 33 36 37 38 35 32 35 34 38 36 36 36 32 36 39 37 37 35 36 33 34 36 34 35 37 40 37 38 39 37 40 35 38 38 40 41 36 37 38 39 38 37 40 40 38 40 38 42 40 40 38 42 41 38 42 40 42 39 38 44 41 40 41 42 37 44 39 38 41 41 42 41 39 42 40 41 44 40 42 41 43 43 43 41 44 40 42 42 46 44 42 44 44 42 44 45 44 44 45 43 43 43 47 46 45 43 44 45 46 45 46 46 48 44 44 44 47 47 42 46 44 45 46 46 46 49 46 48 49 46 47 50 49 50 49 47 44 48 48 45 48 46 48 49 49 53 51 53 48 49 47 49 50 49 49 49 53 51 51 46 47 50 48 50 52 51 52 53 51 48 51 50 55 51 51 52 52 55 52 55 52 53 52 53 57 55 52 50 52 53 52 49 54 54 52 54 54 52 57 55 57 53 54 56 55 52 56 54 55 58 54 54 55 57 54 54 58 57 55 55 54 56 57 54 56 58 54 55 57 59 58 59 58 58 60 58 58 59 61 57 61 59 57 59 59 63 60 60 59 61 59 60 61 59 59 63 57 60 60 62 60 59 61 59 62 62 63 61 58 60 62 62 61 62 63 64 64 61 65 63 60 66 60 64 62 64 62 62 65 60 64 61 65 64 63 64 61 63 63 65 64 65 66 64 66 69 65 63 63 63 65 66 62 64 68 64 66 66 68 64 65 65 66 64 67 66 65 68 67 66 68 70 68 67 68 65 69 66 70 68 70 70 70 69 70 69 68 67 72 70 70 69 68 70 68 74 67 71 70 70 70 67 72 71 73 73 71 73 67 71 72 73 72 71 71 70 72 71 74 75 73 73 71 73 74 75 73 71 75 71 74 71 74 71 74 72 70 75 74 74 75 74 74 71 78 73 74 76 75 79 74 72 78 77 76 74 72 77 76 76 74 79 74 77 77 77 75 78 76 81 77 81 78 77 75 78 75 80 78 77 79 77 76 79 77 77 80 82 78 81 79 80 82 81 78 81 79 81 82 80 80 80 78 81 79 82 82 80 80 82 81 79 84 82 83 82 82 80 85 85 82 82 83 81 87 79 84 83 84 83 81 84 81 85 82 83 81 86 80 85 83 83 83 85 89 89 88 84 86 82 81 87 83 87 86 88 85 85 84 85 84 86 88 91 88 86 86 85 88 87 87 86 89 85 89 89 87 84 89 88 87 91 89 91 86 89 90 90 89 88 89 88 88 93 88 88 94 92 90 91 91 90 90 88 91 95 91 91 87 91 90 90 92 92 91 90 92 91 91 92 95 91 94 93 89 92 92 93 97 93 93 92 95 94 95 93 96 93 94 97 94 94 99 93 97 95 97 93 94 95 93 93 95 96 95 95 96 95 99 95 100 92 97 95 97 98 96 100 98 96 100 97 96 96 99 96 97 97 97 97 97 99 98 97 98 99 99 98 99 99 100 98 99 99 100 100 100 99 100 100 98 100
0: 1 2 3 6 8 10 13 14 15 17 32 (63.0)
1: 5 7 9 21 22 23 29 39 42 50 (64.0)
2: 4 11 12 18 24 25 27 38 55 (68.0)
3: 19 20 26 28 35 36 52 (72.0)
4: 0 16 37 44 45 63 66 68 (70.0)
5: 31 34 46 47 49 51 58 61 70 (75.0)
6: 30 33 43 48 53 54 59 62 71 76 (72.0)
7: 40 41 60 67 72 73 78 79 81 (86.0)
8: 64 65 69 77 84 85 91 99 104 117 (67.0)
9: 56 57 74 83 86 89 100 107 109 (61.0)
10: 75 80 82 87 88 93 96 101 106 112 122 124 (64.0)
11: 94 102 103 118 119 120 127 (71.0)
12: 90 92 95 97 98 114 115 125 128 149 (68.0)
13: 105 111 116 121 123 126 130 131 142 156 162 (75.0)
14: 108 110 113 132 134 136 140 141 151 (74.0)
15: 129 133 135 138 139 144 146 171 (68.0)
16: 137 145 147 150 154 155 158 161 170 174 175 185 188 (73.0)
17: 143 153 157 159 163 164 167 168 172 187 193 (66.0)
18: 148 152 160 176 177 179 204 (62.0)
19: 165 166 173 178 181 184 186 189 192 194 (75.0)
20: 180 182 183 197 200 203 205 206 207 208 225 231 (81.0)
21: 169 190 201 202 215 216 223 235 (86.0)
22: 191 195 196 199 209 210 211 217 221 222 226 232 237 238 (85.0)
23: 213 214 218 220 227 228 229 230 236 239 248 249 262 (108.0)
24: 198 224 233 242 245 247 269 (87.0)
25: 212 219 234 243 244 246 250 259 (77.0)
26: 240 257 261 265 277 299 (64.0)
27: 241 253 255 256 260 264 267 268 278 290 300 (75.0)
28: 252 254 271 288 289 296 298 (69.0)
29: 251 266 270 272 274 275 276 283 287 291 292 293 295 301 303 305 306 (69.0)
30: 258 263 286 294 307 311 322 323 327 336 (70.0)
31: 273 280 281 282 302 308 309 314 315 324 (73.0)
32: 279 284 285 312 313 316 317 320 325 331 343 350 (92.0)
33: 297 304 318 319 328 329 338 357 (81.0)
34: 321 330 334 335 337 345 358 360 (94.0)
35: 310 326 332 342 344 355 361 369 (100.0)
36: 333 339 347 348 349 351 356 359 374 (99.0)
37: 340 353 354 362 364 367 375 379 402 (70.0)
38: 341 346 365 370 371 376 378 382 384 388 391 396 405 (95.0)
39: 352 366 377 395 404 410 (73.0)
40: 363 368 372 380 381 383 386 387 393 399 412 415 423 (115.0)
41: 373 390 398 400 406 407 409 413 417 421 (112.0)
42: 385 389 392 394 401 408 411 416 424 425 428 431 456 (92.0)
43: 418 419 420 437 438 439 443 (81.0)
44: 397 403 414 422 427 429 430 432 434 435 444 451 452 453 458 474 (95.0)
45: 433 436 442 445 447 459 477 (66.0)
46: 426 441 446 448 449 457 460 461 462 464 467 479 497 (115.0)
47: 440 454 455 468 473 488 498 (93.0)
48: 450 465 475 476 478 480 486 500 507 (82.0)
49: 463 466 470 472 481 482 487 489 491 492 493 529 (104.0)
50: 469 471 490 499 501 509 525 (72.0)
51: 484 495 496 503 506 508 511 512 (99.0)
52: 502 504 513 514 516 518 520 524 526 528 532 535 543 (99.0)
53: 483 485 494 505 519 521 527 539 (82.0)
54: 530 531 533 534 540 545 548 549 552 553 558 561 564 (99.0)
55: 510 515 517 523 537 542 546 550 556 557 565 (92.0)
56: 541 544 559 562 (90.0)
57: 522 536 538 551 555 560 566 577 580 594 (114.0)
58: 547 554 563 568 570 571 573 574 606 (112.0)
59: 567 569 575 579 581 582 586 588 591 592 599 601 (125.0)
60: 572 584 585 589 595 596 598 607 618 620 627 (125.0)
61: 576 578 587 590 600 605 610 615 629 634 (106.0)
62: 597 602 603 608 609 611 622 624 625 650 (99.0)
63: 583 593 604 612 617 632 635 636 645 646 647 (90.0)
64: 613 614 621 623 628 631 633 638 641 651 653 657 661 (105.0)
65: 616 626 630 637 639 644 648 658 659 664 673 (123.0)
66: 619 640 642 649 654 655 660 663 667 675 (101.0)
67: 662 666 671 685 694 699 706 (96.0)
68: 652 656 665 668 670 672 677 684 690 692 (124.0)
69: 643 674 681 683 689 (84.0)
70: 669 676 678 679 680 682 687 688 691 696 697 698 713 734 (108.0)
71: 695 701 704 707 711 712 715 720 725 727 729 731 741 (122.0)
72: 686 700 708 710 714 733 749 754 (122.0)
73: 702 703 705 709 718 719 721 724 743 (114.0)
74: 693 716 722 728 730 732 736 737 739 740 744 748 753 758 760 (107.0)
75: 717 723 726 735 738 746 764 772 774 (106.0)
76: 745 752 756 757 766 780 (125.0)
77: 751 755 761 762 763 768 771 777 779 782 783 (109.0)
78: 742 750 765 770 773 776 786 792 800 (125.0)
79: 747 759 778 781 788 794 802 809 823 (96.0)
80: 775 784 789 797 798 799 805 806 815 836 (102.0)
81: 767 769 787 791 793 795 801 808 821 828 830 834 848 (110.0)
82: 785 790 796 803 804 807 811 813 814 818 819 832 847 (123.0)
83: 812 820 825 827 833 838 839 840 850 (109.0)
84: 810 824 826 829 845 856 858 875 (122.0)
85: 816 817 831 837 841 854 855 857 865 871 (115.0)
86: 835 846 852 859 863 864 869 882 (125.0)
87: 822 849 851 867 868 874 878 906 (124.0)
88: 844 853 860 862 866 877 887 889 890 892 893 901 (126.0)
89: 842 843 870 872 873 876 880 883 886 888 922 (122.0)
90: 884 885 896 899 900 908 909 913 (127.0)
91: 861 879 881 897 898 902 904 905 907 912 915 916 919 (125.0)
92: 895 910 911 914 917 923 924 929 959 (89.0)
93: 891 921 925 927 928 933 935 941 945 948 949 (120.0)
94: 894 920 931 936 938 939 946 (128.0)
95: 903 918 930 932 943 947 950 952 953 955 957 961 (121.0)
96: 934 951 954 964 967 970 971 973 (124.0)
97: 926 937 942 944 960 962 969 974 975 976 977 978 981 (125.0)
98: 963 966 980 982 985 989 998 (124.0)
99: 940 956 972 979 983 984 986 987 990 991 995 (125.0)
100: 958 965 968 988 992 993 994 996 997 999 (116.0)
