Name: 100-40-75
Time: 3.442711353302002 
Result: 9
Solution:  0 2 0 0 0 0 0 2 1 1 1 3 3 1 1 1 2 0 4 1 1 0 2 1 3 0 2 2 7 3 1 1 6 5 3 2 2 2 6 8 2 4 8 5 4 3 5 2 4 4 8 4 4 7 4 3 7 5 5 6 6 6 9 5 6 7 8 7 8 4 7 5 7 8 6 9 10 9 7 7 6 10 7 9 6 10 10 10 9 9 10 9 9 9 7 10 9 9 9 8
0: 0 2 3 4 5 6 17 21 25 (56.0)
1: 8 9 10 13 14 15 19 20 23 30 31 (56.0)
2: 1 7 16 22 26 27 35 36 37 40 47 (58.0)
3: 11 12 24 29 34 45 55 (57.0)
4: 18 41 44 48 49 51 52 54 69 (65.0)
5: 33 43 46 57 58 63 71 (59.0)
6: 32 38 59 60 61 64 74 80 84 (65.0)
7: 28 53 56 65 67 70 72 78 79 82 94 (65.0)
8: 39 42 50 66 68 73 99 (64.0)
9: 62 75 77 83 88 89 91 92 93 96 97 98 (62.0)
10: 76 81 85 86 87 90 95 (61.0)
