Name: 100-60-125
Time: 3.525759220123291 
Result: 17
Solution:  0 2 3 1 0 1 1 0 3 1 1 1 2 1 0 1 0 0 1 2 2 2 0 0 2 1 2 3 2 3 3 1 3 3 4 1 5 5 2 3 2 4 2 5 6 3 5 5 2 8 5 6 2 3 7 6 4 9 7 5 5 6 7 8 8 3 6 5 4 10 7 4 5 9 7 7 9 4 8 6 8 9 10 10 6 7 10 8 9 9 6 9 6 10 6 9 10 6 9 10
0: 0 4 7 14 16 17 22 23 (89.0)
1: 3 5 6 9 10 11 13 15 18 25 31 35 (85.0)
2: 1 12 19 20 21 24 26 28 38 40 42 48 52 (97.0)
3: 2 8 27 29 30 32 33 39 45 53 65 (97.0)
4: 34 41 56 68 71 77 (94.0)
5: 36 37 43 46 47 50 59 60 67 72 (84.0)
6: 44 51 55 61 66 79 84 90 92 94 97 (91.0)
7: 54 58 62 70 74 75 85 (86.0)
8: 49 63 64 78 80 87 (94.0)
9: 57 73 76 81 88 89 91 95 98 (99.0)
10: 69 82 83 86 93 96 99 (82.0)
