Name: 100-50-100
Time: 3.6650032997131348 
Result: 9
Solution:  1 1 0 2 0 1 0 0 0 2 4 2 3 0 0 1 0 0 1 5 0 2 0 2 2 3 4 2 3 4 3 1 4 4 0 1 2 1 3 3 3 5 4 3 1 4 6 4 6 4 3 4 3 7 6 6 9 6 4 9 6 2 6 5 4 7 5 10 9 6 6 8 9 6 7 8 10 6 9 10 9 8 7 9 8 7 5 9 5 8 7 10 9 9 10 8 10 10 10 7
0: 2 4 6 7 8 13 14 16 17 20 22 34 (68.0)
1: 0 1 5 15 18 31 35 37 44 (74.0)
2: 3 9 11 21 23 24 27 36 61 (71.0)
3: 12 25 28 30 38 39 40 43 50 52 (71.0)
4: 10 26 29 32 33 42 45 47 49 51 58 64 (70.0)
5: 19 41 63 66 86 88 (68.0)
6: 46 48 54 55 57 60 62 69 70 73 77 (76.0)
7: 53 65 74 82 85 90 99 (75.0)
8: 71 75 81 84 89 95 (75.0)
9: 56 59 68 72 78 80 83 87 92 93 (74.0)
10: 67 76 79 91 94 96 97 98 (77.0)
