Name: 1000-20-30
Time: 55.95568084716797 
Result: 12
Solution:  3 0 3 0 0 0 1 0 2 3 0 3 1 1 1 0 4 2 3 1 1 0 5 1 3 1 0 6 3 1 7 4 5 5 3 1 4 3 3 3 2 3 1 3 4 2 9 5 4 4 7 7 7 5 4 5 9 5 6 3 7 7 8 6 10 6 6 6 8 10 6 7 8 10 7 6 11 9 8 7 4 7 11 11 10 7 11 9 9 8 9 8 9 9 13 8 13 9 11 10 12 10 10 11 10 11 14 9 12 11 12 12 13 10 10 11 9 13 11 14 11 13 13 13 10 12 13 15 12 10 10 16 14 14 13 15 16 13 13 11 15 11 13 15 11 12 15 16 17 16 14 13 16 17 13 20 16 17 13 13 15 16 16 19 17 17 17 17 17 17 20 22 19 22 16 18 22 20 18 18 18 23 17 19 19 22 21 22 18 18 20 23 20 22 17 21 22 20 19 17 18 23 21 24 17 23 20 22 21 18 19 19 22 21 20 23 22 24 23 23 22 21 24 25 24 23 24 24 22 24 24 23 24 23 23 24 26 26 25 24 26 25 25 25 24 23 28 25 23 26 26 23 25 26 26 29 23 22 27 30 27 27 28 29 26 25 27 26 27 28 31 26 28 31 24 28 25 28 30 25 30 31 29 29 27 30 27 28 29 29 28 30 31 27 32 30 30 32 31 31 31 30 30 31 33 33 31 31 28 32 29 33 30 30 31 33 32 34 32 35 33 36 31 31 35 31 33 34 30 36 34 30 33 34 36 34 33 30 35 35 34 36 39 35 38 36 35 35 31 35 40 34 37 33 32 36 33 40 37 34 38 40 36 38 39 36 35 40 40 37 38 39 37 39 38 39 37 37 38 36 36 38 37 37 39 37 37 37 39 42 41 40 41 40 42 37 40 40 43 39 38 42 40 42 40 40 45 42 41 40 43 42 45 45 44 44 40 41 41 45 39 40 44 45 46 41 41 46 42 44 42 44 45 41 44 44 41 45 43 43 45 43 47 48 44 44 43 47 43 45 47 46 45 42 48 45 43 45 49 47 46 44 46 48 49 46 48 48 47 47 48 48 51 48 49 49 50 49 46 49 48 49 52 49 51 49 48 49 50 52 52 49 50 49 53 49 48 48 48 51 53 55 55 53 54 50 55 50 52 51 55 56 52 51 54 50 51 49 50 49 53 56 54 52 51 54 52 53 53 51 54 54 53 54 53 52 56 54 55 54 57 55 54 55 53 52 57 55 56 55 58 55 56 57 59 53 53 54 54 59 58 55 54 60 54 56 60 59 58 58 59 59 60 54 55 57 58 60 61 58 59 56 60 60 59 61 56 58 60 63 57 57 58 60 57 61 60 63 61 61 63 57 65 65 64 57 60 64 63 61 62 59 61 61 62 63 60 61 62 62 62 66 64 63 63 63 61 64 64 64 65 66 64 64 66 64 64 63 60 65 66 67 65 66 69 67 67 66 64 66 64 67 67 67 62 67 68 63 66 68 69 65 67 66 65 67 64 65 68 66 67 68 67 68 68 70 66 65 68 64 70 68 70 71 71 69 72 68 66 69 69 70 70 70 70 72 70 71 71 68 70 74 71 71 71 71 74 72 69 68 71 76 75 72 72 72 70 73 73 70 72 73 73 73 73 75 73 75 70 74 75 75 71 74 75 74 73 73 74 77 75 75 75 77 74 75 73 74 76 76 76 79 72 77 79 78 78 73 74 76 79 75 78 77 78 74 78 77 77 78 80 77 79 75 78 78 75 78 78 79 80 80 76 76 79 80 77 79 83 80 81 80 76 81 81 79 81 79 77 83 84 83 78 79 80 80 81 79 81 80 82 83 80 82 81 82 84 82 78 81 85 81 83 84 79 84 82 81 82 83 87 80 83 85 83 82 82 86 83 85 84 82 84 83 85 87 87 83 85 84 88 86 88 85 83 83 86 84 87 86 85 88 86 89 83 89 87 89 88 86 88 91 87 88 86 90 85 88 87 88 86 89 91 89 85 89 87 90 89 89 92 88 89 90 90 90 89 90 93 90 91 93 93 88 88 94 89 92 89 91 90 93 90 92 96 92 88 92 92 91 91 93 91 93 89 94 93 93 94 96 93 91 93 95 97 93 94 91 96 96 92 93 97 94 95 95 95 93 94 95 97 97 95 93 97 94 97 96 97 95 96 95 98 99 99 97 97 99 94 99 98 97 98 98 100 98 97 99 98 97 100 99 98 99 98 98 97 97 99 95 99 100 100 100 98 98 100 100 100 100
0: 1 3 4 5 7 10 15 21 26 (23.0)
1: 6 12 13 14 19 20 23 25 29 35 42 (20.0)
2: 8 17 40 45 (20.0)
3: 0 2 9 11 18 24 28 34 37 38 39 41 43 59 (22.0)
4: 16 31 36 44 48 49 54 80 (22.0)
5: 22 32 33 47 53 55 57 (21.0)
6: 27 58 63 65 66 67 70 75 (20.0)
7: 30 50 51 52 60 61 71 74 79 81 85 (20.0)
8: 62 68 72 78 89 91 95 (24.0)
9: 46 56 77 87 88 90 92 93 97 107 116 (20.0)
10: 64 69 73 84 99 101 102 104 113 114 124 129 130 (21.0)
11: 76 82 83 86 98 103 105 109 115 118 120 139 141 144 (21.0)
12: 100 108 110 111 125 128 145 (20.0)
13: 94 96 112 117 121 122 123 126 134 137 138 142 151 154 158 159 (20.0)
14: 106 119 132 133 150 (22.0)
15: 127 135 140 143 146 160 (21.0)
16: 131 136 147 149 152 156 161 162 174 (21.0)
17: 148 153 157 164 165 166 167 168 169 182 194 199 204 (20.0)
18: 175 178 179 180 188 189 200 209 (22.0)
19: 163 172 183 184 198 210 211 (20.0)
20: 155 170 177 190 192 197 206 214 (19.0)
21: 186 195 202 208 213 221 (23.0)
22: 171 173 176 185 187 193 196 207 212 216 220 228 257 (22.0)
23: 181 191 201 205 215 218 219 225 231 233 234 245 248 251 256 (24.0)
24: 203 217 222 224 226 227 229 230 232 235 239 244 274 (22.0)
25: 223 238 241 242 243 247 252 265 276 279 (21.0)
26: 236 237 240 249 250 253 254 264 267 271 (21.0)
27: 258 260 261 266 268 284 286 293 (22.0)
28: 246 262 269 272 275 277 287 290 308 (22.0)
29: 255 263 282 283 288 289 310 (21.0)
30: 259 278 280 285 291 295 296 301 302 312 313 328 331 337 (28.0)
31: 270 273 281 292 298 299 300 303 306 307 314 322 323 325 348 (28.0)
32: 294 297 309 316 318 354 (23.0)
33: 304 305 311 315 320 326 332 336 353 356 (24.0)
34: 317 327 330 333 335 340 351 359 (28.0)
35: 319 324 338 339 343 346 347 349 366 (21.0)
36: 321 329 334 341 345 355 362 365 379 380 (27.0)
37: 352 358 369 372 376 377 382 383 385 386 387 395 (23.0)
38: 344 360 363 370 374 378 381 400 (23.0)
39: 342 364 371 373 375 384 388 399 420 (24.0)
40: 350 357 361 367 368 391 393 396 397 402 404 405 409 416 421 (20.0)
41: 390 392 408 417 418 425 426 433 436 (21.0)
42: 389 394 401 403 407 411 428 430 453 (24.0)
43: 398 410 438 439 441 446 448 456 (25.0)
44: 414 415 422 429 431 434 435 444 445 461 (25.0)
45: 406 412 413 419 423 432 437 440 449 452 455 457 (24.0)
46: 424 427 451 460 462 465 478 (24.0)
47: 442 447 450 459 468 469 (22.0)
48: 443 454 463 466 467 470 471 473 480 486 496 497 498 (23.0)
49: 458 464 474 475 477 479 481 483 485 487 491 493 495 517 519 (20.0)
50: 476 488 492 505 507 515 518 (20.0)
51: 472 484 499 509 513 516 524 529 (21.0)
52: 482 489 490 508 512 523 526 535 545 (28.0)
53: 494 500 503 520 527 528 532 534 544 555 556 (26.0)
54: 504 514 522 525 530 531 533 537 539 542 557 558 562 564 573 (26.0)
55: 501 502 506 510 538 541 543 547 549 551 561 574 (27.0)
56: 511 521 536 548 552 565 581 586 (29.0)
57: 540 546 553 575 590 591 594 601 605 (27.0)
58: 550 560 568 569 576 579 587 592 (29.0)
59: 554 559 567 570 571 580 584 611 (25.0)
60: 563 566 572 577 582 583 588 593 596 606 616 638 (30.0)
61: 578 585 595 598 599 609 612 613 617 626 (28.0)
62: 610 614 618 619 620 654 (27.0)
63: 589 597 600 608 615 623 624 625 637 657 (29.0)
64: 604 607 622 627 628 629 632 633 635 636 648 650 666 679 (25.0)
65: 602 603 630 639 642 661 664 667 677 (28.0)
66: 621 631 634 640 643 647 649 658 663 669 676 688 (29.0)
67: 641 645 646 651 652 653 655 662 665 670 672 (25.0)
68: 656 659 668 671 673 674 678 681 687 699 709 (27.0)
69: 644 660 685 689 690 708 (26.0)
70: 675 680 682 691 692 693 694 696 700 716 719 728 (30.0)
71: 683 684 697 698 702 703 704 705 710 732 (27.0)
72: 686 695 707 713 714 715 720 752 (27.0)
73: 717 718 721 722 723 724 726 736 737 746 757 (30.0)
74: 701 706 729 733 735 738 744 747 758 765 (28.0)
75: 712 725 727 730 731 734 740 741 742 745 761 773 776 (29.0)
76: 711 748 749 750 759 782 783 792 (27.0)
77: 739 743 753 763 767 768 771 786 798 (30.0)
78: 755 756 762 764 766 769 774 775 777 778 802 818 (30.0)
79: 751 754 760 772 779 784 787 795 797 803 807 824 (30.0)
80: 770 780 781 785 789 791 804 805 809 812 831 (30.0)
81: 790 793 794 796 806 808 814 819 821 827 (26.0)
82: 810 813 815 817 826 828 835 836 841 (26.0)
83: 788 799 801 811 822 829 832 834 838 843 847 854 855 864 (30.0)
84: 800 816 823 825 840 842 849 857 (28.0)
85: 820 833 839 844 848 853 860 876 884 (30.0)
86: 837 851 856 859 862 869 874 880 (30.0)
87: 830 845 846 858 866 872 878 886 (30.0)
88: 850 852 861 868 870 873 877 879 891 903 904 916 (31.0)
89: 863 865 867 881 883 885 888 889 892 896 906 908 924 (30.0)
90: 875 887 893 894 895 897 899 910 912 (31.0)
91: 871 882 900 909 919 920 922 931 937 (30.0)
92: 890 907 913 915 917 918 940 (30.0)
93: 898 901 902 911 921 923 926 927 930 932 935 941 947 953 (29.0)
94: 905 925 928 936 943 948 955 968 (30.0)
95: 933 944 945 946 949 952 959 961 989 (30.0)
96: 914 929 938 939 957 960 (28.0)
97: 934 942 950 951 954 956 958 965 966 971 976 979 986 987 (29.0)
98: 962 970 972 973 975 978 982 984 985 994 995 (24.0)
99: 963 964 967 969 977 981 983 988 990 (28.0)
100: 974 980 991 992 993 996 997 998 999 (30.0)
