Name: 1000-40-75
Time: 26.190226554870605 
Result: 9041
Solution:  1 0 0 0 1 1 1 2 3 0 0 2 1 1 0 2 2 3 1 1 2 0 6 0 0 2 1 4 2 2 5 4 0 5 5 3 4 8 7 4 5 6 5 6 5 4 5 5 2 7 6 6 7 5 5 8 7 6 4 2 2 5 6 6 7 8 7 7 10 8 8 5 8 11 8 10 8 8 7 9 7 7 8 9 7 10 9 9 11 11 10 9 8 10 7 8 9 10 7 10 9 10 10 12 15 12 11 7 10 12 12 12 10 11 12 13 14 11 12 16 13 11 12 12 11 13 13 15 11 13 15 11 13 13 15 17 17 11 13 14 14 18 11 12 12 18 16 17 15 12 18 16 17 13 15 14 17 15 12 17 15 17 16 15 18 17 20 17 17 21 18 18 21 22 20 18 18 16 19 16 18 21 20 18 23 23 18 19 22 19 20 23 16 20 18 16 20 21 20 20 21 21 21 19 22 21 25 21 20 22 20 20 23 18 21 22 18 23 18 23 23 25 22 23 25 23 21 24 24 23 23 20 25 25 23 26 25 24 22 22 25 25 27 24 22 24 26 28 25 24 27 25 24 26 25 28 22 29 25 24 28 26 28 26 24 24 26 28 27 28 26 32 27 27 29 31 31 28 29 26 27 31 29 30 27 26 32 27 29 32 31 30 30 31 26 32 29 30 28 29 29 31 31 32 27 32 34 34 32 30 30 33 30 31 34 34 33 32 34 32 33 32 33 33 32 32 33 33 33 35 34 30 36 33 33 33 35 35 35 36 34 34 35 33 35 33 37 35 35 31 36 35 34 34 38 33 36 37 36 36 37 38 39 37 36 38 35 36 40 39 41 39 42 38 36 38 38 39 42 38 38 40 40 38 42 39 38 42 38 36 39 40 40 38 41 40 41 40 39 40 39 41 40 42 41 44 44 42 41 39 40 43 42 41 41 43 41 43 40 39 43 45 44 44 41 44 42 45 44 46 41 46 43 43 44 45 41 44 45 47 45 42 46 45 46 46 43 46 45 44 47 48 47 46 43 47 42 48 47 43 47 49 45 49 44 47 50 49 46 48 44 50 48 50 48 50 49 49 46 50 51 48 48 50 48 45 49 47 53 50 51 50 49 50 49 47 50 53 47 49 52 51 52 53 50 51 52 50 51 52 50 51 52 51 55 53 52 53 50 55 51 54 53 50 50 53 55 53 53 54 50 54 54 56 54 53 54 55 58 53 57 55 52 55 54 57 55 55 56 56 53 57 55 55 58 57 56 56 56 58 58 58 57 57 56 58 56 55 59 59 55 59 60 57 58 57 56 58 54 56 58 61 59 56 58 61 59 61 56 59 64 56 59 63 60 58 61 57 63 60 57 63 59 61 62 60 60 62 62 59 61 62 61 59 61 62 63 64 65 60 65 62 64 64 62 63 63 62 65 63 63 65 62 63 66 65 68 67 64 65 68 64 67 66 67 64 68 65 62 62 65 66 66 67 65 66 67 66 64 68 65 70 67 67 69 69 68 68 67 69 67 68 68 64 69 69 67 70 69 67 69 65 67 67 70 66 72 69 69 67 70 70 72 66 70 70 70 70 69 66 70 73 72 70 70 74 70 72 71 74 71 72 72 74 74 75 69 71 71 73 72 72 73 71 75 73 69 71 73 75 74 71 73 76 76 77 76 75 77 71 78 74 75 75 76 77 78 74 77 75 75 76 76 76 77 74 76 76 76 75 77 74 78 76 76 74 79 76 78 75 78 77 81 77 80 77 74 76 79 78 79 76 79 78 80 80 79 78 78 79 76 80 82 81 80 80 82 79 78 80 83 81 81 83 80 80 83 85 80 80 80 82 80 83 84 82 81 86 79 84 84 84 83 82 83 81 81 81 81 85 84 83 86 82 82 84 84 85 86 85 84 86 88 86 83 85 84 86 83 85 85 82 84 82 86 82 88 86 83 88 86 86 89 87 90 87 86 87 84 87 88 88 87 90 86 89 85 91 90 88 90 87 89 90 92 93 90 91 89 91 89 91 90 88 90 90 90 92 87 89 92 90 91 91 92 89 90 92 87 93 92 94 92 93 93 89 90 93 95 89 91 93 89 94 94 93 92 93 96 91 94 92 90 94 93 96 94 94 96 94 96 97 97 98 96 94 95 97 92 97 93 95 95 98 93 97 94 95 98 97 96 98 99 96 99 98 97 97 99 96 100 98 95 100 100 96 98 97 98 98 100 98 99 97 100 99 99 96 99 100 100 97 99 100 100 98 99 100 100 100
0: 1 2 3 9 10 14 21 23 24 32 (43.0)
1: 0 4 5 6 12 13 18 19 26 (41.0)
2: 7 11 15 16 20 25 28 29 48 59 60 (41.0)
3: 8 17 35 (40.0)
4: 27 31 36 39 45 58 (48.0)
5: 30 33 34 40 42 44 46 47 53 54 61 71 (36.0)
6: 22 41 43 50 51 57 62 63 (40.0)
7: 38 49 52 56 64 66 67 78 80 81 84 94 98 107 (39.0)
8: 37 55 65 69 70 72 74 76 77 82 92 95 (41.0)
9: 79 83 86 87 91 96 100 (44.0)
10: 68 75 85 90 93 97 99 101 102 108 112 (43.0)
11: 73 88 89 106 113 117 121 124 128 131 137 142 (40.0)
12: 103 105 109 110 111 114 118 122 123 143 144 149 158 (40.0)
13: 115 120 125 126 129 132 133 138 153 (41.0)
14: 116 139 140 155 (42.0)
15: 104 127 130 134 148 154 157 160 163 (42.0)
16: 119 146 151 162 177 179 192 195 (49.0)
17: 135 136 147 152 156 159 161 165 167 168 (45.0)
18: 141 145 150 164 170 171 175 176 180 183 186 194 213 216 218 (42.0)
19: 178 187 189 203 (42.0)
20: 166 174 182 190 193 196 198 199 208 210 211 231 (45.0)
21: 169 172 181 197 200 201 202 205 207 214 226 (55.0)
22: 173 188 204 209 215 222 238 239 244 256 (53.0)
23: 184 185 191 212 217 219 220 223 225 229 230 234 (53.0)
24: 227 228 237 243 245 249 252 259 264 265 (51.0)
25: 206 221 224 232 233 236 240 241 248 251 254 258 (49.0)
26: 235 246 253 261 263 266 270 279 285 294 (53.0)
27: 242 250 268 272 273 280 284 287 304 (49.0)
28: 247 255 260 262 267 269 277 298 (46.0)
29: 257 274 278 282 288 296 299 300 (49.0)
30: 283 291 292 297 309 310 312 331 (47.0)
31: 275 276 281 290 293 301 302 313 349 (47.0)
32: 271 286 289 295 303 305 308 317 319 321 324 325 (46.0)
33: 311 316 320 322 323 326 327 328 333 334 335 343 345 355 (40.0)
34: 306 307 314 315 318 330 340 341 352 353 (43.0)
35: 329 336 337 338 342 344 347 348 351 366 (44.0)
36: 332 339 350 356 358 359 364 367 374 389 (55.0)
37: 346 357 360 363 (43.0)
38: 354 361 365 373 375 376 379 380 383 386 388 393 (65.0)
39: 362 369 371 377 385 390 398 400 409 419 (54.0)
40: 368 381 382 391 392 395 397 399 402 410 418 (61.0)
41: 370 394 396 401 404 408 413 414 416 424 430 436 (67.0)
42: 372 378 384 387 403 407 412 426 441 456 (55.0)
43: 411 415 417 420 432 433 446 454 459 (51.0)
44: 405 406 422 423 425 428 434 437 449 464 470 (53.0)
45: 421 427 435 438 440 443 448 462 485 (57.0)
46: 429 431 442 444 445 447 453 468 478 (54.0)
47: 439 450 452 455 458 460 465 487 495 498 (49.0)
48: 451 457 469 472 474 481 482 484 (48.0)
49: 461 463 467 476 477 486 492 494 499 (46.0)
50: 466 471 473 475 479 483 489 491 493 496 504 507 510 518 523 524 530 (71.0)
51: 480 490 501 505 508 511 513 520 (62.0)
52: 500 502 506 509 512 516 542 (57.0)
53: 488 497 503 515 517 522 525 527 528 535 539 550 (61.0)
54: 521 529 531 532 534 536 544 578 (53.0)
55: 514 519 526 537 541 543 546 547 552 553 567 570 (57.0)
56: 533 548 549 556 557 558 564 566 576 579 583 588 591 (59.0)
57: 540 545 551 555 562 563 573 575 597 600 (58.0)
58: 538 554 559 560 561 565 574 577 580 584 595 (75.0)
59: 568 569 571 582 586 589 592 602 609 613 (62.0)
60: 572 594 599 605 606 619 (61.0)
61: 581 585 587 596 603 610 612 614 (51.0)
62: 604 607 608 611 615 621 624 627 632 648 649 (54.0)
63: 593 598 601 616 625 626 629 630 633 (53.0)
64: 590 617 622 623 638 641 645 658 673 (48.0)
65: 618 620 628 631 635 639 647 650 654 660 681 (58.0)
66: 634 643 651 652 655 657 685 693 699 (57.0)
67: 637 642 644 653 656 662 663 668 670 676 679 682 683 689 (67.0)
68: 636 640 646 659 666 667 671 672 (71.0)
69: 664 665 669 674 675 678 680 687 688 698 716 726 (74.0)
70: 661 677 684 690 691 694 695 696 697 700 703 704 706 (70.0)
71: 708 710 717 718 723 727 731 739 (53.0)
72: 686 692 702 707 711 712 720 721 (75.0)
73: 701 719 722 725 728 732 (46.0)
74: 705 709 713 714 730 741 747 755 761 765 776 (63.0)
75: 715 724 729 737 742 743 749 750 759 769 (74.0)
76: 733 734 736 744 751 752 753 756 757 758 763 764 767 777 781 790 (66.0)
77: 735 738 745 748 754 760 771 773 775 (53.0)
78: 740 746 762 768 770 779 783 787 788 798 (62.0)
79: 766 778 780 782 786 789 797 818 (72.0)
80: 774 784 785 791 794 795 799 804 805 808 809 810 812 (70.0)
81: 772 793 801 802 816 825 826 827 828 (56.0)
82: 792 796 811 815 823 833 834 851 853 855 (52.0)
83: 800 803 806 813 822 824 831 844 848 858 (72.0)
84: 814 819 820 821 830 835 836 840 846 852 868 (71.0)
85: 807 829 837 839 845 849 850 876 (75.0)
86: 817 832 838 841 843 847 854 857 860 861 866 874 (69.0)
87: 863 865 867 869 872 881 898 908 (74.0)
88: 842 856 859 870 871 879 893 (75.0)
89: 862 875 882 888 890 899 905 915 919 922 (75.0)
90: 864 873 878 880 883 886 892 894 895 896 901 906 916 932 (66.0)
91: 877 887 889 891 902 903 920 929 (75.0)
92: 884 897 900 904 907 910 912 926 931 948 (75.0)
93: 885 909 913 914 917 921 925 927 934 950 954 (77.0)
94: 911 923 924 930 933 936 937 939 945 956 (77.0)
95: 918 946 951 952 957 972 (75.0)
96: 928 935 938 940 944 960 963 969 975 987 (75.0)
97: 941 942 947 949 955 959 966 967 977 983 991 (75.0)
98: 943 953 958 961 965 971 976 978 979 981 995 (70.0)
99: 962 964 968 982 985 986 988 992 996 (69.0)
100: 970 973 974 980 984 989 990 993 994 997 998 999 (69.0)
