Name: 100-20-30
Time: 6.750337362289429 
Result: 4
Solution:  1 0 0 0 1 0 0 2 2 1 1 1 2 3 3 0 1 2 0 1 4 1 2 2 2 1 2 6 2 2 5 3 2 1 3 0 4 5 6 5 5 4 4 6 4 9 4 4 5 5 6 5 5 7 5 6 4 2 3 3 6 7 6 8 3 4 7 4 3 4 7 5 7 7 6 9 8 7 7 8 6 8 9 8 8 9 9 10 10 9 10 6 10 10 7 10 10 10 10 8
0: 1 2 3 5 6 15 18 35 (24.0)
1: 0 4 9 10 11 16 19 21 25 33 (24.0)
2: 7 8 12 17 22 23 24 26 28 29 32 57 (28.0)
3: 13 14 31 34 58 59 64 68 (24.0)
4: 20 36 41 42 44 46 47 56 65 67 69 (28.0)
5: 30 37 39 40 48 49 51 52 54 71 (24.0)
6: 27 38 43 50 55 60 62 74 80 91 (24.0)
7: 53 61 66 70 72 73 77 78 94 (25.0)
8: 63 76 79 81 83 84 99 (24.0)
9: 45 75 82 85 86 89 (26.0)
10: 87 88 90 92 93 95 96 97 98 (26.0)
