Name: 100-40-75
Time: 6.075039386749268 
Result: 7
Solution:  0 1 0 0 1 2 0 1 1 1 0 2 3 4 0 0 1 0 3 2 1 1 2 3 0 1 2 2 1 0 4 5 5 7 3 1 5 1 3 7 3 7 2 4 2 8 6 1 2 4 5 5 8 8 5 3 9 6 5 4 7 3 8 5 4 8 8 5 4 5 7 4 8 9 7 9 10 5 6 8 8 7 7 8 6 10 10 9 6 9 10 10 10 10 9 10 9 10 8 10
0: 0 2 3 6 10 14 15 17 24 29 (62.0)
1: 1 4 7 8 9 16 20 21 25 28 35 37 47 (61.0)
2: 5 11 19 22 26 27 42 44 48 (57.0)
3: 12 18 23 34 38 40 55 61 (64.0)
4: 13 30 43 49 59 64 68 71 (57.0)
5: 31 32 36 50 51 54 58 63 67 69 77 (63.0)
6: 46 57 78 84 88 (64.0)
7: 33 39 41 60 70 74 81 82 (61.0)
8: 45 52 53 62 65 66 72 79 80 83 98 (58.0)
9: 56 73 75 87 89 94 96 (57.0)
10: 76 85 86 90 91 92 93 95 97 99 (64.0)
