Name: 100-30-50
Time: 3.4555068016052246 
Result: 6
Solution:  0 3 2 2 0 0 0 1 0 0 3 2 2 1 2 0 1 1 2 2 0 0 2 0 1 2 1 4 1 2 1 2 1 1 3 3 5 3 3 6 8 5 3 2 3 6 2 4 5 3 6 3 6 4 5 8 5 6 7 5 6 2 5 4 9 5 7 7 7 7 3 9 8 7 7 8 9 8 8 8 9 9 6 9 6 7 8 8 9 6 10 10 10 10 9 10 10 10 7 7
0: 0 4 5 6 8 9 15 20 21 23 (40.0)
1: 7 13 16 17 24 26 28 30 32 33 (39.0)
2: 2 3 11 12 14 18 19 22 25 29 31 43 46 61 (41.0)
3: 1 10 34 35 37 38 42 44 49 51 70 (44.0)
4: 27 47 53 63 (38.0)
5: 36 41 48 54 56 59 62 65 (44.0)
6: 39 45 50 52 57 60 82 84 89 (41.0)
7: 58 66 67 68 69 73 74 85 98 99 (39.0)
8: 40 55 72 75 77 78 79 86 87 (38.0)
9: 64 71 76 80 81 83 88 94 (40.0)
10: 90 91 92 93 95 96 97 (42.0)
