Name: 250-60-125
Time: 7.426057577133179 
Result: 46
Solution:  0 0 2 0 1 2 4 1 1 0 3 1 4 2 0 2 1 0 3 0 3 3 0 3 2 4 3 0 2 3 2 1 2 5 5 4 1 3 1 0 5 3 7 2 5 2 6 2 6 1 6 4 5 5 8 8 7 8 6 4 3 6 9 5 7 11 5 3 6 7 7 7 7 9 8 7 5 10 6 6 7 9 8 8 5 6 11 10 6 10 7 8 10 10 9 9 6 10 12 13 14 11 11 11 12 9 10 11 9 12 9 11 12 11 12 10 13 11 9 14 11 14 13 12 14 10 12 10 12 14 15 15 16 14 13 12 14 14 13 15 13 13 14 15 14 16 16 15 15 14 18 13 14 16 15 15 16 16 16 13 14 18 19 17 19 20 16 18 18 18 17 19 18 18 18 19 17 21 21 17 16 15 21 19 17 19 22 18 20 17 21 17 22 20 18 17 20 22 20 21 25 19 21 23 22 18 24 21 19 22 23 19 19 19 23 22 25 22 21 23 21 20 24 22 23 24 23 21 23 24 24 22 20 24 23 23 24 21 22 24 21 25 24 23 24 25 24 24 25 25
0: 0 1 3 9 14 17 19 22 27 39 (69.0)
1: 4 7 8 11 16 31 36 38 49 (71.0)
2: 2 5 13 15 24 28 30 32 43 45 47 (69.0)
3: 10 18 20 21 23 26 29 37 41 60 67 (69.0)
4: 6 12 25 35 51 59 (74.0)
5: 33 34 40 44 52 53 63 66 76 84 (80.0)
6: 46 48 50 58 61 68 78 79 85 88 96 (90.0)
7: 42 56 64 69 70 71 72 75 80 90 (77.0)
8: 54 55 57 74 82 83 91 (69.0)
9: 62 73 81 94 95 105 108 110 118 (88.0)
10: 77 87 89 92 93 97 106 115 125 127 (112.0)
11: 65 86 101 102 103 107 111 113 117 120 (83.0)
12: 98 104 109 112 114 123 126 128 135 (100.0)
13: 99 116 122 134 138 140 141 151 159 (98.0)
14: 100 119 121 124 129 133 136 137 142 144 149 152 160 (104.0)
15: 130 131 139 143 147 148 154 155 181 (99.0)
16: 132 145 146 153 156 157 158 166 180 (82.0)
17: 163 170 176 179 184 189 191 195 (113.0)
18: 150 161 167 168 169 172 173 174 187 194 205 (112.0)
19: 162 164 171 175 183 185 201 208 211 212 213 (105.0)
20: 165 188 193 196 198 221 232 (103.0)
21: 177 178 182 190 199 202 207 218 220 227 237 240 (90.0)
22: 186 192 197 204 209 215 217 223 231 238 (105.0)
23: 203 210 214 219 224 226 228 234 235 243 (114.0)
24: 206 222 225 229 230 233 236 239 242 244 246 247 (115.0)
25: 200 216 241 245 248 249 (107.0)
