Name: 250-60-125
Time: 15.058007955551147 
Result: 52
Solution:  2 1 3 3 1 2 0 0 1 1 4 0 1 4 2 1 0 0 1 5 3 0 2 3 0 5 0 0 2 3 3 4 4 0 3 4 5 6 1 0 4 4 5 3 4 6 4 3 2 1 5 2 5 5 5 6 6 6 8 5 4 4 6 7 7 8 4 3 8 7 7 7 10 6 7 8 10 6 7 10 8 9 9 6 9 7 10 8 11 8 8 9 10 11 12 9 6 10 14 8 9 11 15 10 12 14 13 11 10 13 9 11 12 10 14 11 9 10 12 14 15 13 14 12 12 10 17 15 12 13 15 13 11 15 15 12 16 14 12 12 13 11 14 15 11 14 15 18 15 15 16 13 14 16 15 20 17 16 16 13 16 17 21 18 17 16 19 17 15 18 19 16 18 18 18 16 17 17 21 16 17 15 21 18 19 22 17 18 19 18 19 22 18 20 18 20 20 21 19 18 19 21 22 22 20 20 21 20 21 21 22 19 21 20 23 22 23 21 23 22 22 23 24 23 20 23 24 21 23 23 25 21 25 24 25 24 24 23 24 24 25 25 25 24 24 25 25 25 24 24
0: 6 7 11 16 17 21 24 26 27 33 39 (71.0)
1: 1 4 8 9 12 15 18 38 49 (69.0)
2: 0 5 14 22 28 48 51 (69.0)
3: 2 3 20 23 29 30 34 43 47 67 (67.0)
4: 10 13 31 32 35 40 41 44 46 60 61 66 (68.0)
5: 19 25 36 42 50 52 53 54 59 (68.0)
6: 37 45 55 56 57 62 73 77 83 96 (82.0)
7: 63 64 69 70 71 74 78 85 (74.0)
8: 58 65 68 75 80 87 89 90 99 (99.0)
9: 81 82 84 91 95 100 110 116 (81.0)
10: 72 76 79 86 92 97 103 108 113 117 125 (105.0)
11: 88 93 101 107 111 115 132 141 144 (102.0)
12: 94 104 112 118 123 124 128 135 138 139 (101.0)
13: 106 109 121 129 131 140 151 159 (110.0)
14: 98 105 114 119 122 137 142 145 152 (81.0)
15: 102 120 127 130 133 134 143 146 148 149 154 168 181 (110.0)
16: 136 150 153 157 158 160 165 171 175 179 (114.0)
17: 126 156 161 164 167 176 177 180 186 (76.0)
18: 147 163 169 172 173 174 183 187 189 192 194 199 (117.0)
19: 166 170 184 188 190 198 200 211 (105.0)
20: 155 193 195 196 204 205 207 213 224 (119.0)
21: 162 178 182 197 201 206 208 209 212 217 227 231 (100.0)
22: 185 191 202 203 210 215 219 220 (92.0)
23: 214 216 218 221 223 225 228 229 237 (89.0)
24: 222 226 233 235 236 238 239 243 244 248 249 (116.0)
25: 230 232 234 240 241 242 245 246 247 (113.0)
