Name: 250-20-30
Time: 15.20844554901123 
Result: 9
Solution:  0 0 1 0 1 1 1 0 0 2 1 1 1 1 0 2 3 1 4 1 2 3 2 2 2 1 4 3 2 4 1 3 3 2 6 2 3 2 5 5 3 4 5 4 5 1 6 5 5 4 5 5 4 6 8 6 7 6 6 6 5 7 6 9 4 10 7 7 5 9 6 4 4 9 10 6 9 6 8 8 7 11 7 8 9 12 8 10 12 7 10 9 9 9 12 6 7 13 9 10 12 15 12 11 9 11 10 11 13 12 11 11 11 11 11 12 14 8 14 14 10 10 13 13 13 15 12 14 10 14 10 16 15 15 14 14 13 10 12 14 15 17 15 16 16 15 13 14 14 15 18 12 18 13 13 15 14 20 16 17 17 15 18 15 16 16 19 16 18 14 20 17 19 19 18 19 18 20 17 16 18 16 20 22 19 21 19 17 19 17 22 19 17 19 17 18 17 17 22 20 21 23 23 20 18 20 24 19 20 21 21 19 22 22 22 22 24 22 22 24 22 23 21 23 25 23 22 23 20 20 24 21 24 23 24 20 24 25 25 21 25 22 25 24 24 25 25 23 23 23
0: 0 1 3 7 8 14 (22.0)
1: 2 4 5 6 10 11 12 13 17 19 25 30 45 (20.0)
2: 9 15 20 22 23 24 28 33 35 37 (21.0)
3: 16 21 27 31 32 36 40 (23.0)
4: 18 26 29 41 43 49 52 64 71 72 (21.0)
5: 38 39 42 44 47 48 50 51 60 68 (20.0)
6: 34 46 53 55 57 58 59 62 70 75 77 95 (21.0)
7: 56 61 66 67 80 82 89 96 (22.0)
8: 54 78 79 83 86 117 (22.0)
9: 63 69 73 76 84 91 92 93 98 104 (24.0)
10: 65 74 87 90 99 106 120 121 128 130 137 (25.0)
11: 81 103 105 107 110 111 112 113 114 (23.0)
12: 85 88 94 100 102 109 115 126 138 151 (28.0)
13: 97 108 122 123 124 136 146 153 154 (25.0)
14: 116 118 119 127 129 134 135 139 147 148 156 169 (24.0)
15: 101 125 132 133 140 142 145 149 155 161 163 (26.0)
16: 131 143 144 158 164 165 167 179 181 (26.0)
17: 141 159 160 171 178 187 189 192 194 196 197 (29.0)
18: 150 152 162 168 174 176 180 195 204 (23.0)
19: 166 172 173 175 184 186 188 191 193 207 211 (23.0)
20: 157 170 177 182 199 203 205 208 228 229 235 (27.0)
21: 185 200 209 210 222 231 239 (28.0)
22: 183 190 198 212 213 214 215 217 218 220 226 241 (29.0)
23: 201 202 221 223 225 227 233 247 248 249 (29.0)
24: 206 216 219 230 232 234 236 243 244 (27.0)
25: 224 237 238 240 242 245 246 (28.0)
