Name: 250-50-100
Time: 15.017289161682129 
Result: 45
Solution:  2 0 0 0 0 2 1 1 4 1 0 2 3 4 0 3 3 0 2 2 0 0 4 2 1 2 0 2 1 5 6 0 4 3 4 3 5 3 1 1 4 4 3 4 4 6 1 5 4 7 4 2 5 4 6 6 6 6 8 4 4 6 5 7 11 8 7 9 9 7 10 6 8 4 9 9 8 5 6 11 10 9 8 9 9 8 8 6 11 5 8 7 14 10 12 13 7 11 9 9 10 11 9 12 12 10 12 9 11 11 10 12 15 12 9 9 14 12 11 12 13 13 14 14 12 13 14 13 11 12 12 10 15 14 13 15 15 14 14 13 15 14 15 15 16 15 12 19 15 15 16 16 17 16 18 15 16 16 15 17 13 17 18 15 20 17 17 13 19 14 21 20 16 17 17 18 17 16 18 19 18 19 16 20 22 19 19 19 22 18 16 20 18 18 20 22 20 20 21 24 18 21 24 22 22 22 24 23 21 19 20 23 21 22 21 23 23 23 25 22 22 19 23 23 21 22 22 22 25 20 24 22 25 24 24 25 20 24 24 23 21 23 25 25 25 24 25 23 25 25
0: 1 2 3 4 10 14 17 20 21 26 31 (53.0)
1: 6 7 9 24 28 38 39 46 (56.0)
2: 0 5 11 18 19 23 25 27 51 (65.0)
3: 12 15 16 33 35 37 42 (55.0)
4: 8 13 22 32 34 40 41 43 44 48 50 53 59 60 73 (55.0)
5: 29 36 47 52 62 77 89 (63.0)
6: 30 45 54 55 56 57 61 71 78 87 (66.0)
7: 49 63 66 69 91 96 (58.0)
8: 58 65 72 76 82 85 86 90 (64.0)
9: 67 68 74 75 81 83 84 98 99 102 107 114 115 (66.0)
10: 70 80 93 100 105 110 131 (79.0)
11: 64 79 88 97 101 108 109 118 128 (58.0)
12: 94 103 104 106 111 113 117 119 124 129 130 146 (89.0)
13: 95 120 121 125 127 134 139 160 167 (91.0)
14: 92 116 122 123 126 133 137 138 141 169 (81.0)
15: 112 132 135 136 140 142 143 145 148 149 155 158 163 (96.0)
16: 144 150 151 153 156 157 172 177 182 190 (92.0)
17: 152 159 161 165 166 173 174 176 (93.0)
18: 154 162 175 178 180 189 192 193 200 (69.0)
19: 147 168 179 181 185 186 187 209 221 (95.0)
20: 164 171 183 191 194 196 197 210 229 236 (89.0)
21: 170 198 201 208 212 214 224 240 (79.0)
22: 184 188 195 203 204 205 213 219 220 225 226 227 231 (97.0)
23: 207 211 215 216 217 222 223 239 241 247 (94.0)
24: 199 202 206 230 233 234 237 238 245 (98.0)
25: 218 228 232 235 242 243 244 246 248 249 (98.0)
