Name: 250-60-125
Time: 14.409420013427734 
Result: 54
Solution:  1 0 2 1 1 1 3 1 0 1 3 0 3 1 1 2 1 1 0 1 3 0 3 3 3 4 3 0 2 1 5 3 3 4 4 7 2 5 6 5 4 3 6 3 6 1 6 3 7 5 5 2 6 5 9 9 5 2 6 6 5 6 7 4 7 9 6 5 8 9 7 7 7 6 8 8 5 6 7 7 5 9 8 6 6 8 9 8 7 9 9 10 10 11 10 10 6 11 14 8 13 11 8 10 12 13 8 12 9 14 11 10 9 11 12 11 14 12 13 13 12 12 12 12 12 10 16 12 11 13 14 13 17 13 13 14 16 13 13 12 13 16 15 15 11 13 12 16 15 14 14 15 18 16 19 16 13 16 16 17 17 15 20 18 21 15 20 14 20 18 18 15 18 18 18 16 17 17 20 18 17 16 19 16 17 19 15 23 19 17 22 22 22 20 20 22 19 23 19 21 19 19 21 22 23 19 21 19 21 21 22 21 25 22 24 22 24 21 20 23 24 20 25 23 20 24 24 21 23 23 24 23 23 25 24 24 24 22 24 24 22 25 25 24 25 25 22 24 21 25
0: 1 8 11 18 21 27 (70.0)
1: 0 3 4 5 7 9 13 14 16 17 19 29 45 (76.0)
2: 2 15 28 36 51 57 (68.0)
3: 6 10 12 20 22 23 24 26 31 32 41 43 47 (70.0)
4: 25 33 34 40 63 (71.0)
5: 30 37 39 49 50 53 56 60 67 76 80 (69.0)
6: 38 42 44 46 52 58 59 61 66 73 77 83 84 96 (68.0)
7: 35 48 62 64 70 71 72 78 79 88 (80.0)
8: 68 74 75 82 85 87 99 102 106 (82.0)
9: 54 55 65 69 81 86 89 90 108 112 (103.0)
10: 91 92 94 95 103 111 125 (93.0)
11: 93 97 101 110 113 115 128 144 (89.0)
12: 104 107 114 117 120 121 122 123 124 127 139 146 (109.0)
13: 100 105 118 119 129 131 133 134 137 138 140 145 156 (116.0)
14: 98 109 116 130 135 149 150 167 (106.0)
15: 142 143 148 151 161 165 171 186 (117.0)
16: 126 136 141 147 153 155 157 158 175 181 183 (75.0)
17: 132 159 160 176 177 180 184 189 (93.0)
18: 152 163 169 170 172 173 174 179 (93.0)
19: 154 182 185 188 196 198 200 201 205 207 (93.0)
20: 162 166 168 178 193 194 218 221 224 (118.0)
21: 164 199 202 206 208 209 211 217 227 248 (105.0)
22: 190 191 192 195 203 210 213 215 237 240 246 (106.0)
23: 187 197 204 219 223 228 229 231 232 (94.0)
24: 214 216 220 225 226 230 234 235 236 238 239 243 247 (112.0)
25: 212 222 233 241 242 244 245 249 (122.0)
