Name: 250-30-50
Time: 14.732234477996826 
Result: 16
Solution:  0 1 1 1 1 4 1 0 1 0 3 1 2 1 0 1 2 0 1 2 2 0 1 2 4 1 2 3 3 5 5 4 3 4 3 3 8 3 1 4 6 4 3 4 2 5 7 3 7 5 6 7 3 6 8 7 7 5 4 5 7 6 4 9 7 6 7 5 7 6 11 5 8 8 11 5 10 5 10 8 8 7 9 11 11 8 10 6 11 8 12 7 10 11 8 10 13 6 9 10 9 9 13 10 7 8 11 9 11 12 12 13 12 10 13 11 11 9 12 13 15 9 10 17 16 10 11 13 16 14 14 13 11 10 13 10 15 15 11 16 13 17 13 17 15 12 15 14 16 14 16 17 19 17 18 16 14 16 17 15 18 15 17 16 17 16 18 16 17 15 19 18 16 20 20 19 17 15 18 17 19 18 18 16 20 21 15 19 20 17 22 19 21 18 18 19 20 20 19 19 20 17 21 19 21 19 22 24 24 23 18 22 22 22 20 23 24 24 24 21 23 23 23 20 23 24 25 22 23 21 20 23 24 22 24 25 22 23 25 23 23 25 24 25 25 25 24 25 25 21
0: 0 7 9 14 17 21 (32.0)
1: 1 2 3 4 6 8 11 13 15 18 22 25 38 (32.0)
2: 12 16 19 20 23 26 44 (34.0)
3: 10 27 28 32 34 35 37 42 47 52 (32.0)
4: 5 24 31 33 39 41 43 58 62 (35.0)
5: 29 30 45 49 57 59 67 71 75 77 (35.0)
6: 40 50 53 61 65 69 87 97 (38.0)
7: 46 48 51 55 56 60 64 66 68 81 91 104 (36.0)
8: 36 54 72 73 79 80 85 89 94 105 (42.0)
9: 63 82 98 100 101 107 117 121 (40.0)
10: 76 78 86 92 95 99 103 113 122 125 133 135 (33.0)
11: 70 74 83 84 88 93 106 108 115 116 126 132 138 (35.0)
12: 90 109 110 112 118 145 (37.0)
13: 96 102 111 114 119 127 131 134 140 142 (35.0)
14: 129 130 147 149 156 (33.0)
15: 120 136 137 144 146 159 161 169 177 186 (46.0)
16: 124 128 139 148 150 155 157 163 165 167 172 183 (38.0)
17: 123 141 143 151 153 158 162 164 168 176 179 189 201 (35.0)
18: 154 160 166 171 178 181 182 193 194 210 (41.0)
19: 152 170 175 180 187 191 195 198 199 203 205 (47.0)
20: 173 174 184 188 196 197 200 214 223 230 (48.0)
21: 185 192 202 204 219 229 249 (40.0)
22: 190 206 211 212 213 227 233 236 (48.0)
23: 209 215 220 221 222 224 228 231 237 239 240 (48.0)
24: 207 208 216 217 218 225 232 234 242 246 (38.0)
25: 226 235 238 241 243 244 245 247 248 (42.0)
