Name: 250-20-30
Time: 15.099411249160767 
Result: 9
Solution:  0 0 1 0 2 1 2 0 0 0 1 1 1 2 1 1 0 1 2 1 1 2 2 2 4 4 3 6 5 3 1 5 3 6 4 4 4 2 4 7 3 4 2 4 5 3 7 2 5 5 6 7 5 4 6 4 9 7 4 4 7 3 6 7 7 10 6 5 3 7 5 10 7 10 9 9 9 8 8 7 9 8 9 8 6 11 9 6 11 8 11 6 13 7 13 6 6 12 8 10 14 11 14 12 12 10 11 13 10 11 11 11 10 11 11 11 13 10 12 11 10 15 13 9 10 14 12 12 9 14 13 16 13 12 13 15 13 10 12 15 15 18 12 12 15 14 16 15 14 12 15 13 15 19 15 15 14 12 14 17 19 14 18 16 14 15 18 17 19 16 16 19 20 18 17 18 16 20 18 19 18 19 19 20 19 19 17 17 19 17 20 19 18 17 17 18 17 17 22 21 21 21 21 20 20 22 18 21 20 23 20 22 23 22 22 22 25 19 22 23 21 23 20 25 24 25 23 23 25 24 24 21 24 22 22 22 24 25 22 21 25 23 24 25 25 25 25 23 24 23
0: 0 1 3 7 8 9 16 (20.0)
1: 2 5 10 11 12 14 15 17 19 20 30 (20.0)
2: 4 6 13 18 21 22 23 37 42 47 (20.0)
3: 26 29 32 40 45 61 68 (21.0)
4: 24 25 34 35 36 38 41 43 53 55 58 59 (22.0)
5: 28 31 44 48 49 52 67 70 (22.0)
6: 27 33 50 54 62 66 84 87 91 95 96 (26.0)
7: 39 46 51 57 60 63 64 69 72 79 93 (21.0)
8: 77 78 81 83 89 98 (22.0)
9: 56 74 75 76 80 82 86 123 128 (21.0)
10: 65 71 73 99 105 108 112 117 120 124 137 (24.0)
11: 85 88 90 101 106 109 110 111 113 114 115 119 (27.0)
12: 97 103 104 118 126 127 133 138 142 143 149 157 (29.0)
13: 92 94 107 116 122 130 132 134 136 151 (26.0)
14: 100 102 125 129 145 148 156 158 161 164 (28.0)
15: 121 135 139 140 144 147 150 152 154 155 165 (27.0)
16: 131 146 163 169 170 176 (23.0)
17: 159 167 174 186 187 189 193 194 196 197 (21.0)
18: 141 162 166 173 175 178 180 192 195 206 (25.0)
19: 153 160 168 171 179 181 182 184 185 188 191 217 (29.0)
20: 172 177 183 190 203 204 208 210 222 (26.0)
21: 199 200 201 202 207 220 231 239 (29.0)
22: 198 205 211 213 214 215 218 233 234 235 238 (27.0)
23: 209 212 219 221 226 227 241 247 249 (25.0)
24: 224 229 230 232 236 242 248 (27.0)
25: 216 223 225 228 237 240 243 244 245 246 (28.0)
