Name: 250-20-30
Time: 15.307695865631104 
Result: 10
Solution:  0 1 1 0 2 1 2 0 0 0 0 1 1 1 3 0 0 1 3 1 0 1 2 2 2 1 3 5 1 3 1 7 3 5 2 2 4 2 2 4 2 4 2 4 5 3 2 2 5 1 9 7 7 4 6 4 8 6 7 4 6 4 6 6 4 6 10 5 10 8 5 4 5 11 8 8 9 7 9 9 5 10 8 7 6 12 7 7 12 7 9 9 14 8 10 8 10 12 10 10 14 13 14 9 9 13 11 11 13 12 12 11 11 11 11 12 11 8 13 15 10 12 13 10 11 13 12 12 11 14 11 15 13 13 13 16 13 10 12 14 15 19 16 14 16 16 11 16 14 14 14 16 16 13 17 15 15 14 13 17 19 14 20 17 15 18 17 20 17 15 19 19 21 18 17 19 16 20 18 19 18 18 20 23 19 19 17 17 19 16 17 22 19 18 17 20 17 16 23 21 21 22 24 20 17 20 18 19 20 23 21 22 23 20 21 22 22 22 22 25 21 25 23 21 24 25 20 23 20 23 24 25 24 22 21 20 24 25 24 21 23 22 23 24 25 25 25 24 23 25
0: 0 3 7 8 9 10 15 16 20 (21.0)
1: 1 2 5 11 12 13 17 19 21 25 28 30 49 (22.0)
2: 4 6 22 23 24 34 35 37 38 40 42 46 47 (20.0)
3: 14 18 26 29 32 45 (23.0)
4: 36 39 41 43 53 55 59 61 64 71 (21.0)
5: 27 33 44 48 67 70 72 80 (23.0)
6: 54 57 60 62 63 65 84 (22.0)
7: 31 51 52 58 77 83 86 87 89 (24.0)
8: 56 69 74 75 82 93 95 117 (21.0)
9: 50 76 78 79 90 91 103 104 (22.0)
10: 66 68 81 94 96 98 99 120 123 137 (21.0)
11: 73 106 107 111 112 113 114 116 124 128 130 146 (25.0)
12: 85 88 97 109 110 115 121 126 127 138 (28.0)
13: 101 105 108 118 122 125 132 133 134 136 153 158 (27.0)
14: 92 100 102 129 139 143 148 149 150 157 161 (25.0)
15: 119 131 140 155 156 164 169 (23.0)
16: 135 142 144 145 147 151 152 176 189 197 (22.0)
17: 154 159 163 166 168 174 186 187 190 194 196 204 (25.0)
18: 165 173 178 180 181 193 206 (23.0)
19: 141 160 170 171 175 179 184 185 188 192 207 (30.0)
20: 162 167 177 182 195 203 205 208 213 226 228 235 (26.0)
21: 172 199 200 210 214 220 223 234 239 (30.0)
22: 191 201 211 215 216 217 218 233 241 (24.0)
23: 183 198 209 212 222 227 229 240 242 248 (29.0)
24: 202 224 230 232 236 238 243 247 (30.0)
25: 219 221 225 231 237 244 245 246 249 (29.0)
