Name: 250-40-75
Time: 15.328831195831299 
Result: 28
Solution:  0 3 0 0 3 1 0 0 2 0 1 0 1 0 0 0 1 2 4 2 0 1 4 3 2 6 0 2 3 1 3 5 0 6 3 1 6 3 1 4 1 6 5 7 1 6 4 4 5 3 3 2 4 1 6 6 5 8 5 6 4 5 5 8 3 5 7 11 9 8 5 8 7 7 7 7 8 4 8 9 7 6 12 10 7 7 8 9 8 10 12 9 7 12 9 12 8 13 7 11 9 15 11 11 13 11 9 7 12 9 11 9 8 10 11 9 12 12 12 14 10 17 14 13 11 15 15 13 13 14 13 13 12 12 14 11 14 15 11 15 13 16 13 16 14 17 12 15 16 11 16 16 18 13 17 18 16 15 16 14 17 21 16 14 16 17 15 18 17 13 15 15 17 17 15 18 18 18 19 18 19 17 19 20 17 18 22 17 16 20 20 19 21 21 21 21 20 19 19 23 20 20 23 18 21 21 24 24 21 19 25 19 22 18 20 22 23 25 25 19 24 24 21 22 20 25 23 21 25 23 23 22 24 25 24 23 24 25 25 25 22 24 24 25 23 25 25 24 23 25
0: 0 2 3 6 7 9 11 13 14 15 20 26 32 (47.0)
1: 5 10 12 16 21 29 35 38 40 44 53 (47.0)
2: 8 17 19 24 27 51 (49.0)
3: 1 4 23 28 30 34 37 49 50 64 (46.0)
4: 18 22 39 46 47 52 60 77 (50.0)
5: 31 42 48 56 58 61 62 65 70 (51.0)
6: 25 33 36 41 45 54 55 59 81 (51.0)
7: 43 66 72 73 74 75 80 84 85 92 98 107 (52.0)
8: 57 63 69 71 76 78 86 88 96 112 (66.0)
9: 68 79 87 91 94 100 106 109 111 115 (54.0)
10: 83 89 113 120 (50.0)
11: 67 99 102 103 105 110 114 124 135 138 149 (66.0)
12: 82 90 93 95 108 116 117 118 132 133 146 (61.0)
13: 97 104 123 127 128 130 131 140 142 153 169 (74.0)
14: 119 122 129 134 136 144 159 163 (51.0)
15: 101 125 126 137 139 147 157 166 170 171 174 (61.0)
16: 141 143 148 150 151 156 158 162 164 188 (59.0)
17: 121 145 154 160 165 168 172 173 181 184 187 (61.0)
18: 152 155 167 175 176 177 179 185 203 213 (46.0)
19: 178 180 182 191 197 198 209 211 219 (64.0)
20: 183 189 190 196 200 201 214 224 (69.0)
21: 161 192 193 194 195 204 205 208 222 227 (74.0)
22: 186 212 215 223 231 240 (73.0)
23: 199 202 216 226 229 230 235 244 248 (71.0)
24: 206 207 220 221 232 234 236 241 242 247 (73.0)
25: 210 217 218 225 228 233 237 238 239 243 245 246 249 (68.0)
