Name: 250-50-100
Time: 14.813295602798462 
Result: 43
Solution:  2 1 0 0 0 0 2 0 4 1 0 1 3 0 0 0 0 4 1 4 1 0 2 2 2 2 4 2 1 0 3 1 5 3 0 5 3 3 1 6 3 4 4 4 3 2 4 6 4 5 6 3 1 4 4 3 6 6 5 6 6 6 5 11 11 7 7 5 7 7 7 3 8 6 9 9 8 5 5 10 9 9 9 8 8 9 6 6 8 7 11 7 9 10 11 11 8 11 7 10 11 11 9 10 13 11 10 8 12 11 12 12 11 12 9 9 16 13 12 13 14 14 13 13 12 13 15 13 15 9 15 17 13 14 11 18 13 13 10 13 15 11 15 15 14 12 15 15 14 14 15 16 17 16 14 14 16 19 12 16 14 17 17 15 19 16 15 19 16 17 18 20 19 16 17 18 16 17 18 18 19 19 19 16 22 21 19 21 17 19 17 21 19 20 21 20 20 20 18 23 20 22 21 17 20 22 25 21 22 24 23 21 20 19 23 22 21 22 25 22 23 22 21 24 24 23 25 22 22 20 23 21 22 25 24 25 20 25 23 25 24 23 24 25 25 25 25 25 25 24
0: 2 3 4 5 7 10 13 14 15 16 21 29 34 (63.0)
1: 1 9 11 18 20 28 31 38 52 (70.0)
2: 0 6 22 23 24 25 27 45 (59.0)
3: 12 30 33 36 37 40 44 51 55 71 (62.0)
4: 8 17 19 26 41 42 43 46 48 53 54 (66.0)
5: 32 35 49 58 62 67 77 78 (58.0)
6: 39 47 50 56 57 59 60 61 73 86 87 (58.0)
7: 65 66 68 69 70 89 91 98 (57.0)
8: 72 76 83 84 88 96 107 (63.0)
9: 74 75 80 81 82 85 92 102 114 115 129 (76.0)
10: 79 93 99 103 106 138 (57.0)
11: 63 64 90 94 95 97 100 101 105 109 112 134 141 (78.0)
12: 108 110 111 113 118 124 145 158 (64.0)
13: 104 117 119 122 123 125 127 132 136 137 139 (77.0)
14: 120 121 133 144 148 149 154 155 160 (100.0)
15: 126 128 130 140 142 143 146 147 150 163 166 (85.0)
16: 116 151 153 156 159 165 168 173 176 183 (98.0)
17: 131 152 161 162 169 174 177 188 190 203 (85.0)
18: 135 170 175 178 179 198 (58.0)
19: 157 164 167 172 180 181 182 186 189 192 213 (87.0)
20: 171 193 195 196 197 200 204 212 229 236 (85.0)
21: 185 187 191 194 202 207 211 216 222 231 (100.0)
22: 184 201 205 208 215 217 219 221 227 228 232 (100.0)
23: 199 210 214 220 225 230 238 241 (96.0)
24: 209 223 224 234 240 242 249 (100.0)
25: 206 218 226 233 235 237 239 243 244 245 246 247 248 (97.0)
