Name: 250-30-50
Time: 7.443227291107178 
Result: 17
Solution:  1 0 2 2 0 0 1 1 0 2 0 2 3 4 2 1 2 4 1 2 2 1 2 2 4 3 0 3 3 3 3 2 3 1 3 1 5 5 1 7 5 4 5 0 3 6 6 5 5 5 7 5 3 6 4 7 8 6 4 5 7 5 9 6 7 5 4 10 7 5 10 8 8 8 9 7 7 5 8 8 10 13 8 10 9 9 7 8 9 8 10 11 11 10 7 11 12 13 8 9 11 12 14 10 7 11 12 9 11 12 12 12 12 9 11 11 15 10 13 12 15 9 10 14 9 13 10 12 16 12 13 13 11 10 14 12 14 15 13 14 15 19 13 17 13 16 18 15 12 14 14 16 17 16 19 16 14 16 17 13 18 15 17 17 21 15 21 15 17 17 19 18 16 20 20 18 18 15 15 19 18 18 20 17 20 18 16 21 19 17 22 20 20 20 18 21 23 20 20 19 22 19 20 18 20 19 22 21 21 22 19 25 22 22 21 23 22 22 25 22 22 21 23 20 21 24 22 24 23 21 24 20 24 21 24 24 23 24 24 24 24 25 25 25 22 25 24 25 25 23
0: 1 4 5 8 10 26 43 (31.0)
1: 0 6 7 15 18 21 33 35 38 (34.0)
2: 2 3 9 11 14 16 19 20 22 23 31 (34.0)
3: 12 25 27 28 29 30 32 34 44 52 (36.0)
4: 13 17 24 41 54 58 66 (35.0)
5: 36 37 40 42 47 48 49 51 59 61 65 69 77 (31.0)
6: 45 46 53 57 63 (31.0)
7: 39 50 55 60 64 68 75 76 86 94 104 (32.0)
8: 56 71 72 73 78 79 82 87 89 98 (42.0)
9: 62 74 84 85 88 99 107 113 121 124 (39.0)
10: 67 70 80 83 90 93 103 117 122 126 133 (39.0)
11: 91 92 95 100 105 108 114 115 132 (37.0)
12: 96 101 106 109 110 111 112 119 127 129 135 148 (36.0)
13: 81 97 118 125 130 131 138 142 144 159 (39.0)
14: 102 123 134 136 139 149 150 156 (36.0)
15: 116 120 137 140 147 161 165 167 177 178 (37.0)
16: 128 145 151 153 155 157 172 186 (33.0)
17: 143 152 158 162 163 168 169 183 189 (36.0)
18: 146 160 171 175 176 180 181 185 194 203 (46.0)
19: 141 154 170 179 188 199 201 205 210 (40.0)
20: 173 174 182 184 191 192 193 197 198 202 204 223 231 (44.0)
21: 164 166 187 195 207 208 214 221 224 229 233 (48.0)
22: 190 200 206 209 212 213 216 217 219 220 226 244 (48.0)
23: 196 215 222 228 236 249 (42.0)
24: 225 227 230 232 234 235 237 238 239 240 246 (48.0)
25: 211 218 241 242 243 245 247 248 (46.0)
