Name: 250-50-100
Time: 7.576356887817383 
Result: 43
Solution:  0 0 0 0 0 2 2 1 0 5 0 1 3 0 0 0 1 4 1 4 0 0 0 3 3 2 6 6 2 3 3 0 3 1 3 4 3 1 2 5 3 4 4 4 1 2 3 6 7 3 4 4 2 3 6 3 4 6 5 3 5 8 5 10 10 7 8 7 9 6 10 8 7 4 7 7 8 5 6 8 10 5 12 9 7 8 6 7 11 7 7 8 7 10 12 13 9 11 12 9 10 11 9 11 12 12 14 11 11 12 9 12 16 11 9 9 15 12 12 13 15 13 14 17 12 13 13 14 11 9 13 12 14 15 11 16 13 16 10 12 15 14 15 15 14 14 12 18 15 14 15 16 17 16 13 16 16 15 14 16 14 17 17 16 14 17 14 14 15 17 18 20 17 19 18 18 18 16 16 22 19 22 17 18 22 15 19 19 20 18 18 20 18 18 20 23 19 20 23 19 20 24 21 21 20 22 21 21 22 24 25 25 24 24 25 22 23 22 20 20 23 21 19 22 23 24 25 22 24 21 21 24 22 25 23 25 22 23 21 23 23 25 25 23 24 24 25 25 24 24
0: 0 1 2 3 4 8 10 13 14 15 20 21 22 31 (58.0)
1: 7 11 16 18 33 37 44 (58.0)
2: 5 6 25 28 38 45 52 (57.0)
3: 12 23 24 29 30 32 34 36 40 46 49 53 55 59 (56.0)
4: 17 19 35 41 42 43 50 51 56 73 (62.0)
5: 9 39 58 60 62 77 81 (62.0)
6: 26 27 47 54 57 69 78 86 (59.0)
7: 48 65 67 72 74 75 84 87 89 90 92 (68.0)
8: 61 66 71 76 79 85 91 (59.0)
9: 68 83 96 99 102 110 114 115 129 (77.0)
10: 63 64 70 80 93 100 138 (74.0)
11: 88 97 101 103 107 108 113 128 134 (74.0)
12: 82 94 98 104 105 109 111 117 118 124 131 139 146 (66.0)
13: 95 119 121 125 126 130 136 154 (93.0)
14: 106 122 127 132 141 144 145 149 158 160 164 166 167 (84.0)
15: 116 120 133 140 142 143 148 150 157 168 185 (95.0)
16: 112 135 137 151 153 155 156 159 163 177 178 (73.0)
17: 123 152 161 162 165 169 172 182 (78.0)
18: 147 170 174 175 176 183 189 190 192 193 (97.0)
19: 173 180 186 187 196 199 222 (75.0)
20: 171 188 191 194 197 200 204 218 219 (93.0)
21: 202 203 206 207 221 229 230 238 (98.0)
22: 179 181 184 205 208 215 217 223 227 232 236 (92.0)
23: 195 198 216 220 224 234 237 239 240 243 (99.0)
24: 201 209 212 213 225 228 231 244 245 248 249 (95.0)
25: 210 211 214 226 233 235 241 242 246 247 (97.0)
