Name: 250-50-100
Time: 7.3607177734375 
Result: 45
Solution:  1 2 0 0 0 0 1 0 2 4 1 2 4 2 1 1 2 1 0 3 2 2 0 2 3 2 4 4 3 6 5 2 2 1 2 0 3 5 4 0 2 4 3 4 4 1 8 4 6 1 4 6 1 3 3 2 7 6 5 9 6 8 5 10 11 8 6 11 9 8 8 6 8 8 6 9 7 8 6 10 9 6 13 8 7 7 7 8 7 5 7 7 9 10 8 13 11 9 7 9 11 11 9 10 12 12 14 10 14 12 13 12 12 11 12 11 15 11 11 13 15 17 11 12 12 13 14 14 14 16 12 15 13 14 11 18 15 11 10 14 15 16 15 15 16 12 13 19 15 15 16 14 16 16 14 19 16 18 16 19 15 17 18 14 19 16 15 14 17 17 22 19 17 17 17 18 16 22 21 18 15 19 15 17 18 16 19 21 21 23 18 21 20 21 22 23 19 20 20 24 18 22 23 17 23 21 25 20 21 23 19 22 21 21 25 23 20 18 21 20 20 24 21 23 21 21 22 21 22 21 22 22 24 25 23 25 23 25 24 25 25 25 24 25 25 25 25 22 25 24
0: 2 3 4 5 7 18 22 35 39 (59.0)
1: 0 6 10 14 15 17 33 45 49 52 (62.0)
2: 1 8 11 13 16 20 21 23 25 31 32 34 40 55 (59.0)
3: 19 24 28 36 42 53 54 (61.0)
4: 9 12 26 27 38 41 43 44 47 50 (55.0)
5: 30 37 58 62 89 (61.0)
6: 29 48 51 57 60 66 71 74 78 81 (70.0)
7: 56 76 84 85 86 88 90 91 98 (62.0)
8: 46 61 65 69 70 72 73 77 83 87 94 (61.0)
9: 59 68 75 80 92 97 99 102 (59.0)
10: 63 79 93 103 107 138 (63.0)
11: 64 67 96 100 101 113 115 117 118 122 134 137 (67.0)
12: 104 105 109 111 112 114 123 124 130 145 (68.0)
13: 82 95 110 119 125 132 146 (71.0)
14: 106 108 126 127 128 133 139 151 154 163 167 (78.0)
15: 116 120 131 136 140 142 143 148 149 160 166 180 182 (100.0)
16: 129 141 144 150 152 153 156 158 165 176 185 (90.0)
17: 121 161 168 169 172 173 174 183 203 (89.0)
18: 135 157 162 175 179 184 190 200 217 (92.0)
19: 147 155 159 164 171 181 186 196 210 (99.0)
20: 192 197 198 207 216 219 220 (98.0)
21: 178 187 188 191 193 205 208 212 213 218 222 224 225 227 229 (97.0)
22: 170 177 194 201 211 226 228 230 231 247 (90.0)
23: 189 195 202 204 209 215 223 234 236 (88.0)
24: 199 221 232 238 242 249 (100.0)
25: 206 214 233 235 237 239 240 241 243 244 245 246 248 (100.0)
