Name: 250-40-75
Time: 7.860281705856323 
Result: 31
Solution:  1 0 2 3 1 1 0 0 2 2 3 0 1 0 1 3 1 0 5 4 1 0 5 3 2 5 0 4 3 0 3 5 1 5 0 3 3 5 2 4 8 2 3 7 1 5 3 5 7 5 3 2 1 1 4 6 6 7 6 3 2 4 4 7 3 10 8 7 6 6 6 6 7 10 7 7 8 8 9 8 8 10 12 6 12 12 9 11 8 9 10 11 9 12 10 9 10 12 9 11 8 15 9 11 13 13 11 11 15 11 8 15 8 12 12 10 9 12 10 8 14 11 12 14 13 14 15 13 14 10 16 15 16 15 15 12 14 14 13 18 17 16 12 15 16 17 11 12 15 18 15 16 15 13 19 16 17 13 16 18 19 16 15 14 16 17 15 20 17 13 15 17 16 20 18 16 18 19 21 17 19 18 18 20 22 16 21 18 19 20 20 18 20 21 19 22 20 19 19 22 20 22 21 18 22 22 21 21 17 20 24 20 22 21 23 22 20 22 25 21 24 24 24 23 21 25 24 24 22 24 24 23 21 25 23 25 24 23 25 25 23 23 25 25 25 25 25 25 25 21
0: 1 6 7 11 13 17 21 26 29 34 (44.0)
1: 0 4 5 12 14 16 20 32 44 52 53 (46.0)
2: 2 8 9 24 38 41 51 60 (49.0)
3: 3 10 15 23 28 30 35 36 42 46 50 59 64 (50.0)
4: 19 27 39 54 61 62 (49.0)
5: 18 22 25 31 33 37 45 47 49 (47.0)
6: 55 56 58 68 69 70 71 83 (46.0)
7: 43 48 57 63 67 72 74 75 (46.0)
8: 40 66 76 77 79 80 88 100 110 112 119 (54.0)
9: 78 86 89 92 95 98 102 116 (55.0)
10: 65 73 81 90 94 96 115 118 129 (60.0)
11: 87 91 99 103 106 107 109 121 146 (51.0)
12: 82 84 85 93 97 113 114 117 122 135 142 147 (56.0)
13: 104 105 124 127 138 153 157 169 (53.0)
14: 120 123 125 128 136 137 163 (55.0)
15: 101 108 111 126 131 133 134 143 148 150 152 162 166 170 (63.0)
16: 130 132 141 144 151 155 158 161 164 172 175 185 (68.0)
17: 140 145 156 165 168 171 179 208 (75.0)
18: 139 149 159 174 176 181 182 187 191 203 (68.0)
19: 154 160 177 180 188 194 197 198 (75.0)
20: 167 173 183 189 190 192 196 200 209 211 216 (66.0)
21: 178 186 193 202 206 207 213 219 224 232 249 (75.0)
22: 184 195 199 201 204 205 212 215 217 228 (62.0)
23: 214 223 231 234 237 240 241 (75.0)
24: 210 220 221 222 226 227 229 230 236 (75.0)
25: 218 225 233 235 238 239 242 243 244 245 246 247 248 (71.0)
