Name: 250-30-50
Time: 7.479660987854004 
Result: 19
Solution:  3 0 1 0 3 0 4 1 2 1 0 2 4 3 2 2 3 3 3 2 2 1 5 1 0 1 0 3 2 5 3 4 2 2 3 2 4 5 4 7 4 4 5 1 0 5 4 5 5 3 5 4 5 6 6 7 7 8 6 5 6 6 8 8 7 5 4 3 7 5 6 7 8 8 12 7 12 7 11 9 10 10 9 8 11 11 10 8 5 12 9 7 11 11 10 10 10 7 9 10 9 10 15 10 9 11 11 13 11 10 12 14 13 12 9 11 16 14 13 11 12 10 10 13 13 15 13 12 16 15 14 13 15 11 13 10 16 12 13 16 13 16 18 16 15 15 14 14 12 14 17 16 16 16 18 15 14 18 17 16 20 14 16 17 17 16 18 15 17 17 20 19 16 21 19 17 18 16 16 18 17 19 18 15 19 22 17 15 19 18 20 21 20 19 21 23 22 21 19 20 20 19 25 18 19 19 21 18 24 20 18 23 22 22 24 22 24 24 24 20 23 21 23 19 23 21 22 25 20 20 21 22 24 25 24 24 23 22 25 23 24 25 25 24 21 25 24 25 24 21
0: 1 3 5 10 24 26 44 (31.0)
1: 2 7 9 21 23 25 43 (32.0)
2: 8 11 14 15 19 20 28 32 33 35 (33.0)
3: 0 4 13 16 17 18 27 30 34 49 67 (35.0)
4: 6 12 31 36 38 40 41 46 51 66 (31.0)
5: 22 29 37 42 45 47 48 50 52 59 65 69 88 (31.0)
6: 53 54 58 60 61 70 (38.0)
7: 39 55 56 64 68 71 75 77 91 97 (36.0)
8: 57 62 63 72 73 83 87 (33.0)
9: 79 82 90 98 100 104 114 (39.0)
10: 80 81 86 94 95 96 99 101 103 109 121 122 135 (31.0)
11: 78 84 85 92 93 105 106 108 115 119 133 (36.0)
12: 74 76 89 110 113 120 127 137 148 (31.0)
13: 107 112 118 123 124 126 131 134 138 140 (35.0)
14: 111 117 130 146 147 149 156 161 (40.0)
15: 102 125 129 132 144 145 155 167 183 187 (42.0)
16: 116 128 136 139 141 143 151 152 153 159 162 165 172 177 178 (42.0)
17: 150 158 163 164 168 169 175 180 186 (42.0)
18: 142 154 157 166 176 179 182 189 203 207 210 (47.0)
19: 171 174 181 184 188 193 198 201 204 205 223 (42.0)
20: 160 170 190 192 199 200 209 219 228 229 (48.0)
21: 173 191 194 197 206 221 225 230 244 249 (50.0)
22: 185 196 212 213 215 226 231 237 (37.0)
23: 195 211 220 222 224 236 239 (41.0)
24: 208 214 216 217 218 232 234 235 240 243 246 248 (47.0)
25: 202 227 233 238 241 242 245 247 (50.0)
