Name: 250-20-30
Time: 17.968348503112793 
Result: 10
Solution:  1 0 1 0 3 2 1 0 0 0 0 2 2 0 3 1 2 1 2 2 0 0 2 1 2 4 4 5 5 3 1 5 3 2 2 5 4 5 3 2 7 4 3 3 4 1 2 2 5 4 8 7 8 4 7 5 8 8 7 4 8 6 6 10 5 9 9 5 3 7 6 9 9 8 5 6 8 11 6 6 7 9 8 7 10 9 12 10 8 8 11 11 9 10 10 8 6 13 8 10 14 14 8 9 12 12 12 11 14 11 14 12 15 12 12 11 12 10 13 15 15 14 13 9 12 14 12 14 11 10 15 16 14 13 14 15 13 11 14 14 15 16 12 15 15 14 13 15 14 13 12 17 17 13 17 19 13 17 13 19 18 17 19 15 19 17 19 20 20 16 18 16 20 19 18 19 19 19 16 17 18 17 19 20 19 21 17 15 20 19 20 21 21 18 20 17 16 19 19 21 21 22 24 22 19 17 21 19 21 20 21 19 23 25 24 22 24 22 22 25 20 22 21 25 23 23 21 23 23 23 24 22 24 22 25 22 24 25 23 23 25 22 23 24 24 25 25 24 22 23
0: 1 3 7 8 9 10 13 20 21 (20.0)
1: 0 2 6 15 17 23 30 45 (20.0)
2: 5 11 12 16 18 19 22 24 33 34 39 46 47 (20.0)
3: 4 14 29 32 38 42 43 68 (20.0)
4: 25 26 36 41 44 49 53 59 (22.0)
5: 27 28 31 35 37 48 55 64 67 74 (23.0)
6: 61 62 70 75 78 79 96 (23.0)
7: 40 51 54 58 69 80 83 (21.0)
8: 50 52 56 57 60 73 76 82 88 89 95 98 102 (22.0)
9: 65 66 71 72 81 85 92 103 123 (24.0)
10: 63 84 87 93 94 99 117 129 (24.0)
11: 77 90 91 107 109 115 128 137 (25.0)
12: 86 104 105 106 111 113 114 116 124 126 142 150 (25.0)
13: 97 118 122 133 136 146 149 153 156 158 (27.0)
14: 100 101 108 110 121 125 127 132 134 138 139 145 148 (28.0)
15: 112 119 120 130 135 140 143 144 147 163 187 (21.0)
16: 131 141 169 171 178 196 (21.0)
17: 151 152 154 157 161 165 179 181 186 195 205 (26.0)
18: 160 170 174 180 193 (24.0)
19: 155 159 162 164 166 173 175 176 177 182 184 189 197 198 204 207 211 (30.0)
20: 167 168 172 183 188 190 194 209 220 (27.0)
21: 185 191 192 199 200 206 208 210 222 226 (29.0)
22: 201 203 215 217 218 221 231 233 235 241 248 (28.0)
23: 212 224 225 227 228 229 238 239 242 249 (30.0)
24: 202 214 216 230 232 236 243 244 247 (30.0)
25: 213 219 223 234 237 240 245 246 (26.0)
