Name: 250-30-50
Time: 14.614034652709961 
Result: 16
Solution:  0 3 0 1 1 3 4 0 1 0 1 1 4 3 1 1 0 3 3 2 2 0 5 1 3 3 2 3 3 1 4 0 6 1 3 1 6 6 3 7 4 4 3 4 2 6 6 5 5 5 5 5 2 6 9 7 8 6 6 5 7 3 9 5 7 11 4 4 9 4 8 5 8 7 7 4 8 5 8 9 8 7 13 8 10 11 8 11 10 11 7 7 10 12 8 11 11 7 12 8 10 12 12 8 9 12 11 9 11 10 12 12 13 8 11 12 12 13 16 14 11 9 11 14 10 11 14 12 13 13 14 11 11 11 13 12 10 12 15 17 16 16 13 17 13 15 15 14 17 15 16 16 16 17 19 13 15 19 16 16 19 14 20 18 17 19 21 17 18 15 18 18 16 20 18 18 17 16 17 20 19 18 19 15 18 19 17 21 21 17 22 20 21 17 21 23 22 19 21 20 21 21 23 18 19 20 21 17 21 23 19 24 22 22 24 21 22 22 21 20 22 23 23 25 22 19 24 23 22 20 25 21 24 23 24 25 24 22 25 22 24 25 21 25 23 24 25 25 25 24
0: 0 2 7 9 16 21 31 (32.0)
1: 3 4 8 10 11 14 15 23 29 33 35 (31.0)
2: 19 20 26 44 52 (32.0)
3: 1 5 13 17 18 24 25 27 28 34 38 42 61 (39.0)
4: 6 12 30 40 41 43 66 67 69 75 (37.0)
5: 22 47 48 49 50 51 59 63 71 77 (34.0)
6: 32 36 37 45 46 53 57 58 (36.0)
7: 39 55 60 64 73 74 81 90 91 97 (39.0)
8: 56 70 72 76 78 80 83 86 94 99 103 113 (32.0)
9: 54 62 68 79 104 107 121 (33.0)
10: 84 88 92 100 109 124 136 (34.0)
11: 65 85 87 89 95 96 106 108 114 120 122 125 131 132 133 (46.0)
12: 93 98 101 102 105 110 111 115 116 127 135 137 (35.0)
13: 82 112 117 128 129 134 142 144 155 (41.0)
14: 119 123 126 130 147 161 (32.0)
15: 138 145 146 149 156 169 183 (40.0)
16: 118 140 141 150 151 152 158 159 172 177 (37.0)
17: 139 143 148 153 164 167 176 178 186 189 193 207 (34.0)
18: 163 168 170 171 174 175 181 184 203 (40.0)
19: 154 157 160 165 180 182 185 197 204 210 225 (43.0)
20: 162 173 179 191 199 205 219 229 (41.0)
21: 166 187 188 192 194 198 200 201 206 208 215 218 231 242 (47.0)
22: 190 196 212 213 216 217 220 224 228 237 239 (47.0)
23: 195 202 209 221 222 227 233 244 (47.0)
24: 211 214 226 232 234 236 240 245 249 (45.0)
25: 223 230 235 238 241 243 246 247 248 (46.0)
