Name: 250-60-125
Time: 15.820899486541748 
Result: 53
Solution:  1 1 0 1 0 1 0 0 0 3 1 0 0 2 1 0 0 2 2 4 3 2 4 3 1 3 2 5 1 1 2 1 2 5 2 5 5 5 1 4 5 4 4 2 4 1 4 2 5 4 5 3 2 5 6 6 5 5 6 4 4 4 9 4 8 7 5 8 6 7 7 7 7 10 7 9 9 7 8 9 8 9 11 8 12 8 10 8 12 9 7 9 10 12 8 10 7 10 10 8 13 10 15 11 12 13 14 13 9 14 10 11 15 12 15 11 8 10 9 13 11 16 14 12 14 11 17 12 13 12 15 13 15 15 14 14 13 13 16 11 12 16 15 15 11 16 12 19 17 16 18 17 15 16 13 19 14 16 16 18 13 15 20 17 17 14 18 15 15 18 18 21 18 19 18 20 16 20 20 17 17 19 21 18 16 22 18 21 19 16 20 22 22 20 20 20 20 20 19 17 20 21 21 23 21 19 21 23 19 21 22 18 21 21 22 22 22 23 24 22 25 25 24 21 21 25 23 24 23 24 24 21 23 24 24 24 24 23 23 24 22 25 24 25 25 25 23 25 24 23
0: 2 4 6 7 8 11 12 15 16 (74.0)
1: 0 1 3 5 10 14 24 28 29 31 38 45 (70.0)
2: 13 17 18 21 26 30 32 34 43 47 52 (67.0)
3: 9 20 23 25 51 (76.0)
4: 19 22 39 41 42 44 46 49 59 60 61 63 (74.0)
5: 27 33 35 36 37 40 48 50 53 56 57 66 (79.0)
6: 54 55 58 68 (68.0)
7: 65 69 70 71 72 74 77 90 96 (74.0)
8: 64 67 78 80 83 85 87 94 99 116 (80.0)
9: 62 75 76 79 81 89 91 108 118 (76.0)
10: 73 86 92 95 97 98 101 110 117 (103.0)
11: 82 103 111 115 120 125 139 144 (114.0)
12: 84 88 93 104 113 123 127 129 140 146 (103.0)
13: 100 105 107 119 128 131 136 137 154 160 (84.0)
14: 106 109 122 124 134 135 156 165 (90.0)
15: 102 112 114 130 132 133 142 143 152 161 167 168 (87.0)
16: 121 138 141 145 149 153 157 158 176 184 189 (113.0)
17: 126 148 151 163 164 179 180 199 (95.0)
18: 150 159 166 169 170 172 174 183 186 211 (120.0)
19: 147 155 173 181 188 198 205 208 (87.0)
20: 162 175 177 178 190 193 194 195 196 197 200 (120.0)
21: 171 182 187 201 202 204 206 209 212 213 223 224 231 (117.0)
22: 185 191 192 210 214 215 216 219 240 (92.0)
23: 203 207 217 226 228 232 237 238 246 249 (106.0)
24: 218 222 227 229 230 233 234 235 236 239 242 248 (115.0)
25: 220 221 225 241 243 244 245 247 (114.0)
