Name: 250-50-100
Time: 7.420156240463257 
Result: 45
Solution:  3 2 0 0 0 1 0 1 2 3 1 2 5 2 1 2 4 0 0 4 2 2 0 1 2 2 4 6 1 1 2 0 5 2 7 1 1 4 4 2 3 4 4 4 2 1 2 4 6 4 6 5 5 5 3 6 7 6 6 6 5 6 5 9 10 5 8 7 8 7 9 3 5 5 8 9 8 5 6 9 12 8 8 8 12 6 11 7 10 8 10 7 7 10 10 10 7 9 7 8 11 11 9 12 11 11 9 9 13 11 9 12 13 13 11 10 13 11 11 14 13 14 11 15 13 13 15 13 12 11 12 14 13 15 11 13 15 15 10 13 15 12 15 16 16 14 17 18 14 15 17 14 17 16 12 18 16 17 16 17 14 17 18 14 19 16 15 19 17 15 22 18 18 18 17 18 18 17 20 20 19 21 17 19 20 15 19 19 19 23 16 21 16 18 21 20 18 20 23 20 18 22 25 23 20 19 22 24 21 21 19 21 20 19 23 23 20 20 18 22 24 24 24 23 20 21 25 21 25 23 22 23 24 25 23 22 20 25 21 24 22 25 24 25 24 25 25 25 25 25
0: 2 3 4 6 17 18 22 31 (59.0)
1: 5 7 10 14 23 28 29 35 36 45 (67.0)
2: 1 8 11 13 15 20 21 24 25 30 33 39 44 46 (58.0)
3: 0 9 40 54 71 (55.0)
4: 16 19 26 37 38 41 42 43 47 49 (67.0)
5: 12 32 51 52 53 60 62 65 72 73 77 (57.0)
6: 27 48 50 55 57 58 59 61 78 85 (59.0)
7: 34 56 67 69 87 91 92 96 98 (60.0)
8: 66 68 74 76 81 82 83 89 99 (64.0)
9: 63 70 75 79 97 102 106 107 110 (58.0)
10: 64 88 90 93 94 95 115 138 (64.0)
11: 86 100 101 104 105 109 114 117 118 122 129 134 (70.0)
12: 80 84 103 111 128 130 141 154 (68.0)
13: 108 112 113 116 120 124 125 127 132 135 139 (74.0)
14: 119 121 131 145 148 151 160 163 (99.0)
15: 123 126 133 136 137 140 142 149 166 169 185 (100.0)
16: 143 144 153 156 158 165 190 192 (99.0)
17: 146 150 152 157 159 161 168 174 177 182 (82.0)
18: 147 155 162 171 172 173 175 176 193 196 200 218 (79.0)
19: 164 167 180 183 186 187 188 205 210 213 (76.0)
20: 178 179 184 195 197 199 204 212 216 217 224 236 (96.0)
21: 181 191 194 208 209 211 225 227 238 (88.0)
22: 170 201 206 219 230 235 240 (100.0)
23: 189 198 203 214 215 223 229 231 234 (100.0)
24: 207 220 221 222 232 239 242 244 (100.0)
25: 202 226 228 233 237 241 243 245 246 247 248 249 (100.0)
