Name: 250-30-50
Time: 7.397444009780884 
Result: 16
Solution:  2 3 3 1 1 4 0 0 0 0 3 3 1 0 4 2 2 4 3 2 2 0 4 1 4 1 1 3 2 5 4 0 4 1 3 0 3 3 3 5 3 2 4 1 2 5 3 4 8 3 7 4 3 6 5 7 7 7 4 4 7 6 5 9 7 9 7 10 9 4 10 6 8 9 7 7 7 5 10 8 7 12 13 12 10 9 9 5 9 7 8 12 11 10 8 10 10 6 8 10 11 12 11 8 11 8 12 14 11 12 12 12 12 8 10 12 10 11 13 11 17 13 10 16 12 12 10 12 13 13 14 15 15 15 13 10 16 12 13 13 16 17 13 16 14 16 16 14 18 18 14 17 18 18 16 19 14 19 16 15 18 17 21 17 19 14 21 19 17 15 17 18 16 20 18 19 18 18 18 17 18 20 18 17 18 19 16 19 20 17 21 20 21 18 19 20 20 21 19 20 21 20 21 24 20 21 22 18 22 22 19 25 22 22 21 21 22 22 23 25 22 23 23 24 25 19 25 22 21 24 20 22 24 23 24 23 22 22 25 25 24 25 25 24 25 24 25 25 24 24
0: 6 7 8 9 13 21 31 35 (33.0)
1: 3 4 12 23 25 26 33 43 (35.0)
2: 0 15 16 19 20 28 41 44 (39.0)
3: 1 2 10 11 18 27 34 36 37 38 40 46 49 52 (34.0)
4: 5 14 17 22 24 30 32 42 47 51 58 59 69 (35.0)
5: 29 39 45 54 62 77 87 (33.0)
6: 53 61 71 97 (32.0)
7: 50 55 56 57 60 64 66 74 75 76 80 89 (34.0)
8: 48 72 79 90 94 98 103 105 113 (32.0)
9: 63 65 68 73 85 86 88 (32.0)
10: 67 70 78 84 93 95 96 99 114 116 122 126 135 (34.0)
11: 92 100 102 104 108 117 119 (36.0)
12: 81 83 91 101 106 109 110 111 112 115 124 125 127 137 (41.0)
13: 82 118 121 128 129 134 138 139 142 (42.0)
14: 107 130 144 147 150 156 165 (35.0)
15: 131 132 133 159 169 (34.0)
16: 123 136 140 143 145 146 154 158 172 186 (38.0)
17: 120 141 151 161 163 168 170 179 183 189 (39.0)
18: 148 149 152 153 160 171 174 176 177 178 180 182 184 193 207 (43.0)
19: 155 157 164 167 175 185 187 194 198 210 225 (39.0)
20: 173 181 188 191 195 196 199 201 204 230 (46.0)
21: 162 166 190 192 197 200 202 205 214 215 228 (45.0)
22: 206 208 209 212 213 216 217 220 227 231 236 237 (46.0)
23: 218 221 222 233 235 (48.0)
24: 203 223 229 232 234 240 243 245 248 249 (47.0)
25: 211 219 224 226 238 239 241 242 244 246 247 (48.0)
