Name: 250-40-75
Time: 7.169864177703857 
Result: 31
Solution:  3 0 2 0 4 0 0 3 4 0 2 0 2 0 0 0 1 4 3 5 2 0 5 3 3 1 3 1 3 2 2 0 1 6 1 2 1 2 2 3 0 7 5 3 1 5 5 3 7 7 5 2 8 2 7 6 5 6 5 5 3 5 4 7 5 3 9 10 9 6 8 6 10 10 7 7 8 9 11 8 6 5 8 8 8 10 7 9 9 9 11 10 10 11 6 9 12 10 10 11 10 12 9 11 11 12 10 8 14 10 14 14 12 9 14 10 9 9 12 12 13 12 14 12 13 12 14 14 12 14 11 15 12 13 15 14 15 15 16 16 15 15 14 16 15 16 13 13 14 19 19 18 17 15 16 17 17 12 16 13 17 18 15 15 16 17 15 15 19 17 14 16 16 17 18 16 20 18 19 19 18 16 21 20 18 17 22 17 18 20 20 20 22 18 21 20 20 20 18 23 21 20 22 21 23 21 24 24 17 18 24 19 23 20 19 22 22 22 24 23 23 24 24 21 24 24 25 22 25 22 22 21 23 25 25 24 21 24 25 24 25 25 23 21 23 25 25 23 24 22
0: 1 3 5 6 9 11 13 14 15 21 31 40 (44.0)
1: 16 25 27 32 34 36 44 (44.0)
2: 2 10 12 20 29 30 35 37 38 51 53 (52.0)
3: 0 7 18 23 24 26 28 39 43 47 60 65 (59.0)
4: 4 8 17 62 (48.0)
5: 19 22 42 45 46 50 56 58 59 61 64 81 (49.0)
6: 33 55 57 69 71 80 94 (45.0)
7: 41 48 49 54 63 74 75 86 (49.0)
8: 52 70 76 79 82 83 84 107 (48.0)
9: 66 68 77 87 88 89 95 102 113 116 117 (63.0)
10: 67 72 73 85 91 92 97 98 100 106 109 115 (58.0)
11: 78 90 93 99 103 104 130 (48.0)
12: 96 101 105 112 118 119 121 123 125 128 132 157 (57.0)
13: 120 124 133 146 147 159 (51.0)
14: 108 110 111 114 122 126 127 129 135 142 148 170 (60.0)
15: 131 134 136 137 140 141 144 153 162 163 166 167 (64.0)
16: 138 139 143 145 154 158 164 171 172 175 181 (56.0)
17: 152 155 156 160 165 169 173 185 187 208 (73.0)
18: 151 161 174 177 180 184 188 193 198 209 (75.0)
19: 149 150 168 178 179 211 214 (66.0)
20: 176 183 189 190 191 195 196 197 201 213 (73.0)
21: 182 194 200 203 205 223 231 236 243 (61.0)
22: 186 192 202 215 216 217 227 229 230 249 (75.0)
23: 199 204 212 219 220 232 242 244 247 (68.0)
24: 206 207 210 218 221 222 224 225 235 237 239 248 (75.0)
25: 226 228 233 234 238 240 241 245 246 (73.0)
