Name: 500-40-75
Time: 13.532673120498657 
Result: 32
Solution:  0 1 0 1 0 1 1 1 1 3 3 1 1 3 4 3 3 2 1 1 0 4 2 3 6 2 2 0 5 3 4 3 1 3 2 3 5 0 3 2 3 4 0 5 4 5 5 7 5 3 4 6 1 2 6 6 9 6 6 5 6 7 6 7 4 7 6 6 7 6 11 11 8 8 9 9 8 10 9 5 8 10 9 9 10 8 7 5 7 8 7 9 9 8 9 10 11 10 7 8 10 13 15 11 7 13 12 11 12 10 14 14 13 12 11 9 11 13 14 11 10 12 13 13 13 16 12 13 14 15 16 14 17 13 13 14 14 16 11 13 14 16 18 11 14 15 11 13 15 15 20 17 18 13 15 13 16 15 12 16 19 15 18 14 16 17 16 18 19 13 18 15 16 18 19 20 20 15 18 20 17 18 19 21 21 18 15 17 18 17 19 21 20 19 22 17 21 21 17 22 17 20 21 23 21 22 18 21 19 23 24 25 20 22 22 24 22 23 22 21 25 21 23 26 22 20 19 24 24 22 21 24 23 23 27 22 26 23 24 24 26 28 26 23 25 25 23 29 25 25 27 29 26 27 24 23 30 22 29 25 24 29 29 23 27 28 28 27 29 28 26 28 29 27 28 31 28 31 32 28 29 28 27 32 28 30 25 31 31 25 28 34 30 29 28 31 31 29 27 29 30 31 31 32 32 27 31 31 32 29 35 34 33 33 32 35 31 31 32 34 36 32 31 33 35 31 32 33 33 33 33 34 32 34 31 36 33 35 35 38 36 35 36 35 31 34 39 35 35 37 37 34 37 36 38 35 39 36 35 35 39 36 36 37 39 34 35 39 38 33 37 38 37 38 35 37 38 40 37 39 38 39 36 39 40 39 39 39 37 36 42 43 40 38 40 40 40 41 41 40 44 42 40 43 41 43 42 41 41 43 40 43 41 42 42 44 45 42 39 38 44 44 43 43 42 44 42 40 43 44 47 44 40 43 43 47 45 42 41 43 46 41 48 45 49 48 46 44 46 42 46 46 48 49 44 46 46 46 50 45 47 47 48 45 50 47 44 48 49 46 44 49 48 45 46 50 48 50 46 45 49 48 49 49 49 49 49 45 50 49 50 50 49 50 48 47 50 49 50 50
0: 0 2 4 20 27 37 42 (44.0)
1: 1 3 5 6 7 8 11 12 18 19 32 52 (43.0)
2: 17 22 25 26 34 39 53 (45.0)
3: 9 10 13 15 16 23 29 31 33 35 38 40 49 (46.0)
4: 14 21 30 41 44 50 64 (44.0)
5: 28 36 43 45 46 48 59 79 87 (44.0)
6: 24 51 54 55 57 58 60 62 66 67 69 (44.0)
7: 47 61 63 65 68 86 88 90 98 104 (46.0)
8: 72 73 76 80 85 89 93 99 (55.0)
9: 56 74 75 78 82 83 91 92 94 115 (49.0)
10: 77 81 84 95 97 100 109 120 (50.0)
11: 70 71 96 103 107 114 116 119 138 143 146 (48.0)
12: 106 108 113 121 126 158 (45.0)
13: 101 105 112 117 122 123 124 127 133 134 139 147 153 155 169 (57.0)
14: 110 111 118 128 131 135 136 140 144 163 (52.0)
15: 102 129 145 148 149 154 157 161 171 177 186 (55.0)
16: 125 130 137 141 156 159 164 166 172 (68.0)
17: 132 151 165 180 187 189 195 198 200 (60.0)
18: 142 152 162 167 170 173 178 181 185 188 206 (62.0)
19: 160 168 174 182 190 193 208 226 (54.0)
20: 150 175 176 179 192 201 212 225 (45.0)
21: 183 184 191 196 197 202 204 207 219 221 230 (65.0)
22: 194 199 205 213 214 216 218 224 229 235 257 (49.0)
23: 203 209 217 222 232 233 237 243 246 255 263 (53.0)
24: 210 215 227 228 231 238 239 254 260 (60.0)
25: 211 220 244 245 248 249 259 286 289 (64.0)
26: 223 236 240 242 252 270 (52.0)
27: 234 250 253 264 267 273 282 298 305 (55.0)
28: 241 265 266 269 271 274 276 279 281 284 290 294 (74.0)
29: 247 251 258 261 262 268 272 280 293 297 299 309 (53.0)
30: 256 285 292 300 (43.0)
31: 275 277 287 288 295 296 301 302 306 307 316 317 322 325 334 344 (75.0)
32: 278 283 303 304 308 314 318 321 326 332 (51.0)
33: 312 313 323 327 328 329 330 336 369 (54.0)
34: 291 311 319 331 333 345 351 365 (63.0)
35: 310 315 324 337 338 341 343 347 348 355 358 359 366 374 (75.0)
36: 320 335 340 342 353 357 361 362 382 389 (59.0)
37: 349 350 352 363 370 372 375 378 388 (75.0)
38: 339 354 368 371 373 376 380 393 419 (64.0)
39: 346 356 360 364 367 379 381 383 385 386 387 418 (75.0)
40: 377 384 392 394 395 396 399 402 410 427 432 (75.0)
41: 397 398 404 407 408 412 438 441 (64.0)
42: 390 401 406 413 414 417 424 426 437 449 (65.0)
43: 391 403 405 409 411 422 423 428 433 434 439 (75.0)
44: 400 415 420 421 425 429 431 447 454 466 470 (70.0)
45: 416 436 443 459 463 473 479 487 (57.0)
46: 440 446 448 450 451 455 456 457 469 474 478 (75.0)
47: 430 435 460 461 465 495 (75.0)
48: 442 445 452 462 467 472 476 481 494 (75.0)
49: 444 453 468 471 480 482 483 484 485 486 489 492 497 (64.0)
50: 458 464 475 477 488 490 491 493 496 498 499 (75.0)
