Name: 500-50-100
Time: 28.159999132156372 
Result: 45
Solution:  0 1 0 1 3 1 0 1 1 0 1 1 1 3 4 1 0 2 1 1 6 5 0 1 2 4 4 5 2 2 0 0 3 1 6 3 1 6 4 4 3 5 5 1 2 5 5 6 8 5 4 3 9 5 3 5 6 6 2 3 8 9 10 5 7 11 11 4 8 6 10 5 7 7 8 6 7 10 7 8 12 9 9 5 8 10 9 9 9 13 6 13 9 10 7 10 11 11 12 10 8 10 7 15 11 12 11 8 10 11 16 11 13 14 13 14 15 9 13 10 13 12 16 16 15 12 13 11 13 10 14 11 16 12 14 15 15 10 15 16 17 16 16 13 18 18 13 15 15 12 15 16 18 15 16 14 16 20 12 17 14 17 16 18 17 16 18 16 17 19 17 17 19 17 22 16 18 19 18 16 18 19 19 20 20 18 20 18 16 19 21 18 21 20 19 21 20 19 18 18 20 22 19 22 22 24 23 21 21 21 23 22 22 20 21 23 22 20 25 20 23 22 23 25 22 24 25 20 20 26 24 22 24 23 25 26 27 24 24 21 21 27 26 25 24 26 23 26 22 29 27 25 25 26 26 25 26 26 26 24 23 29 26 28 26 29 27 26 30 27 30 28 29 28 24 30 30 29 30 25 28 28 26 26 27 32 29 30 28 28 27 28 29 31 31 30 30 32 27 30 30 29 28 34 28 31 32 28 34 27 32 33 34 31 34 34 34 33 31 31 34 34 32 35 31 36 33 29 33 31 34 37 31 33 35 34 33 35 32 34 35 35 35 34 32 35 36 34 37 35 37 35 37 37 39 33 38 37 40 35 36 34 36 39 37 36 33 37 38 39 38 37 41 38 39 38 36 38 41 40 37 41 39 38 39 38 41 38 41 42 36 38 43 40 40 39 37 38 40 40 39 45 39 40 42 42 38 41 40 44 40 42 44 40 41 43 39 42 39 41 43 42 43 40 43 43 46 42 44 42 45 44 43 41 42 42 43 42 45 43 45 45 45 44 41 45 48 44 46 43 46 47 47 48 45 48 49 44 46 47 50 45 49 43 47 47 44 47 44 49 48 46 47 47 48 49 48 44 46 46 50 50 49 47 49 49 47 49 47 45 50 46 48 48 50 50 47 49 48 50
0: 0 2 6 9 16 22 30 31 (57.0)
1: 1 3 5 7 8 10 11 12 15 18 19 23 33 36 43 (54.0)
2: 17 24 28 29 44 58 (58.0)
3: 4 13 32 35 40 51 54 59 (55.0)
4: 14 25 26 38 39 50 67 (57.0)
5: 21 27 41 42 45 46 49 53 55 63 71 83 (53.0)
6: 20 34 37 47 56 57 69 75 90 (55.0)
7: 64 72 73 76 78 94 102 (59.0)
8: 48 60 68 74 79 84 100 107 (54.0)
9: 52 61 81 82 86 87 88 92 117 (53.0)
10: 62 70 77 85 93 95 99 101 108 119 129 137 (55.0)
11: 65 66 96 97 104 106 109 111 127 131 (54.0)
12: 80 98 105 121 125 133 149 158 (60.0)
13: 89 91 112 114 118 120 126 128 143 146 (61.0)
14: 113 115 130 134 155 160 (59.0)
15: 103 116 124 135 136 138 147 148 150 153 (57.0)
16: 110 122 123 132 139 141 142 151 154 156 162 165 167 175 179 188 (69.0)
17: 140 159 161 164 168 170 171 173 (60.0)
18: 144 145 152 163 166 176 178 180 185 187 191 198 199 (63.0)
19: 169 172 177 181 182 189 194 197 202 (73.0)
20: 157 183 184 186 193 196 200 213 217 219 227 228 (69.0)
21: 190 192 195 207 208 209 214 239 240 (67.0)
22: 174 201 203 204 211 212 216 221 224 231 248 (68.0)
23: 206 210 215 220 222 233 246 260 (59.0)
24: 205 225 230 232 237 238 244 259 274 (65.0)
25: 218 223 226 234 243 251 252 255 279 (83.0)
26: 229 235 242 245 247 253 254 256 257 258 262 264 267 282 283 (93.0)
27: 236 241 250 266 269 284 290 298 309 (73.0)
28: 263 271 273 280 281 288 289 291 302 304 307 (69.0)
29: 249 261 265 272 277 286 292 301 327 (86.0)
30: 268 270 275 276 278 287 295 296 299 300 (75.0)
31: 293 294 305 313 318 319 324 329 332 (64.0)
32: 285 297 306 310 322 338 344 (74.0)
33: 311 317 326 328 333 336 355 366 (80.0)
34: 303 308 312 314 315 316 320 321 330 335 339 343 347 361 (91.0)
35: 323 334 337 340 341 342 345 349 351 359 (93.0)
36: 325 346 360 362 365 376 390 (73.0)
37: 331 348 350 352 353 357 364 367 371 380 396 (84.0)
38: 356 368 370 373 375 377 383 385 387 391 397 406 (95.0)
39: 354 363 369 374 382 384 395 400 402 416 418 (67.0)
40: 358 379 393 394 398 399 403 408 410 413 423 (96.0)
41: 372 378 381 386 388 407 414 419 433 444 (87.0)
42: 389 404 405 411 417 421 427 429 434 435 437 (98.0)
43: 392 415 420 422 424 425 432 436 439 449 463 (95.0)
44: 409 412 428 431 443 447 457 466 468 477 (84.0)
45: 401 430 438 440 441 442 445 454 461 489 (93.0)
46: 426 448 450 458 471 478 479 491 (97.0)
47: 451 452 459 464 465 467 472 473 483 486 488 496 (98.0)
48: 446 453 455 470 474 476 492 493 498 (88.0)
49: 456 462 469 475 482 484 485 487 497 (88.0)
50: 460 480 481 490 494 495 499 (98.0)
