Name: 500-40-75
Time: 14.191617488861084 
Result: 33
Solution:  0 0 0 2 3 1 0 1 0 0 1 1 5 1 1 0 3 2 3 0 6 1 1 1 5 2 1 2 4 2 4 3 5 4 1 2 6 2 2 1 5 3 2 5 5 7 4 4 8 5 3 4 5 4 7 7 10 6 7 3 9 7 9 5 4 6 6 6 5 4 6 10 8 8 9 7 8 8 7 5 11 8 9 9 11 7 8 5 6 6 10 8 10 7 11 11 11 10 6 8 12 11 10 7 13 11 12 11 15 12 14 14 13 10 13 12 11 11 12 9 9 15 13 12 13 15 11 13 13 15 12 14 14 13 17 13 14 16 11 13 16 17 14 13 13 17 17 13 14 17 18 16 19 13 19 13 16 16 13 16 19 13 19 14 17 20 17 18 15 18 15 19 20 17 19 18 16 19 19 15 18 17 20 19 19 22 15 22 19 16 21 21 21 24 21 16 22 19 18 19 22 23 22 22 20 24 20 18 19 22 24 24 23 20 22 22 22 22 24 20 20 23 22 25 23 25 20 23 19 22 21 26 24 22 28 24 26 22 23 24 27 27 26 23 27 22 23 25 25 24 27 24 26 25 25 23 30 28 27 26 27 25 27 25 25 29 29 30 27 28 28 24 31 30 30 27 28 30 30 28 26 28 26 28 29 31 27 30 28 26 29 32 31 29 32 30 30 33 29 30 29 31 32 30 32 34 30 31 35 30 36 33 34 32 30 34 32 32 33 36 31 32 36 33 35 37 32 34 32 33 37 34 34 33 33 33 35 34 34 31 33 36 37 36 36 37 39 36 38 35 35 40 37 34 35 35 40 34 36 34 38 34 36 37 37 34 33 37 35 34 40 38 38 39 35 36 38 41 39 40 38 41 42 41 38 39 39 40 39 37 39 38 40 36 37 41 41 37 38 39 42 43 42 43 43 41 42 42 41 41 38 44 45 39 42 43 41 42 40 40 43 44 44 42 42 45 41 41 43 44 46 46 47 46 43 44 45 44 41 43 45 41 44 45 49 44 43 45 41 41 45 49 47 45 46 47 46 44 48 46 47 46 46 48 48 47 43 46 49 45 48 50 47 46 47 50 48 48 46 47 48 49 50 49 49 50 50 46 50 50 48 50 49 47 48 49 48 50 50 50
0: 0 1 2 6 8 9 15 19 (45.0)
1: 5 7 10 11 13 14 21 22 23 26 34 39 (49.0)
2: 3 17 25 27 29 35 37 38 42 (44.0)
3: 4 16 18 31 41 50 59 (52.0)
4: 28 30 33 46 47 51 53 64 69 (42.0)
5: 12 24 32 40 43 44 49 52 63 68 79 87 (42.0)
6: 20 36 57 65 66 67 70 88 89 98 (46.0)
7: 45 54 55 58 61 75 78 85 93 103 (49.0)
8: 48 72 73 76 77 81 86 91 99 (58.0)
9: 60 62 74 82 83 119 120 (48.0)
10: 56 71 90 92 97 102 113 (42.0)
11: 80 84 94 95 96 101 105 107 116 117 126 138 (46.0)
12: 100 106 109 115 118 123 130 (45.0)
13: 104 112 114 122 124 127 128 133 135 139 143 144 147 153 155 158 161 (52.0)
14: 110 111 131 132 136 142 148 163 (52.0)
15: 108 121 125 129 168 170 179 186 (51.0)
16: 137 140 151 156 157 159 176 189 195 (71.0)
17: 134 141 145 146 149 164 166 173 181 (58.0)
18: 150 167 169 175 180 198 207 (49.0)
19: 152 154 160 162 171 174 177 178 183 184 188 197 199 208 228 (75.0)
20: 165 172 182 204 206 213 219 220 226 (57.0)
21: 190 191 192 194 230 (46.0)
22: 185 187 196 200 202 203 209 214 215 216 217 222 229 233 237 245 (63.0)
23: 201 212 221 224 227 238 243 246 255 (49.0)
24: 193 205 210 211 218 232 235 239 249 251 271 (47.0)
25: 223 225 247 248 253 254 261 263 264 (53.0)
26: 231 236 242 252 259 280 282 289 (57.0)
27: 240 241 244 250 258 260 262 268 275 286 (75.0)
28: 234 257 269 270 276 279 281 283 288 (53.0)
29: 265 266 284 290 293 298 300 (67.0)
30: 256 267 273 274 277 278 287 295 296 299 303 306 309 314 (64.0)
31: 272 285 292 301 307 320 339 (54.0)
32: 291 294 302 304 313 316 317 321 326 328 (52.0)
33: 297 311 318 323 329 333 334 335 340 366 (57.0)
34: 305 312 315 327 331 332 337 338 353 357 359 361 365 369 (63.0)
35: 308 324 336 349 350 354 355 368 374 (75.0)
36: 310 319 322 341 343 344 347 358 362 375 393 (65.0)
37: 325 330 342 345 352 363 364 367 389 394 397 (69.0)
38: 348 360 371 372 376 380 384 391 398 410 (72.0)
39: 346 373 378 385 386 388 390 399 413 (53.0)
40: 351 356 370 379 387 392 418 419 (75.0)
41: 377 381 383 395 396 405 408 409 416 426 427 438 441 448 449 (75.0)
42: 382 400 402 406 407 414 417 423 424 (70.0)
43: 401 403 404 415 420 428 434 439 446 466 (75.0)
44: 411 421 422 429 435 437 442 445 457 (71.0)
45: 412 425 436 440 443 447 450 453 469 (59.0)
46: 430 431 433 454 456 459 461 462 467 473 478 487 (70.0)
47: 432 452 455 460 465 472 474 479 493 (75.0)
48: 458 463 464 470 476 477 480 490 494 496 (75.0)
49: 444 451 468 481 483 484 492 495 (63.0)
50: 471 475 482 485 486 488 489 491 497 498 499 (70.0)
