Name: 500-30-50
Time: 16.019917726516724 
Result: 20
Solution:  0 0 4 2 0 0 3 0 3 2 2 3 2 1 3 2 5 0 6 3 0 1 3 0 3 2 4 0 3 2 2 3 6 3 2 0 4 4 5 5 5 4 2 6 0 1 6 6 5 2 4 6 5 1 9 7 6 5 5 2 6 7 5 6 7 7 5 5 6 7 8 10 8 12 7 7 7 10 6 7 8 8 7 10 10 9 9 9 6 9 7 11 10 8 9 8 7 9 6 10 7 11 11 8 9 12 11 11 12 13 13 15 12 15 12 12 11 14 14 13 16 13 15 11 13 11 14 14 14 13 13 13 15 11 14 14 13 17 11 13 17 15 13 17 12 19 12 15 18 15 16 15 19 16 18 17 17 19 19 20 19 18 17 20 20 15 17 20 19 15 15 19 20 17 17 18 16 21 17 18 18 20 20 20 19 21 22 20 21 22 18 20 16 20 19 20 21 21 22 22 19 19 22 22 22 24 22 21 21 21 23 23 23 23 22 19 20 21 23 25 25 22 23 19 26 22 21 25 24 23 25 24 28 24 26 20 27 26 22 24 26 24 23 26 27 26 26 27 28 27 29 22 23 25 27 26 27 26 22 24 30 25 27 26 24 24 26 28 27 25 24 26 26 28 31 31 29 24 28 28 32 32 31 31 29 29 29 31 31 29 30 32 31 32 29 31 32 26 30 30 33 32 31 31 33 32 31 32 30 30 28 29 29 32 32 30 32 31 32 35 33 34 33 35 35 32 33 33 33 32 34 32 31 33 34 35 36 34 33 32 35 37 34 33 36 35 34 35 34 35 36 39 34 37 36 38 38 38 38 39 35 37 41 39 35 39 36 40 37 39 40 37 40 38 36 38 38 38 38 40 37 39 39 39 41 36 39 38 36 38 43 37 43 40 41 39 39 42 40 37 38 39 42 41 43 37 41 39 41 40 45 39 42 42 43 46 41 42 41 42 42 43 41 44 42 43 42 45 41 45 47 44 43 40 45 45 41 41 44 46 46 46 43 44 44 45 45 45 44 43 50 48 49 49 43 47 47 46 49 42 49 48 47 45 44 50 49 46 45 47 48 46 48 47 47 47 48 50 48 49 50 45 48 49 49 48 49 49 50 47 48 48 50 48 49 50 50 50 50 47
0: 0 1 4 5 7 17 20 23 27 35 44 (31.0)
1: 13 21 45 53 (33.0)
2: 3 9 10 12 15 25 29 30 34 42 49 59 (33.0)
3: 6 8 11 14 19 22 24 28 31 33 (33.0)
4: 2 26 36 37 41 50 (32.0)
5: 16 38 39 40 48 52 57 58 62 66 67 (33.0)
6: 18 32 43 46 47 51 56 60 63 68 78 88 98 (30.0)
7: 55 61 64 65 69 74 75 76 79 82 90 96 100 (31.0)
8: 70 72 80 81 93 95 103 (33.0)
9: 54 85 86 87 89 94 97 104 (33.0)
10: 71 77 83 84 92 99 (31.0)
11: 91 101 102 106 107 116 123 125 133 138 (34.0)
12: 73 105 108 112 114 115 144 146 (35.0)
13: 109 110 119 121 124 129 130 131 136 139 142 (33.0)
14: 117 118 126 127 128 134 135 (34.0)
15: 111 113 122 132 141 147 149 151 165 169 170 (45.0)
16: 120 150 153 176 192 (33.0)
17: 137 140 143 155 156 162 166 173 174 178 (37.0)
18: 148 154 161 175 179 180 190 (37.0)
19: 145 152 157 158 160 168 171 184 194 200 201 215 223 (35.0)
20: 159 163 164 167 172 181 182 183 187 191 193 195 216 235 (36.0)
21: 177 185 188 196 197 207 208 209 217 226 (35.0)
22: 186 189 198 199 202 203 204 206 214 221 225 238 251 258 (36.0)
23: 210 211 212 213 218 222 229 242 252 (36.0)
24: 205 228 231 233 239 241 259 264 265 270 277 (43.0)
25: 219 220 227 230 253 261 269 (37.0)
26: 224 234 237 240 243 245 246 255 257 263 266 271 272 297 (47.0)
27: 236 244 247 249 254 256 262 268 (37.0)
28: 232 248 267 273 278 279 310 (50.0)
29: 250 276 284 285 286 289 294 311 312 (43.0)
30: 260 290 298 299 308 309 315 (41.0)
31: 274 275 282 283 287 288 292 295 302 303 306 317 332 (46.0)
32: 280 281 291 293 296 301 305 307 313 314 316 318 325 329 331 339 (50.0)
33: 300 304 320 322 326 327 328 333 338 343 (40.0)
34: 321 330 334 337 342 346 348 352 (42.0)
35: 319 323 324 335 340 345 347 349 360 364 (50.0)
36: 336 344 350 354 366 374 385 388 (49.0)
37: 341 353 361 368 371 380 391 399 405 (35.0)
38: 355 356 357 358 373 375 376 377 378 387 389 400 (43.0)
39: 351 359 363 365 369 381 382 383 386 395 396 401 407 411 (49.0)
40: 367 370 372 379 393 398 409 433 (50.0)
41: 362 384 394 403 406 408 416 418 422 428 436 437 (50.0)
42: 397 402 412 413 417 419 420 424 426 459 (50.0)
43: 390 392 404 414 421 425 432 442 449 454 (50.0)
44: 423 431 438 443 444 448 464 (50.0)
45: 410 427 429 434 435 445 446 447 463 468 481 (49.0)
46: 415 439 440 441 457 467 471 (50.0)
47: 430 455 456 462 469 473 474 475 489 499 (50.0)
48: 451 461 470 472 476 478 482 485 490 491 493 (50.0)
49: 452 453 458 460 466 479 483 484 486 487 494 (50.0)
50: 450 465 477 480 488 492 495 496 497 498 (49.0)
