Name: 500-60-125
Time: 29.365580320358276 
Result: 61
Solution:  4 0 0 2 0 1 0 1 0 1 3 0 1 0 0 0 2 3 1 1 4 2 4 4 2 1 3 3 6 2 3 2 1 0 1 5 2 2 6 5 4 5 7 8 4 2 6 5 1 7 5 5 3 6 7 2 7 4 6 7 5 6 9 7 4 9 6 9 3 5 6 11 9 7 10 8 11 7 9 8 8 7 10 9 7 6 10 10 10 11 11 7 8 9 11 10 12 10 11 10 9 12 12 11 15 8 9 10 10 11 11 12 14 14 12 13 11 12 11 11 14 13 13 13 15 15 13 13 12 17 12 12 12 16 16 12 12 14 15 14 13 19 15 13 13 18 17 19 12 17 18 14 16 15 14 12 13 16 16 14 16 18 17 17 16 18 17 18 17 13 19 18 18 15 17 18 15 18 14 15 17 18 17 15 19 20 19 21 18 19 20 18 20 23 23 19 19 20 20 22 21 20 19 22 18 23 18 22 19 21 22 23 22 21 22 25 19 22 23 20 23 24 23 22 22 22 23 23 24 25 24 27 28 27 25 23 22 24 23 25 26 23 26 26 24 21 24 28 26 23 25 24 25 26 26 22 23 24 26 25 29 27 28 27 27 29 28 26 26 27 24 26 24 28 28 24 32 28 28 26 29 27 31 28 29 26 28 28 28 30 30 29 30 31 30 30 31 30 29 30 30 32 32 31 31 31 34 30 28 29 32 29 32 32 32 32 33 30 32 35 31 33 32 31 36 33 33 32 32 34 33 34 34 34 35 34 34 36 32 34 36 38 35 32 35 34 33 36 34 35 38 34 36 34 34 33 36 37 35 38 34 36 36 35 37 37 40 39 39 37 37 37 41 41 38 38 40 42 37 35 39 38 39 39 43 35 39 39 41 36 40 42 41 38 39 41 40 40 42 40 41 44 45 40 41 40 39 43 41 42 40 38 39 45 41 43 42 42 45 43 43 44 41 41 43 42 42 41 42 44 46 45 45 43 41 46 43 43 43 42 47 45 44 41 44 44 46 41 47 44 46 46 44 46 47 49 44 45 44 47 46 49 47 44 48 47 48 49 50 44 49 48 49 48 46 49 49 45 48 50 49 46 50 48 49 48 50 49 46 47 46 49 46 48 49 49 50 46 48 50
0: 1 2 4 6 8 11 13 14 15 33 (68.0)
1: 5 7 9 12 18 19 25 32 34 48 (66.0)
2: 3 16 21 24 29 31 36 37 45 55 (64.0)
3: 10 17 26 27 30 52 68 (68.0)
4: 0 20 22 23 40 44 57 64 (69.0)
5: 35 39 41 47 50 51 60 69 (67.0)
6: 28 38 46 53 58 61 66 70 85 (70.0)
7: 42 49 54 56 59 63 73 77 81 84 91 (64.0)
8: 43 75 79 80 92 105 (67.0)
9: 62 65 67 72 78 83 93 100 106 (66.0)
10: 74 82 86 87 88 95 97 99 107 108 (66.0)
11: 71 76 89 90 94 98 103 109 110 116 118 119 (84.0)
12: 96 101 102 111 114 117 128 130 131 132 135 136 148 155 (66.0)
13: 115 121 122 123 126 127 140 143 144 156 169 (76.0)
14: 112 113 120 137 139 151 154 159 178 (66.0)
15: 104 124 125 138 142 153 173 176 179 183 (96.0)
16: 133 134 152 157 158 160 164 (75.0)
17: 129 146 149 162 163 166 168 174 180 182 (95.0)
18: 145 150 161 165 167 171 172 175 177 181 188 191 204 206 (88.0)
19: 141 147 170 184 186 189 195 196 202 208 216 (71.0)
20: 185 190 192 197 198 201 219 (72.0)
21: 187 200 209 213 245 (67.0)
22: 199 203 207 210 212 214 217 223 224 225 236 255 (101.0)
23: 193 194 205 211 218 220 222 226 227 235 238 241 249 256 (102.0)
24: 221 228 230 237 244 246 251 257 270 272 275 (69.0)
25: 215 229 234 239 250 252 259 (80.0)
26: 240 242 243 248 253 254 258 267 268 271 279 285 (114.0)
27: 231 233 261 263 264 269 281 (98.0)
28: 232 247 262 266 273 274 277 278 283 286 287 288 308 (105.0)
29: 260 265 280 284 291 298 309 311 (92.0)
30: 289 290 292 294 295 297 299 300 307 317 (110.0)
31: 282 293 296 303 304 305 320 323 (91.0)
32: 276 301 302 310 312 313 314 315 318 322 327 328 338 343 (107.0)
33: 316 321 325 326 330 346 355 (70.0)
34: 306 329 331 332 333 335 336 339 345 348 351 353 354 360 (125.0)
35: 319 334 342 344 349 358 363 379 385 (124.0)
36: 324 337 340 347 352 356 361 362 389 (121.0)
37: 357 364 365 369 370 371 378 (92.0)
38: 341 350 359 374 375 381 393 411 (124.0)
39: 367 368 380 382 383 386 387 394 406 412 (125.0)
40: 366 376 390 396 397 399 403 405 410 (124.0)
41: 372 373 388 392 395 400 404 408 414 422 423 427 434 443 447 (114.0)
42: 377 391 398 409 416 417 425 426 428 439 (101.0)
43: 384 407 415 419 420 424 433 436 437 438 (125.0)
44: 401 421 429 442 444 445 449 452 456 458 463 469 (124.0)
45: 402 413 418 431 432 441 457 477 (107.0)
46: 430 435 446 450 451 453 460 474 481 488 490 492 497 (123.0)
47: 440 448 454 459 462 465 489 (125.0)
48: 464 466 471 473 478 483 485 493 498 (102.0)
49: 455 461 467 470 472 475 476 480 484 487 491 494 495 (121.0)
50: 468 479 482 486 496 499 (96.0)
