Name: 500-20-30
Time: 14.516116619110107 
Result: 10
Solution:  0 1 1 2 0 0 0 0 1 0 1 1 1 1 2 5 0 2 1 0 2 4 3 4 2 2 4 3 0 3 2 2 2 2 2 4 0 5 1 4 6 3 2 4 6 4 6 1 5 5 4 5 5 4 7 6 5 9 6 6 5 7 4 7 8 8 7 5 9 6 8 7 10 8 6 4 4 7 6 6 8 8 13 9 11 11 8 9 11 10 9 10 10 8 9 8 10 10 12 12 8 9 13 11 9 8 13 10 12 11 11 9 10 14 10 9 10 13 13 9 13 14 15 14 14 11 13 9 16 15 12 14 14 14 17 14 15 11 17 13 12 16 16 17 15 17 17 13 17 14 18 16 17 15 16 14 15 13 17 14 16 17 16 16 14 17 15 16 16 18 17 19 18 17 18 18 21 17 17 20 19 16 15 19 17 18 19 16 21 17 22 19 19 20 20 20 18 19 20 18 21 19 20 22 19 23 23 23 22 24 21 23 19 22 22 24 23 21 24 21 23 23 24 23 22 20 20 23 23 22 25 26 23 24 20 23 24 24 24 25 26 24 25 25 26 25 27 23 22 27 24 24 28 26 28 27 27 27 29 24 26 24 27 26 27 26 26 23 28 27 28 27 25 27 27 31 27 28 28 27 25 30 29 31 30 29 27 25 29 30 31 31 27 29 30 30 30 30 34 26 30 29 30 33 31 30 30 32 31 29 33 33 34 31 32 32 31 34 31 35 31 33 30 33 32 35 34 29 34 34 36 36 34 33 32 33 37 34 33 32 36 32 34 39 36 37 33 34 34 35 32 36 37 36 37 33 36 35 32 34 33 37 35 38 35 39 39 41 41 37 38 37 37 36 37 37 38 37 36 37 39 38 39 40 43 38 39 41 42 38 37 42 39 39 41 42 42 41 37 41 38 42 40 41 41 39 41 40 39 40 40 41 45 42 43 45 38 39 43 42 44 43 44 45 42 39 44 43 42 45 46 43 45 45 40 43 46 44 44 43 47 43 43 43 45 47 44 46 44 44 43 46 43 48 46 45 45 43 44 42 46 47 49 49 43 47 44 47 44 47 47 48 49 47 50 47 46 49 47 50 50 50 50 49 50 50 47 48 48 48 50 49 49 50 50 50 50 49 48 49
0: 0 4 5 6 7 9 16 19 28 36 (20.0)
1: 1 2 8 10 11 12 13 18 38 47 (21.0)
2: 3 14 17 20 24 25 30 31 32 33 34 42 (20.0)
3: 22 27 29 41 (22.0)
4: 21 23 26 35 39 43 45 50 53 62 75 76 (21.0)
5: 15 37 48 49 51 52 56 60 67 (23.0)
6: 40 44 46 55 58 59 69 74 78 79 (21.0)
7: 54 61 63 66 71 77 (21.0)
8: 64 65 70 73 80 81 86 93 95 100 105 (21.0)
9: 57 68 83 87 90 94 101 104 111 115 119 127 (21.0)
10: 72 89 91 92 96 97 107 112 114 116 (22.0)
11: 84 85 88 103 109 110 125 137 (22.0)
12: 98 99 108 130 140 (21.0)
13: 82 102 106 117 118 120 126 139 147 157 (23.0)
14: 113 121 123 124 131 132 133 135 149 155 159 164 (20.0)
15: 122 129 136 144 153 156 166 182 (20.0)
16: 128 141 142 151 154 160 162 163 167 168 181 187 (23.0)
17: 134 138 143 145 146 148 152 158 161 165 170 173 177 178 184 189 (27.0)
18: 150 169 172 174 175 185 196 199 (26.0)
19: 171 180 183 186 191 192 197 201 204 212 (22.0)
20: 179 193 194 195 198 202 225 226 234 (23.0)
21: 176 188 200 210 217 219 (26.0)
22: 190 203 208 213 214 224 229 248 (24.0)
23: 205 206 207 211 216 220 221 223 227 228 232 235 247 267 (26.0)
24: 209 215 218 222 233 236 237 238 241 250 251 259 261 (26.0)
25: 230 239 242 243 245 272 280 287 (24.0)
26: 231 240 244 253 260 263 265 266 299 (26.0)
27: 246 249 255 256 257 262 264 269 271 273 274 276 279 286 292 (30.0)
28: 252 254 268 270 277 278 (21.0)
29: 258 282 285 288 293 301 309 327 (25.0)
30: 281 284 289 294 295 296 297 300 302 305 306 322 (27.0)
31: 275 283 290 291 304 308 313 316 318 320 (28.0)
32: 307 314 315 324 334 339 341 350 358 (22.0)
33: 303 310 311 321 323 333 335 338 346 355 360 (28.0)
34: 298 312 317 326 328 329 332 337 342 347 348 359 (26.0)
35: 319 325 349 357 362 364 (22.0)
36: 330 331 340 344 351 353 356 373 378 (29.0)
37: 336 345 352 354 361 369 371 372 374 375 377 379 390 398 (30.0)
38: 363 370 376 381 385 389 400 416 (26.0)
39: 343 365 366 380 382 386 392 393 405 408 417 425 (30.0)
40: 383 402 407 409 410 434 (30.0)
41: 367 368 387 394 397 399 403 404 406 411 (30.0)
42: 388 391 395 396 401 413 419 424 428 459 (29.0)
43: 384 414 418 421 427 431 435 439 441 442 443 450 452 457 464 (28.0)
44: 420 422 426 437 438 446 448 449 458 466 468 (29.0)
45: 412 415 423 429 432 433 444 455 456 (30.0)
46: 430 436 447 451 454 460 476 (27.0)
47: 440 445 461 465 467 469 470 473 475 478 486 (30.0)
48: 453 471 487 488 489 498 (24.0)
49: 462 463 472 477 483 491 492 497 499 (30.0)
50: 474 479 480 481 482 484 485 490 493 494 495 496 (30.0)
