Name: 500-20-30
Time: 14.079757452011108 
Result: 10
Solution:  0 0 1 2 0 2 0 0 1 0 2 1 0 0 1 3 2 3 1 2 5 4 2 2 2 2 3 4 5 3 3 5 3 1 0 1 1 6 0 5 6 4 2 7 6 5 6 6 3 6 4 5 5 6 5 6 2 5 4 6 6 5 7 8 7 6 7 7 7 11 7 8 10 6 8 7 7 8 10 6 8 7 9 10 7 9 6 12 10 10 14 7 10 8 9 7 9 12 11 12 9 9 11 11 8 8 13 12 12 12 11 9 8 13 12 14 10 13 16 12 10 14 15 14 16 13 14 11 14 13 16 14 12 11 11 12 13 12 17 12 13 14 14 14 12 13 17 15 17 15 14 15 17 15 16 15 17 16 17 17 16 17 18 20 16 14 17 17 15 20 18 19 18 17 17 18 20 17 17 18 20 19 17 19 17 21 19 17 18 20 19 19 21 20 19 19 20 18 21 18 21 21 20 19 19 23 19 23 18 24 22 22 22 24 22 24 22 22 21 21 22 24 23 23 23 23 23 25 22 24 25 26 25 24 25 23 24 24 24 20 25 27 21 24 26 29 28 22 26 23 24 25 22 26 27 27 26 28 29 25 29 27 25 25 28 26 28 24 26 27 28 26 26 29 28 24 28 30 28 27 27 29 29 30 30 29 26 29 28 26 31 31 27 30 30 30 30 28 33 29 34 34 29 33 29 30 31 35 33 31 34 34 29 30 32 32 31 32 30 34 33 33 32 33 32 32 32 33 36 32 36 35 32 34 31 34 36 33 35 35 33 34 37 35 36 37 37 36 37 35 32 36 36 34 35 36 37 35 33 36 37 37 33 35 39 37 39 39 40 41 38 39 35 37 37 39 38 38 38 35 37 38 39 40 37 38 39 40 40 38 43 38 40 43 40 40 39 38 37 43 41 43 43 41 42 41 38 40 38 41 39 42 42 42 40 42 39 43 40 42 44 43 44 43 42 46 43 41 42 44 46 40 44 48 41 46 46 45 46 42 46 48 42 41 45 46 45 47 45 45 44 44 43 47 47 46 45 44 46 45 47 47 49 49 44 46 44 48 45 46 47 50 48 48 45 47 48 49 45 48 46 49 47 50 50 50 48 48 50 49 49 50 49 49 50 50 48 50 50 50
0: 0 1 4 6 7 9 12 13 34 38 (20.0)
1: 2 8 11 14 18 33 35 36 (20.0)
2: 3 5 10 16 19 22 23 24 25 42 56 (20.0)
3: 15 17 26 29 30 32 48 (20.0)
4: 21 27 41 50 58 (21.0)
5: 20 28 31 39 45 51 52 54 57 61 (21.0)
6: 37 40 44 46 47 49 53 55 59 60 65 73 79 86 (20.0)
7: 43 62 64 66 67 68 70 75 76 81 84 91 95 (20.0)
8: 63 71 74 77 80 93 104 105 112 (20.0)
9: 82 85 94 96 100 101 111 (23.0)
10: 72 78 83 88 89 92 116 120 (23.0)
11: 69 98 102 103 110 127 133 134 (23.0)
12: 87 97 99 107 108 109 114 119 132 135 137 139 144 (24.0)
13: 106 113 117 125 129 136 140 145 (21.0)
14: 90 115 121 123 126 128 131 141 142 143 150 165 (23.0)
15: 122 147 149 151 153 155 168 (23.0)
16: 118 124 130 154 157 160 164 (21.0)
17: 138 146 148 152 156 158 159 161 166 167 173 174 177 178 182 184 187 (24.0)
18: 162 170 172 175 179 188 197 199 208 (23.0)
19: 171 181 183 186 190 191 194 195 203 204 206 (26.0)
20: 163 169 176 180 189 193 196 202 239 (24.0)
21: 185 192 198 200 201 218 219 242 (22.0)
22: 210 211 212 214 216 217 220 228 247 252 (26.0)
23: 205 207 222 223 224 225 226 235 249 (22.0)
24: 209 213 215 221 229 233 236 237 238 243 250 267 275 (30.0)
25: 227 230 232 234 240 251 259 262 263 (24.0)
26: 231 244 248 253 256 265 268 271 272 286 289 (25.0)
27: 241 254 255 261 269 279 280 292 (24.0)
28: 246 257 264 266 270 274 276 278 288 297 (22.0)
29: 245 258 260 273 281 282 285 287 299 302 304 312 (26.0)
30: 277 283 284 293 294 295 296 305 313 318 (23.0)
31: 290 291 306 309 316 334 (24.0)
32: 314 315 317 322 324 325 326 329 332 350 (23.0)
33: 298 303 308 320 321 323 327 337 340 358 362 (29.0)
34: 300 301 310 311 319 333 335 341 353 (25.0)
35: 307 331 338 339 343 349 354 357 363 372 379 (28.0)
36: 328 330 336 344 347 351 352 355 359 (28.0)
37: 342 345 346 348 356 360 361 365 373 374 380 384 398 (30.0)
38: 370 376 377 378 381 385 389 391 397 406 408 (30.0)
39: 364 366 367 371 375 382 386 396 410 416 (30.0)
40: 368 383 387 388 392 394 395 407 414 418 431 (30.0)
41: 369 400 403 405 409 427 434 443 (30.0)
42: 404 411 412 413 415 419 424 428 439 442 (30.0)
43: 390 393 399 401 402 417 421 423 426 452 (27.0)
44: 420 422 429 432 450 451 457 464 466 (29.0)
45: 437 444 446 448 449 456 459 468 474 478 (29.0)
46: 425 430 435 436 438 440 445 455 458 465 469 480 (29.0)
47: 447 453 454 460 461 470 475 482 (28.0)
48: 433 441 467 472 473 476 479 486 487 496 (30.0)
49: 462 463 477 481 489 490 492 493 (30.0)
50: 471 483 484 485 488 491 494 495 497 498 499 (30.0)
