Name: 500-40-75
Time: 29.071640729904175 
Result: 33
Solution:  0 1 0 1 1 1 0 1 1 2 3 3 1 2 0 2 3 0 4 1 6 1 1 4 2 2 2 3 3 2 5 3 1 3 6 2 5 5 3 2 7 4 1 3 6 5 2 4 9 3 2 9 1 1 6 8 10 6 4 6 6 7 7 5 3 7 5 7 7 6 11 6 8 9 9 9 8 10 7 4 9 8 10 9 10 8 7 5 6 10 6 8 9 9 10 8 9 11 7 10 8 10 13 11 12 14 13 10 15 12 14 13 11 11 11 9 8 12 12 12 12 14 12 10 13 12 9 14 14 12 12 15 14 14 13 13 14 14 11 15 16 17 15 18 14 13 11 14 15 14 19 16 19 12 18 13 15 15 12 16 17 18 17 17 17 21 16 18 19 13 15 16 20 18 20 17 16 21 17 15 18 21 21 21 20 22 19 18 20 18 17 18 21 21 18 17 22 19 18 19 22 22 21 23 20 23 19 24 17 24 24 20 22 20 21 23 21 21 21 21 23 21 22 26 22 22 24 22 23 22 26 20 24 22 27 22 25 23 20 24 26 27 24 25 27 23 23 24 25 24 25 25 24 24 24 23 27 23 29 28 27 25 28 23 27 27 28 27 24 27 24 25 28 30 30 30 28 30 29 27 29 30 29 31 29 29 33 29 28 30 31 32 28 31 29 30 30 32 30 29 30 35 32 32 31 27 32 31 32 29 33 32 35 30 34 28 31 32 34 36 31 33 32 33 30 36 32 34 32 33 37 34 32 31 35 34 33 35 35 38 36 36 36 38 34 35 38 34 38 38 35 39 37 34 35 38 35 32 36 35 37 34 38 37 34 34 37 40 34 38 37 38 39 40 37 36 39 41 37 39 41 38 39 38 39 36 39 39 37 37 42 39 40 39 38 42 44 40 42 44 44 42 44 40 43 42 40 42 41 38 41 42 39 40 39 44 42 42 40 40 40 43 41 42 43 45 41 41 42 45 43 46 46 41 40 45 46 41 42 43 46 45 47 45 47 44 43 43 44 44 46 48 48 44 46 45 45 46 48 44 48 47 46 50 50 47 49 50 47 46 45 50 46 49 48 45 48 50 47 47 47 49 50 49 48 50 49 47 48 48 49 49 48 50 48 47 50 50 49 50
0: 0 2 6 14 17 (42.0)
1: 1 3 4 5 7 8 12 19 21 22 32 42 52 53 (42.0)
2: 9 13 15 24 25 26 29 35 39 46 50 (46.0)
3: 10 11 16 27 28 31 33 38 43 49 64 (46.0)
4: 18 23 41 47 58 79 (50.0)
5: 30 36 37 45 63 66 87 (43.0)
6: 20 34 44 54 57 59 60 69 71 88 90 (45.0)
7: 40 61 62 65 67 68 78 86 98 (44.0)
8: 55 72 76 81 85 91 95 100 116 (53.0)
9: 48 51 73 74 75 80 83 92 93 96 115 126 (51.0)
10: 56 77 82 84 89 94 99 101 107 123 (53.0)
11: 70 97 103 112 113 114 138 146 (43.0)
12: 104 109 117 118 119 120 122 125 129 130 153 158 (62.0)
13: 102 106 111 124 134 135 145 155 169 (52.0)
14: 105 110 121 127 128 132 133 136 137 144 147 149 (66.0)
15: 108 131 139 142 148 156 157 170 179 (53.0)
16: 140 151 159 166 171 176 (59.0)
17: 141 160 162 163 164 175 178 190 195 208 (60.0)
18: 143 154 161 167 173 180 187 189 191 194 198 (61.0)
19: 150 152 168 186 197 199 206 (49.0)
20: 172 174 184 188 204 211 213 231 238 (45.0)
21: 165 177 181 182 183 192 193 202 214 216 217 218 219 221 (55.0)
22: 185 196 200 201 212 222 224 225 227 229 233 235 (48.0)
23: 203 205 215 220 228 237 245 246 255 257 263 (51.0)
24: 207 209 210 226 232 239 242 247 249 252 253 254 268 270 (68.0)
25: 236 243 248 250 251 261 271 (53.0)
26: 223 230 240 (53.0)
27: 234 241 244 256 260 264 265 267 269 279 305 (64.0)
28: 259 262 266 272 276 288 292 315 (57.0)
29: 258 278 280 282 284 285 287 294 299 309 (52.0)
30: 273 274 275 277 281 289 295 296 298 300 313 324 (64.0)
31: 283 290 293 304 307 316 320 333 (59.0)
32: 291 297 302 303 306 308 311 317 322 326 328 332 357 (62.0)
33: 286 310 321 323 329 336 (48.0)
34: 314 318 327 331 335 344 347 353 361 364 365 368 (68.0)
35: 301 312 334 337 338 345 350 354 356 359 (64.0)
36: 319 325 340 341 342 358 375 385 (65.0)
37: 330 352 360 363 366 370 374 378 388 389 (75.0)
38: 339 343 346 348 349 355 362 369 371 381 383 394 409 (73.0)
39: 351 372 376 379 382 384 386 387 391 393 412 414 (73.0)
40: 367 373 392 397 403 406 413 418 419 420 434 (74.0)
41: 377 380 408 410 422 426 427 433 437 (69.0)
42: 390 395 398 401 405 407 411 416 417 423 428 438 (72.0)
43: 404 421 424 430 439 446 447 (75.0)
44: 396 399 400 402 415 445 448 449 453 459 (74.0)
45: 425 429 435 441 443 455 456 470 475 (57.0)
46: 431 432 436 440 450 454 457 462 469 472 (65.0)
47: 442 444 461 465 468 478 479 480 487 495 (68.0)
48: 451 452 458 460 474 476 484 488 489 492 494 (75.0)
49: 466 473 481 483 486 490 491 498 (67.0)
50: 463 464 467 471 477 482 485 493 496 497 499 (72.0)
