Name: 500-20-30
Time: 29.316348552703857 
Result: 10
Solution:  0 0 1 0 0 0 0 0 2 1 1 1 1 1 5 3 1 0 1 2 4 2 5 2 2 2 1 2 0 3 4 3 4 1 0 2 0 4 4 4 2 3 1 4 6 6 6 5 4 4 5 5 5 4 5 7 2 8 6 7 3 6 4 9 8 6 7 5 6 8 7 5 8 10 6 6 5 6 9 6 8 7 13 11 8 7 6 8 8 9 7 8 10 8 10 11 10 11 7 12 9 11 11 10 8 10 13 10 8 12 12 12 14 11 11 14 11 13 11 11 10 13 14 13 13 12 11 11 15 10 16 14 13 10 13 11 14 18 17 13 13 13 14 17 14 15 14 12 14 15 15 15 17 16 15 17 19 15 17 17 14 18 17 17 14 13 17 15 16 21 18 18 18 17 16 18 17 19 17 18 21 19 17 19 17 19 19 17 20 18 19 23 20 21 20 20 20 21 21 23 21 20 20 18 20 21 20 20 18 24 25 20 23 23 22 23 23 19 23 22 26 23 23 23 23 24 21 26 24 22 20 25 24 23 22 24 24 26 22 24 25 26 22 25 28 28 23 21 24 21 26 26 27 26 29 25 26 29 26 24 25 26 29 25 27 27 30 28 29 27 28 30 24 31 26 29 27 30 28 26 27 30 29 30 28 27 27 28 27 27 29 30 27 30 30 28 30 29 27 26 33 35 30 29 30 31 29 32 31 31 34 33 30 33 32 35 32 34 31 35 31 32 35 33 34 37 37 30 33 34 36 35 34 33 31 32 34 35 33 34 32 31 34 38 38 37 33 39 38 34 34 36 37 36 37 35 36 36 33 33 34 37 33 35 38 37 37 36 39 39 38 39 37 37 37 38 39 39 36 37 37 40 39 40 43 38 38 40 42 41 43 41 39 40 42 41 39 39 37 42 41 43 40 41 41 39 40 45 41 41 38 44 41 44 44 45 45 38 40 42 43 43 47 43 43 40 43 41 40 45 45 42 45 46 42 46 44 44 47 42 47 43 45 44 45 42 46 45 44 44 43 44 43 48 49 46 46 43 46 50 50 47 48 44 43 46 46 47 46 46 48 50 49 48 48 48 50 47 47 47 46 49 49 50 49 49 49 48 49 47 49 50 48 49 48 50 48 50 50 50
0: 0 1 3 4 5 6 7 17 28 34 36 (21.0)
1: 2 9 10 11 12 13 16 18 26 33 42 (24.0)
2: 8 19 21 23 24 25 27 35 40 56 (22.0)
3: 15 29 31 41 60 (21.0)
4: 20 30 32 37 38 39 43 48 49 53 62 (22.0)
5: 14 22 47 50 51 52 54 67 71 76 (22.0)
6: 44 45 46 58 61 65 68 74 75 77 79 86 (21.0)
7: 55 59 66 70 81 85 90 98 (20.0)
8: 57 64 69 72 80 84 87 88 91 93 104 108 (21.0)
9: 63 78 89 100 (22.0)
10: 73 92 94 96 103 105 107 120 129 133 (21.0)
11: 83 95 97 101 102 113 114 116 118 119 126 127 135 (21.0)
12: 99 109 110 111 125 147 (21.0)
13: 82 106 117 121 123 124 132 134 139 140 141 165 (23.0)
14: 112 115 122 131 136 142 144 146 148 160 164 (21.0)
15: 128 145 149 150 151 154 157 167 (21.0)
16: 130 153 168 174 (20.0)
17: 138 143 152 155 158 159 162 163 166 173 176 178 182 184 187 (20.0)
18: 137 161 170 171 172 175 179 189 203 208 (26.0)
19: 156 177 181 183 185 186 190 217 (21.0)
20: 188 192 194 195 196 201 202 204 206 207 211 230 (25.0)
21: 169 180 193 197 198 200 205 226 247 249 (24.0)
22: 214 219 229 234 238 242 (23.0)
23: 191 199 212 213 215 216 218 221 222 223 224 233 246 (29.0)
24: 209 225 228 232 235 236 239 248 259 272 (26.0)
25: 210 231 240 243 255 260 263 (24.0)
26: 220 227 237 241 250 251 253 256 258 261 274 279 299 (25.0)
27: 252 264 265 269 276 280 285 286 288 289 292 298 (28.0)
28: 244 245 267 270 278 284 287 295 (27.0)
29: 254 257 262 268 275 282 290 297 303 306 (26.0)
30: 266 271 277 281 283 291 293 294 296 302 304 312 327 (26.0)
31: 273 305 308 309 318 320 334 341 (24.0)
32: 307 314 316 321 335 340 (24.0)
33: 300 311 313 323 328 333 338 346 358 359 362 (30.0)
34: 310 317 324 329 332 336 339 342 349 350 360 (25.0)
35: 301 315 319 322 331 337 355 363 (22.0)
36: 330 351 353 356 357 367 378 (28.0)
37: 325 326 345 352 354 361 365 366 372 373 374 379 380 398 (29.0)
38: 343 344 348 364 370 375 385 386 410 417 (29.0)
39: 347 368 369 371 376 377 382 392 396 397 405 (30.0)
40: 381 383 387 393 402 406 418 425 428 (30.0)
41: 389 391 395 400 403 404 408 409 412 427 (30.0)
42: 388 394 399 419 431 434 439 445 (24.0)
43: 384 390 401 420 421 423 424 426 441 450 452 457 464 (30.0)
44: 411 413 414 436 437 443 448 449 451 463 (28.0)
45: 407 415 416 429 430 432 442 444 447 (29.0)
46: 433 435 446 455 456 458 465 466 468 469 480 (28.0)
47: 422 438 440 461 467 477 478 479 489 (30.0)
48: 453 462 470 473 474 475 487 492 494 496 (29.0)
49: 454 472 481 482 484 485 486 488 490 493 (30.0)
50: 459 460 471 476 483 491 495 497 498 499 (30.0)
