Name: 500-40-75
Time: 29.348889589309692 
Result: 33
Solution:  0 0 0 2 2 2 1 1 0 3 2 1 1 0 3 0 1 1 4 1 6 4 2 4 5 2 2 1 5 2 1 3 0 3 3 2 4 0 2 4 5 3 1 5 5 4 2 5 5 5 5 5 1 2 6 5 6 5 6 7 8 6 7 9 10 6 5 6 5 6 5 8 8 8 9 11 8 7 7 7 8 10 9 9 8 9 7 5 6 7 9 9 12 7 13 9 11 11 7 8 8 10 12 12 14 11 13 10 12 9 14 11 10 11 13 10 14 12 13 10 12 14 13 9 12 12 9 13 13 13 15 14 15 13 16 13 16 14 12 14 14 15 18 19 12 19 11 12 15 16 19 16 18 13 17 13 17 17 17 15 14 13 18 14 17 15 16 19 19 16 18 15 17 17 15 21 17 15 17 19 15 19 22 21 21 20 16 20 19 17 18 20 20 24 18 20 21 22 19 22 19 21 21 21 21 20 20 18 20 21 21 22 23 23 22 25 22 23 21 24 20 22 23 26 22 25 20 25 25 22 24 21 24 21 26 22 24 22 22 24 27 25 26 23 26 22 23 27 25 25 26 28 26 25 25 27 24 22 27 27 26 27 28 23 25 30 29 29 24 29 27 28 28 30 31 29 28 28 30 29 31 30 28 28 29 31 26 32 28 28 29 33 31 30 27 30 31 29 30 30 30 34 32 31 31 28 31 31 35 28 32 34 32 33 31 31 32 31 33 34 37 33 34 33 32 30 33 35 33 33 34 34 36 33 35 31 35 34 35 32 32 36 35 38 32 36 36 35 36 36 35 40 36 33 38 38 35 37 36 34 39 34 35 37 35 35 33 37 39 33 40 38 38 39 39 36 38 42 37 38 36 40 39 43 38 38 39 40 37 41 42 41 40 41 37 44 41 37 37 39 43 40 43 42 43 40 39 41 41 39 39 42 44 41 42 44 45 42 40 42 42 43 41 44 42 43 42 41 41 46 46 44 44 40 47 43 46 43 46 44 45 41 48 45 47 48 44 42 41 41 45 49 46 47 43 46 49 45 43 44 43 47 46 48 45 47 49 47 49 45 50 49 49 48 48 47 48 50 47 46 46 50 49 49 49 48 50 46 48 48 49 50 49 47 50 47 47 49 49 50
0: 0 1 2 8 13 15 32 37 (42.0)
1: 6 7 11 12 16 17 19 27 30 42 52 (42.0)
2: 3 4 5 10 22 25 26 29 35 38 46 53 (44.0)
3: 9 14 31 33 34 41 (49.0)
4: 18 21 23 36 39 45 (44.0)
5: 24 28 40 43 44 47 48 49 50 51 55 57 66 68 70 87 (47.0)
6: 20 54 56 58 61 65 67 69 88 (43.0)
7: 59 62 77 78 79 86 89 93 98 (52.0)
8: 60 71 72 73 76 80 84 99 100 (60.0)
9: 63 74 82 83 85 90 91 95 109 123 126 (54.0)
10: 64 81 101 107 112 115 119 (42.0)
11: 75 96 97 105 111 113 146 (44.0)
12: 92 102 103 108 117 120 124 125 138 144 147 (49.0)
13: 94 106 114 118 122 127 128 129 133 135 153 155 161 (45.0)
14: 104 110 116 121 131 137 139 140 160 163 (62.0)
15: 130 132 141 148 159 165 171 174 177 180 (74.0)
16: 134 136 149 151 166 169 186 (49.0)
17: 154 156 157 158 164 172 173 176 178 189 (61.0)
18: 142 152 162 170 190 194 207 (58.0)
19: 143 145 150 167 168 179 181 188 198 200 (57.0)
20: 185 187 191 192 195 205 206 208 220 226 (46.0)
21: 175 183 184 196 201 202 203 204 209 210 218 231 233 (59.0)
22: 182 197 199 211 214 216 221 224 229 235 237 238 245 257 (55.0)
23: 212 213 217 222 243 246 263 (43.0)
24: 193 219 230 232 236 239 256 268 (55.0)
25: 215 225 227 228 241 248 249 253 254 264 (44.0)
26: 223 234 242 244 250 252 260 286 (69.0)
27: 240 247 255 258 259 261 270 294 (56.0)
28: 251 262 271 272 276 277 282 283 288 289 305 309 (67.0)
29: 266 267 269 275 279 284 290 297 (70.0)
30: 265 273 278 281 293 295 298 299 300 325 (59.0)
31: 274 280 285 292 296 303 304 306 307 314 315 317 335 (63.0)
32: 287 302 310 312 316 324 339 340 344 (58.0)
33: 291 313 318 321 323 326 328 329 333 353 366 369 (70.0)
34: 301 311 319 322 330 331 337 359 361 (70.0)
35: 308 327 334 336 338 342 347 350 356 362 364 365 (56.0)
36: 332 341 345 346 348 349 352 358 375 380 (65.0)
37: 320 357 363 367 378 388 394 397 398 (74.0)
38: 343 354 355 371 372 376 379 384 385 (59.0)
39: 360 368 373 374 382 386 399 406 409 410 (67.0)
40: 351 370 381 387 392 401 405 418 433 (73.0)
41: 389 391 393 396 407 408 413 422 427 428 441 448 449 (73.0)
42: 377 390 403 411 414 417 419 420 424 426 447 (75.0)
43: 383 400 402 404 421 425 435 437 454 458 460 (71.0)
44: 395 412 415 423 431 432 439 446 459 (75.0)
45: 416 440 443 450 457 464 469 (58.0)
46: 429 430 436 438 452 455 462 479 480 487 (67.0)
47: 434 444 453 461 465 467 475 478 493 495 496 (62.0)
48: 442 445 463 473 474 476 485 488 489 (75.0)
49: 451 456 466 468 471 472 482 483 484 490 492 497 498 (72.0)
50: 470 477 481 486 491 494 499 (61.0)
