Name: 500-50-100
Time: 14.283204317092896 
Result: 49
Solution:  0 1 0 1 3 1 0 1 4 0 2 0 1 3 4 1 1 3 0 1 4 3 1 1 1 4 2 4 2 6 0 2 7 3 6 3 4 1 1 5 0 5 3 1 4 7 4 8 4 5 5 2 3 5 6 5 5 6 6 3 10 9 6 6 6 6 6 5 7 6 10 4 7 10 9 6 11 8 8 8 8 5 9 9 12 8 8 10 9 8 9 13 8 11 8 8 11 11 8 8 12 11 14 10 11 11 11 13 9 13 11 14 13 12 13 11 12 9 10 13 13 16 13 17 13 11 12 10 14 10 14 11 14 14 15 16 14 11 13 17 18 15 16 15 15 14 13 15 18 12 13 14 17 17 17 19 16 18 15 19 16 15 14 19 17 17 15 17 15 15 19 16 17 17 16 19 18 20 19 16 17 19 19 19 20 20 23 18 18 20 20 20 21 17 18 21 20 18 18 19 20 18 19 19 22 24 19 24 20 21 23 24 22 20 24 22 26 21 24 24 23 21 23 22 20 23 24 24 23 25 22 24 25 26 22 21 26 26 27 21 23 23 26 25 25 26 23 21 21 24 23 25 25 26 27 26 26 26 24 29 23 28 26 27 28 29 25 29 30 27 31 25 30 28 24 28 31 30 29 24 29 29 26 27 29 30 29 30 27 26 29 28 28 30 27 31 29 30 31 29 31 31 31 32 29 30 31 32 33 32 36 32 35 34 32 31 33 31 29 31 32 32 31 34 34 36 34 30 31 30 34 33 30 32 34 36 34 34 34 33 33 33 34 36 33 35 38 32 34 37 38 35 38 37 35 33 36 38 37 35 37 35 35 37 36 34 35 36 35 38 39 37 37 39 38 34 36 38 40 40 36 39 39 39 40 40 38 39 42 39 38 39 37 36 39 40 36 38 41 40 39 44 39 41 41 42 41 42 43 42 38 39 42 41 42 45 42 42 38 41 42 40 44 42 41 43 44 43 44 43 46 44 44 41 45 44 44 42 44 43 45 45 46 47 45 45 45 48 45 45 46 47 47 49 46 47 46 49 46 42 50 47 50 45 48 45 44 47 49 48 48 48 50 50 46 50 49 50 47 48 49 50 46 45 49 48 49 48 47 49 48 46 49 50 49 48 47 49 48 47
0: 0 2 6 9 11 18 30 40 (55.0)
1: 1 3 5 7 12 15 16 19 22 23 24 37 38 43 (54.0)
2: 10 26 28 31 51 (57.0)
3: 4 13 17 21 33 35 42 52 59 (53.0)
4: 8 14 20 25 27 36 44 46 48 71 (52.0)
5: 39 41 49 50 53 55 56 67 81 (51.0)
6: 29 34 54 57 58 62 63 64 65 66 69 75 (55.0)
7: 32 45 68 72 (52.0)
8: 47 77 78 79 80 85 86 89 92 94 95 98 99 (52.0)
9: 61 74 82 83 88 90 108 117 (75.0)
10: 60 70 73 87 103 118 127 129 (51.0)
11: 76 93 96 97 101 104 105 106 110 115 125 131 137 (54.0)
12: 84 100 113 116 126 149 (53.0)
13: 91 107 109 112 114 119 120 122 124 138 146 150 (65.0)
14: 102 111 128 130 132 133 136 145 151 162 (57.0)
15: 134 141 143 144 147 158 161 166 168 169 (66.0)
16: 121 135 142 156 160 171 174 179 (63.0)
17: 123 139 152 153 154 164 165 167 172 173 180 193 (65.0)
18: 140 148 157 176 187 188 194 197 198 201 (63.0)
19: 155 159 163 170 175 178 181 182 183 199 202 203 206 (82.0)
20: 177 184 185 189 190 191 196 200 208 213 224 (87.0)
21: 192 195 209 217 221 235 239 247 248 (78.0)
22: 204 212 215 223 230 234 (61.0)
23: 186 210 220 222 225 228 240 241 246 250 260 (64.0)
24: 205 207 211 214 218 219 226 227 231 249 258 274 279 (83.0)
25: 229 232 243 244 251 252 266 271 (69.0)
26: 216 233 236 237 242 245 253 255 256 257 262 282 289 (68.0)
27: 238 254 263 269 283 288 294 (56.0)
28: 261 264 273 275 291 292 (65.0)
29: 259 265 267 278 280 281 284 286 290 296 299 304 318 (92.0)
30: 268 272 277 285 287 293 297 305 327 329 332 (75.0)
31: 270 276 295 298 300 301 302 306 315 317 319 322 328 (86.0)
32: 303 307 309 311 314 320 321 333 347 (68.0)
33: 308 316 331 339 340 341 344 355 (80.0)
34: 313 323 324 326 330 334 336 337 338 342 348 365 375 (93.0)
35: 312 345 351 354 359 361 362 366 368 (76.0)
36: 310 325 335 343 356 364 367 376 380 393 396 (94.0)
37: 349 353 358 360 363 371 372 392 (69.0)
38: 346 350 352 357 369 374 377 386 390 397 410 418 (94.0)
39: 370 373 381 382 383 387 389 391 394 400 402 411 (99.0)
40: 378 379 384 385 395 399 421 (64.0)
41: 398 403 404 406 413 419 424 433 (59.0)
42: 388 405 407 409 412 414 416 417 420 423 437 459 (100.0)
43: 408 425 427 429 439 (99.0)
44: 401 422 426 428 431 432 435 436 438 466 (87.0)
45: 415 434 440 441 444 445 446 448 449 463 465 483 (99.0)
46: 430 442 450 454 456 458 474 482 491 (100.0)
47: 443 451 452 455 461 467 478 488 496 499 (100.0)
48: 447 464 469 470 471 479 485 487 490 495 498 (100.0)
49: 453 457 468 476 480 484 486 489 492 494 497 (100.0)
50: 460 462 472 473 475 477 481 493 (76.0)
