Name: 500-50-100
Time: 13.454082727432251 
Result: 48
Solution:  1 1 0 0 0 0 1 2 2 3 0 1 0 3 3 0 0 1 0 3 5 3 0 2 1 4 2 5 2 5 1 0 5 0 6 3 5 3 2 4 1 7 5 3 4 7 3 3 3 5 4 3 6 5 8 5 4 6 2 9 10 4 6 6 6 7 5 7 5 6 8 6 7 8 9 6 8 8 8 8 8 6 9 6 11 8 8 8 9 11 9 10 10 8 8 6 10 11 7 10 11 11 8 13 11 12 11 8 12 11 16 13 13 15 13 13 13 13 13 10 10 12 16 16 13 12 13 10 14 10 14 10 16 12 14 15 16 11 11 12 18 16 17 15 18 17 13 15 13 12 16 17 18 16 17 14 12 17 14 19 15 16 16 18 18 17 18 17 17 19 17 16 19 15 19 16 18 20 19 18 18 19 19 18 20 16 21 20 22 20 21 21 20 17 17 19 23 22 19 19 20 21 19 19 20 23 18 21 21 21 25 20 22 24 23 23 20 22 24 20 23 23 23 21 20 20 23 23 22 24 25 24 21 24 24 22 27 24 27 22 21 25 25 25 25 27 26 22 23 23 25 26 26 22 27 26 29 26 23 26 27 29 27 28 28 26 25 26 27 27 25 25 29 29 27 30 28 30 30 28 29 29 27 29 26 29 29 30 27 27 28 31 30 34 32 28 31 27 27 29 31 31 29 33 27 30 35 28 31 31 34 32 34 31 28 30 34 31 31 31 34 33 33 35 32 33 34 32 31 32 34 32 36 33 38 36 31 34 33 32 38 36 34 33 32 35 38 33 37 35 33 35 37 37 38 33 39 36 36 37 37 33 34 36 37 38 40 35 36 38 37 38 37 39 38 37 36 39 40 39 40 42 38 39 37 38 43 38 43 39 39 43 38 41 41 38 41 38 41 41 40 42 39 42 43 42 38 40 41 45 45 40 41 40 46 40 39 42 42 41 41 43 43 42 42 40 45 43 43 44 45 44 43 46 43 44 46 43 44 43 42 45 43 47 44 45 44 47 45 48 45 43 47 50 45 47 44 43 46 44 48 46 48 45 48 48 47 48 50 48 47 48 46 50 47 50 50 45 46 49 50 48 50 46 49 49 49 47 47 49 48 50 50 50 49 49 48 50 48 49
0: 2 3 4 5 10 12 15 16 18 22 31 33 (56.0)
1: 0 1 6 11 17 24 30 40 (61.0)
2: 7 8 23 26 28 38 58 (56.0)
3: 9 13 14 19 21 35 37 43 46 47 48 51 (52.0)
4: 25 39 44 50 56 61 (53.0)
5: 20 27 29 32 36 42 49 53 55 66 68 (52.0)
6: 34 52 57 62 63 64 69 71 75 81 83 95 (52.0)
7: 41 45 65 67 72 98 (53.0)
8: 54 70 73 76 77 78 79 80 85 86 87 93 94 102 107 (61.0)
9: 59 74 82 88 90 (53.0)
10: 60 91 92 96 99 119 120 127 129 131 (57.0)
11: 84 89 97 100 101 104 106 109 137 138 (64.0)
12: 105 108 121 125 133 139 149 156 (59.0)
13: 103 111 112 114 115 116 117 118 124 126 146 148 (60.0)
14: 128 130 134 155 158 (57.0)
15: 113 135 143 147 160 173 (58.0)
16: 110 122 123 132 136 141 150 153 161 162 171 175 185 (60.0)
17: 142 145 151 154 157 165 167 168 170 193 194 (75.0)
18: 140 144 152 163 164 166 176 179 180 183 206 (58.0)
19: 159 169 172 174 178 181 182 195 198 199 202 203 (62.0)
20: 177 184 187 189 192 200 204 211 216 219 224 225 (81.0)
21: 186 190 191 201 207 208 209 223 232 240 (81.0)
22: 188 197 212 217 228 235 239 247 253 (75.0)
23: 196 205 214 215 220 221 222 226 227 248 249 258 (79.0)
24: 213 218 229 231 233 234 237 (53.0)
25: 210 230 241 242 243 244 250 266 270 271 (85.0)
26: 246 251 252 255 257 259 265 267 284 (54.0)
27: 236 238 245 254 260 262 268 269 274 282 288 289 297 298 304 (77.0)
28: 263 264 276 279 290 295 307 314 (65.0)
29: 256 261 272 273 280 281 283 285 286 299 302 (76.0)
30: 275 277 278 287 292 305 315 (64.0)
31: 291 296 300 301 308 309 313 317 318 319 328 336 (77.0)
32: 294 311 324 327 329 331 339 344 (81.0)
33: 303 321 322 325 333 338 343 347 350 355 361 (77.0)
34: 293 310 312 316 320 326 330 337 342 362 (80.0)
35: 306 323 345 349 351 367 (75.0)
36: 332 335 341 357 358 363 368 376 (66.0)
37: 348 352 353 359 360 364 370 372 375 384 (83.0)
38: 334 340 346 354 365 369 371 374 382 385 387 392 395 397 406 (100.0)
39: 356 373 377 379 383 389 390 402 416 (100.0)
40: 366 378 380 400 407 411 413 415 425 (82.0)
41: 393 394 396 398 399 408 412 419 420 (68.0)
42: 381 401 403 405 417 418 423 424 440 (83.0)
43: 386 388 391 404 421 422 427 428 432 434 437 439 442 451 457 (99.0)
44: 429 431 435 438 444 446 456 459 (100.0)
45: 409 410 426 430 441 445 448 450 454 463 477 (96.0)
46: 414 433 436 458 461 472 478 483 (100.0)
47: 443 447 452 455 466 470 474 487 488 (100.0)
48: 449 460 462 464 465 467 469 471 481 490 496 498 (100.0)
49: 479 484 485 486 489 494 495 499 (100.0)
50: 453 468 473 475 476 480 482 491 492 493 497 (100.0)
