Name: 500-20-30
Time: 28.920799493789673 
Result: 10
Solution:  0 1 1 2 0 4 0 0 1 1 2 0 2 1 1 2 2 3 0 2 5 6 0 2 2 2 2 1 1 3 3 7 2 2 5 4 2 4 4 4 6 3 3 4 4 4 4 4 5 6 4 2 5 5 7 5 7 9 9 6 4 3 3 8 4 4 7 7 6 7 6 5 10 6 6 11 4 6 8 5 10 7 9 11 12 9 9 9 11 9 11 8 10 8 11 6 9 11 8 11 8 9 12 11 14 11 12 11 12 12 10 10 12 14 12 14 12 13 13 12 17 14 12 12 13 10 13 12 13 13 13 14 12 10 12 14 15 17 14 14 15 14 16 12 12 16 14 14 16 15 18 15 17 15 16 17 16 13 16 14 14 17 18 21 18 16 16 14 19 20 17 19 18 16 16 18 18 14 16 19 20 15 16 20 16 21 19 16 17 17 22 21 19 21 19 19 20 20 22 18 21 24 20 18 19 22 23 20 23 24 21 18 23 25 25 21 22 22 21 22 22 24 23 24 22 27 21 26 24 24 20 22 22 23 20 24 24 23 23 26 24 23 26 25 26 25 23 22 24 23 25 25 23 24 26 27 26 26 27 25 29 23 29 25 27 25 27 29 31 27 28 28 29 29 28 31 27 25 28 25 28 30 29 27 28 27 27 28 28 26 29 30 27 30 31 26 30 32 27 27 33 30 30 28 31 32 31 33 33 30 34 32 32 31 32 34 31 34 35 33 33 32 30 33 34 37 32 30 35 35 35 36 32 34 32 33 36 35 31 32 34 37 32 36 36 34 36 35 39 35 34 36 34 36 38 34 37 36 34 35 36 37 35 37 33 40 37 37 38 41 38 36 35 39 40 40 40 39 36 37 37 42 39 39 42 39 39 40 42 41 37 38 39 41 41 41 42 39 39 40 41 45 44 41 42 40 38 43 39 41 38 40 41 44 38 43 43 42 39 39 44 43 42 46 42 44 44 41 44 45 45 43 45 46 40 44 47 45 45 43 46 47 44 43 45 43 47 45 42 42 43 44 43 49 48 44 47 46 46 43 50 47 49 46 48 46 47 46 46 47 48 50 49 47 45 48 50 50 46 47 45 50 50 49 48 48 48 48 50 47 49 50 49 50 48 50 49 49 49 49
0: 0 4 6 7 11 18 22 (21.0)
1: 1 2 8 9 13 14 27 28 (21.0)
2: 3 10 12 15 16 19 23 24 25 26 32 33 36 51 (22.0)
3: 17 29 30 41 42 61 62 (20.0)
4: 5 35 37 38 39 43 44 45 46 47 50 60 64 65 76 (21.0)
5: 20 34 48 52 53 55 71 79 (20.0)
6: 21 40 49 59 68 70 73 74 77 95 (20.0)
7: 31 54 56 66 67 69 81 (20.0)
8: 63 78 91 93 98 100 (22.0)
9: 57 58 82 85 86 87 89 96 101 (24.0)
10: 72 80 92 110 111 125 133 (22.0)
11: 75 83 88 90 94 97 99 103 105 107 (21.0)
12: 84 102 106 108 109 112 114 116 119 122 123 127 132 134 143 144 (22.0)
13: 117 118 124 126 128 129 130 157 (21.0)
14: 104 113 115 121 131 135 138 139 141 146 147 159 160 167 177 (20.0)
15: 136 140 149 151 153 181 (22.0)
16: 142 145 148 154 156 158 165 166 173 174 178 182 184 187 (22.0)
17: 120 137 152 155 161 170 188 189 (22.0)
18: 150 162 164 172 175 176 199 203 211 (26.0)
19: 168 171 179 186 192 194 195 204 (24.0)
20: 169 180 183 196 197 202 207 230 234 (23.0)
21: 163 185 191 193 200 210 215 218 226 (29.0)
22: 190 198 205 216 217 219 220 224 231 232 247 (22.0)
23: 206 208 212 222 233 237 238 241 246 249 252 261 (21.0)
24: 201 209 221 223 228 229 235 236 240 248 253 (27.0)
25: 213 214 243 245 250 251 259 263 265 277 279 (24.0)
26: 227 239 242 244 254 256 257 289 295 (27.0)
27: 225 255 258 264 266 269 276 283 285 286 292 298 299 (30.0)
28: 270 271 274 278 280 284 287 288 303 (30.0)
29: 260 262 267 272 273 282 290 (24.0)
30: 281 291 293 296 301 302 309 322 327 (24.0)
31: 268 275 294 304 306 313 316 338 (24.0)
32: 297 305 311 312 314 321 326 332 334 339 342 (23.0)
33: 300 307 308 319 320 323 335 364 (25.0)
34: 310 315 317 324 333 340 345 350 352 355 358 (26.0)
35: 318 328 329 330 337 347 349 359 362 372 (30.0)
36: 331 336 343 344 346 351 353 357 360 371 378 (28.0)
37: 325 341 356 361 363 366 367 379 380 390 (28.0)
38: 354 368 370 391 406 410 414 (30.0)
39: 348 373 377 382 383 385 386 392 397 398 408 418 419 (28.0)
40: 365 374 375 376 387 399 405 411 434 (29.0)
41: 369 389 393 394 395 400 403 409 412 427 (30.0)
42: 381 384 388 396 404 417 422 424 448 449 (30.0)
43: 407 415 416 421 431 439 443 445 450 452 459 (30.0)
44: 402 413 420 425 426 428 435 442 451 455 (27.0)
45: 401 429 430 432 437 438 444 447 474 480 (28.0)
46: 423 433 440 457 458 463 465 467 468 478 (27.0)
47: 436 441 446 456 461 466 469 473 479 489 (30.0)
48: 454 464 470 475 484 485 486 487 494 (28.0)
49: 453 462 472 483 490 492 496 497 498 499 (30.0)
50: 460 471 476 477 481 482 488 491 493 495 (28.0)
