Name: 500-60-125
Time: 13.509310483932495 
Result: 62
Solution:  1 0 0 1 4 1 0 1 1 2 2 1 0 2 1 2 1 0 0 0 3 4 5 2 4 1 3 3 5 0 5 1 2 0 2 4 2 2 7 1 4 4 4 3 6 2 5 4 3 5 4 6 3 5 5 6 10 4 6 4 5 7 4 4 6 8 7 8 7 7 7 5 8 7 10 5 10 7 5 6 11 8 9 9 8 7 9 7 11 10 12 9 8 13 10 11 10 9 10 10 11 11 11 11 11 9 11 11 11 11 13 12 9 9 13 10 13 13 12 12 14 12 14 13 12 15 15 14 12 13 14 12 13 13 14 15 10 13 13 16 13 17 14 11 15 16 16 15 14 18 15 15 14 15 18 15 15 15 17 14 17 16 17 15 16 16 17 17 17 14 21 17 17 16 15 18 15 19 17 15 17 18 20 16 19 19 19 18 19 19 21 23 22 19 20 16 22 20 20 22 20 21 24 22 18 21 18 24 19 21 23 22 23 22 22 25 23 26 22 19 23 19 19 22 23 24 22 24 23 25 24 27 27 20 21 22 22 26 21 24 23 27 25 24 22 21 25 29 28 25 24 22 22 26 27 27 23 26 26 26 24 28 27 27 24 27 28 25 26 26 30 26 26 29 27 27 29 25 28 24 26 33 28 29 30 26 27 27 31 30 32 29 32 34 32 30 30 27 31 30 29 31 32 31 29 31 33 29 32 28 33 31 32 31 32 35 34 31 32 35 31 33 31 31 34 30 32 36 33 34 33 34 34 36 34 33 32 31 30 34 35 38 35 34 35 34 35 34 32 35 36 34 36 37 37 32 38 36 38 37 35 36 37 39 39 37 36 36 37 37 36 36 41 37 38 39 39 34 38 41 41 35 37 39 40 39 39 37 40 37 37 44 43 38 39 41 40 37 39 41 38 41 43 42 41 40 39 43 44 42 40 39 40 44 42 43 42 41 42 39 43 45 42 43 43 41 44 42 44 44 44 43 40 45 44 44 43 43 46 40 43 47 44 42 44 44 45 43 46 42 45 47 48 46 45 44 43 48 44 47 43 49 47 47 48 46 45 47 49 48 50 48 48 48 48 44 48 44 50 49 46 49 49 47 50 48 50 49 49 46 46 50 50 48 49 49 50 48 50 50
0: 1 2 6 12 17 18 19 29 33 (67.0)
1: 0 3 5 7 8 11 14 16 25 31 39 (73.0)
2: 9 10 13 15 23 32 34 36 37 45 (63.0)
3: 20 26 27 43 48 52 (67.0)
4: 4 21 24 35 40 41 42 47 50 57 59 62 63 (71.0)
5: 22 28 30 46 49 53 54 60 71 75 78 (66.0)
6: 44 51 55 58 64 79 (64.0)
7: 38 61 66 68 69 70 73 77 85 87 (82.0)
8: 65 67 72 81 84 92 (65.0)
9: 82 83 86 91 97 105 112 113 (72.0)
10: 56 74 76 89 94 96 98 99 115 136 (72.0)
11: 80 88 95 100 101 102 103 104 106 107 108 109 143 (87.0)
12: 90 111 118 119 121 124 128 131 (78.0)
13: 93 110 114 116 117 123 129 132 133 137 138 140 (70.0)
14: 120 122 127 130 134 142 148 152 159 169 (75.0)
15: 125 126 135 144 147 150 151 153 155 156 157 163 174 176 179 (69.0)
16: 139 145 146 161 164 165 173 183 195 (71.0)
17: 141 158 160 162 166 167 168 171 172 178 180 (78.0)
18: 149 154 175 181 187 204 206 (72.0)
19: 177 184 185 186 188 189 193 208 219 221 222 (79.0)
20: 182 194 197 198 200 233 (76.0)
21: 170 190 201 205 209 234 238 245 (85.0)
22: 192 196 199 203 211 213 214 218 223 226 235 236 244 251 252 (95.0)
23: 191 210 212 216 220 224 228 240 256 (96.0)
24: 202 207 225 227 230 239 243 250 260 264 279 (114.0)
25: 215 229 242 246 249 267 277 (78.0)
26: 217 237 253 257 258 259 268 269 271 272 280 285 (96.0)
27: 231 232 241 254 255 262 263 265 274 275 286 287 297 (96.0)
28: 248 261 266 278 282 309 (69.0)
29: 247 273 276 283 291 300 304 307 (85.0)
30: 270 284 289 295 296 299 325 338 (71.0)
31: 288 298 301 303 305 311 313 317 320 322 323 337 (109.0)
32: 290 292 294 302 308 312 314 318 326 336 348 355 (121.0)
33: 281 306 310 321 328 330 335 (85.0)
34: 293 316 324 329 331 332 334 339 343 345 347 351 377 (125.0)
35: 315 319 340 342 344 346 349 360 381 (125.0)
36: 327 333 350 352 357 361 366 367 370 371 (112.0)
37: 353 354 359 362 365 368 369 373 382 387 389 390 397 (115.0)
38: 341 356 358 374 378 393 400 (93.0)
39: 363 364 375 376 383 385 386 394 398 406 411 419 (122.0)
40: 384 388 396 405 410 412 432 439 (125.0)
41: 372 379 380 395 399 401 404 417 425 (105.0)
42: 403 409 414 416 418 422 427 443 449 (114.0)
43: 392 402 407 415 420 423 424 431 436 437 440 447 456 460 (124.0)
44: 391 408 413 426 428 429 430 434 435 442 444 445 455 458 475 477 (119.0)
45: 421 433 446 450 454 466 (125.0)
46: 438 448 453 465 480 489 490 (121.0)
47: 441 451 459 462 463 467 483 (125.0)
48: 452 457 464 469 471 472 473 474 476 485 493 497 (121.0)
49: 461 468 479 481 482 487 488 494 495 (110.0)
50: 470 478 484 486 491 492 496 498 499 (105.0)
