Name: 500-60-125
Time: 14.217504978179932 
Result: 63
Solution:  3 0 0 1 1 1 0 0 1 2 3 1 0 0 1 1 3 2 0 1 2 3 3 2 0 2 4 3 7 5 3 0 0 1 0 5 3 1 5 2 4 5 5 5 2 5 6 5 2 7 4 8 6 6 4 6 5 7 6 5 5 8 5 4 5 7 6 7 8 4 8 7 9 6 5 5 10 8 7 6 11 7 9 9 8 8 8 8 8 11 12 8 9 12 11 9 12 11 12 10 7 12 10 11 13 13 12 10 11 11 13 12 8 10 12 11 13 12 12 10 14 14 16 16 14 13 16 14 12 16 13 12 12 17 15 12 10 12 15 18 14 17 15 13 17 18 16 18 13 16 16 14 15 14 16 12 14 16 17 14 15 18 16 15 18 21 17 17 16 21 20 17 18 15 16 17 18 18 17 20 19 18 19 17 19 21 19 19 19 19 23 18 20 19 19 21 18 20 19 22 20 21 18 21 25 21 18 25 25 19 22 22 20 24 22 24 21 25 22 21 25 20 21 23 21 20 23 23 26 23 24 26 21 27 27 21 21 26 20 22 24 28 25 26 24 27 25 29 28 25 23 23 22 24 24 24 27 24 26 25 27 29 28 27 28 27 26 26 25 29 24 26 27 28 26 27 30 27 28 25 29 26 31 28 30 26 27 32 27 29 30 30 30 30 32 30 30 27 28 31 29 34 31 31 32 32 33 29 28 31 34 29 29 30 34 35 33 33 32 34 32 33 32 32 33 30 34 33 32 31 35 34 34 34 33 34 32 32 31 34 35 35 38 34 35 35 34 37 35 35 36 33 36 38 33 35 36 36 35 37 34 36 36 41 38 37 37 35 39 37 37 37 41 38 38 39 41 38 37 41 38 37 39 39 39 39 39 38 41 36 41 43 39 40 39 39 40 38 42 40 38 44 43 39 41 40 40 38 38 40 42 44 39 38 41 39 42 45 43 42 43 44 45 43 43 46 43 42 42 44 43 44 40 46 45 44 41 42 43 44 43 47 44 42 48 45 45 45 45 45 45 47 50 45 44 49 45 48 47 48 43 45 48 46 48 46 46 47 46 46 49 48 50 48 47 48 49 44 47 48 46 45 49 47 50 50 50 49 47 49 49 50 49 50 49 50 49 50 50 47
0: 1 2 6 7 12 13 18 24 31 32 34 (62.0)
1: 3 4 5 8 11 14 15 19 33 37 (65.0)
2: 9 17 20 23 25 39 44 48 (74.0)
3: 0 10 16 21 22 27 30 36 (75.0)
4: 26 40 50 54 63 69 (65.0)
5: 29 35 38 41 42 43 45 47 56 59 60 62 64 74 75 (62.0)
6: 46 52 53 55 58 66 73 79 (68.0)
7: 28 49 57 65 67 71 78 81 100 (64.0)
8: 51 61 68 70 77 84 85 86 87 88 91 112 (79.0)
9: 72 82 83 92 95 (71.0)
10: 76 99 102 107 113 119 136 (63.0)
11: 80 89 94 97 103 108 109 115 (63.0)
12: 90 93 96 98 101 106 111 114 117 118 128 131 132 135 137 155 (67.0)
13: 104 105 110 116 125 130 143 148 (66.0)
14: 120 121 124 127 140 151 153 156 159 (86.0)
15: 134 138 142 152 160 163 173 (68.0)
16: 122 123 126 129 146 149 150 154 157 162 168 174 (86.0)
17: 133 141 144 158 166 167 171 175 178 183 (86.0)
18: 139 145 147 161 164 172 176 177 181 191 196 202 206 (76.0)
19: 180 182 184 186 187 188 189 193 194 198 209 (89.0)
20: 170 179 192 197 200 212 221 225 238 (88.0)
21: 165 169 185 195 201 203 205 216 219 222 224 232 235 236 (95.0)
22: 199 210 211 214 218 239 252 (70.0)
23: 190 223 226 227 229 250 251 (110.0)
24: 213 215 230 240 244 253 254 255 257 270 (104.0)
25: 204 207 208 217 220 242 246 249 259 268 279 (85.0)
26: 228 231 237 243 258 266 267 271 274 281 285 (94.0)
27: 233 234 245 256 260 263 265 272 275 277 286 288 297 (94.0)
28: 241 248 262 264 273 278 283 298 308 (98.0)
29: 247 261 269 280 289 300 307 311 312 (83.0)
30: 276 284 290 291 292 293 295 296 313 325 (84.0)
31: 282 299 302 303 309 329 338 (79.0)
32: 287 294 304 305 318 320 322 323 328 336 337 (114.0)
33: 306 316 317 321 324 327 334 351 354 (91.0)
34: 301 310 314 319 326 331 332 333 335 339 343 346 360 (109.0)
35: 315 330 340 341 344 345 348 349 355 358 367 (108.0)
36: 350 352 356 357 361 362 389 (125.0)
37: 347 359 365 366 369 370 371 378 381 (116.0)
38: 342 353 364 373 374 377 380 387 397 400 407 408 413 (123.0)
39: 368 375 382 383 384 385 386 392 394 395 403 412 415 (125.0)
40: 393 396 399 405 406 409 432 (124.0)
41: 363 372 376 379 388 390 404 414 436 (99.0)
42: 398 410 416 419 427 428 437 443 (122.0)
43: 391 402 418 420 423 424 426 430 438 440 460 (120.0)
44: 401 411 421 429 431 435 439 442 454 477 (124.0)
45: 417 422 434 445 446 447 448 449 450 453 456 461 481 (109.0)
46: 425 433 463 465 466 468 469 480 (125.0)
47: 441 451 458 467 474 478 483 488 499 (110.0)
48: 444 457 459 462 464 471 473 475 479 (113.0)
49: 455 470 476 482 487 489 490 492 494 496 (125.0)
50: 452 472 484 485 486 491 493 495 497 498 (102.0)
