Name: 500-60-125
Time: 29.082332372665405 
Result: 62
Solution:  0 0 0 0 0 1 0 1 1 2 3 0 1 1 1 4 2 3 0 0 3 3 3 3 4 4 2 3 6 4 3 1 4 2 5 4 2 1 5 1 4 5 4 4 6 5 6 4 5 7 7 4 6 6 4 3 4 2 6 7 5 9 4 8 4 7 9 8 9 7 7 8 10 7 5 5 10 8 8 6 8 8 10 9 9 5 10 7 10 8 11 7 9 11 11 10 13 9 13 10 8 13 11 11 11 10 12 15 8 11 11 12 12 16 14 13 12 11 10 12 14 12 16 13 14 14 13 13 11 13 12 13 11 13 15 15 10 11 13 18 15 16 14 13 15 15 16 16 15 14 15 16 16 13 18 12 13 16 17 16 15 15 19 17 19 20 17 19 17 20 17 16 18 21 18 18 17 22 16 16 18 18 20 16 19 20 18 19 19 19 19 18 22 21 24 16 18 20 21 21 21 20 19 20 18 22 21 23 24 20 23 23 23 24 22 24 20 26 19 22 25 23 23 23 22 22 22 23 22 24 24 25 28 23 26 22 20 26 23 21 27 24 25 24 25 22 25 27 29 23 26 23 22 26 25 22 27 27 26 25 24 29 28 27 27 29 26 27 27 26 26 25 24 28 25 24 29 28 28 26 27 33 30 29 28 30 29 26 28 28 28 30 30 34 30 29 31 30 29 31 30 33 31 31 31 29 32 30 32 31 32 29 33 31 31 34 33 32 32 29 32 33 31 31 34 31 31 37 32 33 34 34 35 35 33 36 33 31 30 34 36 35 36 36 35 34 34 34 39 35 35 34 36 35 39 36 34 37 39 36 36 37 37 38 39 38 38 37 37 37 38 37 40 39 38 39 38 36 36 39 41 35 37 39 39 36 39 38 39 36 40 43 40 38 39 39 40 37 41 40 40 43 41 40 41 42 43 40 42 43 41 41 40 41 41 39 42 45 42 45 44 45 42 42 43 46 42 40 44 43 43 41 44 47 43 47 42 44 44 42 46 46 44 43 46 43 45 45 46 43 46 47 48 44 43 42 45 47 46 45 43 44 48 45 49 48 46 47 46 48 50 47 50 48 47 46 49 47 47 49 49 46 49 48 50 49 50 50 46 48 49 50 47 50 50 49 50 50 50 48
0: 0 1 2 3 4 6 11 18 19 (66.0)
1: 5 7 8 12 13 14 31 37 39 (63.0)
2: 9 16 26 33 36 57 (65.0)
3: 10 17 20 21 22 23 27 30 55 (73.0)
4: 15 24 25 29 32 35 40 42 43 47 51 54 56 62 64 (63.0)
5: 34 38 41 45 48 60 74 75 85 (64.0)
6: 28 44 46 52 53 58 79 (64.0)
7: 49 50 59 65 69 70 73 87 91 (68.0)
8: 63 67 71 77 78 80 81 89 100 108 (68.0)
9: 61 66 68 83 84 92 97 (73.0)
10: 72 76 82 86 88 95 99 105 118 136 (87.0)
11: 90 93 94 102 103 104 109 110 117 128 132 137 (74.0)
12: 106 111 112 116 119 121 130 155 (73.0)
13: 96 98 101 115 123 126 127 129 131 133 138 143 153 156 (68.0)
14: 114 120 124 125 142 149 (72.0)
15: 107 134 135 140 144 145 148 150 160 161 (71.0)
16: 113 122 141 146 147 151 152 157 159 171 178 179 183 195 (76.0)
17: 158 163 166 168 170 176 (74.0)
18: 139 154 172 174 175 180 181 186 191 196 204 (85.0)
19: 162 164 167 184 187 188 189 190 202 218 (83.0)
20: 165 169 182 185 197 201 203 209 216 236 (77.0)
21: 173 193 198 199 200 206 239 (82.0)
22: 177 192 205 214 219 224 225 226 228 235 245 252 255 (95.0)
23: 207 210 211 212 221 222 223 227 233 238 249 251 (102.0)
24: 194 208 213 215 229 230 241 243 260 272 275 (78.0)
25: 220 231 242 244 246 254 259 271 274 (86.0)
26: 217 234 237 250 253 258 266 269 270 279 287 (109.0)
27: 240 247 256 257 263 264 267 268 280 (106.0)
28: 232 262 273 277 278 284 288 289 290 (113.0)
29: 248 261 265 276 283 286 295 298 305 311 319 (85.0)
30: 282 285 291 292 294 297 300 307 338 (79.0)
31: 296 299 302 303 304 309 313 314 322 323 325 326 337 (99.0)
32: 306 308 310 317 318 320 328 (95.0)
33: 281 301 312 316 321 329 334 336 (112.0)
34: 293 315 324 330 331 339 345 346 347 351 356 (115.0)
35: 332 333 341 344 349 350 353 381 (87.0)
36: 335 340 342 343 352 355 359 360 377 378 385 389 (108.0)
37: 327 357 361 362 367 368 369 371 382 397 (105.0)
38: 363 365 366 370 374 376 387 393 (106.0)
39: 348 354 358 364 373 375 379 383 384 386 388 394 395 415 (122.0)
40: 372 390 392 396 399 400 403 407 412 427 (125.0)
41: 380 398 402 404 410 411 413 414 431 (102.0)
42: 405 408 416 418 422 423 426 436 439 455 (125.0)
43: 391 401 406 409 424 429 430 434 443 445 449 454 460 (125.0)
44: 420 428 432 437 438 442 453 461 (108.0)
45: 417 419 421 446 447 456 459 463 (123.0)
46: 425 440 441 444 448 450 458 466 468 475 481 488 (116.0)
47: 433 435 451 457 467 471 474 477 478 492 (124.0)
48: 452 462 465 469 473 483 489 499 (125.0)
49: 464 476 479 480 482 485 490 495 (123.0)
50: 470 472 484 486 487 491 493 494 496 497 498 (116.0)
