Name: 500-20-30
Time: 14.944573163986206 
Result: 10
Solution:  0 0 1 0 0 1 0 0 2 1 2 1 3 1 3 3 1 1 1 3 3 2 6 5 2 2 3 4 2 3 4 2 2 2 4 2 2 6 3 5 3 0 4 4 6 5 3 3 5 6 3 6 4 6 8 6 2 9 8 8 7 7 4 9 6 6 7 7 6 10 7 4 10 8 6 12 4 5 8 6 8 7 11 9 9 5 6 6 8 9 8 7 10 8 9 6 10 12 13 13 7 11 13 11 11 11 11 9 12 11 10 14 11 14 11 12 12 13 15 11 13 13 15 14 14 10 16 11 15 14 16 14 14 11 14 13 13 15 11 12 12 17 14 14 14 16 14 12 13 14 16 16 18 15 15 16 17 13 16 13 17 19 16 20 16 17 17 17 18 19 18 19 18 17 19 18 17 15 15 18 20 19 15 20 19 19 20 15 19 17 20 22 20 21 21 23 20 19 20 18 21 24 22 21 20 21 20 21 21 21 25 21 23 23 20 23 24 20 24 21 22 24 25 23 22 25 22 25 27 24 26 25 22 24 23 24 24 22 22 23 25 27 26 26 27 28 22 22 22 21 25 24 22 26 23 25 28 27 27 27 26 25 30 26 27 24 25 29 29 27 28 28 25 30 28 27 27 28 28 27 26 29 29 29 31 26 28 29 28 30 32 30 30 30 29 30 30 29 30 30 35 35 30 29 29 30 30 31 33 34 31 32 30 29 32 36 32 34 33 33 31 31 32 33 34 33 37 33 35 34 36 32 37 34 33 35 37 34 32 33 36 35 37 35 38 37 33 37 32 34 35 36 35 34 39 34 38 34 33 35 37 37 34 36 37 38 40 36 41 37 38 40 38 37 39 39 38 37 37 35 37 39 39 40 42 38 38 39 43 43 43 36 38 43 40 41 40 38 39 41 42 42 41 42 41 39 39 42 38 40 38 43 45 39 40 45 39 40 41 39 44 43 44 47 42 42 43 43 41 42 41 46 42 47 43 47 43 46 44 42 45 48 43 44 45 42 46 45 43 44 46 45 46 48 46 46 46 44 44 49 46 47 47 44 43 45 44 47 47 47 48 49 48 48 49 47 49 50 44 50 48 49 47 50 49 48 50 49 50 50 49 49 48 50 49 50 49 50 49 47
0: 0 1 3 4 6 7 41 (21.0)
1: 2 5 9 11 13 16 17 18 (21.0)
2: 8 10 21 24 25 28 31 32 33 35 36 56 (22.0)
3: 12 14 15 19 20 26 29 38 40 46 47 50 (20.0)
4: 27 30 34 42 43 52 62 71 76 (20.0)
5: 23 39 45 48 77 85 (20.0)
6: 22 37 44 49 51 53 55 64 65 68 74 79 86 87 95 (21.0)
7: 60 61 66 67 70 81 91 100 (21.0)
8: 54 58 59 73 78 80 88 90 93 (21.0)
9: 57 63 83 84 89 94 107 (21.0)
10: 69 72 92 96 110 125 (22.0)
11: 82 101 103 104 105 106 109 112 114 119 127 133 138 (21.0)
12: 75 97 108 115 116 139 140 147 (20.0)
13: 98 99 102 117 120 121 135 136 148 157 159 (22.0)
14: 111 113 123 124 129 131 132 134 142 143 144 146 149 (20.0)
15: 118 122 128 137 153 154 177 178 182 187 (22.0)
16: 126 130 145 150 151 155 158 162 164 (26.0)
17: 141 156 160 165 166 167 173 176 189 (21.0)
18: 152 168 170 172 175 179 199 (23.0)
19: 161 169 171 174 181 184 185 188 197 (25.0)
20: 163 180 183 186 190 192 196 198 204 206 214 217 (23.0)
21: 193 194 200 203 205 207 208 209 211 219 249 (25.0)
22: 191 202 220 224 226 232 237 238 246 247 248 252 (22.0)
23: 195 212 213 215 223 234 239 254 (25.0)
24: 201 216 218 221 229 233 235 236 251 265 (26.0)
25: 210 222 225 227 231 240 250 255 261 266 272 (28.0)
26: 230 242 243 253 260 263 280 285 (26.0)
27: 228 241 244 257 258 259 264 269 275 276 279 (26.0)
28: 245 256 270 271 274 277 278 286 288 (23.0)
29: 267 268 281 282 283 287 294 297 303 304 313 (23.0)
30: 262 273 289 291 292 293 295 296 298 299 302 305 306 312 (26.0)
31: 284 307 310 320 321 (22.0)
32: 290 311 314 316 322 331 338 348 (27.0)
33: 308 318 319 323 325 327 334 339 346 358 (29.0)
34: 309 317 324 329 333 337 349 353 355 357 362 (29.0)
35: 300 301 328 335 341 343 350 352 359 379 (27.0)
36: 315 330 340 351 363 367 391 (30.0)
37: 326 332 336 342 345 347 360 361 364 369 373 377 378 380 (27.0)
38: 344 356 365 370 372 376 385 386 392 397 408 410 (29.0)
39: 354 374 375 381 382 387 398 405 406 413 416 419 (30.0)
40: 366 371 383 394 396 409 414 417 (26.0)
41: 368 395 399 402 404 418 428 430 (30.0)
42: 384 400 401 403 407 424 425 429 432 439 445 (30.0)
43: 388 389 390 393 411 421 426 427 434 436 442 448 464 (30.0)
44: 420 422 438 443 449 457 458 463 466 478 (30.0)
45: 412 415 440 444 447 451 465 (30.0)
46: 431 437 446 450 452 454 455 456 460 (29.0)
47: 423 433 435 461 462 467 468 469 475 482 499 (28.0)
48: 441 453 470 472 473 480 485 492 (27.0)
49: 459 471 474 476 481 484 487 490 491 494 496 498 (30.0)
50: 477 479 483 486 488 489 493 495 497 (30.0)
