Name: 500-30-50
Time: 13.549091100692749 
Result: 3022
Solution:  0 0 2 4 1 0 4 0 0 2 1 4 1 3 1 1 5 1 6 3 0 1 0 0 3 2 1 1 6 5 4 4 4 3 2 0 4 4 2 4 3 5 7 4 1 2 6 8 4 2 6 6 5 1 5 8 5 4 7 6 4 7 3 9 6 7 4 7 7 7 9 9 8 11 8 8 8 7 6 8 8 8 8 6 10 9 6 8 5 10 7 10 10 8 9 7 7 12 10 13 10 11 10 10 11 12 11 12 12 7 12 16 13 13 11 12 12 13 10 14 16 13 12 12 17 17 11 11 13 13 14 14 17 12 15 14 14 13 10 14 15 15 12 17 12 18 14 15 16 15 17 14 17 16 16 18 17 17 12 15 15 16 19 21 18 18 17 18 21 19 15 17 17 21 17 18 20 20 16 18 19 21 19 22 19 22 21 22 18 20 20 21 18 16 16 21 21 22 21 22 24 17 22 21 21 22 20 21 18 20 23 23 22 21 23 18 21 22 23 25 25 23 22 22 25 22 23 25 22 24 23 24 28 24 28 27 28 26 24 24 25 28 27 25 27 27 24 28 24 27 27 22 25 28 27 27 25 28 22 24 26 23 27 25 26 25 24 28 28 30 24 27 27 28 29 29 24 24 28 29 33 26 32 26 29 26 29 29 30 26 26 30 30 28 30 29 32 28 33 31 33 32 31 31 31 31 33 31 31 32 32 30 34 30 32 30 33 30 32 34 32 34 31 37 33 32 33 34 35 33 36 35 30 35 37 34 31 31 36 34 36 37 34 33 34 35 33 33 34 35 37 36 36 34 36 35 38 33 35 38 35 38 37 34 34 37 38 36 38 35 35 39 40 36 39 35 39 38 38 38 37 41 37 39 41 40 38 39 36 40 41 44 41 44 39 38 37 40 41 37 39 40 39 38 44 37 40 38 40 42 46 39 44 42 40 43 44 45 41 42 42 43 39 45 45 43 42 44 43 46 44 43 45 43 44 47 42 41 44 45 47 46 45 42 45 45 47 42 42 48 46 46 45 48 44 43 44 46 45 43 47 47 47 45 49 45 49 46 50 48 48 50 48 46 48 49 45 47 47 48 49 50 47 45 50 46 48 48 49 46 50 48 49 47 49 50 50 50 50 50
0: 0 1 5 7 8 20 22 23 35 (32.0)
1: 4 10 12 14 15 17 21 26 27 44 53 (30.0)
2: 2 9 25 34 38 45 49 (34.0)
3: 13 19 24 33 40 62 (37.0)
4: 3 6 11 30 31 32 36 37 39 43 48 57 60 66 (31.0)
5: 16 29 41 52 54 56 88 (30.0)
6: 18 28 46 50 51 59 64 78 83 86 (34.0)
7: 42 58 61 65 67 68 69 77 90 95 96 109 (33.0)
8: 47 55 72 74 75 76 79 80 81 82 87 93 (31.0)
9: 63 70 71 85 94 (30.0)
10: 84 89 91 92 98 100 102 103 118 138 (32.0)
11: 73 101 104 106 114 126 127 (42.0)
12: 97 105 107 108 110 115 116 122 123 133 142 144 158 (33.0)
13: 99 112 113 117 121 128 129 137 (35.0)
14: 119 130 131 135 136 139 146 151 (35.0)
15: 134 140 141 147 149 159 160 170 (34.0)
16: 111 120 148 153 154 161 178 193 194 (33.0)
17: 124 125 132 143 150 152 156 157 166 171 172 174 201 (35.0)
18: 145 155 164 165 167 175 179 188 192 208 215 (35.0)
19: 162 169 180 182 184 (33.0)
20: 176 177 189 190 206 209 (35.0)
21: 163 168 173 181 186 191 195 196 198 203 204 207 213 216 (34.0)
22: 183 185 187 197 199 202 205 212 217 222 223 225 228 251 258 (38.0)
23: 210 211 214 218 221 226 230 261 (39.0)
24: 200 229 231 233 238 239 246 248 259 266 270 276 277 (50.0)
25: 219 220 224 227 240 243 252 256 263 265 (45.0)
26: 237 260 264 281 283 285 289 290 (40.0)
27: 235 242 244 245 249 250 254 255 262 271 272 (46.0)
28: 232 234 236 241 247 253 257 267 268 273 278 293 297 (50.0)
29: 274 275 279 284 286 287 295 (40.0)
30: 269 288 291 292 294 311 313 315 317 332 (37.0)
31: 299 302 303 304 305 307 308 322 336 337 (44.0)
32: 282 296 301 309 310 314 318 320 325 (44.0)
33: 280 298 300 306 316 324 326 329 343 346 347 357 (45.0)
34: 312 319 321 327 335 339 342 344 348 353 363 364 (49.0)
35: 328 331 333 345 349 355 358 360 369 370 375 (41.0)
36: 330 338 340 351 352 354 367 373 388 (50.0)
37: 323 334 341 350 362 365 380 382 396 399 405 (40.0)
38: 356 359 361 366 368 377 378 379 386 395 403 407 (48.0)
39: 371 374 376 383 387 394 400 402 411 422 (39.0)
40: 372 385 389 397 401 406 408 414 (50.0)
41: 381 384 390 392 398 418 437 (50.0)
42: 409 413 419 420 426 436 443 447 448 (50.0)
43: 415 421 425 428 431 433 455 459 (52.0)
44: 391 393 404 412 416 427 430 434 438 454 456 (48.0)
45: 417 423 424 432 439 442 444 445 452 458 463 465 476 483 (45.0)
46: 410 429 441 450 451 457 467 473 485 489 (50.0)
47: 435 440 446 460 461 462 477 478 482 493 (51.0)
48: 449 453 469 470 472 474 479 486 487 491 (50.0)
49: 464 466 475 480 488 492 494 (50.0)
50: 468 471 481 484 490 495 496 497 498 499 (50.0)
