Name: 500-50-100
Time: 13.933016061782837 
Result: 48
Solution:  0 2 0 2 2 1 1 2 2 3 1 2 2 1 4 2 1 0 1 2 6 3 2 2 2 4 1 5 3 5 4 3 7 2 3 4 5 4 2 4 0 6 5 2 4 7 2 6 5 5 7 3 2 7 9 4 6 4 6 6 4 5 4 7 6 11 8 8 10 6 6 5 8 6 8 6 10 10 7 8 8 10 9 5 9 5 10 10 9 11 9 10 10 6 11 6 11 11 11 7 7 10 9 8 11 11 11 14 12 13 10 11 12 13 12 11 12 14 10 15 11 13 16 16 13 12 11 13 15 10 14 15 15 10 11 13 17 11 11 16 18 15 15 15 18 18 12 17 16 14 17 14 15 15 18 16 13 18 14 18 13 18 17 15 18 16 14 16 17 21 18 16 19 15 18 19 19 19 19 15 23 18 19 20 20 16 20 17 19 20 21 17 19 18 21 21 23 19 18 18 21 21 19 19 22 21 23 20 23 21 24 19 22 20 25 22 19 21 22 25 23 24 25 23 20 24 25 22 20 25 22 21 24 24 22 26 24 25 24 22 22 22 26 25 25 26 24 24 23 29 27 26 27 24 26 25 28 26 26 30 26 28 26 27 30 26 27 26 26 24 29 26 29 28 28 30 28 29 30 25 30 28 27 29 27 30 29 28 30 26 28 31 28 32 27 31 31 32 32 30 30 32 34 35 28 29 32 28 31 28 32 33 33 31 32 31 29 33 29 32 31 31 33 34 29 35 34 31 30 33 34 34 33 31 35 35 32 33 34 30 35 31 36 36 32 36 37 32 37 37 35 35 37 37 37 35 39 35 38 33 37 39 34 38 36 35 36 38 38 37 37 37 40 38 39 34 36 36 37 39 36 39 38 38 37 40 43 36 40 40 38 43 41 37 39 40 43 36 39 41 40 45 40 38 41 43 39 42 43 44 39 42 41 40 43 41 43 42 42 38 41 42 43 42 41 40 44 42 43 42 43 44 44 43 45 47 45 45 43 41 46 45 46 47 42 46 46 45 44 46 45 45 45 47 45 48 44 43 48 43 48 48 47 47 48 49 47 48 50 48 46 48 50 49 46 47 49 45 47 46 49 48 50 49 50 46 49 48 47 50 47 50 47 49 49 48 47 49 49 50
0: 0 2 17 40 (52.0)
1: 5 6 10 13 16 18 26 (55.0)
2: 1 3 4 7 8 11 12 15 19 22 23 24 33 38 43 46 52 (53.0)
3: 9 21 28 31 34 51 (55.0)
4: 14 25 30 35 37 39 44 55 57 60 62 (54.0)
5: 27 29 36 42 48 49 61 71 83 85 (55.0)
6: 20 41 47 56 58 59 64 69 70 73 75 93 95 (54.0)
7: 32 45 50 53 63 78 99 100 (52.0)
8: 66 67 72 74 79 80 103 (54.0)
9: 54 82 84 88 90 102 (69.0)
10: 68 76 77 81 86 87 91 92 101 110 118 129 133 (53.0)
11: 65 89 94 96 97 98 104 105 106 111 115 120 126 134 137 138 (58.0)
12: 108 112 114 116 125 146 (53.0)
13: 109 113 121 124 127 135 156 160 (67.0)
14: 107 117 130 149 151 158 166 (60.0)
15: 119 128 131 132 141 142 143 152 153 163 173 179 (67.0)
16: 122 123 139 148 155 165 167 171 185 (53.0)
17: 136 147 150 162 168 187 191 (56.0)
18: 140 144 145 154 157 159 161 164 170 174 181 193 198 199 (63.0)
19: 172 175 176 177 178 182 188 192 197 202 203 211 216 (75.0)
20: 183 184 186 189 207 213 224 228 (67.0)
21: 169 190 194 195 200 201 205 209 217 231 (80.0)
22: 204 212 215 218 227 230 234 239 240 241 (58.0)
23: 180 196 206 208 220 223 248 (82.0)
24: 210 221 225 232 233 236 238 246 247 253 269 (62.0)
25: 214 219 222 226 229 237 243 244 255 279 (60.0)
26: 235 242 245 251 254 257 258 260 262 265 267 268 271 289 (71.0)
27: 250 252 263 266 282 284 294 (65.0)
28: 256 261 273 274 276 281 287 290 292 304 307 309 (92.0)
29: 249 270 272 277 283 286 305 316 318 324 (82.0)
30: 259 264 275 278 280 285 288 299 300 328 339 (100.0)
31: 291 295 296 308 313 315 320 321 327 333 341 (83.0)
32: 293 297 298 301 306 310 314 319 336 344 347 (94.0)
33: 311 312 317 322 329 332 337 359 (68.0)
34: 302 323 326 330 331 338 362 375 (63.0)
35: 303 325 334 335 340 350 351 355 357 365 (100.0)
36: 342 343 345 364 366 376 377 380 387 397 (87.0)
37: 346 348 349 352 353 354 360 369 370 371 378 384 393 (100.0)
38: 358 363 367 368 373 382 383 390 403 419 (81.0)
39: 356 361 374 379 381 394 398 406 410 (69.0)
40: 372 385 388 389 395 400 402 413 425 (78.0)
41: 392 399 404 412 415 420 424 439 (75.0)
42: 407 411 417 418 421 423 427 429 444 (95.0)
43: 386 391 396 405 408 414 416 422 428 430 433 438 457 459 (100.0)
44: 409 426 431 432 448 456 (65.0)
45: 401 434 436 437 441 447 450 451 452 454 477 (92.0)
46: 440 442 445 446 449 470 474 479 485 (93.0)
47: 435 443 453 462 463 466 475 478 488 490 492 496 (100.0)
48: 455 458 460 461 464 467 469 471 481 487 495 (98.0)
49: 465 473 476 480 483 486 493 494 497 498 (98.0)
50: 468 472 482 484 489 491 499 (100.0)
