Name: 500-30-50
Time: 14.0023033618927 
Result: 20
Solution:  1 0 1 0 0 0 3 0 0 1 0 0 3 1 1 2 5 0 2 2 2 4 0 0 3 2 4 5 2 4 3 4 6 3 2 0 3 3 1 5 1 5 6 6 2 3 5 6 5 4 4 6 6 5 5 5 6 4 5 2 5 6 2 8 6 6 6 7 6 8 9 10 10 9 6 8 6 7 7 8 8 9 6 7 13 9 7 7 6 10 10 12 9 8 10 8 8 10 6 8 7 11 10 8 9 12 11 12 11 10 12 16 12 15 15 12 12 11 10 12 13 11 14 14 14 14 12 13 11 12 11 12 14 12 18 13 14 16 15 11 15 15 14 16 13 12 14 15 15 14 18 19 20 16 17 17 12 19 12 14 15 16 17 18 17 15 17 17 14 18 20 19 16 17 19 18 17 18 17 18 19 15 20 16 19 20 18 17 22 16 20 21 16 22 16 21 22 22 22 20 21 18 22 25 19 22 22 24 19 20 21 21 24 23 22 19 19 21 23 21 23 22 23 21 26 24 21 22 23 23 23 24 27 26 23 27 25 22 25 24 25 25 24 25 25 27 26 29 26 29 25 22 25 27 26 26 27 27 24 24 30 24 27 24 24 27 25 27 29 30 25 26 25 28 27 27 29 30 28 28 32 27 30 31 28 27 29 30 25 28 31 33 30 27 29 32 29 33 34 30 29 32 30 32 31 33 33 31 31 28 31 29 31 30 33 32 31 31 34 35 35 33 33 35 34 32 33 33 35 33 34 32 37 33 37 35 32 33 32 33 34 38 33 34 36 34 39 32 34 35 36 39 37 37 36 34 37 38 35 40 37 39 39 37 35 38 36 36 37 34 38 38 38 36 41 34 37 41 40 41 37 41 38 37 39 37 38 38 39 38 40 37 41 39 38 38 39 42 41 40 42 44 38 40 42 37 43 41 41 40 44 45 43 42 44 39 41 40 42 42 42 43 39 45 43 44 43 46 41 43 46 44 45 41 43 43 44 40 44 45 45 44 46 44 45 46 46 45 42 45 50 46 49 48 42 45 47 47 43 43 48 49 46 47 48 46 49 46 45 50 48 48 48 50 48 46 45 49 48 47 50 46 46 47 46 49 50 45 49 47 50 47 49 49 49 50 50 49 50 47
0: 1 3 4 5 7 8 10 11 17 22 23 35 (31.0)
1: 0 2 9 13 14 38 40 (34.0)
2: 15 18 19 20 25 28 34 44 59 62 (35.0)
3: 6 12 24 30 33 36 37 45 (38.0)
4: 21 26 29 31 49 50 57 (32.0)
5: 16 27 39 41 46 48 53 54 55 58 60 (31.0)
6: 32 42 43 47 51 52 56 61 64 65 66 68 74 76 82 88 98 (32.0)
7: 67 77 78 83 86 87 100 (34.0)
8: 63 69 75 79 80 93 95 96 99 103 (32.0)
9: 70 73 81 85 92 104 (35.0)
10: 71 72 89 90 94 97 102 109 118 (33.0)
11: 101 106 108 117 121 128 130 139 (34.0)
12: 91 105 107 110 112 115 116 119 126 129 131 133 145 156 158 (34.0)
13: 84 120 127 135 144 (30.0)
14: 122 123 124 125 132 136 142 146 149 159 168 (31.0)
15: 113 114 138 140 141 147 148 160 165 181 (34.0)
16: 111 137 143 153 161 172 183 189 192 194 (39.0)
17: 154 155 162 164 166 167 173 176 178 187 (36.0)
18: 134 150 163 169 175 177 179 186 201 (37.0)
19: 151 157 171 174 180 184 204 208 215 216 (38.0)
20: 152 170 182 185 190 199 209 (37.0)
21: 191 195 200 210 211 217 219 223 226 (46.0)
22: 188 193 196 197 198 202 205 206 214 221 227 237 251 (37.0)
23: 213 218 220 222 228 229 230 234 (34.0)
24: 207 212 225 231 239 242 258 259 261 263 264 (40.0)
25: 203 236 238 240 241 243 244 250 252 266 270 272 288 (36.0)
26: 224 233 246 248 254 255 271 (45.0)
27: 232 235 245 253 256 257 262 265 267 274 275 281 285 293 (37.0)
28: 273 278 279 284 289 309 (46.0)
29: 247 249 268 276 286 294 296 300 311 (45.0)
30: 260 269 277 282 287 292 299 302 313 (44.0)
31: 283 290 304 307 308 310 312 316 317 (39.0)
32: 280 295 301 303 315 325 331 336 338 347 (45.0)
33: 291 297 305 306 314 321 322 326 327 329 333 337 339 342 (50.0)
34: 298 318 324 330 340 343 345 348 355 369 375 (47.0)
35: 319 320 323 328 335 349 358 364 (39.0)
36: 344 350 354 366 367 373 (50.0)
37: 332 334 352 353 356 360 363 368 376 380 383 385 391 405 (43.0)
38: 341 357 365 370 371 372 382 386 387 389 394 395 402 (48.0)
39: 346 351 361 362 384 388 393 396 415 422 (47.0)
40: 359 378 390 399 403 409 417 437 (45.0)
41: 374 377 379 381 392 398 407 408 416 428 433 (48.0)
42: 397 400 404 413 418 419 420 448 454 (50.0)
43: 406 412 421 424 426 429 434 435 458 459 (47.0)
44: 401 410 414 425 431 436 438 441 443 (50.0)
45: 411 423 432 439 440 444 447 449 455 468 476 487 (50.0)
46: 427 430 442 445 446 451 462 465 467 475 481 482 484 (48.0)
47: 456 457 463 479 483 489 491 499 (50.0)
48: 453 460 464 470 471 472 474 478 (50.0)
49: 452 461 466 477 485 488 492 493 494 497 (50.0)
50: 450 469 473 480 486 490 495 496 498 (46.0)
