Name: 500-50-100
Time: 28.487584829330444 
Result: 47
Solution:  3 0 0 0 1 0 0 0 0 2 0 4 0 1 4 0 1 3 3 3 5 1 1 0 2 2 2 5 2 4 2 5 4 0 3 4 2 0 3 4 1 5 7 7 4 6 2 6 4 5 4 1 9 7 8 8 2 6 3 6 6 7 10 8 7 11 11 6 5 7 3 6 5 6 8 8 10 10 8 8 12 10 9 8 8 5 10 10 9 11 9 10 14 7 10 8 10 11 9 8 7 10 11 10 11 11 11 12 12 12 10 11 13 14 11 10 15 15 10 11 9 14 16 17 14 12 11 12 13 10 14 16 17 10 16 12 16 10 14 17 18 16 16 13 15 17 14 16 16 13 14 17 15 17 17 15 13 19 13 16 13 14 14 18 17 20 17 16 15 17 17 17 17 19 16 16 19 18 18 17 19 19 19 17 19 18 19 19 20 19 20 21 19 18 18 21 23 22 20 17 20 21 19 21 21 23 24 23 23 21 22 20 22 24 25 23 20 22 24 20 23 21 24 23 20 22 23 23 21 25 24 23 26 27 24 20 25 25 26 22 21 27 26 25 25 24 26 23 21 28 23 26 25 22 26 26 28 26 29 27 23 28 27 27 30 25 25 30 29 27 25 30 32 29 26 26 32 30 30 28 28 28 27 26 28 28 29 27 29 25 29 31 28 30 31 32 29 29 30 29 31 32 29 32 30 30 31 28 32 29 34 32 31 35 29 34 30 32 29 33 33 32 31 34 34 35 34 31 30 30 34 30 32 31 35 36 31 35 35 34 35 33 36 32 33 36 36 35 35 39 35 37 36 38 37 34 38 33 36 35 38 34 34 36 36 36 33 38 36 37 37 38 41 39 38 35 38 41 37 39 35 41 38 41 37 38 39 38 42 39 38 38 41 36 40 36 40 39 38 40 40 43 39 40 42 41 40 42 41 41 42 38 44 40 45 40 39 42 38 40 41 41 45 41 44 44 42 42 43 43 44 44 44 45 43 44 42 42 46 41 44 45 45 46 43 45 44 45 44 45 47 47 43 50 46 46 45 50 49 42 50 49 49 45 48 49 47 48 44 49 47 48 45 48 46 48 50 45 48 49 49 50 50 48 49 49 46 48 47 47 47 49 50 46 48 50 50 50 50 48
0: 1 2 3 5 6 7 8 10 12 15 23 33 37 (53.0)
1: 4 13 16 21 22 40 51 (53.0)
2: 9 24 25 26 28 30 36 46 56 (62.0)
3: 0 17 18 19 34 38 58 70 (57.0)
4: 11 14 29 32 35 39 44 48 50 (54.0)
5: 20 27 31 41 49 68 72 85 (59.0)
6: 45 47 57 59 60 67 71 73 (55.0)
7: 42 43 53 61 64 69 93 100 (54.0)
8: 54 55 63 74 75 78 79 83 84 95 99 (55.0)
9: 52 82 88 90 98 120 (57.0)
10: 62 76 77 81 86 87 91 94 96 101 103 110 115 118 129 133 137 (55.0)
11: 65 66 89 97 102 104 105 106 111 114 119 126 (58.0)
12: 80 107 108 109 125 127 135 (59.0)
13: 112 128 143 149 156 158 160 (77.0)
14: 92 113 121 124 130 138 146 150 161 162 (59.0)
15: 116 117 144 152 155 168 (57.0)
16: 122 131 134 136 141 142 147 148 159 167 174 175 (59.0)
17: 123 132 139 145 151 153 154 164 166 169 170 171 172 179 183 199 (59.0)
18: 140 163 177 178 185 193 194 (54.0)
19: 157 173 176 180 181 182 184 186 187 189 192 202 (78.0)
20: 165 188 190 198 200 211 216 219 224 235 (56.0)
21: 191 195 201 203 204 209 221 228 240 248 (69.0)
22: 197 210 212 217 225 239 253 (61.0)
23: 196 205 207 208 215 220 223 226 227 231 247 250 260 (86.0)
24: 206 213 218 222 230 234 245 (63.0)
25: 214 229 236 237 243 244 252 265 266 270 289 (78.0)
26: 232 238 242 246 251 254 255 257 274 275 283 (73.0)
27: 233 241 259 262 263 269 282 287 (64.0)
28: 249 256 261 279 280 281 284 285 292 307 (100.0)
29: 258 268 273 286 288 290 296 297 299 302 309 314 318 (84.0)
30: 264 267 271 277 278 293 298 304 305 316 328 329 331 (85.0)
31: 291 294 300 306 312 322 327 333 336 (85.0)
32: 272 276 295 301 303 308 311 317 321 332 343 (73.0)
33: 319 320 341 344 357 366 (61.0)
34: 310 315 323 324 326 330 339 355 361 362 (85.0)
35: 313 325 334 337 338 340 347 348 350 359 375 380 (88.0)
36: 335 342 345 346 352 358 363 364 365 368 393 395 (80.0)
37: 351 354 369 370 378 384 (69.0)
38: 353 356 360 367 371 374 376 382 385 387 390 391 398 411 418 (99.0)
39: 349 373 379 386 389 397 402 416 (100.0)
40: 394 396 399 400 403 406 413 415 419 (81.0)
41: 372 377 381 383 392 405 408 409 420 421 423 439 (92.0)
42: 388 404 407 410 417 426 427 436 437 459 (79.0)
43: 401 428 429 434 444 452 (100.0)
44: 412 424 425 430 431 432 435 440 446 448 468 (96.0)
45: 414 422 433 441 442 445 447 449 456 463 472 477 (100.0)
46: 438 443 454 455 474 486 493 (66.0)
47: 450 451 466 470 488 489 490 (77.0)
48: 464 467 471 473 475 478 483 487 494 499 (99.0)
49: 458 461 462 465 469 479 480 484 485 491 (98.0)
50: 453 457 460 476 481 482 492 495 496 497 498 (95.0)
