Name: 500-30-50
Time: 13.801330089569092 
Result: 1021
Solution:  0 0 0 0 0 0 1 1 0 0 1 0 1 3 1 1 1 1 2 2 1 4 1 1 2 2 2 1 6 5 4 1 5 3 3 2 4 5 5 5 1 4 5 6 6 7 5 5 4 2 6 5 6 5 3 10 4 6 9 5 5 7 2 8 7 8 4 5 6 8 8 8 10 11 6 5 5 7 6 7 9 9 6 9 12 9 9 8 5 11 7 12 10 10 7 10 10 13 8 10 7 11 10 9 11 13 11 8 12 14 12 13 10 15 12 12 14 14 10 13 12 11 14 15 14 15 11 11 13 13 15 13 16 11 14 13 14 12 12 13 17 15 15 16 17 14 15 15 16 14 18 13 16 16 17 19 17 17 17 18 18 15 19 17 20 17 17 20 20 15 16 17 17 19 18 18 16 21 18 19 18 20 20 22 19 21 22 19 20 17 21 21 16 20 20 20 19 20 21 22 24 22 19 20 22 22 23 19 18 22 23 24 24 23 22 21 22 22 21 21 23 23 23 19 24 22 23 24 25 23 26 23 26 25 25 20 27 20 24 22 25 27 21 24 27 27 22 29 28 29 27 22 23 24 26 28 23 25 27 26 29 26 27 23 27 25 25 29 27 25 25 27 25 28 29 28 27 25 28 28 31 30 31 27 30 31 29 27 27 26 30 31 31 31 29 32 29 31 32 30 31 30 29 31 33 33 33 31 30 28 30 30 29 30 31 30 32 33 34 35 34 33 34 33 34 33 30 34 35 32 32 32 34 33 37 34 35 35 33 35 36 36 36 35 33 35 34 37 34 35 38 35 33 33 36 38 38 39 38 36 37 33 37 40 37 36 35 36 40 38 38 37 39 37 39 37 38 36 38 38 41 40 37 38 41 38 39 40 39 37 39 37 41 42 40 43 44 41 40 41 43 41 38 38 41 38 42 40 40 42 42 43 44 42 45 39 44 43 41 42 42 43 41 45 43 41 47 43 45 43 43 43 40 45 43 48 42 40 44 45 46 45 44 43 45 45 46 43 45 44 50 47 43 46 45 44 47 48 43 44 47 48 46 45 49 49 48 46 50 49 48 46 48 49 47 45 44 50 48 47 48 45 48 45 50 50 48 46 50 47 50 49 49 49 50 50 50 50 50 49
0: 0 1 2 3 4 5 8 9 11 (30.0)
1: 6 7 10 12 14 15 16 17 20 22 23 27 31 40 (29.0)
2: 18 19 24 25 26 35 49 62 (31.0)
3: 13 33 34 54 (32.0)
4: 21 30 36 41 48 56 66 (31.0)
5: 29 32 37 38 39 42 46 47 51 53 59 60 67 75 76 88 (30.0)
6: 28 43 44 50 52 57 68 74 78 82 (35.0)
7: 45 61 64 77 79 90 94 100 (35.0)
8: 63 65 69 70 71 87 98 107 (34.0)
9: 58 80 81 83 85 86 103 (31.0)
10: 55 72 92 93 95 96 99 102 112 118 (30.0)
11: 73 89 101 104 106 121 126 127 133 (38.0)
12: 84 91 108 110 114 115 120 137 138 (39.0)
13: 97 105 111 119 128 129 131 135 139 151 (44.0)
14: 109 116 117 122 124 134 136 145 149 (33.0)
15: 113 123 125 130 141 142 146 147 161 169 (33.0)
16: 132 143 148 152 153 170 176 192 (37.0)
17: 140 144 154 156 157 158 163 165 166 171 172 189 (33.0)
18: 150 159 160 174 175 178 180 208 (34.0)
19: 155 162 173 179 184 187 196 202 207 223 (35.0)
20: 164 167 168 181 182 188 193 194 195 197 203 235 237 (35.0)
21: 177 185 190 191 198 215 218 219 242 (37.0)
22: 183 186 199 201 204 205 209 214 216 217 225 239 246 251 (36.0)
23: 206 210 213 220 221 222 226 229 231 252 256 263 (44.0)
24: 200 211 212 224 227 238 243 253 (45.0)
25: 228 233 234 240 257 265 266 269 270 272 277 (41.0)
26: 230 232 254 259 261 289 (38.0)
27: 236 241 244 245 250 258 262 264 268 271 276 283 287 288 (48.0)
28: 248 255 273 275 278 279 309 (50.0)
29: 247 249 260 267 274 286 294 296 302 312 (48.0)
30: 281 284 290 299 301 308 310 311 313 315 326 (43.0)
31: 280 282 285 291 292 293 297 300 303 307 314 (39.0)
32: 295 298 316 329 330 331 (35.0)
33: 304 305 306 317 321 323 325 333 338 344 352 353 361 (48.0)
34: 318 320 322 324 327 332 335 346 348 (42.0)
35: 319 328 336 337 339 343 345 349 351 366 (49.0)
36: 340 341 342 354 359 365 367 377 (45.0)
37: 334 347 360 362 364 371 373 375 382 389 391 (50.0)
38: 350 355 356 358 369 370 376 378 379 383 385 402 403 405 (50.0)
39: 357 372 374 386 388 390 415 (50.0)
40: 363 368 381 387 394 398 407 408 432 437 (43.0)
41: 380 384 392 397 399 401 404 418 422 425 (50.0)
42: 393 406 409 410 413 419 420 436 (50.0)
43: 395 400 411 417 421 424 427 429 430 431 434 443 447 452 458 (50.0)
44: 396 412 416 438 442 449 455 459 476 (43.0)
45: 414 423 428 433 439 441 444 445 448 454 463 475 481 483 (46.0)
46: 440 446 453 462 467 471 487 (50.0)
47: 426 451 456 460 474 479 489 (50.0)
48: 435 457 461 466 470 472 478 480 482 486 (47.0)
49: 464 465 469 473 491 492 493 499 (45.0)
50: 450 468 477 484 485 488 490 494 495 496 497 498 (48.0)
