Name: 500-60-125
Time: 14.157961130142212 
Result: 63
Solution:  4 0 0 0 0 0 1 0 1 1 3 0 0 0 1 4 0 1 0 5 5 4 2 3 4 2 1 3 5 4 3 1 0 3 4 4 2 4 6 2 4 6 5 8 5 4 1 4 3 5 5 6 4 6 7 2 8 2 6 8 6 10 8 7 5 7 6 7 4 5 6 8 9 8 8 4 10 6 9 7 8 10 10 9 8 11 8 8 8 9 12 7 9 9 10 11 9 10 12 10 8 7 10 11 14 8 12 13 8 11 12 12 14 13 12 13 11 13 11 11 14 13 16 11 11 15 13 14 13 15 12 13 14 14 16 12 12 12 14 14 14 17 13 12 18 14 16 16 12 15 16 18 14 14 20 19 13 16 17 15 15 15 18 17 19 19 17 15 17 14 16 14 19 16 17 17 15 20 14 14 20 20 18 15 19 21 18 19 18 19 22 18 20 19 19 18 20 20 20 20 21 21 23 19 18 23 18 21 19 19 24 22 24 24 22 22 22 20 18 21 23 19 23 22 20 19 23 24 21 24 24 25 23 20 27 23 22 27 20 21 27 27 27 26 26 22 25 28 24 23 23 22 22 26 26 23 25 27 26 25 28 27 28 27 29 27 28 28 26 26 29 26 25 29 25 24 25 25 28 26 28 32 33 30 27 25 28 31 32 29 32 30 30 30 31 29 30 29 31 30 29 30 32 30 31 31 31 29 29 30 32 29 31 32 31 34 34 28 32 31 33 33 34 33 36 33 37 37 33 31 35 34 34 37 33 33 32 31 30 34 35 38 35 34 35 33 33 34 32 35 38 33 36 38 36 35 37 38 39 37 35 36 37 34 38 37 36 37 35 37 36 38 39 38 38 39 40 37 37 42 40 41 39 39 37 41 39 39 41 38 38 41 41 41 39 39 40 37 42 41 38 41 41 42 41 40 40 37 42 39 39 38 40 39 41 39 42 41 44 41 43 45 43 42 43 46 47 45 44 45 47 41 44 44 44 47 45 44 43 43 44 45 44 43 47 43 48 47 48 43 45 47 46 44 43 45 47 45 47 46 43 46 47 46 48 48 49 47 50 47 49 47 47 48 48 46 49 46 50 49 49 45 49 49 50 50 48 50 49 48 48 49 46 50 47 50 50 50 48 47
0: 1 2 3 4 5 7 11 12 13 16 18 32 (69.0)
1: 6 8 9 14 17 26 31 46 (67.0)
2: 22 25 36 39 55 57 (67.0)
3: 10 23 27 30 33 48 (62.0)
4: 0 15 21 24 29 34 35 37 40 45 47 52 68 75 (74.0)
5: 19 20 28 42 44 49 50 64 69 (68.0)
6: 38 41 51 53 58 60 66 70 77 (66.0)
7: 54 63 65 67 79 91 101 (62.0)
8: 43 56 59 62 71 73 74 80 84 86 87 88 100 105 108 (65.0)
9: 72 78 83 89 92 93 96 (67.0)
10: 61 76 81 82 94 97 99 102 (79.0)
11: 85 95 103 109 116 118 119 123 124 (76.0)
12: 90 98 106 110 111 114 130 135 136 137 143 148 (79.0)
13: 107 113 115 117 121 126 128 131 142 156 (81.0)
14: 104 112 120 127 132 133 138 139 140 145 152 153 169 171 178 179 (82.0)
15: 125 129 149 159 160 161 167 176 183 (71.0)
16: 122 134 146 147 150 157 170 173 (78.0)
17: 141 158 163 166 168 174 175 (80.0)
18: 144 151 162 182 186 188 191 195 204 206 218 (73.0)
19: 155 164 165 172 184 187 189 193 194 203 208 209 221 225 (90.0)
20: 154 177 180 181 192 196 197 198 199 217 224 233 238 (84.0)
21: 185 200 201 207 219 228 239 (73.0)
22: 190 211 214 215 216 223 236 245 251 252 (87.0)
23: 202 205 220 222 226 232 235 249 250 255 (117.0)
24: 210 212 213 227 229 230 248 275 (101.0)
25: 231 246 256 259 272 274 276 277 285 (65.0)
26: 243 244 253 254 258 268 269 271 279 (69.0)
27: 234 237 240 241 242 257 261 263 265 284 (93.0)
28: 247 260 262 266 267 278 280 286 317 (79.0)
29: 264 270 273 289 295 297 300 307 308 311 (109.0)
30: 283 291 292 293 296 299 301 303 309 338 (82.0)
31: 287 294 298 304 305 306 312 314 319 329 337 (114.0)
32: 281 288 290 302 310 313 318 336 348 (105.0)
33: 282 320 321 323 325 328 334 335 345 346 351 (119.0)
34: 315 316 322 331 332 339 343 347 363 (103.0)
35: 330 340 342 344 349 355 360 368 (98.0)
36: 324 352 354 361 366 370 (62.0)
37: 326 327 333 356 359 362 365 367 369 377 378 384 397 407 (125.0)
38: 341 350 353 357 364 371 373 374 389 390 400 411 (121.0)
39: 358 372 375 382 383 386 387 394 395 409 410 413 415 (122.0)
40: 376 380 396 405 406 412 (125.0)
41: 381 385 388 391 392 393 399 401 402 404 414 417 419 431 (111.0)
42: 379 398 403 408 416 423 (125.0)
43: 420 422 424 438 439 443 445 449 454 460 (125.0)
44: 418 428 432 433 434 437 440 442 453 (125.0)
45: 421 427 429 436 441 450 455 457 481 (125.0)
46: 425 452 459 461 463 475 477 492 (123.0)
47: 426 430 435 444 447 451 456 458 462 467 469 471 472 494 499 (125.0)
48: 446 448 464 465 473 474 486 489 490 498 (115.0)
49: 466 470 476 479 480 482 483 488 491 (124.0)
50: 468 478 484 485 487 493 495 496 497 (96.0)
