Name: 750-20-30
Time: 40.99957537651062 
Result: 11
Solution:  0 0 0 1 0 0 1 0 1 0 2 2 1 5 1 2 4 4 1 0 1 2 3 1 1 4 2 3 2 3 3 3 4 1 7 4 3 7 2 4 6 4 2 4 7 5 1 5 6 4 4 2 6 3 5 6 6 4 8 5 5 6 7 7 6 5 7 9 6 7 6 7 10 7 7 7 8 6 9 8 8 9 10 10 8 8 8 10 8 6 8 11 10 8 8 8 9 9 10 12 11 8 15 10 7 14 8 10 9 14 13 12 12 14 10 12 12 14 9 11 11 14 12 12 12 14 13 13 15 13 12 11 15 13 14 13 13 14 11 14 14 17 14 15 13 15 15 15 15 13 16 13 16 16 15 18 16 16 17 18 19 15 17 17 17 17 17 16 20 15 22 16 18 14 21 16 21 15 16 22 19 20 17 22 15 20 19 18 18 16 17 22 19 22 17 19 20 22 22 19 18 22 21 21 24 22 22 20 20 25 20 21 21 21 18 20 24 22 20 22 21 20 25 22 26 20 22 21 23 21 26 25 23 24 26 24 24 21 25 23 26 27 26 25 26 29 27 24 23 25 24 26 29 23 25 24 26 30 27 26 25 24 28 29 23 29 27 30 29 27 32 28 25 28 25 27 29 29 28 26 30 26 33 29 29 27 29 28 28 29 32 28 30 30 29 32 29 30 27 27 32 33 29 33 30 33 31 31 28 30 31 33 33 30 32 28 31 34 31 31 35 33 31 34 33 34 35 30 33 34 31 36 34 35 33 33 34 34 34 35 38 32 35 35 39 35 33 36 35 33 34 36 36 37 36 36 36 37 37 37 37 37 37 34 37 35 38 37 38 39 41 35 36 37 41 38 39 36 39 35 38 39 39 39 39 39 38 37 40 40 42 39 43 44 40 36 41 40 40 42 40 40 41 39 40 43 45 41 43 39 41 42 41 40 42 42 44 43 44 40 41 42 43 44 43 40 43 41 43 44 47 44 42 47 44 41 44 47 46 43 42 44 46 45 45 45 42 45 47 48 49 46 46 44 45 45 46 45 50 45 47 46 47 47 48 47 45 46 48 49 46 45 45 46 45 50 48 45 47 48 49 49 46 53 48 48 49 48 47 52 52 49 53 50 46 50 54 51 49 51 49 51 53 51 52 54 50 52 51 51 52 50 52 51 50 48 50 51 53 53 55 52 54 51 54 55 52 54 54 51 58 55 53 53 52 54 50 56 52 51 57 54 57 56 54 53 56 55 55 51 57 56 53 54 55 56 56 58 56 56 56 58 56 56 57 56 57 58 57 59 58 55 60 58 58 58 57 56 58 56 59 60 58 58 55 61 63 58 59 61 60 59 62 59 60 61 63 60 62 60 62 61 61 61 60 62 64 61 57 59 63 65 60 64 60 62 60 61 58 60 59 59 62 60 63 63 65 62 66 62 63 64 62 65 64 65 66 63 65 67 64 65 64 62 64 67 65 65 65 65 65 62 66 66 68 67 68 65 67 65 69 66 68 68 67 64 68 65 71 67 67 67 68 67 68 70 67 68 67 69 66 68 69 66 69 69 69 70 69 73 70 72 68 72 69 72 71 71 67 71 72 71 67 71 71 72 72 74 71 72 72 70 75 69 73 72 73 72 68 73 73 74 73 75 74 74 70 74 75 73 70 74 72 71 74 73 71 70 73 75 74 75 74 72 75 74 75 72 75 75
0: 0 1 2 4 5 7 9 19 (22.0)
1: 3 6 8 12 14 18 20 23 24 33 46 (20.0)
2: 10 11 15 21 26 28 38 42 51 (20.0)
3: 22 27 29 30 31 36 53 (22.0)
4: 16 17 25 32 35 39 41 43 49 50 57 (20.0)
5: 13 45 47 54 59 60 65 (20.0)
6: 40 48 52 55 56 61 64 68 70 77 89 (21.0)
7: 34 37 44 62 63 66 69 71 73 74 75 104 (20.0)
8: 58 76 79 80 84 85 86 88 90 93 94 95 101 106 (21.0)
9: 67 78 81 96 97 108 118 (21.0)
10: 72 82 83 87 92 98 103 107 114 (24.0)
11: 91 100 119 120 131 138 (20.0)
12: 99 111 112 115 116 122 123 124 130 (23.0)
13: 110 126 127 129 133 135 136 144 149 151 (22.0)
14: 105 109 113 117 121 125 134 137 139 140 142 173 (27.0)
15: 102 128 132 143 145 146 147 148 154 161 169 177 184 (20.0)
16: 150 152 153 156 157 167 171 175 178 189 (20.0)
17: 141 158 162 163 164 165 166 182 190 194 (21.0)
18: 155 159 172 187 188 200 214 (22.0)
19: 160 180 186 192 195 199 (20.0)
20: 168 181 185 196 207 208 210 215 218 221 225 (20.0)
21: 174 176 202 203 211 212 213 220 227 229 237 (21.0)
22: 170 179 183 191 193 197 198 201 205 206 217 219 223 226 (20.0)
23: 228 232 239 248 253 264 (21.0)
24: 204 216 233 235 236 247 250 255 261 (26.0)
25: 209 222 231 238 243 249 254 260 272 274 (24.0)
26: 224 230 234 240 242 244 251 256 259 279 281 (22.0)
27: 241 246 258 266 269 275 285 298 299 (23.0)
28: 262 271 273 278 287 288 291 308 315 (21.0)
29: 245 252 263 265 268 276 277 283 284 286 289 294 296 302 (21.0)
30: 257 267 280 292 293 297 304 309 313 327 (22.0)
31: 306 307 310 316 318 319 322 330 (26.0)
32: 270 290 295 300 314 341 (21.0)
33: 282 301 303 305 311 312 321 324 328 334 335 346 349 (25.0)
34: 317 323 325 329 332 336 337 338 350 363 (22.0)
35: 320 326 333 339 342 343 345 348 365 371 379 (26.0)
36: 331 347 351 352 354 355 356 372 377 395 (23.0)
37: 353 357 358 359 360 361 362 364 367 373 387 (25.0)
38: 340 366 368 375 380 386 (24.0)
39: 344 369 376 378 381 382 383 384 385 391 403 409 (30.0)
40: 388 389 394 397 398 400 401 404 413 419 425 (26.0)
41: 370 374 396 402 407 410 412 420 427 435 (26.0)
42: 390 399 411 414 415 421 432 440 446 (23.0)
43: 392 405 408 417 422 424 426 428 439 (23.0)
44: 393 416 418 423 429 431 434 436 441 453 (26.0)
45: 406 443 444 445 447 454 455 457 459 466 471 472 474 477 (26.0)
46: 438 442 451 452 456 461 467 470 473 482 494 (24.0)
47: 430 433 437 448 460 462 463 465 478 488 (22.0)
48: 449 464 468 476 479 484 485 487 515 (27.0)
49: 450 469 480 481 486 491 498 500 (26.0)
50: 458 475 493 495 506 511 514 516 536 (30.0)
51: 497 499 501 503 508 509 513 517 523 529 539 549 (30.0)
52: 489 490 504 507 510 512 521 526 534 538 (27.0)
53: 483 492 502 518 519 532 533 545 552 (26.0)
54: 496 505 522 524 527 528 535 541 544 553 (30.0)
55: 520 525 531 547 548 554 571 584 (28.0)
56: 537 543 546 551 555 556 558 559 560 562 563 565 577 579 (29.0)
57: 540 542 550 564 566 568 576 608 (30.0)
58: 530 557 561 567 570 573 574 575 578 582 583 587 618 (29.0)
59: 569 580 588 591 593 609 620 621 (31.0)
60: 572 581 590 594 597 599 604 612 614 616 619 623 (28.0)
61: 585 589 595 601 602 603 607 617 (30.0)
62: 592 598 600 605 615 622 627 629 632 643 651 (30.0)
63: 586 596 610 624 625 630 637 (30.0)
64: 606 613 631 634 640 642 644 665 (30.0)
65: 611 626 633 635 638 641 646 647 648 649 650 657 659 667 (30.0)
66: 628 636 652 653 661 680 683 (30.0)
67: 639 645 655 658 664 669 670 671 673 676 678 698 702 (30.0)
68: 654 656 662 663 666 672 674 677 681 692 718 (30.0)
69: 660 679 682 684 685 686 688 694 713 (26.0)
70: 675 687 690 711 726 730 737 (30.0)
71: 668 696 697 699 701 703 704 708 733 736 (30.0)
72: 691 693 695 700 705 706 709 710 715 717 732 743 747 (30.0)
73: 689 714 716 719 720 722 729 735 738 (25.0)
74: 707 721 724 725 727 731 734 740 742 745 (30.0)
75: 712 723 728 739 741 744 746 748 749 (27.0)
