Name: 750-40-75
Time: 40.831907749176025 
Result: 37
Solution:  1 3 0 0 2 0 1 1 2 1 1 1 1 0 3 2 1 2 1 0 1 1 2 1 3 4 2 5 5 0 3 0 1 3 2 5 4 4 2 3 2 8 3 4 5 5 8 8 9 7 5 8 4 6 6 6 5 4 5 6 8 8 5 7 7 8 8 7 8 8 5 3 10 6 7 9 4 8 9 7 9 12 9 11 8 8 6 8 6 10 14 11 9 12 11 12 12 11 13 11 7 8 12 9 11 8 12 11 12 10 14 13 11 9 11 8 9 11 11 10 13 13 12 11 11 14 13 17 13 13 15 16 14 15 16 14 15 11 11 14 16 11 13 18 15 15 15 15 18 16 18 13 19 16 16 18 16 19 16 19 16 17 17 17 13 20 16 16 21 17 17 20 18 14 18 19 20 17 20 18 19 18 17 20 15 21 15 19 20 22 18 19 19 20 16 24 17 22 19 23 24 21 17 21 20 18 19 23 21 24 22 21 24 23 23 22 24 20 23 20 21 19 24 21 19 21 20 21 21 22 26 24 21 25 23 20 23 25 25 25 25 24 23 29 24 28 24 23 23 26 28 29 26 27 26 24 26 27 26 26 27 26 28 27 25 29 27 26 28 27 27 28 26 26 29 31 30 28 29 27 31 30 29 27 32 28 29 32 32 30 29 31 34 31 28 30 34 30 27 33 29 28 31 34 35 30 34 30 33 34 32 33 31 32 32 33 28 32 31 33 33 33 33 34 32 37 31 36 35 34 31 35 35 36 35 33 36 35 35 32 34 36 36 35 35 36 34 33 32 36 37 38 39 36 33 32 36 36 34 36 37 37 34 41 39 35 36 39 33 38 38 38 39 40 36 40 36 38 38 38 40 39 39 35 37 38 37 39 39 39 43 40 40 41 40 41 43 42 38 42 41 42 37 41 38 40 43 39 43 40 44 46 40 41 45 40 44 40 40 42 46 44 44 46 46 44 42 42 47 43 41 43 44 43 40 45 41 46 45 41 43 43 42 44 45 45 44 46 43 43 45 43 46 48 45 46 47 50 48 50 48 48 48 49 44 51 48 45 44 48 49 47 45 50 47 46 48 49 48 46 47 48 50 46 52 49 49 49 45 50 53 48 50 51 51 50 47 50 49 49 51 52 54 49 53 49 49 50 51 49 54 53 52 50 50 52 51 53 52 52 54 51 51 53 53 52 50 54 52 51 55 56 52 53 55 55 53 57 52 55 58 54 51 54 54 55 55 57 57 55 56 56 54 55 55 56 60 58 60 57 58 53 58 56 57 57 57 58 55 57 59 62 56 56 58 59 58 57 56 55 59 58 59 60 56 56 62 56 59 60 61 60 60 61 61 59 60 59 62 60 59 61 58 60 61 61 61 57 59 64 62 63 61 64 62 64 61 61 59 62 63 63 63 66 63 61 63 66 63 63 64 65 65 65 62 64 60 63 64 62 66 65 65 64 69 65 67 66 64 67 65 66 67 64 63 64 62 66 67 66 67 67 71 70 65 68 66 67 67 68 69 65 69 69 65 70 67 68 67 68 69 69 73 68 70 68 68 68 69 68 71 72 70 73 68 67 70 71 70 70 70 69 71 71 70 72 69 72 72 74 71 75 72 73 70 70 74 74 70 72 74 73 73 70 72 72 75 72 75 74 72 75 70 74 73 74 74 74 73 73 75 74 75 75 75 73 75 75 74 75
0: 2 3 5 13 19 29 31 (39.0)
1: 0 6 7 9 10 11 12 16 18 20 21 23 32 (44.0)
2: 4 8 15 17 22 26 34 38 40 (41.0)
3: 1 14 24 30 33 39 42 71 (41.0)
4: 25 36 37 43 52 57 76 (40.0)
5: 27 28 35 44 45 50 56 58 62 70 (43.0)
6: 53 54 55 59 73 86 88 (40.0)
7: 49 63 64 67 74 79 100 (42.0)
8: 41 46 47 51 60 61 65 66 68 69 77 84 85 87 101 105 115 (41.0)
9: 48 75 78 80 82 92 103 113 116 (40.0)
10: 72 89 109 119 (43.0)
11: 83 91 94 97 99 104 107 112 114 117 118 123 124 137 138 141 (41.0)
12: 81 93 95 96 102 106 108 122 (41.0)
13: 98 111 120 121 126 128 129 142 151 164 (43.0)
14: 90 110 125 132 135 139 173 (42.0)
15: 130 133 136 144 145 146 147 184 186 (58.0)
16: 131 134 140 149 153 154 156 158 160 166 167 194 (46.0)
17: 127 161 162 163 169 170 177 182 196 202 (51.0)
18: 143 148 150 155 172 174 179 181 190 205 (52.0)
19: 152 157 159 175 180 187 191 192 198 206 221 224 (45.0)
20: 165 171 176 178 183 188 193 204 217 219 226 235 (45.0)
21: 168 185 201 203 208 211 220 223 225 227 228 232 (51.0)
22: 189 197 210 215 229 (43.0)
23: 199 207 213 214 218 234 236 242 247 248 (47.0)
24: 195 200 209 212 216 222 231 241 244 246 255 (50.0)
25: 233 237 238 239 240 264 (46.0)
26: 230 249 252 254 256 258 259 261 267 272 273 (62.0)
27: 253 257 260 263 266 269 270 279 283 298 (45.0)
28: 245 250 262 268 271 277 285 294 301 316 (60.0)
29: 243 251 265 274 278 282 286 290 300 (46.0)
30: 276 281 289 295 297 305 307 (45.0)
31: 275 280 291 293 302 312 318 326 330 (49.0)
32: 284 287 288 310 313 314 317 324 339 348 355 (51.0)
33: 299 308 311 315 319 320 321 322 335 347 354 368 (60.0)
34: 292 296 303 306 309 323 329 340 346 358 362 (63.0)
35: 304 328 331 332 334 337 338 343 344 365 383 (52.0)
36: 327 333 336 341 342 345 349 353 356 357 359 366 374 376 (75.0)
37: 325 350 360 361 384 386 402 (51.0)
38: 351 369 370 371 377 378 379 385 398 404 (55.0)
39: 352 364 367 372 381 382 387 388 389 407 (50.0)
40: 373 375 380 391 392 394 405 409 412 415 417 418 434 (50.0)
41: 363 393 395 400 403 413 430 436 439 (59.0)
42: 397 399 401 419 426 427 442 (59.0)
43: 390 396 406 408 429 431 433 440 441 448 449 451 (66.0)
44: 410 416 421 422 425 432 443 446 464 468 (64.0)
45: 414 435 438 444 445 450 454 467 472 488 (51.0)
46: 411 420 423 424 437 447 452 455 475 479 483 (64.0)
47: 428 456 471 474 480 496 (55.0)
48: 453 458 460 461 462 466 469 476 478 481 491 (67.0)
49: 463 470 477 485 486 487 498 499 503 505 506 509 (69.0)
50: 457 459 473 482 489 492 495 497 507 513 514 526 (75.0)
51: 465 493 494 500 508 516 521 522 529 542 (64.0)
52: 484 501 512 515 518 519 525 528 532 538 (67.0)
53: 490 504 511 517 523 524 533 536 561 (61.0)
54: 502 510 520 527 541 543 544 552 (55.0)
55: 530 534 535 539 545 546 549 553 554 568 579 (74.0)
56: 531 550 551 555 563 572 573 578 584 585 587 (65.0)
57: 537 547 548 559 564 565 566 569 577 607 (65.0)
58: 540 557 560 562 567 574 576 581 602 (68.0)
59: 570 575 580 582 588 595 597 600 608 618 (74.0)
60: 556 558 583 589 591 592 596 599 603 636 (69.0)
61: 590 593 594 601 604 605 606 612 616 617 625 (65.0)
62: 571 586 598 610 614 619 634 639 656 (75.0)
63: 611 620 621 622 624 626 628 629 637 654 (64.0)
64: 609 613 615 630 635 638 643 648 653 655 (65.0)
65: 631 632 633 641 642 645 650 664 671 674 (59.0)
66: 623 627 640 647 651 657 659 666 (75.0)
67: 646 649 652 658 660 661 667 668 676 678 695 (72.0)
68: 665 669 677 679 683 685 686 687 689 694 (75.0)
69: 644 670 672 673 680 681 688 701 706 (76.0)
70: 663 675 684 692 696 698 699 700 704 714 715 718 723 732 (76.0)
71: 662 690 697 702 703 710 (75.0)
72: 691 705 707 708 712 719 724 725 727 730 (76.0)
73: 682 693 713 721 722 734 738 739 745 (75.0)
74: 709 716 717 720 729 733 735 736 737 741 748 (66.0)
75: 711 726 728 731 740 742 743 744 746 747 749 (72.0)
