Name: 750-20-30
Time: 20.281888723373413 
Result: 2011
Solution:  0 0 0 0 4 0 0 0 1 1 2 3 0 0 0 1 2 1 5 2 0 4 3 2 2 5 1 4 0 4 3 3 6 0 7 2 3 6 6 1 5 4 2 2 3 3 2 5 7 5 1 2 5 7 4 6 5 5 6 10 5 6 6 8 6 6 6 8 4 6 9 7 9 6 6 7 7 6 9 6 8 9 9 11 8 8 6 11 6 7 8 8 10 6 8 6 10 13 10 11 11 13 10 10 8 13 8 10 11 15 12 12 11 13 13 12 12 11 8 11 10 11 12 15 12 13 13 11 13 11 14 15 13 16 17 12 12 14 13 14 15 14 14 16 13 15 16 15 13 19 16 13 16 18 16 16 16 20 17 15 14 19 17 17 17 17 19 16 17 15 18 15 18 16 17 16 21 17 19 21 19 20 17 22 16 19 19 18 17 17 17 23 20 20 18 20 20 22 18 19 22 23 21 21 23 20 22 22 22 25 20 21 22 21 21 21 22 21 20 21 23 20 23 22 26 22 22 20 24 21 23 24 25 23 22 24 24 22 24 27 28 27 26 25 22 26 26 24 22 28 24 26 27 29 25 25 27 24 28 26 26 26 29 30 27 25 26 27 26 27 29 31 24 25 30 28 31 30 26 26 30 30 28 30 30 30 27 27 31 29 28 31 30 28 30 32 30 27 31 28 33 31 31 31 28 34 31 34 30 31 33 31 32 29 31 31 32 32 31 32 35 33 33 34 33 32 29 30 33 32 37 35 32 33 34 33 37 35 35 35 33 37 34 32 34 34 31 36 35 34 34 39 37 35 36 37 36 35 34 34 35 36 37 36 38 37 38 36 38 39 38 37 37 37 41 38 40 36 40 38 38 39 38 39 39 39 37 39 40 39 39 39 38 40 42 38 41 40 40 44 40 40 40 40 40 42 42 41 42 42 41 42 41 42 42 40 43 38 44 42 41 45 44 43 44 39 43 41 43 43 44 45 43 47 43 42 42 45 43 43 41 44 47 43 45 45 45 46 45 46 46 47 48 46 48 43 46 47 45 44 48 46 47 47 47 48 44 51 49 46 47 44 47 45 44 50 46 47 49 49 49 49 47 48 47 49 49 49 51 52 52 51 53 50 48 49 48 54 50 48 48 48 51 50 53 52 51 53 52 51 50 50 53 50 52 51 51 50 52 51 55 53 56 49 56 54 52 55 53 52 57 54 53 57 54 53 51 54 54 52 52 53 53 52 55 56 54 55 57 52 55 56 56 55 57 54 57 59 57 52 58 61 60 57 56 54 55 53 57 60 58 59 58 56 58 58 56 54 55 54 63 60 58 59 57 59 60 59 59 59 59 60 57 62 61 61 60 61 59 60 62 60 65 61 63 61 62 61 57 62 63 58 63 65 64 62 63 58 58 63 62 61 64 64 63 59 65 65 63 64 62 64 63 60 65 65 64 64 64 64 61 65 65 63 64 66 66 65 66 66 66 69 66 64 66 66 65 66 67 65 71 68 69 64 70 67 67 64 67 64 65 68 68 68 65 68 64 65 66 67 70 69 69 68 73 72 69 68 69 67 67 69 69 72 70 69 67 67 69 74 72 72 70 73 71 70 70 74 67 72 72 71 73 69 72 70 73 72 73 69 71 72 73 75 73 73 71 74 74 74 70 74 75 71 75 74 73 71 74 74 74 75 74 73 75 75 75 73 75 75
0: 0 1 2 3 5 6 7 12 13 14 20 28 33 (21.0)
1: 8 9 15 17 26 39 50 (20.0)
2: 10 16 19 23 24 35 42 43 46 51 (20.0)
3: 11 22 30 31 36 44 45 (21.0)
4: 4 21 27 29 41 54 68 (21.0)
5: 18 25 40 47 49 52 56 57 60 (20.0)
6: 32 37 38 55 58 61 62 64 65 66 69 73 74 77 79 86 88 93 95 (20.0)
7: 34 48 53 71 75 76 89 (20.0)
8: 63 67 80 84 85 90 91 94 104 106 118 (21.0)
9: 70 72 78 81 82 (22.0)
10: 59 92 96 98 102 103 107 120 (24.0)
11: 83 87 99 100 108 112 117 119 121 127 129 (21.0)
12: 110 111 115 116 122 124 135 136 (21.0)
13: 97 101 105 113 114 125 126 128 132 138 144 148 151 (22.0)
14: 130 137 139 141 142 160 (20.0)
15: 109 123 131 140 145 147 159 169 171 (21.0)
16: 133 143 146 150 152 154 155 156 167 173 175 184 (20.0)
17: 134 158 162 163 164 165 168 174 177 182 188 189 190 (23.0)
18: 153 170 172 187 194 198 (21.0)
19: 149 161 166 178 180 185 186 199 (22.0)
20: 157 181 192 193 195 196 205 210 218 221 227 (24.0)
21: 176 179 202 203 211 213 214 215 217 219 229 (20.0)
22: 183 197 200 206 207 208 212 216 223 225 226 234 237 244 248 (24.0)
23: 191 201 204 220 222 230 233 (22.0)
24: 228 231 235 236 238 247 250 257 272 (23.0)
25: 209 232 243 254 255 265 273 (23.0)
26: 224 242 245 246 251 259 260 261 266 268 278 279 (21.0)
27: 239 241 252 256 264 267 269 286 287 297 (23.0)
28: 240 249 258 275 282 290 293 299 304 (22.0)
29: 253 262 270 289 313 326 (22.0)
30: 263 274 277 280 281 283 284 285 292 294 296 308 327 (21.0)
31: 271 276 288 291 298 301 302 303 306 309 311 314 315 318 346 (22.0)
32: 295 312 316 317 319 325 329 332 343 (22.0)
33: 300 310 321 322 324 328 333 335 340 (30.0)
34: 305 307 323 334 342 344 345 349 350 358 359 (25.0)
35: 320 331 337 338 339 348 353 357 360 (24.0)
36: 347 354 356 361 363 367 377 (21.0)
37: 330 336 341 352 355 362 365 371 372 373 386 (28.0)
38: 364 366 368 370 375 379 380 382 392 395 417 (27.0)
39: 351 369 381 383 384 385 387 389 390 391 425 (30.0)
40: 376 378 388 393 397 398 400 401 402 403 404 415 (26.0)
41: 374 396 407 410 412 420 427 440 (26.0)
42: 394 405 406 408 409 411 413 414 419 435 436 (24.0)
43: 416 423 426 428 429 432 434 438 439 443 455 (25.0)
44: 399 418 422 424 430 441 459 466 471 474 (22.0)
45: 421 431 437 444 445 446 448 458 473 (26.0)
46: 447 449 450 453 456 461 469 476 (24.0)
47: 433 442 451 457 462 463 464 470 472 477 482 484 (30.0)
48: 452 454 460 465 483 494 496 499 500 501 (27.0)
49: 468 478 479 480 481 485 486 487 495 523 (29.0)
50: 475 493 498 503 510 511 513 517 (26.0)
51: 467 488 491 502 506 509 515 516 519 536 (22.0)
52: 489 490 505 508 514 518 526 529 539 540 543 549 559 (29.0)
53: 492 504 507 512 521 528 532 535 541 542 567 (27.0)
54: 497 525 531 534 537 538 546 555 565 577 579 (27.0)
55: 520 527 544 547 550 553 566 578 (28.0)
56: 522 524 545 551 552 564 573 576 (30.0)
57: 530 533 548 554 556 558 563 568 584 592 608 (30.0)
58: 560 570 572 574 575 582 611 617 618 (31.0)
59: 557 571 583 585 587 588 589 590 598 625 (30.0)
60: 562 569 581 586 591 596 599 601 633 (29.0)
61: 561 594 595 597 603 605 607 621 640 (30.0)
62: 593 600 606 609 615 620 630 (30.0)
63: 580 604 610 612 616 619 624 628 632 643 (27.0)
64: 614 622 623 629 631 636 637 638 639 644 653 663 667 669 676 (30.0)
65: 602 613 626 627 634 635 641 642 647 656 659 670 674 677 (27.0)
66: 645 646 648 649 650 652 654 655 657 678 (29.0)
67: 658 665 666 668 679 689 690 696 697 708 (28.0)
68: 661 671 672 673 675 683 687 (30.0)
69: 651 662 681 682 686 688 691 692 695 698 713 719 (29.0)
70: 664 680 694 702 705 706 715 730 (31.0)
71: 660 704 711 720 726 733 737 (30.0)
72: 685 693 700 701 709 710 714 717 721 (30.0)
73: 684 703 712 716 718 722 724 725 736 743 747 (27.0)
74: 699 707 727 728 729 731 735 738 739 740 742 (24.0)
75: 723 732 734 741 744 745 746 748 749 (29.0)
