Name: 750-60-125
Time: 43.117270708084106 
Result: 62
Solution:  0 0 1 0 0 0 3 0 1 0 5 1 5 2 4 3 1 3 3 5 2 1 1 2 4 1 6 5 1 4 5 1 0 1 2 1 6 1 4 2 4 5 2 6 3 4 8 7 6 6 2 2 6 2 4 5 5 4 6 6 4 9 5 8 6 8 5 8 8 6 5 7 10 8 8 5 8 8 8 12 7 8 8 9 8 11 11 10 8 9 10 11 9 10 7 9 11 13 8 8 11 7 11 11 12 9 12 11 9 10 13 11 11 12 10 10 13 11 12 12 13 15 14 12 12 10 14 13 12 17 14 12 15 12 15 15 13 16 12 14 14 18 12 16 15 16 15 15 16 16 14 16 15 16 14 19 15 17 18 14 17 16 20 16 18 19 18 19 17 19 21 17 18 19 20 19 18 16 20 18 19 18 19 17 19 23 18 22 20 19 22 22 21 21 24 18 19 16 20 22 17 17 21 23 25 20 21 19 18 21 22 22 23 20 24 22 22 22 18 21 24 23 21 26 20 22 24 25 24 23 24 26 23 27 20 23 21 20 20 21 23 25 25 29 28 24 25 25 26 27 27 26 26 25 26 23 26 25 30 24 27 24 27 26 25 25 27 30 31 29 29 28 26 28 27 24 31 25 31 25 26 30 30 28 32 31 31 28 30 26 30 27 28 30 30 27 29 31 28 29 31 32 33 29 30 31 33 31 29 29 33 32 31 33 31 33 33 31 30 32 35 30 29 34 33 33 33 32 34 31 34 33 37 32 33 34 34 33 35 36 32 37 34 33 34 34 33 31 33 36 38 34 38 35 37 37 36 35 35 35 39 36 37 33 36 40 38 38 37 36 37 40 37 41 35 38 37 42 37 39 37 42 39 39 38 41 40 37 38 39 40 42 39 39 41 40 42 41 39 39 40 41 42 42 44 41 40 44 41 39 44 43 40 42 38 40 42 43 40 43 42 44 45 41 43 46 47 41 41 43 45 44 44 43 42 46 42 42 43 45 45 41 46 44 43 42 44 42 45 45 48 45 46 46 44 46 49 42 46 46 47 47 46 46 49 46 48 50 50 47 52 46 48 44 51 47 46 49 49 47 51 49 49 48 49 50 49 46 50 47 52 48 50 50 50 53 52 47 48 48 51 52 48 49 52 51 50 51 55 50 56 50 50 51 55 53 53 50 49 53 51 51 54 53 55 53 50 55 53 53 54 52 53 57 52 57 55 54 56 57 54 53 53 54 55 56 53 56 54 54 58 56 56 56 58 57 60 56 59 56 57 58 55 56 61 59 57 59 58 55 57 60 58 58 60 58 57 62 58 56 58 59 60 60 59 59 55 58 58 60 58 58 59 60 61 57 57 60 61 60 61 64 61 60 64 60 65 63 59 59 62 62 61 59 61 61 64 65 62 62 61 64 61 66 62 65 62 61 63 63 64 60 64 63 64 67 62 64 66 65 61 63 64 63 63 65 62 62 63 68 63 69 66 66 64 66 67 67 64 67 68 68 68 70 67 65 68 67 68 67 69 71 66 67 69 68 66 68 71 68 68 66 65 71 70 72 69 69 66 69 72 73 70 70 66 73 74 70 68 69 72 71 72 72 71 71 71 71 69 73 73 70 73 73 69 72 72 73 71 69 75 73 74 74 73 73 73 70 74 73 74 74 74 74 73 70 74 74 74 72 75 74 73 72 74 74 75 74 72 75
0: 0 1 3 4 5 7 9 32 (74.0)
1: 2 8 11 16 21 22 25 28 31 33 35 37 (63.0)
2: 13 20 23 34 39 42 50 51 53 (66.0)
3: 6 15 17 18 44 (63.0)
4: 14 24 29 38 40 45 54 57 60 (71.0)
5: 10 12 19 27 30 41 55 56 62 66 70 75 (69.0)
6: 26 36 43 48 49 52 58 59 64 69 (68.0)
7: 47 71 80 94 101 (64.0)
8: 46 63 65 67 68 73 74 76 77 78 81 82 84 88 98 99 (70.0)
9: 61 83 89 92 95 105 108 (69.0)
10: 72 87 90 93 109 114 115 125 (69.0)
11: 85 86 91 96 100 102 103 107 111 112 117 (65.0)
12: 79 104 106 113 118 119 123 124 128 131 133 138 142 (63.0)
13: 97 110 116 120 127 136 (65.0)
14: 122 126 130 139 140 150 154 159 (71.0)
15: 121 132 134 135 144 146 147 152 156 (71.0)
16: 137 143 145 148 149 151 153 161 163 177 197 (80.0)
17: 129 157 160 168 171 183 200 201 (81.0)
18: 141 158 164 166 172 176 179 181 186 195 208 218 (70.0)
19: 155 165 167 169 173 175 180 182 184 189 196 207 (82.0)
20: 162 174 178 188 198 205 213 224 234 237 238 (76.0)
21: 170 192 193 202 206 209 219 222 236 239 (103.0)
22: 187 190 191 199 210 211 215 216 217 225 (81.0)
23: 185 203 212 221 229 232 235 240 255 (76.0)
24: 194 214 220 226 228 230 245 259 261 275 (84.0)
25: 204 227 241 242 246 247 253 257 264 265 277 279 (95.0)
26: 223 231 248 251 252 254 256 263 272 280 289 (84.0)
27: 233 249 250 260 262 266 274 291 295 (84.0)
28: 244 271 273 283 287 292 298 (71.0)
29: 243 269 270 296 299 303 308 309 322 (103.0)
30: 258 267 281 282 288 290 293 294 304 318 321 (111.0)
31: 268 276 278 285 286 297 300 305 307 312 314 317 329 347 (79.0)
32: 284 301 311 319 327 333 340 (74.0)
33: 302 306 310 313 315 316 324 325 326 331 334 337 343 346 348 363 (109.0)
34: 323 328 330 335 336 342 344 345 351 (64.0)
35: 320 338 353 357 358 359 374 (88.0)
36: 339 349 356 361 364 369 (68.0)
37: 332 341 354 355 362 368 370 372 376 378 380 387 (114.0)
38: 350 352 366 367 375 384 388 414 (70.0)
39: 360 379 382 383 389 392 393 398 399 409 (106.0)
40: 365 371 386 390 395 400 406 412 415 418 (83.0)
41: 373 385 394 397 401 405 408 423 427 428 441 (115.0)
42: 377 381 391 396 402 403 413 416 420 434 436 437 445 447 457 (113.0)
43: 411 417 419 424 429 433 438 444 (87.0)
44: 404 407 410 421 431 432 443 446 454 473 (94.0)
45: 422 430 439 440 448 449 451 (120.0)
46: 425 435 442 452 453 455 458 459 462 463 465 471 476 487 (102.0)
47: 426 460 461 469 475 479 489 497 (105.0)
48: 450 466 472 483 491 498 499 502 (117.0)
49: 456 464 477 478 481 482 484 486 503 518 (106.0)
50: 467 468 485 488 492 493 494 506 509 511 512 517 526 (97.0)
51: 474 480 500 505 507 513 520 521 (104.0)
52: 470 490 496 501 504 531 534 (110.0)
53: 495 515 516 519 523 525 528 529 532 541 542 546 (116.0)
54: 522 530 537 540 543 548 549 (97.0)
55: 508 514 524 527 536 544 562 569 586 (125.0)
56: 510 538 545 547 551 552 553 557 559 563 579 (120.0)
57: 533 535 539 555 560 566 570 576 595 596 (99.0)
58: 550 554 561 568 572 573 575 578 580 587 588 590 591 (122.0)
59: 558 565 567 581 584 585 592 608 609 613 (85.0)
60: 556 571 574 582 583 589 593 597 599 603 605 631 (106.0)
61: 564 594 598 600 602 612 614 615 620 622 627 640 (125.0)
62: 577 610 611 618 619 624 626 636 646 647 (93.0)
63: 607 628 629 633 641 643 644 648 650 (104.0)
64: 601 604 616 621 630 632 634 637 642 654 658 (117.0)
65: 606 617 625 639 645 665 682 (124.0)
66: 623 638 652 653 655 672 676 681 688 694 (125.0)
67: 635 656 657 659 664 667 669 673 (115.0)
68: 649 660 661 662 666 668 675 677 679 680 698 (125.0)
69: 651 670 674 686 687 689 699 708 714 719 (125.0)
70: 663 684 692 693 697 711 727 735 (107.0)
71: 671 678 683 701 704 705 706 707 718 (125.0)
72: 685 690 700 702 703 715 716 739 743 748 (120.0)
73: 691 695 709 710 712 713 717 721 724 725 726 729 734 742 (123.0)
74: 696 722 723 728 730 731 732 733 736 737 738 741 744 745 747 (112.0)
75: 720 740 746 749 (125.0)
