Name: 750-50-100
Time: 20.54453682899475 
Result: 2052
Solution:  1 0 0 0 0 0 0 4 0 1 1 0 0 0 4 5 3 4 3 4 4 2 4 3 3 1 2 0 0 3 6 4 2 4 6 5 2 1 6 4 2 6 6 6 5 4 2 6 6 4 5 7 3 8 7 8 6 6 6 6 6 5 5 8 6 8 6 7 4 4 4 7 11 5 10 5 12 6 7 9 8 9 6 9 9 6 8 5 9 9 12 8 10 9 10 8 12 12 10 10 9 12 15 10 14 15 12 14 10 11 9 12 13 12 11 8 14 12 12 10 14 12 14 14 14 13 12 16 12 15 14 14 14 14 17 13 14 15 12 11 16 13 13 14 15 14 14 13 15 15 19 14 14 14 19 17 18 14 16 20 17 17 16 16 17 14 17 17 16 18 18 21 15 18 16 22 18 20 17 16 20 19 21 22 17 23 17 23 15 15 20 20 22 22 18 18 20 18 20 18 21 20 22 20 25 20 22 22 22 21 21 19 23 23 23 18 22 20 19 21 22 25 21 19 19 25 21 23 25 25 23 22 21 25 24 25 23 24 23 24 21 23 27 27 25 26 24 26 22 23 24 25 26 27 25 23 26 26 27 27 24 26 27 23 27 29 28 23 31 27 28 30 28 28 29 26 28 28 29 30 26 26 29 29 27 30 31 28 28 29 29 32 33 29 27 31 33 29 30 31 31 31 30 30 30 33 31 29 32 29 32 34 32 30 29 32 32 31 35 34 33 37 32 32 31 30 32 35 35 31 35 34 37 34 34 33 34 34 33 33 32 35 32 36 36 33 36 35 35 38 38 36 37 38 34 35 35 37 34 36 35 40 40 36 36 35 38 37 40 34 38 37 35 39 40 38 39 35 35 39 40 40 39 38 43 39 39 36 40 39 40 40 41 39 40 43 40 38 40 41 39 45 41 44 41 38 41 42 40 43 42 42 42 45 40 45 42 43 39 39 45 41 39 39 42 42 43 42 44 44 43 47 48 44 43 45 48 42 43 40 43 43 48 46 44 48 43 44 41 44 45 46 46 49 45 49 44 46 44 46 48 47 49 47 46 47 49 49 45 50 48 50 49 47 48 51 49 48 50 46 50 46 52 48 51 51 49 48 47 51 51 46 48 48 51 49 49 50 50 54 51 50 51 50 51 48 53 51 50 49 53 53 49 52 52 53 49 54 52 52 53 57 52 53 50 52 53 52 52 53 52 55 54 52 56 53 53 54 52 54 57 55 54 55 54 56 56 57 56 54 58 55 59 57 58 57 56 53 56 56 57 56 55 55 54 54 56 56 57 55 58 58 56 57 56 59 57 58 61 57 59 58 58 60 60 57 59 59 58 55 56 58 60 60 59 58 62 59 58 60 62 61 59 63 62 60 59 60 63 63 64 62 64 63 64 62 62 61 64 62 64 61 63 66 62 64 62 63 62 66 63 66 67 64 63 62 65 64 65 60 67 65 65 66 62 65 64 65 68 64 68 62 69 67 66 65 67 68 63 65 67 68 68 68 67 65 67 65 63 67 69 69 66 64 68 69 69 67 71 66 68 69 68 68 72 68 66 72 66 68 73 67 68 67 69 71 72 70 70 67 70 72 74 71 70 69 70 70 69 72 71 70 68 74 74 73 71 72 73 71 71 74 75 73 69 72 70 74 74 73 74 73 74 73 73 70 70 70 73 74 72 73 75 75 75 75 73 75 75 74
0: 1 2 3 4 5 6 8 11 12 13 27 28 (52.0)
1: 0 9 10 25 37 (55.0)
2: 21 26 32 36 40 46 (55.0)
3: 16 18 23 24 29 52 (50.0)
4: 7 14 17 19 20 22 31 33 39 45 49 68 69 70 (51.0)
5: 15 35 44 50 61 62 73 75 87 (51.0)
6: 30 34 38 41 42 43 47 48 56 57 58 59 60 64 66 77 82 85 (50.0)
7: 51 54 67 71 78 (58.0)
8: 53 55 63 65 80 86 91 95 115 (50.0)
9: 79 81 83 84 88 89 93 100 110 (64.0)
10: 74 92 94 98 99 103 108 119 (55.0)
11: 72 109 114 139 (55.0)
12: 76 90 96 97 101 106 111 113 117 118 121 126 128 138 (57.0)
13: 112 125 135 141 142 147 (52.0)
14: 104 107 116 120 122 123 124 130 131 132 133 136 143 145 146 151 152 153 157 165 (50.0)
15: 102 105 129 137 144 148 149 172 188 189 (52.0)
16: 127 140 158 162 163 168 174 179 (54.0)
17: 134 155 160 161 164 166 167 178 184 186 (56.0)
18: 156 169 170 173 176 194 195 197 199 215 (53.0)
19: 150 154 181 211 218 223 224 (57.0)
20: 159 177 180 190 191 196 198 201 203 205 217 (64.0)
21: 171 182 200 209 210 219 222 226 232 240 (74.0)
22: 175 183 192 193 202 206 207 208 216 220 231 248 (84.0)
23: 185 187 212 213 214 227 230 236 238 241 249 255 263 267 (66.0)
24: 234 237 239 246 250 260 (55.0)
25: 204 221 225 228 229 233 235 244 251 254 (65.0)
26: 245 247 252 256 257 261 275 280 281 (60.0)
27: 242 243 253 258 259 262 264 269 284 294 (60.0)
28: 266 270 272 273 276 277 287 288 (61.0)
29: 265 274 278 282 283 289 290 293 297 307 309 314 (59.0)
30: 271 279 285 298 302 303 304 313 325 (59.0)
31: 268 286 295 299 300 301 306 317 324 329 (65.0)
32: 291 308 310 312 315 316 322 323 326 340 342 (75.0)
33: 292 296 305 320 335 338 339 345 (71.0)
34: 311 319 331 333 334 336 337 354 358 369 (74.0)
35: 318 327 328 330 341 347 348 355 356 360 365 372 377 378 (69.0)
36: 343 344 346 351 359 363 364 387 (72.0)
37: 321 332 352 357 367 371 (63.0)
38: 349 350 353 366 370 375 383 397 405 (52.0)
39: 373 376 379 382 385 386 389 393 400 418 419 422 423 (96.0)
40: 361 362 368 374 380 381 388 390 391 394 396 398 408 414 439 (86.0)
41: 392 399 402 404 406 421 448 (54.0)
42: 407 410 411 412 416 424 425 427 437 (57.0)
43: 384 395 409 417 426 430 434 438 440 441 446 (87.0)
44: 403 428 429 433 444 447 449 456 458 (75.0)
45: 401 413 415 420 435 450 454 468 (59.0)
46: 443 451 452 457 459 464 479 481 491 (61.0)
47: 431 461 463 465 473 488 (62.0)
48: 432 436 442 445 460 470 474 477 483 487 492 493 505 (79.0)
49: 453 455 462 466 467 472 476 486 495 496 509 512 516 (92.0)
50: 469 471 478 480 497 498 501 503 508 524 (74.0)
51: 475 484 485 489 490 494 500 502 504 507 (96.0)
52: 482 513 514 518 519 522 525 527 528 530 533 538 (100.0)
53: 506 510 511 515 520 523 526 529 535 536 557 (99.0)
54: 499 517 532 537 539 542 544 549 564 565 (91.0)
55: 531 541 543 551 562 563 569 589 (76.0)
56: 534 545 546 548 556 558 559 561 566 567 572 574 590 (95.0)
57: 521 540 547 553 555 560 568 573 576 579 585 (94.0)
58: 550 554 570 571 577 581 582 588 591 595 598 (86.0)
59: 552 575 580 586 587 594 597 602 606 (74.0)
60: 583 584 592 593 599 605 607 639 (90.0)
61: 578 601 617 621 (58.0)
62: 596 600 604 611 615 616 619 624 626 628 635 644 651 (93.0)
63: 603 608 609 613 622 627 630 634 658 668 (100.0)
64: 610 612 614 618 620 625 633 637 646 649 673 (89.0)
65: 636 638 641 642 645 647 655 659 665 667 (97.0)
66: 623 629 631 643 654 672 679 686 688 (100.0)
67: 632 640 653 656 660 664 666 669 677 691 693 699 (95.0)
68: 648 650 657 661 662 663 674 680 682 683 685 689 692 712 (98.0)
69: 652 670 671 675 676 681 694 705 708 724 (84.0)
70: 697 698 700 704 706 707 711 726 735 736 737 (94.0)
71: 678 695 703 710 716 719 720 (100.0)
72: 684 687 696 701 709 717 725 740 (102.0)
73: 690 715 718 723 729 731 733 734 738 741 746 (97.0)
74: 702 713 714 721 727 728 730 732 739 749 (90.0)
75: 722 742 743 744 745 747 748 (99.0)
