Name: 750-60-125
Time: 22.09146213531494 
Result: 64
Solution:  0 0 0 1 0 0 2 0 1 0 4 3 3 2 4 2 0 3 2 1 2 3 4 2 3 1 3 0 1 1 4 7 1 4 3 4 3 5 4 4 4 4 2 4 5 2 5 3 5 4 3 1 6 4 6 10 7 6 7 7 4 6 8 8 5 9 9 7 8 8 7 7 9 8 8 5 8 4 7 8 6 8 9 11 12 8 8 6 9 9 9 7 10 12 7 12 13 13 8 9 11 10 12 10 12 9 9 13 12 11 12 13 15 16 16 10 15 11 12 9 14 14 13 13 15 11 16 13 13 13 13 15 12 12 12 10 14 16 13 10 15 16 12 15 16 15 15 17 15 14 18 18 18 19 15 17 17 14 16 12 17 16 20 17 20 19 19 18 14 19 14 19 16 16 20 21 17 20 20 21 19 15 19 19 19 22 19 21 15 16 21 21 19 19 20 18 20 16 19 24 22 19 19 19 21 21 20 19 19 21 19 22 22 23 20 22 21 23 21 18 24 23 24 22 27 23 23 23 23 23 28 21 25 25 22 22 24 21 20 24 25 22 24 27 27 25 26 25 27 25 29 26 26 26 28 26 26 25 25 23 26 23 24 27 27 29 25 29 31 26 26 28 27 29 29 27 31 31 29 27 28 29 27 27 32 33 32 27 29 33 29 27 27 30 29 28 30 29 28 30 31 31 29 29 30 29 31 31 30 31 34 31 30 36 31 32 36 33 32 32 35 30 29 33 33 33 31 34 36 31 32 32 31 33 34 34 35 35 34 34 36 35 32 32 33 33 34 31 34 35 34 32 36 37 36 38 36 34 35 35 37 36 36 35 33 38 39 38 40 33 38 36 37 39 36 39 40 40 38 37 37 37 38 40 39 40 39 37 36 38 40 43 40 42 42 38 42 41 39 42 39 38 44 41 42 41 40 42 44 39 39 44 38 39 42 41 43 44 40 42 43 43 43 41 45 44 46 42 44 43 44 45 45 45 43 43 43 45 45 42 47 41 45 45 45 46 44 47 46 45 48 45 45 48 46 45 46 48 46 47 47 47 44 44 48 48 50 50 50 49 52 47 45 46 51 48 46 48 48 49 50 50 49 52 48 51 46 46 50 49 51 51 50 51 51 49 48 48 48 47 50 52 49 55 52 51 52 51 52 50 55 51 55 51 55 56 53 52 54 53 53 53 50 53 55 55 50 55 49 51 54 53 52 54 55 53 54 53 56 54 55 55 58 55 52 52 51 59 52 53 59 56 54 54 59 52 59 56 55 56 58 58 57 54 60 60 56 56 56 57 56 54 59 60 58 58 60 59 59 58 59 62 59 58 60 59 57 59 59 61 61 57 60 62 61 57 58 60 60 57 60 61 62 61 61 62 64 57 59 64 63 61 60 61 62 62 61 63 64 62 66 63 63 67 62 65 65 61 65 63 64 65 64 63 64 65 62 65 68 67 62 62 63 66 68 68 65 65 64 66 62 69 66 65 69 66 67 67 66 66 65 63 68 63 67 64 68 67 68 69 69 67 66 67 69 68 70 68 70 68 70 66 66 71 71 72 68 68 66 70 72 69 71 71 70 70 68 73 68 67 71 70 71 73 72 75 71 72 73 74 73 71 69 74 68 74 73 73 71 69 72 71 74 73 73 73 73 73 74 74 75 75 74 74 75 70 71 73 74 71 75 74 74 73 73 75 73 73 73 75
0: 0 1 2 4 5 7 9 16 27 (70.0)
1: 3 8 19 25 28 29 32 51 (62.0)
2: 6 13 15 18 20 23 42 45 (61.0)
3: 11 12 17 21 24 26 34 36 47 50 (63.0)
4: 10 14 22 30 33 35 38 39 40 41 43 49 53 60 77 (61.0)
5: 37 44 46 48 64 75 (64.0)
6: 52 54 57 61 80 87 (70.0)
7: 31 56 58 59 67 70 71 78 91 94 (64.0)
8: 62 63 68 69 73 74 76 79 81 85 86 98 (62.0)
9: 65 66 72 82 88 89 90 99 105 106 119 (68.0)
10: 55 92 101 103 115 135 139 (74.0)
11: 83 100 109 117 125 (71.0)
12: 84 93 95 102 104 108 110 118 132 133 134 142 159 (94.0)
13: 96 97 107 111 122 123 127 128 129 130 138 (69.0)
14: 120 121 136 149 157 168 170 (78.0)
15: 112 116 124 131 140 143 145 146 148 154 181 188 (73.0)
16: 113 114 126 137 141 144 158 161 172 173 189 197 (81.0)
17: 147 155 156 160 163 176 (66.0)
18: 150 151 152 167 195 219 (69.0)
19: 153 165 166 169 171 180 182 183 184 186 192 193 198 201 202 203 207 208 210 (97.0)
20: 162 164 174 177 178 194 196 206 214 238 (71.0)
21: 175 179 187 190 191 204 205 209 216 218 231 237 (79.0)
22: 185 200 211 212 215 223 234 235 241 (84.0)
23: 213 217 221 225 226 227 228 229 259 261 (70.0)
24: 199 220 222 236 239 242 262 (81.0)
25: 232 233 240 245 247 249 257 258 266 (80.0)
26: 246 251 252 253 255 256 260 269 270 (64.0)
27: 224 243 244 248 263 264 272 275 279 282 283 287 291 292 (89.0)
28: 230 254 271 280 295 298 (76.0)
29: 250 265 267 273 274 278 281 288 290 294 297 302 303 305 322 (120.0)
30: 293 296 299 304 308 312 321 (87.0)
31: 268 276 277 300 301 306 307 309 311 314 326 329 332 347 (107.0)
32: 284 286 315 318 319 330 331 342 343 351 (82.0)
33: 285 289 317 323 324 325 333 344 345 364 369 (112.0)
34: 310 327 334 335 338 339 346 348 350 357 (92.0)
35: 320 336 337 341 349 358 359 363 (79.0)
36: 313 316 328 340 352 354 356 361 362 371 374 388 (98.0)
37: 353 360 372 379 380 381 387 (72.0)
38: 355 365 367 370 378 382 389 395 401 412 (101.0)
39: 366 373 375 384 386 398 400 409 410 413 (95.0)
40: 368 376 377 383 385 390 392 406 418 (77.0)
41: 397 403 405 415 423 441 (90.0)
42: 393 394 396 399 404 407 414 419 427 439 (120.0)
43: 391 416 420 421 422 429 434 435 436 (106.0)
44: 402 408 411 417 425 428 430 446 462 463 (89.0)
45: 424 431 432 433 437 438 442 443 444 449 451 452 455 472 (109.0)
46: 426 445 448 454 456 458 473 476 486 487 (79.0)
47: 440 447 459 460 461 471 499 (99.0)
48: 450 453 457 464 465 475 477 478 484 496 497 498 (123.0)
49: 469 479 482 489 495 502 528 (121.0)
50: 466 467 468 480 481 488 492 500 509 522 526 (106.0)
51: 474 485 490 491 493 494 505 507 511 513 529 546 (122.0)
52: 470 483 501 504 506 508 517 532 544 545 548 555 (122.0)
53: 516 519 520 521 523 531 535 537 549 (117.0)
54: 518 530 533 536 539 552 553 563 571 (91.0)
55: 503 510 512 514 524 525 527 534 540 541 543 558 (99.0)
56: 515 538 551 557 559 566 567 568 570 (91.0)
57: 562 569 586 591 595 599 607 (94.0)
58: 542 560 561 574 575 579 583 596 (122.0)
59: 547 550 554 556 572 577 578 580 582 585 587 588 608 (111.0)
60: 564 565 573 576 584 592 597 598 600 612 (94.0)
61: 589 590 594 601 603 604 611 613 616 627 (113.0)
62: 581 593 602 605 614 615 619 624 636 640 641 650 (110.0)
63: 610 617 621 622 629 633 642 661 663 (124.0)
64: 606 609 618 630 632 634 648 665 (124.0)
65: 625 626 628 631 635 637 646 647 653 660 (103.0)
66: 620 643 649 652 655 658 659 672 681 682 688 (112.0)
67: 623 639 656 657 664 667 671 673 699 (125.0)
68: 638 644 645 662 666 668 675 677 679 686 687 696 698 714 (123.0)
69: 651 654 669 670 674 691 712 719 (125.0)
70: 676 678 680 689 694 695 701 735 (125.0)
71: 683 684 692 693 700 702 706 711 718 721 736 739 (123.0)
72: 685 690 704 707 720 (125.0)
73: 697 703 708 710 716 717 723 724 725 726 727 737 743 744 746 747 748 (115.0)
74: 709 713 715 722 728 729 732 733 738 741 742 (112.0)
75: 705 730 731 734 740 745 749 (125.0)
