Name: 750-30-50
Time: 20.70917010307312 
Result: 20
Solution:  1 0 2 0 0 0 0 0 2 1 0 0 0 3 2 2 0 0 3 1 3 3 3 4 3 0 3 1 4 3 0 3 3 5 4 2 0 6 6 4 6 3 0 0 5 5 3 3 4 4 7 5 5 8 6 6 5 5 5 4 7 7 8 9 8 6 8 10 8 7 3 3 6 10 10 8 8 10 10 7 9 11 10 10 10 8 8 6 5 9 11 12 12 9 8 10 10 10 10 11 7 13 11 8 10 11 10 10 14 11 11 15 14 13 10 14 10 12 12 12 11 12 13 14 14 14 10 13 15 12 13 10 16 15 18 14 13 13 16 14 17 14 15 15 14 14 13 11 19 15 17 14 16 14 16 13 15 15 16 14 17 14 19 16 17 19 20 20 19 16 17 18 18 20 18 14 19 18 20 19 19 21 18 16 22 18 21 21 22 20 20 17 23 17 21 18 20 18 21 22 20 23 21 20 24 19 19 21 19 21 22 22 25 22 22 22 21 21 24 23 22 21 24 21 23 25 23 21 23 23 24 24 23 25 21 28 23 21 21 25 28 22 27 23 25 25 25 26 27 25 30 28 25 26 26 30 29 25 25 26 27 29 24 26 28 30 25 30 27 26 27 31 25 25 30 24 28 27 30 28 27 32 29 31 29 28 33 29 27 26 27 29 30 31 29 30 26 27 32 30 29 31 31 30 33 30 30 30 31 31 32 30 29 32 35 31 31 32 31 34 32 37 33 30 35 32 35 29 34 29 32 36 33 35 32 32 35 34 36 30 31 37 31 34 38 33 35 32 37 33 36 39 38 36 36 35 38 37 36 37 36 40 38 37 35 37 37 34 38 37 36 40 39 41 38 41 34 36 37 38 41 41 37 39 40 38 37 35 39 41 42 40 41 40 41 41 40 40 39 43 41 41 39 40 44 42 38 44 40 39 40 39 40 43 43 46 46 45 42 38 46 42 43 41 43 43 43 42 44 47 44 45 45 45 43 45 45 45 44 43 44 45 47 43 47 46 45 42 46 42 47 46 46 45 47 48 46 47 47 46 44 46 48 49 47 50 46 44 45 47 48 47 46 49 44 51 49 47 46 52 49 48 48 50 48 49 49 48 50 53 50 49 47 52 51 48 48 50 50 52 50 55 47 53 53 51 53 51 49 49 52 51 51 48 52 56 50 53 51 51 54 51 54 54 53 54 53 53 52 53 57 53 57 57 57 55 54 53 50 52 56 55 58 57 54 56 55 55 55 55 57 56 58 57 56 56 55 56 56 57 61 56 55 61 57 59 56 56 56 61 55 58 57 58 60 58 56 59 55 60 60 58 59 59 59 61 58 58 59 57 64 62 61 58 59 61 63 58 59 59 62 63 62 60 60 61 59 61 59 58 64 63 64 65 65 60 62 62 65 61 61 60 61 59 62 64 64 61 66 61 65 64 63 63 66 63 64 66 65 65 67 64 62 65 68 65 66 64 65 61 68 69 67 65 66 64 66 67 63 66 68 66 66 65 67 67 64 67 68 66 65 64 66 69 67 67 69 68 68 67 70 70 69 67 68 69 68 70 71 72 69 70 70 69 70 72 69 71 69 70 74 72 70 72 72 74 70 70 73 70 71 75 72 73 75 72 68 70 72 71 73 73 72 75 73 70 73 73 71 73 75 75 74 73 73 73 71 71 73 74 75 74 75 73 75 74 74 75 75 72
0: 1 3 4 5 6 7 10 11 12 16 17 25 30 36 42 43 (30.0)
1: 0 9 19 27 (30.0)
2: 2 8 14 15 35 (30.0)
3: 13 18 20 21 22 24 26 29 31 32 41 46 47 70 71 (31.0)
4: 23 28 34 39 48 49 59 (30.0)
5: 33 44 45 51 52 56 57 58 88 (33.0)
6: 37 38 40 54 55 65 72 87 (31.0)
7: 50 60 61 69 79 100 (32.0)
8: 53 62 64 66 68 75 76 85 86 94 103 (31.0)
9: 63 80 89 93 (31.0)
10: 67 73 74 77 78 82 83 84 95 96 97 98 104 106 107 114 116 126 131 (31.0)
11: 81 90 99 102 105 109 110 120 147 (30.0)
12: 91 92 117 118 119 121 129 (37.0)
13: 101 113 122 127 130 136 137 146 155 (34.0)
14: 108 112 115 123 124 125 135 139 141 144 145 151 153 159 161 175 (30.0)
15: 111 128 133 142 143 149 156 157 (30.0)
16: 132 138 152 154 158 163 169 183 (32.0)
17: 140 150 160 164 170 191 193 (38.0)
18: 134 171 172 174 177 182 185 195 197 (34.0)
19: 148 162 165 168 176 179 180 205 206 208 (38.0)
20: 166 167 173 178 189 190 196 200 203 (34.0)
21: 181 186 187 194 198 202 207 209 216 217 221 223 227 234 237 238 (42.0)
22: 184 188 199 210 211 213 214 215 220 241 (35.0)
23: 192 201 219 224 226 228 229 232 236 243 (43.0)
24: 204 218 222 230 231 262 275 (33.0)
25: 212 225 233 239 244 245 246 249 252 257 258 266 272 273 (47.0)
26: 247 253 254 259 263 269 289 296 (44.0)
27: 242 248 260 268 270 277 280 288 290 297 (34.0)
28: 235 240 251 264 276 279 285 (37.0)
29: 256 261 282 284 287 291 294 300 312 327 329 (40.0)
30: 250 255 265 267 274 278 292 295 299 303 305 306 307 311 323 339 (42.0)
31: 271 283 293 301 302 308 309 315 316 318 340 342 (34.0)
32: 281 298 310 313 317 320 325 330 334 335 347 (35.0)
33: 286 304 322 332 345 349 (35.0)
34: 319 328 337 343 367 376 (35.0)
35: 314 324 326 333 336 346 355 364 387 (32.0)
36: 331 338 350 353 354 358 360 370 377 (45.0)
37: 321 341 348 357 359 363 365 366 369 378 382 386 (31.0)
38: 344 352 356 362 368 374 379 385 406 419 (37.0)
39: 351 372 383 388 398 402 409 411 (41.0)
40: 361 371 384 391 393 396 397 403 408 410 412 (39.0)
41: 373 375 380 381 389 392 394 395 400 401 423 (40.0)
42: 390 405 418 421 427 447 449 (41.0)
43: 399 413 414 422 424 425 426 434 439 443 (47.0)
44: 404 407 428 430 438 440 460 467 474 (43.0)
45: 417 431 432 433 435 436 437 441 446 453 468 (41.0)
46: 415 416 420 445 448 451 452 456 459 461 466 472 478 (49.0)
47: 429 442 444 450 454 457 458 464 469 471 477 492 502 (45.0)
48: 455 462 470 481 482 484 487 495 496 513 (38.0)
49: 463 473 476 480 485 486 491 508 509 (45.0)
50: 465 483 488 490 497 498 500 516 538 (44.0)
51: 475 494 505 507 511 512 518 519 521 (43.0)
52: 479 493 499 510 514 528 539 (41.0)
53: 489 503 504 506 517 524 526 527 529 531 537 (35.0)
54: 520 522 523 525 536 544 (38.0)
55: 501 535 541 546 547 548 549 556 562 570 578 (43.0)
56: 515 540 545 551 554 555 557 558 561 566 567 568 576 (42.0)
57: 530 532 533 534 543 550 553 559 564 572 589 (50.0)
58: 542 552 571 573 575 581 586 587 593 597 609 (50.0)
59: 565 577 582 583 584 588 594 598 599 606 608 623 (50.0)
60: 574 579 580 603 604 615 621 (44.0)
61: 560 563 569 585 592 595 605 607 619 620 622 627 629 649 (48.0)
62: 591 600 602 616 617 624 642 (50.0)
63: 596 601 611 632 633 635 658 (50.0)
64: 590 610 612 625 626 631 636 641 647 655 666 671 (46.0)
65: 613 614 618 630 638 639 643 645 648 653 663 670 (48.0)
66: 628 634 637 646 654 656 659 661 662 669 672 (50.0)
67: 640 652 657 664 665 667 674 675 679 683 (43.0)
68: 644 650 660 668 677 678 684 686 716 (43.0)
69: 651 673 676 682 685 690 693 696 698 (50.0)
70: 680 681 687 691 692 694 699 702 706 707 709 717 725 (49.0)
71: 688 697 710 719 728 736 737 (50.0)
72: 689 695 701 703 704 712 715 718 722 749 (50.0)
73: 708 713 720 721 724 726 727 729 733 734 735 738 743 (46.0)
74: 700 705 732 739 741 745 746 (50.0)
75: 711 714 723 730 731 740 742 744 747 748 (48.0)
