Name: 750-50-100
Time: 20.704813957214355 
Result: 50
Solution:  0 1 1 0 1 1 1 2 1 0 3 0 1 1 2 2 2 3 2 3 3 1 4 4 5 0 3 4 2 1 6 2 3 3 7 1 1 2 3 1 5 3 3 4 7 3 7 7 5 3 3 6 4 6 6 6 8 8 7 7 4 4 7 8 6 7 8 7 3 3 7 9 5 5 10 8 8 4 8 8 10 9 6 9 11 5 8 7 10 8 11 6 12 10 10 14 12 10 10 8 8 10 10 13 7 15 11 15 11 9 13 10 12 10 10 10 15 12 13 12 16 13 13 16 13 13 15 13 11 14 15 16 15 13 13 13 15 18 16 11 17 12 12 13 15 18 12 15 15 15 20 15 16 15 19 19 17 14 17 18 17 19 19 15 17 16 14 15 15 17 20 19 15 19 17 19 20 18 16 16 18 19 19 16 22 18 18 22 16 16 18 19 19 20 18 18 21 18 19 18 21 20 22 21 24 25 22 21 22 22 21 22 23 24 25 19 26 19 22 23 23 23 21 19 22 25 19 23 24 25 24 21 23 24 22 26 22 24 23 25 23 27 24 24 24 23 27 26 25 24 25 27 24 25 25 25 29 26 26 27 27 27 27 23 28 27 26 27 30 28 28 32 28 30 29 29 26 27 27 29 29 26 32 26 28 32 29 28 31 29 30 29 34 28 30 30 30 30 31 33 32 35 31 29 31 31 30 28 31 34 31 33 29 30 30 29 32 30 31 33 34 33 32 34 31 33 31 34 35 35 36 37 38 32 34 35 35 35 34 34 32 35 32 34 36 31 34 34 36 36 40 38 37 36 36 33 39 36 33 36 34 37 39 34 37 34 39 41 34 35 36 37 35 41 38 40 37 37 39 39 39 39 39 42 41 39 40 37 43 38 40 38 41 39 38 43 40 38 39 38 41 39 39 43 41 41 41 43 39 42 38 43 42 45 46 45 40 40 41 39 45 41 39 44 43 42 43 42 46 44 42 43 47 44 44 46 45 43 41 42 46 41 46 45 44 48 43 48 45 42 45 46 48 47 48 46 44 44 45 46 43 47 49 44 49 47 48 45 45 49 48 47 48 47 47 52 48 48 51 46 49 48 51 52 51 51 49 45 48 50 46 48 54 48 47 53 49 48 50 51 50 51 50 49 50 49 50 51 51 50 51 53 48 52 56 50 50 52 54 51 53 52 53 53 54 52 54 54 52 55 51 55 52 55 51 55 54 52 54 54 58 53 52 55 52 55 56 53 56 51 57 58 59 57 53 56 60 56 57 56 57 59 57 56 58 58 57 59 57 57 58 58 59 58 61 59 58 55 56 56 59 61 58 61 59 59 61 58 58 58 56 58 57 61 62 57 62 58 60 62 60 62 59 63 61 59 60 62 64 61 60 62 62 61 62 62 60 60 64 63 66 61 61 60 60 63 63 63 64 64 65 65 67 64 68 64 64 63 65 62 66 67 67 69 64 66 65 65 67 64 68 63 66 68 65 65 66 66 70 63 71 65 70 69 67 66 67 67 67 65 67 69 66 69 68 68 68 69 65 68 73 69 69 71 70 68 68 69 68 69 70 69 69 69 67 71 72 66 73 68 74 69 74 70 75 71 71 73 69 72 71 69 71 74 73 70 72 73 72 70 70 74 75 74 74 72 73 74 74 73 74 74 74 72 73 71 73 72 74 74 72 74 75 75 75 73 74 75 75 72
0: 0 3 9 11 25 (54.0)
1: 1 2 4 5 6 8 12 13 21 29 35 36 39 (53.0)
2: 7 14 15 16 18 28 31 37 (51.0)
3: 10 17 19 20 26 32 33 38 41 42 45 49 50 68 69 (50.0)
4: 22 23 27 43 52 60 61 77 (52.0)
5: 24 40 48 72 73 85 (50.0)
6: 30 51 53 54 55 64 82 91 (54.0)
7: 34 44 46 47 58 59 62 65 67 70 87 104 (56.0)
8: 56 57 63 66 75 76 78 79 86 89 99 100 (57.0)
9: 71 81 83 109 (58.0)
10: 74 80 88 93 94 97 98 101 102 111 113 114 115 (58.0)
11: 84 90 106 108 128 139 (54.0)
12: 92 96 112 117 119 141 142 146 (58.0)
13: 103 110 118 121 122 124 125 127 133 134 135 143 (59.0)
14: 95 129 157 166 (54.0)
15: 105 107 116 126 130 132 136 144 147 148 149 151 153 163 167 168 172 (54.0)
16: 120 123 131 138 152 165 178 179 183 188 189 (53.0)
17: 140 156 158 160 164 169 174 (53.0)
18: 137 145 159 177 180 185 186 190 194 195 197 199 (50.0)
19: 154 155 161 162 171 173 175 181 182 191 192 198 215 217 223 226 (53.0)
20: 150 170 176 193 201 (52.0)
21: 196 200 203 207 210 222 231 (57.0)
22: 184 187 202 206 208 209 211 218 224 234 236 (64.0)
23: 212 219 220 221 227 232 238 240 245 263 (72.0)
24: 204 213 228 230 233 237 242 243 244 249 252 (83.0)
25: 205 214 225 229 239 248 250 253 254 255 (58.0)
26: 216 235 247 257 258 266 276 281 283 (54.0)
27: 241 246 251 259 260 261 262 265 267 277 278 (62.0)
28: 264 269 270 272 284 287 293 307 (55.0)
29: 256 274 275 279 280 286 289 291 303 312 315 (71.0)
30: 268 273 290 294 295 296 297 306 313 314 317 (70.0)
31: 288 298 302 304 305 308 310 318 324 326 345 (80.0)
32: 271 282 285 300 316 322 333 340 342 (57.0)
33: 299 311 319 321 325 355 358 (66.0)
34: 292 309 320 323 327 334 338 339 343 346 347 360 363 365 368 (93.0)
35: 301 328 329 335 336 337 341 369 372 (63.0)
36: 330 344 348 349 353 354 357 359 370 (67.0)
37: 331 352 361 364 371 376 377 387 (69.0)
38: 332 351 374 389 391 394 397 399 410 (78.0)
39: 356 362 366 378 379 380 381 382 385 393 398 401 402 408 419 422 (79.0)
40: 350 375 386 390 396 416 417 (54.0)
41: 367 373 384 392 400 404 405 406 418 421 438 441 (84.0)
42: 383 409 412 425 427 430 439 449 (75.0)
43: 388 395 403 407 411 424 426 431 437 446 460 (78.0)
44: 423 429 433 434 444 456 457 463 (62.0)
45: 413 415 420 436 443 448 450 458 467 468 487 (77.0)
46: 414 428 435 440 442 451 455 459 479 490 (84.0)
47: 432 453 461 465 471 473 474 494 (68.0)
48: 445 447 452 454 466 470 472 476 477 481 488 491 493 497 512 (91.0)
49: 462 464 469 480 486 496 503 505 (68.0)
50: 489 498 500 502 504 506 509 515 516 (60.0)
51: 478 482 484 485 499 501 507 508 510 519 530 534 549 (90.0)
52: 475 483 513 517 521 525 528 532 537 542 544 (92.0)
53: 495 511 520 522 523 541 547 554 (83.0)
54: 492 518 524 526 527 536 538 539 (81.0)
55: 529 531 533 535 543 545 577 (68.0)
56: 514 546 548 555 557 559 563 578 579 590 (86.0)
57: 550 553 558 560 562 566 568 569 592 595 (100.0)
58: 540 551 564 565 570 571 573 576 582 587 588 589 591 597 (80.0)
59: 552 561 567 572 575 580 584 585 602 605 (93.0)
60: 556 598 600 606 610 616 617 623 624 (89.0)
61: 574 581 583 586 593 604 609 613 621 622 (70.0)
62: 594 596 599 601 607 611 612 614 615 639 (99.0)
63: 603 619 625 626 627 637 651 659 (81.0)
64: 608 618 628 629 633 635 636 644 649 (77.0)
65: 630 631 638 646 647 654 655 661 669 678 (99.0)
66: 620 640 645 652 656 657 665 672 697 (94.0)
67: 632 641 642 648 664 666 667 668 670 694 (92.0)
68: 634 650 653 674 675 676 679 685 686 688 699 (98.0)
69: 643 663 671 673 677 681 682 687 689 691 692 693 701 708 711 (100.0)
70: 658 662 684 690 703 715 719 720 (100.0)
71: 660 683 695 705 706 710 712 735 (100.0)
72: 696 709 716 718 725 733 737 740 749 (100.0)
73: 680 698 707 714 717 726 729 734 736 745 (100.0)
74: 700 702 713 721 723 724 727 728 730 731 732 738 739 741 746 (100.0)
75: 704 722 742 743 744 747 748 (100.0)
