Name: 750-40-75
Time: 20.843806266784668 
Result: 3035
Solution:  0 0 0 0 1 0 3 4 0 0 0 4 0 1 3 3 1 2 2 2 0 0 3 4 5 4 5 4 2 1 4 1 4 3 3 3 3 4 5 2 5 6 4 5 6 5 8 6 4 3 5 4 3 6 6 5 4 2 4 8 10 8 3 7 7 8 8 8 8 5 7 4 9 9 5 11 5 8 10 10 9 8 9 11 8 10 10 7 8 7 10 11 8 8 11 11 10 10 13 12 9 12 7 11 10 8 14 14 11 12 10 12 11 9 11 12 16 13 11 13 11 13 14 13 11 15 13 12 13 14 14 17 14 15 11 14 13 13 11 14 16 16 13 18 15 16 15 15 16 16 12 16 19 20 13 16 14 17 16 19 16 17 20 18 18 17 15 14 18 17 21 18 16 19 21 21 21 17 16 18 17 17 19 17 15 20 20 17 19 16 18 19 17 18 17 18 17 24 24 17 20 21 20 21 25 21 24 23 21 21 22 21 23 20 24 22 20 23 22 20 22 19 22 25 26 26 21 21 21 20 28 26 24 25 23 21 24 26 23 22 25 27 23 29 27 24 26 26 24 24 27 29 24 27 26 24 26 25 27 23 26 25 27 27 25 29 27 27 27 23 31 28 26 28 28 32 29 27 28 29 27 30 28 29 29 28 29 30 32 29 28 28 34 27 26 30 34 30 29 28 30 29 33 31 33 31 34 29 29 33 32 29 32 34 32 33 28 32 32 31 33 34 32 34 30 31 32 36 32 33 34 34 36 34 34 34 34 35 33 33 35 34 37 35 34 35 36 34 34 32 36 39 37 36 35 36 35 38 35 38 40 37 34 33 36 36 39 36 35 37 39 39 38 38 38 39 35 37 38 37 37 40 40 41 38 39 39 39 42 39 41 41 40 41 41 40 42 44 41 40 43 43 40 38 40 41 44 42 43 42 39 40 42 39 44 42 42 38 41 40 47 42 43 44 45 45 42 42 43 44 45 45 41 42 42 41 43 45 48 42 45 44 46 43 44 49 45 44 41 42 44 48 48 47 44 44 47 46 48 47 46 44 48 43 46 46 50 47 44 46 47 47 50 45 51 44 51 49 46 46 49 50 50 49 50 49 50 48 46 50 51 48 48 48 52 52 49 47 52 48 51 54 55 53 53 50 51 50 51 51 54 54 50 51 51 52 54 51 53 52 52 50 53 55 55 53 53 51 53 52 54 56 52 53 52 51 53 53 56 55 57 55 51 56 55 56 55 57 56 54 56 58 54 54 55 56 60 59 53 54 57 53 58 56 58 56 57 56 54 57 58 59 55 59 59 58 61 59 56 62 60 59 61 57 61 62 60 59 60 57 59 61 60 59 59 59 56 60 60 64 62 64 58 60 63 60 63 57 60 65 62 61 63 64 58 64 65 62 60 63 63 59 61 66 62 63 62 64 62 59 62 65 66 68 63 65 62 60 65 61 69 65 65 66 67 65 68 65 64 67 67 67 66 64 65 66 62 63 64 66 66 66 71 67 66 68 67 66 67 68 68 65 68 66 65 69 70 71 65 64 70 69 69 69 68 67 69 71 69 68 70 69 72 74 69 73 67 71 68 69 70 68 68 72 71 72 70 72 72 72 72 74 73 73 75 70 75 68 69 70 73 75 75 71 74 71 73 71 72 69 73 75 70 74 73 73 74 74 74 74 75 74 75 74 75 72 74 75 74 75
0: 0 1 2 3 5 8 9 10 12 20 21 (43.0)
1: 4 13 16 29 31 (43.0)
2: 17 18 19 28 39 57 (43.0)
3: 6 14 15 22 33 34 35 36 49 52 62 (42.0)
4: 7 11 23 25 27 30 32 37 42 48 51 56 58 71 (41.0)
5: 24 26 38 40 43 45 50 55 69 74 76 (44.0)
6: 41 44 47 53 54 (41.0)
7: 63 64 70 87 89 102 (42.0)
8: 46 59 61 65 66 67 68 77 81 84 88 92 93 105 (44.0)
9: 72 73 80 82 100 113 (41.0)
10: 60 78 79 85 86 90 96 97 104 110 (44.0)
11: 75 83 91 94 95 103 108 112 114 118 120 124 134 138 (44.0)
12: 99 101 109 111 115 127 150 (41.0)
13: 98 117 119 121 123 126 128 136 137 142 154 (45.0)
14: 106 107 122 129 130 132 135 139 156 167 (45.0)
15: 125 133 144 146 147 166 184 (50.0)
16: 116 140 141 145 148 149 151 155 158 160 172 178 189 (47.0)
17: 131 157 161 165 169 177 180 181 183 187 192 194 196 199 (46.0)
18: 143 163 164 168 171 179 190 193 195 (46.0)
19: 152 159 173 182 188 191 221 (43.0)
20: 153 162 185 186 200 202 213 216 219 229 (56.0)
21: 170 174 175 176 201 203 205 208 209 211 226 227 228 235 (65.0)
22: 210 215 218 220 222 239 (43.0)
23: 207 212 217 234 238 242 259 269 (44.0)
24: 197 198 206 214 232 236 245 248 249 252 255 (59.0)
25: 204 223 233 240 257 261 264 (42.0)
26: 224 225 231 237 246 247 254 256 260 272 294 (53.0)
27: 241 244 250 253 258 262 263 266 267 268 277 280 293 (59.0)
28: 230 271 273 274 278 282 285 290 291 299 316 (44.0)
29: 243 251 265 276 279 283 284 286 289 298 301 307 308 311 (47.0)
30: 281 287 295 297 300 324 (46.0)
31: 270 303 305 319 325 (43.0)
32: 275 288 310 312 314 317 318 322 326 328 349 (58.0)
33: 302 304 309 315 320 329 338 339 363 (61.0)
34: 292 296 306 313 321 323 330 331 333 334 335 336 341 344 347 348 362 (63.0)
35: 337 340 343 345 354 356 358 368 376 (43.0)
36: 327 332 346 350 353 355 364 365 367 (43.0)
37: 342 352 361 369 377 379 380 (52.0)
38: 357 359 372 373 374 378 384 403 417 (49.0)
39: 351 366 370 371 375 385 386 387 389 410 413 (73.0)
40: 360 381 382 392 395 399 402 404 411 419 (68.0)
41: 383 390 391 393 394 398 405 418 432 435 448 (56.0)
42: 388 396 407 409 412 415 416 421 426 427 433 434 439 449 (63.0)
43: 400 401 408 422 428 436 443 463 (54.0)
44: 397 406 414 423 429 441 444 447 450 454 455 461 468 475 (60.0)
45: 424 425 430 431 437 440 446 473 (56.0)
46: 442 457 460 464 465 469 478 479 488 (58.0)
47: 420 453 456 459 467 470 471 497 (71.0)
48: 438 451 452 458 462 487 491 492 493 499 (57.0)
49: 445 477 480 483 485 496 (53.0)
50: 466 472 481 482 484 486 489 505 507 512 521 (61.0)
51: 474 476 490 500 506 508 509 513 514 517 527 535 542 (75.0)
52: 494 495 498 515 519 520 529 532 534 (60.0)
53: 503 504 518 522 525 526 528 533 536 537 558 561 (62.0)
54: 501 510 511 516 530 549 552 553 559 568 (72.0)
55: 502 523 524 539 541 544 546 554 572 (68.0)
56: 531 538 543 545 548 550 555 563 565 567 578 596 (75.0)
57: 540 547 560 566 569 583 589 607 (64.0)
58: 551 562 564 570 575 602 614 (68.0)
59: 557 571 573 574 577 581 587 590 593 594 595 621 629 (59.0)
60: 556 580 586 588 592 597 598 603 605 608 618 637 (68.0)
61: 576 582 584 591 611 622 639 (69.0)
62: 579 585 600 610 617 624 626 628 630 636 656 (65.0)
63: 604 606 612 619 620 625 634 657 (75.0)
64: 599 601 613 615 627 648 653 658 679 (70.0)
65: 609 616 631 635 638 641 642 645 647 654 671 674 678 (74.0)
66: 623 632 643 652 655 659 660 661 664 667 673 (76.0)
67: 644 649 650 651 663 666 668 685 696 (76.0)
68: 633 646 665 669 670 672 684 689 698 701 702 717 (76.0)
69: 640 675 681 682 683 686 688 691 694 699 718 729 (75.0)
70: 676 680 690 700 706 715 719 732 (75.0)
71: 662 677 687 697 704 723 725 727 (75.0)
72: 692 703 705 707 708 709 710 728 745 (67.0)
73: 695 712 713 720 726 730 734 735 (65.0)
74: 693 711 724 733 736 737 738 739 741 743 746 748 (72.0)
75: 714 716 721 722 731 740 742 744 747 749 (70.0)
