Name: 750-30-50
Time: 20.20032787322998 
Result: 1021
Solution:  3 1 0 0 1 1 0 1 2 2 3 1 2 1 1 5 3 1 0 1 1 4 4 4 2 6 2 0 4 4 1 0 2 4 4 1 8 4 2 1 7 4 0 4 3 7 6 4 2 5 3 5 7 4 6 6 6 4 4 2 6 7 7 6 4 5 6 7 9 9 4 7 5 7 7 10 12 7 10 8 9 7 12 12 7 7 7 10 8 5 13 11 8 12 7 12 9 10 10 11 9 12 11 8 13 11 10 12 9 11 12 12 16 8 10 12 15 12 12 11 12 13 13 12 17 14 12 12 10 13 14 12 17 10 15 12 13 13 16 14 14 12 15 14 12 12 14 14 19 15 15 15 17 18 16 17 18 16 18 15 17 15 16 13 17 20 20 18 19 20 17 20 21 18 15 15 18 21 15 16 19 19 18 22 20 19 18 20 21 19 18 19 16 16 23 19 20 24 20 18 22 18 20 17 21 20 22 21 19 22 23 20 25 25 22 22 18 19 23 21 23 25 23 20 26 25 22 24 23 24 24 22 24 25 22 24 20 23 24 23 25 22 24 28 28 26 25 24 24 28 30 27 25 27 26 24 30 25 25 26 27 30 24 28 27 30 25 29 26 26 28 28 24 27 28 31 27 28 30 26 30 32 26 30 29 27 25 27 33 29 27 29 29 28 30 31 29 32 30 30 29 27 32 30 32 31 32 31 33 32 33 32 33 32 31 33 31 33 31 35 31 36 33 31 32 32 29 29 34 32 33 34 31 33 33 32 33 30 34 30 33 36 34 34 37 35 36 37 32 38 36 39 35 34 36 38 39 35 36 37 39 37 39 38 37 36 39 37 37 38 34 36 38 37 35 38 36 38 36 40 41 40 38 40 39 36 38 36 39 35 38 41 38 40 39 41 40 42 39 41 40 41 39 40 45 39 42 45 42 43 42 44 40 42 42 42 45 42 42 41 45 41 42 42 43 43 44 42 46 44 45 45 45 47 44 46 43 46 44 43 44 43 44 45 44 45 44 47 42 45 44 46 46 45 47 47 47 49 48 46 50 46 46 46 48 50 47 44 47 48 48 46 46 49 48 47 51 46 49 51 49 47 48 50 49 53 48 48 47 53 51 51 46 48 50 48 49 50 51 49 51 55 52 54 54 51 51 50 50 53 52 50 52 53 52 54 51 52 52 48 50 51 53 49 54 55 53 51 56 54 52 54 55 55 57 52 55 54 53 53 53 54 56 56 57 56 55 55 55 56 52 60 57 56 56 56 55 56 56 55 60 54 56 58 59 56 56 57 58 58 56 58 56 57 60 58 57 59 55 59 59 58 57 57 59 62 60 60 60 58 58 62 56 61 58 60 57 61 58 60 61 64 64 63 62 61 61 61 58 63 66 61 64 65 65 65 59 62 61 65 63 63 61 59 61 65 63 61 62 60 64 64 63 64 64 64 64 63 65 65 66 64 67 65 65 65 66 65 64 66 68 67 70 67 66 66 65 66 62 65 67 68 67 65 63 67 66 67 66 66 68 69 67 69 68 68 68 68 69 67 69 68 69 71 68 70 67 70 70 67 69 73 70 72 70 71 69 72 70 70 73 72 72 68 73 73 70 71 69 72 72 71 71 71 74 72 69 73 70 74 72 72 71 70 72 71 75 73 73 74 72 73 73 74 73 72 75 74 75 71 75 74 75 72 75 75 75 72 75 75
0: 2 3 6 18 27 31 42 (31.0)
1: 1 4 5 7 11 13 14 17 19 20 30 35 39 (35.0)
2: 8 9 12 24 26 32 38 48 59 (35.0)
3: 0 10 16 44 50 (29.0)
4: 21 22 23 28 29 33 34 37 41 43 47 53 57 58 64 70 (34.0)
5: 15 49 51 65 72 89 (35.0)
6: 25 46 54 55 56 60 63 66 (33.0)
7: 40 45 52 61 62 67 71 73 74 77 81 84 85 86 94 (32.0)
8: 36 79 88 92 103 113 (30.0)
9: 68 69 80 96 100 108 (31.0)
10: 75 78 87 97 98 106 114 128 133 (34.0)
11: 91 99 102 105 109 119 (30.0)
12: 76 82 83 93 95 101 107 110 111 115 117 118 120 123 126 127 131 135 141 144 145 (31.0)
13: 90 104 121 122 129 136 137 163 (32.0)
14: 125 130 139 140 143 146 147 (33.0)
15: 116 134 142 149 150 151 159 161 174 175 178 (30.0)
16: 112 138 154 157 162 179 192 193 (30.0)
17: 124 132 152 155 160 164 170 203 (37.0)
18: 153 156 158 167 173 176 182 186 190 199 201 216 (34.0)
19: 148 168 180 181 185 189 191 195 208 217 (34.0)
20: 165 166 169 171 184 187 196 198 202 205 211 223 236 (36.0)
21: 172 177 188 204 207 219 (33.0)
22: 183 200 206 209 214 215 226 231 234 241 (36.0)
23: 194 210 218 220 222 228 237 239 (34.0)
24: 197 227 229 230 232 235 238 242 247 248 255 262 272 (40.0)
25: 212 213 221 225 233 240 246 252 257 258 266 286 (37.0)
26: 224 245 254 259 268 269 279 282 (38.0)
27: 251 253 260 264 273 276 285 287 290 301 (43.0)
28: 243 244 249 263 270 271 274 277 293 (39.0)
29: 267 284 289 291 292 296 300 326 327 (40.0)
30: 250 256 261 265 278 280 283 294 298 299 303 337 339 (44.0)
31: 275 295 305 307 314 316 318 320 323 332 (41.0)
32: 281 297 302 304 306 309 311 313 324 325 329 335 348 (37.0)
33: 288 308 310 312 315 317 322 330 333 334 336 340 (33.0)
34: 328 331 338 342 343 353 370 (37.0)
35: 319 345 352 357 374 389 (36.0)
36: 321 341 346 350 354 358 365 371 376 378 385 387 (38.0)
37: 344 347 359 361 364 367 368 373 (34.0)
38: 349 355 363 369 372 375 377 382 386 390 392 (39.0)
39: 351 356 360 362 366 384 388 394 398 402 405 (46.0)
40: 379 381 383 393 396 400 403 412 (41.0)
41: 380 391 395 399 401 419 421 (35.0)
42: 397 406 408 410 413 414 415 417 418 422 423 427 448 (41.0)
43: 409 424 425 436 439 441 (38.0)
44: 411 426 429 434 438 440 442 444 446 450 467 (44.0)
45: 404 407 416 420 430 431 432 443 445 449 453 (48.0)
46: 428 435 437 451 452 459 461 462 463 471 472 477 492 (30.0)
47: 433 447 454 455 456 466 468 475 481 488 (46.0)
48: 458 464 469 470 474 482 486 487 493 495 519 (41.0)
49: 457 473 478 480 484 496 499 523 (43.0)
50: 460 465 483 494 497 507 508 511 520 (46.0)
51: 476 479 490 491 498 500 505 506 516 521 527 (46.0)
52: 502 510 512 514 517 518 530 535 550 (47.0)
53: 485 489 509 513 522 526 538 539 540 (35.0)
54: 503 504 515 524 529 531 537 541 561 (34.0)
55: 501 525 532 533 536 546 547 548 556 559 578 (48.0)
56: 528 542 543 545 549 553 554 555 557 558 562 565 566 570 572 592 (50.0)
57: 534 544 552 567 573 576 582 583 596 (50.0)
58: 563 568 569 571 575 581 589 590 594 598 608 (45.0)
59: 564 577 579 580 584 616 623 (50.0)
60: 551 560 574 586 587 588 595 599 629 (37.0)
61: 593 597 600 605 606 607 611 618 622 624 627 (49.0)
62: 585 591 604 617 628 658 (49.0)
63: 603 609 620 621 626 632 637 664 (44.0)
64: 601 602 612 630 631 633 634 635 636 641 648 (50.0)
65: 613 614 615 619 625 638 639 643 644 645 647 656 659 663 (50.0)
66: 610 640 646 649 654 655 657 666 668 669 (49.0)
67: 642 651 653 660 662 665 667 672 679 686 689 (45.0)
68: 650 661 670 674 675 676 677 681 684 703 (50.0)
69: 671 673 678 680 682 690 696 708 716 (50.0)
70: 652 685 687 688 692 694 698 699 706 718 723 (50.0)
71: 683 695 707 711 712 713 722 725 739 (50.0)
72: 693 697 701 702 709 710 715 720 721 724 730 735 743 747 (50.0)
73: 691 700 704 705 717 727 728 731 732 734 (50.0)
74: 714 719 729 733 737 741 (41.0)
75: 726 736 738 740 742 744 745 746 748 749 (45.0)
