Name: 750-50-100
Time: 20.332716464996338 
Result: 50
Solution:  0 2 0 0 1 1 1 0 0 1 4 1 0 0 4 3 0 2 1 4 4 3 4 3 1 4 2 2 0 1 3 2 3 4 4 2 2 1 5 4 5 5 3 6 6 3 2 6 6 6 4 3 5 6 5 8 7 8 7 6 8 4 9 8 6 7 8 7 4 4 4 7 11 6 10 6 12 6 8 9 10 9 6 9 11 6 12 7 10 8 10 14 10 10 10 6 10 10 7 7 8 12 12 8 9 14 9 12 12 11 10 12 12 12 12 8 12 12 10 9 17 12 16 15 14 14 16 16 12 13 17 14 15 14 12 11 12 17 12 15 18 15 13 16 15 14 15 13 16 15 18 15 17 15 13 19 16 17 16 18 17 19 17 17 17 17 14 15 15 17 20 18 16 20 17 20 19 18 16 16 18 19 20 21 19 19 16 19 15 17 20 21 21 21 20 17 19 16 19 19 21 21 22 21 24 22 21 22 20 21 22 20 23 25 23 20 26 23 22 23 27 26 22 23 19 23 20 24 24 23 23 25 24 26 26 22 22 23 24 26 22 26 24 27 22 25 24 25 26 25 25 26 27 27 29 27 28 24 26 26 28 25 27 24 27 29 28 24 29 26 28 26 27 25 28 29 25 28 28 29 30 30 32 25 26 29 28 30 28 29 32 29 34 33 29 30 32 30 30 28 32 31 29 32 32 32 31 31 31 31 32 34 30 32 31 33 33 32 34 28 35 33 36 32 31 32 34 30 33 31 33 37 34 36 33 35 34 34 34 33 33 31 32 37 34 35 34 33 36 36 35 36 35 37 35 39 37 38 35 37 34 40 38 35 37 35 39 41 39 36 36 37 35 39 39 39 37 35 35 39 37 39 41 38 43 40 41 40 38 37 40 42 38 39 38 40 40 38 42 39 40 40 42 41 39 38 40 41 43 41 38 43 42 42 41 39 43 40 43 41 45 41 42 44 42 44 42 43 44 43 42 42 44 44 44 42 44 42 41 43 43 41 43 48 45 47 45 45 44 46 45 46 49 50 47 48 46 46 46 46 46 47 48 48 49 49 48 47 47 50 48 47 49 48 47 47 47 47 48 48 50 47 49 47 49 49 48 47 48 48 51 53 47 52 49 50 50 49 50 53 49 51 51 50 50 49 51 51 51 53 51 51 50 50 52 51 54 53 56 52 52 54 53 53 49 52 53 52 52 55 52 55 50 52 54 53 54 54 53 54 58 54 52 56 58 56 54 54 56 53 57 57 57 57 56 57 59 57 56 56 59 56 57 57 59 54 57 60 57 57 56 58 57 58 61 61 62 56 54 55 61 58 59 60 59 59 61 59 60 55 58 58 60 62 61 60 59 60 59 58 63 61 62 63 62 60 57 60 63 61 58 62 66 60 62 61 62 59 62 64 64 62 61 60 61 63 60 63 64 65 65 64 63 64 65 66 63 63 64 60 66 67 66 66 66 65 65 66 67 65 67 64 67 64 62 67 66 65 65 63 68 69 70 67 64 66 67 66 65 67 70 72 68 67 68 69 69 70 69 68 72 69 67 68 67 67 68 71 68 67 69 71 67 68 69 71 71 67 70 66 71 71 74 71 74 71 71 70 70 72 73 70 69 72 73 70 72 69 72 71 70 74 74 73 70 73 71 72 75 75 74 75 74 72 75 74 72 72 73 75 73 73 74 75 75 74 72 75 75 72
0: 0 2 3 7 8 12 13 16 28 (53.0)
1: 4 5 6 9 11 18 24 29 37 (52.0)
2: 1 17 26 27 31 35 36 46 (51.0)
3: 15 21 23 30 32 42 45 51 (55.0)
4: 10 14 19 20 22 25 33 34 39 50 61 68 69 70 (52.0)
5: 38 40 41 52 54 (57.0)
6: 43 44 47 48 49 53 59 64 73 75 77 82 85 95 (52.0)
7: 56 58 65 67 71 87 98 99 (59.0)
8: 55 57 60 63 66 78 89 100 103 115 (53.0)
9: 62 79 81 83 104 106 119 (56.0)
10: 74 80 88 90 92 93 94 96 97 110 118 (51.0)
11: 72 84 109 135 (55.0)
12: 76 86 101 102 107 108 111 112 113 114 116 117 121 128 134 136 138 (60.0)
13: 129 142 147 154 (50.0)
14: 91 105 124 125 131 133 145 166 (53.0)
15: 123 132 139 141 144 146 149 151 153 167 168 188 (56.0)
16: 122 126 127 143 148 156 158 172 178 179 186 197 (50.0)
17: 120 130 137 152 157 160 162 163 164 165 169 174 189 195 (55.0)
18: 140 150 159 171 177 180 (57.0)
19: 155 161 176 181 184 185 187 196 198 199 224 (55.0)
20: 170 173 175 182 190 194 208 211 215 226 (52.0)
21: 183 191 192 193 200 201 203 206 209 (84.0)
22: 202 205 207 210 218 222 235 236 240 244 (61.0)
23: 212 214 217 219 223 225 229 230 237 (59.0)
24: 204 227 228 232 238 242 246 257 263 267 (64.0)
25: 213 231 245 247 249 250 261 273 276 283 (55.0)
26: 216 221 233 234 239 241 248 251 258 259 269 271 284 (56.0)
27: 220 243 252 253 255 262 264 272 (64.0)
28: 256 260 266 270 274 277 278 286 288 299 319 (80.0)
29: 254 265 268 275 279 285 289 291 294 302 (62.0)
30: 280 281 287 295 297 298 312 327 (63.0)
31: 301 306 307 308 309 314 324 329 341 (53.0)
32: 282 290 296 300 303 304 305 310 313 317 323 325 342 (98.0)
33: 293 315 316 321 328 330 334 339 340 347 (97.0)
34: 292 311 318 326 332 336 337 338 344 346 360 (54.0)
35: 320 335 345 350 352 354 358 363 365 372 377 378 (88.0)
36: 322 333 348 349 351 369 370 (63.0)
37: 331 343 353 356 359 364 371 376 380 389 (80.0)
38: 357 362 383 388 392 394 397 405 410 (65.0)
39: 355 366 368 373 374 375 379 381 393 399 404 415 (70.0)
40: 361 385 387 390 395 396 400 401 406 417 (70.0)
41: 367 382 386 403 407 409 414 419 421 438 441 (61.0)
42: 391 398 402 412 413 422 424 426 430 431 435 437 (74.0)
43: 384 408 411 416 418 427 429 439 440 442 (62.0)
44: 423 425 428 432 433 434 436 448 (59.0)
45: 420 444 446 447 450 (57.0)
46: 449 451 456 457 458 459 460 (65.0)
47: 445 454 461 467 468 471 474 475 476 477 481 483 487 492 (90.0)
48: 443 455 462 463 466 470 473 478 479 486 488 489 (83.0)
49: 452 464 465 472 482 484 485 494 497 500 505 524 (89.0)
50: 453 469 480 495 496 498 503 504 512 513 532 (75.0)
51: 490 501 502 506 507 508 510 511 515 (94.0)
52: 493 514 519 520 525 527 528 530 533 542 (85.0)
53: 491 499 509 517 522 523 526 535 538 549 (71.0)
54: 516 521 534 536 537 539 541 546 547 565 578 (100.0)
55: 529 531 579 589 (51.0)
56: 518 543 545 548 554 558 559 561 570 577 (81.0)
57: 550 551 552 553 555 557 562 563 566 568 569 572 606 (100.0)
58: 540 544 571 573 581 590 591 599 610 (78.0)
59: 556 560 564 582 584 585 587 596 598 617 (87.0)
60: 567 583 588 592 595 597 605 607 613 623 626 639 (95.0)
61: 574 575 580 586 594 601 609 615 622 624 (98.0)
62: 576 593 602 604 611 614 616 618 621 654 (83.0)
63: 600 603 608 625 627 632 636 637 659 (98.0)
64: 619 620 628 631 633 638 651 653 664 (97.0)
65: 629 630 634 645 646 649 657 658 668 (92.0)
66: 612 635 640 642 643 644 647 656 665 667 699 (100.0)
67: 641 648 650 652 655 663 666 669 673 682 684 685 689 692 697 (89.0)
68: 660 672 674 679 683 686 688 693 (95.0)
69: 661 675 676 678 681 690 694 712 717 (92.0)
70: 662 670 677 698 707 708 711 715 720 724 (100.0)
71: 687 691 695 696 700 701 703 705 706 719 726 (100.0)
72: 671 680 709 713 716 718 727 733 736 737 746 749 (100.0)
73: 710 714 723 725 738 740 741 (84.0)
74: 702 704 721 722 730 732 735 742 745 (100.0)
75: 728 729 731 734 739 743 744 747 748 (99.0)
