Name: 750-40-75
Time: 20.379143953323364 
Result: 3037
Solution:  2 0 0 0 2 0 1 2 0 1 1 2 1 0 4 1 1 3 1 1 2 1 3 2 2 3 3 3 4 0 3 6 4 3 2 7 6 3 5 2 2 3 4 4 4 4 6 7 9 4 5 2 3 5 6 5 2 5 7 7 9 9 7 7 8 10 7 11 6 5 7 4 6 9 6 5 5 9 8 7 5 11 9 9 9 9 7 6 9 10 8 9 14 8 9 10 11 10 12 9 8 12 11 11 10 9 12 11 10 10 8 12 9 13 16 13 12 15 12 11 13 13 12 13 12 10 12 13 11 16 14 12 16 14 17 15 16 13 12 15 16 13 13 15 15 14 15 15 15 17 14 16 16 16 13 15 15 13 16 15 17 19 19 14 19 16 19 16 19 17 17 20 16 16 21 22 17 17 22 18 17 19 19 19 18 21 22 20 19 21 23 20 18 21 17 18 20 20 22 18 20 22 20 21 23 19 21 22 18 23 22 20 25 20 18 22 23 20 26 19 22 24 22 25 22 22 21 21 21 23 26 26 22 26 23 21 25 23 24 23 24 25 23 28 28 27 25 26 25 25 29 28 25 26 28 24 26 27 29 24 26 27 26 27 27 30 26 26 27 25 26 28 25 25 26 28 28 31 28 32 27 31 28 28 30 30 33 31 33 29 28 32 31 30 27 29 31 31 27 30 29 31 33 30 31 31 28 33 30 30 32 34 28 34 32 33 30 33 33 32 33 33 31 35 32 34 31 37 34 33 33 35 36 36 34 33 36 34 35 32 35 34 36 36 34 35 36 35 35 32 39 38 39 36 35 33 36 34 36 34 39 37 34 34 37 37 34 36 37 38 40 39 40 39 38 38 38 36 40 35 40 39 39 38 38 37 36 39 42 39 37 41 40 38 42 42 42 41 38 42 43 41 41 39 41 39 40 37 44 40 42 43 40 41 40 43 42 44 41 40 44 41 42 42 46 41 43 40 45 41 43 41 42 44 40 46 47 46 47 41 44 43 44 45 43 46 44 44 46 43 46 45 46 49 46 43 47 50 49 50 48 44 50 49 49 45 48 46 47 46 48 47 48 47 52 47 49 48 45 51 47 48 47 45 50 49 50 50 48 50 51 49 51 49 50 50 49 52 49 47 51 52 53 54 53 47 49 51 53 49 51 54 51 51 52 52 51 54 52 53 55 50 50 51 55 53 51 55 53 53 55 57 54 55 55 53 54 58 55 57 56 58 51 55 54 58 54 58 52 53 56 55 56 53 56 52 58 57 57 55 57 54 61 57 59 56 57 56 54 58 59 58 60 56 58 58 56 55 55 55 60 57 56 57 57 61 58 56 59 60 59 62 60 59 60 60 56 60 59 60 61 63 58 61 62 61 61 63 62 65 62 61 61 63 58 64 60 62 60 61 62 59 64 65 62 64 63 64 66 66 66 63 63 64 64 65 60 65 65 62 65 65 65 67 63 65 66 66 68 65 66 67 66 65 63 64 65 67 65 66 66 66 71 67 65 66 69 68 66 64 65 65 68 68 67 68 68 68 69 64 67 69 72 68 68 70 69 68 69 70 71 73 71 74 68 66 67 70 69 70 70 71 71 72 70 72 69 72 72 71 73 73 72 74 72 70 74 74 68 70 75 74 73 75 72 69 75 75 75 71 74 74 72 74 71 72 74 74 73 72 75 75 75 72 75 72 74 75 74 73
0: 1 2 3 5 8 13 29 (44.0)
1: 6 9 10 12 15 16 18 19 21 (40.0)
2: 0 4 7 11 20 23 24 34 39 40 51 56 (40.0)
3: 17 22 25 26 27 30 33 37 41 52 (45.0)
4: 14 28 32 42 43 44 45 49 71 (41.0)
5: 38 50 53 55 57 69 75 76 80 (43.0)
6: 31 36 46 54 68 72 74 87 (47.0)
7: 35 47 58 59 62 63 66 70 79 86 (44.0)
8: 64 78 90 93 100 110 (41.0)
9: 48 60 61 73 77 82 83 84 85 88 91 94 99 105 112 (40.0)
10: 65 89 95 97 104 108 109 125 (43.0)
11: 67 81 96 102 103 107 119 128 (46.0)
12: 98 101 106 111 116 118 122 124 126 131 138 (42.0)
13: 113 115 120 121 123 127 137 141 142 154 157 (41.0)
14: 92 130 133 145 150 163 (45.0)
15: 117 135 139 143 144 146 147 148 155 156 159 (53.0)
16: 114 129 132 136 140 151 152 153 158 165 167 172 173 (44.0)
17: 134 149 160 169 170 176 177 180 194 (49.0)
18: 179 184 192 195 199 208 214 (45.0)
19: 161 162 164 166 168 181 182 183 188 205 219 (50.0)
20: 171 187 191 196 197 200 202 211 213 217 (50.0)
21: 174 185 189 193 203 206 226 227 228 235 (47.0)
22: 175 178 186 198 201 207 210 215 220 222 224 225 232 (53.0)
23: 190 204 209 216 229 234 237 239 242 (55.0)
24: 221 238 240 255 259 (42.0)
25: 212 223 236 241 246 248 249 252 269 272 273 (49.0)
26: 218 230 231 233 247 253 256 260 262 266 267 270 274 (69.0)
27: 245 257 261 263 264 268 280 294 298 (49.0)
28: 243 244 251 254 271 275 276 278 282 283 290 306 312 (43.0)
29: 250 258 289 295 300 (46.0)
30: 265 284 285 293 299 303 308 309 316 (42.0)
31: 277 281 287 292 296 297 301 304 305 322 326 (54.0)
32: 279 291 310 314 319 324 339 349 (71.0)
33: 286 288 302 307 315 317 318 320 321 329 330 335 355 (53.0)
34: 311 313 325 328 334 337 341 344 357 359 362 363 366 (50.0)
35: 323 331 338 340 345 347 348 354 379 (47.0)
36: 332 333 336 342 343 346 353 356 358 367 377 386 (58.0)
37: 327 361 364 365 368 385 390 407 (47.0)
38: 351 369 374 375 376 383 384 393 398 (52.0)
39: 350 352 360 371 373 381 382 387 389 403 405 (53.0)
40: 370 372 378 380 392 406 409 412 414 419 427 434 (59.0)
41: 391 397 401 402 404 413 418 421 425 429 431 439 (61.0)
42: 388 394 395 396 399 410 416 422 423 432 (71.0)
43: 400 411 415 426 430 441 444 449 455 (55.0)
44: 408 417 420 433 440 442 446 447 461 (71.0)
45: 428 443 451 465 478 483 (51.0)
46: 424 435 437 445 448 450 452 454 467 469 (58.0)
47: 436 438 456 468 471 473 475 480 482 499 505 (62.0)
48: 460 466 470 472 477 481 488 (52.0)
49: 453 458 463 464 476 485 491 493 496 498 506 509 (68.0)
50: 457 459 462 484 486 487 489 494 495 521 522 (60.0)
51: 479 490 492 500 507 510 512 513 516 523 526 542 (75.0)
52: 474 497 501 514 515 518 548 555 (75.0)
53: 502 504 508 519 525 528 529 535 549 553 (60.0)
54: 503 511 517 532 536 544 546 561 568 (61.0)
55: 520 524 527 530 533 534 538 543 551 559 577 578 579 (64.0)
56: 540 550 552 554 565 567 573 576 582 587 596 (62.0)
57: 531 539 557 558 560 563 566 581 583 584 (65.0)
58: 537 541 545 547 556 569 571 574 575 586 602 614 (67.0)
59: 564 570 588 590 593 598 621 (75.0)
60: 572 580 589 592 594 595 597 599 616 618 636 (75.0)
61: 562 585 600 603 605 606 611 612 619 (60.0)
62: 591 604 608 610 617 620 624 639 (75.0)
63: 601 607 613 626 631 632 644 654 (68.0)
64: 615 622 625 627 633 634 655 669 679 (69.0)
65: 609 623 635 637 638 640 641 642 645 649 653 656 658 664 670 671 (75.0)
66: 628 629 630 646 647 650 652 659 660 661 665 668 695 (71.0)
67: 643 651 657 663 674 680 696 (57.0)
68: 648 667 672 673 675 676 677 683 684 687 694 718 (71.0)
69: 666 678 681 686 688 698 706 725 (75.0)
70: 685 689 697 699 700 704 715 719 (74.0)
71: 662 690 692 701 702 709 729 734 (75.0)
72: 682 703 705 707 708 712 714 724 732 735 739 743 745 (76.0)
73: 691 710 711 722 738 749 (75.0)
74: 693 713 716 717 721 730 731 733 736 737 746 748 (68.0)
75: 720 723 726 727 728 740 741 742 744 747 (77.0)
