Name: 750-50-100
Time: 45.45416069030762 
Result: 52
Solution:  1 0 1 0 0 0 2 3 3 2 3 1 0 0 4 4 2 0 3 2 0 2 2 4 5 4 2 3 1 1 1 2 4 4 3 2 5 3 4 3 0 5 6 6 7 2 8 6 7 7 3 2 3 6 5 8 6 7 7 7 5 6 5 10 6 7 6 10 6 6 8 9 6 6 10 6 8 4 7 9 8 9 7 9 11 7 8 7 10 10 10 12 13 9 10 14 13 12 7 7 9 10 8 7 14 15 8 14 11 12 12 12 12 13 12 10 13 12 8 11 17 13 16 16 13 13 16 13 9 13 15 14 15 16 17 10 13 14 16 11 18 11 15 17 15 12 14 15 14 15 18 16 14 14 15 16 16 18 17 14 17 17 17 16 17 17 14 14 14 17 18 19 16 19 15 21 17 19 16 16 17 19 21 19 16 16 17 19 16 22 21 16 21 20 21 23 19 16 21 21 20 19 21 21 21 24 21 22 22 21 22 22 22 23 23 21 22 19 20 21 25 24 23 23 24 26 21 24 22 25 23 25 22 23 22 26 23 24 23 23 25 24 27 27 26 24 25 23 26 24 27 28 26 27 26 22 25 23 25 26 24 23 27 23 27 26 26 30 28 28 27 28 29 31 28 31 26 27 28 27 29 30 32 29 28 30 31 30 28 29 31 31 34 29 29 34 33 28 30 30 31 31 30 30 31 32 30 30 31 28 31 31 29 32 28 29 33 31 35 31 37 33 31 35 33 33 32 30 35 35 32 36 35 33 34 30 34 34 33 34 32 35 36 33 38 33 34 37 35 38 37 36 37 37 34 35 39 39 33 36 35 40 36 36 36 34 35 36 36 37 40 38 35 39 38 39 38 38 35 39 35 39 42 37 40 39 37 38 40 37 40 38 38 40 39 40 40 38 39 39 42 41 39 39 38 39 41 41 41 42 40 42 42 43 42 43 45 40 43 39 43 43 41 42 43 44 42 42 44 42 45 44 44 44 43 42 45 43 41 40 45 42 47 46 44 47 43 49 41 41 46 47 45 47 46 47 45 44 47 46 44 46 48 45 47 48 48 46 45 48 48 48 47 45 48 50 47 49 49 47 51 46 49 48 48 47 51 46 46 48 48 47 47 47 48 52 47 48 50 52 55 50 51 49 50 52 53 51 49 49 51 49 52 51 52 53 52 52 50 51 51 53 52 53 54 53 53 50 49 54 52 54 52 52 58 53 55 54 53 54 55 53 57 56 55 58 56 58 53 51 56 56 56 57 53 56 59 55 56 57 58 56 55 57 56 55 55 59 56 58 56 58 59 56 59 59 60 56 59 55 62 61 58 61 59 59 60 58 58 55 63 58 63 60 62 58 61 60 58 61 63 61 59 60 62 61 61 58 63 61 66 62 61 58 64 61 60 62 61 63 64 60 61 63 60 64 60 62 64 62 64 66 67 65 65 63 63 65 64 60 65 66 67 66 62 66 64 67 67 67 67 62 66 66 66 66 68 65 64 65 68 69 68 67 63 66 67 65 67 69 69 72 67 69 68 69 67 69 71 68 71 69 70 68 66 67 67 70 69 67 68 69 67 72 69 72 69 70 73 70 73 70 72 70 69 70 70 72 71 72 71 71 68 74 73 70 73 73 73 70 71 74 74 74 73 72 69 74 74 72 74 74 72 73 70 73 71 70 74 75 73 74 75 75 75 75 73 75 75 75
0: 1 3 4 5 12 13 17 20 40 (50.0)
1: 0 2 11 28 29 30 (52.0)
2: 6 9 16 19 21 22 26 31 35 45 51 (51.0)
3: 7 8 10 18 27 34 37 39 50 52 (54.0)
4: 14 15 23 25 32 33 38 77 (53.0)
5: 24 36 41 54 60 62 (54.0)
6: 42 43 47 53 56 61 64 66 68 69 72 73 75 (55.0)
7: 44 48 49 57 58 59 65 78 82 85 87 98 99 103 (53.0)
8: 46 55 70 76 80 86 102 106 118 (50.0)
9: 71 79 81 83 93 100 128 (61.0)
10: 63 67 74 88 89 90 94 101 115 135 (57.0)
11: 84 108 119 139 141 (60.0)
12: 91 97 109 110 111 112 114 117 145 (57.0)
13: 92 96 113 116 121 124 125 127 129 136 (59.0)
14: 95 104 107 131 137 146 148 152 153 159 166 167 168 (61.0)
15: 105 130 132 142 144 147 149 154 174 (56.0)
16: 122 123 126 133 138 151 155 156 163 172 178 179 184 185 188 191 197 (56.0)
17: 120 134 143 158 160 161 162 164 165 169 176 180 186 (55.0)
18: 140 150 157 170 (51.0)
19: 171 173 177 181 183 187 196 201 217 (66.0)
20: 193 200 218 (53.0)
21: 175 182 190 192 194 198 199 202 203 204 206 209 215 219 226 (51.0)
22: 189 207 208 210 211 212 216 228 232 234 255 (58.0)
23: 195 213 214 222 223 230 233 236 238 239 247 257 261 263 (62.0)
24: 205 221 224 227 237 241 245 249 260 (64.0)
25: 220 229 231 240 246 256 258 (57.0)
26: 225 235 244 248 252 254 259 265 266 276 (68.0)
27: 242 243 250 253 262 264 270 277 279 (75.0)
28: 251 268 269 271 274 278 284 288 297 309 314 (59.0)
29: 272 280 283 289 293 294 312 315 (54.0)
30: 267 281 285 287 298 299 302 303 306 307 327 335 (77.0)
31: 273 275 286 290 291 300 301 304 308 310 311 317 319 322 (83.0)
32: 282 305 313 326 330 340 (68.0)
33: 296 316 321 324 325 333 338 343 345 358 (53.0)
34: 292 295 334 336 337 339 346 354 365 (65.0)
35: 318 323 328 329 332 341 348 355 360 366 372 378 380 (66.0)
36: 331 342 351 359 362 363 364 367 368 (77.0)
37: 320 347 350 352 353 369 383 386 389 (80.0)
38: 344 349 371 374 376 377 387 391 392 397 404 (73.0)
39: 356 357 373 375 379 381 385 394 398 399 402 403 405 419 (72.0)
40: 361 370 384 388 390 393 395 396 410 417 439 (95.0)
41: 401 406 407 408 422 438 448 449 (62.0)
42: 382 400 409 411 412 414 423 426 427 429 435 441 (100.0)
43: 413 415 418 420 421 424 434 437 446 (65.0)
44: 425 428 431 432 433 444 457 460 (63.0)
45: 416 430 436 440 452 456 463 468 473 (66.0)
46: 443 450 454 459 461 467 481 487 488 (75.0)
47: 442 445 451 453 455 458 464 472 476 479 485 491 492 493 496 (79.0)
48: 462 465 466 469 470 471 474 483 484 489 490 494 497 (90.0)
49: 447 477 478 482 503 508 509 511 528 (75.0)
50: 475 498 501 504 518 527 (73.0)
51: 480 486 502 507 510 513 519 520 549 (89.0)
52: 495 499 505 512 514 516 517 522 530 532 533 (76.0)
53: 506 515 521 523 525 526 535 538 541 548 554 (69.0)
54: 524 529 531 537 539 (60.0)
55: 500 536 540 544 557 562 565 566 579 589 (97.0)
56: 543 546 550 551 552 555 558 561 564 568 570 573 577 (86.0)
57: 542 553 559 563 (57.0)
58: 534 545 547 560 569 571 582 587 588 591 595 598 607 613 (94.0)
59: 556 567 572 574 575 578 584 585 602 (87.0)
60: 576 586 593 597 603 616 621 624 626 639 (83.0)
61: 581 583 596 599 601 605 606 609 612 615 618 622 (77.0)
62: 580 594 604 611 617 627 629 644 651 (83.0)
63: 590 592 600 608 619 623 635 636 664 (100.0)
64: 614 620 625 628 630 638 646 658 (100.0)
65: 633 634 637 640 657 659 667 (100.0)
66: 610 631 641 643 645 652 653 654 655 665 684 (101.0)
67: 632 642 647 648 649 650 663 666 668 672 676 685 686 689 692 (100.0)
68: 656 660 662 674 679 683 690 712 (102.0)
69: 661 669 670 673 675 677 681 688 691 694 696 704 726 (96.0)
70: 682 687 697 699 701 703 705 706 715 719 734 737 (100.0)
71: 678 680 708 710 711 720 736 (100.0)
72: 671 693 695 702 707 709 725 729 732 (100.0)
73: 698 700 714 716 717 718 724 733 735 740 746 (92.0)
74: 713 721 722 723 727 728 730 731 738 741 (85.0)
75: 739 742 743 744 745 747 748 749 (101.0)
