Name: 750-20-30
Time: 20.10615038871765 
Result: 2012
Solution:  0 0 0 1 3 0 1 0 1 0 4 2 5 1 1 1 5 4 0 1 1 4 3 1 2 2 2 2 5 0 3 3 1 1 7 4 3 2 2 4 6 4 2 5 5 5 5 5 1 2 1 2 6 3 6 6 6 5 8 4 7 6 6 8 8 5 8 9 3 8 10 8 7 6 8 8 8 6 9 6 12 9 9 10 8 8 6 13 8 6 10 8 10 6 8 6 10 10 9 11 11 7 10 10 8 13 13 10 7 13 10 12 11 13 13 11 12 11 11 11 14 13 12 17 12 11 13 11 13 11 12 17 15 13 15 12 10 15 11 14 15 14 14 18 13 15 15 15 18 14 16 13 16 16 16 17 16 19 16 17 17 19 18 17 17 16 20 16 16 19 20 15 18 18 19 18 21 18 15 18 18 20 19 18 15 20 19 19 18 16 17 21 22 20 18 21 21 22 21 19 20 21 18 20 21 20 20 21 20 23 23 21 20 20 20 22 26 21 22 22 24 24 23 24 22 20 22 21 23 21 26 24 24 24 22 23 24 22 25 25 25 24 26 25 26 28 27 25 25 28 23 26 26 28 27 26 24 30 24 26 27 24 29 25 27 25 25 31 23 27 27 28 25 28 27 27 28 30 28 26 29 27 28 28 28 30 28 29 32 30 29 28 30 31 29 29 28 31 31 30 33 31 31 31 28 32 31 34 34 31 33 28 32 31 30 30 32 34 34 35 32 33 31 33 32 32 32 30 31 34 38 35 32 31 31 33 35 34 36 35 37 32 35 32 35 36 32 35 34 33 34 35 36 34 38 35 36 35 34 35 36 36 34 35 37 34 41 36 37 36 39 34 39 37 42 38 41 36 39 39 42 38 38 39 39 39 39 39 40 40 38 40 39 40 43 37 40 37 40 40 39 39 40 40 40 42 44 41 44 43 42 41 41 39 41 40 42 43 44 40 41 40 42 39 43 40 43 44 43 43 43 44 44 48 44 41 43 46 41 44 41 44 44 45 46 42 45 46 45 49 48 47 47 46 45 47 46 47 46 45 45 45 47 49 45 45 44 45 49 48 49 45 44 47 47 47 49 47 51 46 51 49 48 51 50 49 49 50 47 50 52 51 49 49 50 49 54 53 50 50 51 48 55 50 51 55 51 54 53 51 50 53 55 50 51 50 49 49 56 49 53 53 51 52 53 54 52 54 54 53 57 53 52 52 53 53 58 57 51 52 57 57 52 55 54 56 55 54 52 55 55 56 54 57 56 55 56 58 55 55 58 61 59 55 56 57 57 56 57 60 58 61 61 57 58 58 58 61 55 54 61 61 56 58 58 60 62 59 59 63 60 60 59 61 60 59 58 61 58 61 57 60 61 61 63 63 63 62 58 59 62 64 60 64 61 62 63 62 64 59 59 63 65 63 62 59 64 65 66 62 63 64 62 61 65 68 62 64 63 64 65 65 64 61 63 67 66 66 65 66 67 66 67 67 68 66 68 68 65 63 70 67 66 64 67 66 69 65 68 64 66 67 68 66 66 69 69 69 67 68 69 68 69 65 70 65 69 68 69 73 69 72 70 72 70 72 71 66 68 74 71 72 71 72 70 72 71 73 70 69 71 70 74 73 73 72 73 71 73 74 71 70 73 74 70 72 73 74 74 72 72 74 73 75 73 74 72 72 73 74 74 75 74 74 75 75 75 74 75 75
0: 0 1 2 5 7 9 18 29 (22.0)
1: 3 6 8 13 14 15 19 20 23 32 33 48 50 (21.0)
2: 11 24 25 26 27 37 38 42 49 51 (20.0)
3: 4 22 30 31 36 53 68 (22.0)
4: 10 17 21 35 39 41 59 (20.0)
5: 12 16 28 43 44 45 46 47 57 65 (20.0)
6: 40 52 54 55 56 61 62 73 77 79 86 89 93 95 (20.0)
7: 34 60 72 101 108 (20.0)
8: 58 63 64 66 69 71 74 75 76 84 85 88 91 94 104 (20.0)
9: 67 78 81 82 98 (22.0)
10: 70 83 90 92 96 97 102 103 107 110 136 (23.0)
11: 99 100 112 115 117 118 119 125 127 129 138 (20.0)
12: 80 111 116 122 124 130 135 (21.0)
13: 87 105 106 109 113 114 121 126 128 133 144 151 (20.0)
14: 120 139 141 142 149 (21.0)
15: 132 134 137 140 145 146 147 171 178 184 (21.0)
16: 150 152 153 154 156 158 165 167 168 189 (20.0)
17: 123 131 155 159 160 163 164 190 (24.0)
18: 143 148 162 172 173 175 177 179 180 183 188 194 202 (21.0)
19: 157 161 169 174 182 186 187 199 (20.0)
20: 166 170 181 185 193 200 203 205 206 208 212 213 214 225 (22.0)
21: 176 191 195 196 198 201 204 207 211 217 227 229 (20.0)
22: 192 197 215 218 219 224 226 234 237 (20.0)
23: 209 210 222 228 235 250 268 (27.0)
24: 220 221 223 231 232 233 236 241 256 258 261 (26.0)
25: 238 239 240 243 247 248 263 265 266 272 (23.0)
26: 216 230 242 244 251 252 255 259 279 (22.0)
27: 246 254 260 264 269 270 274 275 281 (23.0)
28: 245 249 253 271 273 276 278 282 283 284 286 291 296 304 311 (22.0)
29: 262 280 287 290 294 295 (23.0)
30: 257 277 285 289 292 299 314 315 327 (21.0)
31: 267 293 297 298 301 302 303 306 309 313 322 328 333 334 (24.0)
32: 288 305 312 316 320 324 325 326 332 341 343 346 (26.0)
33: 300 310 321 323 335 349 (25.0)
34: 307 308 317 318 329 337 348 350 353 358 362 365 371 (21.0)
35: 319 331 336 339 342 344 347 351 355 357 359 363 (25.0)
36: 338 345 352 356 360 361 367 369 377 (26.0)
37: 340 364 368 373 395 397 (23.0)
38: 330 354 375 381 382 390 (29.0)
39: 370 372 378 379 383 384 385 386 387 392 400 401 413 423 (30.0)
40: 388 389 391 393 396 398 399 402 403 404 415 419 421 425 (25.0)
41: 366 376 407 411 412 414 420 435 438 440 (25.0)
42: 374 380 405 410 416 422 445 (22.0)
43: 394 409 417 424 426 428 429 430 436 (25.0)
44: 406 408 418 427 431 432 434 439 441 442 466 472 (27.0)
45: 443 446 448 454 459 460 461 464 465 467 471 (27.0)
46: 437 444 447 453 456 458 479 (24.0)
47: 451 452 455 457 462 473 474 475 477 488 (23.0)
48: 433 450 469 482 501 (20.0)
49: 449 463 468 470 476 481 485 486 492 493 495 516 517 519 (29.0)
50: 484 487 489 494 498 499 503 510 513 515 (27.0)
51: 478 480 483 491 500 504 506 509 514 522 538 (29.0)
52: 490 523 526 532 533 539 542 548 (28.0)
53: 497 508 511 520 521 524 529 531 534 535 (30.0)
54: 496 507 525 527 528 544 547 552 579 (30.0)
55: 502 505 512 543 546 549 550 555 558 559 563 578 (28.0)
56: 518 545 551 554 556 564 567 582 (26.0)
57: 530 537 540 541 553 565 566 568 573 600 (30.0)
58: 536 557 560 570 574 575 576 583 584 596 598 608 (30.0)
59: 562 587 588 592 595 609 619 620 625 (29.0)
60: 569 585 590 591 594 601 612 (28.0)
61: 561 571 572 577 580 581 593 597 599 602 603 614 633 643 (30.0)
62: 586 607 610 615 617 624 629 632 636 (27.0)
63: 589 604 605 606 616 621 623 630 638 644 659 (30.0)
64: 611 613 618 626 631 637 639 642 663 669 (24.0)
65: 622 627 634 640 641 648 658 667 683 685 (29.0)
66: 628 646 647 649 651 655 662 665 670 673 674 697 (30.0)
67: 645 650 652 653 661 664 671 678 (30.0)
68: 635 654 656 657 668 672 679 681 687 698 (30.0)
69: 666 675 676 677 680 682 686 688 690 709 (30.0)
70: 660 684 692 694 704 708 711 721 724 (28.0)
71: 696 700 702 706 710 717 720 (30.0)
72: 691 693 695 701 703 705 715 725 729 730 736 737 (29.0)
73: 689 707 713 714 716 718 722 726 732 734 738 (29.0)
74: 699 712 719 723 727 728 731 735 739 740 742 743 747 (28.0)
75: 733 741 744 745 746 748 749 (32.0)
