Name: 750-60-125
Time: 20.604214429855347 
Result: 64
Solution:  0 0 0 0 0 0 1 0 2 3 4 3 0 4 4 1 1 2 2 3 3 0 0 2 3 0 4 1 0 1 4 6 1 4 1 0 3 5 6 4 4 4 3 4 2 3 4 8 5 4 7 4 6 8 7 5 9 5 6 4 4 8 6 8 9 10 8 7 9 6 4 7 9 9 8 4 9 4 10 10 6 9 9 8 9 10 10 5 9 8 11 9 9 11 8 13 10 13 13 9 10 7 10 11 12 11 9 15 11 11 12 14 15 12 11 9 14 12 12 11 15 16 14 12 10 9 11 10 12 14 13 11 14 13 12 14 14 12 14 13 15 16 11 16 17 16 15 16 16 19 18 15 15 16 17 17 18 16 18 13 17 16 19 14 20 18 18 18 15 16 15 17 16 17 17 19 17 19 16 22 19 19 21 18 19 21 17 21 16 18 23 20 21 21 18 20 20 20 20 21 17 23 19 21 22 22 20 18 20 20 23 22 23 23 23 22 22 24 23 24 19 23 23 22 23 23 22 22 24 25 21 26 25 25 21 24 22 23 25 20 22 25 24 26 25 25 26 25 27 26 26 27 25 26 27 25 27 25 27 24 27 25 27 27 27 28 29 27 30 29 26 28 28 29 26 29 31 30 27 28 30 29 25 27 31 27 31 27 29 32 27 30 30 32 30 28 31 28 27 29 28 31 32 31 31 31 32 31 31 32 35 30 31 34 33 31 34 35 35 34 34 32 30 33 33 30 30 34 35 29 33 36 33 32 35 34 35 33 35 38 31 34 34 32 32 33 34 33 33 35 33 38 39 32 37 39 34 35 33 36 37 35 37 33 35 38 39 40 40 36 37 38 37 37 36 39 41 37 36 40 38 38 36 40 37 39 39 39 39 38 40 38 38 40 41 37 43 40 39 41 43 40 40 42 42 42 41 41 42 41 45 41 41 44 44 42 42 44 42 41 42 44 45 41 45 42 44 42 44 43 44 42 46 40 44 46 45 47 46 43 43 43 46 45 45 44 44 46 46 46 47 46 46 44 44 46 45 44 46 47 47 47 44 45 46 48 51 50 51 50 51 47 46 46 49 47 44 48 48 50 51 49 49 52 47 45 46 51 50 49 54 47 50 50 50 48 49 48 49 47 48 52 48 51 54 51 51 51 49 50 54 52 51 52 56 55 53 50 56 53 53 56 51 53 54 53 54 56 51 50 53 52 55 56 53 54 55 53 56 57 54 55 57 55 53 54 56 58 52 54 52 56 54 57 59 59 59 54 57 55 57 57 54 55 59 60 58 55 55 55 57 60 60 58 59 57 60 56 59 58 58 60 59 56 59 61 58 59 58 62 62 58 58 60 60 61 59 61 61 56 61 61 62 61 64 61 60 58 60 61 64 60 62 59 61 62 61 60 64 63 63 63 63 67 61 63 64 60 65 62 63 68 64 65 64 63 62 65 65 66 64 65 66 65 66 64 64 65 62 65 62 68 66 65 67 67 66 69 63 66 66 70 68 65 67 64 68 69 66 67 68 64 66 67 69 68 66 65 68 69 69 73 71 69 72 68 67 69 70 70 73 68 69 70 67 74 66 72 68 68 71 70 71 74 73 70 71 71 70 73 72 73 73 69 70 69 74 72 71 72 74 70 74 74 73 73 73 71 73 72 75 74 74 75 75 71 73 73 74 74 75 74 74 73 72 75 72 72 73 75
0: 0 1 2 3 4 5 7 12 21 22 25 28 35 (62.0)
1: 6 15 16 27 29 32 34 (61.0)
2: 8 17 18 23 44 (81.0)
3: 9 11 19 20 24 36 42 45 (64.0)
4: 10 13 14 26 30 33 39 40 41 43 46 49 51 59 60 70 75 77 (66.0)
5: 37 48 55 57 87 (63.0)
6: 31 38 52 58 62 69 80 (65.0)
7: 50 54 67 71 101 (67.0)
8: 47 53 61 63 66 74 83 89 94 (74.0)
9: 56 64 68 72 73 76 81 82 84 88 91 92 99 106 115 125 (66.0)
10: 65 78 79 85 86 96 100 102 124 127 (67.0)
11: 90 93 103 105 108 109 114 119 126 131 142 (73.0)
12: 104 110 113 117 118 123 128 134 137 (74.0)
13: 95 97 98 130 133 139 159 (67.0)
14: 111 116 122 129 132 135 136 138 163 (67.0)
15: 107 112 120 140 146 151 152 168 170 (79.0)
16: 121 141 143 145 147 148 153 157 161 169 172 178 188 (74.0)
17: 144 154 155 160 171 173 174 176 186 200 (87.0)
18: 150 156 158 165 166 167 183 189 194 207 (80.0)
19: 149 162 175 177 180 181 184 202 220 (72.0)
20: 164 191 195 196 197 198 206 208 209 239 (81.0)
21: 182 185 187 192 193 199 203 230 234 (86.0)
22: 179 204 205 211 215 216 223 226 227 236 240 (77.0)
23: 190 201 210 212 213 214 218 221 222 224 225 237 (83.0)
24: 217 219 228 235 242 259 (73.0)
25: 229 232 233 238 241 244 245 247 252 255 257 261 282 (79.0)
26: 231 243 246 249 250 253 270 274 (81.0)
27: 248 251 254 256 258 260 262 263 264 267 278 283 285 287 290 298 (118.0)
28: 265 271 272 279 295 297 300 (65.0)
29: 266 269 273 275 281 288 299 329 (71.0)
30: 268 277 280 291 292 294 311 322 325 326 (83.0)
31: 276 284 286 296 301 303 304 305 307 308 312 315 340 (108.0)
32: 289 293 302 306 309 321 333 343 344 353 (85.0)
33: 314 323 324 330 332 337 345 347 348 350 358 363 (97.0)
34: 313 316 319 320 327 335 341 342 346 356 (101.0)
35: 310 317 318 328 334 336 338 349 357 361 364 (104.0)
36: 331 359 369 374 378 382 (65.0)
37: 354 360 362 370 372 373 377 384 395 (90.0)
38: 339 351 365 371 380 381 389 391 392 (86.0)
39: 352 355 366 375 385 386 387 388 398 (88.0)
40: 367 368 379 383 390 393 397 401 402 433 (106.0)
41: 376 394 399 406 407 409 411 412 419 423 (97.0)
42: 403 404 405 408 415 416 418 420 425 427 431 (115.0)
43: 396 400 429 439 440 441 (124.0)
44: 413 414 417 421 426 428 430 434 445 446 453 454 457 462 476 (121.0)
45: 410 422 424 436 443 444 456 463 485 (89.0)
46: 432 435 438 442 447 448 449 451 452 455 458 464 472 473 486 (94.0)
47: 437 450 459 460 461 471 475 484 491 499 (123.0)
48: 465 477 478 495 497 500 502 (83.0)
49: 474 481 482 489 496 498 508 (92.0)
50: 467 469 479 488 492 493 494 509 517 529 (125.0)
51: 466 468 470 480 487 503 505 506 507 512 522 528 (123.0)
52: 483 501 511 513 531 548 550 (93.0)
53: 516 519 520 523 525 530 534 537 544 (125.0)
54: 490 504 510 524 526 535 540 545 549 552 557 562 (104.0)
55: 515 532 536 541 543 559 563 567 568 569 (110.0)
56: 514 518 521 527 533 538 546 551 577 583 599 (94.0)
57: 539 542 553 558 560 561 570 575 (99.0)
58: 547 566 573 579 580 586 588 591 592 607 (99.0)
59: 554 555 556 564 574 578 582 584 587 596 613 (115.0)
60: 565 571 572 576 581 593 594 606 608 611 617 627 (121.0)
61: 585 595 597 598 600 601 603 605 609 614 616 624 (117.0)
62: 589 590 602 612 615 629 636 648 650 (124.0)
63: 619 620 621 622 625 630 635 658 (93.0)
64: 604 610 618 626 632 634 640 645 646 665 671 (116.0)
65: 628 633 637 638 641 643 647 649 653 663 677 (120.0)
66: 639 642 644 652 656 659 660 668 672 676 696 (123.0)
67: 623 654 655 664 669 673 686 694 (110.0)
68: 631 651 662 666 670 675 678 685 691 698 699 (109.0)
69: 657 667 674 679 680 683 687 692 713 715 (120.0)
70: 661 688 689 693 701 705 708 714 721 (110.0)
71: 682 700 702 706 707 718 727 735 (123.0)
72: 684 697 710 717 719 729 744 746 747 (105.0)
73: 681 690 704 709 711 712 724 725 726 728 736 737 743 748 (123.0)
74: 695 703 716 720 722 723 731 732 738 739 741 742 (124.0)
75: 730 733 734 740 745 749 (123.0)
