Name: 750-30-50
Time: 41.43650221824646 
Result: 21
Solution:  1 0 1 0 0 0 0 0 2 1 3 2 1 4 3 2 0 2 1 0 3 3 3 2 3 3 3 0 6 3 4 2 3 4 3 4 4 6 2 3 6 8 0 2 4 6 3 3 2 4 5 6 8 3 6 5 5 4 5 5 7 8 8 11 3 7 7 8 9 5 4 6 6 8 8 10 10 9 10 7 8 8 10 10 9 9 10 11 6 7 13 12 8 13 10 10 11 10 10 13 9 13 10 9 9 11 9 8 9 13 12 10 13 11 12 14 10 11 12 10 13 12 13 14 15 13 13 14 17 14 14 13 15 12 11 13 15 14 12 14 16 17 15 15 17 13 12 13 17 15 17 18 17 14 16 18 16 16 16 14 18 14 16 14 17 19 18 21 17 16 18 18 16 19 16 20 21 15 21 19 19 23 18 15 21 20 20 21 20 19 21 18 19 20 22 20 20 17 21 20 22 20 20 22 24 20 20 22 21 22 23 22 25 22 22 22 22 23 22 19 23 20 23 22 23 27 21 22 23 24 24 25 22 24 22 25 24 24 20 26 24 24 29 22 26 26 27 23 24 25 23 28 26 28 26 24 30 26 24 26 27 30 27 30 31 28 27 27 27 28 28 30 26 28 29 26 27 27 28 25 26 30 27 30 29 28 29 25 26 26 29 30 32 31 29 30 27 30 31 29 28 30 31 30 29 31 30 30 33 29 32 30 33 33 32 33 32 32 32 32 31 33 32 32 32 29 32 30 31 30 34 36 34 33 33 34 34 34 36 34 33 32 34 35 36 35 34 34 33 36 36 39 35 36 36 33 35 38 36 36 37 38 35 39 36 33 41 37 37 40 35 34 37 37 39 38 35 36 38 37 38 40 38 37 40 38 39 35 39 39 40 38 42 40 41 41 40 41 39 41 44 41 39 41 40 38 37 42 44 42 40 39 41 44 42 45 38 43 43 38 45 41 43 42 44 42 42 42 45 43 46 45 44 43 45 46 45 46 44 43 45 47 48 43 43 45 46 48 44 44 42 46 45 46 44 43 46 49 49 46 45 47 49 46 48 47 46 45 46 48 47 46 46 48 48 47 49 49 48 51 51 48 48 51 51 48 50 49 50 48 51 49 46 48 49 49 49 48 51 50 50 55 49 48 53 51 53 51 51 55 52 50 52 49 52 56 52 52 52 56 51 52 57 52 53 54 53 53 56 53 54 55 54 53 56 58 53 55 50 54 57 54 58 56 54 56 55 54 55 55 53 57 53 58 57 57 55 52 56 55 57 56 57 61 57 57 60 57 57 56 56 58 60 56 60 56 56 61 59 59 58 57 60 61 58 60 61 60 60 61 59 58 60 63 61 61 57 61 58 59 62 64 61 63 62 61 59 62 60 63 60 60 59 66 66 62 61 62 63 64 62 60 62 63 62 65 64 64 65 59 64 64 63 65 66 63 64 63 64 65 65 63 62 64 67 68 62 65 61 64 67 66 66 63 66 64 65 67 67 66 68 70 68 66 66 67 67 67 69 66 65 69 66 71 67 69 70 68 69 66 69 69 68 67 68 69 68 71 72 70 70 69 69 72 69 73 69 72 68 70 74 71 72 68 74 74 70 69 71 68 72 72 70 74 75 70 69 73 71 75 72 73 74 71 73 73 72 73 70 74 75 73 74 74 75 70 71 71 73 71 73 73 75 75 75 75 74 74 72 74
0: 1 3 4 5 6 7 16 19 27 42 (31.0)
1: 0 2 9 12 18 (31.0)
2: 8 11 15 17 23 31 38 43 48 (31.0)
3: 10 14 20 21 22 24 25 26 29 32 34 39 46 47 53 64 (32.0)
4: 13 30 33 35 36 44 49 57 70 (31.0)
5: 50 55 56 58 59 69 (31.0)
6: 28 37 40 45 51 54 71 72 88 (31.0)
7: 60 65 66 79 89 (30.0)
8: 41 52 61 62 67 73 74 80 81 92 107 (30.0)
9: 68 77 84 85 100 103 104 106 108 (32.0)
10: 75 76 78 82 83 86 94 95 97 98 102 111 116 119 (31.0)
11: 63 87 96 105 113 117 134 (33.0)
12: 91 110 114 118 121 133 138 146 (30.0)
13: 90 93 99 101 109 112 120 122 125 126 131 135 145 147 (32.0)
14: 115 123 127 129 130 137 139 153 159 161 163 (32.0)
15: 124 132 136 142 143 149 177 183 (34.0)
16: 140 154 156 157 158 162 169 172 174 (46.0)
17: 128 141 144 148 150 152 164 168 197 (34.0)
18: 151 155 160 166 170 171 182 191 (30.0)
19: 165 173 179 180 189 192 219 (37.0)
20: 175 185 186 188 193 195 196 199 201 202 205 206 221 238 (35.0)
21: 167 176 178 184 187 190 198 208 226 (34.0)
22: 194 200 203 207 209 211 213 214 215 216 218 223 227 232 234 243 (40.0)
23: 181 210 217 220 222 224 228 247 250 (39.0)
24: 204 229 230 233 236 237 240 241 248 255 258 (39.0)
25: 212 231 235 249 279 287 (32.0)
26: 239 244 245 252 254 257 259 272 275 280 288 289 (46.0)
27: 225 246 260 262 266 267 268 276 277 282 296 (46.0)
28: 251 253 265 269 270 273 278 285 300 (43.0)
29: 242 274 284 286 290 294 299 304 309 325 (39.0)
30: 256 261 263 271 281 283 291 295 297 301 303 306 307 311 327 329 (43.0)
31: 264 293 298 302 305 320 328 (33.0)
32: 292 310 314 316 317 318 319 322 323 324 326 341 (37.0)
33: 308 312 313 315 321 333 334 340 348 355 365 (33.0)
34: 330 332 335 336 337 339 342 346 347 371 (35.0)
35: 343 345 352 356 362 370 376 387 (37.0)
36: 331 338 344 349 350 353 354 358 359 364 377 (37.0)
37: 360 367 368 372 373 379 383 406 (37.0)
38: 357 361 375 378 380 382 385 391 405 416 419 (43.0)
39: 351 363 374 386 388 389 398 402 411 (44.0)
40: 369 381 384 390 393 396 404 410 (39.0)
41: 366 394 395 397 399 401 403 412 421 (39.0)
42: 392 407 409 414 423 425 426 427 450 (45.0)
43: 417 418 422 429 433 439 443 444 455 (46.0)
44: 400 408 413 424 432 438 448 449 454 (36.0)
45: 415 420 428 431 434 436 440 445 452 460 467 (40.0)
46: 430 435 437 446 451 453 456 459 463 466 468 471 472 492 (42.0)
47: 441 461 465 470 475 (36.0)
48: 442 447 464 469 473 474 478 481 482 485 489 493 497 503 (43.0)
49: 457 458 462 476 477 487 491 494 495 496 502 513 (36.0)
50: 486 488 499 500 511 538 (32.0)
51: 479 480 483 484 490 498 505 507 508 520 (50.0)
52: 510 512 514 516 517 518 521 523 557 (43.0)
53: 504 506 524 526 527 529 533 536 550 552 (50.0)
54: 525 530 532 539 541 544 547 (41.0)
55: 501 509 531 537 546 548 549 556 559 (50.0)
56: 515 519 528 534 543 545 558 561 569 570 573 575 576 (43.0)
57: 522 540 551 554 555 560 562 564 565 567 568 581 596 (50.0)
58: 535 542 553 571 580 584 591 598 (50.0)
59: 578 579 590 599 606 612 629 (40.0)
60: 566 572 574 582 585 587 588 592 608 610 611 621 (45.0)
61: 563 577 583 586 589 594 595 597 602 605 616 648 (40.0)
62: 600 604 607 615 617 620 622 624 642 646 (49.0)
63: 593 603 609 618 623 632 635 637 641 653 (50.0)
64: 601 619 626 627 630 631 636 638 643 649 655 (41.0)
65: 625 628 633 639 640 647 656 670 (50.0)
66: 613 614 634 651 652 654 659 663 664 669 672 679 (46.0)
67: 644 650 657 658 665 666 667 674 683 (44.0)
68: 645 660 662 677 682 684 686 698 703 709 (50.0)
69: 668 671 675 678 680 681 685 691 692 694 696 707 716 (50.0)
70: 661 676 689 690 699 706 712 715 728 735 (50.0)
71: 673 687 701 708 718 723 736 737 739 (51.0)
72: 688 693 697 702 710 711 720 726 748 (42.0)
73: 695 717 721 724 725 727 731 738 740 741 (49.0)
74: 700 704 705 713 722 729 732 733 746 747 749 (50.0)
75: 714 719 730 734 742 743 744 745 (49.0)
