Name: 750-20-30
Time: 20.56111168861389 
Result: 3011
Solution:  0 0 0 1 0 0 1 0 0 1 2 3 5 5 0 2 0 1 2 1 0 5 3 1 0 5 1 2 1 5 3 3 5 3 7 2 3 4 6 6 3 4 2 4 5 4 4 4 7 1 4 1 5 7 4 6 3 6 9 4 7 6 5 9 7 6 8 7 3 5 5 9 6 11 11 9 8 8 8 10 8 9 8 10 10 11 11 10 8 6 9 11 10 9 9 9 6 10 8 11 11 10 13 11 11 13 10 11 10 10 12 11 11 9 13 12 12 13 8 12 12 13 9 16 13 11 13 13 15 14 14 11 14 15 14 15 10 14 13 14 16 15 15 15 15 15 14 14 15 13 16 13 15 19 14 18 14 17 17 18 19 15 17 17 17 16 20 19 20 19 18 17 18 16 17 17 20 20 16 20 19 20 17 17 16 17 20 18 19 15 17 22 21 21 21 19 22 21 20 17 20 18 20 24 21 22 24 19 20 23 22 23 22 18 20 20 24 24 22 21 22 22 24 23 21 26 21 21 25 21 26 24 25 23 22 23 24 22 24 24 24 24 23 25 26 27 25 25 26 26 23 27 27 25 29 23 25 28 27 26 24 27 29 26 27 27 27 30 27 27 28 28 25 26 27 27 27 30 28 26 29 28 33 28 33 30 27 29 29 29 28 27 30 34 32 28 27 33 30 32 32 33 33 32 30 33 32 31 32 31 31 33 32 32 34 32 30 33 32 31 30 33 32 33 33 34 34 33 32 32 35 34 33 34 33 33 36 34 38 34 35 37 35 32 38 36 32 36 38 36 34 36 38 35 37 35 36 36 37 36 35 37 37 35 37 36 37 36 38 40 41 34 37 37 38 38 39 39 38 39 39 38 39 39 39 39 40 40 38 40 42 39 39 40 40 39 42 37 41 44 42 41 41 39 39 42 42 41 40 43 41 40 42 42 42 44 45 40 39 40 41 46 45 47 42 41 43 45 46 43 45 44 43 46 44 45 41 44 46 43 43 45 46 43 44 42 43 45 45 45 49 47 46 46 44 42 46 45 44 46 46 48 47 48 48 43 48 45 46 51 47 47 45 45 49 48 48 47 49 47 50 49 49 49 49 49 49 51 53 50 50 49 48 50 50 49 52 49 48 51 47 50 53 54 49 52 50 48 53 53 52 53 55 51 51 52 49 51 56 53 52 49 52 50 54 53 52 54 54 52 58 53 52 51 52 57 53 55 54 55 56 55 54 51 55 56 57 55 51 51 54 57 53 57 55 55 57 59 53 56 56 59 59 55 56 57 56 53 57 58 58 59 61 57 61 60 58 57 55 59 58 63 57 58 55 61 62 59 59 62 60 59 60 61 60 59 58 59 58 61 60 61 65 60 61 64 64 62 60 61 64 64 60 65 59 62 63 59 61 64 61 65 63 59 61 62 64 67 63 63 67 64 63 64 64 63 65 63 64 67 62 65 65 65 65 68 66 68 69 65 66 63 70 65 67 66 68 65 66 65 71 66 68 65 71 63 69 63 68 65 68 68 69 66 68 67 70 70 69 69 66 71 69 67 69 65 70 68 69 69 72 68 67 70 70 74 67 68 71 69 72 71 72 69 68 71 70 71 73 69 72 71 74 74 72 72 73 72 68 74 70 69 73 75 73 74 71 73 74 75 74 75 72 73 73 71 71 71 74 75 74 75 74 75 75 74 75 75 75 75
0: 0 1 2 4 5 7 8 14 16 20 24 (21.0)
1: 3 6 9 17 19 23 26 28 49 51 (22.0)
2: 10 15 18 27 35 42 (21.0)
3: 11 22 30 31 33 36 40 56 68 (20.0)
4: 37 41 43 45 46 47 50 54 59 (20.0)
5: 12 13 21 25 29 32 44 52 62 69 70 (20.0)
6: 38 39 55 57 61 65 72 89 96 (21.0)
7: 34 48 53 60 64 67 (22.0)
8: 66 76 77 78 80 82 88 98 118 (24.0)
9: 58 63 71 75 81 90 93 94 95 113 122 (20.0)
10: 79 83 84 87 92 97 101 106 108 109 136 (20.0)
11: 73 74 85 86 91 99 100 103 104 107 111 112 125 131 (21.0)
12: 110 115 116 119 120 (21.0)
13: 102 105 114 117 121 124 126 127 138 149 151 (20.0)
14: 129 130 132 134 137 139 146 147 154 156 (20.0)
15: 128 133 135 141 142 143 144 145 148 152 161 189 (20.0)
16: 123 140 150 165 173 178 184 (21.0)
17: 157 158 162 163 164 171 174 175 182 183 185 190 199 (21.0)
18: 155 159 170 172 187 201 213 (22.0)
19: 153 160 167 169 180 188 195 207 (22.0)
20: 166 168 176 177 179 181 186 198 200 202 208 214 215 (22.0)
21: 192 193 194 197 204 219 224 226 227 229 (23.0)
22: 191 196 205 210 212 218 220 221 234 237 (23.0)
23: 209 211 223 233 235 242 250 255 (26.0)
24: 203 206 216 217 222 231 236 238 239 240 241 260 (24.0)
25: 228 232 243 246 247 253 256 272 (23.0)
26: 225 230 244 248 249 259 263 273 279 (23.0)
27: 245 251 252 258 261 264 265 266 268 269 274 275 276 286 291 296 (23.0)
28: 257 270 271 278 281 283 290 295 (20.0)
29: 254 262 280 287 288 289 (21.0)
30: 267 277 285 292 298 304 316 320 (22.0)
31: 307 309 310 319 (20.0)
32: 294 299 300 303 306 308 312 313 315 318 322 328 329 343 346 (23.0)
33: 282 284 297 301 302 305 311 317 321 323 324 327 332 334 335 (24.0)
34: 293 314 325 326 331 333 337 339 350 371 (21.0)
35: 330 340 342 353 355 360 363 (23.0)
36: 336 345 347 349 351 356 357 359 365 367 (24.0)
37: 341 354 358 361 362 364 366 372 373 397 (27.0)
38: 338 344 348 352 368 374 375 378 381 388 (27.0)
39: 376 377 379 380 382 383 384 385 391 392 395 403 404 418 (30.0)
40: 369 386 387 389 393 394 408 411 417 419 (24.0)
41: 370 398 401 402 407 410 420 425 436 (30.0)
42: 390 396 400 405 406 412 413 414 424 445 455 (26.0)
43: 409 426 429 432 439 440 443 446 465 (28.0)
44: 399 415 431 434 437 444 454 458 (24.0)
45: 416 422 427 430 435 441 447 448 449 457 467 472 473 (25.0)
46: 421 428 433 438 442 452 453 456 459 460 468 (24.0)
47: 423 451 462 470 471 477 479 500 (22.0)
48: 461 463 464 466 475 476 492 498 507 (24.0)
49: 450 474 478 481 482 483 484 485 486 491 495 497 504 516 521 (30.0)
50: 480 489 490 493 494 501 506 523 (25.0)
51: 469 487 499 513 514 517 533 543 548 549 (27.0)
52: 496 505 510 515 520 522 526 529 532 534 (30.0)
53: 488 502 508 509 511 519 525 531 536 552 558 567 (30.0)
54: 503 524 527 528 538 542 550 (30.0)
55: 512 537 539 541 544 547 554 555 563 578 584 (30.0)
56: 518 540 545 559 560 564 566 (24.0)
57: 535 546 551 553 556 565 568 573 577 582 (24.0)
58: 530 569 570 576 580 583 596 598 (30.0)
59: 557 561 562 571 579 587 588 591 595 597 614 617 623 (30.0)
60: 575 590 592 594 600 603 608 612 (30.0)
61: 572 574 585 593 599 601 604 609 618 620 624 (31.0)
62: 586 589 607 615 625 640 (30.0)
63: 581 616 622 628 629 632 635 637 651 665 667 (28.0)
64: 605 606 610 611 619 626 631 633 634 638 (27.0)
65: 602 613 621 636 641 642 643 644 649 653 657 659 663 669 685 (28.0)
66: 646 650 655 658 661 673 680 (27.0)
67: 627 630 639 654 675 683 692 696 (30.0)
68: 645 647 656 662 668 670 671 674 687 691 697 704 718 (30.0)
69: 648 666 672 678 679 682 684 688 689 699 703 709 721 (31.0)
70: 652 676 677 686 693 694 706 720 (30.0)
71: 660 664 681 698 701 705 707 711 726 735 736 737 (30.0)
72: 690 700 702 710 714 715 717 732 (30.0)
73: 708 716 722 724 727 733 734 (27.0)
74: 695 712 713 719 725 728 730 738 740 742 745 (29.0)
75: 723 729 731 739 741 743 744 746 747 748 749 (31.0)
