Name: 750-50-100
Time: 20.143648147583008 
Result: 3053
Solution:  0 0 1 0 1 1 3 2 2 2 3 0 0 0 4 0 2 2 5 5 4 3 4 3 2 1 3 3 0 3 3 4 2 3 7 3 4 3 7 7 1 3 3 4 5 5 8 7 7 4 2 6 4 7 6 8 5 7 7 6 7 5 9 7 7 7 5 9 4 3 5 10 6 5 8 5 7 7 7 9 7 9 7 8 10 7 12 6 10 9 11 6 11 10 10 13 11 12 9 8 11 12 13 13 14 11 8 13 12 11 10 10 13 11 12 10 15 12 13 12 15 13 14 15 13 13 15 16 12 12 14 14 15 15 16 12 11 14 15 14 16 15 13 13 16 15 12 14 15 15 19 15 18 15 15 16 18 17 18 19 17 19 18 15 17 16 17 16 15 18 18 19 19 19 14 20 21 17 19 17 18 19 17 17 16 17 18 22 15 19 22 21 22 20 17 19 20 16 21 21 21 20 21 20 25 23 22 22 20 22 20 22 24 21 26 21 22 19 20 24 22 25 22 21 19 25 19 25 23 23 24 23 23 23 24 21 21 24 22 27 26 22 28 24 26 22 25 25 21 25 26 27 27 27 29 23 29 25 23 27 24 26 27 26 29 28 29 23 29 25 28 32 26 28 29 32 26 27 28 28 27 31 27 30 26 30 31 29 28 31 30 32 34 29 27 32 32 29 30 33 31 32 32 28 30 33 31 29 32 30 31 31 33 31 29 32 32 31 33 30 35 37 35 32 35 31 33 31 34 32 33 32 34 36 33 30 34 35 34 34 37 36 34 33 38 36 35 34 35 38 39 38 36 36 34 36 39 36 35 36 35 41 37 37 37 35 36 39 40 34 40 38 38 39 40 36 36 35 35 37 40 35 38 40 39 39 39 40 43 39 40 42 40 40 39 38 40 41 39 43 41 45 38 38 40 38 41 41 44 42 41 42 42 41 44 44 45 40 42 39 42 40 39 47 43 42 43 43 43 41 47 45 45 44 43 45 45 43 43 43 44 41 47 48 44 45 43 46 44 42 46 46 45 47 45 47 42 45 46 46 48 46 47 45 49 49 46 49 47 50 48 51 47 48 48 46 49 48 50 46 51 51 53 51 52 51 49 48 48 49 49 48 49 48 47 50 47 50 50 53 53 50 51 50 50 51 50 51 51 50 51 53 50 51 54 54 53 53 51 53 52 57 52 53 55 52 55 51 53 52 56 55 50 57 55 52 55 54 55 54 56 54 54 55 52 58 54 52 55 54 58 54 60 56 53 57 56 55 55 57 57 56 55 56 60 53 55 60 56 56 55 57 58 58 56 59 61 55 56 58 61 61 59 62 60 58 60 57 60 59 58 58 62 61 58 58 61 58 57 59 62 63 57 60 60 61 59 59 64 62 59 62 63 59 64 61 60 60 60 63 63 59 61 64 60 64 63 62 62 66 61 64 64 64 62 64 63 63 64 63 66 67 67 67 62 65 65 66 68 62 68 65 69 65 63 68 67 65 63 66 69 68 68 63 69 65 67 67 66 68 67 72 66 67 68 70 69 67 69 65 68 70 68 70 67 69 69 69 67 68 68 71 68 67 71 71 72 66 73 70 75 70 73 70 71 70 70 72 70 71 71 69 73 74 73 71 71 71 73 70 70 74 74 74 70 72 69 73 74 72 74 73 72 73 73 70 70 70 75 75 73 74 75 75 75 73 71 75 75 72
0: 0 1 3 11 12 13 15 28 (56.0)
1: 2 4 5 25 40 (47.0)
2: 7 8 9 16 17 24 32 50 (52.0)
3: 6 10 21 23 26 27 29 30 33 35 37 41 42 69 (54.0)
4: 14 20 22 31 36 43 49 52 68 (50.0)
5: 18 19 44 45 56 61 66 70 73 75 (50.0)
6: 51 54 59 72 87 91 (50.0)
7: 34 38 39 47 48 53 57 58 60 63 64 65 76 77 78 80 82 85 (51.0)
8: 46 55 74 83 99 106 (50.0)
9: 62 67 79 81 89 98 (52.0)
10: 71 84 88 93 94 110 111 115 (62.0)
11: 90 92 96 100 105 109 113 136 (51.0)
12: 86 97 101 108 114 117 119 128 129 135 146 (73.0)
13: 95 102 103 107 112 118 121 124 125 142 143 (59.0)
14: 104 122 130 131 137 139 147 174 (54.0)
15: 116 120 123 126 132 133 138 141 145 148 149 151 153 154 163 168 188 (56.0)
16: 127 134 140 144 155 165 167 184 197 (52.0)
17: 157 160 164 166 177 179 182 183 185 194 (74.0)
18: 152 156 158 162 169 170 180 186 (56.0)
19: 150 159 161 171 172 173 178 181 189 195 217 224 226 (56.0)
20: 175 193 196 201 203 208 210 218 (66.0)
21: 176 191 198 199 200 202 213 215 223 235 236 248 (58.0)
22: 187 190 192 206 207 209 211 216 220 222 238 241 245 (67.0)
23: 205 228 229 231 232 233 255 258 267 (57.0)
24: 212 219 230 234 237 243 260 (66.0)
25: 204 221 225 227 246 247 249 257 269 (54.0)
26: 214 240 244 250 261 263 272 276 284 (57.0)
27: 239 251 252 253 259 262 277 280 282 294 (58.0)
28: 242 265 270 273 278 279 288 303 (64.0)
29: 254 256 264 266 268 274 287 293 297 307 314 (61.0)
30: 283 285 290 298 304 309 319 335 (55.0)
31: 281 286 289 300 306 310 311 313 317 325 327 (61.0)
32: 271 275 291 295 296 301 302 308 315 316 323 329 331 (68.0)
33: 299 305 312 318 326 330 334 343 (74.0)
34: 292 328 332 336 338 339 342 347 354 369 (75.0)
35: 320 322 324 337 346 348 358 360 365 377 378 381 (70.0)
36: 333 341 345 352 353 355 357 359 366 375 376 (65.0)
37: 321 340 362 363 364 379 (66.0)
38: 344 349 351 371 372 382 395 402 403 405 (80.0)
39: 350 356 367 373 384 385 386 389 394 398 419 422 (81.0)
40: 368 370 374 380 383 387 390 392 393 396 404 417 421 (86.0)
41: 361 397 400 406 407 410 413 429 441 (73.0)
42: 391 409 411 412 418 420 425 449 456 (79.0)
43: 388 399 424 426 427 428 434 437 438 439 446 (60.0)
44: 408 414 415 433 440 444 448 (61.0)
45: 401 416 431 432 435 436 445 452 454 457 463 (63.0)
46: 447 450 451 458 459 461 466 475 479 (90.0)
47: 423 430 442 453 455 462 468 472 494 496 (71.0)
48: 443 460 470 473 474 477 487 488 491 493 (72.0)
49: 464 465 467 476 486 489 490 492 (77.0)
50: 469 478 495 497 498 501 503 504 506 509 512 532 (93.0)
51: 471 480 481 483 485 502 505 507 508 510 513 518 527 (99.0)
52: 484 520 522 525 529 535 544 547 (70.0)
53: 482 499 500 511 516 517 519 523 528 554 565 (88.0)
54: 514 515 537 539 541 542 546 549 551 (88.0)
55: 524 526 531 534 536 538 543 548 557 558 562 566 570 577 (89.0)
56: 530 540 553 556 561 563 568 569 574 578 (100.0)
57: 521 533 555 559 560 571 587 598 602 (81.0)
58: 545 550 572 573 579 585 590 591 594 595 597 (100.0)
59: 575 582 589 599 606 607 610 613 621 (70.0)
60: 552 564 567 584 586 588 603 604 616 617 618 624 (86.0)
61: 576 580 581 593 596 605 615 622 630 (86.0)
62: 583 592 600 609 611 627 628 634 644 649 (100.0)
63: 601 612 619 620 626 636 637 639 654 658 663 (100.0)
64: 608 614 623 625 631 632 633 635 638 (89.0)
65: 645 646 651 653 657 665 679 (84.0)
66: 629 640 647 659 668 672 697 (86.0)
67: 641 642 643 656 666 667 670 673 677 684 688 693 (89.0)
68: 648 650 655 661 662 669 674 680 682 689 690 692 (99.0)
69: 652 660 664 676 678 685 686 687 711 726 (93.0)
70: 675 681 683 699 701 703 705 706 708 719 720 724 735 736 737 (100.0)
71: 691 694 695 704 709 710 715 716 717 746 (100.0)
72: 671 696 707 725 729 732 749 (100.0)
73: 698 702 712 714 718 727 731 733 734 740 745 (100.0)
74: 713 721 722 723 728 730 741 (77.0)
75: 700 738 739 742 743 744 747 748 (97.0)
