Name: 40-30-50
Time: 1.2837467193603516 
Result: 18
Solution:  2 1 0 4 2 1 3 5 0 3 5 8 6 4 7 6 8 7 13 5 8 10 12 11 12 11 15 9 12 9 13 14 14 16 15 15 12 16 14 16
0 : [2, 8] (32.0)
1 : [1, 5] (38.0)
2 : [0, 4] (31.0)
3 : [6, 9] (46.0)
4 : [3, 13] (47.0)
5 : [7, 10, 19] (45.0)
6 : [12, 15] (47.0)
7 : [14, 17] (47.0)
8 : [11, 16, 20] (47.0)
9 : [27, 29] (34.0)
10 : [21] (34.0)
11 : [23, 25] (49.0)
12 : [22, 24, 28, 36] (42.0)
13 : [18, 30] (49.0)
14 : [31, 32, 38] (46.0)
15 : [26, 34, 35] (38.0)
16 : [33, 37, 39] (49.0)
