Name: 40-20-30
Time: 1.239722490310669 
Result: 9
Solution:  0 0 1 2 3 1 2 0 4 4 3 1 7 7 8 5 6 8 6 5 11 10 7 12 10 11 9 16 14 14 13 13 15 16 15 17 19 19 18 17
0 : [0, 1, 7] (25.0)
1 : [2, 5, 11] (27.0)
2 : [3, 6] (27.0)
3 : [4, 10] (24.0)
4 : [8, 9] (22.0)
5 : [15, 19] (29.0)
6 : [16, 18] (24.0)
7 : [12, 13, 22] (26.0)
8 : [14, 17] (21.0)
9 : [26] (21.0)
10 : [21, 24] (25.0)
11 : [20, 25] (29.0)
12 : [23] (23.0)
13 : [30, 31] (29.0)
14 : [28, 29] (28.0)
15 : [32, 34] (26.0)
16 : [27, 33] (25.0)
17 : [35, 39] (23.0)
18 : [38] (21.0)
19 : [36, 37] (30.0)
