Name: 50-30-50
Time: 1.7831456661224365 
Result: 13
Solution:  3 0 0 0 2 3 2 5 6 4 5 3 2 4 5 5 6 7 7 7 9 9 8 7 9 12 11 13 10 10 9 9 13 8 12 9 11 14 14 15 14 13 11 15 15 15 16 16 17 17
0 : [1, 2, 3] (50.0)
1 : [] (0.0)
2 : [4, 6, 12] (41.0)
3 : [0, 5, 11] (38.0)
4 : [9, 13] (39.0)
5 : [7, 10, 14, 15] (38.0)
6 : [8, 16] (37.0)
7 : [17, 18, 19, 23] (46.0)
8 : [22, 33] (50.0)
9 : [20, 21, 24, 30, 31, 35] (37.0)
10 : [28, 29] (45.0)
11 : [26, 36, 42] (39.0)
12 : [25, 34] (47.0)
13 : [27, 32, 41] (49.0)
14 : [37, 38, 40] (47.0)
15 : [39, 43, 44, 45] (42.0)
16 : [46, 47] (50.0)
17 : [48, 49] (38.0)
