Name: 50-50-100
Time: 1.708099603652954 
Result: 42
Solution:  1 1 2 0 2 1 3 4 0 4 5 4 2 7 3 5 9 9 7 8 10 8 12 10 16 12 13 13 12 14 14 15 16 15 17 17 18 18 21 19 19 20 22 21 19 20 23 23 24 24
0 : [3, 8] (63.0)
1 : [0, 1, 5] (76.0)
2 : [2, 4, 12] (65.0)
3 : [6, 14] (63.0)
4 : [7, 9, 11] (63.0)
5 : [10, 15] (86.0)
6 : [] (0.0)
7 : [13, 18] (74.0)
8 : [19, 21] (80.0)
9 : [16, 17] (68.0)
10 : [20, 23] (69.0)
11 : [] (0.0)
12 : [22, 25, 28] (81.0)
13 : [26, 27] (77.0)
14 : [29, 30] (105.0)
15 : [31, 33] (86.0)
16 : [24, 32] (93.0)
17 : [34, 35] (84.0)
18 : [36, 37] (91.0)
19 : [39, 40, 44] (98.0)
20 : [41, 45] (96.0)
21 : [38, 43] (98.0)
22 : [42] (79.0)
23 : [46, 47] (96.0)
24 : [48, 49] (97.0)
