Name: 50-40-75
Time: 2.029754877090454 
Result: 24
Solution:  2 4 2 1 1 2 4 2 2 5 8 5 6 6 9 9 7 7 10 8 10 11 13 11 12 12 13 10 14 14 15 15 19 15 16 16 18 21 18 19 21 19 19 17 20 20 17 21 21 20
0 : [] (0.0)
1 : [3, 4] (60.0)
2 : [0, 2, 5, 7, 8] (57.0)
3 : [] (0.0)
4 : [1, 6] (53.0)
5 : [9, 11] (48.0)
6 : [12, 13] (47.0)
7 : [16, 17] (54.0)
8 : [10, 19] (70.0)
9 : [14, 15] (52.0)
10 : [18, 20, 27] (63.0)
11 : [21, 23] (65.0)
12 : [24, 25] (55.0)
13 : [22, 26] (55.0)
14 : [28, 29] (59.0)
15 : [30, 31, 33] (69.0)
16 : [34, 35] (53.0)
17 : [43, 46] (71.0)
18 : [36, 38] (54.0)
19 : [32, 39, 41, 42] (70.0)
20 : [44, 45, 49] (67.0)
21 : [37, 40, 47, 48] (67.0)
