Name: 40-40-75
Time: 1.7348194122314453 
Result: 19
Solution:  0 0 3 0 4 0 3 2 1 2 5 5 8 1 6 4 10 1 7 6 11 9 7 6 11 14 11 8 10 13 11 15 9 14 12 11 12 13 13 15
0 : [0, 1, 3, 5] (56.0)
1 : [8, 13, 17] (63.0)
2 : [7, 9] (54.0)
3 : [2, 6] (62.0)
4 : [4, 15] (71.0)
5 : [10, 11] (56.0)
6 : [14, 19, 23] (53.0)
7 : [18, 22] (59.0)
8 : [12, 27] (63.0)
9 : [21, 32] (55.0)
10 : [16, 28] (65.0)
11 : [20, 24, 26, 30, 35] (55.0)
12 : [34, 36] (67.0)
13 : [29, 37, 38] (53.0)
14 : [25, 33] (72.0)
15 : [31, 39] (72.0)
