Name: 40-20-30
Time: 3.1078617572784424 
Result: 8
Solution:  1 3 1 5 2 8 1 0 2 3 1 4 7 12 0 9 5 4 11 4 17 14 12 9 15 11 7 8 13 6 13 6 10 17 19 18 16 14 16 19
0 : [7, 14] (23.0)
1 : [0, 2, 6, 10] (26.0)
2 : [4, 8] (22.0)
3 : [1, 9] (26.0)
4 : [11, 17, 19] (24.0)
5 : [3, 16] (30.0)
6 : [29, 31] (29.0)
7 : [12, 26] (26.0)
8 : [5, 27] (28.0)
9 : [15, 23] (27.0)
10 : [32] (22.0)
11 : [18, 25] (23.0)
12 : [13, 22] (28.0)
13 : [28, 30] (25.0)
14 : [21, 37] (27.0)
15 : [24] (23.0)
16 : [36, 38] (24.0)
17 : [20, 33] (25.0)
18 : [35] (23.0)
19 : [34, 39] (23.0)
