Name: 50-10-15
Time: 5.023560047149658 
Result: 4
Solution:  0 0 2 3 4 2 6 2 9 3 6 11 4 0 7 8 14 5 1 1 9 5 10 9 13 7 16 10 12 11 15 13 12 8 14 16 18 18 17 13 17 14 19 19 21 19 18 20 21 21
0 : [0, 1, 13] (15.0)
1 : [18, 19] (12.0)
2 : [2, 5, 7] (11.0)
3 : [3, 9] (12.0)
4 : [4, 12] (13.0)
5 : [17, 21] (15.0)
6 : [6, 10] (11.0)
7 : [14, 25] (12.0)
8 : [15, 33] (11.0)
9 : [8, 20, 23] (13.0)
10 : [22, 27] (15.0)
11 : [11, 29] (14.0)
12 : [28, 32] (13.0)
13 : [24, 31, 39] (12.0)
14 : [16, 34, 41] (12.0)
15 : [30] (13.0)
16 : [26, 35] (13.0)
17 : [38, 40] (12.0)
18 : [36, 37, 46] (13.0)
19 : [42, 43, 45] (13.0)
20 : [47] (11.0)
21 : [44, 48, 49] (12.0)
