Name: 50-30-50
Time: 3.386404275894165 
Result: 16
Solution:  0 2 2 6 3 9 5 4 7 0 1 1 8 5 8 6 2 4 9 7 15 3 5 10 12 19 11 11 13 14 17 9 21 14 13 18 15 20 17 16 12 19 14 20 20 18 14 16 21 21
0 : [0, 9] (36.0)
1 : [10, 11] (39.0)
2 : [1, 2, 16] (34.0)
3 : [4, 21] (37.0)
4 : [7, 17] (50.0)
5 : [6, 13, 22] (36.0)
6 : [3, 15] (42.0)
7 : [8, 19] (50.0)
8 : [12, 14] (41.0)
9 : [5, 18, 31] (35.0)
10 : [23] (35.0)
11 : [26, 27] (43.0)
12 : [24, 40] (43.0)
13 : [28, 34] (45.0)
14 : [29, 33, 42, 46] (39.0)
15 : [20, 36] (49.0)
16 : [39, 47] (46.0)
17 : [30, 38] (45.0)
18 : [35, 45] (36.0)
19 : [25, 41] (43.0)
20 : [37, 43, 44] (49.0)
21 : [32, 48, 49] (43.0)
