Name: 50-40-75
Time: 3.124929904937744 
Result: 13
Solution:  2 0 2 1 1 1 0 0 5 0 2 3 1 2 5 8 5 6 8 2 3 3 9 4 6 8 9 4 7 12 9 10 6 12 14 11 4 12 11 7 13 15 11 13 14 14 10 16 15 16
0 : [1, 6, 7, 9] (57.0)
1 : [3, 4, 5, 12] (58.0)
2 : [0, 2, 10, 13, 19] (58.0)
3 : [11, 20, 21] (58.0)
4 : [23, 27, 36] (59.0)
5 : [8, 14, 16] (56.0)
6 : [17, 24, 32] (58.0)
7 : [28, 39] (57.0)
8 : [15, 18, 25] (66.0)
9 : [22, 26, 30] (61.0)
10 : [31, 46] (56.0)
11 : [35, 38, 42] (59.0)
12 : [29, 33, 37] (65.0)
13 : [40, 43] (59.0)
14 : [34, 44, 45] (58.0)
15 : [41, 48] (60.0)
16 : [47, 49] (69.0)
