Name: 50-20-30
Time: 3.670163631439209 
Result: 10
Solution:  7 0 0 0 7 3 2 1 6 6 2 4 9 8 1 9 16 10 4 12 11 14 12 3 10 5 10 11 8 15 15 13 16 14 10 12 19 10 11 17 13 20 15 18 19 20 17 20 20 18
0 : [1, 2, 3] (26.0)
1 : [7, 14] (23.0)
2 : [6, 10] (26.0)
3 : [5, 23] (28.0)
4 : [11, 18] (23.0)
5 : [25] (24.0)
6 : [8, 9] (22.0)
7 : [0, 4] (23.0)
8 : [13, 28] (28.0)
9 : [12, 15] (27.0)
10 : [17, 24, 26, 34, 37] (20.0)
11 : [20, 27, 38] (21.0)
12 : [19, 22, 35] (22.0)
13 : [31, 40] (22.0)
14 : [21, 33] (30.0)
15 : [29, 30, 42] (20.0)
16 : [16, 32] (30.0)
17 : [39, 46] (28.0)
18 : [43, 49] (29.0)
19 : [36, 44] (30.0)
20 : [41, 45, 47, 48] (25.0)
