Name: 50-50-100
Time: 3.552640914916992 
Result: 21
Solution:  0 1 1 0 2 3 2 3 0 5 6 4 8 4 3 11 6 8 14 14 11 5 9 9 5 12 7 15 5 10 15 7 18 8 12 8 13 20 16 15 17 13 17 15 17 18 15 19 20 19
0 : [0, 3, 8] (64.0)
1 : [1, 2] (72.0)
2 : [4, 6] (64.0)
3 : [5, 7, 14] (70.0)
4 : [11, 13] (68.0)
5 : [9, 21, 24, 28] (84.0)
6 : [10, 16] (73.0)
7 : [26, 31] (69.0)
8 : [12, 17, 33, 35] (66.0)
9 : [22, 23] (75.0)
10 : [29] (67.0)
11 : [15, 20] (80.0)
12 : [25, 34] (84.0)
13 : [36, 41] (64.0)
14 : [18, 19] (64.0)
15 : [27, 30, 39, 43, 46] (67.0)
16 : [38] (67.0)
17 : [40, 42, 44] (80.0)
18 : [32, 45] (82.0)
19 : [47, 49] (84.0)
20 : [37, 48] (85.0)
