Name: 100-40-75
Time: 4.394304275512695 
Result: 26049
Solution:  1 0 1 1 5 2 6 0 8 4 6 2 4 7 9 5 4 7 5 9 7 12 15 11 12 14 13 13 10 14 14 16 16 15 15 19 17 20 18 18 23 19 20 17 24 21 21 22 23 26 22 25 29 24 26 27 30 28 27 25 30 29 31 28 34 32 33 34 32 35 33 39 34 36 35 37 37 41 38 38 39 36 44 40 40 38 41 41 45 42 43 42 44 41 45 44 44 44 43 43
0: 1 7 (51.0)
1: 0 2 3 (51.0)
2: 5 11 (55.0)
3: (0.0)
4: 9 12 16 (43.0)
5: 4 15 18 (44.0)
6: 6 10 (44.0)
7: 13 17 20 (73.0)
8: 8 (38.0)
9: 14 19 (60.0)
10: 28 (45.0)
11: 23 (41.0)
12: 21 24 (52.0)
13: 26 27 (50.0)
14: 25 29 30 (63.0)
15: 22 33 34 (42.0)
16: 31 32 (50.0)
17: 36 43 (55.0)
18: 38 39 (54.0)
19: 35 41 (52.0)
20: 37 42 (55.0)
21: 45 46 (58.0)
22: 47 50 (43.0)
23: 40 48 (59.0)
24: 44 53 (60.0)
25: 51 59 (71.0)
26: 49 54 (73.0)
27: 55 58 (67.0)
28: 57 63 (69.0)
29: 52 61 (56.0)
30: 56 60 (67.0)
31: 62 (49.0)
32: 65 68 (40.0)
33: 66 70 (74.0)
34: 64 67 72 (73.0)
35: 69 74 (75.0)
36: 73 81 (73.0)
37: 75 76 (80.0)
38: 78 79 85 (73.0)
39: 71 80 (80.0)
40: 83 84 (61.0)
41: 77 86 87 93 (66.0)
42: 89 91 (87.0)
43: 90 98 99 (77.0)
44: 82 92 95 96 97 (74.0)
45: 88 94 (64.0)
