Name: 100-50-100
Time: 9.086487770080566 
Result: 52
Solution:  0 0 1 3 4 2 3 4 3 0 7 1 4 5 9 5 7 8 12 11 13 9 8 10 12 11 11 10 14 13 15 17 14 13 16 17 20 18 21 16 18 22 21 21 21 19 22 23 22 22 24 20 23 24 22 27 25 21 25 24 26 29 25 25 29 28 26 29 31 28 32 27 28 33 32 31 34 33 30 37 32 30 31 34 33 34 35 33 35 33 37 38 36 35 36 38 35 39 39 36
0: 0 1 9 (77.0)
1: 2 11 (76.0)
2: 5 (54.0)
3: 3 6 8 (85.0)
4: 4 7 12 (59.0)
5: 13 15 (57.0)
6: (0.0)
7: 10 16 (51.0)
8: 17 22 (51.0)
9: 14 21 (58.0)
10: 23 27 (85.0)
11: 19 25 26 (68.0)
12: 18 24 (82.0)
13: 20 29 33 (97.0)
14: 28 32 (77.0)
15: 30 (62.0)
16: 34 39 (75.0)
17: 31 35 (48.0)
18: 37 40 (75.0)
19: 45 (59.0)
20: 36 51 (60.0)
21: 38 42 43 44 57 (98.0)
22: 41 46 48 49 54 (95.0)
23: 47 52 (71.0)
24: 50 53 59 (68.0)
25: 56 58 62 63 (97.0)
26: 60 66 (92.0)
27: 55 71 (99.0)
28: 65 69 72 (100.0)
29: 61 64 67 (98.0)
30: 78 81 (92.0)
31: 68 75 82 (100.0)
32: 70 74 80 (100.0)
33: 73 77 84 87 89 (99.0)
34: 76 83 85 (100.0)
35: 86 88 93 96 (84.0)
36: 92 94 99 (73.0)
37: 79 90 (97.0)
38: 91 95 (76.0)
39: 97 98 (89.0)
