Name: 1000-30-50
Time: 69.60103511810303 
Result: 65
Solution:  0 3 1 2 0 2 1 3 3 6 5 5 6 8 7 7 10 9 9 10 13 8 14 12 11 9 13 11 15 14 12 15 19 14 18 14 17 19 21 17 21 19 23 25 22 23 20 20 24 24 22 27 25 27 26 29 28 26 29 30 33 31 32 31 32 30 33 35 35 34 34 39 36 38 34 38 34 37 42 36 40 37 39 41 40 42 45 43 45 47 43 41 46 48 47 46 52 48 50 49 50 52 50 51 52 55 49 54 51 55 56 55 54 56 59 60 58 58 59 61 60 62 62 61 64 64 63 62 65 65 63 64 66 68 66 67 69 66 69 68 68 67 70 70 71 73 74 73 75 76 74 71 77 76 79 78 79 75 77 78 80 80 82 83 81 85 84 82 83 84 81 86 86 89 88 83 85 88 87 87 90 90 89 92 94 93 93 92 92 94 98 93 96 96 100 97 98 101 100 97 99 101 101 102 101 102 104 103 107 104 105 105 109 106 108 103 107 106 108 110 110 109 110 112 113 114 112 109 115 114 116 113 115 117 117 118 114 116 120 118 121 118 119 120 122 123 119 123 121 123 127 126 126 128 129 124 129 129 127 126 128 130 132 132 134 133 133 130 133 135 135 136 134 138 136 139 136 138 137 137 141 143 143 142 141 144 143 142 143 144 145 147 145 146 147 146 150 148 146 149 149 152 154 148 150 151 152 151 153 154 153 157 158 155 157 156 159 158 157 159 160 162 163 160 160 161 162 164 167 163 165 165 166 167 164 168 166 167 169 173 169 168 170 172 171 170 177 172 176 171 173 177 175 175 174 178 177 178 179 179 180 180 185 178 181 182 183 181 185 184 186 181 187 188 187 183 186 189 191 193 189 190 192 194 191 188 192 195 192 198 197 196 196 195 198 200 196 199 200 197 200 202 201 202 203 201 204 203 204 202 205 208 205 209 206 205 210 206 207 209 209 212 213 210 208 211 214 215 213 211 214 212 216 214 216 218 215 217 218 220 221 220 223 219 221 219 224 224 226 222 222 227 225 223 225 227 228 229 229 228 230 233 232 231 231 232 234 236 236 236 233 235 234 236 232 233 236 238 237 235 236 239 238 238 238 240 240 239 240 243 241 241 237 242 246 241 243 244 246 245 241 245 245 244 242 247 244 245 247 249 249 247 248 250 248 250 246 251 247 246 249 251 251 253 250 251 253 257 255 252 254 254 254 256 256 259 256 259 258 254 257 260 257 255 261 261 258 262 259 264 265 260 259 263 262 261 263 263 261 266 266 264 265 265 266 267 265 269 266 268 269 268 270 267 269 270 270 272 268 270 274 270 270 272 268 273 274 275 271 277 271 275 273 276 278 276 278 277 275 278 277 279 276 276 280 278 276 279 278 280 283 284 278 282 281 282 283 281 281 285 286 284 282 285 284 286 289 286 287 287 287 288 288 288 288 289 291 290 290 290 295 293 292 292 294 292 292 291 289 294 296 294 298 297 293 294 296 298 296 297 295 297 298 297 299 301 301 304 300 299 300 304 301 303 301 302 303 304 306 304 308 305 303 304 307 305 304 308 311 309 306 310 305 307 310 309 309 310 313 309 315 311 311 310 312 312 313 313 314 315 314 314 317 313 315 318 319 316 319 317 316 317 316 316 320 323 315 319 323 318 321 324 321 321 323 320 322 319 325 322 323 324 325 323 324 326 326 328 328 329 327 326 324 328 329 327 329 331 330 330 329 328 333 333 335 332 334 331 335 331 332 331 335 335 333 337 336 338 334 336 336 338 339 336 339 337 337 337 341 341 341 343 342 340 340 346 340 345 339 343 347 343 344 346 347 346 347 345 345 348 344 348 350 351 349 348 349 351 348 353 347 353 350 352 353 352 353 356 354 353 353 356 354 357 355 357 357 356 354 355 359 358 360 355 360 360 361 360 360 359 364 363 362 362 364 358 361 361 363 366 363 365 365 363 364 366 367 365 368 367 367 369 370 367 370 368 368 371 371 368 372 370 369 375 372 370 376 369 373 373 374 375 375 374 378 376 374 377 373 379 377 379 380 377 382 377 377 378 380 379 381 382 385 384 380 382 381 382 383 384 383 384 386 385 386 384 383 387 389 387 387 389 388 388 390 389 385 390 392 389 388 391 393 391 392 391 393 396 393 395 397 392 395 394 394 398 396 399 396 401 397 401 401 394 401 401 398 397 400 400 402 401 399 403 402 403 403 404 404 400 400 402 406 404 405 405 406 407 408 408 408 407 406 406 409 406 410 410 407 409
0: 0 4 (33.0)
1: 2 6 (37.0)
2: 3 5 (34.0)
3: 1 7 8 (30.0)
4: (0.0)
5: 10 11 (30.0)
6: 9 12 (37.0)
7: 14 15 (30.0)
8: 13 21 (27.0)
9: 17 18 25 (34.0)
10: 16 19 (36.0)
11: 24 27 (41.0)
12: 23 30 (31.0)
13: 20 26 (21.0)
14: 22 29 33 35 (49.0)
15: 28 31 (33.0)
16: (0.0)
17: 36 39 (25.0)
18: 34 (18.0)
19: 32 37 41 (40.0)
20: 46 47 (30.0)
21: 38 40 (44.0)
22: 44 50 (41.0)
23: 42 45 (42.0)
24: 48 49 (30.0)
25: 43 52 (22.0)
26: 54 57 (24.0)
27: 51 53 (15.0)
28: 56 (15.0)
29: 55 58 (39.0)
30: 59 65 (30.0)
31: 61 63 (36.0)
32: 62 64 (36.0)
33: 60 66 (22.0)
34: 69 70 74 76 (24.0)
35: 67 68 (41.0)
36: 72 79 (33.0)
37: 77 81 (41.0)
38: 73 75 (36.0)
39: 71 82 (45.0)
40: 80 84 (32.0)
41: 83 91 (22.0)
42: 78 85 (30.0)
43: 87 90 (34.0)
44: (0.0)
45: 86 88 (35.0)
46: 92 95 (33.0)
47: 89 94 (34.0)
48: 93 97 (33.0)
49: 99 106 (19.0)
50: 98 100 102 (50.0)
51: 103 108 (39.0)
52: 96 101 104 (43.0)
53: (0.0)
54: 107 112 (37.0)
55: 105 109 111 (36.0)
56: 110 113 (40.0)
57: (0.0)
58: 116 117 (32.0)
59: 114 118 (17.0)
60: 115 120 (39.0)
61: 119 123 (48.0)
62: 121 122 127 (36.0)
63: 126 130 (43.0)
64: 124 125 131 (41.0)
65: 128 129 (32.0)
66: 132 134 137 (35.0)
67: 135 141 (35.0)
68: 133 139 140 (44.0)
69: 136 138 (46.0)
70: 142 143 (32.0)
71: 144 151 (29.0)
72: (0.0)
73: 145 147 (33.0)
74: 146 150 (36.0)
75: 148 157 (19.0)
76: 149 153 (48.0)
77: 152 158 (18.0)
78: 155 159 (34.0)
79: 154 156 (46.0)
80: 160 161 (33.0)
81: 164 170 (33.0)
82: 162 167 (48.0)
83: 163 168 175 (28.0)
84: 166 169 (37.0)
85: 165 176 (45.0)
86: 171 172 (38.0)
87: 178 179 (33.0)
88: 174 177 (24.0)
89: 173 182 (32.0)
90: 180 181 (34.0)
91: (0.0)
92: 183 187 188 (51.0)
93: 185 186 191 (32.0)
94: 184 189 (39.0)
95: (0.0)
96: 192 193 (34.0)
97: 195 199 (37.0)
98: 190 196 (50.0)
99: 200 (31.0)
100: 194 198 (31.0)
101: 197 201 202 204 (30.0)
102: 203 205 (52.0)
103: 207 215 (42.0)
104: 206 209 (40.0)
105: 210 211 (35.0)
106: 213 217 (39.0)
107: 208 216 (24.0)
108: 214 218 (34.0)
109: 212 221 227 (53.0)
110: 219 220 222 (43.0)
111: (0.0)
112: 223 226 (40.0)
113: 224 231 (31.0)
114: 225 229 236 (39.0)
115: 228 232 (47.0)
116: 230 237 (38.0)
117: 233 234 (38.0)
118: 235 239 241 (31.0)
119: 242 246 (44.0)
120: 238 243 (44.0)
121: 240 248 (50.0)
122: 244 (32.0)
123: 245 247 249 (28.0)
124: 255 (25.0)
125: (0.0)
126: 251 252 259 (43.0)
127: 250 258 (34.0)
128: 253 260 (42.0)
129: 254 256 257 (47.0)
130: 261 267 (49.0)
131: (0.0)
132: 262 263 (36.0)
133: 265 266 268 (41.0)
134: 264 272 (44.0)
135: 269 270 (42.0)
136: 271 274 276 (46.0)
137: 278 279 (37.0)
138: 273 277 (25.0)
139: 275 (30.0)
140: (0.0)
141: 280 284 (47.0)
142: 283 287 (49.0)
143: 281 282 286 288 (46.0)
144: 285 289 (43.0)
145: 290 292 (38.0)
146: 293 295 298 (39.0)
147: 291 294 (48.0)
148: 297 303 (30.0)
149: 299 300 (43.0)
150: 296 304 (37.0)
151: 305 307 (40.0)
152: 301 306 (36.0)
153: 308 310 (31.0)
154: 302 309 (51.0)
155: 313 (11.0)
156: 315 (30.0)
157: 311 314 318 (31.0)
158: 312 317 (50.0)
159: 316 319 (40.0)
160: 320 323 324 (43.0)
161: 325 (30.0)
162: 321 326 (38.0)
163: 322 329 (49.0)
164: 327 334 (35.0)
165: 330 331 (37.0)
166: 332 336 (39.0)
167: 328 333 337 (48.0)
168: 335 341 (41.0)
169: 338 340 (26.0)
170: 342 345 (46.0)
171: 344 349 (38.0)
172: 343 347 (40.0)
173: 339 350 (43.0)
174: 354 (34.0)
175: 352 353 (38.0)
176: 348 (21.0)
177: 346 351 356 (50.0)
178: 355 357 363 (25.0)
179: 358 359 (38.0)
180: 360 361 (38.0)
181: 364 367 371 (39.0)
182: 365 (31.0)
183: 366 375 (32.0)
184: 369 (33.0)
185: 362 368 (37.0)
186: 370 376 (41.0)
187: 372 374 (33.0)
188: 373 385 (39.0)
189: 377 380 (31.0)
190: 381 (33.0)
191: 378 384 (32.0)
192: 382 386 388 (39.0)
193: 379 (32.0)
194: 383 (34.0)
195: 387 393 (46.0)
196: 391 392 396 (49.0)
197: 390 399 (31.0)
198: 389 394 (38.0)
199: 397 (24.0)
200: 395 398 400 (68.0)
201: 402 405 (33.0)
202: 401 403 409 (45.0)
203: 404 407 (53.0)
204: 406 408 (47.0)
205: 410 412 415 (44.0)
206: 414 417 (50.0)
207: 418 (30.0)
208: 411 424 (38.0)
209: 413 419 420 (49.0)
210: 416 423 (38.0)
211: 425 429 (55.0)
212: 421 431 (52.0)
213: 422 428 (31.0)
214: 426 430 433 (40.0)
215: 427 436 (41.0)
216: 432 434 (38.0)
217: 437 (37.0)
218: 435 438 (43.0)
219: 443 445 (41.0)
220: 439 441 (34.0)
221: 440 444 (40.0)
222: 449 450 (32.0)
223: 442 453 (36.0)
224: 446 447 (40.0)
225: 452 454 (48.0)
226: 448 (33.0)
227: 451 455 (34.0)
228: 456 459 (51.0)
229: 457 458 (31.0)
230: 460 (36.0)
231: 463 464 (47.0)
232: 462 465 474 (61.0)
233: 461 470 475 (46.0)
234: 466 472 (40.0)
235: 471 479 (46.0)
236: 467 468 469 473 476 480 (32.0)
237: 478 492 (39.0)
238: 477 482 483 484 (36.0)
239: 481 487 (32.0)
240: 485 486 488 (36.0)
241: 490 491 495 500 (47.0)
242: 493 504 (48.0)
243: 489 496 (51.0)
244: 497 503 506 (46.0)
245: 499 501 502 507 (44.0)
246: 494 498 516 519 (46.0)
247: 505 508 511 518 (37.0)
248: 512 514 (34.0)
249: 509 510 520 (38.0)
250: 513 515 524 (40.0)
251: 517 521 522 525 (45.0)
252: 529 (30.0)
253: 523 526 (34.0)
254: 530 531 532 539 (30.0)
255: 528 543 (38.0)
256: 533 534 536 (34.0)
257: 527 540 542 (34.0)
258: 538 546 (38.0)
259: 535 537 548 552 (50.0)
260: 541 551 (47.0)
261: 544 545 555 558 (49.0)
262: 547 554 (48.0)
263: 553 556 557 (32.0)
264: 549 561 (32.0)
265: 550 562 563 566 (46.0)
266: 559 560 564 568 (49.0)
267: 565 573 (46.0)
268: 569 571 578 584 (47.0)
269: 567 570 574 (43.0)
270: 572 575 576 579 581 582 (48.0)
271: 588 590 (49.0)
272: 577 583 (52.0)
273: 585 592 (53.0)
274: 580 586 (45.0)
275: 587 591 598 (34.0)
276: 593 595 602 603 606 (49.0)
277: 589 597 600 (47.0)
278: 594 596 599 605 608 612 (40.0)
279: 601 607 (53.0)
280: 604 609 (36.0)
281: 614 617 618 (33.0)
282: 613 615 622 (49.0)
283: 610 616 (49.0)
284: 611 621 624 (42.0)
285: 619 623 (39.0)
286: 620 625 627 (44.0)
287: 628 629 630 (44.0)
288: 631 632 633 634 (55.0)
289: 626 635 648 (38.0)
290: 637 638 639 (44.0)
291: 636 647 (33.0)
292: 642 643 645 646 (49.0)
293: 641 654 (46.0)
294: 644 649 651 655 (48.0)
295: 640 660 (37.0)
296: 650 656 658 (46.0)
297: 653 659 661 663 (44.0)
298: 652 657 662 (50.0)
299: 664 669 (47.0)
300: 668 670 (35.0)
301: 665 666 672 674 (44.0)
302: 675 (33.0)
303: 673 676 682 (39.0)
304: 667 671 677 679 683 686 (29.0)
305: 681 685 692 (49.0)
306: 678 690 (47.0)
307: 684 693 (44.0)
308: 680 687 (44.0)
309: 689 695 696 699 (56.0)
310: 691 694 697 703 (55.0)
311: 688 701 702 (49.0)
312: 704 705 (35.0)
313: 698 706 707 713 (50.0)
314: 708 710 711 (46.0)
315: 700 709 714 726 (50.0)
316: 717 720 722 723 (50.0)
317: 712 719 721 (64.0)
318: 715 729 (51.0)
319: 716 718 727 737 (48.0)
320: 724 735 (48.0)
321: 730 732 733 (49.0)
322: 736 739 (46.0)
323: 725 728 734 740 743 (39.0)
324: 731 741 744 752 (36.0)
325: 738 742 (44.0)
326: 745 746 751 (58.0)
327: 750 755 (54.0)
328: 747 748 753 761 (45.0)
329: 749 754 756 760 (52.0)
330: 758 759 (38.0)
331: 757 767 769 771 (50.0)
332: 765 770 (46.0)
333: 762 763 774 (44.0)
334: 766 778 (52.0)
335: 764 768 772 773 (46.0)
336: 776 779 780 783 (50.0)
337: 775 785 786 787 (50.0)
338: 777 781 (40.0)
339: 782 784 798 (48.0)
340: 793 794 796 (37.0)
341: 788 789 790 (37.0)
342: 792 (32.0)
343: 791 799 801 (48.0)
344: 802 810 (58.0)
345: 797 807 808 (46.0)
346: 795 803 805 (44.0)
347: 800 804 806 820 (44.0)
348: 809 811 815 818 (47.0)
349: 814 816 (39.0)
350: 812 822 (46.0)
351: 813 817 (49.0)
352: 823 825 (46.0)
353: 819 821 824 826 829 830 (42.0)
354: 828 832 838 (57.0)
355: 834 839 843 (47.0)
356: 827 831 837 (49.0)
357: 833 835 836 (47.0)
358: 841 855 (46.0)
359: 840 849 (56.0)
360: 842 844 845 847 848 (49.0)
361: 846 856 857 (44.0)
362: 852 853 (62.0)
363: 851 858 860 863 (38.0)
364: 850 854 864 (43.0)
365: 861 862 867 (45.0)
366: 859 865 (54.0)
367: 866 869 870 873 (50.0)
368: 868 875 876 879 (50.0)
369: 871 882 887 (48.0)
370: 872 874 881 885 (47.0)
371: 877 878 (40.0)
372: 880 884 (54.0)
373: 888 889 898 (54.0)
374: 890 893 896 (49.0)
375: 883 891 892 (39.0)
376: 886 895 (62.0)
377: 897 900 903 905 906 (43.0)
378: 894 907 (40.0)
379: 899 901 909 (41.0)
380: 902 908 914 (47.0)
381: 910 916 (43.0)
382: 904 911 915 917 (50.0)
383: 918 920 926 (46.0)
384: 913 919 921 925 (76.0)
385: 912 923 936 (49.0)
386: 922 924 (44.0)
387: 927 929 930 (51.0)
388: 932 933 940 (59.0)
389: 928 931 935 939 (55.0)
390: 934 937 (55.0)
391: 941 943 945 (50.0)
392: 938 944 951 (47.0)
393: 942 946 948 (50.0)
394: 953 954 963 (50.0)
395: 949 952 (50.0)
396: 947 956 958 (56.0)
397: 950 960 967 (50.0)
398: 955 966 (54.0)
399: 957 972 (46.0)
400: 968 969 979 980 (51.0)
401: 959 961 962 964 965 971 (46.0)
402: 970 974 981 (47.0)
403: 973 975 976 (44.0)
404: 977 978 983 (50.0)
405: 984 985 (48.0)
406: 982 986 992 993 995 (48.0)
407: 987 991 998 (49.0)
408: 988 989 990 (50.0)
409: 994 999 (53.0)
410: 996 997 (43.0)
