Name: 100-60-125
Time: 4.377744913101196 
Result: 14068
Solution:  0 2 2 5 1 1 0 5 6 7 4 3 2 3 6 7 4 6 11 7 9 9 10 10 11 12 15 13 12 15 15 12 16 20 17 17 18 20 21 16 19 19 21 18 22 23 24 23 22 24 24 25 24 27 26 26 27 28 29 29 28 33 31 31 32 32 30 34 33 34 34 30 30 38 34 36 35 34 35 39 37 33 38 37 36 37 40 36 41 39 37 41 40 40 42 42 42 43 43 43
0: 0 6 (75.0)
1: 4 5 (64.0)
2: 1 2 12 (79.0)
3: 11 13 (81.0)
4: 10 16 (84.0)
5: 3 7 (63.0)
6: 8 14 17 (81.0)
7: 9 15 19 (119.0)
8: (0.0)
9: 20 21 (81.0)
10: 22 23 (81.0)
11: 18 24 (81.0)
12: 25 28 31 (122.0)
13: 27 (71.0)
14: (0.0)
15: 26 29 30 (107.0)
16: 32 39 (131.0)
17: 34 35 (92.0)
18: 36 43 (88.0)
19: 40 41 (98.0)
20: 33 37 (91.0)
21: 38 42 (67.0)
22: 44 48 (112.0)
23: 45 47 (128.0)
24: 46 49 50 52 (118.0)
25: 51 (84.0)
26: 54 55 (107.0)
27: 53 56 (100.0)
28: 57 60 (116.0)
29: 58 59 (111.0)
30: 66 71 72 (115.0)
31: 62 63 (113.0)
32: 64 65 (95.0)
33: 61 68 81 (118.0)
34: 67 69 70 74 77 (108.0)
35: 76 78 (116.0)
36: 75 84 87 (111.0)
37: 80 83 85 90 (124.0)
38: 73 82 (115.0)
39: 79 89 (130.0)
40: 86 92 93 (107.0)
41: 88 91 (123.0)
42: 94 95 96 (125.0)
43: 97 98 99 (125.0)
