Name: 1000-20-30
Time: 35.27305030822754 
Result: 448038
Solution:  1 1 4 1 0 2 2 4 0 1 6 5 3 5 3 6 9 10 9 6 12 14 13 11 12 11 15 10 14 13 16 15 19 12 15 16 17 14 18 19 18 21 22 17 23 23 24 24 21 28 26 25 25 22 27 27 28 29 30 31 30 29 32 30 32 29 33 31 37 33 34 33 40 34 41 38 39 38 42 39 40 37 41 43 40 42 44 40 41 45 43 44 47 49 47 47 51 45 49 48 48 50 52 51 50 52 53 54 54 55 59 56 56 57 60 56 58 57 61 58 62 62 59 64 63 59 64 66 63 62 61 65 66 65 68 67 67 69 69 70 69 70 71 70 68 72 71 73 75 72 79 73 77 77 75 78 82 76 81 80 79 76 82 79 81 80 81 83 85 86 83 84 87 84 86 85 90 87 89 93 89 91 90 92 91 93 95 92 95 94 96 97 94 97 98 93 96 97 98 99 99 100 101 99 103 101 103 100 104 107 107 105 108 103 106 104 106 109 110 109 111 109 108 110 113 114 114 115 114 112 115 112 119 117 117 116 119 116 121 115 120 117 124 121 125 122 123 122 125 124 126 127 123 127 130 130 128 128 132 129 129 131 127 131 136 132 135 133 134 134 136 135 133 136 138 137 138 137 140 140 141 139 141 143 139 143 146 142 142 144 145 146 147 147 145 146 149 151 148 148 152 149 155 151 150 152 154 152 158 156 156 155 157 156 158 160 157 158 160 159 159 163 162 163 161 163 161 162 165 164 164 166 167 168 170 166 164 167 169 168 170 171 173 172 169 172 175 173 174 177 175 177 174 176 176 173 178 174 182 179 179 181 179 178 181 183 184 183 183 185 182 185 188 189 187 184 187 189 189 190 191 193 188 191 195 194 192 192 193 198 195 198 194 196 197 197 200 196 199 201 203 200 198 199 202 201 202 201 206 204 205 206 207 205 210 208 208 210 207 209 209 207 211 211 212 213 212 213 214 212 215 217 218 215 215 220 214 215 219 220 218 222 221 225 223 225 222 223 224 222 224 221 229 228 227 227 226 226 230 232 229 230 231 231 234 228 233 232 236 235 234 233 238 239 238 237 241 235 239 242 236 243 241 243 240 240 242 246 247 248 242 245 244 244 245 248 247 249 249 246 250 250 253 252 253 252 250 254 251 254 257 255 258 255 258 258 259 257 257 256 259 260 256 260 262 261 260 261 261 259 265 263 263 263 262 262 267 264 264 265 264 262 267 265 266 265 267 266 267 268 269 268 270 268 271 269 273 273 270 275 272 271 272 272 277 274 277 271 276 274 276 276 275 277 278 273 278 281 280 274 278 280 282 280 282 284 282 283 281 279 283 279 284 285 279 285 286 287 283 281 287 284 289 288 288 283 287 286 287 286 290 289 288 291 293 290 289 294 293 293 291 291 295 291 294 296 293 298 299 293 294 292 295 295 296 297 294 300 296 298 299 301 297 302 299 297 300 300 301 302 303 303 305 303 303 301 308 304 305 305 304 307 303 309 306 307 306 307 307 306 311 308 308 311 311 308 310 315 309 312 310 310 314 314 315 314 314 312 318 317 313 315 317 317 316 318 313 318 319 316 319 320 316 320 321 320 317 323 324 323 322 322 323 325 322 324 324 321 325 325 327 326 324 328 326 324 329 325 328 329 328 328 332 330 333 327 329 334 330 331 336 332 334 333 333 331 335 332 334 335 336 335 336 337 339 335 337 338 339 336 340 338 341 337 340 339 345 340 341 342 339 342 343 343 342 343 344 346 345 345 344 347 346 344 349 348 345 347 347 348 349 350 349 350 351 351 351 352 351 352 353 352 357 355 353 355 354 353 356 353 354 356 359 357 361 358 354 358 355 360 360 359 363 359 360 359 364 360 358 361 364 365 362 367 363 363 363 365 368 365 362 364 367 369 368 366 365 369 364 367 369 370 368 372 369 366 373 372 370 373 372 371 371 370 369 375 375 370 377 374 374 376 374 377 378 376 379 381 378 378 379 381 378 379 380 376 380 380 382 383 383 386 380 382 387 384 383 384 385 385 385 390 387 388 386 387 386 392 390 388 389 389 389 390 394 388 391 391 391 388 393 393 393 395 395 394 395 394 396 396 397 398 399 396 398 397 395 398 396 401 399 397 403 400 400 400 405 402 401 403 402 401 403 406 405 404 404 404 406 405 402 408 408 407 407 405 409 412 410 408 408 406 409 410 410 411 411 409 412 413 411 412 409 414 416 418 415 414 414 415 415 416 413 415 418 417 418 418 418 417
0: 4 8 (22.0)
1: 0 1 3 9 (29.0)
2: 5 6 (21.0)
3: 12 14 (23.0)
4: 2 7 (28.0)
5: 11 13 (22.0)
6: 10 15 19 (21.0)
7: (0.0)
8: (0.0)
9: 16 18 (26.0)
10: 17 27 (25.0)
11: 23 25 (16.0)
12: 20 24 33 (28.0)
13: 22 29 (27.0)
14: 21 28 37 (28.0)
15: 26 31 34 (21.0)
16: 30 35 (22.0)
17: 36 43 (25.0)
18: 38 40 (24.0)
19: 32 39 (18.0)
20: (0.0)
21: 41 48 (13.0)
22: 42 53 (10.0)
23: 44 45 (20.0)
24: 46 47 (20.0)
25: 51 52 (30.0)
26: 50 (6.0)
27: 54 55 (20.0)
28: 49 56 (28.0)
29: 57 61 65 (31.0)
30: 58 60 63 (23.0)
31: 59 67 (20.0)
32: 62 64 (22.0)
33: 66 69 71 (21.0)
34: 70 73 (33.0)
35: (0.0)
36: (0.0)
37: 68 81 (27.0)
38: 75 77 (25.0)
39: 76 79 (14.0)
40: 72 80 84 87 (22.0)
41: 74 82 88 (24.0)
42: 78 85 (31.0)
43: 83 90 (26.0)
44: 86 91 (26.0)
45: 89 97 (26.0)
46: (0.0)
47: 92 94 95 (24.0)
48: 99 100 (21.0)
49: 93 98 (28.0)
50: 101 104 (18.0)
51: 96 103 (25.0)
52: 102 105 (19.0)
53: 106 (9.0)
54: 107 108 (30.0)
55: 109 (3.0)
56: 111 112 115 (19.0)
57: 113 117 (21.0)
58: 116 119 (30.0)
59: 110 122 125 (19.0)
60: 114 (16.0)
61: 118 130 (15.0)
62: 120 121 129 (24.0)
63: 124 128 (37.0)
64: 123 126 (22.0)
65: 131 133 (21.0)
66: 127 132 (28.0)
67: 135 136 (29.0)
68: 134 144 (26.0)
69: 137 138 140 (29.0)
70: 139 141 143 (29.0)
71: 142 146 (19.0)
72: 145 149 (13.0)
73: 147 151 (30.0)
74: (0.0)
75: 148 154 (23.0)
76: 157 161 (26.0)
77: 152 153 (22.0)
78: 155 (10.0)
79: 150 160 163 (21.0)
80: 159 165 (30.0)
81: 158 164 166 (28.0)
82: 156 162 (26.0)
83: 167 170 (20.0)
84: 171 173 (23.0)
85: 168 175 (35.0)
86: 169 174 (9.0)
87: 172 177 (19.0)
88: (0.0)
89: 178 180 (20.0)
90: 176 182 (31.0)
91: 181 184 (28.0)
92: 183 187 (13.0)
93: 179 185 195 (24.0)
94: 189 192 (24.0)
95: 186 188 (31.0)
96: 190 196 (25.0)
97: 191 193 197 (20.0)
98: 194 198 (27.0)
99: 199 200 203 (24.0)
100: 201 207 (30.0)
101: 202 205 (32.0)
102: (0.0)
103: 204 206 213 (17.0)
104: 208 215 (23.0)
105: 211 (14.0)
106: 214 216 (22.0)
107: 209 210 (22.0)
108: 212 222 (28.0)
109: 217 219 221 (27.0)
110: 218 223 (23.0)
111: 220 (13.0)
112: 229 231 (28.0)
113: 224 (18.0)
114: 225 226 228 (19.0)
115: 227 230 239 (30.0)
116: 235 237 (25.0)
117: 233 234 241 (22.0)
118: (0.0)
119: 232 236 (33.0)
120: 240 (12.0)
121: 238 243 (23.0)
122: 245 247 (20.0)
123: 246 252 (23.0)
124: 242 249 (30.0)
125: 244 248 (32.0)
126: 250 (22.0)
127: 251 253 262 (18.0)
128: 256 257 (23.0)
129: 259 260 (32.0)
130: 254 255 (23.0)
131: 261 263 (17.0)
132: 258 265 (25.0)
133: 267 272 (22.0)
134: 268 269 (23.0)
135: 266 271 (33.0)
136: 264 270 273 (22.0)
137: 275 277 (21.0)
138: 274 276 (25.0)
139: 281 284 (12.0)
140: 278 279 (23.0)
141: 280 282 (24.0)
142: 287 288 (15.0)
143: 283 285 (36.0)
144: 289 (22.0)
145: 290 294 (32.0)
146: 286 291 295 (27.0)
147: 292 293 (24.0)
148: 298 299 (24.0)
149: 296 301 (26.0)
150: 304 (20.0)
151: 297 303 (27.0)
152: 300 305 307 (21.0)
153: (0.0)
154: 306 (20.0)
155: 302 311 (20.0)
156: 309 310 313 (32.0)
157: 312 316 (18.0)
158: 308 314 317 (39.0)
159: 319 320 (30.0)
160: 315 318 (27.0)
161: 324 326 (28.0)
162: 322 327 (29.0)
163: 321 323 325 (23.0)
164: 329 330 336 (20.0)
165: 328 (22.0)
166: 331 335 (28.0)
167: 332 337 (32.0)
168: 333 339 (28.0)
169: 338 344 (14.0)
170: 334 340 (18.0)
171: 341 (18.0)
172: 343 345 (25.0)
173: 342 347 355 (19.0)
174: 348 352 357 (22.0)
175: 346 350 (27.0)
176: 353 354 (31.0)
177: 349 351 (37.0)
178: 356 363 (35.0)
179: 359 360 362 (26.0)
180: (0.0)
181: 361 364 (26.0)
182: 358 370 (30.0)
183: 365 367 368 (32.0)
184: 366 375 (29.0)
185: 369 371 (30.0)
186: (0.0)
187: 374 376 (18.0)
188: 372 382 (27.0)
189: 373 377 378 (37.0)
190: 379 (19.0)
191: 380 383 (25.0)
192: 386 387 (25.0)
193: 381 388 (28.0)
194: 385 392 (27.0)
195: 384 390 (30.0)
196: 393 397 (28.0)
197: 394 395 (25.0)
198: 389 391 402 (21.0)
199: 398 403 (29.0)
200: 396 401 (14.0)
201: 399 405 407 (36.0)
202: 404 406 (26.0)
203: 400 (21.0)
204: 409 (8.0)
205: 410 413 (28.0)
206: 408 411 (30.0)
207: 412 418 421 (27.0)
208: 415 416 (20.0)
209: 419 420 (32.0)
210: 414 417 (30.0)
211: 422 423 (25.0)
212: 424 426 429 (30.0)
213: 425 427 (30.0)
214: 428 436 (30.0)
215: 430 433 434 437 (24.0)
216: (0.0)
217: 431 (23.0)
218: 432 440 (27.0)
219: 438 (21.0)
220: 435 439 (26.0)
221: 442 451 (26.0)
222: 441 446 449 (30.0)
223: 444 447 (25.0)
224: 448 450 (32.0)
225: 443 445 (26.0)
226: 456 457 (26.0)
227: 454 455 (26.0)
228: 453 465 (26.0)
229: 452 460 (21.0)
230: 458 461 (27.0)
231: 462 463 (26.0)
232: 459 467 (24.0)
233: 466 471 (32.0)
234: 464 470 (26.0)
235: 469 477 (22.0)
236: 468 480 (30.0)
237: 475 (23.0)
238: 472 474 (11.0)
239: 473 478 (35.0)
240: 484 485 (26.0)
241: 476 482 (21.0)
242: 479 486 490 (27.0)
243: 481 483 (31.0)
244: 492 493 (26.0)
245: 491 494 (25.0)
246: 487 499 (26.0)
247: 488 496 (27.0)
248: 489 495 (28.0)
249: 497 498 (32.0)
250: 500 501 506 (32.0)
251: 508 (24.0)
252: 503 505 (24.0)
253: 502 504 (28.0)
254: 507 509 (22.0)
255: 511 513 (34.0)
256: 519 522 (30.0)
257: 510 517 518 (20.0)
258: 512 514 515 (24.0)
259: 516 520 529 (26.0)
260: 521 523 526 (29.0)
261: 525 527 528 (28.0)
262: 524 534 535 541 (26.0)
263: 531 532 533 (29.0)
264: 537 538 540 (30.0)
265: 530 539 543 545 (30.0)
266: 544 547 (20.0)
267: 536 542 546 548 (27.0)
268: 549 551 553 (20.0)
269: 550 555 (36.0)
270: 552 558 (16.0)
271: 554 561 567 (16.0)
272: 560 562 563 (15.0)
273: 556 557 575 (25.0)
274: 565 569 579 (30.0)
275: 559 572 (28.0)
276: 568 570 571 (30.0)
277: 564 566 573 (30.0)
278: 574 576 580 (29.0)
279: 589 591 594 (30.0)
280: 578 581 583 (27.0)
281: 577 588 599 (27.0)
282: 582 584 586 (28.0)
283: 587 590 598 605 (25.0)
284: 585 592 601 (29.0)
285: 593 595 (29.0)
286: 596 607 609 (26.0)
287: 597 600 606 608 (28.0)
288: 603 604 612 (28.0)
289: 602 611 616 (24.0)
290: 610 615 (31.0)
291: 613 620 621 623 (30.0)
292: 631 (21.0)
293: 614 618 619 626 629 (29.0)
294: 617 624 630 636 (20.0)
295: 622 632 633 (27.0)
296: 625 634 638 (27.0)
297: 635 642 645 (23.0)
298: 627 639 (26.0)
299: 628 640 644 (35.0)
300: 637 646 647 (33.0)
301: 641 648 655 (30.0)
302: 643 649 (22.0)
303: 650 651 653 654 662 (29.0)
304: 657 660 (30.0)
305: 652 658 659 (30.0)
306: 664 666 669 (30.0)
307: 661 665 667 668 (29.0)
308: 656 671 672 675 (30.0)
309: 663 678 (30.0)
310: 676 680 681 (29.0)
311: 670 673 674 (29.0)
312: 679 687 (28.0)
313: 690 696 (19.0)
314: 682 683 685 686 (30.0)
315: 677 684 691 (27.0)
316: 694 699 702 (30.0)
317: 689 692 693 706 (30.0)
318: 688 695 697 (31.0)
319: 698 700 (27.0)
320: 701 703 705 (24.0)
321: 704 717 (26.0)
322: 710 711 714 (28.0)
323: 707 709 712 (26.0)
324: 708 715 716 722 725 (21.0)
325: 713 718 719 727 (28.0)
326: 721 724 (26.0)
327: 720 735 (29.0)
328: 723 728 730 731 (30.0)
329: 726 729 736 (30.0)
330: 733 738 (30.0)
331: 739 745 (29.0)
332: 732 741 747 (40.0)
333: 734 743 744 (27.0)
334: 737 742 748 (30.0)
335: 746 749 751 755 (30.0)
336: 740 750 752 759 (30.0)
337: 753 756 763 (27.0)
338: 757 761 (26.0)
339: 754 758 765 770 (26.0)
340: 760 764 767 (24.0)
341: 762 768 (32.0)
342: 769 771 774 (38.0)
343: 772 773 775 (21.0)
344: 776 780 783 (27.0)
345: 766 778 779 786 (31.0)
346: 777 782 (20.0)
347: 781 787 788 (29.0)
348: 785 789 (27.0)
349: 784 790 792 (33.0)
350: 791 793 (26.0)
351: 794 795 796 798 (27.0)
352: 797 799 801 (30.0)
353: 800 804 807 809 (27.0)
354: 806 810 816 (30.0)
355: 803 805 818 (28.0)
356: 808 811 (33.0)
357: 802 813 (34.0)
358: 815 817 828 (32.0)
359: 812 821 823 825 (32.0)
360: 819 820 824 827 (30.0)
361: 814 829 (29.0)
362: 832 840 (29.0)
363: 822 834 835 836 (31.0)
364: 826 830 841 848 (32.0)
365: 831 837 839 846 (30.0)
366: 845 855 (26.0)
367: 833 842 849 (28.0)
368: 838 844 852 (35.0)
369: 843 847 850 854 864 (36.0)
370: 851 858 863 867 (20.0)
371: 861 862 (29.0)
372: 853 857 860 (28.0)
373: 856 859 (29.0)
374: 869 870 872 (30.0)
375: 865 866 (26.0)
376: 871 875 885 (30.0)
377: 868 873 (21.0)
378: 874 878 879 882 (29.0)
379: 876 880 883 (26.0)
380: 884 886 887 892 (27.0)
381: 877 881 (28.0)
382: 888 893 (29.0)
383: 889 890 896 (30.0)
384: 895 897 (27.0)
385: 898 899 900 (30.0)
386: 891 904 906 (29.0)
387: 894 902 905 (30.0)
388: 903 909 915 919 (30.0)
389: 910 911 912 (30.0)
390: 901 908 913 (30.0)
391: 916 917 918 (30.0)
392: 907 (25.0)
393: 920 921 922 (40.0)
394: 914 925 927 (30.0)
395: 923 924 926 936 (30.0)
396: 928 929 933 938 (30.0)
397: 930 935 941 (27.0)
398: 931 934 937 (29.0)
399: 932 940 (28.0)
400: 943 944 945 (30.0)
401: 939 948 951 (33.0)
402: 947 950 960 (33.0)
403: 942 949 952 (37.0)
404: 955 956 957 (30.0)
405: 946 954 959 965 (30.0)
406: 953 958 971 (30.0)
407: 963 964 (36.0)
408: 961 962 969 970 (29.0)
409: 966 972 977 982 (26.0)
410: 968 973 974 (28.0)
411: 975 976 980 (24.0)
412: 967 978 981 (39.0)
413: 979 992 (27.0)
414: 983 987 988 (41.0)
415: 986 989 990 993 (22.0)
416: 984 991 (32.0)
417: 995 999 (38.0)
418: 985 994 996 997 998 (30.0)
