Name: 100-50-100
Time: 4.377518653869629 
Result: 49
Solution:  1 1 5 2 1 4 3 2 3 6 2 1 8 6 8 5 7 7 12 9 12 10 11 9 15 11 11 10 16 14 13 17 14 14 15 16 21 17 18 18 20 23 21 22 20 19 22 22 24 21 19 20 23 24 23 25 24 29 27 23 29 28 28 27 28 26 29 28 30 26 32 32 26 32 33 30 33 31 31 35 37 31 30 34 32 34 36 37 39 33 35 38 33 34 36 38 37 39 39 36
0: (0.0)
1: 0 1 4 11 (95.0)
2: 3 7 10 (60.0)
3: 6 8 (66.0)
4: 5 (54.0)
5: 2 15 (66.0)
6: 9 13 (52.0)
7: 16 17 (61.0)
8: 12 14 (61.0)
9: 19 23 (60.0)
10: 21 27 (73.0)
11: 22 25 26 (73.0)
12: 18 20 (76.0)
13: 30 (62.0)
14: 29 32 33 (96.0)
15: 24 34 (75.0)
16: 28 35 (82.0)
17: 31 37 (51.0)
18: 38 39 (75.0)
19: 45 50 (97.0)
20: 40 44 51 (75.0)
21: 36 42 49 (90.0)
22: 43 46 47 (56.0)
23: 41 52 54 59 (77.0)
24: 48 53 56 (55.0)
25: 55 (83.0)
26: 65 69 72 (100.0)
27: 58 63 (95.0)
28: 61 62 64 67 (99.0)
29: 57 60 66 (93.0)
30: 68 75 82 (100.0)
31: 77 78 81 (94.0)
32: 70 71 73 84 (100.0)
33: 74 76 89 92 (86.0)
34: 83 85 93 (93.0)
35: 79 90 (97.0)
36: 86 94 99 (91.0)
37: 80 87 96 (95.0)
38: 91 95 (76.0)
39: 88 97 98 (94.0)
