Name: 1000-40-75
Time: 37.361984968185425 
Result: 635095
Solution:  0 1 1 1 2 0 2 3 1 6 4 3 4 6 8 11 8 10 8 11 9 7 7 10 12 9 12 13 14 14 16 11 12 17 13 17 20 20 16 15 20 19 23 21 26 22 27 22 28 23 24 29 27 26 29 27 28 24 30 29 31 28 33 33 31 30 32 35 37 36 34 32 34 35 37 38 41 36 38 39 37 38 39 40 40 43 46 44 47 43 45 47 44 46 50 47 48 50 45 49 53 49 48 49 53 54 52 51 52 53 55 54 57 57 56 56 55 61 60 62 61 59 59 61 62 62 60 63 68 65 65 63 66 69 69 66 68 65 70 69 71 73 70 72 72 74 73 74 76 75 77 78 73 76 77 80 81 75 80 81 78 79 81 79 82 80 83 84 82 83 84 87 88 86 85 86 86 91 87 88 90 93 90 92 91 89 94 94 96 92 97 93 95 96 95 97 96 100 99 100 100 101 102 99 103 101 104 103 104 101 102 107 105 105 107 111 110 107 108 111 110 109 109 115 112 113 114 112 111 115 116 114 118 116 113 117 115 119 116 118 119 120 121 122 120 123 123 124 128 121 124 122 126 127 126 124 127 129 130 131 128 130 134 131 132 133 129 133 135 136 135 134 134 133 137 140 138 139 138 136 139 140 141 141 146 140 144 143 145 145 145 147 149 146 148 149 144 150 150 148 147 150 153 151 154 152 155 151 157 154 156 151 154 155 159 157 162 156 158 159 164 161 163 158 162 160 160 165 166 161 165 166 166 168 169 167 169 168 169 172 170 168 171 172 176 175 170 173 172 174 174 175 173 176 177 180 178 179 181 177 180 178 180 179 182 182 181 184 183 183 185 186 184 186 187 191 190 186 189 193 188 187 192 190 188 192 192 191 194 194 195 195 193 196 196 197 199 197 198 200 199 200 201 200 203 201 205 203 206 204 205 208 210 204 210 207 206 208 207 210 211 209 213 211 211 212 215 213 215 217 214 214 216 218 219 216 220 217 221 219 220 222 221 218 224 224 223 226 222 223 225 224 225 226 228 227 229 230 230 231 228 229 228 231 232 234 233 237 235 237 237 236 235 234 240 234 238 239 236 238 239 240 243 242 238 242 241 243 246 243 245 244 244 249 248 246 245 250 250 247 251 250 247 253 251 252 254 251 253 252 255 255 256 257 256 257 260 258 259 258 260 259 261 261 262 259 267 263 263 266 262 263 266 270 267 264 265 266 271 269 272 270 272 275 274 268 273 273 277 271 275 276 274 276 273 277 279 278 280 276 279 280 281 281 282 281 283 283 283 284 287 284 286 289 286 290 285 285 291 291 288 286 290 293 289 292 296 293 292 294 295 293 298 294 293 299 297 299 301 298 300 298 300 303 302 300 304 301 305 304 305 307 306 305 309 307 309 308 306 308 310 310 311 312 314 313 311 312 314 318 313 318 316 316 317 321 317 320 315 319 319 320 323 318 322 324 327 325 324 323 328 321 324 326 326 325 327 330 329 332 329 328 331 332 332 334 333 333 334 336 335 336 335 340 336 337 338 337 340 337 342 339 341 341 345 343 343 342 342 347 344 345 344 346 350 344 348 346 349 350 353 350 348 351 354 353 354 352 355 354 354 357 356 358 359 356 357 361 358 361 359 359 362 363 362 363 360 360 365 364 366 367 363 366 369 364 368 365 368 367 373 370 371 371 370 369 372 372 375 375 376 374 378 373 374 377 377 378 379 378 378 379 380 381 383 380 384 383 381 382 388 382 386 385 387 387 388 390 392 385 389 390 393 389 391 391 393 395 392 394 394 395 395 396 397 399 398 396 399 398 401 401 399 403 400 402 404 403 402 400 406 408 405 404 405 410 408 407 410 409 413 407 412 412 409 410 413 412 414 414 411 415 419 415 416 416 420 419 420 417 420 418 419 421 422 421 422 424 423 427 426 425 424 425 423 427 428 428 429 426 429 432 435 433 433 431 430 434 433 432 437 438 436 436 434 435 438 439 438 443 440 439 440 444 441 442 443 442 444 447 441 445 446 446 449 449 445 448 450 453 451 451 448 453 450 455 452 457 454 458 456 458 452 455 456 454 459 459 459 457 458 457 456 455 462 460 460 460 461 461 461 463 462 463 463 462 465 464 464 464 466 466 466 467 469 467 465 470 465 467 468 472 473 468 470 468 472 471 469 471 470 472 475 469 474 474 474 471 473 473 473 476 475 476 476 478 475 477 478 477 482 479 479 482 478 480 479 483 481 481 481 480 482 484 483 482 482 484 483 484
0: 0 5 (50.0)
1: 1 2 3 8 (59.0)
2: 4 6 (41.0)
3: 7 11 (62.0)
4: 10 12 (28.0)
5: (0.0)
6: 9 13 (40.0)
7: 21 22 (50.0)
8: 14 16 18 (76.0)
9: 20 25 (44.0)
10: 17 23 (40.0)
11: 15 19 31 (39.0)
12: 24 26 32 (42.0)
13: 27 34 (56.0)
14: 28 29 (41.0)
15: 39 (23.0)
16: 30 38 (42.0)
17: 33 35 (38.0)
18: (0.0)
19: 41 (20.0)
20: 36 37 40 (62.0)
21: 43 (17.0)
22: 45 47 (56.0)
23: 42 49 (55.0)
24: 50 57 (71.0)
25: (0.0)
26: 44 53 (51.0)
27: 46 52 55 (33.0)
28: 48 56 61 (37.0)
29: 51 54 59 (40.0)
30: 58 65 (54.0)
31: 60 64 (42.0)
32: 66 71 (26.0)
33: 62 63 (42.0)
34: 70 72 (45.0)
35: 67 73 (55.0)
36: 69 77 (44.0)
37: 68 74 80 (47.0)
38: 75 78 81 (60.0)
39: 79 82 (59.0)
40: 83 84 (51.0)
41: 76 (22.0)
42: (0.0)
43: 85 89 (36.0)
44: 87 92 (34.0)
45: 90 98 (54.0)
46: 86 93 (52.0)
47: 88 91 95 (64.0)
48: 96 102 (46.0)
49: 99 101 103 (37.0)
50: 94 97 (45.0)
51: 107 (38.0)
52: 106 108 (43.0)
53: 100 104 109 (46.0)
54: 105 111 (50.0)
55: 110 116 (51.0)
56: 114 115 (44.0)
57: 112 113 (44.0)
58: (0.0)
59: 121 122 (58.0)
60: 118 126 (48.0)
61: 117 120 123 (52.0)
62: 119 124 125 (73.0)
63: 127 131 (49.0)
64: (0.0)
65: 129 130 137 (37.0)
66: 132 135 (57.0)
67: (0.0)
68: 128 136 (58.0)
69: 133 134 139 (44.0)
70: 138 142 (70.0)
71: 140 (14.0)
72: 143 144 (28.0)
73: 141 146 152 (91.0)
74: 145 147 (45.0)
75: 149 157 (49.0)
76: 148 153 (38.0)
77: 150 154 (40.0)
78: 151 160 (45.0)
79: 161 163 (62.0)
80: 155 158 165 (46.0)
81: 156 159 162 (59.0)
82: 164 168 (63.0)
83: 166 169 (39.0)
84: 167 170 (56.0)
85: 174 (24.0)
86: 173 175 176 (45.0)
87: 171 178 (43.0)
88: 172 179 (50.0)
89: 185 (19.0)
90: 180 182 (57.0)
91: 177 184 (62.0)
92: 183 189 (56.0)
93: 181 191 (46.0)
94: 186 187 (47.0)
95: 192 194 (56.0)
96: 188 193 196 (43.0)
97: 190 195 (31.0)
98: (0.0)
99: 198 203 (65.0)
100: 197 199 200 (74.0)
101: 201 205 209 (60.0)
102: 202 210 (45.0)
103: 204 207 (49.0)
104: 206 208 (53.0)
105: 212 213 (48.0)
106: (0.0)
107: 211 214 217 (77.0)
108: 218 (42.0)
109: 221 222 (59.0)
110: 216 220 (67.0)
111: 215 219 228 (47.0)
112: 224 227 (47.0)
113: 225 234 (54.0)
114: 226 231 (60.0)
115: 223 229 236 (38.0)
116: 230 233 238 (47.0)
117: 235 (24.0)
118: 232 239 (62.0)
119: 237 240 (58.0)
120: 241 244 (47.0)
121: 242 249 (60.0)
122: 243 251 (60.0)
123: 245 246 (53.0)
124: 247 250 255 (40.0)
125: (0.0)
126: 252 254 (58.0)
127: 253 256 (63.0)
128: 248 260 (47.0)
129: 257 266 (54.0)
130: 258 261 (50.0)
131: 259 263 (60.0)
132: 264 (40.0)
133: 265 267 273 (64.0)
134: 262 271 272 (46.0)
135: 268 270 (54.0)
136: 269 279 (50.0)
137: 274 (43.0)
138: 276 278 (60.0)
139: 277 280 (57.0)
140: 275 281 285 (37.0)
141: 282 283 (51.0)
142: (0.0)
143: 287 (13.0)
144: 286 296 (75.0)
145: 288 289 290 (73.0)
146: 284 293 (61.0)
147: 291 300 (68.0)
148: 294 299 (59.0)
149: 292 295 (49.0)
150: 297 298 301 (45.0)
151: 303 307 311 (45.0)
152: 305 (43.0)
153: 302 (46.0)
154: 304 309 312 (45.0)
155: 306 313 (60.0)
156: 310 317 (49.0)
157: 308 315 (67.0)
158: 318 323 (24.0)
159: 314 319 (56.0)
160: 325 326 (63.0)
161: 321 329 (50.0)
162: 316 324 (55.0)
163: 322 (44.0)
164: 320 (41.0)
165: 327 330 (63.0)
166: 328 331 332 (46.0)
167: 335 (46.0)
168: 333 337 341 (74.0)
169: 334 336 338 (67.0)
170: 340 346 (46.0)
171: 342 (47.0)
172: 339 343 348 (52.0)
173: 347 352 (61.0)
174: 349 350 (65.0)
175: 345 351 (50.0)
176: 344 353 (50.0)
177: 354 359 (57.0)
178: 356 361 (48.0)
179: 357 363 (59.0)
180: 355 360 362 (60.0)
181: 358 366 (64.0)
182: 364 365 (53.0)
183: 368 369 (54.0)
184: 367 372 (58.0)
185: 370 (47.0)
186: 371 373 377 (55.0)
187: 374 381 (74.0)
188: 380 384 (58.0)
189: 378 (43.0)
190: 376 383 (68.0)
191: 375 387 (46.0)
192: 382 385 386 (56.0)
193: 379 392 (34.0)
194: 388 389 (54.0)
195: 390 391 (54.0)
196: 393 394 (65.0)
197: 395 397 (55.0)
198: 398 (48.0)
199: 396 400 (64.0)
200: 399 401 403 (34.0)
201: 402 405 (47.0)
202: (0.0)
203: 404 407 (58.0)
204: 409 413 (78.0)
205: 406 410 (68.0)
206: 408 416 (48.0)
207: 415 418 (57.0)
208: 411 417 (64.0)
209: 421 (47.0)
210: 412 414 419 (58.0)
211: 420 423 424 (39.0)
212: 425 (38.0)
213: 422 427 (60.0)
214: 430 431 (55.0)
215: 426 428 (61.0)
216: 432 435 (47.0)
217: 429 437 (67.0)
218: 433 443 (62.0)
219: 434 439 (66.0)
220: 436 440 (66.0)
221: 438 442 (48.0)
222: 441 448 (31.0)
223: 446 449 (61.0)
224: 444 445 451 (73.0)
225: 450 452 (65.0)
226: 447 453 (62.0)
227: 455 (50.0)
228: 454 460 462 (74.0)
229: 456 461 (52.0)
230: 457 458 (69.0)
231: 459 463 (40.0)
232: 464 (43.0)
233: 466 (43.0)
234: 465 473 475 (62.0)
235: 468 472 (66.0)
236: 471 478 (55.0)
237: 467 469 470 (75.0)
238: 476 479 484 (65.0)
239: 477 480 (70.0)
240: 474 481 (70.0)
241: 486 (53.0)
242: 483 485 (69.0)
243: 482 487 489 (32.0)
244: 491 492 (40.0)
245: 490 496 (60.0)
246: 488 495 (58.0)
247: 499 502 (72.0)
248: 494 (50.0)
249: 493 (41.0)
250: 497 498 501 (67.0)
251: 500 504 507 (74.0)
252: 505 509 (68.0)
253: 503 508 (63.0)
254: 506 (46.0)
255: 510 511 (59.0)
256: 512 514 (67.0)
257: 513 515 (51.0)
258: 517 519 (65.0)
259: 518 521 525 (78.0)
260: 516 520 (64.0)
261: 522 523 (60.0)
262: 524 530 (69.0)
263: 527 528 531 (67.0)
264: 535 (41.0)
265: 536 (49.0)
266: 529 532 537 (64.0)
267: 526 534 (60.0)
268: 545 (41.0)
269: 539 (53.0)
270: 533 541 (72.0)
271: 538 549 (57.0)
272: 540 542 (63.0)
273: 546 547 554 (69.0)
274: 544 552 (60.0)
275: 543 550 (68.0)
276: 551 553 559 (67.0)
277: 548 555 (64.0)
278: 557 (44.0)
279: 556 560 (44.0)
280: 558 561 (66.0)
281: 562 563 565 (70.0)
282: 564 (52.0)
283: 566 567 568 (75.0)
284: 569 571 (51.0)
285: 576 577 (61.0)
286: 572 574 581 (46.0)
287: 570 (57.0)
288: 580 (50.0)
289: 573 584 (71.0)
290: 575 582 (74.0)
291: 578 579 (61.0)
292: 585 588 (58.0)
293: 583 587 591 594 (75.0)
294: 589 593 (69.0)
295: 590 (57.0)
296: 586 (47.0)
297: 596 (41.0)
298: 592 599 601 (74.0)
299: 595 597 (62.0)
300: 600 602 605 (68.0)
301: 598 607 (55.0)
302: 604 (56.0)
303: 603 (41.0)
304: 606 609 (84.0)
305: 608 610 613 (46.0)
306: 612 618 (72.0)
307: 611 615 (71.0)
308: 617 619 (81.0)
309: 614 616 (64.0)
310: 620 621 (63.0)
311: 622 626 (57.0)
312: 623 627 (69.0)
313: 625 630 (71.0)
314: 624 628 (72.0)
315: 638 (40.0)
316: 632 633 (64.0)
317: 634 636 (68.0)
318: 629 631 643 (73.0)
319: 639 640 (67.0)
320: 637 641 (72.0)
321: 635 651 (70.0)
322: 644 (48.0)
323: 642 649 (77.0)
324: 645 648 652 (73.0)
325: 647 655 (69.0)
326: 653 654 (59.0)
327: 646 656 (56.0)
328: 650 661 (47.0)
329: 658 660 (54.0)
330: 657 (40.0)
331: 662 (44.0)
332: 659 663 664 (73.0)
333: 666 667 (64.0)
334: 665 668 (69.0)
335: 670 672 (72.0)
336: 669 671 674 (100.0)
337: 675 677 679 (61.0)
338: 676 (56.0)
339: 681 (45.0)
340: 673 678 (72.0)
341: 682 683 (65.0)
342: 680 687 688 (68.0)
343: 685 686 (69.0)
344: 690 692 695 (69.0)
345: 684 691 (73.0)
346: 693 697 (75.0)
347: 689 (44.0)
348: 696 702 (58.0)
349: 698 (60.0)
350: 694 699 701 (75.0)
351: 703 (49.0)
352: 707 (42.0)
353: 700 705 (68.0)
354: 704 706 709 710 (63.0)
355: 708 (62.0)
356: 712 715 (74.0)
357: 711 716 (72.0)
358: 713 718 (71.0)
359: 714 720 721 (95.0)
360: 726 727 (66.0)
361: 717 719 (75.0)
362: 722 724 (75.0)
363: 723 725 732 (67.0)
364: 729 735 (73.0)
365: 728 737 (77.0)
366: 730 733 (67.0)
367: 731 739 (74.0)
368: 736 738 (63.0)
369: 734 745 (66.0)
370: 741 744 (90.0)
371: 742 743 (67.0)
372: 746 747 (67.0)
373: 740 753 (67.0)
374: 751 754 (69.0)
375: 748 749 (67.0)
376: 750 (49.0)
377: 755 756 (74.0)
378: 752 757 759 760 (83.0)
379: 758 761 (70.0)
380: 762 765 (51.0)
381: 763 768 (70.0)
382: 769 771 (62.0)
383: 764 767 (64.0)
384: 766 (44.0)
385: 773 779 (63.0)
386: 772 (47.0)
387: 774 775 (68.0)
388: 770 776 (76.0)
389: 780 783 (73.0)
390: 777 781 (72.0)
391: 784 785 (68.0)
392: 778 788 (66.0)
393: 782 786 (74.0)
394: 789 790 (81.0)
395: 787 791 792 (89.0)
396: 793 797 (75.0)
397: 794 (63.0)
398: 796 799 (54.0)
399: 795 798 802 (72.0)
400: 804 809 (68.0)
401: 800 801 (69.0)
402: 805 808 (70.0)
403: 803 807 (62.0)
404: 806 813 (70.0)
405: 812 814 (64.0)
406: 810 (47.0)
407: 817 821 (70.0)
408: 811 816 (67.0)
409: 819 824 (72.0)
410: 815 818 825 (108.0)
411: 830 (61.0)
412: 822 823 827 (89.0)
413: 820 826 (74.0)
414: 828 829 (70.0)
415: 831 833 (65.0)
416: 834 835 (70.0)
417: 839 (53.0)
418: 841 (47.0)
419: 832 837 842 (75.0)
420: 836 838 840 (77.0)
421: 843 845 (64.0)
422: 844 846 (87.0)
423: 848 854 (72.0)
424: 847 852 (71.0)
425: 851 853 (75.0)
426: 850 859 (72.0)
427: 849 855 (70.0)
428: 856 857 (71.0)
429: 858 860 (65.0)
430: 866 (43.0)
431: 865 (64.0)
432: 861 869 (77.0)
433: 863 864 868 (72.0)
434: 867 874 (74.0)
435: 862 875 (69.0)
436: 872 873 (72.0)
437: 870 (48.0)
438: 871 876 878 (70.0)
439: 877 881 (67.0)
440: 880 882 (69.0)
441: 884 890 (69.0)
442: 885 887 (86.0)
443: 879 886 (95.0)
444: 883 888 (67.0)
445: 891 896 (57.0)
446: 892 893 (73.0)
447: 889 (52.0)
448: 897 902 (84.0)
449: 894 895 (73.0)
450: 898 904 (68.0)
451: 900 901 (73.0)
452: 906 912 (63.0)
453: 899 903 (65.0)
454: 908 915 (75.0)
455: 905 913 923 (73.0)
456: 910 914 922 (89.0)
457: 907 919 921 (75.0)
458: 909 911 920 (83.0)
459: 916 917 918 (74.0)
460: 925 926 927 (74.0)
461: 928 929 930 (74.0)
462: 924 932 935 (75.0)
463: 931 933 934 (80.0)
464: 937 938 939 (74.0)
465: 936 946 948 (87.0)
466: 940 941 942 (74.0)
467: 943 945 949 (84.0)
468: 950 953 955 (89.0)
469: 944 958 963 (73.0)
470: 947 954 960 (73.0)
471: 957 959 967 (74.0)
472: 951 956 961 (75.0)
473: 952 968 969 970 (74.0)
474: 964 965 966 (75.0)
475: 962 972 976 (93.0)
476: 971 973 974 (76.0)
477: 977 979 (67.0)
478: 975 978 984 (72.0)
479: 981 982 986 (72.0)
480: 985 991 (75.0)
481: 988 989 990 (75.0)
482: 980 983 992 995 996 (75.0)
483: 987 994 998 (65.0)
484: 993 997 999 (70.0)
