Name: 100-20-30
Time: 4.361910104751587 
Result: 20016
Solution:  0 1 0 1 6 4 1 3 2 6 2 7 4 3 8 7 8 6 7 13 11 9 9 11 12 11 14 10 15 15 13 16 17 16 14 17 16 19 18 16 21 22 21 21 19 25 23 24 22 23 23 24 25 26 29 28 26 30 29 30 28 29 33 27 32 33 31 35 33 31 35 37 34 37 36 40 38 34 38 39 40 39 40 42 41 43 44 43 42 42 41 45 45 46 44 45 47 46 47 47
0: 0 2 (22.0)
1: 1 3 6 (26.0)
2: 8 10 (22.0)
3: 7 13 (20.0)
4: 5 12 (29.0)
5: (0.0)
6: 4 9 17 (22.0)
7: 11 15 18 (25.0)
8: 14 16 (29.0)
9: 21 22 (24.0)
10: 27 (19.0)
11: 20 23 25 (20.0)
12: 24 (21.0)
13: 19 30 (20.0)
14: 26 34 (22.0)
15: 28 29 (22.0)
16: 31 33 36 39 (23.0)
17: 32 35 (24.0)
18: 38 (22.0)
19: 37 44 (29.0)
20: (0.0)
21: 40 42 43 (34.0)
22: 41 48 (30.0)
23: 46 49 50 (25.0)
24: 47 51 (31.0)
25: 45 52 (19.0)
26: 53 56 (30.0)
27: 63 (23.0)
28: 55 60 (35.0)
29: 54 58 61 (25.0)
30: 57 59 (30.0)
31: 66 69 (24.0)
32: 64 (20.0)
33: 62 65 68 (25.0)
34: 72 77 (25.0)
35: 67 70 (26.0)
36: 74 (25.0)
37: 71 73 (32.0)
38: 76 78 (27.0)
39: 79 81 (32.0)
40: 75 80 82 (23.0)
41: 84 90 (29.0)
42: 83 88 89 (30.0)
43: 85 87 (34.0)
44: 86 94 (28.0)
45: 91 92 95 (29.0)
46: 93 97 (25.0)
47: 96 98 99 (22.0)
