Name: 100-30-50
Time: 9.223169326782227 
Result: 30
Solution:  0 0 3 4 5 5 3 0 4 3 8 6 7 7 6 9 8 9 8 11 10 10 11 14 13 10 14 13 16 14 15 15 16 18 20 17 17 19 20 19 19 21 18 20 23 23 21 26 24 23 25 25 29 24 27 26 30 28 29 28 27 27 32 31 30 32 32 35 36 36 34 31 34 33 37 39 41 34 40 38 37 35 40 43 38 42 39 39 42 43 44 43 41 39 45 44 43 44 44 45
0: 0 1 7 (46.0)
1: (0.0)
2: (0.0)
3: 2 6 9 (44.0)
4: 3 8 (38.0)
5: 4 5 (32.0)
6: 11 14 (30.0)
7: 12 13 (33.0)
8: 10 16 18 (28.0)
9: 15 17 (49.0)
10: 20 21 25 (43.0)
11: 19 22 (44.0)
12: (0.0)
13: 24 27 (47.0)
14: 23 26 29 (43.0)
15: 30 31 (36.0)
16: 28 32 (31.0)
17: 35 36 (39.0)
18: 33 42 (52.0)
19: 37 39 40 (51.0)
20: 34 38 43 (47.0)
21: 41 46 (48.0)
22: (0.0)
23: 44 45 49 (43.0)
24: 48 53 (48.0)
25: 50 51 (41.0)
26: 47 55 (48.0)
27: 54 60 61 (49.0)
28: 57 59 (53.0)
29: 52 58 (46.0)
30: 56 64 (49.0)
31: 63 71 (50.0)
32: 62 65 66 (37.0)
33: 73 (38.0)
34: 70 72 77 (46.0)
35: 67 81 (41.0)
36: 68 69 (45.0)
37: 74 80 (39.0)
38: 79 84 (46.0)
39: 75 86 87 93 (45.0)
40: 78 82 (35.0)
41: 76 92 (41.0)
42: 85 88 (58.0)
43: 83 89 91 96 (48.0)
44: 90 95 97 98 (49.0)
45: 94 99 (53.0)
