Name: 100-60-125
Time: 4.267486333847046 
Result: 24074
Solution:  0 1 4 3 4 1 1 0 4 6 4 5 7 3 5 7 9 6 8 9 7 8 12 14 13 12 15 16 17 14 15 13 16 20 15 17 19 21 17 18 21 20 24 19 22 22 24 23 25 24 29 23 25 27 26 26 28 28 30 29 29 30 33 34 31 32 32 31 35 33 34 33 32 35 34 36 36 33 37 39 34 34 40 38 37 38 40 38 43 39 41 41 37 43 42 42 40 41 41 40
0: 0 7 (64.0)
1: 1 5 6 (93.0)
2: (0.0)
3: 3 13 (81.0)
4: 2 4 8 10 (101.0)
5: 11 14 (82.0)
6: 9 17 (81.0)
7: 12 15 20 (110.0)
8: 18 21 (70.0)
9: 16 19 (87.0)
10: (0.0)
11: (0.0)
12: 22 25 (87.0)
13: 24 31 (71.0)
14: 23 29 (78.0)
15: 26 30 34 (115.0)
16: 27 32 (112.0)
17: 28 35 38 (95.0)
18: 39 (90.0)
19: 36 43 (88.0)
20: 33 41 (100.0)
21: 37 40 (89.0)
22: 44 45 (101.0)
23: 47 51 (138.0)
24: 42 46 49 (129.0)
25: 48 52 (116.0)
26: 54 55 (107.0)
27: 53 (74.0)
28: 56 57 (111.0)
29: 50 59 60 (118.0)
30: 58 61 (125.0)
31: 64 67 (110.0)
32: 65 66 72 (118.0)
33: 62 69 71 77 (123.0)
34: 63 70 74 80 81 (95.0)
35: 68 73 (116.0)
36: 75 76 (124.0)
37: 78 84 92 (123.0)
38: 83 85 87 (127.0)
39: 79 89 (130.0)
40: 82 86 96 99 (119.0)
41: 90 91 97 98 (122.0)
42: 94 95 (122.0)
43: 88 93 (115.0)
