Name: 1000-60-125
Time: 68.24165630340576 
Result: 139
Solution:  0 0 2 2 3 6 5 3 5 6 4 3 8 4 7 6 8 9 8 7 11 6 11 12 12 15 16 17 14 13 14 16 17 15 13 14 18 20 19 19 18 20 18 21 23 22 24 21 23 27 24 25 22 25 29 31 32 28 33 28 27 31 29 31 35 32 34 32 33 37 36 36 37 35 37 38 34 40 41 39 42 40 38 39 41 40 43 44 47 42 46 45 43 47 47 46 44 45 50 48 50 48 51 51 53 54 52 53 57 55 58 54 55 58 54 56 56 57 59 59 62 60 65 58 65 64 60 63 62 68 66 68 68 67 63 64 70 69 66 67 70 69 68 71 72 71 72 73 74 73 73 74 74 73 77 77 80 79 78 79 78 80 82 84 83 82 81 82 85 87 84 85 87 86 86 90 88 90 86 93 91 91 92 88 89 94 93 92 95 94 96 95 96 97 99 96 101 102 97 98 97 100 99 98 102 105 100 103 106 103 102 107 107 105 108 110 109 108 110 113 109 110 112 111 111 112 115 114 115 111 113 116 119 118 114 116 119 117 120 119 120 120 122 121 124 123 123 124 122 122 124 127 125 126 126 127 127 125 128 128 128 126 126 129 129 131 127 128 132 130 131 130 132 130 134 136 135 133 132 135 132 133 133 135 139 134 137 137 137 136 140 136 142 138 138 139 139 139 143 143 141 140 141 142 142 142 146 143 144 142 148 148 144 147 143 148 146 148 147 145 148 145 152 149 149 150 154 150 154 152 153 152 152 149 157 155 153 154 154 151 155 156 157 156 157 154 160 155 156 159 158 158 157 160 160 159 158 159 158 161 161 162 163 161 164 166 163 162 161 167 163 164 163 165 166 165 167 166 166 168 168 171 170 166 169 171 170 169 171 172 170 172 173 168 171 173 171 174 173 174 175 176 173 180 175 175 180 177 177 178 177 178 179 183 177 183 176 179 179 182 181 183 183 182 186 183 181 183 184 185 187 185 187 188 186 188 184 188 187 190 188 189 189 191 189 191 191 192 193 195 190 189 192 192 193 195 194 198 196 195 194 195 194 196 199 197 195 193 198 198 197 197 202 200 199 203 199 200 200 202 201 202 203 202 201 201 205 204 203 203 204 208 204 209 206 204 206 206 207 210 208 208 211 209 209 214 211 207 210 209 211 212 211 210 213 213 217 214 213 214 215 215 215 213 212 216 218 216 216 218 218 217 219 219 219 220 220 216 220 221 221 221 220 223 225 222 223 222 221 224 225 226 222 226 223 224 226 230 227 228 227 231 227 229 228 229 233 229 231 230 232 230 236 235 233 233 232 234 233 234 235 237 238 233 239 236 237 236 237 241 238 236 239 239 238 240 238 240 239 242 241 243 241 245 244 243 247 244 248 244 242 244 245 246 244 246 246 248 250 250 252 247 249 247 253 249 252 249 251 250 252 254 248 251 253 253 253 257 251 254 256 257 255 256 257 255 258 256 259 254 259 259 258 255 261 260 262 259 261 262 261 262 262 260 262 264 264 264 264 268 266 265 263 263 269 264 265 269 269 267 270 267 270 265 268 271 269 266 270 272 269 271 272 272 274 277 274 276 273 275 273 272 273 275 278 278 279 276 278 277 277 276 280 278 280 282 279 277 281 283 281 282 281 283 283 285 286 284 286 284 285 284 281 285 287 286 291 287 287 289 290 289 290 290 289 290 286 288 291 291 288 294 291 294 293 293 292 295 292 293 296 292 296 296 292 297 295 295 299 298 299 297 299 297 299 298 300 300 303 300 301 304 306 303 302 301 304 301 301 304 304 308 306 307 305 305 308 305 306 310 307 307 309 309 309 310 308 310 312 311 312 312 312 315 313 313 313 314 316 314 317 314 311 316 317 316 317 316 315 319 318 318 319 319 319 320 320 321 323 318 320 322 325 322 325 323 323 324 324 324 321 322 329 326 324 325 327 327 326 330 329 327 330 328 328 331 331 332 329 330 331 333 329 331 335 332 332 335 333 337 334 334 333 336 335 334 337 337 338 335 338 339 338 339 339 342 340 341 342 344 340 343 338 340 346 346 341 344 342 347 345 344 343 346 345 350 343 345 348 349 348 347 350 347 352 348 350 349 351 354 349 352 350 353 353 353 356 351 355 355 354 354 355 355 357 356 359 357 359 358 354 358 357 358 356 360 358 361 361 363 363 363 360 362 362 364 362 361 364 364 366 365 365 366 367 368 368 367 369 365 367 368 371 368 369 373 373 371 370 367 373 372 370 369 372 374 371 374 372 374
0: 0 1 (60.0)
1: (0.0)
2: 2 3 (60.0)
3: 4 7 11 (79.0)
4: 10 13 (75.0)
5: 6 8 (73.0)
6: 5 9 15 21 (91.0)
7: 14 19 (81.0)
8: 12 16 18 (51.0)
9: 17 (44.0)
10: (0.0)
11: 20 22 (93.0)
12: 23 24 (50.0)
13: 29 34 (89.0)
14: 28 30 35 (53.0)
15: 25 33 (52.0)
16: 26 31 (72.0)
17: 27 32 (82.0)
18: 36 40 42 (62.0)
19: 38 39 (63.0)
20: 37 41 (84.0)
21: 43 47 (64.0)
22: 45 52 (56.0)
23: 44 48 (67.0)
24: 46 50 (95.0)
25: 51 53 (42.0)
26: (0.0)
27: 49 60 (74.0)
28: 57 59 (68.0)
29: 54 62 (79.0)
30: (0.0)
31: 55 61 63 (72.0)
32: 56 65 67 (119.0)
33: 58 68 (68.0)
34: 66 76 (47.0)
35: 64 73 (88.0)
36: 70 71 (64.0)
37: 69 72 74 (54.0)
38: 75 82 (88.0)
39: 79 83 (76.0)
40: 77 81 85 (83.0)
41: 78 84 (37.0)
42: 80 89 (90.0)
43: 86 92 (47.0)
44: 87 96 (61.0)
45: 91 97 (96.0)
46: 90 95 (67.0)
47: 88 93 94 (80.0)
48: 99 101 (60.0)
49: (0.0)
50: 98 100 (72.0)
51: 102 103 (66.0)
52: 106 (15.0)
53: 104 107 (93.0)
54: 105 111 114 (120.0)
55: 109 112 (65.0)
56: 115 116 (75.0)
57: 108 117 (50.0)
58: 110 113 123 (91.0)
59: 118 119 (68.0)
60: 121 126 (75.0)
61: (0.0)
62: 120 128 (100.0)
63: 127 134 (65.0)
64: 125 135 (68.0)
65: 122 124 (60.0)
66: 130 138 (84.0)
67: 133 139 (84.0)
68: 129 131 132 142 (89.0)
69: 137 141 (81.0)
70: 136 140 (57.0)
71: 143 145 (36.0)
72: 144 146 (109.0)
73: 147 149 150 153 (119.0)
74: 148 151 152 (109.0)
75: (0.0)
76: (0.0)
77: 154 155 (71.0)
78: 158 160 (68.0)
79: 157 159 (74.0)
80: 156 161 (71.0)
81: 166 (61.0)
82: 162 165 167 (52.0)
83: 164 (68.0)
84: 163 170 (70.0)
85: 168 171 (74.0)
86: 173 174 178 (67.0)
87: 169 172 (85.0)
88: 176 183 (63.0)
89: 184 (69.0)
90: 175 177 (89.0)
91: 180 181 (73.0)
92: 182 187 (60.0)
93: 179 186 (109.0)
94: 185 189 (48.0)
95: 188 191 (82.0)
96: 190 192 195 (87.0)
97: 193 198 200 (85.0)
98: 199 203 (65.0)
99: 194 202 (117.0)
100: 201 206 (92.0)
101: 196 (73.0)
102: 197 204 210 (81.0)
103: 207 209 (38.0)
104: (0.0)
105: 205 213 (75.0)
106: 208 (63.0)
107: 211 212 (73.0)
108: 214 217 (101.0)
109: 216 220 (82.0)
110: 215 218 221 (73.0)
111: 223 224 229 (70.0)
112: 222 225 (106.0)
113: 219 230 (79.0)
114: 227 234 (63.0)
115: 226 228 (106.0)
116: 231 235 (90.0)
117: 237 (71.0)
118: 233 (63.0)
119: 232 236 239 (57.0)
120: 238 240 241 (124.0)
121: 243 (76.0)
122: 242 248 249 (84.0)
123: 245 246 (87.0)
124: 244 247 250 (100.0)
125: 252 257 (97.0)
126: 253 254 261 262 (108.0)
127: 251 255 256 266 (61.0)
128: 258 259 260 267 (62.0)
129: 263 264 (77.0)
130: 269 271 273 (61.0)
131: 265 270 (109.0)
132: 268 272 278 280 (85.0)
133: 277 281 282 (97.0)
134: 274 285 (87.0)
135: 276 279 283 (68.0)
136: 275 289 291 (87.0)
137: 286 287 288 (84.0)
138: 293 294 (71.0)
139: 284 295 296 297 (104.0)
140: 290 301 (62.0)
141: 300 302 (80.0)
142: 292 303 304 305 309 (86.0)
143: 298 299 307 314 (68.0)
144: 308 312 (66.0)
145: 319 321 (76.0)
146: 306 316 (93.0)
147: 313 318 (105.0)
148: 310 311 315 317 320 (84.0)
149: 323 324 333 (96.0)
150: 325 327 (83.0)
151: 339 (68.0)
152: 322 329 331 332 (89.0)
153: 330 336 (87.0)
154: 326 328 337 338 345 (97.0)
155: 335 340 347 (82.0)
156: 341 343 348 (77.0)
157: 334 342 344 352 (84.0)
158: 350 351 356 358 (99.0)
159: 349 355 357 (110.0)
160: 346 353 354 (102.0)
161: 359 360 363 368 (121.0)
162: 361 367 (86.0)
163: 362 366 370 372 (113.0)
164: 364 371 (72.0)
165: 373 375 (64.0)
166: 365 374 377 378 383 (62.0)
167: 369 376 (76.0)
168: 379 380 393 (93.0)
169: 384 387 (86.0)
170: 382 386 390 (111.0)
171: 381 385 388 394 396 (121.0)
172: 389 391 (76.0)
173: 392 395 398 402 (73.0)
174: 397 399 (87.0)
175: 400 404 405 (109.0)
176: 401 416 (69.0)
177: 407 408 410 414 (125.0)
178: 409 411 (79.0)
179: 412 417 418 (76.0)
180: 403 406 (69.0)
181: 420 426 (67.0)
182: 419 423 (93.0)
183: 413 415 421 422 425 427 (78.0)
184: 428 436 (71.0)
185: 429 431 (83.0)
186: 424 434 (74.0)
187: 430 432 438 (87.0)
188: 433 435 437 440 (100.0)
189: 441 442 444 451 (96.0)
190: 439 450 (81.0)
191: 443 445 446 (102.0)
192: 447 452 453 (106.0)
193: 448 454 467 (106.0)
194: 456 460 462 (90.0)
195: 449 455 459 461 466 (120.0)
196: 458 463 (71.0)
197: 465 470 471 (119.0)
198: 457 468 469 (125.0)
199: 464 474 476 (97.0)
200: 473 477 478 (104.0)
201: 480 484 485 (74.0)
202: 472 479 481 483 (103.0)
203: 475 482 488 489 (121.0)
204: 487 490 492 495 (107.0)
205: 486 (61.0)
206: 494 496 497 (113.0)
207: 498 507 (82.0)
208: 491 500 501 (90.0)
209: 493 503 504 509 (111.0)
210: 499 508 513 (112.0)
211: 502 506 510 512 (89.0)
212: 511 524 (85.0)
213: 514 515 518 523 (124.0)
214: 505 517 519 (111.0)
215: 520 521 522 (99.0)
216: 525 527 528 537 (104.0)
217: 516 531 (118.0)
218: 526 529 530 (109.0)
219: 532 533 534 (99.0)
220: 535 536 538 542 (115.0)
221: 539 540 541 548 (82.0)
222: 545 547 552 (77.0)
223: 543 546 554 (101.0)
224: 549 555 (134.0)
225: 544 550 (106.0)
226: 551 553 556 (120.0)
227: 558 560 562 (104.0)
228: 559 564 (66.0)
229: 563 565 567 (99.0)
230: 557 569 571 (80.0)
231: 561 568 (66.0)
232: 570 576 (89.0)
233: 566 574 575 578 583 (124.0)
234: 577 579 (86.0)
235: 573 580 (102.0)
236: 572 585 587 591 (121.0)
237: 581 586 588 (107.0)
238: 582 590 594 596 (104.0)
239: 584 592 593 598 (97.0)
240: 595 597 (94.0)
241: 589 600 602 (72.0)
242: 599 610 (82.0)
243: 601 605 (89.0)
244: 604 607 609 611 614 (79.0)
245: 603 612 (82.0)
246: 613 615 616 (106.0)
247: 606 621 623 (125.0)
248: 608 617 632 (114.0)
249: 622 625 627 (119.0)
250: 618 619 629 (124.0)
251: 628 633 638 (116.0)
252: 620 626 630 (124.0)
253: 624 634 635 636 (125.0)
254: 631 639 649 (102.0)
255: 642 645 653 (120.0)
256: 640 643 647 (129.0)
257: 637 641 644 (91.0)
258: 646 652 (104.0)
259: 648 650 651 657 (120.0)
260: 655 663 (99.0)
261: 654 658 660 (129.0)
262: 656 659 661 662 664 (98.0)
263: 672 673 (92.0)
264: 665 666 667 668 675 (124.0)
265: 671 676 683 (122.0)
266: 670 687 (100.0)
267: 679 681 (72.0)
268: 669 684 (93.0)
269: 674 677 678 686 690 (107.0)
270: 680 682 688 (117.0)
271: 685 691 (89.0)
272: 689 692 693 701 (123.0)
273: 698 700 702 (112.0)
274: 694 696 (106.0)
275: 699 703 (92.0)
276: 697 707 711 (89.0)
277: 695 709 710 717 (111.0)
278: 704 705 708 713 (98.0)
279: 706 716 (95.0)
280: 712 714 (99.0)
281: 718 720 722 732 (111.0)
282: 715 721 (110.0)
283: 719 723 724 (124.0)
284: 727 729 731 (137.0)
285: 725 730 733 (115.0)
286: 726 728 735 746 (122.0)
287: 734 737 738 (119.0)
288: 747 750 (107.0)
289: 739 741 744 (114.0)
290: 740 742 743 745 (131.0)
291: 736 748 749 752 (109.0)
292: 756 758 761 764 (102.0)
293: 754 755 759 (109.0)
294: 751 753 (101.0)
295: 757 766 767 (125.0)
296: 760 762 763 (125.0)
297: 765 771 773 (118.0)
298: 769 775 (125.0)
299: 768 770 772 774 (132.0)
300: 776 777 779 (131.0)
301: 780 785 787 788 (120.0)
302: 784 (81.0)
303: 778 783 (82.0)
304: 781 786 789 790 (124.0)
305: 794 795 797 (108.0)
306: 782 792 798 (100.0)
307: 793 800 801 (112.0)
308: 791 796 806 (117.0)
309: 802 803 804 (115.0)
310: 799 805 807 (133.0)
311: 809 822 (115.0)
312: 808 810 811 812 (114.0)
313: 814 815 816 (116.0)
314: 817 819 821 (121.0)
315: 813 828 (124.0)
316: 818 823 825 827 (125.0)
317: 820 824 826 (97.0)
318: 830 831 839 (126.0)
319: 829 832 833 834 (122.0)
320: 835 836 840 (126.0)
321: 837 850 (114.0)
322: 841 843 851 (126.0)
323: 838 845 846 (119.0)
324: 847 848 849 854 (138.0)
325: 842 844 855 (110.0)
326: 853 858 (101.0)
327: 856 857 861 (122.0)
328: 863 864 (89.0)
329: 852 860 868 872 (115.0)
330: 859 862 869 (122.0)
331: 865 866 870 873 (123.0)
332: 867 875 876 (138.0)
333: 871 878 882 (122.0)
334: 880 881 885 (90.0)
335: 874 877 884 889 (116.0)
336: 883 (103.0)
337: 879 886 887 (115.0)
338: 888 890 892 902 (154.0)
339: 891 893 894 (126.0)
340: 896 900 903 (125.0)
341: 897 906 (112.0)
342: 895 898 908 (108.0)
343: 901 912 916 (119.0)
344: 899 907 911 (125.0)
345: 910 914 917 (141.0)
346: 904 905 913 (135.0)
347: 909 921 923 (119.0)
348: 918 920 925 (117.0)
349: 919 927 930 (144.0)
350: 915 922 926 932 (130.0)
351: 928 937 (123.0)
352: 924 931 (120.0)
353: 933 934 935 (137.0)
354: 929 940 941 950 (116.0)
355: 938 939 942 943 (118.0)
356: 936 945 954 (125.0)
357: 944 947 952 (127.0)
358: 949 951 953 956 (122.0)
359: 946 948 (112.0)
360: 955 962 (125.0)
361: 957 958 967 (110.0)
362: 963 964 966 (120.0)
363: 959 960 961 (125.0)
364: 965 968 969 (109.0)
365: 971 972 979 (120.0)
366: 970 973 (117.0)
367: 974 977 980 989 (124.0)
368: 975 976 981 983 (124.0)
369: 978 984 993 (121.0)
370: 988 992 (121.0)
371: 982 987 996 (121.0)
372: 991 994 998 (127.0)
373: 985 986 990 (124.0)
374: 995 997 999 (151.0)
