Name: 100-60-125
Time: 9.372848749160767 
Result: 97
Solution:  0 0 2 3 2 2 3 1 6 4 7 1 7 5 6 7 4 9 5 11 9 9 14 14 11 12 13 13 16 15 18 12 16 20 15 16 18 19 19 17 19 20 24 24 22 22 23 23 21 24 26 25 28 27 25 27 28 26 30 28 29 31 33 32 29 32 32 36 34 33 34 30 34 38 38 35 35 36 32 39 34 37 40 38 36 37 39 36 41 42 43 41 37 40 42 43 42 42 43 40
0: 0 1 (60.0)
1: 7 11 (63.0)
2: 2 4 5 (91.0)
3: 3 6 (74.0)
4: 9 16 (108.0)
5: 13 18 (87.0)
6: 8 14 (56.0)
7: 10 12 15 (89.0)
8: (0.0)
9: 17 20 21 (106.0)
10: (0.0)
11: 19 24 (74.0)
12: 25 31 (76.0)
13: 26 27 (84.0)
14: 22 23 (81.0)
15: 29 34 (88.0)
16: 28 32 35 (131.0)
17: 39 (90.0)
18: 30 36 (105.0)
19: 37 38 40 (94.0)
20: 33 41 (100.0)
21: 48 (85.0)
22: 44 45 (101.0)
23: 46 47 (102.0)
24: 42 43 49 (118.0)
25: 51 54 (112.0)
26: 50 57 (105.0)
27: 53 55 (153.0)
28: 52 56 59 (124.0)
29: 60 64 (103.0)
30: 58 71 (64.0)
31: 61 (81.0)
32: 63 65 66 78 (119.0)
33: 62 69 (102.0)
34: 68 70 72 80 (127.0)
35: 75 76 (124.0)
36: 67 77 84 87 (125.0)
37: 81 85 92 (125.0)
38: 73 74 83 (122.0)
39: 79 86 (129.0)
40: 82 93 99 (125.0)
41: 88 91 (123.0)
42: 89 94 96 97 (114.0)
43: 90 95 98 (117.0)
