Name: 1000-30-50
Time: 70.06561183929443 
Result: 53
Solution:  1 0 1 3 2 2 3 5 8 7 6 5 6 7 10 6 10 7 12 11 9 8 11 9 14 13 13 14 15 13 12 15 16 15 16 18 20 18 21 19 22 22 23 19 20 18 21 23 24 25 25 26 24 27 26 30 29 28 26 32 33 27 28 30 32 29 35 33 34 37 33 34 36 36 33 38 35 38 39 35 40 37 39 42 41 42 44 46 41 44 48 42 46 47 49 47 47 48 49 49 51 52 50 51 51 52 54 53 50 53 55 54 54 56 57 57 56 59 60 59 60 62 60 61 63 63 62 61 65 64 66 65 67 66 64 68 67 65 70 69 68 70 71 72 72 69 75 74 75 73 73 75 76 79 79 77 78 76 76 77 78 80 80 84 82 82 83 86 83 84 83 85 87 89 88 85 86 88 89 93 90 87 90 92 95 92 93 96 93 94 98 95 96 94 101 97 99 102 99 97 100 103 101 98 101 102 101 103 103 104 105 105 106 107 109 106 110 107 108 109 108 110 110 112 113 109 113 112 111 115 116 116 115 118 121 119 119 118 117 119 123 122 123 121 120 123 124 127 122 125 125 127 125 126 129 124 129 128 128 130 129 130 132 132 134 133 131 131 134 135 135 133 137 138 136 136 138 138 137 139 143 139 142 141 141 143 142 140 144 144 146 145 149 146 147 146 150 145 148 149 150 148 152 147 151 153 154 152 155 151 154 157 157 156 155 158 161 156 155 160 160 163 161 162 163 159 164 163 166 162 163 165 166 167 164 170 168 167 169 168 170 171 171 172 172 169 177 174 176 172 176 178 175 173 175 177 178 180 181 180 179 180 177 182 181 182 184 179 185 184 185 186 186 187 187 186 190 189 189 191 189 188 191 193 192 190 192 195 190 197 196 195 196 194 196 198 196 199 199 198 200 200 202 203 201 201 206 205 204 202 207 205 206 208 203 206 210 207 209 208 209 214 213 210 211 211 213 212 213 216 215 215 218 214 218 219 218 217 216 219 221 223 222 224 219 225 221 223 227 222 221 226 228 224 225 227 226 232 229 228 230 229 232 229 231 232 237 235 236 234 234 237 235 234 235 233 236 238 234 236 236 238 238 236 238 240 240 243 239 239 243 241 242 245 244 241 241 244 243 245 246 243 245 248 242 246 244 244 247 247 248 248 248 248 249 249 246 251 247 250 251 251 251 252 251 255 256 257 254 253 250 256 254 255 258 257 256 260 255 256 257 258 257 256 259 259 262 261 256 263 265 259 259 262 263 260 266 263 264 261 268 264 265 267 266 269 267 267 266 268 267 268 270 267 269 271 270 273 267 267 272 273 273 272 271 275 274 271 270 274 271 275 274 276 273 276 275 277 278 276 277 279 278 276 279 277 278 280 281 278 282 281 278 282 281 283 280 286 281 285 284 284 283 284 283 286 284 284 288 287 288 288 288 287 287 289 289 292 289 290 295 291 290 291 292 293 290 294 293 295 296 294 294 293 295 296 298 297 296 298 297 298 298 299 300 301 299 302 300 303 300 302 298 303 302 301 301 304 305 305 304 304 302 308 307 306 303 307 308 306 306 305 309 311 308 309 309 310 312 313 312 311 309 312 310 311 310 312 315 317 314 314 313 314 314 315 316 316 319 318 316 322 317 317 322 316 315 317 320 319 321 323 321 321 324 318 323 322 320 323 324 320 325 327 324 326 327 325 330 329 326 327 328 326 328 330 329 331 330 329 331 331 328 329 332 332 336 334 333 337 332 333 331 334 336 338 335 334 339 334 335 337 338 335 341 336 337 339 340 342 341 343 338 341 340 343 340 345 342 342 347 344 344 346 346 346 347 347 351 349 345 348 350 346 351 351 348 350 351 351 351 354 349 352 353 354 350 357 354 353 355 353 352 357 355 355 357 358 356 356 359 356 355 360 360 362 357 361 360 359 365 363 358 362 362 363 361 361 363 366 364 366 368 367 364 365 366 365 369 364 367 369 368 369 368 372 372 370 370 369 375 371 371 371 374 368 373 370 373 372 371 376 372 374 378 376 373 377 379 378 379 378 375 377 382 381 377 377 380 383 380 381 381 383 384 383 387 384 384 384 381 387 385 385 385 388 386 388 391 388 386 389 386 386 392 389 388 390 391 389 393 392 389 391 394 390 393 396 392 395 394 395 399 394 395 396 397 397 394 399 396 398 398 400 401 401 397 398 400 399 402 399 401 406 400 403 406 403 404 402 401 404 405 407 407 403 405 405 407 405 406 408 408 408 409 410 410 410 410 409
0: 1 (9.0)
1: 0 2 (35.0)
2: 4 5 (30.0)
3: 3 6 (39.0)
4: (0.0)
5: 7 11 (31.0)
6: 10 12 15 (45.0)
7: 9 13 17 (37.0)
8: 8 21 (32.0)
9: 20 23 (30.0)
10: 14 16 (30.0)
11: 19 22 (30.0)
12: 18 30 (25.0)
13: 25 26 29 (33.0)
14: 24 27 (41.0)
15: 28 31 33 (44.0)
16: 32 34 (37.0)
17: (0.0)
18: 35 37 45 (38.0)
19: 39 43 (9.0)
20: 36 44 (34.0)
21: 38 46 (39.0)
22: 40 41 (30.0)
23: 42 47 (42.0)
24: 48 52 (38.0)
25: 49 50 (37.0)
26: 51 54 58 (26.0)
27: 53 61 (38.0)
28: 57 62 (36.0)
29: 56 65 (30.0)
30: 55 63 (34.0)
31: (0.0)
32: 59 64 (31.0)
33: 60 67 70 74 (34.0)
34: 68 71 (52.0)
35: 66 76 79 (37.0)
36: 72 73 (31.0)
37: 69 81 (21.0)
38: 75 77 (48.0)
39: 78 82 (35.0)
40: 80 (15.0)
41: 84 88 (34.0)
42: 83 85 91 (36.0)
43: (0.0)
44: 86 89 (32.0)
45: (0.0)
46: 87 92 (35.0)
47: 93 95 96 (28.0)
48: 90 97 (45.0)
49: 94 98 99 (52.0)
50: 102 108 (41.0)
51: 100 103 104 (42.0)
52: 101 105 (37.0)
53: 107 109 (32.0)
54: 106 111 112 (32.0)
55: 110 (21.0)
56: 113 116 (39.0)
57: 114 115 (32.0)
58: (0.0)
59: 117 119 (38.0)
60: 118 120 122 (34.0)
61: 123 127 (34.0)
62: 121 126 (34.0)
63: 124 125 (32.0)
64: 129 134 (36.0)
65: 128 131 137 (33.0)
66: 130 133 (48.0)
67: 132 136 (26.0)
68: 135 140 (31.0)
69: 139 145 (21.0)
70: 138 141 (45.0)
71: 142 (23.0)
72: 143 144 (25.0)
73: 149 150 (43.0)
74: 147 (17.0)
75: 146 148 151 (39.0)
76: 152 157 158 (27.0)
77: 155 159 (34.0)
78: 156 160 (36.0)
79: 153 154 (47.0)
80: 161 162 (48.0)
81: (0.0)
82: 164 165 (33.0)
83: 166 168 170 (37.0)
84: 163 169 (31.0)
85: 171 175 (30.0)
86: 167 176 (49.0)
87: 172 181 (46.0)
88: 174 177 (24.0)
89: 173 178 (35.0)
90: 180 182 (31.0)
91: (0.0)
92: 183 185 (28.0)
93: 179 186 188 (33.0)
94: 189 193 (33.0)
95: 184 191 (26.0)
96: 187 192 (45.0)
97: 195 199 (37.0)
98: 190 203 (52.0)
99: 196 198 (43.0)
100: 200 (31.0)
101: 194 202 204 206 (42.0)
102: 197 205 (38.0)
103: 201 207 208 (33.0)
104: 209 (25.0)
105: 210 211 (35.0)
106: 212 215 (39.0)
107: 213 217 (39.0)
108: 218 220 (39.0)
109: 214 219 225 (47.0)
110: 216 221 222 (42.0)
111: 228 (32.0)
112: 223 227 (43.0)
113: 224 226 (31.0)
114: (0.0)
115: 229 232 (18.0)
116: 230 231 (35.0)
117: 238 (33.0)
118: 233 237 (39.0)
119: 235 236 239 (35.0)
120: 244 (32.0)
121: 234 243 (29.0)
122: 241 248 (39.0)
123: 240 242 245 (50.0)
124: 246 255 (45.0)
125: 249 250 252 (30.0)
126: 253 (31.0)
127: 247 251 (36.0)
128: 257 258 (41.0)
129: 254 256 260 (35.0)
130: 259 261 (43.0)
131: 266 267 (36.0)
132: 262 263 (36.0)
133: 265 271 (33.0)
134: 264 268 (33.0)
135: 269 270 (42.0)
136: 274 275 (36.0)
137: 272 278 (42.0)
138: 273 276 277 (48.0)
139: 279 281 (32.0)
140: 287 (24.0)
141: 283 284 (48.0)
142: 282 286 (25.0)
143: 280 285 (38.0)
144: 288 289 (37.0)
145: 291 297 (38.0)
146: 290 293 295 (39.0)
147: 294 303 (40.0)
148: 298 301 (31.0)
149: 292 299 (47.0)
150: 296 300 (42.0)
151: 304 309 (44.0)
152: 302 307 (40.0)
153: 305 (22.0)
154: 306 310 (42.0)
155: 308 314 318 (25.0)
156: 313 317 (35.0)
157: 311 312 (40.0)
158: 315 (30.0)
159: 325 (30.0)
160: 319 320 (50.0)
161: 316 322 (37.0)
162: 323 329 (38.0)
163: 321 324 327 330 (37.0)
164: 326 334 (46.0)
165: 331 (34.0)
166: 328 332 (40.0)
167: 333 337 (36.0)
168: 336 339 (36.0)
169: 338 345 (30.0)
170: 335 340 (29.0)
171: 341 342 (54.0)
172: 343 344 349 (47.0)
173: 353 (32.0)
174: 347 (31.0)
175: 352 354 (40.0)
176: 348 350 (39.0)
177: 346 355 362 (43.0)
178: 351 356 (43.0)
179: 360 367 (43.0)
180: 357 359 361 (42.0)
181: 358 364 (36.0)
182: 363 365 (37.0)
183: (0.0)
184: 366 369 (48.0)
185: 368 370 (34.0)
186: 371 372 375 (38.0)
187: 373 374 (47.0)
188: 381 (33.0)
189: 377 378 380 (37.0)
190: 376 385 388 (36.0)
191: 379 382 (37.0)
192: 384 386 (49.0)
193: 383 (34.0)
194: 393 (30.0)
195: 387 391 (41.0)
196: 390 392 394 396 (48.0)
197: 389 (28.0)
198: 395 399 (46.0)
199: 397 398 (46.0)
200: 400 401 (39.0)
201: 404 405 (39.0)
202: 402 409 (20.0)
203: 403 414 (49.0)
204: 408 (37.0)
205: 407 411 (53.0)
206: 406 412 415 (38.0)
207: 410 417 (38.0)
208: 413 419 (34.0)
209: 418 420 (45.0)
210: 416 423 (38.0)
211: 424 425 (40.0)
212: 427 (38.0)
213: 422 426 428 (33.0)
214: 421 433 (50.0)
215: 430 431 (40.0)
216: 429 438 (55.0)
217: 437 (37.0)
218: 432 434 436 (41.0)
219: 435 439 444 (51.0)
220: (0.0)
221: 440 446 450 (55.0)
222: 442 449 (27.0)
223: 441 447 (49.0)
224: 443 453 (38.0)
225: 445 454 (44.0)
226: 451 456 (44.0)
227: 448 455 (50.0)
228: 452 459 (48.0)
229: 458 461 463 (34.0)
230: 460 (36.0)
231: 464 (35.0)
232: 457 462 465 (49.0)
233: 475 (30.0)
234: 469 470 473 478 (36.0)
235: 467 472 474 (43.0)
236: 468 476 479 480 483 (50.0)
237: 466 471 (48.0)
238: 477 481 482 484 (50.0)
239: 488 489 (34.0)
240: 485 486 (31.0)
241: 491 495 496 (46.0)
242: 492 504 (52.0)
243: 487 490 498 501 (35.0)
244: 494 497 506 507 (48.0)
245: 493 499 502 (49.0)
246: 500 505 516 (30.0)
247: 508 509 518 (45.0)
248: 503 510 511 512 513 (54.0)
249: 514 515 (36.0)
250: 519 530 (38.0)
251: 517 520 521 522 524 (46.0)
252: 523 (30.0)
253: 529 (30.0)
254: 528 532 (40.0)
255: 525 533 538 (35.0)
256: 526 531 536 539 543 548 (32.0)
257: 527 535 540 542 (37.0)
258: 534 541 (49.0)
259: 544 545 551 552 (46.0)
260: 537 555 (43.0)
261: 547 559 (49.0)
262: 546 553 (34.0)
263: 549 554 557 (49.0)
264: 558 561 (38.0)
265: 550 562 (37.0)
266: 556 564 568 (34.0)
267: 563 566 567 570 573 578 579 (46.0)
268: 560 569 571 (42.0)
269: 565 574 (59.0)
270: 572 576 588 (50.0)
271: 575 584 587 590 (37.0)
272: 580 583 (48.0)
273: 577 581 582 594 (48.0)
274: 586 589 592 (48.0)
275: 585 591 596 (48.0)
276: 593 595 599 603 (47.0)
277: 597 600 605 (50.0)
278: 598 602 606 609 612 (50.0)
279: 601 604 (50.0)
280: 607 616 (48.0)
281: 608 611 614 618 (49.0)
282: 610 613 (49.0)
283: 615 622 624 (44.0)
284: 620 621 623 626 627 (32.0)
285: 619 (30.0)
286: 617 625 (37.0)
287: 629 633 634 (46.0)
288: 628 630 631 632 (53.0)
289: 635 636 638 (35.0)
290: 639 642 646 (35.0)
291: 641 643 (42.0)
292: 637 644 (44.0)
293: 645 648 653 (44.0)
294: 647 651 652 (38.0)
295: 640 649 654 (40.0)
296: 650 655 658 (44.0)
297: 657 660 (55.0)
298: 656 659 661 662 672 (38.0)
299: 663 666 (55.0)
300: 664 668 670 (50.0)
301: 665 675 676 (41.0)
302: 667 671 674 682 (44.0)
303: 669 673 686 (40.0)
304: 677 680 681 (43.0)
305: 678 679 691 (47.0)
306: 685 689 690 (49.0)
307: 684 687 (42.0)
308: 683 688 694 (48.0)
309: 692 695 696 702 (55.0)
310: 697 704 706 (41.0)
311: 693 701 705 (53.0)
312: 698 700 703 707 (50.0)
313: 699 712 (51.0)
314: 710 711 713 714 (52.0)
315: 708 715 726 (50.0)
316: 716 717 720 725 (48.0)
317: 709 722 723 727 (50.0)
318: 719 735 (44.0)
319: 718 729 (47.0)
320: 728 738 741 (33.0)
321: 730 732 733 (49.0)
322: 721 724 737 (44.0)
323: 731 736 739 (49.0)
324: 734 740 744 (35.0)
325: 742 747 (52.0)
326: 745 750 753 (50.0)
327: 743 746 751 (47.0)
328: 752 754 762 (40.0)
329: 749 756 759 763 (48.0)
330: 748 755 758 (42.0)
331: 757 760 761 772 (50.0)
332: 764 765 770 (48.0)
333: 768 771 (35.0)
334: 767 773 777 779 (41.0)
335: 776 780 783 (49.0)
336: 766 774 785 (46.0)
337: 769 781 786 (53.0)
338: 775 782 792 (58.0)
339: 778 787 (42.0)
340: 788 794 796 (37.0)
341: 784 790 793 (49.0)
342: 789 798 799 (39.0)
343: 791 795 (41.0)
344: 801 802 (56.0)
345: 797 810 (45.0)
346: 803 804 805 813 (49.0)
347: 800 806 807 (47.0)
348: 811 816 (50.0)
349: 809 822 (50.0)
350: 812 817 826 (54.0)
351: 808 814 815 818 819 820 (47.0)
352: 823 832 (49.0)
353: 824 829 831 (46.0)
354: 821 825 828 (49.0)
355: 830 834 835 842 (41.0)
356: 838 839 841 (47.0)
357: 827 833 836 846 (50.0)
358: 837 852 (50.0)
359: 840 849 (56.0)
360: 843 844 848 (44.0)
361: 847 856 857 (32.0)
362: 845 853 854 (37.0)
363: 851 855 858 (47.0)
364: 860 864 869 (45.0)
365: 850 865 867 (50.0)
366: 859 861 866 (45.0)
367: 863 870 (37.0)
368: 862 872 874 885 (49.0)
369: 868 871 873 879 (50.0)
370: 877 878 887 (49.0)
371: 881 882 883 890 (50.0)
372: 875 876 889 892 (50.0)
373: 886 888 896 (51.0)
374: 884 893 (49.0)
375: 880 902 (44.0)
376: 891 895 (51.0)
377: 897 903 906 907 (48.0)
378: 894 899 901 (49.0)
379: 898 900 (45.0)
380: 908 910 (32.0)
381: 905 911 912 920 (46.0)
382: 904 (36.0)
383: 909 913 915 (50.0)
384: 914 917 918 919 (46.0)
385: 922 923 924 (49.0)
386: 926 930 932 933 (62.0)
387: 916 921 (56.0)
388: 925 927 929 936 (60.0)
389: 931 935 939 942 (54.0)
390: 937 945 (58.0)
391: 928 938 943 (42.0)
392: 934 941 948 (45.0)
393: 940 946 (53.0)
394: 944 950 953 958 (52.0)
395: 949 951 954 (52.0)
396: 947 955 960 (55.0)
397: 956 957 966 (54.0)
398: 961 962 967 (51.0)
399: 952 959 969 971 (54.0)
400: 963 968 974 (53.0)
401: 964 965 972 980 (50.0)
402: 970 979 (49.0)
403: 975 977 985 (47.0)
404: 978 981 (49.0)
405: 982 986 987 989 (51.0)
406: 973 976 990 (50.0)
407: 983 984 988 (52.0)
408: 991 992 993 (50.0)
409: 994 999 (53.0)
410: 995 996 997 998 (47.0)
