Name: 100-60-125
Time: 7.364053964614868 
Result: 78
Solution:  0 2 2 3 1 1 0 5 4 6 4 5 2 3 8 7 4 8 7 11 7 8 12 14 11 12 17 13 15 14 18 11 16 17 15 17 18 21 19 19 16 21 20 20 22 22 23 23 24 24 22 25 28 26 25 27 27 28 30 31 31 32 29 33 29 32 31 34 33 34 35 36 30 36 35 38 35 37 33 37 36 36 39 34 38 39 41 38 40 39 42 41 40 42 42 43 43 43 43 41
0: 0 6 (75.0)
1: 4 5 (64.0)
2: 1 2 12 (79.0)
3: 3 13 (81.0)
4: 8 10 16 (94.0)
5: 7 11 (63.0)
6: 9 (56.0)
7: 15 18 20 (123.0)
8: 14 17 21 (99.0)
9: (0.0)
10: (0.0)
11: 19 24 31 (106.0)
12: 22 25 (87.0)
13: 27 (71.0)
14: 23 29 (78.0)
15: 28 34 (94.0)
16: 32 40 (89.0)
17: 26 33 35 (107.0)
18: 30 36 (105.0)
19: 38 39 (95.0)
20: 42 43 (99.0)
21: 37 41 (91.0)
22: 44 45 50 (121.0)
23: 46 47 (102.0)
24: 48 49 (104.0)
25: 51 54 (112.0)
26: 53 (74.0)
27: 55 56 (105.0)
28: 52 57 (116.0)
29: 62 64 (124.0)
30: 58 72 (121.0)
31: 59 60 66 (116.0)
32: 61 65 (104.0)
33: 63 68 78 (105.0)
34: 67 69 83 (120.0)
35: 70 74 76 (118.0)
36: 71 73 80 81 (124.0)
37: 77 79 (103.0)
38: 75 84 87 (111.0)
39: 82 85 89 (125.0)
40: 88 92 (123.0)
41: 86 91 99 (134.0)
42: 90 93 94 (123.0)
43: 95 96 97 98 (116.0)
