Name: 1000-60-125
Time: 66.63465070724487 
Result: 125
Solution:  1 0 1 2 6 1 5 2 5 4 4 7 6 7 9 6 9 8 6 8 13 10 11 10 10 9 16 15 15 11 14 17 14 16 19 16 15 18 18 21 19 20 24 21 22 21 23 25 23 20 24 25 22 26 26 25 29 32 31 28 28 32 30 31 34 32 35 33 33 34 37 36 35 36 41 39 37 40 39 39 41 40 38 38 42 40 42 46 42 45 46 45 42 47 46 47 48 51 49 50 50 48 51 52 56 49 54 52 57 54 55 56 57 54 55 58 62 58 59 59 59 61 58 62 61 60 60 65 63 64 66 65 65 67 64 69 70 68 68 66 70 71 67 69 73 71 71 73 74 73 75 76 74 77 75 76 79 81 76 79 78 80 77 83 82 81 80 83 84 86 84 87 87 83 86 90 90 89 92 92 91 91 94 89 88 92 93 93 95 94 96 95 97 96 100 96 98 101 97 99 100 99 101 100 101 105 102 102 103 103 106 105 106 104 107 109 107 104 111 112 109 108 114 108 111 112 116 114 116 115 111 115 117 113 118 118 118 117 120 119 120 119 121 122 120 121 121 125 123 121 125 127 126 124 125 124 127 129 127 129 127 126 128 130 128 131 131 127 129 130 128 132 132 130 131 135 135 134 138 133 132 133 135 135 136 134 136 138 137 140 138 136 142 138 137 140 136 139 141 141 142 139 143 141 140 142 144 147 141 141 146 149 143 147 148 146 146 148 148 145 149 148 150 150 149 151 150 150 150 149 148 152 152 149 156 153 153 155 154 154 151 155 152 158 155 156 157 155 156 158 155 157 159 159 158 160 162 160 161 161 162 161 163 164 159 165 163 164 161 167 162 165 164 169 167 165 166 165 166 171 167 168 167 172 167 172 171 170 169 172 170 168 173 169 172 173 173 175 171 174 177 172 173 175 176 180 179 176 176 178 177 178 175 179 177 183 179 182 181 181 182 180 184 184 185 182 180 180 182 183 185 186 183 186 188 187 187 189 184 190 190 185 187 192 189 192 188 190 191 195 188 189 191 191 196 194 193 195 195 194 194 198 193 193 199 196 197 195 194 197 198 199 203 198 200 199 199 201 201 200 200 202 202 201 203 201 205 204 203 206 205 207 207 207 206 209 204 206 206 210 211 208 209 209 205 210 212 208 213 208 209 211 210 213 216 212 212 214 214 214 212 216 217 215 218 215 218 216 217 218 219 217 219 219 218 218 220 220 221 220 222 222 222 225 222 222 226 225 226 224 226 226 225 226 227 223 224 227 229 228 229 230 227 230 229 231 229 228 233 229 231 230 233 232 233 233 232 234 233 235 235 236 236 234 236 237 238 235 238 240 240 237 239 241 236 240 238 239 240 241 242 243 241 243 247 243 241 243 245 245 242 245 244 246 244 248 247 248 250 251 248 247 246 250 247 248 254 249 250 252 253 254 254 252 254 249 249 256 254 254 251 257 252 256 258 255 253 257 257 261 260 257 258 255 261 258 263 259 262 262 261 262 262 264 263 265 259 265 264 260 264 265 264 263 267 267 265 268 266 267 270 267 268 269 266 269 267 268 269 270 267 271 272 273 274 272 271 272 272 277 274 277 273 276 278 278 275 279 276 280 280 276 278 279 281 277 280 279 279 281 284 282 284 285 283 285 282 284 283 283 286 284 283 287 287 286 289 288 288 287 288 286 290 290 290 290 291 289 291 291 289 292 291 293 293 293 294 296 298 292 297 295 299 293 298 295 296 296 295 298 298 302 299 295 297 299 300 298 301 300 301 301 306 302 303 303 302 304 303 302 304 306 306 308 304 305 306 305 307 308 310 307 309 309 309 310 310 313 308 310 311 312 312 312 313 310 314 314 316 311 313 314 315 316 317 316 317 319 315 318 318 318 320 319 319 319 320 320 317 319 321 322 321 322 326 323 323 324 323 325 324 326 323 328 328 326 327 330 325 329 332 328 330 330 329 331 332 327 329 333 331 333 330 332 331 330 334 334 333 336 338 332 332 335 339 336 338 337 334 336 339 337 340 338 339 342 337 341 342 342 340 346 339 340 344 346 341 345 343 347 345 344 343 343 347 345 346 344 350 347 347 348 350 348 351 350 348 349 349 352 349 354 354 350 352 353 351 353 355 357 354 352 355 356 356 357 358 357 359 356 358 359 362 358 355 361 360 361 360 358 360 363 365 362 365 364 363 363 364 365 366 361 362 366 364 369 368 368 368 367 367 367 370 366 370 371 372 369 369 370 373 372 372 370 371 373 374 374 374 373
0: 1 (46.0)
1: 0 2 5 (54.0)
2: 3 7 (77.0)
3: (0.0)
4: 9 10 (60.0)
5: 6 8 (73.0)
6: 4 12 15 18 (93.0)
7: 11 13 (64.0)
8: 17 19 (94.0)
9: 14 16 25 (86.0)
10: 21 23 24 (55.0)
11: 22 29 (78.0)
12: (0.0)
13: 20 (57.0)
14: 30 32 (66.0)
15: 27 28 36 (76.0)
16: 26 33 35 (57.0)
17: 31 (44.0)
18: 37 38 (91.0)
19: 34 40 (67.0)
20: 41 49 (77.0)
21: 39 43 45 (81.0)
22: 44 52 (69.0)
23: 46 48 (71.0)
24: 42 50 (73.0)
25: 47 51 55 (62.0)
26: 53 54 (64.0)
27: (0.0)
28: 59 60 (91.0)
29: 56 (47.0)
30: 62 (47.0)
31: 58 63 (30.0)
32: 57 61 65 (57.0)
33: 67 68 (111.0)
34: 64 69 (57.0)
35: 66 72 (33.0)
36: 71 73 (66.0)
37: 70 76 (77.0)
38: 82 83 (65.0)
39: 75 78 79 (110.0)
40: 77 81 85 (83.0)
41: 74 80 (67.0)
42: 84 86 88 92 (95.0)
43: (0.0)
44: (0.0)
45: 89 91 (82.0)
46: 87 90 94 (105.0)
47: 93 95 (72.0)
48: 96 101 (35.0)
49: 98 105 (58.0)
50: 99 100 (74.0)
51: 97 102 (91.0)
52: 103 107 (84.0)
53: (0.0)
54: 106 109 113 (73.0)
55: 110 114 (71.0)
56: 104 111 (86.0)
57: 108 112 (76.0)
58: 115 117 122 (58.0)
59: 118 119 120 (102.0)
60: 125 126 (78.0)
61: 121 124 (65.0)
62: 116 123 (96.0)
63: 128 (66.0)
64: 129 134 (41.0)
65: 127 131 132 (66.0)
66: 130 139 (73.0)
67: 133 142 (102.0)
68: 137 138 (80.0)
69: 135 143 (53.0)
70: 136 140 (57.0)
71: 141 145 146 (108.0)
72: (0.0)
73: 144 147 149 (90.0)
74: 148 152 (87.0)
75: 150 154 (95.0)
76: 151 155 158 (70.0)
77: 153 162 (74.0)
78: 160 (44.0)
79: 156 159 (91.0)
80: 161 166 (88.0)
81: 157 165 (31.0)
82: 164 (68.0)
83: 163 167 173 (68.0)
84: 168 170 (72.0)
85: (0.0)
86: 169 174 (65.0)
87: 171 172 (87.0)
88: 184 (69.0)
89: 177 183 (82.0)
90: 175 176 (70.0)
91: 180 181 (73.0)
92: 178 179 185 (78.0)
93: 186 187 (74.0)
94: 182 189 (80.0)
95: 188 191 (82.0)
96: 190 193 195 (65.0)
97: 192 198 (74.0)
98: 196 (73.0)
99: 199 201 (91.0)
100: 194 200 203 (107.0)
101: 197 202 204 (98.0)
102: 206 207 (75.0)
103: 208 209 (76.0)
104: 213 217 (83.0)
105: 205 211 (72.0)
106: 210 212 (81.0)
107: 214 216 (85.0)
108: 221 223 (48.0)
109: 215 220 (73.0)
110: (0.0)
111: 218 224 230 (81.0)
112: 219 225 (102.0)
113: 233 (63.0)
114: 222 227 (80.0)
115: 229 231 (71.0)
116: 226 228 (106.0)
117: 232 237 (86.0)
118: 234 235 236 (86.0)
119: 239 241 (90.0)
120: 238 240 244 (106.0)
121: 242 245 246 249 (110.0)
122: 243 (76.0)
123: 248 (61.0)
124: 253 255 (80.0)
125: 247 250 254 (63.0)
126: 252 261 (98.0)
127: 251 256 258 260 267 (73.0)
128: 262 264 270 (109.0)
129: 257 259 268 (87.0)
130: 263 269 273 (75.0)
131: 265 266 274 (106.0)
132: 271 272 280 (69.0)
133: 279 281 (82.0)
134: 277 285 (88.0)
135: 275 276 282 283 (66.0)
136: 284 286 291 296 (66.0)
137: 288 294 (75.0)
138: 278 287 290 293 (88.0)
139: 297 301 (87.0)
140: 289 295 304 (92.0)
141: 298 299 303 308 309 (107.0)
142: 292 300 305 (68.0)
143: 302 312 (67.0)
144: 306 (62.0)
145: 319 (62.0)
146: 310 315 316 (80.0)
147: 307 313 (88.0)
148: 314 317 318 321 330 (121.0)
149: 311 320 324 329 333 (119.0)
150: 322 323 326 327 328 (106.0)
151: 325 340 (93.0)
152: 331 332 342 (74.0)
153: 335 336 (78.0)
154: 338 339 (72.0)
155: 337 341 344 347 350 (77.0)
156: 334 345 348 (100.0)
157: 346 351 (90.0)
158: 343 349 354 (81.0)
159: 352 353 364 (78.0)
160: 355 357 (86.0)
161: 358 359 361 368 (112.0)
162: 356 360 370 (100.0)
163: 362 366 (62.0)
164: 363 367 372 (82.0)
165: 365 371 375 377 (95.0)
166: 376 378 (83.0)
167: 369 374 380 382 384 (106.0)
168: 381 391 (81.0)
169: 373 388 393 (74.0)
170: 387 390 (90.0)
171: 379 386 398 (108.0)
172: 383 385 389 394 401 (62.0)
173: 392 395 396 402 (105.0)
174: 399 (68.0)
175: 397 403 412 (77.0)
176: 404 407 408 (107.0)
177: 400 410 414 (121.0)
178: 409 411 (79.0)
179: 406 413 416 (109.0)
180: 405 421 426 427 (82.0)
181: 418 419 (68.0)
182: 417 420 425 428 (81.0)
183: 415 429 432 (106.0)
184: 422 423 438 (105.0)
185: 424 430 441 (72.0)
186: 431 433 (70.0)
187: 435 436 442 (88.0)
188: 434 446 450 (77.0)
189: 437 444 451 (72.0)
190: 439 440 447 (106.0)
191: 448 452 453 (122.0)
192: 443 445 (90.0)
193: 456 462 463 (88.0)
194: 455 459 460 468 (98.0)
195: 449 457 458 467 (104.0)
196: 454 465 (105.0)
197: 466 469 (84.0)
198: 461 470 473 (86.0)
199: 464 471 475 476 (86.0)
200: 474 479 480 (105.0)
201: 477 478 483 485 (120.0)
202: 481 482 (81.0)
203: 472 484 488 (79.0)
204: 487 496 (91.0)
205: 486 490 504 (114.0)
206: 489 494 497 498 (109.0)
207: 491 492 493 (119.0)
208: 501 507 509 (120.0)
209: 495 502 503 510 (122.0)
210: 499 505 512 (71.0)
211: 500 511 (87.0)
212: 506 515 516 520 (104.0)
213: 508 513 (77.0)
214: 517 518 519 (99.0)
215: 523 525 (86.0)
216: 514 521 527 (61.0)
217: 522 528 531 (124.0)
218: 524 526 529 534 535 (125.0)
219: 530 532 533 (107.0)
220: 536 537 539 (109.0)
221: 538 (64.0)
222: 540 541 542 544 545 (123.0)
223: 555 (73.0)
224: 549 556 (148.0)
225: 543 547 552 (124.0)
226: 546 548 550 551 553 (122.0)
227: 554 557 562 (98.0)
228: 559 567 (101.0)
229: 558 560 564 566 569 (68.0)
230: 561 563 571 (91.0)
231: 565 570 (96.0)
232: 573 576 (91.0)
233: 568 572 574 575 578 (105.0)
234: 577 583 (75.0)
235: 579 580 587 (108.0)
236: 581 582 584 594 (110.0)
237: 585 591 (115.0)
238: 586 588 596 (111.0)
239: 592 597 (120.0)
240: 589 590 595 598 (70.0)
241: 593 599 602 606 (124.0)
242: 600 610 (74.0)
243: 601 603 605 607 (117.0)
244: 612 614 (67.0)
245: 608 609 611 (103.0)
246: 613 622 (118.0)
247: 604 616 621 624 (111.0)
248: 615 617 620 625 (125.0)
249: 627 635 636 (124.0)
250: 618 623 628 (106.0)
251: 619 640 (118.0)
252: 629 633 642 (119.0)
253: 630 646 (108.0)
254: 626 631 632 634 638 639 (119.0)
255: 645 653 (109.0)
256: 637 643 (82.0)
257: 641 647 648 651 (104.0)
258: 644 652 655 (100.0)
259: 657 666 (123.0)
260: 650 669 (75.0)
261: 649 654 660 (130.0)
262: 658 659 661 662 (123.0)
263: 656 664 673 (125.0)
264: 663 668 670 672 (117.0)
265: 665 667 671 676 (117.0)
266: 678 684 (80.0)
267: 674 675 679 681 686 690 (119.0)
268: 677 682 687 (121.0)
269: 683 685 688 (124.0)
270: 680 689 (87.0)
271: 691 696 (104.0)
272: 692 695 697 698 (89.0)
273: 693 702 (115.0)
274: 694 700 (90.0)
275: 706 (67.0)
276: 703 708 711 (115.0)
277: 699 701 715 (99.0)
278: 704 705 712 (104.0)
279: 707 713 717 718 (96.0)
280: 709 710 716 (121.0)
281: 714 719 (68.0)
282: 721 726 (92.0)
283: 724 728 729 732 (125.0)
284: 720 722 727 731 (122.0)
285: 723 725 (83.0)
286: 730 735 741 (115.0)
287: 733 734 739 (123.0)
288: 737 738 740 (120.0)
289: 736 747 750 (122.0)
290: 742 743 744 745 (133.0)
291: 746 748 749 752 (108.0)
292: 751 759 (114.0)
293: 753 754 755 763 (115.0)
294: 756 (88.0)
295: 761 765 768 773 (116.0)
296: 757 766 767 (125.0)
297: 760 774 (123.0)
298: 758 764 769 770 777 (125.0)
299: 762 772 775 (136.0)
300: 776 779 (101.0)
301: 778 780 781 (126.0)
302: 771 783 786 789 (103.0)
303: 784 785 788 (117.0)
304: 787 790 794 (119.0)
305: 795 797 (75.0)
306: 782 791 792 796 (118.0)
307: 798 801 (114.0)
308: 793 799 808 (118.0)
309: 802 803 804 (115.0)
310: 800 805 806 809 815 (128.0)
311: 810 819 (109.0)
312: 811 812 813 (116.0)
313: 807 814 820 (113.0)
314: 816 817 821 (128.0)
315: 822 828 (122.0)
316: 818 823 825 (123.0)
317: 824 826 838 (123.0)
318: 829 830 831 (117.0)
319: 827 833 834 835 839 (123.0)
320: 832 836 837 (127.0)
321: 840 842 (71.0)
322: 841 843 (110.0)
323: 845 846 848 852 (134.0)
324: 847 850 (119.0)
325: 849 858 (112.0)
326: 844 851 855 (118.0)
327: 856 867 (126.0)
328: 853 854 861 (124.0)
329: 859 864 868 (117.0)
330: 857 862 863 872 875 (151.0)
331: 865 870 874 (123.0)
332: 860 866 873 881 882 (125.0)
333: 869 871 878 (125.0)
334: 876 877 888 (110.0)
335: 883 (103.0)
336: 879 885 889 (117.0)
337: 887 891 896 (119.0)
338: 880 886 893 (117.0)
339: 884 890 894 902 (93.0)
340: 892 900 903 (123.0)
341: 897 906 (112.0)
342: 895 898 899 (121.0)
343: 908 912 913 (121.0)
344: 904 911 917 (122.0)
345: 907 910 915 (120.0)
346: 901 905 916 (125.0)
347: 909 914 919 920 (155.0)
348: 921 923 926 (121.0)
349: 927 928 930 (128.0)
350: 918 922 925 933 (121.0)
351: 924 936 (122.0)
352: 929 934 941 (121.0)
353: 935 937 (117.0)
354: 931 932 940 (125.0)
355: 938 942 954 (123.0)
356: 943 944 949 (123.0)
357: 939 945 947 (81.0)
358: 946 950 953 959 (88.0)
359: 948 951 (120.0)
360: 956 958 960 (123.0)
361: 955 957 971 (124.0)
362: 952 963 972 (152.0)
363: 961 966 967 (123.0)
364: 965 968 974 (140.0)
365: 962 964 969 (114.0)
366: 970 973 983 (120.0)
367: 979 980 981 (125.0)
368: 976 977 978 (125.0)
369: 975 987 988 (141.0)
370: 982 984 989 993 (154.0)
371: 985 994 (125.0)
372: 986 991 992 (125.0)
373: 990 995 999 (130.0)
374: 996 997 998 (102.0)
