Name: 100-50-100
Time: 4.358108043670654 
Result: 4054
Solution:  2 0 0 1 3 4 2 6 5 3 3 1 9 6 11 5 8 7 7 9 10 10 11 8 14 12 12 15 14 12 13 17 18 15 18 16 21 19 19 16 20 24 20 22 20 17 22 24 22 23 21 21 24 24 22 23 25 25 25 26 29 28 27 29 28 30 26 25 29 28 32 27 27 30 32 31 34 32 30 35 31 33 32 34 33 34 36 36 33 38 35 37 36 37 39 38 38 39 36 38
0: 1 2 (61.0)
1: 3 11 (60.0)
2: 0 6 (59.0)
3: 4 9 10 (46.0)
4: 5 (54.0)
5: 8 15 (63.0)
6: 7 13 (50.0)
7: 17 18 (69.0)
8: 16 23 (75.0)
9: 12 19 (51.0)
10: 20 21 (63.0)
11: 14 22 (53.0)
12: 25 26 29 (72.0)
13: 30 (62.0)
14: 24 28 (84.0)
15: 27 33 (84.0)
16: 35 39 (78.0)
17: 31 45 (69.0)
18: 32 34 (68.0)
19: 37 38 (76.0)
20: 40 42 44 (88.0)
21: 36 50 51 (98.0)
22: 43 46 48 54 (82.0)
23: 49 55 (100.0)
24: 41 47 52 53 (96.0)
25: 56 57 58 67 (93.0)
26: 59 66 (70.0)
27: 62 71 72 (75.0)
28: 61 64 69 (82.0)
29: 60 63 68 (100.0)
30: 65 73 78 (87.0)
31: 75 80 (90.0)
32: 70 74 77 82 (91.0)
33: 81 84 88 (88.0)
34: 76 83 85 (100.0)
35: 79 90 (97.0)
36: 86 87 92 98 (96.0)
37: 91 93 (93.0)
38: 89 95 96 99 (64.0)
39: 94 97 (97.0)
