Name: 1000-50-100
Time: 36.61097502708435 
Result: 715127
Solution:  0 3 2 1 2 3 5 1 4 6 1 4 6 7 9 5 7 6 8 9 10 8 9 13 12 10 15 16 13 14 12 18 14 15 19 16 17 18 19 21 20 22 22 21 24 23 23 23 26 26 28 24 25 24 31 27 29 29 27 30 30 31 31 28 30 33 33 34 35 36 36 34 35 35 39 36 40 38 42 38 39 38 41 41 43 44 42 45 44 44 43 46 45 47 49 48 46 48 49 50 50 47 51 53 50 48 54 51 53 55 57 55 56 54 58 57 57 59 58 60 56 61 62 60 62 61 66 64 67 64 62 65 65 69 64 67 68 68 69 73 72 70 72 71 69 71 69 70 75 77 73 74 75 79 77 76 76 79 80 81 78 79 80 82 80 82 81 83 84 83 87 86 86 84 89 84 88 88 90 86 87 92 90 93 89 90 95 92 94 96 96 95 97 99 97 99 94 102 100 100 98 103 101 105 104 101 101 102 105 103 104 105 107 106 108 106 108 106 112 107 110 111 110 112 112 109 114 111 114 114 116 116 117 116 115 115 121 116 120 119 118 118 122 124 121 120 125 122 124 126 124 125 130 126 126 123 129 127 128 132 132 129 131 131 135 129 132 134 130 135 137 134 138 136 136 133 138 140 138 141 139 142 144 142 143 143 139 140 145 141 144 146 145 147 147 146 148 147 150 148 150 149 150 153 155 151 152 152 153 151 154 154 156 157 157 155 158 156 156 159 161 160 161 160 158 163 165 163 162 164 162 164 165 166 166 168 167 166 169 168 171 171 170 170 169 173 173 172 175 174 175 176 175 173 176 179 178 177 180 177 182 181 180 179 183 183 183 182 185 184 188 186 189 187 185 191 190 186 191 189 191 190 187 188 193 193 192 194 197 192 196 194 194 195 197 198 196 198 201 201 200 200 199 199 204 206 200 203 204 202 202 205 205 206 208 207 207 206 211 208 209 211 213 207 212 210 209 210 216 214 213 214 217 215 217 217 218 220 216 218 221 223 221 220 222 222 225 224 224 224 227 225 227 224 226 230 229 228 230 226 231 233 228 229 231 233 232 234 234 234 239 237 235 236 237 235 237 238 241 239 236 241 240 240 241 243 242 243 242 244 244 246 246 245 245 248 250 245 247 251 252 250 251 252 251 249 255 252 253 254 254 255 254 257 258 258 262 256 261 259 260 259 261 265 260 263 260 262 267 264 263 264 265 264 266 267 270 266 268 268 271 270 268 269 274 272 273 275 276 271 274 275 276 273 277 277 279 278 276 278 283 282 280 281 286 282 280 281 285 283 286 285 282 287 286 289 290 289 291 290 291 293 289 288 293 295 292 295 296 292 294 294 296 298 298 297 297 296 299 299 300 300 301 301 303 302 305 303 302 306 305 306 304 307 307 307 308 308 309 309 312 306 313 311 310 314 313 315 312 314 311 315 317 315 316 318 318 316 317 319 320 321 320 321 323 324 323 324 322 322 326 324 326 325 327 327 325 329 329 328 330 330 329 331 331 332 333 332 334 333 333 334 339 335 339 335 337 336 338 339 340 337 341 341 342 340 344 343 345 343 345 346 347 344 349 347 351 350 349 348 351 352 352 350 349 354 353 355 354 355 357 353 356 355 356 357 358 358 363 359 362 364 361 359 363 361 362 360 360 364 367 367 365 365 366 366 370 368 368 367 369 369 374 373 370 373 371 372 374 372 372 377 375 375 376 378 380 378 376 379 379 379 380 382 385 382 381 381 382 384 383 387 386 384 386 390 385 388 390 391 389 387 389 388 392 392 393 393 394 395 391 394 396 396 397 397 398 398 397 399 403 399 400 402 403 406 404 401 400 401 404 405 405 405 409 409 407 408 407 408 410 406 411 411 410 412 413 413 412 417 414 414 418 416 420 416 415 415 418 419 417 418 421 421 424 422 423 424 427 424 425 422 426 425 426 428 431 429 431 429 427 428 432 433 430 430 434 433 434 432 437 435 433 438 436 436 438 437 439 441 439 440 441 437 441 444 442 443 445 442 446 445 447 447 448 443 448 446 452 449 450 449 451 451 454 454 450 455 453 456 455 456 453 453 458 458 459 457 462 462 459 457 464 460 461 461 463 463 464 460 466 466 467 465 465 468 471 469 470 467 470 468 468 473 467 471 474 470 468 469 469 472 476 473 475 474 475 472 473 478 476 477 477 475 477 479 475 478 476 481 479 480 478 482 479 480 479 480 482 481 483 482 483 483 484 486 486 486 485 481 484 485 485 487 487 485 487 488 488 488
0: 0 (33.0)
1: 3 7 10 (49.0)
2: 2 4 (53.0)
3: 1 5 (36.0)
4: 8 11 (73.0)
5: 6 15 (71.0)
6: 9 12 17 (43.0)
7: 13 16 (76.0)
8: 18 21 (79.0)
9: 14 19 22 (50.0)
10: 20 25 (48.0)
11: (0.0)
12: 24 30 (24.0)
13: 23 28 (49.0)
14: 29 32 (77.0)
15: 26 33 (26.0)
16: 27 35 (59.0)
17: 36 (16.0)
18: 31 37 (74.0)
19: 34 38 (51.0)
20: 40 (31.0)
21: 39 43 (54.0)
22: 41 42 (43.0)
23: 45 46 47 (87.0)
24: 44 51 53 (52.0)
25: 52 (29.0)
26: 48 49 (52.0)
27: 55 58 (74.0)
28: 50 63 (71.0)
29: 56 57 (52.0)
30: 59 60 64 (57.0)
31: 54 61 62 (60.0)
32: (0.0)
33: 65 66 (61.0)
34: 67 71 (75.0)
35: 68 72 73 (75.0)
36: 69 70 75 (58.0)
37: (0.0)
38: 77 79 81 (57.0)
39: 74 80 (77.0)
40: 76 (33.0)
41: 82 83 (53.0)
42: 78 86 (43.0)
43: 84 90 (32.0)
44: 85 88 89 (86.0)
45: 87 92 (63.0)
46: 91 96 (84.0)
47: 93 101 (55.0)
48: 95 97 105 (50.0)
49: 94 98 (50.0)
50: 99 100 104 (100.0)
51: 102 107 (38.0)
52: (0.0)
53: 103 108 (62.0)
54: 106 113 (78.0)
55: 109 111 (61.0)
56: 112 120 (47.0)
57: 110 115 116 (47.0)
58: 114 118 (60.0)
59: 117 (52.0)
60: 119 123 (70.0)
61: 121 125 (50.0)
62: 122 124 130 (56.0)
63: (0.0)
64: 127 129 134 (44.0)
65: 131 132 (72.0)
66: 126 (52.0)
67: 128 135 (70.0)
68: 136 137 (56.0)
69: 133 138 144 146 (59.0)
70: 141 147 (66.0)
71: 143 145 (73.0)
72: 140 142 (60.0)
73: 139 150 (67.0)
74: 151 (29.0)
75: 148 152 (64.0)
76: 155 156 (36.0)
77: 149 154 (65.0)
78: 160 (55.0)
79: 153 157 161 (67.0)
80: 158 162 164 (63.0)
81: 159 166 (86.0)
82: 163 165 (67.0)
83: 167 169 (56.0)
84: 168 173 175 (72.0)
85: (0.0)
86: 171 172 179 (74.0)
87: 170 180 (86.0)
88: 176 177 (59.0)
89: 174 184 (66.0)
90: 178 182 185 (50.0)
91: (0.0)
92: 181 187 (50.0)
93: 183 (55.0)
94: 188 196 (46.0)
95: 186 191 (58.0)
96: 189 190 (65.0)
97: 192 194 (64.0)
98: 200 (58.0)
99: 193 195 (55.0)
100: 198 199 (60.0)
101: 202 205 206 (72.0)
102: 197 207 (78.0)
103: 201 209 (55.0)
104: 204 210 (95.0)
105: 203 208 211 (45.0)
106: 213 215 217 (94.0)
107: 212 219 (72.0)
108: 214 216 (53.0)
109: 225 (50.0)
110: 220 222 (55.0)
111: 221 227 (67.0)
112: 218 223 224 (61.0)
113: (0.0)
114: 226 228 229 (95.0)
115: 234 235 (61.0)
116: 230 231 233 237 (106.0)
117: 232 (45.0)
118: 240 241 (61.0)
119: 239 (49.0)
120: 238 245 (48.0)
121: 236 244 (58.0)
122: 242 247 (67.0)
123: 255 (43.0)
124: 243 248 250 (76.0)
125: 246 251 (59.0)
126: 249 253 254 (99.0)
127: 257 (54.0)
128: 258 (55.0)
129: 256 261 265 (67.0)
130: 252 268 (61.0)
131: 262 263 (63.0)
132: 259 260 266 (45.0)
133: 275 (55.0)
134: 267 271 (67.0)
135: 264 269 (67.0)
136: 273 274 (29.0)
137: 270 (51.0)
138: 272 276 278 (98.0)
139: 280 286 (59.0)
140: 277 287 (59.0)
141: 279 289 (86.0)
142: 281 283 (67.0)
143: 284 285 (64.0)
144: 282 290 (73.0)
145: 288 292 (57.0)
146: 291 295 (58.0)
147: 293 294 297 (69.0)
148: 296 299 (95.0)
149: 301 (55.0)
150: 298 300 302 (51.0)
151: 305 309 (53.0)
152: 306 307 (65.0)
153: 303 308 (78.0)
154: 310 311 (65.0)
155: 304 315 (67.0)
156: 312 317 318 (50.0)
157: 313 314 (91.0)
158: 316 324 (87.0)
159: 319 (60.0)
160: 321 323 (79.0)
161: 320 322 (52.0)
162: 328 330 (49.0)
163: 325 327 (54.0)
164: 329 331 (83.0)
165: 326 332 (49.0)
166: 333 334 337 (94.0)
167: 336 (52.0)
168: 335 339 (63.0)
169: 338 344 (83.0)
170: 342 343 (67.0)
171: 340 341 (67.0)
172: 347 (54.0)
173: 345 346 353 (67.0)
174: 349 (61.0)
175: 348 350 352 (79.0)
176: 351 354 (54.0)
177: 357 359 (59.0)
178: 356 (51.0)
179: 355 363 (77.0)
180: 358 362 (62.0)
181: 361 (52.0)
182: 360 367 (72.0)
183: 364 365 366 (82.0)
184: 369 (57.0)
185: 368 374 (62.0)
186: 371 377 (62.0)
187: 373 382 (74.0)
188: 370 383 (84.0)
189: 372 379 (72.0)
190: 376 381 (94.0)
191: 375 378 380 (53.0)
192: 386 389 (77.0)
193: 384 385 (70.0)
194: 387 391 392 (58.0)
195: 393 (59.0)
196: 390 396 (80.0)
197: 388 394 (78.0)
198: 395 397 (72.0)
199: 402 403 (71.0)
200: 400 401 406 (89.0)
201: 398 399 (71.0)
202: 409 410 (71.0)
203: 407 (53.0)
204: 404 408 (71.0)
205: 411 412 (89.0)
206: 405 413 417 (95.0)
207: 415 416 423 (52.0)
208: 414 419 (94.0)
209: 420 426 (84.0)
210: 425 427 (44.0)
211: 418 421 (71.0)
212: 424 (52.0)
213: 422 430 (89.0)
214: 429 431 (99.0)
215: 433 (51.0)
216: 428 438 (75.0)
217: 432 434 435 (93.0)
218: 436 439 (70.0)
219: (0.0)
220: 437 443 (50.0)
221: 440 442 (59.0)
222: 444 445 (72.0)
223: 441 (50.0)
224: 447 448 449 453 (100.0)
225: 446 451 (96.0)
226: 454 459 (77.0)
227: 450 452 (95.0)
228: 457 462 (63.0)
229: 456 463 (83.0)
230: 455 458 (69.0)
231: 460 464 (89.0)
232: 466 (58.0)
233: 461 465 (57.0)
234: 467 468 469 (88.0)
235: 472 475 (57.0)
236: 473 480 (99.0)
237: 471 474 476 (85.0)
238: 477 (65.0)
239: 470 479 (85.0)
240: 482 483 (73.0)
241: 478 481 484 (57.0)
242: 486 488 (62.0)
243: 485 487 (114.0)
244: 489 490 (73.0)
245: 493 494 497 (69.0)
246: 491 492 (85.0)
247: 498 (54.0)
248: 495 (60.0)
249: 505 (61.0)
250: 496 501 (92.0)
251: 499 502 504 (94.0)
252: 500 503 507 (64.0)
253: 508 (55.0)
254: 509 510 512 (93.0)
255: 506 511 (63.0)
256: 517 (67.0)
257: 513 (67.0)
258: 514 515 (76.0)
259: 519 521 (90.0)
260: 520 524 526 (99.0)
261: 518 522 (70.0)
262: 516 527 (61.0)
263: 525 530 (62.0)
264: 529 531 533 (98.0)
265: 523 532 (81.0)
266: 534 537 (80.0)
267: 528 535 (84.0)
268: 538 539 542 (100.0)
269: 543 (54.0)
270: 536 541 (91.0)
271: 540 549 (85.0)
272: 545 (54.0)
273: 546 553 (79.0)
274: 544 550 (53.0)
275: 547 551 (84.0)
276: 548 552 558 (66.0)
277: 554 555 (77.0)
278: 557 559 (99.0)
279: 556 (50.0)
280: 562 566 (84.0)
281: 563 567 (72.0)
282: 561 565 572 (106.0)
283: 560 569 (95.0)
284: (0.0)
285: 568 571 (73.0)
286: 564 570 574 (94.0)
287: 573 (61.0)
288: 583 (59.0)
289: 575 577 582 (88.0)
290: 576 579 (68.0)
291: 578 580 (73.0)
292: 586 589 (85.0)
293: 581 584 (75.0)
294: 590 591 (79.0)
295: 585 587 (100.0)
296: 588 592 597 (98.0)
297: 595 596 (88.0)
298: 593 594 (89.0)
299: 598 599 (80.0)
300: 600 601 (80.0)
301: 602 603 (80.0)
302: 605 608 (90.0)
303: 604 607 (94.0)
304: 612 (64.0)
305: 606 610 (92.0)
306: 609 611 621 (85.0)
307: 613 614 615 (98.0)
308: 616 617 (81.0)
309: 618 619 (81.0)
310: 624 (60.0)
311: 623 630 (90.0)
312: 620 628 (83.0)
313: 622 626 (70.0)
314: 625 629 (60.0)
315: 627 631 633 (94.0)
316: 634 637 (64.0)
317: 632 638 (98.0)
318: 635 636 (99.0)
319: 639 (54.0)
320: 640 642 (67.0)
321: 641 643 (97.0)
322: 648 649 (82.0)
323: 644 646 (97.0)
324: 645 647 651 (100.0)
325: 653 656 (78.0)
326: 650 652 (89.0)
327: 654 655 (82.0)
328: 659 (64.0)
329: 657 658 662 (95.0)
330: 660 661 (82.0)
331: 663 664 (105.0)
332: 665 667 (84.0)
333: 666 669 670 (93.0)
334: 668 671 (99.0)
335: 673 675 (92.0)
336: 677 (61.0)
337: 676 681 (61.0)
338: 678 (65.0)
339: 672 674 679 (92.0)
340: 680 685 (65.0)
341: 682 683 (83.0)
342: 684 (62.0)
343: 687 689 (74.0)
344: 686 693 (74.0)
345: 688 690 (78.0)
346: 691 (65.0)
347: 692 695 (85.0)
348: 699 (75.0)
349: 694 698 704 (90.0)
350: 697 703 (100.0)
351: 696 700 (90.0)
352: 701 702 (64.0)
353: 706 711 (99.0)
354: 705 708 (97.0)
355: 707 709 713 (99.0)
356: 712 714 (82.0)
357: 710 715 (98.0)
358: 716 717 (86.0)
359: 719 723 (88.0)
360: 727 728 (86.0)
361: 722 725 (85.0)
362: 720 726 (72.0)
363: 718 724 (85.0)
364: 721 729 (100.0)
365: 732 733 (87.0)
366: 734 735 (87.0)
367: 730 731 739 (130.0)
368: 737 738 (92.0)
369: 740 741 (87.0)
370: 736 744 (62.0)
371: 746 (67.0)
372: 747 749 750 (85.0)
373: 743 745 (94.0)
374: 742 748 (92.0)
375: 752 753 (88.0)
376: 754 758 (89.0)
377: 751 (77.0)
378: 755 757 (98.0)
379: 759 760 761 (131.0)
380: 756 762 (109.0)
381: 766 767 (89.0)
382: 763 765 768 (89.0)
383: 770 (63.0)
384: 769 773 (94.0)
385: 764 776 (80.0)
386: 772 774 (91.0)
387: 771 781 (77.0)
388: 777 783 (95.0)
389: 780 782 (96.0)
390: 775 778 (94.0)
391: 779 790 (89.0)
392: 784 785 (90.0)
393: 786 787 (90.0)
394: 788 791 (65.0)
395: 789 (68.0)
396: 792 793 (90.0)
397: 794 795 798 (127.0)
398: 796 797 (90.0)
399: 799 801 (108.0)
400: 802 808 (84.0)
401: 807 809 (87.0)
402: 803 (78.0)
403: 800 804 (92.0)
404: 806 810 (96.0)
405: 811 812 813 (110.0)
406: 805 821 (105.0)
407: 816 818 (90.0)
408: 817 819 (94.0)
409: 814 815 (91.0)
410: 820 824 (66.0)
411: 822 823 (92.0)
412: 825 828 (100.0)
413: 826 827 (92.0)
414: 830 831 (93.0)
415: 836 837 (93.0)
416: 833 835 (74.0)
417: 829 840 (88.0)
418: 832 838 841 (100.0)
419: 839 (71.0)
420: 834 (79.0)
421: 842 843 (93.0)
422: 845 851 (85.0)
423: 846 (89.0)
424: 844 847 849 (98.0)
425: 850 853 (127.0)
426: 852 854 (61.0)
427: 848 860 (97.0)
428: 855 861 (98.0)
429: 857 859 (93.0)
430: 864 865 (95.0)
431: 856 858 (95.0)
432: 862 869 (99.0)
433: 863 867 872 (143.0)
434: 866 868 (123.0)
435: 871 (90.0)
436: 874 875 (95.0)
437: 870 877 883 (99.0)
438: 873 876 (96.0)
439: 878 880 (97.0)
440: 881 (71.0)
441: 879 882 884 (57.0)
442: 886 889 (100.0)
443: 887 895 (97.0)
444: 885 (74.0)
445: 888 891 (97.0)
446: 890 897 (87.0)
447: 892 893 (96.0)
448: 894 896 (97.0)
449: 899 901 (70.0)
450: 900 906 (83.0)
451: 902 903 (97.0)
452: 898 (79.0)
453: 908 912 913 (138.0)
454: 904 905 (97.0)
455: 907 910 (114.0)
456: 909 911 (96.0)
457: 917 921 (97.0)
458: 914 915 (97.0)
459: 916 920 (99.0)
460: 923 929 (99.0)
461: 924 925 (98.0)
462: 918 919 (98.0)
463: 926 927 (98.0)
464: 922 928 (97.0)
465: 933 934 (82.0)
466: 930 931 (98.0)
467: 932 939 944 (94.0)
468: 935 941 942 948 (100.0)
469: 937 949 950 (97.0)
470: 938 940 947 (100.0)
471: 936 945 (89.0)
472: 951 957 (86.0)
473: 943 953 958 (117.0)
474: 946 955 (92.0)
475: 954 956 963 966 (128.0)
476: 952 960 968 (99.0)
477: 961 962 964 (103.0)
478: 959 967 972 (98.0)
479: 965 970 974 976 (98.0)
480: 971 975 977 (98.0)
481: 969 979 989 (76.0)
482: 973 978 981 (90.0)
483: 980 982 983 (93.0)
484: 984 990 (111.0)
485: 988 991 992 995 (99.0)
486: 985 986 987 (100.0)
487: 993 994 996 (128.0)
488: 997 998 999 (100.0)
