Name: 1000-50-100
Time: 38.36918663978577 
Result: 604118
Solution:  1 1 0 0 4 3 3 4 5 8 4 9 6 7 9 5 10 6 7 8 11 11 10 12 13 13 12 15 14 17 14 18 16 14 17 15 19 18 20 19 20 21 22 22 21 25 23 23 27 25 27 26 26 23 31 28 25 27 31 26 31 33 32 28 33 30 34 35 33 34 36 32 34 36 39 35 39 38 42 38 40 40 41 41 38 42 43 45 44 44 48 46 46 47 43 47 45 49 47 48 50 49 51 52 50 55 54 51 56 57 55 52 55 54 56 57 60 58 59 59 60 61 61 60 61 62 64 63 68 63 63 62 65 66 66 65 68 67 68 67 72 70 71 70 71 73 71 73 74 72 75 76 76 75 78 78 78 74 79 79 81 78 80 85 79 80 82 82 83 83 84 87 86 88 89 85 88 86 91 89 87 90 92 94 92 90 95 91 96 97 95 92 96 98 95 98 101 99 103 97 100 103 101 99 102 103 103 102 105 104 105 106 107 106 108 106 110 105 108 107 110 113 111 113 112 112 116 111 113 114 115 116 116 116 114 117 117 115 121 119 120 121 121 120 120 119 123 123 124 125 124 125 129 125 124 129 127 128 130 131 129 127 134 132 133 131 133 135 133 134 138 134 137 132 135 136 139 137 140 140 141 142 142 140 143 139 144 141 145 146 144 146 147 147 151 146 145 148 150 148 150 149 150 153 153 151 152 155 154 152 154 157 155 156 156 158 158 157 159 161 160 159 162 159 160 163 165 163 163 162 164 165 164 169 166 168 167 166 168 173 173 171 170 169 171 173 174 172 174 174 175 176 179 175 177 179 176 177 178 177 180 180 183 178 182 183 185 181 187 185 187 186 188 186 184 191 188 187 192 189 191 190 191 193 188 195 192 193 194 194 198 196 195 199 197 196 195 198 197 203 197 200 199 202 205 202 206 205 204 201 202 204 206 207 208 207 211 206 209 209 213 210 212 215 214 211 211 210 214 216 213 215 216 219 217 215 218 220 217 220 220 223 222 221 222 221 226 223 224 225 227 225 227 224 228 230 229 229 231 228 233 230 231 232 231 232 234 234 234 237 233 235 239 236 235 236 242 238 240 238 241 241 240 242 242 239 242 243 244 246 244 247 246 245 246 248 251 247 245 249 249 249 250 248 254 252 255 251 254 254 253 255 255 256 258 259 259 261 262 257 259 260 257 260 262 263 264 263 265 264 264 266 267 267 266 265 268 268 270 273 271 270 273 269 272 272 273 275 277 271 274 275 276 274 280 277 281 282 276 279 276 280 278 282 286 285 285 282 284 286 284 283 285 288 283 284 287 287 289 290 290 291 290 294 291 292 293 294 296 293 295 295 299 296 298 298 297 297 296 300 300 302 299 305 301 302 301 303 305 306 304 306 303 306 306 307 309 308 311 311 310 310 313 309 308 314 312 314 315 315 312 316 319 316 313 317 318 318 319 316 320 321 322 320 323 322 323 324 320 324 326 329 326 327 327 328 327 329 329 325 330 332 332 330 333 332 333 331 334 335 339 335 336 335 338 337 336 341 338 339 340 340 345 341 342 342 343 343 344 341 345 347 346 344 349 348 346 347 351 351 350 350 350 352 348 349 354 352 353 355 356 354 353 355 356 358 360 359 357 359 359 363 357 361 363 362 362 361 364 360 365 367 365 365 368 369 364 366 366 367 369 368 370 371 370 373 371 374 376 375 376 374 372 375 380 378 377 377 378 380 376 384 382 385 385 383 379 382 384 381 383 386 386 387 386 389 385 388 389 387 390 390 391 388 394 393 394 391 396 396 392 392 400 395 397 395 397 398 399 400 401 399 402 398 401 403 406 403 402 404 404 405 405 405 408 407 406 409 407 408 412 410 411 412 409 413 414 414 412 413 415 412 417 416 418 416 419 417 419 420 421 419 424 424 422 422 423 422 427 424 429 421 426 425 426 426 430 428 430 429 427 433 429 433 431 432 431 432 432 436 436 435 434 434 437 437 438 436 439 442 439 440 441 441 444 444 443 443 445 442 443 445 446 446 448 447 448 447 449 449 451 450 453 451 454 454 450 455 453 456 452 452 457 455 456 457 458 458 459 459 461 461 460 462 465 460 463 463 464 462 466 466 468 464 464 469 467 471 469 468 468 467 467 470 470 470 471 469 471 472 472 472 477 473 475 474 474 474 473 475 477 476 475 475 476 480 477 478 478 478 479 481 479 482 479 481 480 481 482 480 480 482 486 483 483 483 482 485 488 484 485 486 488 488 487 487 487 484 488 485
0: 2 3 (50.0)
1: 0 1 (50.0)
2: (0.0)
3: 5 6 (56.0)
4: 4 7 10 (52.0)
5: 8 15 (65.0)
6: 12 17 (24.0)
7: 13 18 (66.0)
8: 9 19 (33.0)
9: 11 14 (58.0)
10: 16 22 (67.0)
11: 20 21 (51.0)
12: 23 26 (50.0)
13: 24 25 (51.0)
14: 28 30 33 (37.0)
15: 27 35 (59.0)
16: 32 (44.0)
17: 29 34 (57.0)
18: 31 37 (74.0)
19: 36 39 (40.0)
20: 38 40 (58.0)
21: 41 44 (38.0)
22: 42 43 (52.0)
23: 46 47 53 (75.0)
24: (0.0)
25: 45 49 56 (96.0)
26: 51 52 59 (52.0)
27: 48 50 57 (83.0)
28: 55 63 (64.0)
29: (0.0)
30: 65 (39.0)
31: 54 58 60 (92.0)
32: 62 71 (65.0)
33: 61 64 68 (56.0)
34: 66 69 72 (60.0)
35: 67 75 (49.0)
36: 70 73 (55.0)
37: (0.0)
38: 77 79 84 (66.0)
39: 74 76 (68.0)
40: 80 81 (53.0)
41: 82 83 (53.0)
42: 78 85 (60.0)
43: 86 94 (55.0)
44: 88 89 (53.0)
45: 87 96 (80.0)
46: 91 92 (67.0)
47: 93 95 98 (54.0)
48: 90 99 (55.0)
49: 97 101 (38.0)
50: 100 104 (57.0)
51: 102 107 (38.0)
52: 103 111 (69.0)
53: (0.0)
54: 106 113 (78.0)
55: 105 110 112 (55.0)
56: 108 114 (57.0)
57: 109 115 (51.0)
58: 117 (52.0)
59: 118 119 (55.0)
60: 116 120 123 (84.0)
61: 121 122 124 (51.0)
62: 125 131 (66.0)
63: 127 129 130 (49.0)
64: 126 (52.0)
65: 132 135 (78.0)
66: 133 134 (34.0)
67: 137 139 (80.0)
68: 128 136 138 (63.0)
69: (0.0)
70: 141 143 (52.0)
71: 142 144 146 (48.0)
72: 140 149 (64.0)
73: 145 147 (87.0)
74: 148 157 (71.0)
75: 150 153 (51.0)
76: 151 152 (63.0)
77: (0.0)
78: 154 155 156 161 (77.0)
79: 158 159 164 (73.0)
80: 162 165 (77.0)
81: 160 (55.0)
82: 166 167 (58.0)
83: 168 169 (58.0)
84: 170 (52.0)
85: 163 175 (52.0)
86: 172 177 (78.0)
87: 171 180 (40.0)
88: 173 176 (39.0)
89: 174 179 (66.0)
90: 181 185 (48.0)
91: 178 187 (48.0)
92: 182 184 191 (64.0)
93: (0.0)
94: 183 (55.0)
95: 186 190 194 (92.0)
96: 188 192 (70.0)
97: 189 199 (74.0)
98: 193 195 (55.0)
99: 197 203 (68.0)
100: 200 (58.0)
101: 196 202 (52.0)
102: 204 207 (83.0)
103: 198 201 205 206 (55.0)
104: 209 (53.0)
105: 208 210 217 (92.0)
106: 211 213 215 (69.0)
107: 212 219 (72.0)
108: 214 218 (53.0)
109: (0.0)
110: 216 220 (44.0)
111: 222 227 (61.0)
112: 224 225 (61.0)
113: 221 223 228 (89.0)
114: 229 234 (81.0)
115: 230 237 (86.0)
116: 226 231 232 233 (99.0)
117: 235 236 (51.0)
118: (0.0)
119: 239 245 (85.0)
120: 240 243 244 (70.0)
121: 238 241 242 (90.0)
122: (0.0)
123: 246 247 (62.0)
124: 248 250 254 (73.0)
125: 249 251 253 (105.0)
126: (0.0)
127: 256 261 (42.0)
128: 257 (54.0)
129: 252 255 260 (99.0)
130: 258 (55.0)
131: 259 265 (33.0)
132: 263 273 (65.0)
133: 264 266 268 (80.0)
134: 262 269 271 (60.0)
135: 267 274 (63.0)
136: 275 (55.0)
137: 272 277 (65.0)
138: 270 (51.0)
139: 276 285 (60.0)
140: 278 279 283 (98.0)
141: 280 287 (67.0)
142: 281 282 (61.0)
143: 284 (44.0)
144: 286 290 (72.0)
145: 288 296 (79.0)
146: 289 291 295 (97.0)
147: 292 293 (64.0)
148: 297 299 (52.0)
149: 301 (55.0)
150: 298 300 302 (51.0)
151: 294 305 (44.0)
152: 306 309 (72.0)
153: 303 304 (95.0)
154: 308 310 (64.0)
155: 307 312 (47.0)
156: 313 314 (91.0)
157: 311 317 (57.0)
158: 315 316 (59.0)
159: 318 321 323 (84.0)
160: 320 324 (72.0)
161: 319 (60.0)
162: 322 329 (67.0)
163: 325 327 328 (81.0)
164: 330 332 (41.0)
165: 326 331 (74.0)
166: 334 337 (47.0)
167: 336 (52.0)
168: 335 338 (74.0)
169: 333 343 (62.0)
170: 342 (52.0)
171: 341 344 (72.0)
172: 347 (54.0)
173: 339 340 345 (90.0)
174: 346 348 349 (80.0)
175: 350 353 (67.0)
176: 351 356 (82.0)
177: 354 357 359 (82.0)
178: 358 363 (58.0)
179: 352 355 (82.0)
180: 360 361 (68.0)
181: 367 (56.0)
182: 364 (50.0)
183: 362 365 (55.0)
184: 374 (50.0)
185: 366 369 (70.0)
186: 371 373 (79.0)
187: 368 370 377 (83.0)
188: 372 376 384 (94.0)
189: 379 (51.0)
190: 381 (56.0)
191: 375 380 382 (59.0)
192: 378 386 (65.0)
193: 383 387 (69.0)
194: 388 389 (70.0)
195: 385 392 396 (78.0)
196: 391 395 (54.0)
197: 394 398 400 (72.0)
198: 390 397 (89.0)
199: 393 402 (64.0)
200: 401 (56.0)
201: 409 (59.0)
202: 403 405 410 (90.0)
203: 399 (53.0)
204: 408 411 (71.0)
205: 404 407 (112.0)
206: 406 412 417 (90.0)
207: 413 415 (53.0)
208: 414 (59.0)
209: 418 419 (71.0)
210: 421 427 (59.0)
211: 416 425 426 (97.0)
212: 422 (60.0)
213: 420 430 (65.0)
214: 424 428 (68.0)
215: 423 431 435 (85.0)
216: 429 432 (77.0)
217: 434 438 (100.0)
218: 436 (57.0)
219: 433 (51.0)
220: 437 439 440 (50.0)
221: 443 445 (70.0)
222: 442 444 (74.0)
223: 441 447 (52.0)
224: 448 453 (58.0)
225: 449 451 (66.0)
226: 446 (70.0)
227: 450 452 (95.0)
228: 454 459 (77.0)
229: 456 457 (73.0)
230: 455 461 (61.0)
231: 458 462 464 (87.0)
232: 463 465 (95.0)
233: 460 470 (82.0)
234: 466 467 468 (84.0)
235: 471 474 (77.0)
236: 473 475 (80.0)
237: 469 (62.0)
238: 477 479 (113.0)
239: 472 485 (89.0)
240: 478 482 (61.0)
241: 480 481 (73.0)
242: 476 483 484 486 (79.0)
243: 487 (50.0)
244: 488 490 (75.0)
245: 493 498 (80.0)
246: 489 492 494 (98.0)
247: 491 497 (66.0)
248: 495 503 (75.0)
249: 499 500 501 (94.0)
250: 502 (60.0)
251: 496 507 (67.0)
252: 505 (61.0)
253: 510 (65.0)
254: 504 508 509 (89.0)
255: 506 511 512 (71.0)
256: 513 (67.0)
257: 519 522 (80.0)
258: 514 (60.0)
259: 515 516 520 (54.0)
260: 521 523 (86.0)
261: 517 (67.0)
262: 518 524 (79.0)
263: 525 527 (82.0)
264: 526 529 530 (76.0)
265: 528 535 (84.0)
266: 531 534 (92.0)
267: 532 533 (76.0)
268: 536 537 (77.0)
269: 543 (54.0)
270: 538 541 (86.0)
271: 540 549 (85.0)
272: 544 545 (77.0)
273: 539 542 546 (100.0)
274: 550 553 (69.0)
275: 547 551 (84.0)
276: 552 558 560 (86.0)
277: 548 555 (53.0)
278: 562 (58.0)
279: 559 (72.0)
280: 554 561 (81.0)
281: 556 (50.0)
282: 557 563 567 (99.0)
283: 571 574 (87.0)
284: 568 570 575 (95.0)
285: 565 566 572 (98.0)
286: 564 569 (75.0)
287: 576 577 (78.0)
288: 573 (61.0)
289: 578 (57.0)
290: 579 580 582 (56.0)
291: 581 584 (75.0)
292: 585 (65.0)
293: 586 589 (85.0)
294: 583 587 (94.0)
295: 590 591 (79.0)
296: 588 593 598 (100.0)
297: 596 597 (80.0)
298: 594 595 (79.0)
299: 592 602 (72.0)
300: 599 600 (101.0)
301: 604 606 (60.0)
302: 601 605 (83.0)
303: 607 612 (121.0)
304: 610 (69.0)
305: 603 608 (90.0)
306: 609 611 613 614 (90.0)
307: 615 (53.0)
308: 617 624 (73.0)
309: 616 623 (98.0)
310: 620 621 (81.0)
311: 618 619 (81.0)
312: 626 630 (79.0)
313: 622 634 (82.0)
314: 625 627 (83.0)
315: 628 629 (81.0)
316: 631 633 639 (86.0)
317: 635 (50.0)
318: 636 637 (82.0)
319: 632 638 (98.0)
320: 640 643 648 (50.0)
321: 641 (80.0)
322: 642 645 (99.0)
323: 644 646 (97.0)
324: 647 649 (84.0)
325: 659 (64.0)
326: 650 652 (89.0)
327: 653 654 656 (98.0)
328: 655 (62.0)
329: 651 657 658 (97.0)
330: 660 663 (118.0)
331: 667 (56.0)
332: 661 662 665 (74.0)
333: 664 666 (80.0)
334: 668 (74.0)
335: 669 671 673 (60.0)
336: 672 676 (79.0)
337: 675 (66.0)
338: 674 678 (82.0)
339: 670 679 (76.0)
340: 680 681 (83.0)
341: 677 683 689 (104.0)
342: 684 685 (83.0)
343: 686 687 (84.0)
344: 688 693 (98.0)
345: 682 690 (84.0)
346: 692 696 (101.0)
347: 691 697 (93.0)
348: 695 704 (76.0)
349: 694 705 (93.0)
350: 700 701 702 (98.0)
351: 698 699 (85.0)
352: 703 707 (90.0)
353: 708 712 (89.0)
354: 706 711 (99.0)
355: 709 713 (81.0)
356: 710 714 (94.0)
357: 718 722 (84.0)
358: 715 (45.0)
359: 717 719 720 (87.0)
360: 716 729 (86.0)
361: 723 727 (89.0)
362: 725 726 (106.0)
363: 721 724 (98.0)
364: 728 736 (90.0)
365: 730 732 733 (125.0)
366: 737 738 (92.0)
367: 731 739 (92.0)
368: 734 741 (91.0)
369: 735 740 (83.0)
370: 742 744 (81.0)
371: 743 746 (97.0)
372: 752 (77.0)
373: 745 (64.0)
374: 747 751 (98.0)
375: 749 753 (64.0)
376: 748 750 760 (83.0)
377: 756 757 (88.0)
378: 755 758 (91.0)
379: 766 (68.0)
380: 754 759 (85.0)
381: 769 (52.0)
382: 762 767 (95.0)
383: 765 770 (100.0)
384: 761 768 (89.0)
385: 763 764 776 (95.0)
386: 771 772 774 (117.0)
387: 773 779 (84.0)
388: 777 783 (95.0)
389: 775 778 (94.0)
390: 780 781 (90.0)
391: 782 787 (71.0)
392: 790 791 (90.0)
393: 785 (83.0)
394: 784 786 (83.0)
395: 793 795 (96.0)
396: 788 789 (90.0)
397: 794 796 (108.0)
398: 797 803 (98.0)
399: 798 801 (92.0)
400: 792 799 (99.0)
401: 800 804 (92.0)
402: 802 808 (84.0)
403: 805 807 (102.0)
404: 809 810 (92.0)
405: 811 812 813 (110.0)
406: 806 816 (95.0)
407: 815 818 (92.0)
408: 814 819 (91.0)
409: 817 824 (65.0)
410: 821 (70.0)
411: 822 (87.0)
412: 820 823 828 831 (97.0)
413: 825 829 (88.0)
414: 826 827 (92.0)
415: 830 (75.0)
416: 833 835 (74.0)
417: 832 837 (95.0)
418: 834 (79.0)
419: 836 838 841 (98.0)
420: 839 (71.0)
421: 840 851 (92.0)
422: 844 845 847 (97.0)
423: 846 (89.0)
424: 842 843 849 (135.0)
425: 853 (77.0)
426: 852 854 855 (111.0)
427: 848 860 (97.0)
428: 857 (64.0)
429: 850 859 862 (126.0)
430: 856 858 (95.0)
431: 864 866 (120.0)
432: 865 867 868 (113.0)
433: 861 863 (95.0)
434: 872 873 (95.0)
435: 871 (90.0)
436: 869 870 877 (70.0)
437: 874 875 (95.0)
438: 876 (82.0)
439: 878 880 (97.0)
440: 881 (71.0)
441: 882 883 (95.0)
442: 879 889 (69.0)
443: 886 887 890 (142.0)
444: 884 885 (95.0)
445: 888 891 (97.0)
446: 892 893 (96.0)
447: 895 897 (95.0)
448: 894 896 (97.0)
449: 898 899 (96.0)
450: 901 906 (93.0)
451: 900 903 (83.0)
452: 910 911 (97.0)
453: 902 908 (98.0)
454: 904 905 (97.0)
455: 907 913 (96.0)
456: 909 914 (111.0)
457: 912 915 (100.0)
458: 916 917 (98.0)
459: 918 919 (98.0)
460: 922 925 (108.0)
461: 920 921 (98.0)
462: 923 929 (99.0)
463: 926 927 (98.0)
464: 928 933 934 (92.0)
465: 924 (77.0)
466: 930 931 (98.0)
467: 936 941 942 (99.0)
468: 932 939 940 (119.0)
469: 935 938 947 (94.0)
470: 943 944 945 (98.0)
471: 937 946 948 (97.0)
472: 949 950 951 (99.0)
473: 953 958 (82.0)
474: 955 956 957 (99.0)
475: 954 959 962 963 (114.0)
476: 961 964 (96.0)
477: 952 960 966 (98.0)
478: 967 968 969 (99.0)
479: 970 972 974 (115.0)
480: 965 976 979 980 (99.0)
481: 971 975 977 (98.0)
482: 973 978 981 986 (106.0)
483: 983 984 985 (101.0)
484: 989 997 (99.0)
485: 987 990 999 (113.0)
486: 982 991 (92.0)
487: 994 995 996 (100.0)
488: 988 992 993 998 (79.0)
