Name: 1000-30-50
Time: 68.63085770606995 
Result: 62
Solution:  1 2 4 1 3 4 2 3 3 6 6 5 5 10 11 8 11 9 9 8 6 13 9 15 12 14 14 10 14 12 13 15 16 14 18 16 20 19 19 22 18 18 21 22 20 22 21 20 24 25 25 26 26 26 31 28 30 29 26 30 32 29 31 31 32 33 34 33 35 36 36 38 34 37 36 38 36 37 39 35 39 40 41 41 43 42 45 44 43 46 42 44 46 48 48 45 48 47 47 49 51 49 52 53 52 53 51 54 55 55 56 56 54 57 58 59 58 61 55 59 60 63 61 60 65 63 62 61 67 62 64 65 67 64 68 71 68 69 69 70 72 70 71 70 72 74 76 73 76 74 75 78 76 77 73 79 80 75 77 79 78 80 83 81 82 81 84 83 82 84 82 86 87 86 88 89 88 89 87 92 90 91 91 92 93 95 92 93 95 94 96 94 97 96 98 97 99 101 99 98 100 98 101 102 102 101 102 103 103 104 106 104 108 106 108 105 107 105 109 110 112 107 111 110 112 109 116 110 111 117 115 115 116 117 119 119 122 120 118 117 121 119 121 120 124 123 123 120 122 126 125 126 126 129 129 125 127 128 127 128 130 131 132 131 133 132 130 133 130 135 135 132 137 136 136 134 138 136 139 137 138 139 143 141 141 142 143 142 144 144 145 145 150 146 147 149 150 146 146 148 149 147 152 148 149 151 155 151 155 152 154 155 157 154 154 156 157 156 157 159 161 163 162 161 163 160 164 163 166 162 165 165 166 167 164 170 168 168 169 167 172 169 171 172 171 170 175 174 173 177 173 178 172 176 175 177 178 177 181 180 180 180 179 182 182 182 183 181 185 184 188 185 185 188 186 183 190 186 191 187 190 189 190 192 193 191 193 195 191 195 197 194 196 196 197 198 194 197 200 198 200 201 200 202 201 204 206 204 203 207 202 208 205 206 204 205 209 208 207 205 210 210 213 209 211 211 214 215 214 212 216 212 219 217 216 219 214 218 222 217 220 224 222 223 221 220 221 224 227 225 223 225 228 226 225 227 226 229 228 231 230 233 231 229 232 232 235 233 229 234 234 236 233 237 235 237 236 233 234 239 236 238 238 236 238 240 242 241 240 243 241 241 240 245 246 242 239 241 242 243 241 246 245 247 244 247 244 243 247 245 247 247 248 246 248 249 247 246 251 250 251 251 252 249 255 251 255 256 252 253 250 256 254 255 254 255 255 257 258 256 259 260 257 256 259 259 263 258 256 264 263 261 259 264 262 261 264 263 261 260 264 266 262 265 265 269 265 270 266 267 268 268 265 266 269 267 270 273 266 268 272 271 271 272 271 276 271 273 270 276 271 274 274 277 274 275 275 280 276 277 275 278 278 277 279 282 278 279 281 280 281 283 280 285 282 283 286 285 281 284 280 285 283 284 282 288 283 283 287 287 286 288 285 287 289 289 291 290 289 289 295 292 289 292 290 292 291 293 293 294 295 294 296 296 294 296 296 298 295 297 297 296 298 298 299 299 299 297 300 302 300 303 300 302 302 301 300 301 305 304 306 304 303 306 308 304 304 306 309 303 305 307 308 309 307 308 309 309 308 313 315 313 310 314 310 312 313 311 314 317 312 311 316 315 314 316 315 315 319 318 315 320 319 317 322 323 317 320 321 319 321 318 321 322 325 318 323 320 325 324 325 322 326 324 324 327 326 329 327 325 326 328 324 327 327 329 329 330 328 330 331 328 332 328 333 334 333 331 331 332 332 333 334 337 336 337 335 335 335 336 338 338 339 339 336 337 339 337 343 340 341 344 343 345 341 341 342 340 340 345 346 344 342 345 346 344 347 346 349 349 347 348 349 349 352 345 348 350 350 350 352 351 352 351 352 355 351 357 353 354 354 354 353 354 355 356 357 355 356 356 357 358 355 362 359 356 359 359 360 358 364 361 360 362 365 361 361 362 363 366 364 366 365 364 363 365 367 364 366 364 368 369 370 367 368 371 372 367 370 369 372 369 371 373 373 370 377 371 373 374 371 370 377 375 375 376 373 378 374 379 380 381 376 378 382 381 377 378 383 379 378 382 380 379 385 383 386 383 381 384 388 384 385 385 387 387 383 390 388 388 387 384 386 387 393 389 391 390 391 390 389 392 389 391 391 392 394 393 392 397 395 395 399 395 394 398 395 394 396 396 396 399 399 397 401 399 398 400 400 398 402 401 401 405 400 403 403 403 404 402 405 404 405 407 403 407 406 405 407 408 406 408 406 410 409 408 410 410 410 409
0: (0.0)
1: 0 3 (37.0)
2: 1 6 (32.0)
3: 4 7 8 (33.0)
4: 2 5 (32.0)
5: 11 12 (45.0)
6: 9 10 20 (34.0)
7: (0.0)
8: 15 19 (36.0)
9: 17 18 22 (36.0)
10: 13 27 (30.0)
11: 14 16 (30.0)
12: 24 29 (34.0)
13: 21 30 (31.0)
14: 25 26 28 33 (46.0)
15: 23 31 (35.0)
16: 32 35 (31.0)
17: (0.0)
18: 34 40 41 (48.0)
19: 37 38 (35.0)
20: 36 44 47 (51.0)
21: 42 46 (38.0)
22: 39 43 45 (26.0)
23: (0.0)
24: 48 (21.0)
25: 49 50 (37.0)
26: 51 52 53 58 (48.0)
27: (0.0)
28: 55 (23.0)
29: 57 61 (41.0)
30: 56 59 (30.0)
31: 54 62 63 (39.0)
32: 60 64 (22.0)
33: 65 67 (30.0)
34: 66 72 (34.0)
35: 68 79 (41.0)
36: 69 70 74 76 (24.0)
37: 73 77 (38.0)
38: 71 75 (49.0)
39: 78 80 (31.0)
40: 81 (16.0)
41: 82 83 (31.0)
42: 85 90 (35.0)
43: 84 88 (34.0)
44: 87 91 (23.0)
45: 86 95 (29.0)
46: 89 92 (36.0)
47: 97 98 (45.0)
48: 93 94 96 (37.0)
49: 99 101 (31.0)
50: (0.0)
51: 100 106 (20.0)
52: 102 104 (32.0)
53: 103 105 (32.0)
54: 107 112 (37.0)
55: 108 109 118 (38.0)
56: 110 111 (32.0)
57: 113 (19.0)
58: 114 116 (31.0)
59: 115 119 (47.0)
60: 120 123 (40.0)
61: 117 122 127 (34.0)
62: 126 129 (41.0)
63: 121 125 (33.0)
64: 130 133 (48.0)
65: 124 131 (22.0)
66: (0.0)
67: 128 132 (18.0)
68: 134 136 (34.0)
69: 137 138 (40.0)
70: 139 141 143 (32.0)
71: 135 142 (40.0)
72: 140 144 (30.0)
73: 147 154 (39.0)
74: 145 149 (39.0)
75: 150 157 (29.0)
76: 146 148 152 (34.0)
77: 153 158 (35.0)
78: 151 160 (25.0)
79: 155 159 (34.0)
80: 156 161 (45.0)
81: 163 165 (23.0)
82: 164 168 170 (41.0)
83: 162 167 (48.0)
84: 166 169 (37.0)
85: (0.0)
86: 171 173 (27.0)
87: 172 178 (46.0)
88: 174 176 (47.0)
89: 175 177 (19.0)
90: 180 (10.0)
91: 181 182 (45.0)
92: 179 183 186 (32.0)
93: 184 187 (43.0)
94: 189 191 (27.0)
95: 185 188 (29.0)
96: 190 193 (40.0)
97: 192 195 (44.0)
98: 194 199 201 (28.0)
99: 196 198 (43.0)
100: 200 (31.0)
101: 197 202 205 (47.0)
102: 203 204 206 (47.0)
103: 207 208 (30.0)
104: 209 211 (47.0)
105: 215 217 (43.0)
106: 210 213 (31.0)
107: 216 221 (31.0)
108: 212 214 (30.0)
109: 218 225 (41.0)
110: 219 223 227 (57.0)
111: 222 228 (43.0)
112: 220 224 (33.0)
113: (0.0)
114: (0.0)
115: 230 231 (35.0)
116: 226 232 (31.0)
117: 229 233 239 (25.0)
118: 238 (33.0)
119: 234 235 241 (47.0)
120: 237 243 247 (46.0)
121: 240 242 (47.0)
122: 236 248 (43.0)
123: 245 246 (23.0)
124: 244 (32.0)
125: 250 255 (41.0)
126: 249 251 252 (34.0)
127: 256 258 (31.0)
128: 257 259 (41.0)
129: 253 254 (42.0)
130: 260 266 268 (36.0)
131: 261 263 (45.0)
132: 262 265 271 (49.0)
133: 264 267 (44.0)
134: 275 (30.0)
135: 269 270 (42.0)
136: 273 274 277 (31.0)
137: 272 279 (43.0)
138: 276 280 (47.0)
139: 278 281 (31.0)
140: (0.0)
141: 283 284 (48.0)
142: 285 287 (38.0)
143: 282 286 (25.0)
144: 288 289 (37.0)
145: 290 291 (37.0)
146: 293 297 298 (42.0)
147: 294 301 (42.0)
148: 299 303 (38.0)
149: 295 300 304 (47.0)
150: 292 296 (46.0)
151: 305 307 (40.0)
152: 302 309 (51.0)
153: (0.0)
154: 310 313 314 (41.0)
155: 306 308 311 (41.0)
156: 315 317 (54.0)
157: 312 316 318 (49.0)
158: (0.0)
159: 319 (27.0)
160: 325 (30.0)
161: 320 323 (36.0)
162: 322 329 (49.0)
163: 321 324 327 (34.0)
164: 326 334 (46.0)
165: 330 331 (37.0)
166: 328 332 (40.0)
167: 333 339 (34.0)
168: 336 337 (38.0)
169: 338 341 (38.0)
170: 335 345 (33.0)
171: 342 344 (50.0)
172: 340 343 352 (28.0)
173: 348 350 (39.0)
174: 347 (31.0)
175: 346 354 (41.0)
176: 353 (32.0)
177: 349 355 357 (36.0)
178: 351 356 (43.0)
179: 362 (32.0)
180: 359 360 361 (47.0)
181: 358 367 (52.0)
182: 363 364 365 (44.0)
183: 366 375 (32.0)
184: 369 (33.0)
185: 368 371 372 (26.0)
186: 374 377 (47.0)
187: 379 (32.0)
188: 370 373 (55.0)
189: 381 (33.0)
190: 376 380 382 (22.0)
191: 378 385 388 (30.0)
192: 383 (34.0)
193: 384 386 (49.0)
194: 391 396 (40.0)
195: 387 389 (44.0)
196: 392 393 (39.0)
197: 390 394 397 (48.0)
198: 395 399 (46.0)
199: (0.0)
200: 398 400 402 (57.0)
201: 401 404 (46.0)
202: 403 410 (37.0)
203: 408 (37.0)
204: 405 407 414 (72.0)
205: 412 415 419 (38.0)
206: 406 413 (34.0)
207: 409 418 (32.0)
208: 411 417 (46.0)
209: 416 423 (38.0)
210: 420 421 (40.0)
211: 424 425 (40.0)
212: 429 431 (56.0)
213: 422 (20.0)
214: 426 428 436 (16.0)
215: 427 (38.0)
216: 430 434 (36.0)
217: 433 439 (39.0)
218: 437 (37.0)
219: 432 435 (32.0)
220: 440 445 (40.0)
221: 444 446 (31.0)
222: 438 442 (45.0)
223: 443 450 (45.0)
224: 441 447 (49.0)
225: 449 451 454 (49.0)
226: 453 456 (44.0)
227: 448 455 (50.0)
228: 452 458 (41.0)
229: 457 463 468 (34.0)
230: 460 (36.0)
231: 459 462 (53.0)
232: 464 465 (41.0)
233: 461 467 472 477 (30.0)
234: 469 470 478 (33.0)
235: 466 474 (54.0)
236: 471 476 480 483 (36.0)
237: 473 475 (33.0)
238: 481 482 484 (42.0)
239: 479 496 (48.0)
240: 485 488 492 (46.0)
241: 487 490 491 497 500 (51.0)
242: 486 495 498 (41.0)
243: 489 499 507 (50.0)
244: 504 506 (52.0)
245: 493 502 509 (57.0)
246: 494 501 513 517 (50.0)
247: 503 505 508 510 511 516 (46.0)
248: 512 514 (34.0)
249: 515 523 (34.0)
250: 519 530 (38.0)
251: 518 520 521 525 (35.0)
252: 522 528 (54.0)
253: 529 (30.0)
254: 532 534 (32.0)
255: 524 526 533 535 536 (23.0)
256: 527 531 539 543 548 (34.0)
257: 537 542 (38.0)
258: 538 547 (39.0)
259: 540 544 545 552 (49.0)
260: 541 559 (54.0)
261: 551 555 558 (48.0)
262: 554 562 (45.0)
263: 546 550 557 (48.0)
264: 549 553 556 560 (41.0)
265: 563 564 566 572 (35.0)
266: 561 568 573 578 (36.0)
267: 569 575 (30.0)
268: 570 571 579 (44.0)
269: 565 574 (59.0)
270: 567 576 588 (42.0)
271: 581 582 584 586 590 (47.0)
272: 580 583 (48.0)
273: 577 587 (37.0)
274: 591 592 594 (47.0)
275: 595 596 600 (30.0)
276: 585 589 598 (46.0)
277: 593 599 603 (38.0)
278: 601 602 606 (43.0)
279: 604 607 (47.0)
280: 597 609 612 620 (49.0)
281: 608 610 618 (50.0)
282: 605 614 624 (39.0)
283: 611 615 622 626 627 (48.0)
284: 619 623 (39.0)
285: 613 617 621 632 (43.0)
286: 616 630 (47.0)
287: 628 629 633 (50.0)
288: 625 631 (42.0)
289: 634 635 638 639 642 (42.0)
290: 637 644 (44.0)
291: 636 646 (39.0)
292: 641 643 645 (49.0)
293: 647 648 (35.0)
294: 649 651 654 (50.0)
295: 640 650 658 (48.0)
296: 652 653 655 656 661 (47.0)
297: 659 660 667 (34.0)
298: 657 662 663 (62.0)
299: 664 665 666 (45.0)
300: 668 670 672 676 (51.0)
301: 675 677 (37.0)
302: 669 673 674 (44.0)
303: 671 682 689 (50.0)
304: 679 681 685 686 (46.0)
305: 678 690 (47.0)
306: 680 683 687 (48.0)
307: 691 694 (37.0)
308: 684 692 695 698 (48.0)
309: 688 693 696 697 (57.0)
310: 702 704 (45.0)
311: 707 711 (32.0)
312: 705 710 (39.0)
313: 699 701 706 (46.0)
314: 703 708 714 (36.0)
315: 700 713 716 717 720 (46.0)
316: 712 715 (52.0)
317: 709 723 726 (47.0)
318: 719 731 735 (47.0)
319: 718 722 729 (48.0)
320: 721 727 737 (44.0)
321: 728 730 732 (45.0)
322: 724 733 741 (38.0)
323: 725 736 (40.0)
324: 739 743 744 752 (41.0)
325: 734 738 740 749 (40.0)
326: 742 746 750 (65.0)
327: 745 748 753 754 (53.0)
328: 751 758 761 763 (49.0)
329: 747 755 756 (51.0)
330: 757 759 (42.0)
331: 760 767 768 (47.0)
332: 762 769 770 (45.0)
333: 764 766 771 (49.0)
334: 765 772 (50.0)
335: 776 777 778 (56.0)
336: 774 779 784 (49.0)
337: 773 775 785 787 (49.0)
338: 780 781 (41.0)
339: 782 783 786 (43.0)
340: 789 797 798 (42.0)
341: 790 794 795 (42.0)
342: 796 802 (52.0)
343: 788 792 (44.0)
344: 791 801 805 (42.0)
345: 793 799 803 815 (37.0)
346: 800 804 807 (45.0)
347: 806 810 (45.0)
348: 811 816 (50.0)
349: 808 809 812 813 (50.0)
350: 817 818 819 (47.0)
351: 821 823 826 (47.0)
352: 814 820 822 824 (50.0)
353: 828 832 (50.0)
354: 829 830 831 833 (55.0)
355: 825 834 837 842 (50.0)
356: 835 838 839 845 (50.0)
357: 827 836 840 (47.0)
358: 841 849 (55.0)
359: 844 846 847 (49.0)
360: 848 852 (50.0)
361: 851 855 856 (36.0)
362: 843 853 857 (46.0)
363: 858 864 (56.0)
364: 850 860 863 867 869 (41.0)
365: 854 862 865 (49.0)
366: 859 861 868 (48.0)
367: 866 873 877 (44.0)
368: 870 874 (46.0)
369: 871 879 881 (50.0)
370: 872 878 885 891 (49.0)
371: 875 882 887 890 (49.0)
372: 876 880 (47.0)
373: 883 884 888 896 (58.0)
374: 889 898 (47.0)
375: 893 894 (46.0)
376: 895 902 (45.0)
377: 886 892 906 (47.0)
378: 897 903 907 910 (52.0)
379: 899 909 913 (46.0)
380: 900 912 (42.0)
381: 901 905 918 (41.0)
382: 904 911 (38.0)
383: 908 915 917 926 (48.0)
384: 919 921 931 (58.0)
385: 914 922 923 (49.0)
386: 916 932 (49.0)
387: 924 925 930 933 (46.0)
388: 920 928 929 (46.0)
389: 935 940 942 (50.0)
390: 927 937 939 (56.0)
391: 936 938 943 944 (38.0)
392: 941 945 948 (48.0)
393: 934 947 (50.0)
394: 946 954 957 (50.0)
395: 950 951 953 956 (49.0)
396: 958 959 960 (50.0)
397: 949 963 (50.0)
398: 955 966 969 (65.0)
399: 952 961 962 965 (52.0)
400: 967 968 974 (54.0)
401: 964 971 972 (51.0)
402: 970 979 (49.0)
403: 975 976 977 984 (58.0)
404: 978 981 (49.0)
405: 973 980 982 987 (50.0)
406: 986 990 992 (50.0)
407: 983 985 988 (50.0)
408: 989 991 995 (45.0)
409: 994 999 (53.0)
410: 993 996 997 998 (49.0)
