Name: 1000-30-50
Time: 67.23642992973328 
Result: 51
Solution:  1 2 0 4 2 0 1 2 8 7 4 5 5 8 8 6 6 9 9 7 13 12 9 11 10 10 13 12 14 15 11 15 17 14 16 18 17 18 21 16 20 22 21 20 22 18 23 24 24 22 23 26 26 26 30 31 30 29 28 29 33 27 31 30 32 36 36 35 34 34 33 32 37 38 38 41 34 37 39 35 38 39 42 41 43 42 45 45 44 44 43 42 46 46 47 43 52 48 47 48 52 50 50 53 52 55 57 54 54 53 55 53 56 56 57 59 58 58 56 62 60 59 63 60 61 63 61 64 67 64 66 63 66 62 70 68 68 69 67 69 69 71 72 72 71 76 75 71 70 74 74 75 77 80 78 77 81 75 76 78 76 80 83 81 82 85 84 82 83 84 81 85 88 88 86 87 90 87 89 87 90 86 91 92 92 93 93 94 96 94 95 96 97 99 99 98 98 99 100 97 101 104 101 102 102 100 106 103 103 104 106 105 105 107 110 109 106 107 108 110 112 108 110 112 113 113 114 109 111 115 115 114 116 117 118 117 116 118 119 116 124 121 125 121 123 125 122 126 122 124 125 127 129 128 129 126 128 127 130 129 130 131 129 131 132 133 134 132 130 134 135 133 136 139 137 138 137 136 135 139 141 140 143 142 141 145 140 142 144 144 145 146 150 143 147 148 150 146 147 148 149 151 153 149 153 156 155 152 152 155 154 151 158 154 158 157 161 159 161 160 159 163 160 161 163 162 164 164 167 163 163 166 165 170 167 165 168 168 169 169 171 170 172 171 173 172 173 175 176 171 173 176 176 174 177 177 179 180 178 179 178 179 180 182 181 183 183 181 185 184 182 187 187 186 185 185 187 186 192 188 189 189 193 190 191 191 192 194 193 194 197 196 197 195 193 198 197 199 196 198 200 202 200 201 201 203 205 203 204 201 202 209 205 207 208 205 208 210 206 207 210 209 212 212 211 211 213 213 214 214 215 215 218 216 216 219 215 217 218 219 221 222 220 219 223 220 221 222 224 223 226 225 228 227 226 227 228 232 225 231 230 233 232 231 229 232 233 233 237 236 234 235 233 237 235 234 238 238 236 236 237 239 238 237 237 240 241 240 240 239 240 241 238 242 245 243 243 245 241 244 241 245 245 248 242 245 244 246 247 247 249 246 246 246 248 252 248 248 253 250 249 249 251 252 252 249 253 251 254 256 253 253 253 255 255 259 255 257 255 256 254 258 259 256 260 259 262 258 261 260 259 259 261 261 263 261 265 263 264 265 264 264 262 266 268 266 264 266 270 267 267 268 269 269 269 270 270 272 267 267 275 270 270 272 273 271 274 275 271 275 274 273 273 274 276 276 275 278 276 279 276 278 277 277 279 277 277 280 282 281 282 281 279 283 281 281 280 286 285 284 286 284 283 284 282 287 289 289 287 285 285 288 289 288 289 289 290 286 291 286 292 291 292 291 292 293 290 291 293 294 296 294 299 293 295 294 298 297 294 300 295 297 298 296 300 300 301 301 300 298 302 300 299 303 301 304 299 300 306 306 307 305 302 304 305 308 306 303 310 303 305 306 309 307 309 308 309 308 308 311 314 315 313 311 310 312 310 311 314 314 312 312 316 314 314 318 315 315 317 317 315 322 321 317 319 315 316 319 319 318 321 320 321 321 320 320 322 323 323 324 323 323 325 327 324 326 326 326 331 327 325 327 328 328 329 329 329 331 329 328 330 328 330 332 332 335 333 332 331 332 333 334 331 334 336 338 335 337 336 336 338 337 339 339 341 339 339 338 340 342 341 345 343 343 340 340 344 345 341 346 345 344 342 345 349 346 345 347 346 349 347 348 350 346 352 349 348 351 349 350 352 353 350 351 353 353 353 353 354 356 353 352 354 357 355 356 357 357 355 357 359 355 358 362 360 358 356 361 360 359 360 362 358 362 365 361 360 362 363 364 365 364 366 365 365 363 368 366 367 364 367 369 370 367 370 371 372 368 371 369 371 370 368 375 373 369 376 370 373 374 373 377 372 375 372 376 375 379 374 378 378 379 378 377 382 377 377 379 383 380 378 381 380 383 385 383 381 382 381 386 382 384 385 385 388 387 386 386 388 387 387 384 387 388 390 389 388 390 391 389 394 391 393 392 395 389 393 395 393 395 393 391 392 396 395 398 396 394 397 397 397 400 395 396 400 399 398 399 400 399 402 401 400 404 401 402 403 403 403 401 404 402 406 407 405 405 406 406 408 409 404 407 409 410 408 410 410 410 406 409
0: 2 5 (32.0)
1: 0 6 (44.0)
2: 1 4 7 (28.0)
3: (0.0)
4: 3 10 (22.0)
5: 11 12 (45.0)
6: 15 16 (36.0)
7: 9 19 (34.0)
8: 8 13 14 (35.0)
9: 17 18 22 (36.0)
10: 24 25 (30.0)
11: 23 30 (31.0)
12: 21 27 (39.0)
13: 20 26 (21.0)
14: 28 33 (27.0)
15: 29 31 (31.0)
16: 34 39 (22.0)
17: 32 36 (40.0)
18: 35 37 45 (38.0)
19: (0.0)
20: 40 43 (23.0)
21: 38 42 (51.0)
22: 41 44 49 (34.0)
23: 46 50 (41.0)
24: 47 48 (38.0)
25: (0.0)
26: 51 52 53 (32.0)
27: 61 (25.0)
28: 58 (16.0)
29: 57 59 (31.0)
30: 54 56 63 (34.0)
31: 55 62 (43.0)
32: 64 71 (42.0)
33: 60 70 (11.0)
34: 68 69 76 (37.0)
35: 67 79 (30.0)
36: 65 66 (31.0)
37: 72 77 (43.0)
38: 73 74 80 (36.0)
39: 78 81 (32.0)
40: (0.0)
41: 75 83 (35.0)
42: 82 85 91 (43.0)
43: 84 90 95 (49.0)
44: 88 89 (31.0)
45: 86 87 (31.0)
46: 92 93 (31.0)
47: 94 98 (41.0)
48: 97 99 (35.0)
49: (0.0)
50: 101 102 (37.0)
51: (0.0)
52: 96 100 104 (35.0)
53: 103 109 111 (34.0)
54: 107 108 (48.0)
55: 105 110 (38.0)
56: 112 113 118 (38.0)
57: 106 114 (19.0)
58: 116 117 (32.0)
59: 115 121 (35.0)
60: 120 123 (40.0)
61: 124 126 (33.0)
62: 119 133 (51.0)
63: 122 125 131 (38.0)
64: 127 129 (33.0)
65: (0.0)
66: 130 132 (30.0)
67: 128 138 (38.0)
68: 135 136 (36.0)
69: 137 139 140 (32.0)
70: 134 148 (25.0)
71: 141 144 147 (51.0)
72: 142 143 (32.0)
73: (0.0)
74: 149 150 (43.0)
75: 146 151 157 (38.0)
76: 145 158 160 (38.0)
77: 152 155 (19.0)
78: 154 159 (45.0)
79: (0.0)
80: 153 161 (46.0)
81: 156 163 170 (47.0)
82: 164 167 (37.0)
83: 162 168 (35.0)
84: 166 169 (37.0)
85: 165 171 (33.0)
86: 174 181 (43.0)
87: 175 177 179 (28.0)
88: 172 173 (33.0)
89: 178 (24.0)
90: 176 180 (38.0)
91: 182 (21.0)
92: 183 184 (32.0)
93: 185 186 (25.0)
94: 187 189 (44.0)
95: 190 (27.0)
96: 188 191 (21.0)
97: 192 199 (35.0)
98: 195 196 (46.0)
99: 193 194 197 (35.0)
100: 198 205 (47.0)
101: 200 202 (40.0)
102: 203 204 (32.0)
103: 207 208 (30.0)
104: 201 209 (28.0)
105: 211 212 (39.0)
106: 206 210 216 (42.0)
107: 213 217 (39.0)
108: 218 221 (38.0)
109: 215 227 (41.0)
110: 214 219 222 (38.0)
111: 228 (32.0)
112: 220 223 (42.0)
113: 224 225 (35.0)
114: 226 231 (32.0)
115: 229 230 (22.0)
116: 232 236 239 (33.0)
117: 233 235 (37.0)
118: 234 237 (37.0)
119: 238 (33.0)
120: (0.0)
121: 241 243 (23.0)
122: 246 248 (47.0)
123: 244 (32.0)
124: 240 249 (32.0)
125: 242 245 250 (43.0)
126: 247 255 (41.0)
127: 251 257 (43.0)
128: 253 256 (44.0)
129: 252 254 259 262 (50.0)
130: 258 260 268 (42.0)
131: 261 263 (45.0)
132: 264 267 (44.0)
133: 265 271 (33.0)
134: 266 269 (35.0)
135: 270 278 (37.0)
136: 272 277 (37.0)
137: 274 276 (29.0)
138: 275 (30.0)
139: 273 279 (31.0)
140: 281 286 (26.0)
141: 280 284 (47.0)
142: 283 287 (49.0)
143: 282 293 (25.0)
144: 288 289 (37.0)
145: 285 290 (28.0)
146: 291 297 (38.0)
147: 294 298 (39.0)
148: 295 299 (35.0)
149: 300 303 (35.0)
150: 292 296 (46.0)
151: 301 311 (31.0)
152: 307 308 (26.0)
153: 302 304 (37.0)
154: 310 313 (34.0)
155: 306 309 (48.0)
156: 305 (22.0)
157: 315 (30.0)
158: 312 314 (33.0)
159: 317 320 (47.0)
160: 319 322 (51.0)
161: 316 318 323 (36.0)
162: 325 (30.0)
163: 321 324 329 330 (49.0)
164: 326 327 (37.0)
165: 332 335 (44.0)
166: 331 (34.0)
167: 328 334 (34.0)
168: 336 337 (38.0)
169: 338 339 (38.0)
170: 333 341 (34.0)
171: 340 343 349 (39.0)
172: 342 345 (46.0)
173: 344 346 350 (46.0)
174: 353 (32.0)
175: 347 (31.0)
176: 348 351 352 (47.0)
177: 354 355 (38.0)
178: 358 360 (49.0)
179: 356 359 361 (50.0)
180: 357 362 (47.0)
181: 364 367 (30.0)
182: 363 370 (35.0)
183: 365 366 (46.0)
184: 369 (33.0)
185: 368 374 375 (43.0)
186: 373 377 (52.0)
187: 371 372 376 (33.0)
188: 379 (32.0)
189: 380 381 (38.0)
190: 383 (34.0)
191: 384 385 (39.0)
192: 378 386 (29.0)
193: 382 388 394 (26.0)
194: 387 389 (44.0)
195: 393 (30.0)
196: 391 398 (47.0)
197: 390 392 396 (38.0)
198: 395 399 (46.0)
199: 397 (24.0)
200: 400 402 (35.0)
201: 403 404 409 (47.0)
202: 401 410 (38.0)
203: 405 407 (44.0)
204: 408 (37.0)
205: 406 412 415 (38.0)
206: 418 (30.0)
207: 413 419 (34.0)
208: 414 416 (46.0)
209: 411 421 (49.0)
210: 417 420 (37.0)
211: 424 425 (40.0)
212: 422 423 (40.0)
213: 426 427 (40.0)
214: 428 429 (40.0)
215: 430 431 436 (43.0)
216: 433 434 (48.0)
217: 437 (37.0)
218: 432 438 (41.0)
219: 435 439 443 (52.0)
220: 442 445 (39.0)
221: 440 446 (31.0)
222: 441 447 (49.0)
223: 444 449 (28.0)
224: 448 (33.0)
225: 451 458 (34.0)
226: 450 454 (48.0)
227: 453 455 (34.0)
228: 452 456 (51.0)
229: 464 (35.0)
230: 460 (36.0)
231: 459 463 (36.0)
232: 457 462 465 (49.0)
233: 461 466 467 472 (50.0)
234: 470 475 (41.0)
235: 471 474 (46.0)
236: 469 478 479 (48.0)
237: 468 473 480 483 484 (35.0)
238: 476 477 482 492 (45.0)
239: 481 489 (53.0)
240: 485 487 488 490 (35.0)
241: 486 491 498 500 (46.0)
242: 493 504 (48.0)
243: 495 496 (39.0)
244: 499 506 (42.0)
245: 494 497 501 502 505 (47.0)
246: 507 511 512 513 (48.0)
247: 508 509 (36.0)
248: 503 514 516 517 (46.0)
249: 510 520 521 525 (32.0)
250: 519 (31.0)
251: 522 527 (36.0)
252: 515 523 524 (36.0)
253: 518 526 530 531 532 (37.0)
254: 528 540 (49.0)
255: 533 534 536 538 (49.0)
256: 529 539 543 (46.0)
257: 537 (35.0)
258: 541 547 (53.0)
259: 535 542 545 550 551 (41.0)
260: 544 549 (34.0)
261: 548 552 553 555 (31.0)
262: 546 562 (44.0)
263: 554 557 (33.0)
264: 558 560 561 566 (41.0)
265: 556 559 (37.0)
266: 563 565 567 (50.0)
267: 569 570 578 579 (42.0)
268: 564 571 (37.0)
269: 572 573 574 (41.0)
270: 568 575 576 581 582 (41.0)
271: 585 588 (53.0)
272: 577 583 (52.0)
273: 584 591 592 (49.0)
274: 586 590 593 (46.0)
275: 580 587 589 596 (46.0)
276: 594 595 598 600 (40.0)
277: 602 603 605 606 (36.0)
278: 597 601 (55.0)
279: 599 604 612 (40.0)
280: 607 616 (48.0)
281: 609 611 614 615 (48.0)
282: 608 610 624 (49.0)
283: 613 622 (40.0)
284: 619 621 623 (50.0)
285: 618 629 630 (48.0)
286: 617 620 637 639 (47.0)
287: 625 628 (50.0)
288: 631 633 (37.0)
289: 626 627 632 634 635 (30.0)
290: 636 646 (39.0)
291: 638 641 643 647 (47.0)
292: 640 642 644 (39.0)
293: 645 648 653 (44.0)
294: 649 651 655 658 (50.0)
295: 654 660 (51.0)
296: 650 663 (45.0)
297: 657 661 (41.0)
298: 656 662 669 (48.0)
299: 652 672 676 (30.0)
300: 659 664 665 668 671 677 (34.0)
301: 666 667 674 (41.0)
302: 670 682 (54.0)
303: 673 687 689 (51.0)
304: 675 683 (37.0)
305: 681 684 690 (50.0)
306: 678 679 686 691 (48.0)
307: 680 693 (46.0)
308: 685 695 697 698 (48.0)
309: 692 694 696 (47.0)
310: 688 704 706 (47.0)
311: 699 703 707 (49.0)
312: 705 710 711 (55.0)
313: 702 (30.0)
314: 700 708 709 713 714 (48.0)
315: 701 716 717 720 725 (53.0)
316: 712 726 (43.0)
317: 718 719 723 (55.0)
318: 715 729 (51.0)
319: 724 727 728 (36.0)
320: 731 734 735 (43.0)
321: 722 730 732 733 (50.0)
322: 721 736 (49.0)
323: 737 738 740 741 (46.0)
324: 739 744 (35.0)
325: 742 750 (57.0)
326: 745 746 747 (46.0)
327: 743 749 751 (43.0)
328: 752 753 759 761 (45.0)
329: 754 755 756 758 (50.0)
330: 760 762 (45.0)
331: 748 757 768 772 (50.0)
332: 763 764 767 769 (32.0)
333: 766 770 (37.0)
334: 771 773 (35.0)
335: 765 776 (47.0)
336: 774 778 779 (44.0)
337: 777 781 (40.0)
338: 775 780 787 (54.0)
339: 782 783 785 786 (44.0)
340: 788 794 795 (47.0)
341: 784 790 798 (45.0)
342: 789 802 (47.0)
343: 792 793 (44.0)
344: 796 801 (50.0)
345: 791 797 800 803 806 (51.0)
346: 799 805 808 813 (50.0)
347: 807 810 (53.0)
348: 811 816 (50.0)
349: 804 809 815 818 (46.0)
350: 812 819 822 (56.0)
351: 817 823 (49.0)
352: 814 820 831 (50.0)
353: 821 824 825 826 827 830 (49.0)
354: 828 832 (50.0)
355: 834 838 841 (48.0)
356: 829 835 846 (48.0)
357: 833 836 837 839 (50.0)
358: 842 845 852 (54.0)
359: 840 849 (56.0)
360: 844 848 850 856 (47.0)
361: 847 855 (30.0)
362: 843 851 853 857 (47.0)
363: 858 865 (54.0)
364: 859 861 869 (49.0)
365: 854 860 863 864 (48.0)
366: 862 867 (30.0)
367: 868 870 873 (45.0)
368: 866 877 882 (48.0)
369: 871 879 885 (47.0)
370: 872 874 881 887 (47.0)
371: 875 878 880 (49.0)
372: 876 892 894 (45.0)
373: 884 888 890 (48.0)
374: 889 898 (47.0)
375: 883 893 896 (48.0)
376: 886 895 (62.0)
377: 891 903 905 906 (46.0)
378: 899 900 902 910 (45.0)
379: 897 901 907 (48.0)
380: 909 912 (47.0)
381: 911 916 918 (47.0)
382: 904 917 920 (50.0)
383: 908 913 915 (52.0)
384: 921 931 (47.0)
385: 914 922 923 (49.0)
386: 919 926 927 (50.0)
387: 925 929 930 932 (62.0)
388: 924 928 933 936 (53.0)
389: 935 939 945 (54.0)
390: 934 937 (55.0)
391: 938 941 951 (48.0)
392: 943 952 (45.0)
393: 942 946 948 950 (52.0)
394: 940 957 (51.0)
395: 944 947 949 954 962 (50.0)
396: 953 956 963 (49.0)
397: 958 959 960 (50.0)
398: 955 966 (54.0)
399: 965 967 969 (48.0)
400: 961 964 968 972 (52.0)
401: 971 974 979 (54.0)
402: 970 975 981 (50.0)
403: 976 977 978 (50.0)
404: 973 980 990 (46.0)
405: 984 985 (48.0)
406: 982 986 987 998 (45.0)
407: 983 991 (44.0)
408: 988 994 (43.0)
409: 989 992 999 (47.0)
410: 993 995 996 997 (49.0)
