Name: 1000-20-30
Time: 68.36637949943542 
Result: 33
Solution:  2 0 0 3 0 1 1 2 7 5 3 4 6 4 5 8 9 8 9 6 12 10 12 13 11 11 16 13 14 10 16 15 20 15 17 17 20 15 21 18 18 22 23 19 19 26 21 27 24 22 25 25 26 24 29 28 28 29 30 27 30 29 31 32 32 30 35 31 35 33 33 34 39 34 41 38 38 41 42 39 40 37 41 39 43 44 40 43 43 42 45 44 48 45 47 48 47 46 48 51 46 50 51 52 51 53 54 54 52 53 57 56 57 58 60 56 56 59 62 61 58 62 59 60 63 64 62 65 63 64 61 65 65 68 68 69 64 68 70 71 69 70 71 70 72 72 73 76 74 74 78 73 78 80 81 79 78 76 77 79 77 80 81 80 85 82 82 83 84 85 86 85 84 83 87 86 91 85 87 89 89 90 90 89 92 91 95 95 92 95 98 96 94 95 97 96 97 96 99 98 101 100 103 99 102 101 104 100 102 107 107 106 106 103 107 104 108 108 109 110 111 110 111 109 116 115 115 116 114 113 115 113 118 117 117 118 119 117 122 115 121 121 120 121 125 121 123 119 124 125 128 123 123 126 124 127 129 127 131 130 126 129 129 131 133 130 134 133 133 134 138 136 135 136 137 135 139 140 138 140 137 139 141 141 140 143 142 143 146 145 144 147 144 146 148 147 149 150 148 147 151 149 152 151 150 153 153 152 154 156 152 155 156 156 158 157 158 161 159 155 160 159 163 159 160 162 164 161 165 164 163 162 166 167 167 166 168 168 167 169 170 173 171 170 171 172 175 172 175 174 177 177 173 176 179 176 178 176 182 179 181 181 179 180 180 185 183 183 186 187 182 184 189 187 186 184 185 188 189 190 191 191 188 192 194 195 193 192 193 197 194 197 195 196 197 199 198 196 200 199 202 197 198 200 203 201 204 201 207 204 206 205 203 208 207 209 209 205 209 206 208 210 210 211 212 212 214 213 218 211 215 216 215 217 214 217 220 215 219 218 218 220 221 222 224 225 223 223 222 224 224 221 225 227 229 229 228 225 230 233 227 228 231 231 230 232 235 232 234 235 233 234 237 236 238 240 241 236 239 242 237 238 239 242 242 241 243 247 246 248 246 245 244 243 248 249 245 249 251 247 250 252 251 250 250 248 253 254 253 255 257 255 255 256 257 258 258 258 259 256 261 262 261 260 262 259 260 262 263 264 263 263 262 265 265 262 268 264 266 263 264 263 270 266 264 267 267 265 268 268 269 270 269 267 270 272 273 273 270 274 270 272 271 270 271 274 275 277 275 275 277 276 276 277 277 273 276 279 277 278 278 281 283 280 278 283 279 283 282 282 284 281 285 284 283 280 284 285 282 284 287 286 285 285 288 286 287 286 290 287 289 288 288 290 294 290 295 290 291 289 291 296 297 290 296 293 298 293 295 293 294 292 298 292 296 299 297 298 296 294 301 299 301 301 302 298 300 300 301 302 298 301 303 302 303 303 306 304 304 309 307 308 306 305 306 307 308 306 308 310 311 313 309 310 310 308 312 309 309 312 311 311 313 314 314 314 313 316 317 316 313 317 316 312 315 316 315 318 319 317 321 319 319 321 319 320 318 322 325 325 322 322 323 323 320 323 326 324 323 329 325 324 326 327 326 328 329 326 327 332 330 329 328 333 328 329 330 334 331 331 334 330 336 334 332 333 334 334 335 335 338 334 335 336 339 337 334 340 338 338 339 335 341 339 338 337 345 337 341 342 340 342 345 346 345 342 344 343 348 345 343 350 344 344 347 347 349 344 347 348 346 351 346 349 350 351 350 353 352 352 351 351 357 351 353 355 351 353 356 355 354 356 357 358 357 357 354 358 362 358 360 359 362 359 363 362 362 361 361 366 361 359 360 364 363 363 364 367 369 365 363 365 368 364 368 364 365 370 364 368 367 369 369 372 370 366 371 372 370 371 372 370 373 374 373 374 374 373 378 376 375 378 375 376 379 376 379 377 378 377 382 382 378 383 380 379 379 379 381 383 380 384 379 382 385 384 381 384 387 385 383 389 383 386 388 387 386 390 391 385 391 391 389 389 390 387 388 393 392 390 392 393 392 394 396 394 398 393 398 394 398 396 395 397 395 395 397 401 396 400 399 402 399 401 401 399 402 402 400 403 405 405 404 406 402 403 405 405 405 409 407 409 408 408 406 404 404 408 411 407 413 409 407 410 411 413 411 411 415 412 411 412 413 414 412 414 414 410 417 418 415 417 418 414 418 416 414 418 418 416
0: 1 2 4 (27.0)
1: 5 6 (21.0)
2: 0 7 (27.0)
3: 3 10 (15.0)
4: 11 13 (22.0)
5: 9 14 (19.0)
6: 12 19 (14.0)
7: 8 (16.0)
8: 15 17 (13.0)
9: 16 18 (26.0)
10: 21 29 (23.0)
11: 24 25 (20.0)
12: 20 22 (24.0)
13: 23 27 (22.0)
14: 28 (8.0)
15: 31 33 37 (27.0)
16: 26 30 (15.0)
17: 34 35 (20.0)
18: 39 40 (20.0)
19: 43 44 (32.0)
20: 32 36 (21.0)
21: 38 46 (20.0)
22: 41 49 (23.0)
23: 42 (6.0)
24: 48 53 (9.0)
25: 50 51 (20.0)
26: 45 52 (18.0)
27: 47 59 (23.0)
28: 55 56 (22.0)
29: 54 57 61 (30.0)
30: 58 60 65 (29.0)
31: 62 67 (23.0)
32: 63 64 (14.0)
33: 69 70 (25.0)
34: 71 73 (18.0)
35: 66 68 (25.0)
36: (0.0)
37: 81 (13.0)
38: 75 76 (20.0)
39: 72 79 83 (25.0)
40: 80 86 (26.0)
41: 74 77 82 (30.0)
42: 78 89 (29.0)
43: 84 87 88 (15.0)
44: 85 91 (24.0)
45: 90 93 (31.0)
46: 97 100 (22.0)
47: 94 96 (22.0)
48: 92 95 98 (21.0)
49: (0.0)
50: 101 (11.0)
51: 99 102 104 (23.0)
52: 103 108 (34.0)
53: 105 109 (17.0)
54: 106 107 (21.0)
55: (0.0)
56: 111 115 116 (24.0)
57: 110 112 (23.0)
58: 113 120 (23.0)
59: 117 122 (10.0)
60: 114 123 (35.0)
61: 119 130 (28.0)
62: 118 121 126 (18.0)
63: 124 128 (37.0)
64: 125 129 136 (19.0)
65: 127 131 132 (38.0)
66: (0.0)
67: (0.0)
68: 133 134 137 (24.0)
69: 135 140 (30.0)
70: 138 141 143 (22.0)
71: 139 142 (26.0)
72: 144 145 (22.0)
73: 146 151 (22.0)
74: 148 149 (22.0)
75: (0.0)
76: 147 157 (30.0)
77: 158 160 (21.0)
78: 150 152 156 (25.0)
79: 155 159 (22.0)
80: 153 161 163 (25.0)
81: 154 162 (31.0)
82: 165 166 (32.0)
83: 167 173 (21.0)
84: 168 172 (28.0)
85: 164 169 171 177 (27.0)
86: 170 175 (28.0)
87: 174 178 (21.0)
88: (0.0)
89: 179 180 183 (15.0)
90: 181 182 (36.0)
91: 176 185 (23.0)
92: 184 188 (30.0)
93: (0.0)
94: 192 (21.0)
95: 186 187 189 193 (26.0)
96: 191 195 197 (25.0)
97: 194 196 (32.0)
98: 190 199 (20.0)
99: 198 203 (16.0)
100: 201 207 (30.0)
101: 200 205 (23.0)
102: 204 208 (15.0)
103: 202 213 (21.0)
104: 206 215 (21.0)
105: (0.0)
106: 211 212 (32.0)
107: 209 210 214 (29.0)
108: 216 217 (22.0)
109: 218 223 (23.0)
110: 219 221 (20.0)
111: 220 222 (23.0)
112: (0.0)
113: 229 231 (28.0)
114: 228 (9.0)
115: 225 226 230 239 (22.0)
116: 224 227 (36.0)
117: 233 234 237 (20.0)
118: 232 235 (35.0)
119: 236 247 (30.0)
120: 242 (20.0)
121: 240 241 243 245 (30.0)
122: 238 (20.0)
123: 246 251 252 (24.0)
124: 248 254 (24.0)
125: 244 249 (29.0)
126: 253 260 (26.0)
127: 255 257 (30.0)
128: 250 (22.0)
129: 256 261 262 (19.0)
130: 259 265 (28.0)
131: 258 263 (23.0)
132: (0.0)
133: 264 267 268 (26.0)
134: 266 269 (28.0)
135: 272 275 (29.0)
136: 271 273 (29.0)
137: 274 280 (26.0)
138: 270 278 (21.0)
139: 276 281 (23.0)
140: 277 279 284 (18.0)
141: 282 283 (24.0)
142: 286 (11.0)
143: 285 287 (30.0)
144: 290 292 (27.0)
145: 289 (22.0)
146: 288 293 (13.0)
147: 291 295 299 (22.0)
148: 294 298 (36.0)
149: 296 301 (26.0)
150: 297 304 (29.0)
151: 300 303 (31.0)
152: 302 307 310 (20.0)
153: 305 306 (24.0)
154: 308 (22.0)
155: 311 319 (28.0)
156: 309 312 313 (26.0)
157: 315 (17.0)
158: 314 316 (21.0)
159: 318 321 323 (23.0)
160: 320 324 (30.0)
161: 317 327 (20.0)
162: 325 331 (26.0)
163: 322 330 (27.0)
164: 326 329 (16.0)
165: 328 (22.0)
166: 332 335 (30.0)
167: 333 334 338 (20.0)
168: 336 337 (24.0)
169: 339 (22.0)
170: 340 343 (19.0)
171: 342 344 (23.0)
172: 345 347 (14.0)
173: 341 352 (29.0)
174: 349 (18.0)
175: 346 348 (28.0)
176: 353 355 357 (24.0)
177: 350 351 (24.0)
178: 356 (19.0)
179: 354 359 362 (31.0)
180: 363 364 (30.0)
181: 360 361 (25.0)
182: 358 370 (30.0)
183: 366 367 (25.0)
184: 371 375 (30.0)
185: 365 376 (18.0)
186: 368 374 (22.0)
187: 369 373 (27.0)
188: 377 382 (33.0)
189: 372 378 (18.0)
190: 379 (19.0)
191: 380 381 (25.0)
192: 383 387 (22.0)
193: 386 388 (31.0)
194: 384 390 (30.0)
195: 385 392 (27.0)
196: 393 397 (28.0)
197: 389 391 394 401 (29.0)
198: 396 402 (19.0)
199: 395 399 (24.0)
200: 398 403 (29.0)
201: 405 407 (24.0)
202: 400 (21.0)
203: 404 412 (25.0)
204: 406 409 (18.0)
205: 411 417 (29.0)
206: 410 419 (30.0)
207: 408 414 (31.0)
208: 413 420 (30.0)
209: 415 416 418 (27.0)
210: 421 422 (24.0)
211: 423 429 (22.0)
212: 424 425 (25.0)
213: 427 (12.0)
214: 426 434 (16.0)
215: 430 432 437 (28.0)
216: 431 (23.0)
217: 433 435 (31.0)
218: 428 439 440 (30.0)
219: 438 (21.0)
220: 436 441 (29.0)
221: 442 451 (26.0)
222: 443 448 (30.0)
223: 446 447 (25.0)
224: 444 449 450 (29.0)
225: 445 452 457 (35.0)
226: (0.0)
227: 453 460 (23.0)
228: 456 461 (35.0)
229: 454 455 (26.0)
230: 458 464 (24.0)
231: 462 463 (26.0)
232: 465 467 (20.0)
233: 459 470 (28.0)
234: 468 471 (32.0)
235: 466 469 (26.0)
236: 473 477 (32.0)
237: 472 480 (20.0)
238: 474 481 (17.0)
239: 478 482 (26.0)
240: 475 (23.0)
241: 476 485 (31.0)
242: 479 483 484 (33.0)
243: 486 493 (14.0)
244: 492 (21.0)
245: 491 496 (28.0)
246: 488 490 (25.0)
247: 487 499 (26.0)
248: 489 494 505 (30.0)
249: 495 497 (33.0)
250: 500 503 504 (31.0)
251: 498 502 (31.0)
252: 501 (21.0)
253: 506 508 (30.0)
254: 507 (20.0)
255: 509 511 512 (30.0)
256: 513 519 (30.0)
257: 510 514 (21.0)
258: 515 516 517 (20.0)
259: 518 525 (24.0)
260: 523 526 (23.0)
261: 520 522 (20.0)
262: 521 524 527 532 535 (31.0)
263: 528 530 531 539 541 (29.0)
264: 529 537 540 544 (30.0)
265: 533 534 547 (26.0)
266: 538 543 (34.0)
267: 545 546 553 (25.0)
268: 536 548 549 (28.0)
269: 550 552 (24.0)
270: 542 551 554 558 560 563 (19.0)
271: 562 564 (26.0)
272: 555 561 (29.0)
273: 556 557 575 (25.0)
274: 559 565 (27.0)
275: 566 568 569 (28.0)
276: 571 572 576 (35.0)
277: 567 570 573 574 578 (27.0)
278: 579 580 584 (25.0)
279: 577 586 (26.0)
280: 583 595 (33.0)
281: 581 591 (21.0)
282: 588 589 598 (28.0)
283: 582 585 587 594 (30.0)
284: 590 593 596 599 (27.0)
285: 592 597 602 603 (29.0)
286: 601 605 607 (28.0)
287: 600 606 609 (29.0)
288: 604 611 612 (22.0)
289: 610 619 (24.0)
290: 608 613 615 617 623 (22.0)
291: 618 620 (21.0)
292: 631 633 (24.0)
293: 625 627 629 (30.0)
294: 614 630 639 (28.0)
295: 616 628 (36.0)
296: 621 624 634 638 (30.0)
297: 622 636 (29.0)
298: 626 632 637 645 650 (29.0)
299: 635 641 (27.0)
300: 646 647 (26.0)
301: 640 642 643 648 651 (27.0)
302: 644 649 653 (30.0)
303: 652 654 655 (35.0)
304: 657 658 (25.0)
305: 663 (20.0)
306: 656 662 664 667 (28.0)
307: 660 665 (27.0)
308: 661 666 668 675 (27.0)
309: 659 672 677 678 (31.0)
310: 669 673 674 (29.0)
311: 670 680 681 (30.0)
312: 676 679 693 (29.0)
313: 671 682 686 690 (27.0)
314: 683 684 685 (27.0)
315: 694 696 (26.0)
316: 687 689 692 695 (30.0)
317: 688 691 699 (30.0)
318: 697 706 (29.0)
319: 698 701 702 704 (23.0)
320: 705 714 (21.0)
321: 700 703 (28.0)
322: 707 710 711 (28.0)
323: 712 713 715 718 (33.0)
324: 717 721 (31.0)
325: 708 709 720 (34.0)
326: 716 722 724 727 (27.0)
327: 723 728 (20.0)
328: 725 732 734 (30.0)
329: 719 726 731 735 (26.0)
330: 730 736 741 (30.0)
331: 738 739 (30.0)
332: 729 744 (27.0)
333: 733 745 (29.0)
334: 737 740 743 746 747 751 756 (24.0)
335: 748 749 752 761 (30.0)
336: 742 753 (28.0)
337: 755 765 767 (30.0)
338: 750 758 759 764 (30.0)
339: 754 760 763 (29.0)
340: 757 770 (30.0)
341: 762 768 (32.0)
342: 769 771 775 (30.0)
343: 777 780 (30.0)
344: 776 782 783 787 (29.0)
345: 766 772 774 779 (39.0)
346: 773 790 792 (27.0)
347: 784 785 788 (27.0)
348: 778 789 (25.0)
349: 786 793 (27.0)
350: 781 794 796 (25.0)
351: 791 795 800 801 803 806 (27.0)
352: 798 799 (25.0)
353: 797 804 807 (24.0)
354: 810 816 (28.0)
355: 805 809 (24.0)
356: 808 811 (33.0)
357: 802 812 814 815 (30.0)
358: 813 817 819 (35.0)
359: 821 823 831 (30.0)
360: 820 832 (32.0)
361: 827 828 830 (23.0)
362: 818 822 825 826 (30.0)
363: 824 834 835 840 (30.0)
364: 833 836 843 845 848 (30.0)
365: 839 841 846 (30.0)
366: 829 855 (31.0)
367: 837 850 (30.0)
368: 842 844 849 (35.0)
369: 838 851 852 (30.0)
370: 847 854 858 861 (30.0)
371: 856 859 (29.0)
372: 853 857 860 (28.0)
373: 862 864 867 (30.0)
374: 863 865 866 (30.0)
375: 870 872 (28.0)
376: 869 873 875 (30.0)
377: 877 879 (28.0)
378: 868 871 878 882 (30.0)
379: 874 876 885 886 887 892 (28.0)
380: 884 890 (35.0)
381: 888 896 (28.0)
382: 880 881 893 (25.0)
383: 883 889 900 902 (30.0)
384: 891 895 897 (30.0)
385: 894 899 909 (30.0)
386: 903 906 (31.0)
387: 898 905 915 (29.0)
388: 904 916 (31.0)
389: 901 912 913 (30.0)
390: 907 914 919 (28.0)
391: 908 910 911 (30.0)
392: 918 920 922 (28.0)
393: 917 921 927 (30.0)
394: 923 925 929 (29.0)
395: 932 934 935 (25.0)
396: 924 931 938 (30.0)
397: 933 936 (20.0)
398: 926 928 930 (30.0)
399: 940 942 945 (30.0)
400: 939 948 (29.0)
401: 937 943 944 (30.0)
402: 941 946 947 954 (29.0)
403: 949 955 (30.0)
404: 952 965 966 (30.0)
405: 950 951 956 957 958 (33.0)
406: 953 964 (29.0)
407: 960 969 972 (31.0)
408: 962 963 967 (36.0)
409: 959 961 971 (30.0)
410: 973 987 (32.0)
411: 968 974 976 977 980 (34.0)
412: 979 981 984 (39.0)
413: 970 975 982 (28.0)
414: 983 985 986 993 996 (29.0)
415: 978 990 (28.0)
416: 995 999 (38.0)
417: 988 991 (31.0)
418: 989 992 994 997 998 (31.0)
