Name: 100-30-50
Time: 4.53666877746582 
Result: 17030
Solution:  2 0 4 0 5 3 2 0 5 4 8 3 7 7 8 11 8 6 9 9 10 10 14 14 12 13 13 11 12 14 16 18 16 13 16 17 18 17 20 19 22 19 22 20 21 18 26 26 25 24 23 23 28 27 27 24 30 29 29 31 27 31 32 30 32 34 37 34 36 36 33 33 34 35 37 40 40 38 38 39 41 35 40 42 38 41 39 39 42 43 44 44 43 41 45 42 43 44 42 45
0: 1 3 7 (37.0)
1: (0.0)
2: 0 6 (42.0)
3: 5 11 (32.0)
4: 2 9 (27.0)
5: 4 8 (37.0)
6: 17 (31.0)
7: 12 13 (33.0)
8: 10 14 16 (35.0)
9: 18 19 (34.0)
10: 20 21 (34.0)
11: 15 27 (40.0)
12: 24 28 (46.0)
13: 25 26 33 (48.0)
14: 22 23 29 (48.0)
15: (0.0)
16: 30 32 34 (26.0)
17: 35 37 (51.0)
18: 31 36 45 (44.0)
19: 39 41 (32.0)
20: 38 43 (38.0)
21: 44 (36.0)
22: 40 42 (42.0)
23: 50 51 (41.0)
24: 49 55 (39.0)
25: 48 (37.0)
26: 46 47 (40.0)
27: 53 54 60 (39.0)
28: 52 (30.0)
29: 57 58 (43.0)
30: 56 63 (44.0)
31: 59 61 (47.0)
32: 62 64 (48.0)
33: 70 71 (46.0)
34: 65 67 72 (49.0)
35: 73 81 (48.0)
36: 68 69 (45.0)
37: 66 74 (43.0)
38: 77 78 84 (50.0)
39: 79 86 87 (47.0)
40: 75 76 82 (46.0)
41: 80 85 93 (49.0)
42: 83 88 95 98 (50.0)
43: 89 92 96 (46.0)
44: 90 91 97 (56.0)
45: 94 99 (53.0)
