Name: 1000-50-100
Time: 36.70618224143982 
Result: 599130
Solution:  1 2 3 1 4 0 4 0 5 2 2 3 7 9 5 6 10 9 6 9 11 8 10 8 15 11 12 14 14 12 15 17 19 16 18 15 19 18 20 21 20 21 17 23 22 25 22 23 24 23 28 27 26 27 24 26 25 29 28 27 30 34 31 29 31 30 34 32 35 36 31 34 34 36 38 40 39 38 35 38 40 39 42 41 42 41 43 47 44 44 43 47 46 48 45 43 45 46 46 50 50 48 49 55 54 49 52 52 56 58 55 56 55 54 61 58 57 59 57 57 60 60 61 61 64 63 62 67 64 63 67 65 65 67 67 68 69 68 72 71 73 72 72 70 69 71 69 70 76 76 75 74 77 73 77 75 77 74 80 82 80 83 81 83 83 79 82 81 84 84 85 87 86 88 86 87 87 88 90 91 93 93 90 91 92 93 92 90 94 97 95 96 97 94 95 98 94 101 99 101 100 103 105 99 104 103 103 103 107 102 104 107 105 106 106 107 109 111 108 109 110 111 110 113 114 112 113 115 113 114 116 115 117 116 117 118 115 114 121 119 120 120 119 122 121 118 127 121 124 126 122 125 129 126 125 124 125 128 131 129 129 127 134 132 132 133 132 130 135 136 139 134 135 134 136 133 138 141 138 140 141 143 144 142 140 138 142 143 145 146 144 145 150 145 150 146 147 147 148 148 152 149 151 155 153 152 151 154 152 153 154 155 156 157 160 156 159 157 156 158 160 159 162 165 161 162 163 163 161 164 164 162 165 166 169 168 170 166 168 173 173 171 171 173 169 175 173 172 175 174 175 175 178 177 177 179 176 176 178 179 183 180 183 178 182 182 185 181 185 185 188 184 184 189 187 186 188 186 188 190 190 191 191 195 193 189 192 193 196 192 197 194 194 198 197 195 196 198 196 203 199 200 199 199 205 202 203 200 205 202 202 201 206 206 204 207 210 208 207 208 209 211 212 210 214 210 213 209 211 216 213 215 217 217 216 215 218 219 220 219 219 223 222 221 222 221 225 223 224 224 227 226 227 226 228 229 228 230 231 228 229 233 232 234 231 233 232 231 234 235 239 235 236 236 237 237 240 238 240 239 241 241 240 242 242 244 243 243 242 245 246 245 246 245 246 247 251 248 249 249 251 250 252 255 253 248 250 255 253 254 254 255 258 258 257 255 261 259 256 260 260 256 261 264 262 261 262 263 265 265 266 268 264 267 267 265 269 266 268 270 270 269 270 273 272 271 272 272 278 274 275 275 276 276 279 274 280 280 278 277 279 283 278 281 284 282 281 284 283 281 285 286 283 288 286 285 287 287 291 290 289 290 291 289 294 294 293 295 296 293 295 292 296 297 297 298 298 295 299 299 300 301 301 304 302 300 301 303 304 302 305 306 308 307 306 309 311 312 307 310 313 306 313 309 310 314 312 314 316 317 312 315 315 314 317 318 318 321 321 316 321 319 320 321 323 322 323 324 322 328 326 325 325 326 325 327 324 328 327 329 330 331 332 330 331 332 333 333 334 333 335 332 339 334 338 338 336 336 341 340 337 337 340 342 342 341 343 343 344 344 347 345 346 347 346 347 348 348 350 349 352 352 350 350 351 351 354 351 353 353 357 354 356 358 356 358 362 361 355 359 359 360 357 359 364 364 361 363 363 360 367 365 362 370 366 368 367 365 367 370 369 369 368 373 372 372 373 374 376 371 379 375 374 375 380 377 378 376 377 380 378 384 383 383 382 382 379 381 385 381 385 387 389 384 386 386 388 387 389 391 390 388 393 390 390 392 394 390 396 396 391 393 400 395 397 395 398 398 399 401 400 399 405 397 402 401 402 405 404 402 406 405 403 403 404 409 407 408 409 408 410 410 412 412 413 413 411 414 417 416 415 411 417 416 418 417 415 414 418 421 419 419 420 420 422 422 424 424 425 425 423 423 426 426 425 427 428 428 430 430 427 431 431 432 431 433 429 432 433 432 436 435 436 438 434 437 438 438 437 442 439 439 442 440 441 441 443 443 444 442 444 447 446 449 448 445 450 445 453 453 447 446 448 452 451 451 450 455 455 454 452 454 458 456 456 458 459 457 461 461 459 457 464 460 462 462 463 463 464 460 466 465 466 468 469 470 465 468 470 468 467 467 467 469 471 470 472 471 471 469 471 473 474 473 475 474 477 473 476 477 472 479 478 475 476 477 477 477 478 479 478 482 479 481 479 480 481 480 481 479 482 482 487 483 483 483 482 486 488 484 485 487 486 486 485 488 488 484 486 488
0: 5 7 (32.0)
1: 0 3 (61.0)
2: 1 9 10 (44.0)
3: 2 11 (64.0)
4: 4 6 (68.0)
5: 8 14 (47.0)
6: 15 18 (71.0)
7: 12 (21.0)
8: 21 23 (73.0)
9: 13 17 19 (46.0)
10: 16 22 (67.0)
11: 20 25 (48.0)
12: 26 29 (52.0)
13: (0.0)
14: 27 28 (50.0)
15: 24 30 35 (51.0)
16: 33 (7.0)
17: 31 42 (61.0)
18: 34 37 (59.0)
19: 32 36 (60.0)
20: 38 40 (58.0)
21: 39 41 (45.0)
22: 44 46 (48.0)
23: 43 47 49 (76.0)
24: 48 54 (46.0)
25: 45 56 (71.0)
26: 52 55 (62.0)
27: 51 53 59 (46.0)
28: 50 58 (81.0)
29: 57 63 (47.0)
30: 60 65 (71.0)
31: 62 64 70 (44.0)
32: 67 (31.0)
33: (0.0)
34: 61 66 71 72 (93.0)
35: 68 78 (49.0)
36: 69 73 (77.0)
37: (0.0)
38: 74 77 79 (81.0)
39: 76 81 (44.0)
40: 75 80 (60.0)
41: 83 85 (45.0)
42: 82 84 (61.0)
43: 86 90 95 (43.0)
44: 88 89 (53.0)
45: 94 96 (82.0)
46: 92 97 98 (48.0)
47: 87 91 (78.0)
48: 93 101 (55.0)
49: 102 105 (41.0)
50: 99 100 (70.0)
51: (0.0)
52: 106 107 (54.0)
53: (0.0)
54: 104 113 (75.0)
55: 103 110 112 (68.0)
56: 108 111 (57.0)
57: 116 118 119 (58.0)
58: 109 115 (51.0)
59: 117 (52.0)
60: 120 121 (55.0)
61: 114 122 123 (87.0)
62: 126 (52.0)
63: 125 129 (57.0)
64: 124 128 (53.0)
65: 131 132 (72.0)
66: (0.0)
67: 127 130 133 134 (59.0)
68: 135 137 (80.0)
69: 136 144 146 (40.0)
70: 143 147 (80.0)
71: 139 145 (79.0)
72: 138 141 142 (59.0)
73: 140 153 (60.0)
74: 151 157 (70.0)
75: 150 155 (47.0)
76: 148 149 (57.0)
77: 152 154 156 (89.0)
78: (0.0)
79: 165 (43.0)
80: 158 160 (69.0)
81: 162 167 (50.0)
82: 159 166 (86.0)
83: 161 163 164 (42.0)
84: 168 169 (58.0)
85: 170 (52.0)
86: 172 174 (62.0)
87: 171 175 176 (47.0)
88: 173 177 (72.0)
89: (0.0)
90: 178 182 187 (52.0)
91: 179 183 (91.0)
92: 184 186 (70.0)
93: 180 181 185 (82.0)
94: 188 193 196 (64.0)
95: 190 194 (58.0)
96: 191 (24.0)
97: 189 192 (71.0)
98: 195 (37.0)
99: 198 203 (41.0)
100: 200 (58.0)
101: 197 199 (87.0)
102: 209 (53.0)
103: 201 205 206 207 (74.0)
104: 204 210 (95.0)
105: 202 212 (69.0)
106: 213 214 (56.0)
107: 208 211 215 (50.0)
108: 218 (23.0)
109: 216 219 (61.0)
110: 220 222 (55.0)
111: 217 221 (78.0)
112: 225 (50.0)
113: 223 226 228 (83.0)
114: 224 229 237 (79.0)
115: 227 231 236 (63.0)
116: 230 233 (73.0)
117: 232 234 (87.0)
118: 235 245 (55.0)
119: 239 242 (88.0)
120: 240 241 (61.0)
121: 238 244 247 (66.0)
122: 243 250 (59.0)
123: (0.0)
124: 248 255 (60.0)
125: 251 254 256 (52.0)
126: 249 253 (80.0)
127: 246 261 (68.0)
128: 257 (54.0)
129: 252 259 260 (64.0)
130: 267 (55.0)
131: 258 (55.0)
132: 263 264 266 (90.0)
133: 265 275 (80.0)
134: 262 271 273 (52.0)
135: 268 272 (76.0)
136: 269 274 (37.0)
137: (0.0)
138: 276 278 285 (76.0)
139: 270 (51.0)
140: 279 284 (91.0)
141: 277 280 (54.0)
142: 283 286 (63.0)
143: 281 287 (68.0)
144: 282 290 (73.0)
145: 288 291 293 (77.0)
146: 289 295 (77.0)
147: 296 297 (65.0)
148: 298 299 (65.0)
149: 301 (55.0)
150: 292 294 (58.0)
151: 302 306 (54.0)
152: 300 305 308 (58.0)
153: 304 309 (82.0)
154: 307 310 (62.0)
155: 303 311 (79.0)
156: 312 315 318 (44.0)
157: 313 317 (72.0)
158: 319 (60.0)
159: 316 321 (80.0)
160: 314 320 (69.0)
161: 324 328 (75.0)
162: 322 325 331 (90.0)
163: 326 327 (66.0)
164: 329 330 (61.0)
165: 323 332 (57.0)
166: 333 337 (62.0)
167: (0.0)
168: 335 338 (74.0)
169: 334 344 (76.0)
170: 336 (52.0)
171: 341 342 (80.0)
172: 347 (54.0)
173: 339 340 343 346 (95.0)
174: 349 (61.0)
175: 345 348 350 351 (96.0)
176: 356 357 (68.0)
177: 353 354 (54.0)
178: 352 358 363 (95.0)
179: 355 359 (87.0)
180: 361 (52.0)
181: 367 (56.0)
182: 364 365 (69.0)
183: 360 362 (52.0)
184: 371 372 (51.0)
185: 366 368 369 (82.0)
186: 375 377 (52.0)
187: 374 (50.0)
188: 370 376 378 (96.0)
189: 373 385 (84.0)
190: 379 380 (65.0)
191: 381 382 (81.0)
192: 386 389 (77.0)
193: 384 387 (59.0)
194: 391 392 (34.0)
195: 383 395 (77.0)
196: 388 396 398 (88.0)
197: 390 394 (88.0)
198: 393 397 (99.0)
199: 400 402 403 (86.0)
200: 401 407 (109.0)
201: 411 (59.0)
202: 405 409 410 (83.0)
203: 399 406 (71.0)
204: 414 (59.0)
205: 404 408 (71.0)
206: 412 413 (71.0)
207: 415 418 (48.0)
208: 417 419 (77.0)
209: 420 427 (60.0)
210: 416 423 425 (60.0)
211: 421 428 (51.0)
212: 422 (60.0)
213: 426 430 (77.0)
214: 424 (52.0)
215: 431 435 (74.0)
216: 429 434 (97.0)
217: 432 433 (72.0)
218: 436 (57.0)
219: 437 439 440 (50.0)
220: 438 (59.0)
221: 443 445 (70.0)
222: 442 444 (74.0)
223: 441 447 (52.0)
224: 448 449 (73.0)
225: 446 (70.0)
226: 451 453 (51.0)
227: 450 452 (95.0)
228: 454 456 459 (94.0)
229: 455 460 (78.0)
230: 457 (56.0)
231: 458 464 467 (95.0)
232: 462 466 (65.0)
233: 461 465 (57.0)
234: 463 468 (77.0)
235: 469 471 (98.0)
236: 472 473 (73.0)
237: 474 475 (73.0)
238: 477 (65.0)
239: 470 479 (85.0)
240: 476 478 482 (69.0)
241: 480 481 (73.0)
242: 483 484 488 (85.0)
243: 486 487 (74.0)
244: 485 (64.0)
245: 489 491 493 (99.0)
246: 490 492 494 (99.0)
247: 495 (60.0)
248: 497 505 (90.0)
249: 498 499 (74.0)
250: 501 506 (100.0)
251: 496 500 (72.0)
252: 502 (60.0)
253: 504 508 (69.0)
254: 509 510 (85.0)
255: 503 507 511 515 (63.0)
256: 518 521 (80.0)
257: 514 (60.0)
258: 512 513 (75.0)
259: 517 (67.0)
260: 519 520 (72.0)
261: 516 522 525 (76.0)
262: 524 526 (70.0)
263: 527 (52.0)
264: 523 532 (81.0)
265: 528 529 535 (104.0)
266: 530 537 (64.0)
267: 533 534 (82.0)
268: 531 538 (84.0)
269: 536 541 (91.0)
270: 539 540 542 (91.0)
271: 545 (54.0)
272: 544 546 547 (100.0)
273: 543 (54.0)
274: 549 555 (84.0)
275: 550 551 (77.0)
276: 552 553 (77.0)
277: 559 (72.0)
278: 548 558 562 (86.0)
279: 554 560 (90.0)
280: 556 557 (77.0)
281: 563 566 569 (98.0)
282: 565 (55.0)
283: 561 568 572 (77.0)
284: 564 567 (75.0)
285: 570 575 (69.0)
286: 571 574 (87.0)
287: 576 577 (78.0)
288: 573 (61.0)
289: 580 583 (75.0)
290: 579 581 (83.0)
291: 578 582 (76.0)
292: 591 (75.0)
293: 586 589 (85.0)
294: 584 585 (78.0)
295: 587 590 597 (65.0)
296: 588 592 (72.0)
297: 593 594 (89.0)
298: 595 596 (88.0)
299: 598 599 (80.0)
300: 600 605 (83.0)
301: 601 602 606 (100.0)
302: 604 609 (70.0)
303: 607 (57.0)
304: 603 608 (90.0)
305: 610 (69.0)
306: 611 614 621 (80.0)
307: 613 618 (73.0)
308: 612 (64.0)
309: 615 623 (83.0)
310: 619 624 (85.0)
311: 616 (68.0)
312: 617 626 630 (92.0)
313: 620 622 (92.0)
314: 625 627 633 (94.0)
315: 631 632 (91.0)
316: 628 639 (96.0)
317: 629 634 (70.0)
318: 635 636 (99.0)
319: 641 (80.0)
320: 642 (65.0)
321: 637 638 640 643 (80.0)
322: 645 648 (65.0)
323: 644 646 (97.0)
324: 647 656 (69.0)
325: 651 652 654 (93.0)
326: 650 653 (91.0)
327: 655 658 (80.0)
328: 649 657 (97.0)
329: 659 (64.0)
330: 660 663 (118.0)
331: 661 664 (69.0)
332: 662 665 671 (84.0)
333: 666 667 669 (91.0)
334: 668 673 (100.0)
335: 670 (58.0)
336: 676 677 (83.0)
337: 680 681 (83.0)
338: 674 675 (83.0)
339: 672 (57.0)
340: 679 682 (83.0)
341: 678 685 (86.0)
342: 683 684 (80.0)
343: 686 687 (84.0)
344: 688 689 (84.0)
345: 691 (65.0)
346: 692 694 (89.0)
347: 690 693 695 (98.0)
348: 696 697 (84.0)
349: 699 (75.0)
350: 698 702 703 (95.0)
351: 704 705 707 (103.0)
352: 700 701 (85.0)
353: 708 709 (85.0)
354: 706 711 (99.0)
355: 718 (53.0)
356: 712 714 (82.0)
357: 710 722 (84.0)
358: 713 715 (89.0)
359: 719 720 723 (108.0)
360: 721 729 (100.0)
361: 717 726 (86.0)
362: 716 732 (94.0)
363: 727 728 (86.0)
364: 724 725 (86.0)
365: 731 737 (97.0)
366: 734 (71.0)
367: 730 736 738 (119.0)
368: 735 742 (73.0)
369: 740 741 (87.0)
370: 733 739 (89.0)
371: 749 (53.0)
372: 744 745 (88.0)
373: 743 746 (97.0)
374: 747 752 (98.0)
375: 751 753 (88.0)
376: 748 757 (88.0)
377: 755 758 (91.0)
378: 756 760 (72.0)
379: 750 766 (79.0)
380: 754 759 (85.0)
381: 767 769 (73.0)
382: 764 765 (89.0)
383: 762 763 (89.0)
384: 761 773 (94.0)
385: 768 770 (100.0)
386: 774 775 (90.0)
387: 771 777 (88.0)
388: 776 781 (79.0)
389: 772 778 (95.0)
390: 780 783 784 787 (93.0)
391: 779 790 (89.0)
392: 785 (83.0)
393: 782 791 (100.0)
394: 786 (76.0)
395: 793 795 (96.0)
396: 788 789 (90.0)
397: 794 803 (116.0)
398: 796 797 (90.0)
399: 798 801 (92.0)
400: 792 800 (82.0)
401: 799 805 (88.0)
402: 804 806 809 (100.0)
403: 812 813 (91.0)
404: 808 814 (89.0)
405: 802 807 811 (99.0)
406: 810 (72.0)
407: 816 (71.0)
408: 817 819 (94.0)
409: 815 818 (92.0)
410: 820 821 (92.0)
411: 826 831 (75.0)
412: 822 823 (92.0)
413: 824 825 (92.0)
414: 827 837 (97.0)
415: 830 836 (106.0)
416: 829 833 (100.0)
417: 828 832 835 (99.0)
418: 834 838 (101.0)
419: 840 841 (93.0)
420: 842 843 (93.0)
421: 839 (71.0)
422: 844 845 (93.0)
423: 850 851 (94.0)
424: 846 847 (93.0)
425: 848 849 854 (137.0)
426: 852 853 (94.0)
427: 855 860 (96.0)
428: 856 857 (94.0)
429: 866 (80.0)
430: 858 859 (94.0)
431: 861 862 864 (135.0)
432: 863 867 869 (114.0)
433: 865 868 (98.0)
434: 874 (66.0)
435: 871 (90.0)
436: 870 872 (86.0)
437: 875 878 (102.0)
438: 873 876 877 (109.0)
439: 880 881 (95.0)
440: 883 (81.0)
441: 884 885 (95.0)
442: 879 882 889 (83.0)
443: 886 887 (95.0)
444: 888 890 (95.0)
445: 895 897 (95.0)
446: 892 901 (80.0)
447: 891 900 (92.0)
448: 894 902 (98.0)
449: 893 (69.0)
450: 896 906 (96.0)
451: 904 905 (97.0)
452: 903 910 (97.0)
453: 898 899 (96.0)
454: 909 911 (96.0)
455: 907 908 (98.0)
456: 913 914 (94.0)
457: 917 921 (97.0)
458: 912 915 (100.0)
459: 916 920 (99.0)
460: 923 929 (99.0)
461: 918 919 (98.0)
462: 924 925 (98.0)
463: 926 927 (98.0)
464: 922 928 (97.0)
465: 931 936 (93.0)
466: 930 932 (93.0)
467: 940 941 942 (98.0)
468: 933 937 939 (126.0)
469: 934 943 949 (97.0)
470: 935 938 945 (97.0)
471: 944 947 948 950 (91.0)
472: 946 960 (77.0)
473: 951 953 957 (115.0)
474: 952 955 (97.0)
475: 954 963 (100.0)
476: 958 964 (130.0)
477: 956 959 965 966 967 (99.0)
478: 962 968 970 (85.0)
479: 961 969 972 974 979 (125.0)
480: 975 977 (93.0)
481: 973 976 978 (84.0)
482: 971 980 981 986 (92.0)
483: 983 984 985 (101.0)
484: 989 997 (99.0)
485: 990 994 (98.0)
486: 987 992 993 998 (100.0)
487: 982 991 (92.0)
488: 988 995 996 999 (94.0)
