Name: 1000-40-75
Time: 38.052446603775024 
Result: 549095
Solution:  0 0 2 1 4 1 3 2 4 7 4 5 3 7 5 11 8 8 9 11 6 6 10 10 11 9 12 13 15 15 17 12 16 13 17 17 16 20 19 16 20 21 19 22 21 22 27 23 24 25 24 22 27 26 30 27 25 29 31 30 30 31 32 32 33 29 32 33 37 37 35 32 35 36 39 40 38 36 39 41 39 38 44 42 42 43 40 44 47 43 45 46 50 46 48 47 50 51 45 48 49 48 54 49 53 52 52 51 53 55 54 56 56 57 55 59 55 62 62 59 62 58 61 61 61 62 60 60 67 68 65 63 66 66 65 65 68 70 69 69 74 72 70 73 72 76 73 74 77 76 76 75 74 77 79 77 78 78 81 75 76 79 81 83 86 81 84 81 82 82 85 88 87 85 86 85 90 89 88 91 90 91 94 93 92 88 93 94 91 92 96 95 95 96 99 96 97 98 97 99 101 100 101 102 100 100 104 103 104 102 103 103 106 107 106 111 109 107 110 107 111 109 108 114 113 113 112 112 115 114 117 115 116 114 116 117 119 118 119 123 120 121 120 121 119 125 123 124 124 125 123 127 126 127 126 126 130 128 130 131 128 129 134 131 132 133 129 133 136 135 138 134 133 136 137 141 138 134 140 135 140 140 141 139 142 141 142 141 145 144 145 146 147 146 148 147 149 150 150 149 148 152 151 150 152 153 155 152 156 154 156 157 155 159 154 157 154 158 158 160 161 159 162 158 163 166 163 165 166 164 164 165 166 168 166 167 171 171 169 170 170 173 172 168 175 175 169 173 175 174 174 176 178 176 177 177 176 178 181 179 180 180 179 180 183 183 182 182 184 183 186 185 187 185 187 190 189 188 192 192 190 188 190 189 191 192 195 195 196 194 195 193 194 198 196 200 199 198 199 200 197 200 201 201 202 200 203 204 204 204 205 209 208 206 210 207 210 209 207 208 208 212 213 210 215 211 216 213 214 217 211 215 218 216 219 214 218 217 220 219 221 221 218 223 220 222 224 224 223 222 225 226 226 227 227 228 231 230 227 230 229 231 229 232 233 231 235 230 238 237 238 232 234 237 234 233 236 236 240 240 239 242 243 241 239 242 245 247 244 244 242 243 245 249 248 246 248 247 249 246 250 247 249 252 251 251 253 256 252 250 254 255 255 257 254 257 260 256 259 259 260 259 258 260 263 261 264 261 266 267 263 266 267 262 266 269 265 269 273 268 270 270 271 273 272 275 273 271 275 272 274 276 276 275 274 277 277 279 281 278 279 278 282 281 280 285 283 283 284 282 284 286 287 287 288 286 285 288 291 289 290 288 291 294 293 292 297 293 292 296 295 291 293 294 299 298 296 299 301 299 300 298 300 304 302 298 303 301 306 303 302 305 307 307 308 308 310 310 306 309 312 309 310 311 312 313 314 311 316 317 313 315 314 318 317 320 319 319 315 316 320 320 318 321 323 322 326 322 325 321 324 324 326 325 325 327 328 329 331 327 330 330 328 332 331 332 334 333 333 336 335 334 335 336 338 338 337 337 340 339 342 341 339 341 345 344 344 340 345 343 342 346 343 347 348 346 349 348 350 349 351 351 349 354 354 352 355 352 353 358 353 357 356 355 358 355 357 360 358 360 356 361 361 364 363 363 359 364 366 365 366 362 367 369 370 365 368 367 368 366 373 373 371 370 376 372 376 372 375 375 371 379 377 374 377 374 378 381 379 383 379 380 380 381 382 382 384 383 385 385 386 386 387 384 386 390 387 392 392 388 391 388 393 391 389 389 393 395 396 394 395 395 394 396 397 399 396 398 399 400 401 398 399 402 400 402 403 404 403 404 406 406 403 405 409 405 407 407 408 410 411 411 413 410 409 408 413 414 415 415 412 417 418 414 416 416 420 420 419 417 419 418 419 421 422 421 422 425 423 426 424 427 424 425 423 426 431 428 429 428 430 427 429 432 430 433 432 435 434 434 437 438 436 436 435 437 441 438 438 440 442 442 440 444 444 439 443 441 446 446 445 445 446 443 449 448 450 450 452 452 447 447 448 451 449 455 451 454 453 453 454 457 454 455 456 455 460 459 459 457 458 457 458 459 459 456 458 460 460 461 461 461 460 462 463 465 464 465 466 462 468 465 463 469 468 464 468 471 467 467 468 472 471 467 470 466 471 467 469 469 469 472 475 470 475 474 473 471 473 475 473 476 474 474 476 478 478 476 476 477 477 477 476 480 479 479 480 480 481 483 484 480 482 483 483 483 482 484 481 483
0: 0 1 (40.0)
1: 3 5 (26.0)
2: 2 7 (53.0)
3: 6 12 (40.0)
4: 4 8 10 (44.0)
5: 11 14 (65.0)
6: 20 21 (41.0)
7: 9 13 (40.0)
8: 16 17 (41.0)
9: 18 25 (59.0)
10: 22 23 (41.0)
11: 15 19 24 (35.0)
12: 26 31 (36.0)
13: 27 33 (53.0)
14: (0.0)
15: 28 29 (41.0)
16: 32 36 39 (38.0)
17: 30 34 35 (65.0)
18: (0.0)
19: 38 42 (42.0)
20: 37 40 (57.0)
21: 41 44 (41.0)
22: 43 45 51 (41.0)
23: 47 (36.0)
24: 48 50 (47.0)
25: 49 56 (39.0)
26: 53 (30.0)
27: 46 52 55 (33.0)
28: (0.0)
29: 57 65 (57.0)
30: 54 59 60 (59.0)
31: 58 61 (50.0)
32: 62 63 66 71 (68.0)
33: 64 67 (49.0)
34: (0.0)
35: 70 72 (45.0)
36: 73 77 (45.0)
37: 68 69 (42.0)
38: 76 81 (53.0)
39: 74 78 80 (33.0)
40: 75 86 (47.0)
41: 79 (39.0)
42: 83 84 (51.0)
43: 85 89 (36.0)
44: 82 87 (41.0)
45: 90 98 (54.0)
46: 91 93 (49.0)
47: 88 95 (45.0)
48: 94 99 101 (42.0)
49: 100 103 (49.0)
50: 92 96 (31.0)
51: 97 107 (63.0)
52: 105 106 (41.0)
53: 104 108 (45.0)
54: 102 110 (57.0)
55: 109 114 116 (51.0)
56: 111 112 (53.0)
57: 113 (5.0)
58: 121 (31.0)
59: 115 119 (49.0)
60: 126 127 (44.0)
61: 122 123 124 (77.0)
62: 117 118 120 125 (61.0)
63: 131 (38.0)
64: (0.0)
65: 130 134 135 (51.0)
66: 132 133 (45.0)
67: 128 (34.0)
68: 129 136 (34.0)
69: 138 139 (45.0)
70: 137 142 (57.0)
71: (0.0)
72: 141 144 (50.0)
73: 143 146 (35.0)
74: 140 147 152 (67.0)
75: 151 159 (62.0)
76: 145 149 150 160 (82.0)
77: 148 153 155 (62.0)
78: 156 157 (45.0)
79: 154 161 (47.0)
80: (0.0)
81: 158 162 165 167 (54.0)
82: 168 169 (46.0)
83: 163 (36.0)
84: 166 (23.0)
85: 170 173 175 (67.0)
86: 164 174 (57.0)
87: 172 (34.0)
88: 171 178 185 (62.0)
89: 177 (35.0)
90: 176 180 (48.0)
91: 179 181 188 (42.0)
92: 184 189 (57.0)
93: 183 186 (52.0)
94: 182 187 (41.0)
95: 191 192 (67.0)
96: 190 193 195 (48.0)
97: 196 198 (48.0)
98: 197 (38.0)
99: 194 199 (34.0)
100: 201 204 205 (66.0)
101: 200 202 (49.0)
102: 203 209 (46.0)
103: 207 210 211 (71.0)
104: 206 208 (53.0)
105: (0.0)
106: 212 214 (61.0)
107: 213 217 219 (46.0)
108: 222 (44.0)
109: 216 221 (49.0)
110: 218 (42.0)
111: 215 220 (42.0)
112: 226 227 (49.0)
113: 224 225 (49.0)
114: 223 229 233 (46.0)
115: 228 231 (70.0)
116: 232 234 (50.0)
117: 230 235 (35.0)
118: 237 (33.0)
119: 236 238 244 (51.0)
120: 240 242 (57.0)
121: 241 243 (42.0)
122: (0.0)
123: 239 246 250 (71.0)
124: 247 248 (46.0)
125: 245 249 (55.0)
126: 252 254 255 (66.0)
127: 251 253 (76.0)
128: 257 260 (46.0)
129: 261 266 (58.0)
130: 256 258 (54.0)
131: 259 263 (60.0)
132: 264 (40.0)
133: 265 267 272 (40.0)
134: 262 271 277 (53.0)
135: 269 279 (50.0)
136: 268 273 (59.0)
137: 274 (43.0)
138: 270 276 (63.0)
139: 283 (41.0)
140: 278 280 281 (80.0)
141: 275 282 285 287 (46.0)
142: 284 286 (73.0)
143: (0.0)
144: 289 (19.0)
145: 288 290 (54.0)
146: 291 293 (55.0)
147: 292 295 (49.0)
148: 294 300 (66.0)
149: 296 299 (69.0)
150: 297 298 303 (38.0)
151: 302 (46.0)
152: 301 304 307 (44.0)
153: 305 (43.0)
154: 309 314 316 (76.0)
155: 306 312 (48.0)
156: 308 310 (71.0)
157: 311 315 (48.0)
158: 317 318 323 (37.0)
159: 313 321 (43.0)
160: 319 (36.0)
161: 320 (41.0)
162: 322 (44.0)
163: 324 326 (43.0)
164: 329 330 (77.0)
165: 327 331 (39.0)
166: 325 328 332 334 (74.0)
167: 335 (46.0)
168: 333 343 (38.0)
169: 338 346 (44.0)
170: 339 340 (54.0)
171: 336 337 (52.0)
172: 342 (47.0)
173: 341 347 (59.0)
174: 349 350 (65.0)
175: 344 345 348 (71.0)
176: 351 353 356 (66.0)
177: 354 355 (53.0)
178: 352 357 (63.0)
179: 359 362 (40.0)
180: 360 361 363 (78.0)
181: 358 (41.0)
182: 366 367 (53.0)
183: 364 365 369 (61.0)
184: 368 (46.0)
185: 371 373 (33.0)
186: 370 (47.0)
187: 372 374 (65.0)
188: 377 381 (59.0)
189: 376 383 (68.0)
190: 375 380 382 (52.0)
191: 384 (41.0)
192: 378 379 385 (67.0)
193: 391 (49.0)
194: 389 392 (47.0)
195: 386 387 390 (59.0)
196: 388 394 (64.0)
197: 400 (45.0)
198: 393 397 (66.0)
199: 396 398 (67.0)
200: 395 399 401 405 (46.0)
201: 402 403 (55.0)
202: 404 (46.0)
203: 406 (43.0)
204: 407 408 409 (67.0)
205: 410 (25.0)
206: 413 (50.0)
207: 415 418 (57.0)
208: 412 419 420 (41.0)
209: 411 417 (64.0)
210: 414 416 423 (60.0)
211: 425 430 (76.0)
212: 421 (47.0)
213: 422 427 (60.0)
214: 428 435 (50.0)
215: 424 431 (34.0)
216: 426 433 (69.0)
217: 429 437 (67.0)
218: 432 436 442 (68.0)
219: 434 439 (66.0)
220: 438 444 (51.0)
221: 440 441 (56.0)
222: 445 449 (61.0)
223: 443 448 (51.0)
224: 446 447 (56.0)
225: 450 (40.0)
226: 451 452 (42.0)
227: 453 454 458 (75.0)
228: 455 (50.0)
229: 460 462 (67.0)
230: 457 459 467 (68.0)
231: 456 461 465 (66.0)
232: 463 471 (40.0)
233: 464 475 (65.0)
234: 472 474 (68.0)
235: 466 (43.0)
236: 476 477 (58.0)
237: 469 473 (50.0)
238: 468 470 (71.0)
239: 480 484 (53.0)
240: 478 479 (58.0)
241: 483 (40.0)
242: 481 485 490 (100.0)
243: 482 491 (40.0)
244: 488 489 (58.0)
245: 486 492 (71.0)
246: 495 499 (63.0)
247: 487 497 501 (67.0)
248: 494 496 (73.0)
249: 493 498 502 (64.0)
250: 500 509 (70.0)
251: 504 505 (59.0)
252: 503 508 (63.0)
253: 506 (46.0)
254: 510 514 (70.0)
255: 511 512 (56.0)
256: 507 517 (54.0)
257: 513 515 (51.0)
258: 522 (53.0)
259: 518 519 521 (72.0)
260: 516 520 523 (71.0)
261: 525 527 (49.0)
262: 533 (40.0)
263: 524 530 (69.0)
264: 526 (41.0)
265: 536 (49.0)
266: 528 531 534 (67.0)
267: 529 532 (53.0)
268: 539 (53.0)
269: 535 537 (52.0)
270: 540 541 (60.0)
271: 542 547 (68.0)
272: 544 549 (69.0)
273: 538 543 546 (60.0)
274: 550 554 (51.0)
275: 545 548 553 (72.0)
276: 551 552 (59.0)
277: 555 556 (70.0)
278: 559 561 (63.0)
279: 557 560 (71.0)
280: 564 (52.0)
281: 558 563 (70.0)
282: 562 569 (70.0)
283: 566 567 (61.0)
284: 568 570 (71.0)
285: 565 576 (43.0)
286: 571 575 (53.0)
287: 572 573 (61.0)
288: 574 577 581 (50.0)
289: 579 (53.0)
290: 580 (50.0)
291: 578 582 591 (37.0)
292: 585 588 (58.0)
293: 584 587 592 (71.0)
294: 583 593 (74.0)
295: 590 (57.0)
296: 589 596 (72.0)
297: 586 (47.0)
298: 595 601 605 (68.0)
299: 594 597 599 (71.0)
300: 600 602 (62.0)
301: 598 607 (55.0)
302: 604 610 (64.0)
303: 606 609 (84.0)
304: 603 (41.0)
305: 611 (55.0)
306: 608 618 (47.0)
307: 612 613 (63.0)
308: 614 615 (63.0)
309: 619 621 (79.0)
310: 616 617 622 (75.0)
311: 623 627 (69.0)
312: 620 624 (47.0)
313: 625 630 (71.0)
314: 626 632 (72.0)
315: 631 638 (68.0)
316: 628 639 (68.0)
317: 629 634 (74.0)
318: 633 642 (75.0)
319: 636 637 (64.0)
320: 635 640 641 (73.0)
321: 643 649 (65.0)
322: 645 647 (48.0)
323: 644 (48.0)
324: 650 651 (64.0)
325: 648 653 654 (84.0)
326: 646 652 (64.0)
327: 655 659 (67.0)
328: 656 662 (68.0)
329: 657 (40.0)
330: 660 661 (64.0)
331: 658 664 (57.0)
332: 663 665 (61.0)
333: 667 668 (50.0)
334: 666 671 (67.0)
335: 670 672 (72.0)
336: 669 673 (69.0)
337: 676 677 (65.0)
338: 674 675 (65.0)
339: 679 682 (71.0)
340: 678 687 (66.0)
341: 681 683 (65.0)
342: 680 690 (46.0)
343: 689 692 (57.0)
344: 685 686 (69.0)
345: 684 688 (55.0)
346: 691 695 (69.0)
347: 693 (52.0)
348: 694 697 (58.0)
349: 696 699 702 (63.0)
350: 698 (60.0)
351: 700 701 (65.0)
352: 705 707 (80.0)
353: 708 710 (71.0)
354: 703 704 (76.0)
355: 706 713 715 (89.0)
356: 712 720 (71.0)
357: 711 716 (72.0)
358: 709 714 718 (75.0)
359: 726 (54.0)
360: 717 719 (75.0)
361: 721 722 (70.0)
362: 731 (55.0)
363: 724 725 (66.0)
364: 723 727 (40.0)
365: 729 735 (73.0)
366: 728 730 739 (57.0)
367: 732 737 (60.0)
368: 736 738 (63.0)
369: 733 (56.0)
370: 734 743 (75.0)
371: 742 750 (73.0)
372: 745 747 (68.0)
373: 740 741 (67.0)
374: 753 755 (73.0)
375: 748 749 (67.0)
376: 744 746 (66.0)
377: 752 754 (61.0)
378: 756 (58.0)
379: 751 758 760 (57.0)
380: 761 762 (72.0)
381: 757 763 (53.0)
382: 764 765 (68.0)
383: 759 767 (70.0)
384: 766 773 (65.0)
385: 768 769 (68.0)
386: 770 771 774 (74.0)
387: 772 776 (75.0)
388: 779 781 (74.0)
389: 784 785 (68.0)
390: 775 (62.0)
391: 780 783 (73.0)
392: 777 778 (66.0)
393: 782 786 (74.0)
394: 789 792 (77.0)
395: 787 790 791 (93.0)
396: 788 793 796 (72.0)
397: 794 (63.0)
398: 797 801 (70.0)
399: 795 798 802 (72.0)
400: 799 804 (67.0)
401: 800 (55.0)
402: 803 805 (73.0)
403: 806 808 812 (100.0)
404: 807 809 (74.0)
405: 813 815 (74.0)
406: 810 811 (69.0)
407: 816 817 (69.0)
408: 818 825 (67.0)
409: 814 824 (64.0)
410: 819 823 (63.0)
411: 820 821 (69.0)
412: 830 (61.0)
413: 822 826 (94.0)
414: 827 833 (75.0)
415: 828 829 (70.0)
416: 834 835 (70.0)
417: 831 839 (62.0)
418: 832 841 (61.0)
419: 838 840 842 (68.0)
420: 836 837 (70.0)
421: 843 845 (64.0)
422: 844 846 (87.0)
423: 848 854 (72.0)
424: 850 852 (67.0)
425: 847 853 (72.0)
426: 849 855 (70.0)
427: 851 861 (78.0)
428: 857 859 (58.0)
429: 858 862 (74.0)
430: 860 864 (41.0)
431: 856 (53.0)
432: 863 866 (73.0)
433: 865 (64.0)
434: 868 869 (72.0)
435: 867 874 (74.0)
436: 872 873 (72.0)
437: 870 875 (75.0)
438: 871 877 878 (74.0)
439: 885 (48.0)
440: 879 882 (86.0)
441: 876 887 (72.0)
442: 880 881 (72.0)
443: 886 893 (92.0)
444: 883 884 (70.0)
445: 890 891 (73.0)
446: 888 889 892 (89.0)
447: 900 901 (73.0)
448: 895 902 (67.0)
449: 894 904 (73.0)
450: 896 897 (73.0)
451: 903 906 (74.0)
452: 898 899 (73.0)
453: 908 909 (73.0)
454: 907 910 912 (73.0)
455: 905 913 915 (93.0)
456: 914 925 (75.0)
457: 911 919 921 (75.0)
458: 920 922 926 (97.0)
459: 917 918 923 924 (69.0)
460: 916 927 928 932 (75.0)
461: 929 930 931 (71.0)
462: 933 939 (65.0)
463: 934 942 (72.0)
464: 936 945 (74.0)
465: 935 937 941 (75.0)
466: 938 955 (67.0)
467: 948 949 953 957 (74.0)
468: 940 944 946 950 (84.0)
469: 943 958 959 960 (88.0)
470: 954 963 (69.0)
471: 947 952 956 967 (74.0)
472: 951 961 (67.0)
473: 966 968 970 (65.0)
474: 965 972 973 (87.0)
475: 962 964 969 (74.0)
476: 971 974 977 978 982 (88.0)
477: 979 980 981 (75.0)
478: 975 976 (73.0)
479: 984 985 (80.0)
480: 983 986 987 991 (67.0)
481: 988 998 (65.0)
482: 992 996 (61.0)
483: 989 993 994 995 999 (75.0)
484: 990 997 (66.0)
