Name: 100-50-100
Time: 4.238574981689453 
Result: 43
Solution:  2 0 1 0 4 4 2 0 5 5 6 1 7 6 9 7 6 8 8 11 10 9 10 12 14 11 11 12 15 13 13 18 17 14 16 16 20 17 19 15 21 22 21 21 22 18 22 24 24 22 19 22 25 24 20 23 27 26 25 23 30 29 26 26 27 25 28 26 29 29 28 30 27 31 31 32 34 31 34 36 31 30 32 35 33 35 35 33 36 36 38 37 37 33 36 39 37 39 39 35
0: 1 3 7 (69.0)
1: 2 11 (76.0)
2: 0 6 (59.0)
3: (0.0)
4: 4 5 (57.0)
5: 8 9 (58.0)
6: 10 13 16 (77.0)
7: 12 15 (63.0)
8: 17 18 (69.0)
9: 14 21 (58.0)
10: 20 22 (58.0)
11: 19 25 26 (68.0)
12: 23 27 (85.0)
13: 29 30 (85.0)
14: 24 33 (80.0)
15: 28 39 (84.0)
16: 34 35 (73.0)
17: 32 37 (74.0)
18: 31 45 (69.0)
19: 38 50 (73.0)
20: 36 54 (62.0)
21: 40 42 43 (83.0)
22: 41 44 46 49 51 (73.0)
23: 55 59 (92.0)
24: 47 48 53 (91.0)
25: 52 58 65 (95.0)
26: 57 62 63 67 (94.0)
27: 56 64 72 (75.0)
28: 66 70 (81.0)
29: 61 68 69 (87.0)
30: 60 71 81 (80.0)
31: 73 74 77 80 (96.0)
32: 75 82 (79.0)
33: 84 87 93 (97.0)
34: 76 78 (93.0)
35: 83 85 86 99 (99.0)
36: 79 88 89 94 (94.0)
37: 91 92 96 (100.0)
38: 90 (79.0)
39: 95 97 98 (99.0)
