Name: 1000-40-75
Time: 38.442763566970825 
Result: 622100
Solution:  0 2 1 1 2 0 5 1 4 6 5 3 4 5 8 10 8 11 9 10 6 11 9 12 10 12 13 13 17 14 18 17 19 14 15 17 17 19 22 17 18 21 19 21 25 22 27 23 25 25 24 28 28 26 26 27 28 27 29 29 31 31 31 33 32 28 32 33 35 35 34 32 34 36 36 38 41 38 41 37 40 40 39 42 42 43 45 39 47 44 44 45 49 46 51 48 49 48 47 49 51 49 50 49 52 54 52 50 54 53 57 56 53 55 56 60 55 62 57 59 61 58 60 61 59 62 67 62 65 64 67 65 66 64 69 66 68 69 68 69 71 71 70 75 70 74 73 74 73 75 79 78 76 77 77 78 80 77 81 79 76 80 82 81 85 82 82 83 81 82 84 87 85 86 84 86 87 88 89 89 90 87 91 90 93 88 92 92 91 94 98 94 93 96 97 97 98 96 99 99 98 101 102 100 100 101 104 104 103 101 102 103 104 107 107 109 108 108 110 109 111 109 112 109 113 111 115 115 113 115 116 114 118 117 117 118 116 119 116 120 119 123 122 121 121 122 123 124 126 120 124 125 126 126 129 124 127 132 130 130 127 133 133 131 132 132 135 133 134 135 136 133 138 136 137 140 141 134 140 138 142 140 141 139 143 138 145 142 143 144 145 144 144 149 148 148 146 149 152 150 146 150 151 151 153 153 150 152 154 154 156 155 154 157 160 157 158 162 158 159 164 159 163 162 161 165 161 166 162 160 165 167 164 168 168 167 169 171 166 169 170 171 172 168 175 175 170 173 173 174 174 176 177 176 179 177 176 182 178 178 180 177 184 180 184 181 184 180 183 183 185 184 182 187 186 191 186 187 189 191 191 190 194 190 188 192 195 192 192 194 195 193 195 198 196 197 199 198 199 197 201 200 201 197 200 203 206 203 207 204 205 209 208 202 205 207 204 209 208 208 212 210 213 211 215 211 215 213 212 216 214 217 218 214 219 217 220 216 220 219 222 221 218 221 224 223 226 226 223 221 225 225 224 228 228 227 229 230 228 231 230 229 232 233 231 232 235 233 237 234 237 232 233 238 240 234 234 236 240 238 239 239 238 242 239 242 241 245 244 244 243 243 245 247 246 245 250 248 248 249 248 253 250 252 253 254 257 255 251 251 254 258 259 256 258 256 260 255 259 258 260 260 261 265 264 262 267 261 266 266 262 264 267 263 263 265 268 269 268 269 273 270 272 270 273 271 273 272 277 275 274 276 276 275 274 277 279 279 280 278 278 280 282 285 281 280 282 283 281 283 287 284 286 289 286 284 285 288 291 291 290 286 290 289 288 292 294 293 292 296 295 293 297 293 299 296 298 299 301 297 300 300 302 302 304 298 303 301 303 305 305 308 306 309 307 307 311 310 310 308 311 309 312 313 312 312 314 311 318 314 316 315 318 316 317 317 317 320 315 320 319 321 323 319 322 322 324 324 325 323 324 321 326 325 325 331 326 329 330 333 330 327 328 330 331 332 334 335 334 336 335 335 336 340 333 337 338 338 339 337 341 342 341 341 343 340 344 343 342 345 345 347 343 346 347 344 350 346 348 348 351 349 349 351 353 352 355 353 354 355 355 358 356 355 360 356 358 359 360 359 357 362 357 365 364 361 361 365 365 362 366 367 366 363 369 364 368 368 366 367 371 371 372 370 376 369 376 370 374 374 372 373 379 375 373 377 377 378 378 379 379 382 380 378 383 381 380 384 386 381 385 386 387 384 386 388 387 392 392 390 389 390 393 389 391 388 397 391 393 394 394 395 396 395 396 398 400 395 399 398 400 401 399 401 401 402 403 405 402 404 406 406 403 404 407 405 408 407 410 410 408 409 412 409 411 411 413 414 412 417 415 415 418 414 416 417 422 418 420 416 419 419 418 421 420 421 422 424 423 423 425 424 427 425 426 426 430 428 429 429 428 427 433 431 430 432 431 435 434 433 434 438 436 435 435 436 442 438 439 437 440 442 440 439 441 441 443 443 444 445 444 447 446 446 447 446 449 450 448 448 454 448 449 452 450 453 452 455 451 453 454 457 451 455 456 455 458 453 458 457 458 457 456 456 461 459 460 461 461 460 460 462 459 464 462 462 463 464 461 463 465 465 467 469 466 465 466 471 463 467 467 470 468 470 468 474 473 466 469 470 468 471 472 469 472 474 473 471 475 472 473 476 475 476 476 477 475 478 477 479 481 478 480 478 477 478 479 483 481 483 481 480 483 482 483 483 484 484 482 483
0: 0 5 (50.0)
1: 2 3 7 (65.0)
2: 1 4 (30.0)
3: 11 (37.0)
4: 8 12 (40.0)
5: 6 10 13 (33.0)
6: 9 20 (41.0)
7: (0.0)
8: 14 16 (45.0)
9: 18 22 (56.0)
10: 15 19 24 (35.0)
11: 17 21 (49.0)
12: 23 25 (44.0)
13: 26 27 (41.0)
14: 29 33 (53.0)
15: 34 (34.0)
16: (0.0)
17: 28 31 35 36 39 (71.0)
18: 30 40 (45.0)
19: 32 37 42 (70.0)
20: (0.0)
21: 41 43 (37.0)
22: 38 45 (38.0)
23: 47 (36.0)
24: 50 (37.0)
25: 44 48 49 (62.0)
26: 53 54 (55.0)
27: 46 55 57 (56.0)
28: 51 52 56 65 (46.0)
29: 58 59 (42.0)
30: (0.0)
31: 60 61 62 (50.0)
32: 64 66 71 (45.0)
33: 63 67 (64.0)
34: 70 72 (45.0)
35: 68 69 (42.0)
36: 73 74 (42.0)
37: 79 (39.0)
38: 75 77 (45.0)
39: 82 87 (41.0)
40: 80 81 (43.0)
41: 76 78 (26.0)
42: 83 84 (51.0)
43: 85 (15.0)
44: 89 90 (45.0)
45: 86 91 (41.0)
46: 93 (30.0)
47: 88 98 (52.0)
48: 95 97 (48.0)
49: 92 96 99 101 103 (68.0)
50: 102 107 (66.0)
51: 94 100 (54.0)
52: 104 106 (12.0)
53: 109 112 (44.0)
54: 105 108 (74.0)
55: 113 116 (27.0)
56: 111 114 (38.0)
57: 110 118 (44.0)
58: 121 (31.0)
59: 119 124 (62.0)
60: 115 122 (47.0)
61: 120 123 (30.0)
62: 117 125 127 (44.0)
63: (0.0)
64: 129 133 (28.0)
65: 128 131 (72.0)
66: 132 135 (57.0)
67: 126 130 (39.0)
68: 136 138 (58.0)
69: 134 137 139 (47.0)
70: 142 144 (55.0)
71: 140 141 (45.0)
72: (0.0)
73: 146 148 (53.0)
74: 145 147 (45.0)
75: 143 149 (27.0)
76: 152 160 (53.0)
77: 153 154 157 (63.0)
78: 151 155 (50.0)
79: 150 159 (55.0)
80: 156 161 (40.0)
81: 158 163 168 (75.0)
82: 162 165 166 169 (61.0)
83: 167 (23.0)
84: 170 174 (57.0)
85: 164 172 (67.0)
86: 173 175 (34.0)
87: 171 176 181 (33.0)
88: 177 185 (54.0)
89: 178 179 (46.0)
90: 180 183 (63.0)
91: 182 188 (37.0)
92: 186 187 (47.0)
93: 184 192 (57.0)
94: 189 191 (67.0)
95: (0.0)
96: 193 197 (55.0)
97: 194 195 (47.0)
98: 190 196 200 (47.0)
99: 198 199 (47.0)
100: 203 204 (52.0)
101: 201 205 209 (60.0)
102: 202 210 (45.0)
103: 208 211 (52.0)
104: 206 207 212 (70.0)
105: (0.0)
106: (0.0)
107: 213 214 (65.0)
108: 216 217 (48.0)
109: 215 219 221 223 (35.0)
110: 218 (42.0)
111: 220 225 (62.0)
112: 222 (44.0)
113: 224 228 (52.0)
114: 231 (38.0)
115: 226 227 229 (66.0)
116: 230 236 238 (39.0)
117: 233 234 (49.0)
118: 232 235 (49.0)
119: 237 240 (58.0)
120: 239 249 (65.0)
121: 243 244 (41.0)
122: 242 245 (59.0)
123: 241 246 (50.0)
124: 247 250 255 (40.0)
125: 251 (42.0)
126: 248 252 253 (72.0)
127: 256 260 (54.0)
128: (0.0)
129: 254 (42.0)
130: 258 259 (50.0)
131: 263 (35.0)
132: 257 264 265 (71.0)
133: 261 262 267 271 (75.0)
134: 268 277 (42.0)
135: 266 269 (61.0)
136: 270 273 (69.0)
137: 274 (43.0)
138: 272 279 285 (51.0)
139: 283 (41.0)
140: 275 278 281 (50.0)
141: 276 282 (41.0)
142: 280 287 (50.0)
143: 284 288 (67.0)
144: 289 291 292 (73.0)
145: 286 290 (60.0)
146: 296 300 (76.0)
147: (0.0)
148: 294 295 (51.0)
149: 293 297 (40.0)
150: 299 301 306 (72.0)
151: 302 303 (51.0)
152: 298 307 (43.0)
153: 304 305 (51.0)
154: 308 309 312 (72.0)
155: 311 (16.0)
156: 310 (36.0)
157: 313 315 (64.0)
158: 316 318 (55.0)
159: 319 321 (47.0)
160: 314 329 (59.0)
161: 324 326 (43.0)
162: 317 323 328 (34.0)
163: 322 (44.0)
164: 320 332 (60.0)
165: 325 330 (74.0)
166: 327 338 (48.0)
167: 331 335 (60.0)
168: 333 334 343 (44.0)
169: 336 339 (67.0)
170: 340 346 (46.0)
171: 337 341 (41.0)
172: 342 (47.0)
173: 347 348 (50.0)
174: 349 350 (65.0)
175: 344 345 (53.0)
176: 351 353 356 (66.0)
177: 352 355 361 (66.0)
178: 358 359 (53.0)
179: 354 (45.0)
180: 360 363 367 (79.0)
181: 365 (46.0)
182: 357 372 (62.0)
183: 368 369 (54.0)
184: 362 364 366 371 (65.0)
185: 370 (47.0)
186: 374 376 (69.0)
187: 373 377 (48.0)
188: 384 (41.0)
189: 378 (43.0)
190: 381 383 (73.0)
191: 375 379 380 (45.0)
192: 385 387 388 (72.0)
193: 391 (49.0)
194: 382 389 (42.0)
195: 386 390 392 (53.0)
196: 394 (34.0)
197: 395 399 403 (44.0)
198: 393 397 (66.0)
199: 396 398 (67.0)
200: 401 404 (56.0)
201: 400 402 (83.0)
202: 413 (50.0)
203: 405 407 (21.0)
204: 409 416 (49.0)
205: 410 414 (50.0)
206: 406 (43.0)
207: 408 415 (57.0)
208: 412 418 419 (60.0)
209: 411 417 (64.0)
210: 421 (47.0)
211: 423 425 (52.0)
212: 420 428 (33.0)
213: 422 427 (60.0)
214: 430 433 (71.0)
215: 424 426 (53.0)
216: 429 437 (67.0)
217: 431 435 (42.0)
218: 432 442 (49.0)
219: 434 439 (66.0)
220: 436 438 (40.0)
221: 441 443 449 (73.0)
222: 440 (47.0)
223: 445 448 (48.0)
224: 444 452 (55.0)
225: 450 451 (57.0)
226: 446 447 (56.0)
227: 455 (50.0)
228: 453 454 458 (75.0)
229: 456 461 (52.0)
230: 457 460 (62.0)
231: 459 464 (64.0)
232: 462 465 471 (73.0)
233: 463 467 472 (65.0)
234: 469 475 476 (58.0)
235: 466 (43.0)
236: 477 (46.0)
237: 468 470 (71.0)
238: 473 479 482 (68.0)
239: 480 481 484 (87.0)
240: 474 478 (70.0)
241: 486 (53.0)
242: 483 485 (69.0)
243: 490 491 (59.0)
244: 488 489 (58.0)
245: 487 492 495 (32.0)
246: 494 (50.0)
247: 493 (41.0)
248: 497 498 500 (74.0)
249: 499 (54.0)
250: 496 502 (41.0)
251: 508 509 (59.0)
252: 503 (41.0)
253: 501 504 (54.0)
254: 505 510 (66.0)
255: 507 517 (54.0)
256: 513 515 (51.0)
257: 506 (46.0)
258: 511 514 519 (83.0)
259: 512 518 (67.0)
260: 516 520 521 (77.0)
261: 522 527 (72.0)
262: 525 530 (69.0)
263: 533 534 (59.0)
264: 524 531 (51.0)
265: 523 535 (48.0)
266: 528 529 (60.0)
267: 526 532 (61.0)
268: 536 538 (56.0)
269: 537 539 (64.0)
270: 541 543 (57.0)
271: 545 (41.0)
272: 542 547 (68.0)
273: 540 544 546 (75.0)
274: 550 554 (51.0)
275: 549 553 (70.0)
276: 551 552 (59.0)
277: 548 555 (64.0)
278: 559 560 (56.0)
279: 556 557 (61.0)
280: 558 561 565 (75.0)
281: 564 568 (66.0)
282: 562 566 (73.0)
283: 567 569 (58.0)
284: 571 575 (53.0)
285: 563 576 (72.0)
286: 572 574 581 (46.0)
287: 570 (57.0)
288: 577 584 (60.0)
289: 573 583 (74.0)
290: 580 582 (75.0)
291: 578 579 (61.0)
292: 585 588 (58.0)
293: 587 591 593 (56.0)
294: 586 (47.0)
295: 590 (57.0)
296: 589 595 (72.0)
297: 592 599 (53.0)
298: 596 605 (47.0)
299: 594 597 (42.0)
300: 600 601 (62.0)
301: 598 607 (55.0)
302: 602 603 (62.0)
303: 606 608 (59.0)
304: 604 (56.0)
305: 609 610 (52.0)
306: 612 (44.0)
307: 614 615 (63.0)
308: 611 619 (90.0)
309: 613 621 (63.0)
310: 617 618 (74.0)
311: 616 620 627 (54.0)
312: 622 624 625 (75.0)
313: 623 (51.0)
314: 626 629 (64.0)
315: 631 638 (68.0)
316: 630 633 (73.0)
317: 634 635 636 (77.0)
318: 628 632 (71.0)
319: 640 643 (69.0)
320: 637 639 (75.0)
321: 641 651 (82.0)
322: 644 645 (64.0)
323: 642 649 (77.0)
324: 646 647 650 (67.0)
325: 648 653 654 (84.0)
326: 652 656 (56.0)
327: 661 (44.0)
328: 662 (44.0)
329: 657 (40.0)
330: 658 660 663 (74.0)
331: 655 664 (60.0)
332: 665 (41.0)
333: 659 674 (69.0)
334: 666 668 (70.0)
335: 667 670 671 (87.0)
336: 669 672 (68.0)
337: 675 679 (52.0)
338: 676 677 (65.0)
339: 678 (39.0)
340: 673 685 (64.0)
341: 680 682 683 (85.0)
342: 681 688 (66.0)
343: 684 687 692 (74.0)
344: 686 695 (68.0)
345: 689 690 (70.0)
346: 693 697 (75.0)
347: 691 694 (74.0)
348: 698 699 (65.0)
349: 701 702 (51.0)
350: 696 (42.0)
351: 700 703 (79.0)
352: 705 (38.0)
353: 704 707 (69.0)
354: 708 (62.0)
355: 706 709 710 713 (65.0)
356: 712 715 (74.0)
357: 720 722 (72.0)
358: 711 716 (72.0)
359: 717 719 (75.0)
360: 714 718 (71.0)
361: 725 726 (83.0)
362: 721 729 (71.0)
363: 733 (56.0)
364: 724 735 (71.0)
365: 723 727 728 (67.0)
366: 730 732 738 (68.0)
367: 731 739 (74.0)
368: 736 737 (66.0)
369: 734 745 (66.0)
370: 743 747 (77.0)
371: 740 741 (67.0)
372: 742 750 (73.0)
373: 751 754 (69.0)
374: 748 749 (67.0)
375: 753 (57.0)
376: 744 746 (66.0)
377: 755 756 (74.0)
378: 757 758 763 (74.0)
379: 752 759 760 (74.0)
380: 762 766 (67.0)
381: 765 769 (70.0)
382: 761 (49.0)
383: 764 (40.0)
384: 767 773 (45.0)
385: 770 (48.0)
386: 768 771 774 (52.0)
387: 772 776 (75.0)
388: 775 785 (79.0)
389: 780 783 (73.0)
390: 779 781 (74.0)
391: 784 787 (76.0)
392: 777 778 (66.0)
393: 782 788 (71.0)
394: 789 790 (81.0)
395: 791 793 797 (90.0)
396: 792 794 (112.0)
397: 786 (43.0)
398: 795 799 (46.0)
399: 798 802 (67.0)
400: 796 800 (68.0)
401: 801 803 804 (70.0)
402: 805 808 (70.0)
403: 806 812 (73.0)
404: 809 813 (75.0)
405: 807 815 (73.0)
406: 810 811 (69.0)
407: 814 817 (52.0)
408: 816 820 (68.0)
409: 821 823 (73.0)
410: 818 819 (69.0)
411: 824 825 (70.0)
412: 822 828 (71.0)
413: 826 (51.0)
414: 827 833 (75.0)
415: 830 831 (70.0)
416: 834 839 (94.0)
417: 829 835 (71.0)
418: 832 837 842 (75.0)
419: 840 841 (71.0)
420: 838 844 (70.0)
421: 843 845 (64.0)
422: 836 846 (70.0)
423: 848 849 (71.0)
424: 847 851 (75.0)
425: 850 853 (68.0)
426: 854 855 (71.0)
427: 852 861 (74.0)
428: 857 860 (51.0)
429: 858 859 (72.0)
430: 856 864 (61.0)
431: 863 866 (73.0)
432: 865 (64.0)
433: 862 869 (80.0)
434: 868 870 (82.0)
435: 867 873 874 (93.0)
436: 872 875 (80.0)
437: 879 (60.0)
438: 871 877 (62.0)
439: 878 883 (58.0)
440: 880 882 (69.0)
441: 884 885 (72.0)
442: 876 881 (63.0)
443: 886 887 (73.0)
444: 888 890 (66.0)
445: 889 (52.0)
446: 892 893 895 (100.0)
447: 891 894 (74.0)
448: 898 899 901 (82.0)
449: 896 902 (69.0)
450: 897 904 (71.0)
451: 908 912 (75.0)
452: 903 906 (74.0)
453: 905 909 917 (74.0)
454: 900 910 (83.0)
455: 907 913 915 (79.0)
456: 914 922 923 (72.0)
457: 911 919 921 (75.0)
458: 916 918 920 (97.0)
459: 925 932 (59.0)
460: 926 929 930 (72.0)
461: 924 927 928 938 (71.0)
462: 931 934 935 (74.0)
463: 936 939 948 (60.0)
464: 933 937 (77.0)
465: 940 941 945 (71.0)
466: 944 946 957 (74.0)
467: 942 949 950 (83.0)
468: 952 954 960 (77.0)
469: 943 958 963 (77.0)
470: 951 953 959 (89.0)
471: 947 961 967 (74.0)
472: 962 964 969 (74.0)
473: 956 966 970 (71.0)
474: 955 965 (70.0)
475: 968 972 976 (75.0)
476: 971 973 974 (76.0)
477: 975 978 984 (72.0)
478: 977 981 983 985 (72.0)
479: 979 986 (74.0)
480: 982 991 (69.0)
481: 980 988 990 (73.0)
482: 993 998 (67.0)
483: 987 989 992 994 995 999 (69.0)
484: 996 997 (75.0)
