Name: 1000-40-75
Time: 36.30022621154785 
Result: 588095
Solution:  0 2 3 0 1 1 6 2 2 4 5 3 4 8 5 8 8 10 7 8 10 6 7 11 11 10 14 13 17 13 15 14 19 16 16 17 19 18 15 17 21 22 19 21 25 22 27 23 24 24 25 24 27 26 26 29 29 27 28 31 31 32 32 30 33 28 33 34 35 34 36 31 35 36 37 38 40 38 41 37 40 39 39 42 42 41 41 43 45 43 45 46 50 48 47 48 49 49 47 50 52 50 54 51 53 54 52 51 56 53 53 55 59 55 56 57 57 58 55 59 62 60 61 61 60 62 63 62 68 64 65 64 66 63 66 65 68 70 70 69 74 72 71 75 74 72 73 74 71 73 76 78 80 76 78 79 80 76 79 75 77 77 82 83 84 81 82 81 84 85 85 86 83 86 86 87 88 89 87 93 90 90 93 92 91 91 94 94 93 92 97 95 95 96 99 97 97 96 101 99 102 100 100 101 102 100 107 103 104 103 107 104 106 107 108 111 108 106 110 111 114 109 112 110 111 111 114 115 116 113 116 115 117 113 117 118 116 119 117 118 119 123 122 121 121 122 123 125 125 124 124 126 126 127 129 124 127 132 128 130 128 131 133 130 134 131 131 132 135 135 138 133 135 133 137 135 139 136 138 136 139 140 141 140 141 142 143 141 142 145 144 145 148 150 148 149 144 146 152 149 146 150 153 152 150 151 154 154 155 154 155 152 157 156 158 157 160 160 156 158 159 159 161 161 161 165 162 162 163 163 166 165 165 166 168 167 168 170 169 172 170 172 171 170 175 175 169 173 172 174 173 178 179 177 176 177 176 178 177 179 180 178 180 181 184 184 181 182 183 184 186 185 182 187 187 190 185 188 193 190 190 192 194 188 189 192 192 191 191 194 195 195 196 200 196 198 198 200 199 201 197 198 201 203 202 201 204 203 203 204 205 208 209 205 210 207 206 209 206 208 210 212 213 210 211 211 215 213 217 215 216 214 220 218 218 214 220 216 221 219 221 222 217 219 222 220 223 227 224 223 225 224 224 227 226 226 228 228 229 229 231 231 233 231 232 230 237 232 230 234 239 238 233 240 235 234 234 236 235 238 239 241 241 240 238 242 244 241 243 244 242 245 245 246 248 244 247 250 248 249 251 247 252 253 251 250 255 255 252 254 254 252 257 257 259 256 260 256 259 258 260 260 258 264 263 261 262 262 261 267 263 267 270 265 267 264 266 269 269 268 272 270 272 269 273 273 271 271 270 275 274 276 276 275 277 277 279 280 281 278 279 278 282 281 282 279 283 279 283 284 285 283 288 289 288 286 289 288 291 290 287 287 291 293 292 292 297 293 291 294 295 297 293 294 300 298 296 298 302 299 299 301 298 300 304 302 303 302 305 301 305 306 310 305 307 307 309 311 308 308 311 309 312 313 312 312 315 310 316 318 314 317 315 314 318 321 318 319 317 316 320 319 323 323 322 322 326 324 325 324 324 321 325 326 325 330 327 327 329 330 329 328 331 332 332 334 333 335 333 336 335 334 336 337 340 337 338 337 340 339 341 339 341 341 345 342 343 343 346 344 342 345 344 346 348 347 347 348 350 350 353 349 349 352 352 353 355 351 354 358 356 357 356 356 358 355 357 360 359 360 361 358 361 364 362 359 363 363 365 362 367 364 368 365 369 370 368 366 367 366 371 371 373 368 370 369 372 372 375 375 377 377 376 374 373 374 376 381 379 379 378 378 380 380 382 381 384 383 381 386 385 383 387 385 386 390 387 392 392 388 389 388 393 389 391 391 396 395 393 394 394 395 395 396 397 398 398 398 400 401 399 399 400 402 400 402 406 404 403 403 407 407 406 404 405 405 408 408 409 409 413 410 414 410 412 412 413 414 414 415 411 417 416 417 417 415 422 419 419 416 418 418 419 421 420 420 422 423 425 426 424 423 424 425 427 427 428 428 429 426 429 432 430 434 431 431 434 435 435 432 433 438 436 437 438 436 440 440 439 437 441 441 440 443 442 439 443 444 446 446 442 448 449 445 448 447 444 447 451 452 449 451 450 452 453 453 450 457 454 454 455 458 451 455 456 455 457 455 459 458 458 457 456 457 461 460 460 460 462 461 459 461 461 463 463 462 465 466 462 464 467 467 467 468 466 465 464 471 463 468 468 468 473 466 469 470 472 469 469 470 471 472 472 471 472 473 473 476 475 473 474 474 474 478 476 478 475 475 476 479 478 480 477 478 477 482 480 479 481 482 484 481 482 480 483 483 483 484 481 482
0: 0 3 (48.0)
1: 4 5 (40.0)
2: 1 7 8 (44.0)
3: 2 11 (65.0)
4: 9 12 (50.0)
5: 10 14 (31.0)
6: 6 21 (40.0)
7: 18 22 (56.0)
8: 13 15 16 19 (54.0)
9: (0.0)
10: 17 20 25 (68.0)
11: 23 24 (29.0)
12: (0.0)
13: 27 29 (44.0)
14: 26 31 (36.0)
15: 30 38 (42.0)
16: 33 34 (65.0)
17: 28 35 39 (49.0)
18: 37 (36.0)
19: 32 36 42 (39.0)
20: (0.0)
21: 40 43 (38.0)
22: 41 45 (40.0)
23: 47 (36.0)
24: 48 49 51 (45.0)
25: 44 50 (58.0)
26: 53 54 (55.0)
27: 46 52 57 (50.0)
28: 58 65 (54.0)
29: 55 56 (25.0)
30: 63 (34.0)
31: 59 60 71 (48.0)
32: 61 62 (27.0)
33: 64 66 (31.0)
34: 67 69 (54.0)
35: 68 72 (35.0)
36: 70 73 (53.0)
37: 74 79 (56.0)
38: 75 77 (45.0)
39: 81 82 (51.0)
40: 76 80 (34.0)
41: 78 85 86 (41.0)
42: 83 84 (51.0)
43: 87 89 (42.0)
44: (0.0)
45: 88 90 (46.0)
46: 91 (19.0)
47: 94 98 (50.0)
48: 93 95 (53.0)
49: 96 97 (43.0)
50: 92 99 101 (35.0)
51: 103 107 (53.0)
52: 100 106 (39.0)
53: 104 109 110 (41.0)
54: 102 105 (64.0)
55: 111 113 118 (34.0)
56: 108 114 (62.0)
57: 115 116 (42.0)
58: 117 (22.0)
59: 112 119 (68.0)
60: 121 124 (64.0)
61: 122 123 (44.0)
62: 120 125 127 (35.0)
63: 126 133 (51.0)
64: 129 131 (48.0)
65: 130 135 (36.0)
66: 132 134 (42.0)
67: (0.0)
68: 128 136 (58.0)
69: 139 (11.0)
70: 137 138 (55.0)
71: 142 148 (63.0)
72: 141 145 (57.0)
73: 146 149 (44.0)
74: 140 144 147 (52.0)
75: 143 159 (45.0)
76: 150 153 157 (61.0)
77: 160 161 (45.0)
78: 151 154 (47.0)
79: 155 158 (33.0)
80: 152 156 (48.0)
81: 165 167 (36.0)
82: 162 166 (32.0)
83: 163 172 (70.0)
84: 164 168 (63.0)
85: 169 170 (49.0)
86: 171 173 174 (49.0)
87: 175 178 (52.0)
88: 176 (11.0)
89: 177 (35.0)
90: 180 181 (46.0)
91: 184 185 (46.0)
92: 183 189 (56.0)
93: 179 182 188 (53.0)
94: 186 187 (47.0)
95: 191 192 (67.0)
96: 193 197 (55.0)
97: 190 195 196 (40.0)
98: (0.0)
99: 194 199 (34.0)
100: 201 202 205 (61.0)
101: 198 203 (65.0)
102: 200 204 (54.0)
103: 207 209 (43.0)
104: 208 211 (52.0)
105: (0.0)
106: 212 217 (36.0)
107: 206 210 213 (75.0)
108: 214 216 (73.0)
109: 221 (15.0)
110: 218 223 (47.0)
111: 215 219 224 225 (64.0)
112: 222 (44.0)
113: 229 233 (41.0)
114: 220 226 (55.0)
115: 227 231 (65.0)
116: 228 230 236 (59.0)
117: 232 234 238 (62.0)
118: 235 239 (61.0)
119: 237 240 (58.0)
120: (0.0)
121: 243 244 (41.0)
122: 242 245 (59.0)
123: 241 246 (50.0)
124: 249 250 255 (44.0)
125: 247 248 (46.0)
126: 251 252 (58.0)
127: 253 256 (63.0)
128: 258 260 (50.0)
129: 254 (42.0)
130: 259 263 (60.0)
131: 261 265 266 (68.0)
132: 257 267 (38.0)
133: 262 271 273 (70.0)
134: 264 (40.0)
135: 268 269 272 275 (70.0)
136: 277 279 (42.0)
137: 274 (43.0)
138: 270 278 (61.0)
139: 276 280 (68.0)
140: 281 283 (55.0)
141: 282 284 287 (58.0)
142: 285 288 (48.0)
143: 286 (38.0)
144: 290 296 (59.0)
145: 289 291 (48.0)
146: 297 300 (53.0)
147: (0.0)
148: 292 294 (52.0)
149: 295 299 (56.0)
150: 293 301 304 (46.0)
151: 305 (43.0)
152: 298 303 311 (40.0)
153: 302 (46.0)
154: 306 307 309 (69.0)
155: 308 310 (71.0)
156: 313 318 (48.0)
157: 312 315 (52.0)
158: 314 319 (56.0)
159: 320 321 (52.0)
160: 316 317 (52.0)
161: 322 323 324 (68.0)
162: 326 327 (52.0)
163: 328 329 (52.0)
164: (0.0)
165: 325 331 332 (69.0)
166: 330 333 (71.0)
167: 335 (46.0)
168: 334 336 (44.0)
169: 338 346 (44.0)
170: 337 340 343 (44.0)
171: 342 (47.0)
172: 339 341 348 (74.0)
173: 347 350 (62.0)
174: 349 (35.0)
175: 344 345 (53.0)
176: 354 356 (64.0)
177: 353 355 358 (73.0)
178: 351 357 361 (86.0)
179: 352 359 (41.0)
180: 360 362 (52.0)
181: 363 366 (48.0)
182: 367 372 (58.0)
183: 368 (46.0)
184: 364 365 369 (61.0)
185: 371 376 (39.0)
186: 370 (47.0)
187: 373 374 (63.0)
188: 377 383 (58.0)
189: 384 (41.0)
190: 375 379 380 (45.0)
191: 387 388 (59.0)
192: 381 385 386 (75.0)
193: 378 (43.0)
194: 382 389 (42.0)
195: 390 391 (54.0)
196: 392 394 (57.0)
197: 400 (45.0)
198: 395 396 401 (49.0)
199: 398 (48.0)
200: 393 397 (66.0)
201: 399 402 405 (54.0)
202: 404 (46.0)
203: 403 407 408 (56.0)
204: 406 409 (71.0)
205: 410 413 (75.0)
206: 416 418 (48.0)
207: 415 (30.0)
208: 411 419 (58.0)
209: 412 417 (39.0)
210: 414 420 423 (47.0)
211: 424 425 (55.0)
212: 421 (47.0)
213: 422 427 (60.0)
214: 431 435 (42.0)
215: 426 429 (66.0)
216: 430 437 (75.0)
217: 428 442 (52.0)
218: 433 434 (64.0)
219: 439 443 (64.0)
220: 432 436 445 (67.0)
221: 438 440 (68.0)
222: 441 444 (39.0)
223: 446 449 (61.0)
224: 448 451 452 (64.0)
225: 450 (40.0)
226: 454 455 (57.0)
227: 447 453 (62.0)
228: 456 457 (57.0)
229: 458 459 (57.0)
230: 465 468 (48.0)
231: 460 461 463 (76.0)
232: 464 467 (57.0)
233: 462 472 (70.0)
234: 469 475 476 (58.0)
235: 474 478 (70.0)
236: 477 (46.0)
237: 466 (43.0)
238: 471 479 484 (74.0)
239: 470 480 (61.0)
240: 473 483 (66.0)
241: 481 482 487 (57.0)
242: 485 490 (66.0)
243: 488 (49.0)
244: 486 489 495 (71.0)
245: 491 492 (40.0)
246: 493 (41.0)
247: 496 501 (49.0)
248: 494 498 (55.0)
249: 499 (54.0)
250: 497 505 (67.0)
251: 500 504 (61.0)
252: 502 508 511 (64.0)
253: 503 (41.0)
254: 509 510 (72.0)
255: 506 507 (59.0)
256: 515 517 (65.0)
257: 512 513 (59.0)
258: 519 522 (77.0)
259: 514 518 (70.0)
260: 516 520 521 (77.0)
261: 525 528 (57.0)
262: 526 527 (60.0)
263: 524 530 (69.0)
264: 523 535 (48.0)
265: 533 (40.0)
266: 536 (49.0)
267: 529 531 534 (73.0)
268: 539 (53.0)
269: 537 538 543 (43.0)
270: 532 541 548 (63.0)
271: 546 547 (61.0)
272: 540 542 (63.0)
273: 544 545 (60.0)
274: 550 (43.0)
275: 549 553 (70.0)
276: 551 552 (59.0)
277: 554 555 (61.0)
278: 559 561 (63.0)
279: 556 560 565 567 (64.0)
280: 557 (44.0)
281: 558 563 (70.0)
282: 562 564 (75.0)
283: 566 568 571 (68.0)
284: 569 (47.0)
285: 570 (57.0)
286: 575 (49.0)
287: 580 581 (61.0)
288: 572 574 577 (62.0)
289: 573 576 (72.0)
290: 579 (53.0)
291: 578 582 588 (63.0)
292: 584 585 (61.0)
293: 583 587 592 (74.0)
294: 589 593 (69.0)
295: 590 (57.0)
296: 596 (41.0)
297: 586 591 (51.0)
298: 595 597 602 (83.0)
299: 599 600 (70.0)
300: 594 603 (62.0)
301: 601 609 (65.0)
302: 598 605 607 (61.0)
303: 606 (40.0)
304: 604 (56.0)
305: 608 610 613 (46.0)
306: 611 (55.0)
307: 614 615 (63.0)
308: 618 619 (63.0)
309: 616 621 (61.0)
310: 612 627 (62.0)
311: 617 620 (65.0)
312: 622 624 625 (75.0)
313: 623 (51.0)
314: 630 633 (73.0)
315: 626 632 (72.0)
316: 628 639 (68.0)
317: 631 638 (68.0)
318: 629 634 636 (87.0)
319: 637 641 (72.0)
320: 640 (43.0)
321: 635 651 (70.0)
322: 644 645 (64.0)
323: 642 643 (64.0)
324: 647 649 650 (74.0)
325: 648 652 654 (84.0)
326: 646 653 (64.0)
327: 656 657 (64.0)
328: 661 (44.0)
329: 658 660 (54.0)
330: 655 659 (67.0)
331: 662 (44.0)
332: 663 664 (43.0)
333: 666 668 (70.0)
334: 665 671 (66.0)
335: 667 670 (62.0)
336: 669 672 (68.0)
337: 673 675 677 (68.0)
338: 676 (56.0)
339: 679 681 (71.0)
340: 674 678 (78.0)
341: 680 682 683 (85.0)
342: 685 690 (57.0)
343: 686 687 (65.0)
344: 689 692 (57.0)
345: 684 691 (73.0)
346: 688 693 (73.0)
347: 695 696 (72.0)
348: 694 697 (58.0)
349: 701 702 (51.0)
350: 698 699 (65.0)
351: 707 (42.0)
352: 703 704 (76.0)
353: 700 705 (68.0)
354: 708 (62.0)
355: 706 715 (60.0)
356: 710 712 713 (75.0)
357: 711 716 (72.0)
358: 709 714 721 (65.0)
359: 718 725 (71.0)
360: 717 719 (75.0)
361: 720 722 (72.0)
362: 724 729 (76.0)
363: 726 727 (66.0)
364: 723 731 (83.0)
365: 728 733 (83.0)
366: 737 739 (69.0)
367: 730 738 (58.0)
368: 732 736 743 (69.0)
369: 734 745 (66.0)
370: 735 744 (67.0)
371: 740 741 (67.0)
372: 746 747 (67.0)
373: 742 754 (75.0)
374: 753 755 (73.0)
375: 748 749 (67.0)
376: 752 756 (68.0)
377: 750 751 (67.0)
378: 760 761 (67.0)
379: 758 759 (67.0)
380: 762 763 (67.0)
381: 757 765 768 (63.0)
382: 764 (40.0)
383: 767 771 (44.0)
384: 766 (44.0)
385: 770 773 (69.0)
386: 769 774 (48.0)
387: 772 776 (75.0)
388: 779 781 (74.0)
389: 780 783 (73.0)
390: 775 (62.0)
391: 784 785 (68.0)
392: 777 778 (66.0)
393: 782 788 (71.0)
394: 789 790 (81.0)
395: 787 791 792 (89.0)
396: 786 793 (62.0)
397: 794 (63.0)
398: 795 796 797 (74.0)
399: 800 801 (69.0)
400: 798 802 804 (93.0)
401: 799 (41.0)
402: 803 805 (73.0)
403: 808 809 (69.0)
404: 807 813 (65.0)
405: 814 815 (69.0)
406: 806 812 (73.0)
407: 810 811 (69.0)
408: 816 817 (69.0)
409: 818 819 (69.0)
410: 821 823 (73.0)
411: 830 (61.0)
412: 824 825 (70.0)
413: 820 826 (74.0)
414: 822 827 828 (90.0)
415: 829 835 (71.0)
416: 832 839 (67.0)
417: 831 833 834 (106.0)
418: 840 841 (71.0)
419: 837 838 842 (79.0)
420: 844 845 (71.0)
421: 843 (45.0)
422: 836 846 (70.0)
423: 847 851 (75.0)
424: 850 852 (67.0)
425: 848 853 (78.0)
426: 849 859 (69.0)
427: 854 855 (71.0)
428: 856 857 (71.0)
429: 858 860 (65.0)
430: 862 (42.0)
431: 864 865 (72.0)
432: 861 869 (77.0)
433: 870 (48.0)
434: 863 866 (73.0)
435: 867 868 (63.0)
436: 872 875 (80.0)
437: 873 879 (79.0)
438: 871 874 (69.0)
439: 878 885 (60.0)
440: 876 877 882 (98.0)
441: 880 881 (72.0)
442: 884 890 (69.0)
443: 883 886 (81.0)
444: 887 896 (67.0)
445: 893 (57.0)
446: 888 889 (73.0)
447: 895 897 (71.0)
448: 891 894 (74.0)
449: 892 900 (80.0)
450: 902 906 (81.0)
451: 898 901 912 (72.0)
452: 899 903 (65.0)
453: 904 905 (73.0)
454: 908 909 (73.0)
455: 910 913 915 917 (74.0)
456: 914 922 (70.0)
457: 907 916 921 923 (80.0)
458: 911 919 920 (96.0)
459: 918 930 (73.0)
460: 925 926 927 (74.0)
461: 924 929 931 932 (68.0)
462: 928 935 938 (74.0)
463: 933 934 948 (72.0)
464: 939 946 (75.0)
465: 936 945 (74.0)
466: 937 944 953 (72.0)
467: 940 941 942 (74.0)
468: 943 949 950 951 (87.0)
469: 954 957 958 (79.0)
470: 955 959 (69.0)
471: 947 960 963 (72.0)
472: 956 961 962 964 (74.0)
473: 952 965 966 969 (92.0)
474: 970 971 972 (75.0)
475: 968 976 977 (65.0)
476: 967 974 978 (61.0)
477: 982 984 (74.0)
478: 973 975 980 983 (74.0)
479: 979 987 (69.0)
480: 981 986 993 (67.0)
481: 988 991 998 (98.0)
482: 985 989 992 999 (72.0)
483: 994 995 996 (75.0)
484: 990 997 (66.0)
