Name: 100-30-50
Time: 9.424216985702515 
Result: 33
Solution:  0 0 1 5 3 0 3 1 4 6 6 7 5 6 7 9 8 11 9 8 10 10 13 7 12 11 14 12 13 14 15 16 14 18 16 15 17 17 21 19 22 21 19 22 25 18 23 26 20 22 23 24 28 24 27 26 30 29 28 27 29 31 32 31 30 32 35 35 34 34 37 32 33 33 36 38 38 36 40 37 41 40 40 39 39 41 44 38 42 41 44 44 42 39 43 44 43 45 43 45
0: 0 1 5 (48.0)
1: 2 7 (31.0)
2: (0.0)
3: 4 6 (32.0)
4: 8 (22.0)
5: 3 12 (38.0)
6: 9 10 13 (40.0)
7: 11 14 23 (46.0)
8: 16 19 (28.0)
9: 15 18 (26.0)
10: 20 21 (34.0)
11: 17 25 (40.0)
12: 24 27 (47.0)
13: 22 28 (39.0)
14: 26 29 32 (37.0)
15: 30 35 (34.0)
16: 31 34 (38.0)
17: 36 37 (36.0)
18: 33 45 (29.0)
19: 39 42 (37.0)
20: 48 (37.0)
21: 38 41 (47.0)
22: 40 43 49 (32.0)
23: 46 50 (44.0)
24: 51 53 (35.0)
25: 44 (36.0)
26: 47 55 (48.0)
27: 54 59 (33.0)
28: 52 58 (46.0)
29: 57 60 (48.0)
30: 56 64 (49.0)
31: 61 63 (50.0)
32: 62 65 71 (45.0)
33: 72 73 (46.0)
34: 68 69 (45.0)
35: 66 67 (44.0)
36: 74 77 (43.0)
37: 70 79 (54.0)
38: 75 76 87 (35.0)
39: 83 84 93 (43.0)
40: 78 81 82 (45.0)
41: 80 85 89 (44.0)
42: 88 92 (55.0)
43: 94 96 98 (48.0)
44: 86 90 91 95 (47.0)
45: 97 99 (48.0)
