Name: 1000-30-50
Time: 69.97667694091797 
Result: 58
Solution:  0 0 4 2 3 1 2 4 4 7 3 6 5 9 7 9 8 10 11 8 10 11 12 14 13 9 10 12 14 15 13 15 16 15 17 16 17 18 19 18 22 18 23 18 21 19 21 24 24 22 25 27 26 27 29 28 28 31 30 30 33 26 29 30 32 32 33 35 34 36 33 31 37 36 41 34 36 37 40 35 38 40 38 41 41 42 45 45 44 42 43 45 46 48 46 43 48 47 47 48 52 49 49 52 52 56 54 54 51 55 55 54 56 57 58 57 58 62 55 63 60 56 61 62 61 65 60 61 67 62 67 65 67 66 68 68 71 69 66 68 69 70 70 69 72 71 72 75 74 76 76 78 77 78 74 77 80 77 77 79 79 80 82 83 83 86 87 82 83 84 84 85 89 85 86 87 90 89 88 87 90 88 89 92 93 96 92 94 91 94 93 92 98 96 98 97 99 102 99 101 100 98 101 103 102 102 103 104 105 104 105 106 107 106 108 108 108 110 109 109 110 107 110 113 112 113 112 114 115 112 118 114 116 117 118 117 122 116 119 118 120 122 124 121 121 123 123 127 120 123 125 127 125 126 129 124 128 128 132 130 129 131 132 131 134 133 129 130 134 136 135 133 137 135 133 139 137 136 140 138 138 143 143 141 142 142 140 141 143 144 146 148 144 146 147 149 151 146 151 148 150 150 153 147 149 152 152 154 156 154 153 156 157 156 158 155 158 159 158 159 160 162 161 160 163 164 161 163 163 162 166 166 165 165 167 166 167 168 169 168 171 169 170 171 171 170 174 172 174 176 177 178 174 173 175 176 176 177 178 180 179 179 181 177 181 182 183 180 185 184 185 184 187 187 186 183 185 186 192 188 190 189 192 190 191 191 192 195 194 198 196 193 197 196 195 198 197 199 195 197 200 199 200 205 202 201 206 202 204 207 201 205 203 208 203 207 209 208 206 207 210 209 211 210 210 212 214 213 214 211 217 212 218 214 218 217 218 219 220 217 220 222 222 221 223 221 225 226 224 222 223 225 227 225 228 227 226 232 228 227 230 231 232 231 229 232 237 235 231 234 234 236 234 236 235 233 238 235 236 241 236 237 238 238 239 241 242 239 239 240 240 241 238 246 243 242 244 244 239 243 245 244 245 242 243 247 245 243 247 246 247 247 250 248 249 252 249 249 247 250 252 252 253 251 251 253 254 252 254 255 252 254 254 255 258 258 260 257 256 256 258 256 259 255 262 260 261 263 260 259 265 259 260 260 261 260 263 263 262 264 264 265 268 265 264 267 270 265 270 266 266 268 271 267 269 270 270 274 267 270 272 273 271 272 274 275 271 272 269 276 273 275 273 277 276 274 275 276 277 277 276 278 278 278 279 282 281 279 278 281 283 281 280 284 280 282 280 286 284 285 287 285 283 285 282 286 286 283 287 286 287 288 288 288 290 290 291 292 289 290 295 290 289 292 293 291 291 294 289 295 296 294 295 294 293 295 295 297 294 298 296 300 298 297 300 302 299 301 300 298 299 301 300 303 301 303 301 301 305 304 307 302 302 308 308 304 302 306 308 304 306 305 306 307 311 308 309 309 309 309 312 311 313 313 310 312 312 310 316 317 314 314 315 313 314 316 315 317 319 317 317 320 318 318 320 316 315 319 320 318 321 322 321 322 324 323 322 324 324 325 324 322 326 323 325 326 326 329 331 325 327 328 328 328 327 330 329 329 328 331 330 331 329 333 331 336 334 333 332 337 332 332 333 334 333 337 336 334 335 335 340 335 338 337 339 339 339 342 343 341 341 338 338 340 342 343 341 340 341 345 346 344 342 346 346 346 347 344 346 347 345 348 350 351 349 347 348 350 350 354 349 352 349 352 353 353 352 356 353 354 354 355 351 357 355 354 356 358 354 357 358 356 357 357 360 356 361 360 360 362 361 361 359 362 364 361 360 365 363 366 367 365 365 364 364 363 368 366 367 364 368 369 365 368 370 371 373 367 370 366 375 370 369 371 372 369 374 370 373 374 371 373 377 375 372 376 376 378 379 380 376 378 380 377 377 377 378 382 381 381 380 382 383 384 385 383 382 382 381 386 383 386 385 388 388 384 384 386 391 391 387 388 387 389 390 389 388 390 391 389 393 392 387 392 392 389 393 395 393 394 396 392 397 395 395 396 397 396 395 399 397 401 398 394 399 398 399 398 400 400 401 401 401 400 402 400 404 403 403 402 406 404 405 407 406 405 407 407 408 406 404 410 406 408 409 407 409 410 407 408
0: 0 1 (30.0)
1: 5 (18.0)
2: 3 6 (39.0)
3: 4 10 (18.0)
4: 2 7 8 (35.0)
5: 12 (21.0)
6: 11 (24.0)
7: 9 14 (28.0)
8: 16 19 (36.0)
9: 13 15 25 (37.0)
10: 17 20 26 (33.0)
11: 18 21 (30.0)
12: 22 27 (33.0)
13: 24 30 (33.0)
14: 23 28 (34.0)
15: 29 31 33 (42.0)
16: 32 35 (31.0)
17: 34 36 (39.0)
18: 37 39 41 43 (30.0)
19: 38 45 (43.0)
20: (0.0)
21: 44 46 (26.0)
22: 40 49 (27.0)
23: 42 (25.0)
24: 47 48 (38.0)
25: 50 (28.0)
26: 52 61 (42.0)
27: 51 53 (15.0)
28: 55 56 (38.0)
29: 54 62 (28.0)
30: 58 59 63 (42.0)
31: 57 71 (42.0)
32: 64 65 (31.0)
33: 60 66 70 (27.0)
34: 68 75 (49.0)
35: 67 79 (30.0)
36: 69 73 76 (24.0)
37: 72 77 (43.0)
38: 80 82 (34.0)
39: (0.0)
40: 78 81 (32.0)
41: 74 83 84 (37.0)
42: 85 89 (28.0)
43: 90 95 (32.0)
44: 88 (17.0)
45: 86 87 91 (41.0)
46: 92 94 (42.0)
47: 97 98 (45.0)
48: 93 96 99 (28.0)
49: 101 102 (37.0)
50: (0.0)
51: 108 (24.0)
52: 100 103 104 (42.0)
53: (0.0)
54: 106 107 111 (43.0)
55: 109 110 118 (35.0)
56: 105 112 121 (44.0)
57: 113 115 (40.0)
58: 114 116 (31.0)
59: (0.0)
60: 120 126 (38.0)
61: 122 124 127 (35.0)
62: 117 123 129 (55.0)
63: 119 (26.0)
64: (0.0)
65: 125 131 (28.0)
66: 133 138 (52.0)
67: 128 130 132 (41.0)
68: 134 135 139 (37.0)
69: 137 140 143 (36.0)
70: 141 142 (41.0)
71: 136 145 (35.0)
72: 144 146 (32.0)
73: (0.0)
74: 148 154 (32.0)
75: 147 (17.0)
76: 149 150 (43.0)
77: 152 155 157 158 (38.0)
78: 151 153 (38.0)
79: 159 160 (35.0)
80: 156 161 (45.0)
81: (0.0)
82: 162 167 (48.0)
83: 163 164 168 (30.0)
84: 169 170 (42.0)
85: 171 173 (27.0)
86: 165 174 (36.0)
87: 166 175 179 (35.0)
88: 178 181 (48.0)
89: 172 177 182 (48.0)
90: 176 180 (38.0)
91: 188 (14.0)
92: 183 186 191 (30.0)
93: 184 190 (46.0)
94: 187 189 (44.0)
95: (0.0)
96: 185 193 (28.0)
97: 195 (23.0)
98: 192 194 201 (35.0)
99: 196 198 (43.0)
100: 200 (31.0)
101: 199 202 (23.0)
102: 197 204 205 (45.0)
103: 203 206 (40.0)
104: 207 209 (45.0)
105: 208 210 (23.0)
106: 211 213 (40.0)
107: 212 221 (34.0)
108: 214 215 216 (49.0)
109: 218 219 (35.0)
110: 217 220 222 (50.0)
111: (0.0)
112: 224 226 229 (34.0)
113: 223 225 (44.0)
114: 227 231 (35.0)
115: 228 (32.0)
116: 232 237 (34.0)
117: 233 235 (37.0)
118: 230 234 239 (39.0)
119: 238 (33.0)
120: 240 248 (50.0)
121: 243 244 (43.0)
122: 236 241 (28.0)
123: 245 246 249 (32.0)
124: 242 255 (49.0)
125: 250 252 (21.0)
126: 253 (31.0)
127: 247 251 (36.0)
128: 256 257 (36.0)
129: 254 260 266 (34.0)
130: 259 267 (42.0)
131: 261 263 (45.0)
132: 258 262 (34.0)
133: 265 271 274 (39.0)
134: 264 268 (33.0)
135: 270 273 (31.0)
136: 269 277 (36.0)
137: 272 276 (47.0)
138: 279 280 (43.0)
139: 275 (30.0)
140: 278 286 (31.0)
141: 283 287 (49.0)
142: 284 285 (37.0)
143: 281 282 288 (33.0)
144: 289 292 (53.0)
145: (0.0)
146: 290 293 297 (42.0)
147: 294 303 (40.0)
148: 291 299 (46.0)
149: 295 304 (27.0)
150: 300 301 (37.0)
151: 296 298 (36.0)
152: 305 306 (41.0)
153: 302 310 (45.0)
154: 307 309 (47.0)
155: 315 (30.0)
156: 308 311 313 (33.0)
157: 312 (26.0)
158: 314 316 318 (30.0)
159: 317 319 (51.0)
160: 320 323 (36.0)
161: 322 326 (48.0)
162: 321 329 (39.0)
163: 324 327 328 (32.0)
164: 325 (30.0)
165: 332 333 (37.0)
166: 330 331 335 (53.0)
167: 334 336 (33.0)
168: 337 339 (52.0)
169: 338 341 (38.0)
170: 342 345 (46.0)
171: 340 343 344 (43.0)
172: 347 (31.0)
173: 353 (32.0)
174: 346 348 352 (34.0)
175: 354 (34.0)
176: 349 355 356 (44.0)
177: 350 357 363 (39.0)
178: 351 358 (49.0)
179: 360 361 (38.0)
180: 359 367 (32.0)
181: 362 364 (39.0)
182: 365 (31.0)
183: 366 375 (32.0)
184: 369 371 (42.0)
185: 368 370 376 (46.0)
186: 374 377 (47.0)
187: 372 373 (38.0)
188: 379 (32.0)
189: 381 (33.0)
190: 380 383 (39.0)
191: 384 385 (39.0)
192: 378 382 386 (34.0)
193: 391 (25.0)
194: 388 (11.0)
195: 387 394 398 (48.0)
196: 390 393 (44.0)
197: 392 396 399 (41.0)
198: 389 395 (57.0)
199: 397 401 (46.0)
200: 400 402 (35.0)
201: 405 410 (31.0)
202: 404 407 (53.0)
203: 412 414 (44.0)
204: 408 (37.0)
205: 403 411 (45.0)
206: 406 418 (40.0)
207: 409 415 419 (24.0)
208: 413 417 (46.0)
209: 416 421 (43.0)
210: 420 423 424 (49.0)
211: 422 429 (49.0)
212: 425 431 (53.0)
213: 427 (38.0)
214: 426 428 433 (38.0)
215: (0.0)
216: (0.0)
217: 430 435 439 (44.0)
218: 432 434 436 (41.0)
219: 437 (37.0)
220: 438 440 (46.0)
221: 443 445 (41.0)
222: 441 442 449 (47.0)
223: 444 450 (44.0)
224: 448 (33.0)
225: 446 451 453 (45.0)
226: 447 456 (56.0)
227: 452 455 459 (65.0)
228: 454 458 (41.0)
229: 464 (35.0)
230: 460 (36.0)
231: 461 463 468 (25.0)
232: 457 462 465 (49.0)
233: 475 (30.0)
234: 469 470 472 (33.0)
235: 467 474 477 (39.0)
236: 471 473 478 480 (38.0)
237: 466 481 (52.0)
238: 476 482 483 492 (47.0)
239: 484 487 488 498 (31.0)
240: 489 490 (37.0)
241: 479 485 491 (47.0)
242: 486 495 503 (40.0)
243: 494 499 504 507 (48.0)
244: 496 497 501 (47.0)
245: 500 502 506 (53.0)
246: 493 509 (46.0)
247: 505 508 510 511 518 (43.0)
248: 513 (34.0)
249: 514 516 517 (40.0)
250: 512 519 (33.0)
251: 523 524 (32.0)
252: 515 520 521 527 530 (37.0)
253: 522 525 (36.0)
254: 526 528 531 532 (49.0)
255: 529 533 543 (50.0)
256: 538 539 541 (50.0)
257: 537 (35.0)
258: 534 535 540 (44.0)
259: 542 549 551 (37.0)
260: 536 545 548 552 553 555 (36.0)
261: 546 554 (47.0)
262: 544 558 (40.0)
263: 547 556 557 (45.0)
264: 559 560 564 (41.0)
265: 550 561 563 567 (44.0)
266: 569 570 (35.0)
267: 565 573 578 (50.0)
268: 562 571 (44.0)
269: 574 588 (50.0)
270: 566 568 575 576 579 (34.0)
271: 572 582 586 (35.0)
272: 580 583 587 (49.0)
273: 581 590 592 (50.0)
274: 577 584 595 (48.0)
275: 585 591 596 (48.0)
276: 589 594 597 600 (48.0)
277: 593 598 599 (42.0)
278: 601 602 603 608 (48.0)
279: 604 607 (47.0)
280: 612 614 616 (40.0)
281: 606 609 611 (39.0)
282: 605 615 624 (36.0)
283: 610 622 627 (49.0)
284: 613 618 (42.0)
285: 619 621 623 (50.0)
286: 617 625 626 629 (45.0)
287: 620 628 630 (42.0)
288: 631 632 633 (44.0)
289: 638 642 648 (46.0)
290: 634 635 639 641 (49.0)
291: 636 645 646 (46.0)
292: 637 643 (49.0)
293: 644 654 (41.0)
294: 647 651 653 658 (47.0)
295: 640 649 652 655 656 (45.0)
296: 650 660 (45.0)
297: 657 663 (55.0)
298: 659 662 669 (40.0)
299: 666 670 (58.0)
300: 661 664 668 672 (42.0)
301: 667 671 674 676 677 (30.0)
302: 665 681 682 686 (48.0)
303: 673 675 (40.0)
304: 679 685 689 (42.0)
305: 678 691 (41.0)
306: 687 690 692 (49.0)
307: 680 693 (46.0)
308: 683 684 688 695 (42.0)
309: 696 697 698 699 (52.0)
310: 704 707 (31.0)
311: 694 701 (35.0)
312: 700 705 706 (48.0)
313: 702 703 713 (42.0)
314: 710 711 714 (50.0)
315: 712 716 726 (50.0)
316: 708 715 725 (49.0)
317: 709 717 719 720 (50.0)
318: 722 723 729 (50.0)
319: 718 727 (37.0)
320: 721 724 728 (42.0)
321: 730 732 (43.0)
322: 731 733 736 741 (50.0)
323: 735 743 (34.0)
324: 734 737 738 740 (40.0)
325: 739 744 749 (39.0)
326: 742 745 746 (50.0)
327: 750 754 (48.0)
328: 751 752 753 758 (50.0)
329: 747 756 757 762 (52.0)
330: 755 760 (52.0)
331: 748 759 761 764 (50.0)
332: 768 770 771 (45.0)
333: 763 767 772 774 (45.0)
334: 766 773 777 (62.0)
335: 778 779 781 (46.0)
336: 765 776 (47.0)
337: 769 775 783 (50.0)
338: 782 791 792 (50.0)
339: 784 785 786 (47.0)
340: 780 793 797 (49.0)
341: 789 790 796 798 (56.0)
342: 787 794 802 (48.0)
343: 788 795 (45.0)
344: 801 807 (51.0)
345: 799 810 (42.0)
346: 800 803 804 805 808 (38.0)
347: 806 809 815 (36.0)
348: 811 816 (50.0)
349: 814 820 822 (49.0)
350: 812 817 818 (45.0)
351: 813 832 (49.0)
352: 821 823 826 (47.0)
353: 824 825 828 (48.0)
354: 819 829 830 835 838 (45.0)
355: 831 834 (54.0)
356: 827 836 841 845 (55.0)
357: 833 839 842 843 (44.0)
358: 837 840 (36.0)
359: 852 (41.0)
360: 844 847 848 856 (51.0)
361: 846 850 851 855 (49.0)
362: 849 853 (50.0)
363: 858 865 (54.0)
364: 854 863 864 869 (49.0)
365: 857 861 862 872 (49.0)
366: 859 867 879 (50.0)
367: 860 868 877 (49.0)
368: 866 870 873 (42.0)
369: 871 882 885 (48.0)
370: 874 878 881 887 (39.0)
371: 875 883 890 (45.0)
372: 884 894 (49.0)
373: 876 888 891 (48.0)
374: 886 889 (45.0)
375: 880 893 (51.0)
376: 895 896 900 (50.0)
377: 892 903 904 905 (52.0)
378: 897 901 906 (42.0)
379: 898 (35.0)
380: 899 902 910 (35.0)
381: 908 909 918 (49.0)
382: 907 911 916 917 (51.0)
383: 912 915 920 (50.0)
384: 913 925 926 (56.0)
385: 914 922 (44.0)
386: 919 921 927 (59.0)
387: 930 932 942 (51.0)
388: 923 924 931 936 (50.0)
389: 933 935 939 945 (63.0)
390: 934 937 (55.0)
391: 928 929 938 (49.0)
392: 941 943 944 951 (48.0)
393: 940 946 948 (62.0)
394: 949 963 (50.0)
395: 947 953 954 958 (69.0)
396: 950 955 957 (49.0)
397: 952 956 960 (50.0)
398: 962 965 967 (48.0)
399: 959 964 966 (49.0)
400: 968 969 973 975 (50.0)
401: 961 970 971 972 (55.0)
402: 974 979 (46.0)
403: 977 978 (41.0)
404: 976 981 990 (47.0)
405: 982 985 (39.0)
406: 980 984 989 992 (49.0)
407: 983 986 987 995 998 (40.0)
408: 988 993 999 (50.0)
409: 994 996 (48.0)
410: 991 997 (55.0)
