Name: 100-40-75
Time: 7.673954963684082 
Result: 34
Solution:  0 0 1 1 2 2 5 3 8 1 4 3 4 8 9 8 7 5 7 9 7 12 14 10 14 12 13 13 11 14 15 15 16 16 15 17 18 14 22 18 19 20 24 22 21 22 20 23 22 23 24 26 25 28 26 27 25 29 28 27 30 31 31 29 33 34 32 32 33 34 34 35 35 36 37 37 38 40 38 40 39 36 41 39 40 41 41 38 45 42 40 43 43 43 44 44 44 42 45 45
0: 0 1 (41.0)
1: 2 3 9 (48.0)
2: 4 5 (42.0)
3: 7 11 (44.0)
4: 10 12 (49.0)
5: 6 17 (62.0)
6: (0.0)
7: 16 18 20 (41.0)
8: 8 13 15 (72.0)
9: 14 19 (60.0)
10: 23 (41.0)
11: 28 (45.0)
12: 21 25 (53.0)
13: 26 27 (50.0)
14: 22 24 29 37 (59.0)
15: 30 31 34 (63.0)
16: 32 33 (53.0)
17: 35 (42.0)
18: 36 39 (64.0)
19: 40 (45.0)
20: 41 46 (52.0)
21: 44 (41.0)
22: 38 43 45 48 (75.0)
23: 47 49 (63.0)
24: 42 50 (60.0)
25: 52 56 (57.0)
26: 51 54 (62.0)
27: 55 59 (73.0)
28: 53 58 (49.0)
29: 57 63 (69.0)
30: 60 (53.0)
31: 61 62 (62.0)
32: 66 67 (68.0)
33: 64 68 (74.0)
34: 65 69 70 (74.0)
35: 71 72 (72.0)
36: 73 81 (73.0)
37: 74 75 (69.0)
38: 76 78 87 (74.0)
39: 80 83 (74.0)
40: 77 79 84 90 (75.0)
41: 82 85 86 (75.0)
42: 89 97 (52.0)
43: 91 92 93 (75.0)
44: 94 95 96 (75.0)
45: 88 98 99 (67.0)
