Name: 100-40-75
Time: 9.53785252571106 
Result: 49
Solution:  3 0 1 0 3 2 3 2 6 1 5 7 3 7 8 9 5 8 5 9 6 11 15 10 11 14 13 13 12 16 14 16 16 17 15 19 20 15 17 20 18 19 22 17 21 21 23 25 22 24 22 26 25 24 27 27 30 29 30 26 32 29 31 30 28 31 33 35 35 35 33 34 34 36 37 37 38 38 39 41 39 36 44 40 43 38 39 40 45 43 45 42 43 43 44 45 44 43 41 41
0: 1 3 (38.0)
1: 2 9 (42.0)
2: 5 7 (49.0)
3: 0 4 6 12 (74.0)
4: (0.0)
5: 10 16 18 (42.0)
6: 8 20 (57.0)
7: 11 13 (41.0)
8: 14 17 (65.0)
9: 15 19 (51.0)
10: 23 (41.0)
11: 21 24 (52.0)
12: 28 (45.0)
13: 26 27 (50.0)
14: 25 30 (57.0)
15: 22 34 37 (41.0)
16: 29 31 32 (56.0)
17: 33 38 43 (67.0)
18: 40 (45.0)
19: 35 41 (52.0)
20: 36 39 (64.0)
21: 44 45 (57.0)
22: 42 48 50 (74.0)
23: 46 (42.0)
24: 49 53 (65.0)
25: 47 52 (60.0)
26: 51 59 (71.0)
27: 54 55 (64.0)
28: 64 (51.0)
29: 57 61 (63.0)
30: 56 58 63 (63.0)
31: 62 65 (66.0)
32: 60 (53.0)
33: 66 70 (74.0)
34: 71 72 (72.0)
35: 67 68 69 (74.0)
36: 73 81 (73.0)
37: 74 75 (69.0)
38: 76 77 85 (71.0)
39: 78 80 86 (87.0)
40: 83 87 (60.0)
41: 79 98 99 (74.0)
42: 91 (63.0)
43: 84 89 92 93 97 (75.0)
44: 82 94 96 (73.0)
45: 88 90 95 (64.0)
