Name: 100-60-125
Time: 8.072086572647095 
Result: 79
Solution:  0 0 2 3 2 0 4 5 4 6 5 4 3 6 5 7 8 8 11 7 9 7 13 9 11 13 15 12 14 14 15 11 16 17 16 17 18 18 20 20 19 19 21 24 22 22 24 23 25 24 22 23 28 26 25 27 27 28 29 29 30 31 32 34 30 32 30 32 33 34 33 31 33 38 37 35 36 36 37 37 37 34 40 35 35 39 41 36 40 38 40 41 39 42 42 43 42 42 41 43
0: 0 1 5 (92.0)
1: (0.0)
2: 2 4 (59.0)
3: 3 12 (65.0)
4: 6 8 11 (84.0)
5: 7 10 14 (105.0)
6: 9 13 (101.0)
7: 15 19 21 (91.0)
8: 16 17 (77.0)
9: 20 23 (91.0)
10: (0.0)
11: 18 24 31 (113.0)
12: 27 (71.0)
13: 22 25 (87.0)
14: 28 29 (86.0)
15: 26 30 (67.0)
16: 32 34 (89.0)
17: 33 35 (94.0)
18: 36 37 (92.0)
19: 40 41 (98.0)
20: 38 39 (95.0)
21: 42 (62.0)
22: 44 45 50 (121.0)
23: 47 51 (138.0)
24: 43 46 49 (104.0)
25: 48 54 (113.0)
26: 53 (74.0)
27: 55 56 (105.0)
28: 52 57 (116.0)
29: 58 59 (111.0)
30: 60 64 66 (121.0)
31: 61 71 (101.0)
32: 62 65 67 (113.0)
33: 68 70 72 (122.0)
34: 63 69 81 (121.0)
35: 75 83 84 (119.0)
36: 76 77 87 (124.0)
37: 74 78 79 80 (125.0)
38: 73 89 (117.0)
39: 85 92 (115.0)
40: 82 88 90 (121.0)
41: 86 91 98 (121.0)
42: 93 94 96 97 (122.0)
43: 95 99 (114.0)
