Name: 1000-50-100
Time: 76.3063473701477 
Result: 122
Solution:  1 3 0 0 1 2 5 2 4 2 6 3 7 8 9 8 5 8 6 8 11 9 11 7 16 13 15 13 14 17 14 17 15 14 20 16 18 18 20 19 19 22 21 22 21 25 24 23 26 23 28 25 27 25 24 26 29 27 28 27 29 31 34 31 33 35 34 33 34 36 35 34 35 36 39 38 39 38 42 38 40 39 41 40 43 42 44 41 44 45 44 43 47 46 50 45 46 47 47 51 50 52 55 51 49 49 54 53 53 52 55 56 56 54 60 59 56 58 57 57 59 61 61 60 61 63 62 66 65 64 65 63 66 68 64 69 67 67 68 70 71 70 73 71 69 72 71 77 74 72 73 74 76 75 77 75 78 76 79 83 78 83 81 80 80 82 81 80 82 85 88 87 86 87 89 85 86 86 90 87 91 90 89 92 90 89 93 93 95 91 95 96 96 100 97 99 100 101 100 97 98 104 104 99 103 103 103 101 107 105 104 106 107 106 109 107 109 106 112 111 109 110 110 112 113 113 116 111 114 114 115 116 116 116 117 118 122 114 119 118 117 119 121 122 121 126 125 122 124 124 129 125 127 124 125 129 126 128 131 126 133 127 133 134 132 133 132 130 134 132 137 135 136 136 137 135 140 138 139 139 138 142 144 139 144 141 141 142 146 140 148 144 149 146 147 147 145 149 150 148 152 151 149 155 153 152 150 153 152 155 156 154 157 158 156 154 161 157 157 159 157 160 161 165 158 162 164 163 165 163 166 162 164 168 166 167 167 169 168 169 172 169 170 171 171 172 174 173 174 174 175 176 175 177 176 179 178 176 177 179 181 180 183 183 182 183 184 181 185 184 185 186 188 186 188 191 189 185 191 187 191 190 191 193 192 189 192 193 194 194 198 196 197 195 197 197 196 198 202 199 200 200 201 203 202 205 203 201 204 204 205 205 206 208 206 207 209 207 210 208 210 211 213 207 214 209 215 209 214 212 211 215 217 216 217 217 218 219 220 218 219 221 219 220 222 222 223 221 225 224 224 227 228 227 226 229 229 225 228 226 229 227 233 234 231 233 232 233 234 235 239 237 234 236 236 237 242 238 238 239 240 243 242 245 241 241 245 243 242 244 247 244 247 246 248 248 249 245 246 251 250 249 252 255 251 250 251 252 254 254 255 255 256 253 258 256 258 260 261 257 256 257 261 259 262 262 259 265 264 265 266 268 263 266 268 266 269 269 270 267 271 267 270 273 270 271 272 270 278 274 273 276 276 272 278 274 277 279 280 275 282 283 281 281 284 280 279 285 286 286 284 282 283 287 283 284 290 290 288 288 289 291 290 289 294 295 294 293 293 294 296 292 299 296 298 298 297 296 297 300 300 301 299 301 303 302 299 303 302 306 305 305 304 308 307 310 309 308 306 311 310 307 314 309 312 314 313 311 315 315 313 318 318 316 317 317 320 322 321 316 321 319 321 319 323 324 325 323 322 320 325 324 328 328 326 329 327 327 328 326 330 329 332 331 331 332 333 333 334 332 335 334 336 335 333 338 338 337 340 340 341 337 339 342 342 341 346 343 344 341 346 343 346 347 349 347 345 348 347 351 348 352 350 350 348 349 354 352 353 355 355 353 356 359 358 358 357 359 356 360 359 361 357 364 363 366 363 362 360 361 366 365 362 367 368 364 369 365 367 369 370 370 372 372 376 371 376 373 374 374 379 378 373 378 375 377 379 379 375 381 377 383 384 377 385 382 380 384 382 381 386 387 387 383 385 387 386 388 391 391 389 389 390 390 391 393 394 393 394 395 392 392 398 398 397 396 397 396 396 400 403 399 403 405 400 402 404 404 401 401 406 405 402 403 409 409 410 411 406 408 411 407 412 408 411 414 413 413 414 417 416 411 418 416 419 417 415 415 419 421 418 417 420 420 424 422 423 423 422 424 427 422 426 426 427 428 428 425 432 430 429 431 429 431 432 433 430 432 433 436 435 435 434 437 437 436 439 439 438 440 438 440 442 441 442 442 443 444 445 445 443 447 449 444 448 448 449 446 450 449 447 446 451 451 452 452 456 455 455 454 453 453 456 454 460 458 458 460 460 459 459 457 461 459 462 462 463 463 464 464 465 465 466 467 467 466 470 470 466 468 473 469 468 469 469 471 472 468 470 471 472 473 475 473 476 474 474 474 475 476 472 477 476 476 477 479 476 478 478 478 479 481 479 480 480 482 481 480 482 481 481 484 484 483 484 486 482 483 488 482 485 486 483 483 485 488 488 487 487 487
0: 2 3 (50.0)
1: 0 4 (64.0)
2: 5 7 9 (51.0)
3: 1 11 (59.0)
4: 8 (31.0)
5: 6 16 (84.0)
6: 10 18 (45.0)
7: 12 23 (52.0)
8: 13 15 17 19 (80.0)
9: 14 21 (58.0)
10: (0.0)
11: 20 22 (29.0)
12: (0.0)
13: 25 27 (71.0)
14: 28 30 33 (37.0)
15: 26 32 (63.0)
16: 24 35 (39.0)
17: 29 31 (72.0)
18: 36 37 (51.0)
19: 39 40 (55.0)
20: 34 38 (51.0)
21: 42 44 (39.0)
22: 41 43 (51.0)
23: 47 49 (46.0)
24: 46 54 (50.0)
25: 45 51 53 (70.0)
26: 48 55 (60.0)
27: 52 57 59 (56.0)
28: 50 58 (81.0)
29: 56 60 (68.0)
30: (0.0)
31: 61 63 (51.0)
32: (0.0)
33: 64 67 (45.0)
34: 62 66 68 71 (109.0)
35: 65 70 72 (55.0)
36: 69 73 (77.0)
37: (0.0)
38: 75 77 79 (64.0)
39: 74 76 81 (79.0)
40: 80 83 (54.0)
41: 82 87 (78.0)
42: 78 85 (60.0)
43: 84 91 (61.0)
44: 86 88 90 (56.0)
45: 89 95 (40.0)
46: 93 96 (71.0)
47: 92 97 98 (48.0)
48: (0.0)
49: 104 105 (54.0)
50: 94 100 (66.0)
51: 99 103 (80.0)
52: 101 109 (56.0)
53: 107 108 (46.0)
54: 106 113 (78.0)
55: 102 110 (39.0)
56: 111 112 116 (44.0)
57: 118 119 (55.0)
58: 117 (52.0)
59: 115 120 (60.0)
60: 114 123 (75.0)
61: 121 122 124 (51.0)
62: 126 (52.0)
63: 125 131 (66.0)
64: 129 134 (41.0)
65: 128 130 (53.0)
66: 127 132 (42.0)
67: 136 137 (56.0)
68: 133 138 (34.0)
69: 135 144 (55.0)
70: 139 141 (58.0)
71: 140 143 146 (79.0)
72: 145 149 (67.0)
73: 142 150 (51.0)
74: 148 151 (59.0)
75: 153 155 (42.0)
76: 152 157 (75.0)
77: 147 154 (85.0)
78: 156 160 (72.0)
79: 158 (14.0)
80: 163 164 167 (55.0)
81: 162 166 (76.0)
82: 165 168 (61.0)
83: 159 161 (47.0)
84: (0.0)
85: 169 175 (68.0)
86: 172 176 177 (91.0)
87: 171 173 179 (68.0)
88: 170 (52.0)
89: 174 182 185 (57.0)
90: 178 181 184 (84.0)
91: 180 189 (64.0)
92: 183 (55.0)
93: 186 187 (59.0)
94: (0.0)
95: 188 190 (64.0)
96: 191 192 (65.0)
97: 194 199 (67.0)
98: 200 (58.0)
99: 195 203 (62.0)
100: 193 196 198 (51.0)
101: 197 207 (78.0)
102: (0.0)
103: 204 205 206 (85.0)
104: 201 202 210 (84.0)
105: 209 (53.0)
106: 211 213 217 (77.0)
107: 208 212 215 (71.0)
108: (0.0)
109: 214 216 220 (74.0)
110: 221 222 (74.0)
111: 219 227 (65.0)
112: 218 223 (50.0)
113: 224 225 (61.0)
114: 228 229 237 (90.0)
115: 230 (57.0)
116: 226 231 232 233 (99.0)
117: 234 240 (64.0)
118: 235 239 (68.0)
119: 238 241 (51.0)
120: (0.0)
121: 242 244 (65.0)
122: 236 243 247 (82.0)
123: (0.0)
124: 248 249 253 (97.0)
125: 246 251 254 (78.0)
126: 245 256 259 (52.0)
127: 252 261 (61.0)
128: 257 (54.0)
129: 250 255 (80.0)
130: 267 (55.0)
131: 258 (55.0)
132: 264 266 269 (75.0)
133: 260 262 265 (73.0)
134: 263 268 (78.0)
135: 271 275 (67.0)
136: 272 273 (63.0)
137: 270 274 (59.0)
138: 277 280 (54.0)
139: 278 279 283 (98.0)
140: 276 289 (79.0)
141: 285 286 (48.0)
142: 281 287 (68.0)
143: (0.0)
144: 282 284 291 (93.0)
145: 296 (54.0)
146: 288 293 (57.0)
147: 294 295 (64.0)
148: 290 299 (85.0)
149: 292 297 302 (60.0)
150: 298 306 (61.0)
151: 301 (55.0)
152: 300 305 308 (58.0)
153: 304 307 (75.0)
154: 311 315 (51.0)
155: 303 309 (83.0)
156: 310 314 (79.0)
157: 312 317 318 320 (74.0)
158: 313 324 (94.0)
159: 319 (60.0)
160: 321 (41.0)
161: 316 322 (67.0)
162: 325 331 (62.0)
163: 327 329 (75.0)
164: 326 332 (49.0)
165: 323 328 (65.0)
166: 330 334 (54.0)
167: 335 336 (87.0)
168: 333 338 (86.0)
169: 337 339 341 (71.0)
170: 342 (52.0)
171: 343 344 (59.0)
172: 340 345 (62.0)
173: 347 (54.0)
174: 346 348 349 (80.0)
175: 350 352 (73.0)
176: 351 354 357 (71.0)
177: 353 358 (57.0)
178: 356 (51.0)
179: 355 359 (87.0)
180: 361 (52.0)
181: 360 367 (72.0)
182: 364 (50.0)
183: 362 363 365 (87.0)
184: 366 369 (70.0)
185: 368 370 377 (83.0)
186: 371 373 (79.0)
187: 379 (51.0)
188: 372 374 (71.0)
189: 376 385 (73.0)
190: 381 (56.0)
191: 375 378 380 382 (78.0)
192: 384 386 (81.0)
193: 383 387 (69.0)
194: 388 389 (70.0)
195: 393 (59.0)
196: 391 396 (53.0)
197: 392 394 395 (83.0)
198: 390 397 (89.0)
199: 399 (53.0)
200: 400 401 (71.0)
201: 402 407 (58.0)
202: 398 404 (77.0)
203: 403 406 (84.0)
204: 408 409 (71.0)
205: 405 410 411 (83.0)
206: 412 414 (89.0)
207: 415 417 423 (65.0)
208: 413 419 (76.0)
209: 416 425 427 (73.0)
210: 418 420 (72.0)
211: 421 430 (64.0)
212: 429 (56.0)
213: 422 (60.0)
214: 424 428 (68.0)
215: 426 431 (91.0)
216: 433 (51.0)
217: 432 434 435 (93.0)
218: 436 439 (70.0)
219: 437 440 442 (74.0)
220: 438 443 (94.0)
221: 441 447 (52.0)
222: 444 445 (72.0)
223: 446 (70.0)
224: 449 450 (87.0)
225: 448 457 (89.0)
226: 454 459 (77.0)
227: 451 453 461 (79.0)
228: 452 458 (84.0)
229: 455 456 460 (95.0)
230: (0.0)
231: 464 (44.0)
232: 466 (58.0)
233: 462 465 467 (51.0)
234: 463 468 472 (102.0)
235: 469 (62.0)
236: 473 474 (89.0)
237: 471 475 (68.0)
238: 477 478 (90.0)
239: 470 479 (85.0)
240: 480 (51.0)
241: 484 485 (74.0)
242: 476 482 488 (82.0)
243: 481 487 (72.0)
244: 489 491 (73.0)
245: 483 486 497 (90.0)
246: 493 498 (80.0)
247: 490 492 (85.0)
248: 494 495 (74.0)
249: 496 501 (92.0)
250: 500 505 (88.0)
251: 499 504 506 (87.0)
252: 502 507 (82.0)
253: 513 (67.0)
254: 508 509 (75.0)
255: 503 510 511 (90.0)
256: 512 515 520 (53.0)
257: 519 521 (90.0)
258: 514 516 (69.0)
259: 523 526 (63.0)
260: 517 (67.0)
261: 518 522 (70.0)
262: 524 525 (76.0)
263: 532 (42.0)
264: 528 (56.0)
265: 527 529 (72.0)
266: 530 533 535 (94.0)
267: 539 541 (83.0)
268: 531 534 (92.0)
269: 536 537 (77.0)
270: 538 542 544 547 (123.0)
271: 540 545 (85.0)
272: 546 553 (79.0)
273: 543 550 (84.0)
274: 549 555 (84.0)
275: 559 (72.0)
276: 551 552 (85.0)
277: 556 (50.0)
278: 548 554 (70.0)
279: 557 566 (53.0)
280: 558 565 (60.0)
281: 562 563 (78.0)
282: 560 571 (90.0)
283: 561 572 574 (91.0)
284: 564 570 575 (92.0)
285: 567 (52.0)
286: 568 569 (78.0)
287: 573 (61.0)
288: 578 579 (78.0)
289: 580 583 (75.0)
290: 576 577 582 (97.0)
291: 581 (62.0)
292: 591 (75.0)
293: 587 588 (72.0)
294: 584 586 589 (98.0)
295: 585 (65.0)
296: 590 593 597 (74.0)
297: 596 598 (73.0)
298: 594 595 (79.0)
299: 592 602 606 (95.0)
300: 599 600 (101.0)
301: 601 603 (83.0)
302: 605 608 (90.0)
303: 604 607 (94.0)
304: 612 (64.0)
305: 610 611 (81.0)
306: 609 618 (89.0)
307: 614 621 (68.0)
308: 613 617 (30.0)
309: 616 623 (98.0)
310: 615 620 (94.0)
311: 619 627 (87.0)
312: 624 (60.0)
313: 626 630 (79.0)
314: 622 625 (72.0)
315: 628 629 (81.0)
316: 633 639 (65.0)
317: 634 635 (81.0)
318: 631 632 (91.0)
319: 641 643 (97.0)
320: 636 649 (100.0)
321: 638 640 642 (95.0)
322: 637 648 (64.0)
323: 644 647 (81.0)
324: 645 651 (67.0)
325: 646 650 (98.0)
326: 654 659 (84.0)
327: 656 657 (82.0)
328: 652 653 658 (100.0)
329: 655 661 (77.0)
330: 660 (67.0)
331: 663 664 (105.0)
332: 662 665 669 (68.0)
333: 666 667 674 (99.0)
334: 668 671 (99.0)
335: 670 673 (84.0)
336: 672 (57.0)
337: 677 681 (100.0)
338: 675 676 (88.0)
339: 682 (65.0)
340: 678 679 (83.0)
341: 680 685 689 (90.0)
342: 683 684 (80.0)
343: 687 691 (114.0)
344: 688 (59.0)
345: 696 (56.0)
346: 686 690 692 (99.0)
347: 693 695 698 (89.0)
348: 697 700 704 (98.0)
349: 694 705 (93.0)
350: 702 703 (85.0)
351: 699 (75.0)
352: 701 707 (69.0)
353: 708 711 (80.0)
354: 706 (67.0)
355: 709 710 (90.0)
356: 712 718 (94.0)
357: 716 722 (83.0)
358: 714 715 (86.0)
359: 713 717 720 (98.0)
360: 719 728 (85.0)
361: 721 729 (100.0)
362: 727 732 (76.0)
363: 724 726 (84.0)
364: 723 735 (71.0)
365: 731 737 (97.0)
366: 725 730 (92.0)
367: 733 738 (88.0)
368: 734 (71.0)
369: 736 739 (82.0)
370: 740 741 (87.0)
371: 745 (64.0)
372: 742 743 (87.0)
373: 747 752 (98.0)
374: 748 749 (88.0)
375: 754 758 (89.0)
376: 744 746 (91.0)
377: 755 760 763 (97.0)
378: 751 753 (88.0)
379: 750 756 757 (99.0)
380: 766 (68.0)
381: 759 769 (94.0)
382: 765 768 (74.0)
383: 761 773 (94.0)
384: 762 767 (95.0)
385: 764 774 (96.0)
386: 770 776 (91.0)
387: 771 772 775 (119.0)
388: 777 (62.0)
389: 780 781 (90.0)
390: 782 783 (90.0)
391: 778 779 784 (97.0)
392: 790 791 (90.0)
393: 785 787 (97.0)
394: 786 788 (98.0)
395: 789 (68.0)
396: 795 797 798 (109.0)
397: 794 796 (108.0)
398: 792 793 (90.0)
399: 801 (55.0)
400: 799 804 (109.0)
401: 808 809 (91.0)
402: 805 812 (88.0)
403: 800 802 813 (87.0)
404: 806 807 (91.0)
405: 803 811 (97.0)
406: 810 818 (91.0)
407: 821 (70.0)
408: 819 823 (78.0)
409: 814 815 (91.0)
410: 816 (71.0)
411: 817 820 824 831 (105.0)
412: 822 (87.0)
413: 826 827 (92.0)
414: 825 828 (100.0)
415: 836 837 (93.0)
416: 830 833 (135.0)
417: 829 835 841 (99.0)
418: 832 840 (81.0)
419: 834 838 (101.0)
420: 842 843 (93.0)
421: 839 (71.0)
422: 845 848 851 (136.0)
423: 846 847 (93.0)
424: 844 849 (94.0)
425: 857 (64.0)
426: 852 853 (94.0)
427: 850 854 (94.0)
428: 855 856 (80.0)
429: 860 862 (93.0)
430: 859 866 (109.0)
431: 861 863 (95.0)
432: 858 864 867 (120.0)
433: 865 868 (98.0)
434: 872 (81.0)
435: 870 871 (95.0)
436: 869 875 (81.0)
437: 873 874 (80.0)
438: 878 880 (97.0)
439: 876 877 (95.0)
440: 879 881 (93.0)
441: 883 (81.0)
442: 882 884 885 (109.0)
443: 886 890 (100.0)
444: 887 893 (111.0)
445: 888 889 (95.0)
446: 897 901 (93.0)
447: 891 900 (92.0)
448: 894 895 (96.0)
449: 892 896 899 (100.0)
450: 898 (79.0)
451: 902 903 (97.0)
452: 904 905 (97.0)
453: 910 911 (97.0)
454: 909 913 (95.0)
455: 907 908 (98.0)
456: 906 912 (98.0)
457: 921 (90.0)
458: 915 916 (133.0)
459: 919 920 923 (83.0)
460: 914 917 918 (96.0)
461: 922 (87.0)
462: 924 925 (98.0)
463: 926 927 (98.0)
464: 928 929 (98.0)
465: 930 931 (98.0)
466: 932 935 938 (96.0)
467: 933 934 (82.0)
468: 939 942 947 (98.0)
469: 941 943 944 (95.0)
470: 936 937 948 (92.0)
471: 945 949 (79.0)
472: 946 950 960 (100.0)
473: 940 951 953 (114.0)
474: 955 956 957 (99.0)
475: 952 958 (96.0)
476: 954 959 962 963 966 (130.0)
477: 961 964 (96.0)
478: 967 968 969 (99.0)
479: 965 970 972 (100.0)
480: 973 974 977 (100.0)
481: 971 976 979 980 (98.0)
482: 975 978 986 989 (128.0)
483: 983 987 992 993 (94.0)
484: 981 982 984 (113.0)
485: 990 994 (98.0)
486: 985 991 (93.0)
487: 997 998 999 (100.0)
488: 988 995 996 (78.0)
