Name: 100-20-30
Time: 4.514325857162476 
Result: 14016
Solution:  2 0 3 2 4 0 2 3 6 5 7 4 5 4 9 7 7 9 6 10 11 11 10 11 12 11 13 13 15 14 17 14 16 17 15 19 16 19 20 17 17 21 21 22 23 25 21 24 26 22 25 24 28 23 29 27 26 28 29 31 27 29 35 30 33 28 32 34 32 31 36 39 36 37 35 36 37 34 39 38 40 38 41 40 41 42 43 43 44 42 46 45 44 45 47 46 45 44 47 47
0: 1 5 (25.0)
1: (0.0)
2: 0 3 6 (28.0)
3: 2 7 (23.0)
4: 4 11 13 (19.0)
5: 9 12 (24.0)
6: 8 18 (21.0)
7: 10 15 16 (33.0)
8: (0.0)
9: 14 17 (22.0)
10: 19 22 (23.0)
11: 20 21 23 25 (30.0)
12: 24 (21.0)
13: 26 27 (22.0)
14: 29 31 (26.0)
15: 28 34 (27.0)
16: 32 36 (26.0)
17: 30 33 39 40 (26.0)
18: (0.0)
19: 35 37 (22.0)
20: 38 (22.0)
21: 41 42 46 (27.0)
22: 43 49 (27.0)
23: 44 53 (30.0)
24: 47 51 (31.0)
25: 45 50 (22.0)
26: 48 56 (27.0)
27: 55 60 (35.0)
28: 52 57 65 (26.0)
29: 54 58 61 (25.0)
30: 63 (23.0)
31: 59 69 (27.0)
32: 66 68 (29.0)
33: 64 (20.0)
34: 67 77 (28.0)
35: 62 74 (28.0)
36: 70 72 75 (26.0)
37: 73 76 (31.0)
38: 79 81 (32.0)
39: 71 78 (28.0)
40: 80 83 (29.0)
41: 82 84 (20.0)
42: 85 89 (23.0)
43: 86 87 (29.0)
44: 88 92 97 (28.0)
45: 91 93 96 (27.0)
46: 90 95 (30.0)
47: 94 98 99 (31.0)
