Name: 1000-20-30
Time: 36.04612708091736 
Result: 451040
Solution:  1 0 1 0 0 3 4 5 5 4 7 3 7 8 6 7 9 8 9 6 10 12 11 10 12 13 14 13 14 11 15 14 16 20 17 20 17 16 15 19 19 22 22 21 21 22 23 24 23 27 25 25 26 22 30 24 28 29 30 26 29 28 34 32 32 31 35 35 36 32 33 35 36 37 38 37 42 38 40 39 39 40 41 43 45 42 41 45 45 41 44 44 47 43 46 48 45 47 51 48 49 50 51 52 51 52 54 50 54 55 59 55 55 56 57 57 58 58 61 56 59 60 62 61 62 64 63 64 60 63 63 65 65 68 67 67 66 69 69 69 68 70 71 70 70 74 73 74 75 71 75 72 78 73 77 79 81 77 81 78 79 80 82 81 81 80 84 84 83 87 85 85 87 90 87 86 90 88 91 89 88 92 92 89 91 89 94 95 95 94 96 96 93 96 101 94 98 99 100 100 102 101 102 102 103 99 103 104 103 106 107 106 105 105 107 104 108 108 111 109 109 110 110 111 112 114 114 116 114 116 115 112 115 118 118 117 118 118 119 119 120 117 121 121 122 123 122 123 120 125 124 124 125 126 129 127 130 128 127 128 126 132 131 131 130 133 129 133 130 134 138 137 135 136 136 135 138 137 139 139 140 139 141 143 140 142 145 142 141 144 143 147 146 145 146 147 148 150 148 147 150 151 153 151 149 152 153 150 154 156 156 155 157 152 156 155 159 158 158 157 159 163 162 163 162 163 161 161 166 164 167 165 164 167 168 165 164 168 167 169 170 171 171 172 175 174 173 173 174 175 174 176 172 176 179 174 177 177 181 179 178 180 179 182 180 183 182 183 186 188 185 184 189 186 185 187 188 189 189 192 191 190 187 191 195 195 194 192 194 198 193 198 196 196 197 200 198 199 199 200 202 197 201 201 203 202 204 203 208 204 206 205 208 207 207 210 209 211 209 205 206 209 211 210 212 214 212 212 215 215 215 213 217 216 214 218 220 216 219 218 216 220 221 217 223 225 222 222 224 223 228 221 227 227 226 224 229 225 229 230 228 230 229 231 231 232 235 232 234 234 233 233 235 238 236 237 240 238 239 242 236 236 239 241 239 240 243 241 242 246 244 245 248 243 245 247 247 252 246 248 250 249 253 250 250 252 255 251 254 255 257 253 257 256 258 259 255 257 259 258 259 259 256 260 259 260 261 262 263 264 263 263 261 263 265 262 268 264 267 266 264 262 266 270 268 269 266 265 266 267 269 266 268 272 273 270 275 272 271 272 276 271 271 272 273 274 275 277 273 275 277 276 276 274 277 277 278 279 279 274 278 282 283 280 283 284 284 282 282 281 284 279 286 285 284 280 286 281 283 282 286 285 288 286 287 283 287 290 288 287 288 289 288 291 290 290 289 291 291 291 293 291 292 293 293 297 295 294 296 294 297 295 297 295 300 299 293 299 294 297 299 301 296 301 300 296 298 300 301 302 303 303 305 303 303 305 301 304 302 308 304 306 306 310 306 307 306 308 308 307 309 309 308 311 309 309 312 312 310 312 313 313 314 314 314 313 313 311 315 313 315 317 316 316 318 317 318 319 319 316 321 322 316 322 322 320 317 324 325 324 322 320 322 325 324 326 325 323 323 326 327 326 324 327 329 323 325 326 328 328 328 330 329 330 330 330 332 334 331 331 336 332 333 333 333 334 335 334 332 335 338 335 336 337 336 335 334 340 339 340 341 337 339 336 337 338 345 343 341 342 339 342 345 343 343 342 344 344 348 345 347 347 345 346 349 346 350 344 347 348 353 351 352 349 350 351 351 350 353 352 350 351 357 353 353 355 351 354 354 354 355 357 356 359 356 358 356 358 360 359 361 357 362 360 363 359 364 360 358 363 365 364 361 365 362 364 366 366 367 366 362 365 366 364 368 367 366 369 364 369 371 368 368 370 374 370 371 371 374 373 373 372 373 373 372 375 375 375 378 375 376 374 374 376 379 377 379 382 378 377 381 381 382 378 380 379 378 378 380 383 384 384 379 382 383 385 381 385 387 385 381 384 383 387 386 386 386 388 390 388 390 391 388 389 390 389 394 391 392 390 396 393 392 395 394 391 397 393 397 393 392 399 395 395 395 399 397 399 398 398 396 398 401 400 400 400 405 401 401 401 404 404 403 403 403 407 402 404 404 405 402 407 405 408 406 404 406 408 412 407 410 409 410 410 410 413 410 410 411 409 412 412 413 414 411 412 417 414 416 417 413 418 415 417 417 416 418 417 418 415
0: 1 3 4 (17.0)
1: 0 2 (29.0)
2: (0.0)
3: 5 11 (24.0)
4: 6 9 (11.0)
5: 7 8 (29.0)
6: 14 19 (21.0)
7: 10 12 15 (23.0)
8: 13 17 (20.0)
9: 16 18 (26.0)
10: 20 23 (14.0)
11: 22 29 (27.0)
12: 21 24 (20.0)
13: 25 27 (28.0)
14: 26 28 31 (19.0)
15: 30 38 (24.0)
16: 32 37 (19.0)
17: 34 36 (21.0)
18: (0.0)
19: 39 40 (20.0)
20: 33 35 (20.0)
21: 43 44 (32.0)
22: 41 42 45 53 (20.0)
23: 46 48 (13.0)
24: 47 55 (21.0)
25: 50 51 (20.0)
26: 52 59 (27.0)
27: 49 (15.0)
28: 56 61 (25.0)
29: 57 60 (15.0)
30: 54 58 (20.0)
31: 65 (12.0)
32: 63 64 69 (21.0)
33: 70 (18.0)
34: 62 (14.0)
35: 66 67 71 (23.0)
36: 68 72 (20.0)
37: 73 75 (27.0)
38: 74 77 (22.0)
39: 79 80 (14.0)
40: 78 81 (28.0)
41: 82 86 89 (40.0)
42: 76 85 (24.0)
43: 83 93 (31.0)
44: 90 91 (21.0)
45: 84 87 88 96 (24.0)
46: 94 (13.0)
47: 92 97 (15.0)
48: 95 99 (19.0)
49: 100 (10.0)
50: 101 107 (23.0)
51: 98 102 104 (22.0)
52: 103 105 (30.0)
53: (0.0)
54: 106 108 (27.0)
55: 109 111 112 (17.0)
56: 113 119 (30.0)
57: 114 115 (21.0)
58: 116 117 (21.0)
59: 110 120 (25.0)
60: 121 128 (29.0)
61: 118 123 (23.0)
62: 122 124 (21.0)
63: 126 129 130 (17.0)
64: 125 127 (20.0)
65: 131 132 (20.0)
66: 136 (14.0)
67: 134 135 (21.0)
68: 133 140 (26.0)
69: 137 138 139 (28.0)
70: 141 143 144 (35.0)
71: 142 149 (23.0)
72: 151 (15.0)
73: 146 153 (18.0)
74: 145 147 (17.0)
75: 148 150 (18.0)
76: (0.0)
77: 154 157 (27.0)
78: 152 159 (23.0)
79: 155 160 (21.0)
80: 161 165 (29.0)
81: 156 158 163 164 (24.0)
82: 162 (19.0)
83: 168 (19.0)
84: 166 167 (22.0)
85: 170 171 (22.0)
86: 175 (16.0)
87: 169 172 174 (18.0)
88: 177 180 (15.0)
89: 179 183 185 (21.0)
90: 173 176 (25.0)
91: 178 184 (26.0)
92: 181 182 (36.0)
93: 192 (21.0)
94: 186 189 195 (21.0)
95: 187 188 (29.0)
96: 190 191 193 (23.0)
97: (0.0)
98: 196 (16.0)
99: 197 205 (21.0)
100: 198 199 (22.0)
101: 194 201 (30.0)
102: 200 202 203 (30.0)
103: 204 206 208 (21.0)
104: 207 215 (31.0)
105: 212 213 (22.0)
106: 209 211 (28.0)
107: 210 214 (15.0)
108: 216 217 (22.0)
109: 219 220 (24.0)
110: 221 222 (19.0)
111: 218 223 (23.0)
112: 224 231 (32.0)
113: (0.0)
114: 225 226 228 (19.0)
115: 230 232 (28.0)
116: 227 229 (32.0)
117: 235 241 (27.0)
118: 233 234 236 237 (34.0)
119: 238 239 (23.0)
120: 240 248 (25.0)
121: 242 243 (23.0)
122: 244 246 (26.0)
123: 245 247 (20.0)
124: 250 251 (23.0)
125: 249 252 (26.0)
126: 253 260 (26.0)
127: 255 258 (22.0)
128: 257 259 (31.0)
129: 254 266 (25.0)
130: 256 264 268 (22.0)
131: 262 263 (23.0)
132: 261 (4.0)
133: 265 267 (24.0)
134: 269 (14.0)
135: 272 275 (29.0)
136: 273 274 (17.0)
137: 271 277 (24.0)
138: 270 276 (22.0)
139: 278 279 281 (28.0)
140: 280 284 (26.0)
141: 282 288 (7.0)
142: 285 287 (30.0)
143: 283 290 (33.0)
144: 289 (22.0)
145: 286 293 (22.0)
146: 292 294 (31.0)
147: 291 295 299 (22.0)
148: 296 298 (33.0)
149: 304 (20.0)
150: 297 300 307 (26.0)
151: 301 303 (29.0)
152: 305 313 (24.0)
153: 302 306 (26.0)
154: 308 (22.0)
155: 311 315 (31.0)
156: 309 310 314 (19.0)
157: 312 319 (18.0)
158: 317 318 (20.0)
159: 316 320 (30.0)
160: (0.0)
161: 326 327 (24.0)
162: 322 324 (33.0)
163: 321 323 325 (23.0)
164: 329 332 336 (30.0)
165: 331 335 (28.0)
166: 328 (22.0)
167: 330 333 338 (16.0)
168: 334 337 (26.0)
169: 339 (22.0)
170: 340 (6.0)
171: 341 342 (29.0)
172: 343 352 (24.0)
173: 346 347 (24.0)
174: 345 348 350 355 (29.0)
175: 344 349 (30.0)
176: 351 353 (32.0)
177: 356 357 (24.0)
178: 360 (13.0)
179: 354 359 362 (31.0)
180: 361 364 (26.0)
181: 358 (21.0)
182: 363 366 (31.0)
183: 365 367 (21.0)
184: 371 (16.0)
185: 370 374 (20.0)
186: 368 373 (24.0)
187: 375 382 (29.0)
188: 369 376 (21.0)
189: 372 377 378 (36.0)
190: 381 (10.0)
191: 380 383 (25.0)
192: 379 387 (31.0)
193: 390 (20.0)
194: 386 388 (31.0)
195: 384 385 (25.0)
196: 392 393 (25.0)
197: 394 401 (17.0)
198: 389 391 396 (22.0)
199: 397 398 (28.0)
200: 395 399 (24.0)
201: 402 403 (25.0)
202: 400 405 (30.0)
203: 404 407 (31.0)
204: 406 409 (18.0)
205: 411 419 (31.0)
206: 410 420 (26.0)
207: 413 414 (30.0)
208: 408 412 (26.0)
209: 416 418 421 (27.0)
210: 415 423 (23.0)
211: 417 422 (29.0)
212: 424 426 427 (32.0)
213: 431 (23.0)
214: 425 434 (21.0)
215: 428 429 430 (27.0)
216: 433 437 440 (30.0)
217: 432 443 (27.0)
218: 435 439 (26.0)
219: 438 (21.0)
220: 436 441 (29.0)
221: 442 451 (26.0)
222: 446 447 (25.0)
223: 444 449 (16.0)
224: 448 455 (24.0)
225: 445 457 (23.0)
226: 454 (21.0)
227: 452 453 (26.0)
228: 450 460 (22.0)
229: 456 458 462 (38.0)
230: 459 461 (33.0)
231: 463 464 (30.0)
232: 465 467 (20.0)
233: 470 471 (26.0)
234: 468 469 (26.0)
235: 466 472 (26.0)
236: 474 480 481 (29.0)
237: 475 (23.0)
238: 473 477 (32.0)
239: 478 482 484 (33.0)
240: 476 485 (31.0)
241: 483 487 (34.0)
242: 479 488 (25.0)
243: 486 493 (14.0)
244: 490 (9.0)
245: 491 494 (25.0)
246: 489 498 (27.0)
247: 495 496 (29.0)
248: 492 499 (30.0)
249: 501 (21.0)
250: 500 503 504 (31.0)
251: 507 (20.0)
252: 497 505 (27.0)
253: 502 511 (32.0)
254: 508 (24.0)
255: 506 509 516 (20.0)
256: 513 522 (32.0)
257: 510 512 517 (25.0)
258: 514 519 (27.0)
259: 515 518 520 521 524 (17.0)
260: 523 525 (25.0)
261: 526 532 (30.0)
262: 527 535 541 (19.0)
263: 528 530 531 533 (20.0)
264: 529 537 540 (23.0)
265: 534 547 (25.0)
266: 539 542 546 548 551 (17.0)
267: 538 549 (28.0)
268: 536 544 552 (29.0)
269: 545 550 (27.0)
270: 543 555 (36.0)
271: 558 561 562 (30.0)
272: 553 557 559 563 (30.0)
273: 554 564 568 (30.0)
274: 565 573 579 (30.0)
275: 556 566 569 (24.0)
276: 560 571 572 (25.0)
277: 567 570 574 575 (27.0)
278: 576 580 (22.0)
279: 577 578 591 (29.0)
280: 583 595 (33.0)
281: 589 597 (21.0)
282: 581 587 588 599 (30.0)
283: 582 584 598 605 (29.0)
284: 585 586 590 594 (25.0)
285: 593 601 (30.0)
286: 592 596 600 603 (26.0)
287: 604 606 609 (39.0)
288: 602 608 610 612 (27.0)
289: 611 616 (23.0)
290: 607 614 615 (32.0)
291: 613 617 618 619 621 (24.0)
292: 622 (21.0)
293: 620 623 624 636 (30.0)
294: 627 629 638 (28.0)
295: 626 631 633 (27.0)
296: 628 642 645 (30.0)
297: 625 630 632 639 (29.0)
298: 646 (21.0)
299: 635 637 640 (23.0)
300: 634 644 647 (26.0)
301: 641 643 648 656 (30.0)
302: 649 658 (25.0)
303: 650 651 653 654 (24.0)
304: 657 660 (30.0)
305: 652 655 (29.0)
306: 661 662 664 666 (25.0)
307: 665 669 (24.0)
308: 659 667 668 672 (30.0)
309: 670 671 674 675 (29.0)
310: 663 678 (30.0)
311: 673 687 (30.0)
312: 676 677 679 (29.0)
313: 680 681 685 686 689 (29.0)
314: 682 683 684 (28.0)
315: 688 690 (27.0)
316: 692 693 699 702 (25.0)
317: 691 695 706 (27.0)
318: 694 696 (26.0)
319: 697 698 (23.0)
320: 705 711 (30.0)
321: 700 (20.0)
322: 701 703 704 710 712 (29.0)
323: 717 718 725 (27.0)
324: 707 709 714 722 (30.0)
325: 708 713 716 726 (33.0)
326: 715 719 721 727 (30.0)
327: 720 723 (31.0)
328: 728 729 730 (29.0)
329: 724 732 (31.0)
330: 731 733 734 735 (29.0)
331: 738 739 (30.0)
332: 736 741 748 (37.0)
333: 742 743 744 (29.0)
334: 737 745 747 756 (30.0)
335: 746 749 751 755 (30.0)
336: 740 752 754 763 (30.0)
337: 753 761 764 (32.0)
338: 750 765 (19.0)
339: 758 762 770 (23.0)
340: 757 759 (28.0)
341: 760 768 (30.0)
342: 769 771 775 (30.0)
343: 767 773 774 (23.0)
344: 776 777 787 (31.0)
345: 766 772 779 782 (23.0)
346: 783 785 (28.0)
347: 780 781 788 (29.0)
348: 778 789 (25.0)
349: 784 793 (30.0)
350: 786 794 797 800 (28.0)
351: 791 795 796 801 806 (26.0)
352: 792 799 (32.0)
353: 790 798 803 804 (25.0)
354: 807 808 809 (30.0)
355: 805 810 (26.0)
356: 812 814 816 (29.0)
357: 802 811 821 (39.0)
358: 815 817 828 (32.0)
359: 813 819 825 (30.0)
360: 818 823 827 (30.0)
361: 820 832 (32.0)
362: 822 834 840 (30.0)
363: 824 829 (27.0)
364: 826 831 835 843 848 (27.0)
365: 830 833 841 (25.0)
366: 836 837 839 842 846 (30.0)
367: 838 845 (31.0)
368: 844 851 852 (27.0)
369: 847 849 (28.0)
370: 853 855 (28.0)
371: 850 856 857 (34.0)
372: 861 864 (29.0)
373: 859 860 862 863 (31.0)
374: 854 858 871 872 (29.0)
375: 865 866 867 869 (32.0)
376: 870 873 (29.0)
377: 875 879 (27.0)
378: 868 878 883 886 887 (27.0)
379: 874 876 885 892 (23.0)
380: 884 888 (41.0)
381: 880 881 896 900 (30.0)
382: 877 882 893 (31.0)
383: 889 894 902 (34.0)
384: 890 891 901 (29.0)
385: 895 897 899 (35.0)
386: 904 905 906 (30.0)
387: 898 903 (33.0)
388: 907 909 912 (30.0)
389: 913 915 (29.0)
390: 908 910 914 919 (29.0)
391: 911 917 925 (27.0)
392: 918 922 930 (34.0)
393: 921 927 929 (30.0)
394: 916 924 (31.0)
395: 923 932 933 934 (30.0)
396: 920 940 (28.0)
397: 926 928 936 (29.0)
398: 938 939 941 (30.0)
399: 931 935 937 (30.0)
400: 943 944 945 (30.0)
401: 942 947 948 949 (27.0)
402: 956 960 (27.0)
403: 952 953 954 (30.0)
404: 950 951 957 958 965 (30.0)
405: 946 959 962 (30.0)
406: 964 966 (28.0)
407: 955 961 969 (29.0)
408: 963 967 (33.0)
409: 971 979 (32.0)
410: 970 972 973 974 976 977 (44.0)
411: 978 984 (37.0)
412: 968 980 981 985 (31.0)
413: 975 982 990 (26.0)
414: 983 987 (24.0)
415: 992 999 (30.0)
416: 988 995 (36.0)
417: 986 989 993 994 997 (27.0)
418: 991 996 998 (22.0)
