Name: 1000-20-30
Time: 35.82419943809509 
Result: 397035
Solution:  3 0 4 0 0 2 1 5 1 2 6 2 3 5 4 6 8 8 10 6 12 13 12 13 11 11 16 14 13 10 15 14 16 18 15 16 17 15 21 21 19 22 23 18 26 23 24 26 23 22 25 24 27 23 28 25 27 28 30 28 30 29 31 33 33 29 35 34 36 33 34 34 36 35 37 40 37 39 38 38 40 39 41 42 44 43 41 44 43 42 45 45 46 47 46 48 51 44 48 47 51 50 50 52 51 52 54 54 53 56 57 55 58 55 61 57 56 58 56 60 59 62 58 63 61 64 63 66 62 64 64 65 67 68 66 68 65 69 67 72 69 69 72 71 71 74 73 76 74 72 74 73 77 78 79 80 82 78 77 81 79 76 81 78 84 82 80 84 83 87 86 83 84 87 86 85 88 85 88 90 89 90 91 92 92 89 94 95 93 95 94 92 96 98 99 93 97 98 100 99 102 101 103 98 102 100 104 101 103 106 107 106 105 105 108 104 107 109 109 109 108 110 108 111 110 115 113 113 114 116 115 114 117 118 118 116 119 118 120 115 121 117 123 121 125 121 121 122 122 125 128 123 124 126 127 129 124 127 130 131 126 133 129 131 134 132 132 136 130 134 139 135 133 136 138 135 139 137 140 140 137 139 141 141 145 142 142 143 146 144 149 146 143 145 148 146 149 148 147 147 151 151 154 151 150 153 154 152 153 156 156 155 156 152 157 159 157 155 160 159 160 158 161 161 162 163 162 166 164 163 167 166 168 167 165 165 168 167 165 169 170 170 173 170 175 172 174 173 175 178 175 176 172 178 177 176 177 182 183 179 179 180 180 179 182 185 181 183 184 181 185 184 187 186 186 189 190 189 189 192 190 191 187 192 195 196 191 194 194 195 193 198 195 196 197 199 200 197 201 200 198 198 204 199 201 202 203 202 205 204 206 206 203 207 210 208 209 208 209 205 209 207 210 211 212 211 214 214 218 216 215 212 213 216 217 219 215 215 220 216 218 222 221 217 223 223 224 221 222 224 226 225 225 228 230 227 226 227 228 233 227 229 231 231 229 232 235 233 232 234 234 238 237 236 236 240 239 237 239 243 238 241 240 242 239 241 244 243 242 247 244 245 246 244 245 248 247 248 251 249 250 250 251 252 249 252 249 254 257 254 254 256 253 255 258 259 253 258 259 255 259 260 259 260 262 260 261 257 261 261 263 262 262 263 264 263 265 265 266 262 265 263 268 267 263 269 266 264 268 268 267 268 271 271 270 269 272 272 271 273 270 270 270 271 276 274 277 272 274 274 273 276 275 277 277 277 275 278 280 276 279 280 278 279 280 283 281 283 282 282 283 285 283 286 280 286 285 284 281 282 285 284 288 289 288 285 287 291 289 287 290 289 288 291 291 290 295 289 292 293 294 296 292 291 296 298 297 298 299 293 297 293 295 292 300 297 296 300 295 294 301 299 297 301 300 297 301 298 300 303 304 302 306 304 303 302 308 304 302 307 306 304 305 305 303 307 310 309 305 308 309 313 307 311 313 312 311 310 310 308 308 312 313 314 316 313 313 314 317 313 318 315 316 315 319 316 316 318 319 315 320 321 315 321 321 320 317 325 321 326 322 322 323 324 322 326 324 323 325 325 327 324 323 330 326 325 328 325 328 330 328 329 332 333 327 333 330 332 329 329 330 332 333 334 331 334 333 333 331 336 338 334 337 338 336 335 337 340 339 336 339 337 342 336 341 337 340 342 341 342 343 339 343 344 345 342 344 343 344 345 345 347 344 346 347 348 347 344 346 348 346 349 350 349 351 346 350 351 352 352 351 354 353 352 353 355 353 351 357 355 356 356 358 357 358 357 354 358 356 358 361 359 362 360 360 359 361 361 359 364 360 365 362 366 361 364 363 367 369 366 363 366 368 368 368 363 370 369 365 365 367 368 369 372 373 368 371 372 370 373 373 370 371 370 373 374 374 374 376 375 377 378 375 377 378 375 376 380 378 378 381 379 376 379 380 379 383 383 382 383 381 384 379 383 385 384 382 384 387 389 383 385 383 388 386 386 387 390 385 389 391 390 386 389 390 386 388 392 391 394 393 392 393 394 397 394 395 392 398 396 393 398 396 395 395 395 397 399 399 399 396 400 402 400 401 400 402 401 400 401 403 403 404 405 404 403 402 405 404 405 407 404 405 408 406 408 408 409 412 407 409 406 407 410 409 413 412 411 411 410 412 412 412 414 415 414 411 416 413 414 417 418 416 414 418 417 414 418 418 415
0: 1 3 4 (17.0)
1: 6 8 (23.0)
2: 5 9 11 (28.0)
3: 0 12 (22.0)
4: 2 14 (30.0)
5: 7 13 (25.0)
6: 10 15 19 (21.0)
7: (0.0)
8: 16 17 (20.0)
9: (0.0)
10: 18 29 (26.0)
11: 24 25 (20.0)
12: 20 22 (24.0)
13: 21 23 28 (24.0)
14: 27 31 (25.0)
15: 30 34 37 (31.0)
16: 26 32 35 (23.0)
17: 36 (11.0)
18: 33 43 (24.0)
19: 40 (12.0)
20: (0.0)
21: 38 39 (20.0)
22: 41 49 (23.0)
23: 42 45 48 53 (17.0)
24: 46 51 (22.0)
25: 50 55 (15.0)
26: 44 47 (30.0)
27: 52 56 (29.0)
28: 54 57 59 (29.0)
29: 61 65 (24.0)
30: 58 60 (17.0)
31: 62 (14.0)
32: (0.0)
33: 63 64 69 (21.0)
34: 67 70 71 (30.0)
35: 66 73 (26.0)
36: 68 72 (20.0)
37: 74 76 (17.0)
38: 78 79 (21.0)
39: 77 81 (26.0)
40: 75 80 (20.0)
41: 82 86 (26.0)
42: 83 89 (27.0)
43: 85 88 (23.0)
44: 84 87 97 (20.0)
45: 90 91 (21.0)
46: 92 94 (16.0)
47: 93 99 (29.0)
48: 95 98 (18.0)
49: (0.0)
50: 101 102 (16.0)
51: 96 100 104 (26.0)
52: 103 105 (30.0)
53: 108 (18.0)
54: 106 107 (21.0)
55: 111 113 (19.0)
56: 109 116 118 (20.0)
57: 110 115 (20.0)
58: 112 117 122 (18.0)
59: 120 (10.0)
60: 119 (17.0)
61: 114 124 (35.0)
62: 121 128 (29.0)
63: 123 126 (22.0)
64: 125 129 130 (16.0)
65: 131 136 (24.0)
66: 127 134 (24.0)
67: 132 138 (17.0)
68: 133 135 (26.0)
69: 137 140 141 (28.0)
70: (0.0)
71: 143 144 (29.0)
72: 139 142 149 (37.0)
73: 146 151 (22.0)
74: 145 148 150 (20.0)
75: (0.0)
76: 147 161 (26.0)
77: 152 158 (21.0)
78: 153 157 163 (29.0)
79: 154 160 (23.0)
80: 155 166 (24.0)
81: 159 162 (31.0)
82: 156 165 (25.0)
83: 168 171 (29.0)
84: 164 167 172 (21.0)
85: 175 177 (26.0)
86: 170 174 (18.0)
87: 169 173 (16.0)
88: 176 178 (27.0)
89: 180 185 (16.0)
90: 179 181 (24.0)
91: 182 (19.0)
92: 183 184 191 (27.0)
93: 188 195 (25.0)
94: 186 190 (21.0)
95: 187 189 (13.0)
96: 192 (21.0)
97: 196 (16.0)
98: 193 197 203 (12.0)
99: 194 199 (27.0)
100: 198 205 (26.0)
101: 201 207 (30.0)
102: 200 204 (15.0)
103: 202 208 (25.0)
104: 206 215 (21.0)
105: 212 213 (22.0)
106: 209 211 (28.0)
107: 210 216 (23.0)
108: 214 220 222 (30.0)
109: 217 218 219 (29.0)
110: 221 224 (27.0)
111: 223 (12.0)
112: (0.0)
113: 226 227 (23.0)
114: 228 231 (23.0)
115: 225 230 239 (17.0)
116: 229 235 (30.0)
117: 232 241 (30.0)
118: 233 234 237 (20.0)
119: 236 (14.0)
120: 238 (20.0)
121: 240 243 245 246 (26.0)
122: 247 248 (29.0)
123: 242 251 (21.0)
124: 252 256 (21.0)
125: 244 249 (29.0)
126: 253 260 (26.0)
127: 254 257 (29.0)
128: 250 (22.0)
129: 255 262 (22.0)
130: 258 268 (19.0)
131: 259 263 (26.0)
132: 265 266 (29.0)
133: 261 272 (17.0)
134: 264 269 (22.0)
135: 271 275 (35.0)
136: 267 273 (19.0)
137: 277 280 (24.0)
138: 274 (7.0)
139: 270 276 281 (27.0)
140: 278 279 (23.0)
141: 282 283 (24.0)
142: 285 286 (28.0)
143: 287 292 (26.0)
144: 289 (22.0)
145: 284 293 (18.0)
146: 288 291 295 (18.0)
147: 298 299 (24.0)
148: 294 297 (27.0)
149: 290 296 (29.0)
150: 304 (20.0)
151: 300 301 303 (42.0)
152: 307 313 (24.0)
153: 305 308 (26.0)
154: 302 306 (26.0)
155: 311 317 (24.0)
156: 309 310 312 (16.0)
157: 314 316 (21.0)
158: 321 (8.0)
159: 315 319 (31.0)
160: 318 320 (26.0)
161: 322 323 (24.0)
162: 324 326 (28.0)
163: 325 329 (12.0)
164: 328 (22.0)
165: 334 335 338 (26.0)
166: 327 331 (26.0)
167: 330 333 337 (28.0)
168: 332 336 (28.0)
169: 339 (22.0)
170: 340 341 343 (37.0)
171: (0.0)
172: 345 352 (23.0)
173: 342 347 (13.0)
174: 346 (22.0)
175: 344 348 350 (23.0)
176: 351 355 (25.0)
177: 354 356 (37.0)
178: 349 353 (31.0)
179: 359 360 363 (33.0)
180: 361 362 (21.0)
181: 366 369 (29.0)
182: 357 364 (19.0)
183: 358 367 (31.0)
184: 368 371 (27.0)
185: 365 370 (20.0)
186: 373 374 (24.0)
187: 372 382 (27.0)
188: (0.0)
189: 375 377 378 (38.0)
190: 376 380 (22.0)
191: 381 386 (23.0)
192: 379 383 (29.0)
193: 390 (20.0)
194: 387 388 (30.0)
195: 384 389 392 (29.0)
196: 385 393 (28.0)
197: 394 397 (28.0)
198: 391 400 401 (30.0)
199: 395 403 (28.0)
200: 396 399 (22.0)
201: 398 404 (29.0)
202: 405 407 (24.0)
203: 406 412 (19.0)
204: 402 409 (17.0)
205: 408 419 (35.0)
206: 410 411 (25.0)
207: 413 421 (27.0)
208: 415 417 (27.0)
209: 416 418 420 (30.0)
210: 414 422 (27.0)
211: 423 425 (30.0)
212: 424 431 (30.0)
213: 432 (16.0)
214: 426 427 (25.0)
215: 430 436 437 (27.0)
216: 429 433 439 (23.0)
217: 434 443 (14.0)
218: 428 440 (26.0)
219: 435 (22.0)
220: 438 (21.0)
221: 442 447 (29.0)
222: 441 448 (33.0)
223: 444 445 (25.0)
224: 446 449 (16.0)
225: 451 452 (24.0)
226: 450 456 (31.0)
227: 455 457 460 (22.0)
228: 453 458 (24.0)
229: 461 464 (31.0)
230: 454 (21.0)
231: 462 463 (26.0)
232: 465 468 (30.0)
233: 459 467 (24.0)
234: 469 470 (20.0)
235: 466 (18.0)
236: 473 474 (21.0)
237: 472 477 (22.0)
238: 471 480 (26.0)
239: 476 478 484 (36.0)
240: 475 482 (32.0)
241: 481 485 (33.0)
242: 483 488 (33.0)
243: 479 487 (26.0)
244: 486 490 493 (23.0)
245: 491 494 (25.0)
246: 492 (21.0)
247: 489 496 (21.0)
248: 495 497 (33.0)
249: 499 504 506 (29.0)
250: 500 501 (26.0)
251: 498 502 (31.0)
252: 503 505 (24.0)
253: 512 516 (22.0)
254: 507 509 510 (30.0)
255: 513 519 (30.0)
256: 511 (18.0)
257: 508 527 (30.0)
258: 514 517 (20.0)
259: 515 518 520 522 (26.0)
260: 521 523 525 (31.0)
261: 526 528 529 (30.0)
262: 524 531 532 539 (31.0)
263: 530 533 535 541 544 (22.0)
264: 534 547 (25.0)
265: 536 537 540 (28.0)
266: 538 546 (26.0)
267: 543 550 (34.0)
268: 542 548 549 551 (17.0)
269: 545 555 (29.0)
270: 554 560 561 562 (26.0)
271: 552 553 558 563 (23.0)
272: 556 557 567 (22.0)
273: 559 570 (23.0)
274: 565 568 569 (31.0)
275: 572 576 (27.0)
276: 564 571 579 (35.0)
277: 566 573 574 575 (29.0)
278: 577 582 (24.0)
279: 580 583 (27.0)
280: 578 581 584 594 (18.0)
281: 586 598 (25.0)
282: 588 589 599 (25.0)
283: 585 587 590 592 (24.0)
284: 597 601 (26.0)
285: 591 596 600 605 (24.0)
286: 593 595 (29.0)
287: 606 609 (23.0)
288: 602 604 612 (19.0)
289: 603 608 611 617 (20.0)
290: 610 615 (31.0)
291: 607 613 614 623 (28.0)
292: 618 622 633 (29.0)
293: 619 629 631 (30.0)
294: 620 639 (28.0)
295: 616 632 638 (30.0)
296: 621 624 636 (21.0)
297: 626 630 635 642 645 (30.0)
298: 625 627 647 (29.0)
299: 628 641 (34.0)
300: 634 637 644 648 (30.0)
301: 640 643 646 (35.0)
302: 651 655 658 (28.0)
303: 649 654 664 (30.0)
304: 650 653 657 661 (29.0)
305: 662 663 668 (30.0)
306: 652 660 (34.0)
307: 659 665 672 (26.0)
308: 656 669 679 680 (30.0)
309: 667 670 (23.0)
310: 666 677 678 (23.0)
311: 673 676 (25.0)
312: 675 681 (26.0)
313: 671 674 682 685 686 689 (26.0)
314: 683 687 (26.0)
315: 691 693 699 702 (27.0)
316: 684 692 695 696 (26.0)
317: 688 706 (26.0)
318: 690 697 (30.0)
319: 694 698 (28.0)
320: 700 705 (32.0)
321: 701 703 704 708 (26.0)
322: 710 711 714 (28.0)
323: 712 717 722 (29.0)
324: 713 716 721 (27.0)
325: 707 718 719 725 727 (28.0)
326: 709 715 724 (29.0)
327: 720 734 (29.0)
328: 726 728 730 (30.0)
329: 731 738 739 (31.0)
330: 723 729 736 740 (34.0)
331: 744 748 (31.0)
332: 732 737 741 (36.0)
333: 733 735 742 746 747 (38.0)
334: 743 745 751 (29.0)
335: 755 (20.0)
336: 749 754 759 763 (27.0)
337: 752 756 761 765 (21.0)
338: 750 753 (27.0)
339: 758 760 771 (28.0)
340: 757 766 (29.0)
341: 764 768 (30.0)
342: 762 767 769 775 (29.0)
343: 770 772 777 (35.0)
344: 773 776 778 782 787 (30.0)
345: 774 779 780 (35.0)
346: 783 788 790 795 (30.0)
347: 781 784 786 (28.0)
348: 785 789 (27.0)
349: 791 793 (26.0)
350: 792 796 (26.0)
351: 794 797 800 807 (29.0)
352: 798 799 803 (26.0)
353: 802 804 806 (30.0)
354: 801 816 (27.0)
355: 805 809 (24.0)
356: 810 811 818 (27.0)
357: 808 813 815 (34.0)
358: 812 814 817 819 (29.0)
359: 821 825 828 (29.0)
360: 823 824 830 (26.0)
361: 820 826 827 834 (29.0)
362: 822 832 (31.0)
363: 836 840 845 (31.0)
364: 829 835 (33.0)
365: 831 848 849 (30.0)
366: 833 839 841 (31.0)
367: 837 850 (30.0)
368: 842 843 844 851 855 (27.0)
369: 838 847 852 (30.0)
370: 846 858 861 863 (29.0)
371: 856 862 (30.0)
372: 853 857 (26.0)
373: 854 859 860 864 (29.0)
374: 865 866 867 (30.0)
375: 869 872 875 (29.0)
376: 868 876 882 (24.0)
377: 870 873 (29.0)
378: 871 874 878 879 (29.0)
379: 881 883 885 892 (30.0)
380: 877 884 (34.0)
381: 880 890 (30.0)
382: 888 896 (28.0)
383: 886 887 889 893 900 902 (29.0)
384: 891 895 897 (30.0)
385: 894 901 908 (30.0)
386: 904 905 912 915 (28.0)
387: 898 906 (30.0)
388: 903 916 (36.0)
389: 899 909 913 (30.0)
390: 907 911 914 (30.0)
391: 910 918 (33.0)
392: 917 921 927 (30.0)
393: 920 922 930 (30.0)
394: 919 923 925 (30.0)
395: 926 933 934 935 (29.0)
396: 929 932 940 (29.0)
397: 924 936 (23.0)
398: 928 931 (32.0)
399: 937 938 939 (30.0)
400: 941 943 945 948 (28.0)
401: 944 947 949 (31.0)
402: 942 946 956 (30.0)
403: 950 951 955 (28.0)
404: 952 954 958 961 (31.0)
405: 953 957 959 962 (30.0)
406: 964 971 (34.0)
407: 960 969 972 (31.0)
408: 963 965 966 (30.0)
409: 967 970 974 (31.0)
410: 973 979 (30.0)
411: 977 978 986 (30.0)
412: 968 976 980 981 982 (33.0)
413: 975 988 (28.0)
414: 983 985 989 993 996 (29.0)
415: 984 999 (37.0)
416: 987 992 (29.0)
417: 990 995 (28.0)
418: 991 994 997 998 (30.0)
