Name: 100-40-75
Time: 9.274832010269165 
Result: 43
Solution:  0 0 1 1 5 2 5 2 6 4 4 7 4 8 7 5 4 6 5 8 12 11 13 10 11 12 13 13 14 16 15 15 17 16 14 17 19 16 20 18 22 19 20 18 24 20 21 22 24 26 27 25 23 24 29 27 30 28 29 25 32 29 31 28 30 32 33 36 35 37 34 34 33 36 35 37 38 38 38 40 39 35 41 43 42 41 39 40 41 43 40 42 43 41 44 44 44 45 42 45
0: 0 1 (41.0)
1: 2 3 (42.0)
2: 5 7 (49.0)
3: (0.0)
4: 9 10 12 16 (63.0)
5: 4 6 15 18 (68.0)
6: 8 17 (76.0)
7: 11 14 (52.0)
8: 13 19 (49.0)
9: (0.0)
10: 23 (41.0)
11: 21 24 (52.0)
12: 20 25 (44.0)
13: 22 26 27 (58.0)
14: 28 34 (57.0)
15: 30 31 (51.0)
16: 29 33 37 (49.0)
17: 32 35 (73.0)
18: 39 43 (53.0)
19: 36 41 (43.0)
20: 38 42 45 (73.0)
21: 46 (42.0)
22: 40 47 (62.0)
23: 52 (43.0)
24: 44 48 53 (74.0)
25: 51 59 (71.0)
26: 49 (46.0)
27: 50 55 (63.0)
28: 57 63 (69.0)
29: 54 58 61 (70.0)
30: 56 64 (65.0)
31: 62 (49.0)
32: 60 65 (70.0)
33: 66 72 (78.0)
34: 70 71 (68.0)
35: 68 74 81 (73.0)
36: 67 73 (59.0)
37: 69 75 (84.0)
38: 76 77 78 (71.0)
39: 80 86 (64.0)
40: 79 87 90 (67.0)
41: 82 85 88 93 (64.0)
42: 84 91 98 (75.0)
43: 83 89 92 (77.0)
44: 94 95 96 (75.0)
45: 97 99 (74.0)
