Name: 100-20-30
Time: 4.447465419769287 
Result: 20017
Solution:  1 0 1 4 1 0 0 3 4 5 3 5 6 4 6 7 8 9 10 13 8 9 7 11 12 9 13 11 13 10 14 14 17 15 15 19 17 21 19 17 20 22 21 20 23 25 24 23 22 24 26 24 28 26 28 27 25 28 29 31 27 29 35 33 30 29 32 34 32 31 37 38 36 36 35 37 37 34 39 39 40 38 41 43 40 42 44 43 44 42 41 44 46 46 45 45 45 47 47 47
0: 1 5 6 (33.0)
1: 0 2 4 (26.0)
2: (0.0)
3: 7 10 (25.0)
4: 3 8 13 (26.0)
5: 9 11 (18.0)
6: 12 14 (28.0)
7: 15 22 (20.0)
8: 16 20 (25.0)
9: 17 21 25 (18.0)
10: 18 29 (26.0)
11: 23 27 (27.0)
12: 24 (21.0)
13: 19 26 28 (20.0)
14: 30 31 (23.0)
15: 33 34 (22.0)
16: (0.0)
17: 32 36 39 (28.0)
18: (0.0)
19: 35 38 (26.0)
20: 40 43 (29.0)
21: 37 42 (23.0)
22: 41 48 (30.0)
23: 44 47 (27.0)
24: 46 49 51 (31.0)
25: 45 56 (24.0)
26: 50 53 (28.0)
27: 55 60 (35.0)
28: 52 54 57 (28.0)
29: 58 61 65 (23.0)
30: 64 (20.0)
31: 59 69 (27.0)
32: 66 68 (29.0)
33: 63 (23.0)
34: 67 77 (28.0)
35: 62 74 (28.0)
36: 72 73 (28.0)
37: 70 75 76 (29.0)
38: 71 81 (32.0)
39: 78 79 (28.0)
40: 80 84 (20.0)
41: 82 90 (29.0)
42: 85 89 (23.0)
43: 83 87 (34.0)
44: 86 88 91 (31.0)
45: 94 95 96 (30.0)
46: 92 93 (20.0)
47: 97 98 99 (30.0)
