Name: 1000-40-75
Time: 72.81255578994751 
Result: 87
Solution:  0 0 2 0 1 2 3 1 3 4 4 8 6 9 6 10 8 10 7 10 7 12 11 9 9 11 13 13 14 14 16 12 18 17 20 17 19 18 16 17 19 22 19 20 24 22 24 23 24 23 26 28 29 26 27 25 27 30 29 31 28 32 31 35 33 28 32 35 32 34 33 31 34 34 37 40 42 37 41 41 44 40 44 43 42 44 45 43 47 47 44 46 43 45 50 48 51 48 46 50 49 50 52 51 54 52 54 49 55 54 56 54 59 55 54 59 58 57 57 61 62 58 60 61 61 62 60 62 66 64 62 65 68 64 66 67 67 71 69 68 69 73 72 75 71 72 73 74 74 76 76 77 78 76 79 80 80 75 82 81 77 79 82 83 84 78 83 82 85 84 85 86 83 86 86 84 88 87 87 93 90 88 92 91 92 95 94 93 93 94 97 96 95 97 98 96 97 101 98 99 100 100 103 99 102 101 107 103 102 103 104 104 106 106 108 107 108 107 109 113 111 109 110 114 113 115 113 115 111 114 117 114 116 117 117 117 116 120 116 118 120 121 118 122 121 123 123 125 125 124 124 122 126 127 126 124 130 132 128 130 127 128 131 132 134 135 131 133 135 138 136 135 136 133 137 140 139 140 136 138 139 140 141 142 141 140 143 141 144 144 143 145 146 146 148 147 149 145 152 149 148 152 151 152 153 150 155 154 154 154 155 152 156 156 153 157 157 159 159 158 162 159 160 158 163 164 161 166 163 161 164 165 166 168 165 167 168 169 165 170 170 169 171 168 176 173 172 173 172 174 175 177 175 177 174 178 178 180 179 178 180 176 181 181 183 185 182 182 183 184 184 186 187 189 187 186 188 189 192 186 190 188 190 191 193 192 194 191 196 194 195 195 197 194 196 197 198 198 199 201 202 198 201 203 200 200 206 203 204 204 205 207 207 205 208 208 210 209 209 210 207 211 213 210 212 212 214 213 215 214 215 218 220 217 218 218 221 217 221 219 216 222 219 222 220 222 227 223 224 223 225 227 224 228 229 226 230 230 229 231 229 233 228 227 234 233 231 232 237 237 236 233 232 235 238 235 234 240 236 239 240 242 238 241 239 242 245 246 244 243 243 243 245 248 247 246 249 250 250 246 249 251 250 252 253 254 256 250 251 253 255 255 258 256 254 257 260 257 259 259 260 258 261 262 264 258 267 261 262 264 262 265 265 263 265 271 266 271 268 268 271 267 272 274 274 270 272 274 271 273 275 276 276 273 277 277 275 278 279 280 279 280 281 284 281 282 282 279 284 283 285 284 287 286 287 290 288 286 291 291 289 287 292 294 288 292 297 295 293 294 295 291 298 293 296 299 296 298 299 298 300 300 301 301 305 301 303 302 306 302 302 304 307 309 310 307 311 308 306 308 311 309 309 313 312 314 312 311 316 316 314 315 320 315 318 317 318 319 317 321 320 319 323 323 321 322 327 325 325 322 328 324 327 326 326 325 328 330 331 331 329 328 329 332 330 333 336 333 334 334 335 336 335 332 341 338 337 337 339 338 342 343 340 341 344 339 344 341 342 345 342 348 343 346 348 345 349 346 347 349 350 350 352 353 354 352 354 351 355 357 353 358 356 357 359 356 358 361 360 361 357 360 362 365 365 363 359 363 366 362 363 367 367 364 369 370 368 368 366 372 371 371 373 373 376 369 376 370 375 375 372 374 379 374 380 377 377 378 380 378 379 381 381 379 382 383 385 384 384 383 386 384 387 385 386 390 387 391 390 389 388 389 391 388 392 392 393 395 393 394 394 395 395 396 397 398 400 396 399 401 398 400 399 401 400 402 403 405 404 404 406 402 403 405 406 409 411 407 408 410 413 407 412 409 410 408 413 414 411 417 412 416 418 414 415 415 419 419 420 416 421 418 417 421 420 420 423 423 425 422 424 422 427 425 424 426 429 428 429 428 430 427 435 431 430 432 433 435 434 433 437 431 436 436 434 437 438 438 439 442 441 441 440 440 442 439 443 443 445 445 444 449 446 446 449 446 444 448 452 450 447 447 448 452 453 453 450 456 451 458 454 455 454 454 456 454 455 459 459 458 458 458 457 456 461 460 457 461 459 460 462 461 463 463 462 465 463 467 460 465 465 464 466 468 467 464 468 471 464 468 467 470 470 467 469 472 466 466 471 470 471 472 475 469 474 474 475 473 473 473 476 476 476 474 476 479 478 478 479 477 480 477 475 480 479 481 480 482 481 482 482 480 484 483 483 480 484 484 483 482
0: 0 1 3 (52.0)
1: 4 7 (51.0)
2: 2 5 (42.0)
3: 6 8 (30.0)
4: 9 10 (28.0)
5: (0.0)
6: 12 14 (53.0)
7: 18 20 (47.0)
8: 11 16 (54.0)
9: 13 23 24 (44.0)
10: 15 17 19 (46.0)
11: 22 25 (53.0)
12: 21 31 (42.0)
13: 26 27 (41.0)
14: 28 29 (41.0)
15: (0.0)
16: 30 38 (42.0)
17: 33 35 39 (61.0)
18: 32 37 (46.0)
19: 36 40 42 (50.0)
20: 34 43 (51.0)
21: (0.0)
22: 41 45 (40.0)
23: 47 49 (67.0)
24: 44 46 48 (36.0)
25: 55 (17.0)
26: 50 53 (67.0)
27: 54 56 (33.0)
28: 51 60 65 (50.0)
29: 52 58 (42.0)
30: 57 (34.0)
31: 59 62 71 (33.0)
32: 61 66 68 (49.0)
33: 64 70 (47.0)
34: 69 72 73 (66.0)
35: 63 67 (64.0)
36: (0.0)
37: 74 77 (37.0)
38: (0.0)
39: (0.0)
40: 75 81 (56.0)
41: 78 79 (43.0)
42: 76 84 (50.0)
43: 83 87 92 (57.0)
44: 80 82 85 90 (71.0)
45: 86 93 (52.0)
46: 91 98 (49.0)
47: 88 89 (43.0)
48: 95 97 (48.0)
49: 100 107 (72.0)
50: 94 99 101 (42.0)
51: 96 103 (33.0)
52: 102 105 (64.0)
53: (0.0)
54: 104 106 109 111 114 (55.0)
55: 108 113 (43.0)
56: 110 (29.0)
57: 117 118 (37.0)
58: 116 121 (53.0)
59: 112 115 (59.0)
60: 122 126 (60.0)
61: 119 123 124 (79.0)
62: 120 125 127 130 (41.0)
63: (0.0)
64: 129 133 (28.0)
65: 131 (38.0)
66: 128 134 (49.0)
67: 135 136 (54.0)
68: 132 139 (38.0)
69: 138 140 (48.0)
70: (0.0)
71: 137 144 (40.0)
72: 142 145 (62.0)
73: 141 146 (57.0)
74: 147 148 (46.0)
75: 143 157 (40.0)
76: 149 150 153 (48.0)
77: 151 160 (45.0)
78: 152 165 (47.0)
79: 154 161 (47.0)
80: 155 156 (38.0)
81: 159 (36.0)
82: 158 162 167 (41.0)
83: 163 166 172 (93.0)
84: 164 169 175 (71.0)
85: 168 170 (63.0)
86: 171 173 174 (49.0)
87: 177 178 (65.0)
88: 176 181 (20.0)
89: (0.0)
90: 180 (37.0)
91: 183 (26.0)
92: 182 184 (47.0)
93: 179 187 188 (54.0)
94: 186 189 (56.0)
95: 185 192 (49.0)
96: 191 195 (58.0)
97: 190 193 196 (36.0)
98: 194 198 (65.0)
99: 199 203 (34.0)
100: 200 201 (47.0)
101: 197 205 (59.0)
102: 204 208 (54.0)
103: 202 207 209 (64.0)
104: 210 211 (48.0)
105: (0.0)
106: 212 213 (48.0)
107: 206 215 217 (48.0)
108: 214 216 (73.0)
109: 218 221 (57.0)
110: 222 (44.0)
111: 220 228 (65.0)
112: (0.0)
113: 219 224 226 (48.0)
114: 223 229 231 (60.0)
115: 225 227 (56.0)
116: 232 236 238 (53.0)
117: 230 233 234 235 (84.0)
118: 239 242 (69.0)
119: (0.0)
120: 237 240 (58.0)
121: 241 244 (47.0)
122: 243 251 (60.0)
123: 245 246 (53.0)
124: 249 250 255 (44.0)
125: 247 248 (46.0)
126: 252 254 (58.0)
127: 253 260 (59.0)
128: 258 261 (50.0)
129: (0.0)
130: 256 259 (54.0)
131: 262 266 (48.0)
132: 257 263 (56.0)
133: 267 273 (54.0)
134: 264 (40.0)
135: 265 268 271 (50.0)
136: 270 272 278 (74.0)
137: 274 (43.0)
138: 269 279 (50.0)
139: 276 280 (68.0)
140: 275 277 281 285 (57.0)
141: 282 284 287 (58.0)
142: 283 (41.0)
143: 286 290 (60.0)
144: 288 289 (51.0)
145: 291 297 (43.0)
146: 292 293 (51.0)
147: 295 (24.0)
148: 294 300 (66.0)
149: 296 299 (69.0)
150: 305 (43.0)
151: 302 (46.0)
152: 298 301 303 311 (52.0)
153: 304 314 (28.0)
154: 307 308 309 (76.0)
155: 306 310 (64.0)
156: 312 313 (52.0)
157: 315 316 (71.0)
158: 319 323 (44.0)
159: 317 318 321 (40.0)
160: 322 (44.0)
161: 326 329 (66.0)
162: 320 (41.0)
163: 324 328 (29.0)
164: 325 330 (74.0)
165: 331 334 338 (43.0)
166: 327 332 (44.0)
167: 335 (46.0)
168: 333 336 343 (76.0)
169: 337 341 (41.0)
170: 339 340 (54.0)
171: 342 (47.0)
172: 346 348 (39.0)
173: 345 347 (59.0)
174: 349 354 (80.0)
175: 350 352 (59.0)
176: 344 361 (55.0)
177: 351 353 (47.0)
178: 355 356 359 (39.0)
179: 358 (41.0)
180: 357 360 (58.0)
181: 362 363 (53.0)
182: 366 367 (53.0)
183: 364 368 (53.0)
184: 369 370 (55.0)
185: 365 (46.0)
186: 371 375 379 (35.0)
187: 372 374 (65.0)
188: 376 381 (69.0)
189: 373 377 (48.0)
190: 380 382 (35.0)
191: 383 387 (65.0)
192: 378 385 (56.0)
193: 384 (41.0)
194: 386 389 393 (80.0)
195: 390 391 (54.0)
196: 388 394 (64.0)
197: 392 395 (43.0)
198: 396 397 401 (64.0)
199: 398 (48.0)
200: 404 405 (55.0)
201: 399 402 (45.0)
202: 400 (45.0)
203: 403 407 (29.0)
204: 408 409 (55.0)
205: 410 413 (75.0)
206: 406 (43.0)
207: 411 412 420 (43.0)
208: 414 415 (55.0)
209: 417 418 (61.0)
210: 416 419 423 (63.0)
211: 421 (47.0)
212: 424 425 (55.0)
213: 422 427 (60.0)
214: 426 429 (66.0)
215: 428 430 (63.0)
216: 440 (47.0)
217: 433 437 (70.0)
218: 431 434 435 (73.0)
219: 439 442 (62.0)
220: 432 444 (52.0)
221: 436 438 (40.0)
222: 441 443 445 (64.0)
223: 447 449 (65.0)
224: 448 452 (47.0)
225: 450 (40.0)
226: 455 (50.0)
227: 446 451 463 (62.0)
228: 453 462 (70.0)
229: 454 458 460 (72.0)
230: 456 457 (57.0)
231: 459 466 (64.0)
232: 467 472 (46.0)
233: 461 465 471 (63.0)
234: 464 476 (55.0)
235: 473 475 (48.0)
236: 470 478 (71.0)
237: 468 469 (58.0)
238: 474 482 (54.0)
239: 479 484 (53.0)
240: 477 480 (70.0)
241: 483 (40.0)
242: 481 485 (63.0)
243: 489 490 491 (68.0)
244: 488 (49.0)
245: 486 492 (71.0)
246: 487 495 499 (68.0)
247: 494 (50.0)
248: 493 (41.0)
249: 496 500 (56.0)
250: 497 498 502 507 (72.0)
251: 501 508 (48.0)
252: 503 (41.0)
253: 504 509 (65.0)
254: 505 514 (66.0)
255: 510 511 (59.0)
256: 506 513 (73.0)
257: 515 517 (65.0)
258: 512 521 525 (75.0)
259: 518 519 (59.0)
260: 516 520 (64.0)
261: 522 527 (72.0)
262: 523 528 530 (73.0)
263: 533 (40.0)
264: 524 529 (63.0)
265: 531 532 534 (60.0)
266: 536 (49.0)
267: 526 541 (73.0)
268: 538 539 (60.0)
269: (0.0)
270: 545 (41.0)
271: 535 537 540 548 (91.0)
272: 542 546 (63.0)
273: 549 553 (70.0)
274: 543 544 547 (77.0)
275: 550 556 (60.0)
276: 551 552 (59.0)
277: 554 555 (61.0)
278: 557 (44.0)
279: 558 560 567 (70.0)
280: 559 561 (63.0)
281: 562 564 (75.0)
282: 565 566 (59.0)
283: 569 (47.0)
284: 563 568 571 (56.0)
285: 570 (57.0)
286: 573 577 (65.0)
287: 572 574 581 (46.0)
288: 576 584 (67.0)
289: 580 (50.0)
290: 575 (49.0)
291: 578 579 591 (65.0)
292: 582 585 (53.0)
293: 588 593 (68.0)
294: 583 589 (67.0)
295: 587 590 (71.0)
296: 594 596 (62.0)
297: 586 (47.0)
298: 592 597 599 (74.0)
299: 595 598 (74.0)
300: 600 601 (62.0)
301: 602 603 605 (68.0)
302: 607 609 610 (74.0)
303: 606 (40.0)
304: 611 (55.0)
305: 604 (56.0)
306: 608 618 (47.0)
307: 612 615 (60.0)
308: 617 619 (81.0)
309: 613 621 622 (75.0)
310: 614 (47.0)
311: 616 620 627 (54.0)
312: 624 626 (73.0)
313: 623 (51.0)
314: 625 630 (71.0)
315: 631 633 (65.0)
316: 628 629 (63.0)
317: 635 638 (49.0)
318: 634 636 (68.0)
319: 637 641 (72.0)
320: 632 640 (70.0)
321: 639 644 (72.0)
322: 645 649 (55.0)
323: 642 643 (64.0)
324: 651 (61.0)
325: 647 648 655 (94.0)
326: 653 654 (59.0)
327: 646 652 (64.0)
328: 650 656 661 (71.0)
329: 660 662 (64.0)
330: 657 664 (63.0)
331: 658 659 (64.0)
332: 663 673 (53.0)
333: 665 667 (63.0)
334: 668 669 (64.0)
335: 670 672 (72.0)
336: 666 671 (67.0)
337: 676 677 (65.0)
338: 675 679 (52.0)
339: 678 685 (70.0)
340: 682 (45.0)
341: 674 683 687 (86.0)
342: 680 688 690 (67.0)
343: 681 692 (58.0)
344: 684 686 (72.0)
345: 689 695 (74.0)
346: 693 697 (75.0)
347: 698 (60.0)
348: 691 694 (74.0)
349: 696 699 (47.0)
350: 700 701 (65.0)
351: 707 (42.0)
352: 702 705 (54.0)
353: 703 710 (58.0)
354: 704 706 (50.0)
355: 708 (62.0)
356: 712 715 (74.0)
357: 709 713 720 (67.0)
358: 711 716 (72.0)
359: 714 726 (83.0)
360: 718 721 (74.0)
361: 717 719 (75.0)
362: 722 729 (77.0)
363: 725 727 730 (52.0)
364: 733 (56.0)
365: 723 724 (65.0)
366: 728 738 (74.0)
367: 731 732 (65.0)
368: 736 737 (66.0)
369: 734 745 (66.0)
370: 735 747 (68.0)
371: 740 741 (67.0)
372: 739 750 (68.0)
373: 742 743 (67.0)
374: 751 753 (75.0)
375: 748 749 (67.0)
376: 744 746 (66.0)
377: 755 756 (74.0)
378: 757 759 (55.0)
379: 752 760 763 (72.0)
380: 754 758 (72.0)
381: 761 762 (72.0)
382: 764 (40.0)
383: 765 769 (70.0)
384: 767 768 771 (70.0)
385: 766 773 (65.0)
386: 770 774 (54.0)
387: 772 776 (75.0)
388: 780 783 (73.0)
389: 779 781 (74.0)
390: 775 778 (88.0)
391: 777 782 (71.0)
392: 784 785 (68.0)
393: 786 788 (83.0)
394: 789 790 (81.0)
395: 787 791 792 (89.0)
396: 793 797 (75.0)
397: 794 (63.0)
398: 795 800 (60.0)
399: 798 802 (67.0)
400: 796 801 804 (53.0)
401: 799 803 (71.0)
402: 805 811 (65.0)
403: 806 812 (73.0)
404: 808 809 (69.0)
405: 807 813 (65.0)
406: 810 814 (75.0)
407: 817 821 (70.0)
408: 818 825 (67.0)
409: 815 823 (68.0)
410: 819 824 (72.0)
411: 816 828 (73.0)
412: 822 830 (104.0)
413: 820 826 (74.0)
414: 827 833 (75.0)
415: 834 835 (70.0)
416: 831 839 (62.0)
417: 829 842 (68.0)
418: 832 841 (61.0)
419: 836 837 (70.0)
420: 838 844 845 (89.0)
421: 840 843 (69.0)
422: 849 851 (68.0)
423: 846 847 (71.0)
424: 850 854 (62.0)
425: 848 853 (78.0)
426: 855 (41.0)
427: 852 861 (74.0)
428: 857 859 (58.0)
429: 856 858 (85.0)
430: 860 864 (41.0)
431: 863 871 (54.0)
432: 865 (64.0)
433: 866 869 (81.0)
434: 868 874 (79.0)
435: 862 867 (71.0)
436: 872 873 (72.0)
437: 870 875 (75.0)
438: 876 877 (72.0)
439: 878 885 (60.0)
440: 882 883 (72.0)
441: 880 881 (72.0)
442: 879 884 (84.0)
443: 886 887 (73.0)
444: 890 896 (74.0)
445: 888 889 (73.0)
446: 892 893 895 (100.0)
447: 900 901 (73.0)
448: 897 902 (84.0)
449: 891 894 (74.0)
450: 899 906 (73.0)
451: 908 (53.0)
452: 898 903 (74.0)
453: 904 905 (73.0)
454: 910 912 913 915 (88.0)
455: 911 916 (68.0)
456: 907 914 923 (61.0)
457: 922 926 (66.0)
458: 909 919 920 921 (94.0)
459: 917 918 928 (63.0)
460: 925 929 938 (68.0)
461: 924 927 931 (54.0)
462: 930 934 (60.0)
463: 932 933 936 (74.0)
464: 941 945 948 (70.0)
465: 935 939 940 (74.0)
466: 942 956 957 (77.0)
467: 937 944 950 953 (81.0)
468: 943 946 949 (83.0)
469: 954 963 (69.0)
470: 951 952 959 (75.0)
471: 947 958 960 (68.0)
472: 955 961 (74.0)
473: 967 968 969 (75.0)
474: 964 965 973 (90.0)
475: 962 966 982 (89.0)
476: 970 971 972 974 (80.0)
477: 979 981 (72.0)
478: 976 977 (63.0)
479: 975 978 984 (72.0)
480: 980 983 986 991 995 (66.0)
481: 985 988 (71.0)
482: 987 989 990 999 (74.0)
483: 993 994 998 (82.0)
484: 992 996 997 (86.0)
