Name: 1000-60-125
Time: 69.11707544326782 
Result: 151
Solution:  0 0 1 2 6 2 4 3 3 6 5 5 6 4 7 7 9 8 9 8 10 8 10 9 12 12 14 16 15 11 14 17 13 16 13 14 18 15 18 19 19 19 17 21 20 20 23 21 25 23 27 26 25 24 26 30 29 31 33 29 27 31 32 31 34 32 33 30 35 33 35 35 38 37 40 33 38 40 37 39 41 40 38 40 39 41 44 44 44 46 46 45 45 48 47 48 47 49 49 47 50 50 53 52 52 52 52 53 54 54 57 55 56 56 55 57 61 57 59 59 63 60 64 59 66 64 64 67 68 63 65 63 68 65 67 67 70 66 69 69 70 71 70 73 72 74 71 74 73 77 75 75 77 72 75 74 78 77 77 79 79 79 78 81 83 80 80 83 86 85 84 84 87 85 86 87 89 88 89 88 89 91 93 92 90 91 94 93 95 94 92 96 97 95 97 97 100 99 98 96 101 99 98 99 102 103 101 102 104 107 108 107 108 103 106 109 105 105 106 111 107 112 114 108 111 112 115 113 118 113 113 117 117 120 116 116 121 114 122 118 120 122 121 119 124 121 121 125 123 120 124 126 126 125 127 127 127 129 128 129 127 126 128 129 128 130 134 130 127 132 131 132 134 131 133 132 132 133 132 135 137 135 134 134 137 136 137 138 137 140 137 136 142 140 139 142 137 138 144 145 141 140 142 144 144 142 145 147 141 142 146 145 143 143 145 147 147 149 146 148 149 148 151 151 149 150 154 149 154 153 150 152 149 151 155 156 153 153 154 152 151 154 154 157 157 155 160 156 156 159 157 155 158 157 159 158 162 159 160 160 161 162 162 163 162 164 163 161 166 165 164 164 166 165 166 165 167 163 168 170 168 169 168 171 168 170 170 169 173 171 169 174 172 172 172 173 173 175 175 171 176 176 172 175 174 178 180 177 179 178 179 178 179 179 175 179 177 176 181 181 181 183 183 182 180 184 182 183 185 184 187 183 184 186 188 187 186 187 185 188 188 187 187 190 189 193 189 190 192 194 189 189 192 191 196 192 191 194 196 195 194 195 196 193 196 197 195 196 199 198 198 197 203 198 201 204 199 200 200 202 201 203 203 202 200 202 205 204 202 204 204 207 202 209 206 208 206 211 209 207 209 208 211 209 210 211 210 208 207 209 212 210 212 212 213 212 214 214 213 214 212 217 216 213 217 217 215 217 217 218 216 218 222 219 220 221 220 216 219 221 221 225 221 220 223 222 223 226 221 224 225 224 223 224 222 228 226 228 227 227 230 231 229 228 228 230 231 230 231 232 227 234 234 235 234 233 233 232 234 237 235 235 238 238 238 237 238 239 236 241 240 240 239 238 237 241 241 239 242 242 244 243 242 243 247 243 241 244 248 246 242 244 245 244 245 246 247 246 250 252 248 247 249 248 246 247 249 250 251 250 253 254 248 251 253 256 255 258 251 254 252 257 255 256 256 254 253 257 255 259 258 257 258 255 261 256 262 259 261 262 261 262 265 263 262 264 265 263 263 260 266 265 267 264 268 264 269 266 268 269 270 268 267 267 268 273 269 266 270 271 274 272 272 271 274 277 275 272 273 276 273 273 277 274 277 277 276 279 275 277 279 279 278 278 278 281 280 279 280 282 281 284 280 285 283 282 286 283 285 284 289 283 282 284 286 285 288 287 288 287 292 286 289 289 290 290 290 288 290 291 288 294 293 293 293 293 294 295 297 292 295 293 291 296 292 296 298 295 297 297 299 302 299 300 301 298 300 299 305 299 301 304 300 300 303 302 304 302 301 305 304 307 306 308 303 304 306 305 306 308 309 307 309 311 310 310 311 309 308 313 312 315 313 313 316 310 314 314 314 312 317 315 311 316 316 315 318 319 316 320 318 317 323 320 321 320 320 321 319 319 319 322 321 322 320 326 324 324 323 325 325 321 323 328 322 326 327 328 324 329 331 328 330 330 329 332 328 327 329 333 333 333 331 331 336 330 334 336 332 334 338 335 332 335 339 335 338 337 337 336 339 340 337 340 339 339 342 341 343 341 342 345 338 340 345 343 341 347 344 342 345 344 346 344 348 346 347 346 346 348 347 349 349 349 348 351 349 350 349 352 354 353 353 353 350 353 355 351 352 354 354 352 352 356 356 355 359 357 358 357 357 358 356 359 355 360 360 361 359 362 359 362 361 361 365 363 363 364 364 362 363 365 365 366 370 362 366 367 367 367 368 370 370 369 368 373 372 371 369 368 371 372 372 369 371 374 374 374 373 371
0: 0 1 (60.0)
1: 2 (8.0)
2: 3 5 (84.0)
3: 7 8 (62.0)
4: 6 13 (75.0)
5: 10 11 (61.0)
6: 4 9 12 (75.0)
7: 14 15 (61.0)
8: 17 19 21 (99.0)
9: 16 18 23 (55.0)
10: 20 22 (93.0)
11: 29 (42.0)
12: 24 25 (62.0)
13: 32 34 (95.0)
14: 26 30 35 (61.0)
15: 28 37 (61.0)
16: 27 33 (48.0)
17: 31 42 (64.0)
18: 36 38 (72.0)
19: 39 40 41 (76.0)
20: 44 45 (63.0)
21: 43 47 (64.0)
22: (0.0)
23: 46 49 (76.0)
24: 53 (32.0)
25: 48 52 (60.0)
26: 51 54 (42.0)
27: 50 60 (93.0)
28: (0.0)
29: 56 59 (98.0)
30: 55 67 (87.0)
31: 57 61 63 (58.0)
32: 62 65 (63.0)
33: 58 66 69 75 (75.0)
34: 64 (48.0)
35: 68 70 71 (119.0)
36: (0.0)
37: 73 78 (51.0)
38: 72 76 82 (107.0)
39: 79 84 (80.0)
40: 74 77 81 83 (86.0)
41: 80 85 (86.0)
42: (0.0)
43: (0.0)
44: 86 87 88 (87.0)
45: 91 92 (73.0)
46: 89 90 (70.0)
47: 94 96 99 (69.0)
48: 93 95 (72.0)
49: 97 98 (89.0)
50: 100 101 (66.0)
51: (0.0)
52: 103 104 105 106 (114.0)
53: 102 107 (86.0)
54: 108 109 (67.0)
55: 111 114 (94.0)
56: 112 113 (67.0)
57: 110 115 117 (51.0)
58: (0.0)
59: 118 119 123 (107.0)
60: 121 (34.0)
61: 116 (57.0)
62: (0.0)
63: 120 129 131 (62.0)
64: 122 125 126 (107.0)
65: 130 133 (99.0)
66: 124 137 (71.0)
67: 127 134 135 (96.0)
68: 128 132 (80.0)
69: 138 139 (69.0)
70: 136 140 142 (104.0)
71: 141 146 (94.0)
72: 144 153 (93.0)
73: 143 148 (75.0)
74: 145 147 155 (55.0)
75: 150 151 154 (117.0)
76: (0.0)
77: 149 152 157 158 (102.0)
78: 156 162 (81.0)
79: 159 160 161 (118.0)
80: 165 166 (65.0)
81: 163 (35.0)
82: (0.0)
83: 164 167 (79.0)
84: 170 171 (72.0)
85: 169 173 (57.0)
86: 168 174 (67.0)
87: 172 175 (93.0)
88: 177 179 (104.0)
89: 176 178 180 (63.0)
90: 184 (69.0)
91: 181 185 (57.0)
92: 183 190 (59.0)
93: 182 187 (60.0)
94: 186 189 (94.0)
95: 188 193 (57.0)
96: 191 199 (100.0)
97: 192 194 195 (122.0)
98: 198 202 (85.0)
99: 197 201 203 (60.0)
100: 196 (73.0)
101: 200 206 (83.0)
102: 204 207 (62.0)
103: 205 213 (75.0)
104: 208 (63.0)
105: 216 217 (76.0)
106: 214 218 (82.0)
107: 209 211 220 (99.0)
108: 210 212 223 (104.0)
109: 215 (21.0)
110: (0.0)
111: 219 224 (75.0)
112: 221 225 (77.0)
113: 227 229 230 (77.0)
114: 222 237 (125.0)
115: 226 (51.0)
116: 234 235 (78.0)
117: 231 232 (64.0)
118: 228 239 (89.0)
119: 243 (76.0)
120: 233 240 249 (106.0)
121: 236 242 245 246 (98.0)
122: 238 241 (101.0)
123: 248 (61.0)
124: 244 250 (65.0)
125: 247 253 (82.0)
126: 251 252 261 (109.0)
127: 254 255 256 260 268 (83.0)
128: 258 262 264 (73.0)
129: 257 259 263 (90.0)
130: 265 267 (75.0)
131: 270 273 (96.0)
132: 269 271 275 276 278 (63.0)
133: 274 277 (87.0)
134: 266 272 282 283 (60.0)
135: 279 281 (82.0)
136: 285 291 (63.0)
137: 280 284 286 288 290 296 (110.0)
138: 287 297 (103.0)
139: 294 (66.0)
140: 289 293 301 (84.0)
141: 300 308 (79.0)
142: 292 295 302 305 309 (100.0)
143: 312 313 (98.0)
144: 298 303 304 (60.0)
145: 299 306 311 314 (99.0)
146: 310 318 (75.0)
147: 307 315 316 (82.0)
148: 319 321 (76.0)
149: 317 320 324 327 332 (118.0)
150: 325 330 (97.0)
151: 322 323 333 340 (123.0)
152: 331 339 (91.0)
153: 329 336 337 (69.0)
154: 326 328 338 341 342 (79.0)
155: 334 345 351 (106.0)
156: 335 347 348 (84.0)
157: 343 344 350 353 (70.0)
158: 352 355 (67.0)
159: 349 354 357 (112.0)
160: 346 358 359 (76.0)
161: 360 367 (98.0)
162: 356 361 362 364 (91.0)
163: 363 366 377 (84.0)
164: 365 370 371 (92.0)
165: 369 373 375 (68.0)
166: 368 372 374 (64.0)
167: 376 (72.0)
168: 378 380 382 384 (89.0)
169: 381 387 390 (103.0)
170: 379 385 386 (116.0)
171: 383 389 399 (90.0)
172: 392 393 394 402 (80.0)
173: 388 395 396 (104.0)
174: 391 404 (119.0)
175: 397 398 403 414 (113.0)
176: 400 401 417 (75.0)
177: 407 416 (67.0)
178: 405 409 411 (85.0)
179: 408 410 412 413 415 (109.0)
180: 406 424 (75.0)
181: 418 419 420 (92.0)
182: 423 426 (102.0)
183: 421 422 427 431 (85.0)
184: 425 429 432 (105.0)
185: 428 438 (60.0)
186: 433 436 (75.0)
187: 430 435 437 441 442 (101.0)
188: 434 439 440 (103.0)
189: 444 446 450 451 (93.0)
190: 443 447 (83.0)
191: 453 456 (65.0)
192: 448 452 455 (106.0)
193: 445 463 (76.0)
194: 449 457 460 (92.0)
195: 459 461 466 (95.0)
196: 454 458 462 464 467 (119.0)
197: 465 471 (81.0)
198: 469 470 473 (83.0)
199: 468 476 (68.0)
200: 477 478 484 (122.0)
201: 474 480 (103.0)
202: 479 483 485 488 492 (97.0)
203: 472 481 482 (103.0)
204: 475 487 489 490 (129.0)
205: 486 (61.0)
206: 494 496 (100.0)
207: 491 499 508 (114.0)
208: 495 501 507 (121.0)
209: 493 498 500 503 509 (123.0)
210: 504 506 511 (97.0)
211: 497 502 505 (96.0)
212: 510 512 513 515 520 (99.0)
213: 514 518 523 (112.0)
214: 516 517 519 (143.0)
215: 526 (62.0)
216: 522 530 537 (121.0)
217: 521 524 525 527 528 (84.0)
218: 529 531 (86.0)
219: 533 538 (69.0)
220: 534 536 543 (102.0)
221: 535 539 540 542 548 (57.0)
222: 532 545 554 (112.0)
223: 544 546 552 (123.0)
224: 549 551 553 (94.0)
225: 541 550 (87.0)
226: 547 556 (117.0)
227: 558 559 570 (111.0)
228: 555 557 563 564 (91.0)
229: 562 (85.0)
230: 560 565 567 (105.0)
231: 561 566 568 (69.0)
232: 569 577 (62.0)
233: 575 576 (86.0)
234: 571 572 574 578 (84.0)
235: 573 580 581 (107.0)
236: 588 (89.0)
237: 579 585 594 (142.0)
238: 582 583 584 586 593 (134.0)
239: 587 592 597 (121.0)
240: 590 591 (78.0)
241: 589 595 596 606 (104.0)
242: 598 599 602 610 (114.0)
243: 601 603 605 (110.0)
244: 600 607 611 613 (107.0)
245: 612 614 (67.0)
246: 609 615 617 624 (121.0)
247: 604 616 621 625 (118.0)
248: 608 620 623 632 (125.0)
249: 622 626 (108.0)
250: 618 627 629 (121.0)
251: 628 633 638 (116.0)
252: 619 640 (118.0)
253: 630 634 646 (120.0)
254: 631 639 645 (125.0)
255: 636 642 648 653 (94.0)
256: 635 643 644 655 (108.0)
257: 641 647 651 (86.0)
258: 637 650 652 (124.0)
259: 649 657 (126.0)
260: 669 (74.0)
261: 654 658 660 (129.0)
262: 656 659 661 664 (92.0)
263: 663 667 668 (91.0)
264: 665 673 675 (115.0)
265: 662 666 671 (123.0)
266: 670 677 687 (119.0)
267: 672 682 683 (94.0)
268: 674 678 681 684 (118.0)
269: 676 679 686 (66.0)
270: 680 688 (69.0)
271: 689 693 (110.0)
272: 691 692 697 (120.0)
273: 685 698 700 701 (107.0)
274: 690 694 703 (123.0)
275: 696 708 (104.0)
276: 699 706 (99.0)
277: 695 702 704 705 709 (125.0)
278: 712 713 714 (109.0)
279: 707 710 711 717 (111.0)
280: 716 718 722 (100.0)
281: 715 720 (84.0)
282: 719 725 732 (67.0)
283: 724 727 731 (138.0)
284: 721 729 733 (137.0)
285: 723 728 735 (121.0)
286: 726 734 741 (111.0)
287: 737 739 (123.0)
288: 736 738 747 750 (142.0)
289: 730 742 743 (125.0)
290: 744 745 746 748 (110.0)
291: 749 762 (96.0)
292: 740 759 764 (111.0)
293: 752 753 754 755 761 (116.0)
294: 751 756 (118.0)
295: 757 760 767 (124.0)
296: 763 765 (111.0)
297: 758 768 769 (103.0)
298: 766 775 (84.0)
299: 770 772 777 779 (124.0)
300: 773 776 782 783 (91.0)
301: 774 780 788 (101.0)
302: 771 785 787 (124.0)
303: 784 794 (114.0)
304: 781 786 790 795 (124.0)
305: 778 789 797 (120.0)
306: 792 796 798 (99.0)
307: 791 801 (124.0)
308: 793 799 808 (118.0)
309: 800 802 807 (110.0)
310: 804 805 815 (122.0)
311: 803 806 822 (117.0)
312: 810 819 (109.0)
313: 809 812 813 (118.0)
314: 816 817 818 (123.0)
315: 811 821 825 (127.0)
316: 814 823 824 828 (124.0)
317: 820 831 (125.0)
318: 826 830 (74.0)
319: 827 838 839 840 (119.0)
320: 829 833 835 836 844 (112.0)
321: 834 837 842 851 (120.0)
322: 841 843 854 (130.0)
323: 832 848 852 (125.0)
324: 846 847 858 (144.0)
325: 849 850 (106.0)
326: 845 855 (123.0)
327: 856 867 (126.0)
328: 853 857 861 866 (122.0)
329: 859 864 868 (117.0)
330: 862 863 875 (115.0)
331: 860 872 873 (91.0)
332: 865 878 882 (116.0)
333: 869 870 871 (108.0)
334: 876 879 (96.0)
335: 881 883 885 (125.0)
336: 874 877 889 (113.0)
337: 887 888 892 (132.0)
338: 880 886 902 (110.0)
339: 884 890 894 895 (109.0)
340: 891 893 903 (119.0)
341: 897 899 906 (136.0)
342: 896 900 909 (122.0)
343: 898 905 (118.0)
344: 908 911 913 (129.0)
345: 901 904 910 (132.0)
346: 912 915 917 918 (148.0)
347: 907 916 920 (122.0)
348: 914 919 924 (159.0)
349: 921 922 923 926 928 (142.0)
350: 927 934 (124.0)
351: 925 937 (143.0)
352: 929 938 941 942 (125.0)
353: 931 932 933 935 (132.0)
354: 930 939 940 (121.0)
355: 936 945 954 (125.0)
356: 943 944 952 (140.0)
357: 947 949 950 (120.0)
358: 948 951 (120.0)
359: 946 953 958 960 (107.0)
360: 955 956 (119.0)
361: 957 962 963 (80.0)
362: 959 961 969 975 (123.0)
363: 965 966 970 (124.0)
364: 967 968 (112.0)
365: 964 971 972 (125.0)
366: 973 976 (112.0)
367: 977 978 979 (125.0)
368: 980 984 989 (120.0)
369: 983 988 993 (125.0)
370: 974 981 982 (125.0)
371: 987 990 994 999 (121.0)
372: 986 991 992 (125.0)
373: 985 998 (114.0)
374: 995 996 997 (128.0)
