Name: 100-20-30
Time: 4.351126670837402 
Result: 18018
Solution:  0 1 2 0 1 2 2 3 1 6 3 4 7 6 8 7 4 11 6 10 8 11 10 11 12 9 17 9 13 13 16 15 18 17 15 19 19 19 17 17 16 20 21 21 23 25 20 23 27 26 26 25 26 24 28 28 24 27 30 31 30 29 31 32 29 32 33 33 34 31 34 35 35 36 38 39 37 36 39 37 39 40 41 40 42 42 45 43 43 43 41 46 46 44 47 46 47 45 47 44
0: 0 3 (20.0)
1: 1 4 8 (22.0)
2: 2 5 6 (35.0)
3: 7 10 (25.0)
4: 11 16 (21.0)
5: (0.0)
6: 9 13 18 (31.0)
7: 12 15 (19.0)
8: 14 20 (26.0)
9: 25 27 (20.0)
10: 19 22 (23.0)
11: 17 21 23 (25.0)
12: 24 (21.0)
13: 28 29 (22.0)
14: (0.0)
15: 31 34 (31.0)
16: 30 40 (21.0)
17: 26 33 38 39 (30.0)
18: 32 (20.0)
19: 35 36 37 (28.0)
20: 41 46 (22.0)
21: 42 43 (24.0)
22: (0.0)
23: 44 47 (27.0)
24: 53 56 (30.0)
25: 45 51 (28.0)
26: 49 50 52 (23.0)
27: 48 57 (30.0)
28: 54 55 (25.0)
29: 61 64 (28.0)
30: 58 60 (27.0)
31: 59 62 69 (30.0)
32: 63 65 (29.0)
33: 66 67 (26.0)
34: 68 70 (29.0)
35: 71 72 (24.0)
36: 73 77 (33.0)
37: 76 79 (27.0)
38: 74 (25.0)
39: 75 78 80 (27.0)
40: 81 83 (37.0)
41: 82 90 (29.0)
42: 84 85 (29.0)
43: 87 88 89 (26.0)
44: 93 99 (25.0)
45: 86 97 (27.0)
46: 91 92 95 (29.0)
47: 94 96 98 (23.0)
