Name: 100-30-50
Time: 4.6614837646484375 
Result: 32030
Solution:  1 1 2 4 2 0 3 0 4 3 6 6 7 3 8 8 7 9 7 11 10 10 13 11 12 15 14 12 13 14 14 17 13 19 17 15 18 18 22 19 19 23 21 21 26 18 22 27 20 24 24 23 30 24 27 25 31 29 29 28 27 28 32 31 34 35 37 32 33 36 38 33 37 35 37 38 39 34 36 41 37 35 40 39 44 42 41 39 42 41 44 43 40 39 43 43 44 45 45 45
0: 5 7 (32.0)
1: 0 1 (31.0)
2: 2 4 (31.0)
3: 6 9 13 (39.0)
4: 3 8 (38.0)
5: (0.0)
6: 10 11 (33.0)
7: 12 16 18 (32.0)
8: 14 15 (33.0)
9: 17 (31.0)
10: 20 21 (34.0)
11: 19 23 (42.0)
12: 24 27 (47.0)
13: 22 28 32 (49.0)
14: 26 29 30 (34.0)
15: 25 35 (36.0)
16: (0.0)
17: 31 34 (38.0)
18: 36 37 45 (39.0)
19: 33 39 40 (53.0)
20: 48 (37.0)
21: 42 43 (38.0)
22: 38 46 (53.0)
23: 41 51 (45.0)
24: 49 50 53 (32.0)
25: 55 (35.0)
26: 44 (36.0)
27: 47 54 60 (41.0)
28: 59 61 (47.0)
29: 57 58 (43.0)
30: 52 (30.0)
31: 56 63 (44.0)
32: 62 67 (45.0)
33: 68 71 (43.0)
34: 64 77 (47.0)
35: 65 73 81 (58.0)
36: 69 78 (43.0)
37: 66 72 74 80 (60.0)
38: 70 75 (42.0)
39: 76 83 87 93 (44.0)
40: 82 92 (42.0)
41: 79 86 89 (48.0)
42: 85 88 (58.0)
43: 91 94 95 (49.0)
44: 84 90 96 (47.0)
45: 97 98 99 (50.0)
