Name: 250-30-50
Time: 10.124562740325928 
Result: 81053
Solution:  2 2 0 0 1 5 3 1 4 7 6 4 3 4 7 5 10 5 8 10 8 6 11 10 12 13 12 11 13 14 14 18 12 14 16 17 16 17 19 21 21 17 17 22 23 21 22 25 25 22 26 26 23 29 27 29 28 28 30 29 30 30 32 31 31 35 36 33 34 31 33 32 35 36 37 41 40 38 38 39 42 37 40 42 39 43 41 42 42 44 46 43 46 45 48 47 50 45 49 53 47 48 51 51 50 49 52 53 56 55 52 55 56 55 57 57 59 58 59 62 59 60 63 58 65 62 60 64 61 61 65 63 68 66 68 67 64 68 69 69 70 70 70 71 72 70 73 73 76 75 75 78 77 75 79 79 78 76 83 75 81 79 78 82 83 82 84 84 80 81 86 86 85 88 90 88 87 87 91 88 89 90 93 91 93 89 95 95 94 94 98 93 98 92 96 99 96 99 97 100 102 104 100 101 101 105 104 101 103 104 104 103 101 106 106 104 108 102 104 109 105 107 107 105 108 110 107 109 108 110 110 109 111 112 112 113 113 114 111 113 113 112 110 114 115 114 111 116 116 116
0: 2 3 (30.0)
1: 4 7 (37.0)
2: 0 1 (30.0)
3: 6 12 (38.0)
4: 8 11 13 (36.0)
5: 5 15 17 (42.0)
6: 10 21 (28.0)
7: 9 14 (30.0)
8: 18 20 (45.0)
9: (0.0)
10: 16 19 23 (35.0)
11: 22 27 (37.0)
12: 24 26 32 (33.0)
13: 25 28 (51.0)
14: 29 30 33 (32.0)
15: (0.0)
16: 34 36 (50.0)
17: 35 37 41 42 (34.0)
18: 31 (24.0)
19: 38 (31.0)
20: (0.0)
21: 39 40 45 (39.0)
22: 43 46 49 (53.0)
23: 44 52 (49.0)
24: (0.0)
25: 47 48 (39.0)
26: 50 51 (34.0)
27: 54 (31.0)
28: 56 57 (35.0)
29: 53 55 59 (27.0)
30: 58 60 61 (53.0)
31: 63 64 69 (20.0)
32: 62 71 (45.0)
33: 67 70 (32.0)
34: 68 (30.0)
35: 65 72 (48.0)
36: 66 73 (39.0)
37: 74 81 (49.0)
38: 77 78 (46.0)
39: 79 84 (36.0)
40: 76 82 (41.0)
41: 75 86 (43.0)
42: 80 83 87 88 (33.0)
43: 85 91 (33.0)
44: 89 (33.0)
45: 93 97 (39.0)
46: 90 92 (33.0)
47: 95 100 (43.0)
48: 94 101 (34.0)
49: 98 105 (44.0)
50: 96 104 (36.0)
51: 102 103 (39.0)
52: 106 110 (33.0)
53: 99 107 (44.0)
54: (0.0)
55: 109 111 113 (50.0)
56: 108 112 (53.0)
57: 114 115 (40.0)
58: 117 123 (40.0)
59: 116 118 120 (41.0)
60: 121 126 (35.0)
61: 128 129 (40.0)
62: 119 125 (43.0)
63: 122 131 (42.0)
64: 127 136 (42.0)
65: 124 130 (48.0)
66: 133 (30.0)
67: 135 (32.0)
68: 132 134 137 (49.0)
69: 138 139 (41.0)
70: 140 141 142 145 (51.0)
71: 143 (36.0)
72: 144 (36.0)
73: 146 147 (42.0)
74: (0.0)
75: 149 150 153 159 (49.0)
76: 148 157 (54.0)
77: 152 (40.0)
78: 151 156 162 (56.0)
79: 154 155 161 (48.0)
80: 168 (41.0)
81: 160 169 (43.0)
82: 163 165 (47.0)
83: 158 164 (55.0)
84: 166 167 (45.0)
85: 172 (44.0)
86: 170 171 (45.0)
87: 176 177 (46.0)
88: 173 175 179 (50.0)
89: 180 185 (44.0)
90: 174 181 (48.0)
91: 178 183 (57.0)
92: 193 (29.0)
93: 182 184 191 (48.0)
94: 188 189 (47.0)
95: 186 187 (47.0)
96: 194 196 (47.0)
97: 198 (33.0)
98: 190 192 (50.0)
99: 195 197 (47.0)
100: 199 202 (46.0)
101: 203 204 207 212 (47.0)
102: 200 217 (46.0)
103: 208 211 (50.0)
104: 201 206 209 210 215 218 (48.0)
105: 205 220 223 (51.0)
106: 213 214 (48.0)
107: 221 222 226 (50.0)
108: 216 224 228 (48.0)
109: 219 227 231 (73.0)
110: 225 229 230 242 (46.0)
111: 232 238 246 (48.0)
112: 233 234 241 (48.0)
113: 235 236 239 240 (52.0)
114: 237 243 245 (48.0)
115: 244 (45.0)
116: 247 248 249 (50.0)
