Name: 250-50-100
Time: 9.596948623657227 
Result: 111075
Solution:  0 0 2 4 5 4 2 3 3 5 5 7 8 6 4 7 7 6 7 8 12 8 10 10 12 14 13 14 15 13 16 16 17 19 17 20 18 15 18 19 23 18 20 21 19 20 21 23 23 25 24 29 27 26 26 25 27 29 31 28 29 30 34 28 34 30 33 33 32 31 35 37 37 36 34 39 38 38 37 40 37 42 40 44 41 39 43 42 44 45 41 44 43 46 48 48 50 50 49 50 53 52 51 51 55 52 55 53 54 53 55 56 57 58 59 56 58 57 61 57 64 60 60 59 62 61 60 63 62 63 64 66 66 65 70 69 67 66 70 68 69 72 71 71 73 70 76 76 72 74 79 77 75 74 75 79 78 78 80 79 81 80 78 82 83 82 86 85 84 80 89 81 83 87 86 89 91 85 88 91 87 91 94 90 92 92 90 93 95 94 93 96 99 96 94 98 97 101 97 95 101 100 99 102 100 103 102 102 101 104 98 103 102 104 106 104 104 101 105 104 105 107 106 107 105 109 110 108 109 108 107 108 111 111 110 113 110 112 109 110 112 113 111 113 114 114 114 115 115 115
0: 0 1 (50.0)
1: (0.0)
2: 2 6 (61.0)
3: 7 8 (50.0)
4: 3 5 14 (81.0)
5: 4 9 10 (71.0)
6: 13 17 (70.0)
7: 11 15 16 18 (81.0)
8: 12 19 21 (75.0)
9: (0.0)
10: 22 23 (55.0)
11: (0.0)
12: 20 24 (57.0)
13: 26 29 (51.0)
14: 25 27 (66.0)
15: 28 37 (70.0)
16: 30 31 (57.0)
17: 32 34 (73.0)
18: 36 38 41 (89.0)
19: 33 39 44 (63.0)
20: 35 42 45 (93.0)
21: 43 46 (62.0)
22: (0.0)
23: 40 47 48 (81.0)
24: 50 (57.0)
25: 49 55 (65.0)
26: 53 54 (58.0)
27: 52 56 (86.0)
28: 59 63 (55.0)
29: 51 57 60 (49.0)
30: 61 65 (87.0)
31: 58 69 (61.0)
32: 68 (58.0)
33: 66 67 (68.0)
34: 62 64 74 (68.0)
35: 70 (56.0)
36: 73 (59.0)
37: 71 72 78 80 (73.0)
38: 76 77 (71.0)
39: 75 85 (78.0)
40: 79 82 (76.0)
41: 84 90 (76.0)
42: 81 87 (84.0)
43: 86 92 (46.0)
44: 83 88 91 (97.0)
45: 89 (64.0)
46: 93 (57.0)
47: (0.0)
48: 94 95 (74.0)
49: 98 (54.0)
50: 96 97 99 (103.0)
51: 102 103 (80.0)
52: 101 105 (93.0)
53: 100 107 109 (100.0)
54: 108 (62.0)
55: 104 106 110 (87.0)
56: 111 115 (96.0)
57: 112 117 119 (111.0)
58: 113 116 (83.0)
59: 114 123 (90.0)
60: 121 122 126 (118.0)
61: 118 125 (59.0)
62: 124 128 (91.0)
63: 127 129 (109.0)
64: 120 130 (93.0)
65: 133 (76.0)
66: 131 132 137 (57.0)
67: 136 (78.0)
68: 139 (76.0)
69: 135 140 (63.0)
70: 134 138 145 (86.0)
71: 142 143 (87.0)
72: 141 148 (100.0)
73: 144 (72.0)
74: 149 153 (96.0)
75: 152 154 (98.0)
76: 146 147 (87.0)
77: 151 (85.0)
78: 156 157 162 (96.0)
79: 150 155 159 (82.0)
80: 158 161 169 (86.0)
81: 160 171 (105.0)
82: 163 165 (100.0)
83: 164 172 (95.0)
84: 168 (67.0)
85: 167 177 (90.0)
86: 166 174 (98.0)
87: 173 180 (111.0)
88: 178 (81.0)
89: 170 175 (87.0)
90: 183 186 (100.0)
91: 176 179 181 (92.0)
92: 184 185 (93.0)
93: 187 190 (95.0)
94: 182 189 194 (73.0)
95: 188 199 (100.0)
96: 191 193 (109.0)
97: 196 198 (82.0)
98: 195 210 (107.0)
99: 192 202 (100.0)
100: 201 204 (94.0)
101: 197 200 208 217 (108.0)
102: 203 206 207 212 (98.0)
103: 205 211 (77.0)
104: 209 213 215 216 219 (90.0)
105: 218 220 224 (73.0)
106: 214 222 (121.0)
107: 221 223 230 (95.0)
108: 227 229 231 (99.0)
109: 225 228 238 (98.0)
110: 226 234 236 239 (100.0)
111: 232 233 242 (99.0)
112: 237 240 (104.0)
113: 235 241 243 (98.0)
114: 244 245 246 (99.0)
115: 247 248 249 (100.0)
