Name: 250-60-125
Time: 18.650962829589844 
Result: 82
Solution:  2 0 3 0 1 3 4 4 5 1 2 5 6 10 5 6 8 8 12 9 10 14 11 11 12 14 16 9 17 16 14 14 14 18 17 18 20 21 19 19 19 21 23 20 20 24 22 25 22 25 24 23 25 24 26 28 26 26 29 31 31 28 33 32 34 34 35 34 37 35 33 32 36 36 39 38 39 41 37 39 42 40 41 40 44 42 46 43 46 45 46 41 44 45 48 48 47 47 52 50 51 53 51 49 49 52 52 54 55 54 52 55 53 58 56 56 58 57 58 59 60 60 61 61 63 64 59 63 64 63 65 67 67 62 68 66 65 67 68 70 70 66 72 71 69 71 73 74 78 74 75 78 72 74 76 77 80 77 78 79 78 81 84 83 84 83 85 82 80 85 86 82 86 84 88 89 88 87 87 90 89 92 94 90 91 92 93 91 94 95 97 97 93 100 95 99 98 99 98 96 100 101 99 102 102 101 103 103 104 105 104 105 106 106 107 108 108 107 109 109 110 110 112 111 112 114 111 111 116 111 113 113 115 113 117 115 116 117 118 114 117 120 120 120 118 118 116 119 119 119
0: 1 3 (61.0)
1: 4 9 (56.0)
2: 0 10 (62.0)
3: 2 5 (89.0)
4: 6 7 (63.0)
5: 8 11 14 (58.0)
6: 12 15 (81.0)
7: (0.0)
8: 16 17 (65.0)
9: 19 27 (76.0)
10: 13 20 (78.0)
11: 22 23 (66.0)
12: 18 24 (72.0)
13: (0.0)
14: 21 25 30 31 32 (115.0)
15: (0.0)
16: 26 29 (64.0)
17: 28 34 (77.0)
18: 33 35 (92.0)
19: 38 39 40 (88.0)
20: 36 43 44 (79.0)
21: 37 41 (91.0)
22: 46 48 (75.0)
23: 42 51 (117.0)
24: 45 50 53 (115.0)
25: 47 49 52 (97.0)
26: 54 56 57 (94.0)
27: (0.0)
28: 55 61 (74.0)
29: 58 (66.0)
30: (0.0)
31: 59 60 (72.0)
32: 63 71 (88.0)
33: 62 70 (69.0)
34: 64 65 67 (97.0)
35: 66 69 (61.0)
36: 72 73 (80.0)
37: 68 78 (112.0)
38: 75 (65.0)
39: 74 76 79 (116.0)
40: 81 83 (85.0)
41: 77 82 91 (67.0)
42: 80 85 (99.0)
43: 87 (72.0)
44: 84 92 (66.0)
45: 89 93 (120.0)
46: 86 88 90 (111.0)
47: 96 97 (87.0)
48: 94 95 (86.0)
49: 103 104 (74.0)
50: 99 (83.0)
51: 100 102 (112.0)
52: 98 105 106 110 (103.0)
53: 101 112 (112.0)
54: 107 109 (109.0)
55: 108 111 (82.0)
56: 114 115 (91.0)
57: 117 (71.0)
58: 113 116 118 (115.0)
59: 119 126 (110.0)
60: 120 121 (93.0)
61: 122 123 (94.0)
62: 133 (67.0)
63: 124 127 129 (99.0)
64: 125 128 (110.0)
65: 130 136 (109.0)
66: 135 141 (98.0)
67: 131 132 137 (113.0)
68: 134 138 (70.0)
69: 144 (82.0)
70: 139 140 (125.0)
71: 143 145 (96.0)
72: 142 152 (110.0)
73: 146 (65.0)
74: 147 149 153 (98.0)
75: 150 (97.0)
76: 154 (71.0)
77: 155 157 (60.0)
78: 148 151 158 160 (109.0)
79: 159 (78.0)
80: 156 168 (105.0)
81: 161 (61.0)
82: 167 171 (118.0)
83: 163 165 (122.0)
84: 162 164 173 (124.0)
85: 166 169 (105.0)
86: 170 172 (105.0)
87: 177 178 (104.0)
88: 174 176 (131.0)
89: 175 180 (117.0)
90: 179 183 (101.0)
91: 184 187 (107.0)
92: 181 185 (107.0)
93: 186 192 (109.0)
94: 182 188 (97.0)
95: 189 194 (98.0)
96: 199 (63.0)
97: 190 191 (109.0)
98: 196 198 (120.0)
99: 195 197 202 (125.0)
100: 193 200 (118.0)
101: 201 205 (125.0)
102: 203 204 (119.0)
103: 206 207 (114.0)
104: 208 210 (125.0)
105: 209 211 (105.0)
106: 212 213 (117.0)
107: 214 217 (112.0)
108: 215 216 (124.0)
109: 218 219 (118.0)
110: 220 221 (118.0)
111: 223 226 227 229 (123.0)
112: 222 224 (108.0)
113: 230 231 233 (103.0)
114: 225 239 (124.0)
115: 232 235 (125.0)
116: 228 236 246 (126.0)
117: 234 237 240 (125.0)
118: 238 244 245 (138.0)
119: 247 248 249 (125.0)
120: 241 242 243 (123.0)
