Name: 250-30-50
Time: 18.904146671295166 
Result: 40
Solution:  2 0 2 1 2 2 1 0 4 8 5 4 5 4 7 6 10 6 7 8 12 8 9 9 12 11 14 11 10 14 18 17 18 14 15 19 15 19 20 21 21 17 18 19 25 23 22 24 24 22 26 25 23 25 28 27 26 27 30 30 31 33 31 29 32 32 29 33 34 30 34 37 35 35 36 40 38 36 41 37 44 38 41 44 40 43 42 44 44 43 42 44 46 47 47 48 51 48 49 46 47 49 51 53 50 50 54 53 57 56 54 55 55 56 59 56 58 58 59 61 57 60 62 64 66 61 60 63 62 66 65 64 67 65 67 69 67 71 70 71 68 69 72 74 72 74 75 76 73 73 75 76 78 76 81 77 77 75 81 77 79 79 82 82 86 86 84 84 80 84 85 85 83 87 89 88 87 87 92 88 90 89 93 91 91 92 96 90 94 94 95 93 95 98 98 97 97 99 96 100 100 101 102 101 101 104 102 99 104 102 103 103 101 102 105 103 105 110 106 110 108 108 106 109 106 109 107 108 108 110 109 107 111 111 113 111 113 114 113 114 113 115 111 115 112 116 115 116 114 116
0: 1 7 (35.0)
1: 3 6 (42.0)
2: 0 2 4 5 (43.0)
3: (0.0)
4: 8 11 13 (36.0)
5: 10 12 (37.0)
6: 15 17 (39.0)
7: 14 18 (34.0)
8: 9 19 21 (36.0)
9: 22 23 (32.0)
10: 16 28 (36.0)
11: 25 27 (46.0)
12: 20 24 (29.0)
13: (0.0)
14: 26 29 33 (36.0)
15: 34 36 (50.0)
16: (0.0)
17: 31 41 (33.0)
18: 30 32 42 (32.0)
19: 35 37 43 (40.0)
20: 38 (31.0)
21: 39 40 (26.0)
22: 46 49 (29.0)
23: 45 52 (41.0)
24: 47 48 (39.0)
25: 44 51 53 (37.0)
26: 50 56 (33.0)
27: 55 57 (30.0)
28: 54 (31.0)
29: 63 66 (30.0)
30: 58 59 69 (41.0)
31: 60 62 (47.0)
32: 64 65 (35.0)
33: 61 67 (29.0)
34: 68 70 (47.0)
35: 72 73 (36.0)
36: 74 77 (48.0)
37: 71 79 (33.0)
38: 76 81 (37.0)
39: (0.0)
40: 75 84 (33.0)
41: 78 82 (51.0)
42: 86 90 (53.0)
43: 85 89 (49.0)
44: 80 83 87 88 91 (50.0)
45: (0.0)
46: 92 99 (36.0)
47: 93 94 100 (51.0)
48: 95 97 (41.0)
49: 98 101 (39.0)
50: 104 105 (39.0)
51: 96 102 (41.0)
52: (0.0)
53: 103 107 (44.0)
54: 106 110 (33.0)
55: 111 112 (53.0)
56: 109 113 115 (31.0)
57: 108 120 (39.0)
58: 116 117 (40.0)
59: 114 118 (47.0)
60: 121 126 (35.0)
61: 119 125 (43.0)
62: 122 128 (53.0)
63: 127 (31.0)
64: 123 131 (30.0)
65: 130 133 (54.0)
66: 124 129 (37.0)
67: 132 134 136 (30.0)
68: 140 (32.0)
69: 135 141 (41.0)
70: 138 (36.0)
71: 137 139 (35.0)
72: 142 144 (41.0)
73: 148 149 (42.0)
74: 143 145 (41.0)
75: 146 150 157 (66.0)
76: 147 151 153 (50.0)
77: 155 156 159 (46.0)
78: 152 (40.0)
79: 160 161 (44.0)
80: 168 (41.0)
81: 154 158 (54.0)
82: 162 163 (44.0)
83: 172 (44.0)
84: 166 167 169 (49.0)
85: 170 171 (45.0)
86: 164 165 (44.0)
87: 173 176 177 (47.0)
88: 175 179 (49.0)
89: 174 181 (48.0)
90: 180 187 (49.0)
91: 183 184 (43.0)
92: 178 185 (61.0)
93: 182 191 (33.0)
94: 188 189 (47.0)
95: 190 192 (50.0)
96: 186 198 (43.0)
97: 195 196 (52.0)
98: 193 194 (50.0)
99: 197 207 (39.0)
100: 199 200 (49.0)
101: 201 203 204 212 (42.0)
102: 202 206 209 213 (50.0)
103: 210 211 215 (48.0)
104: 205 208 (48.0)
105: 214 216 (47.0)
106: 218 222 224 (42.0)
107: 226 231 (50.0)
108: 220 221 227 228 (54.0)
109: 223 225 230 (48.0)
110: 217 219 229 (50.0)
111: 232 233 235 242 (54.0)
112: 244 (45.0)
113: 234 236 238 240 (60.0)
114: 237 239 248 (49.0)
115: 241 243 246 (46.0)
116: 245 247 249 (44.0)
