Name: 250-40-75
Time: 19.57340908050537 
Result: 64
Solution:  0 4 1 0 1 3 3 3 6 4 9 4 7 6 10 9 8 8 9 8 7 12 11 10 12 11 13 11 14 13 14 12 16 18 16 16 17 20 18 20 17 24 18 21 23 20 22 24 21 23 25 26 25 22 25 30 28 31 31 29 31 28 32 30 32 33 34 35 33 34 36 35 39 35 37 37 38 38 39 36 42 39 41 42 40 40 43 45 41 45 44 43 46 47 46 44 49 47 48 49 49 51 52 53 52 50 53 54 54 50 55 55 55 56 59 56 56 57 60 58 60 58 57 62 61 62 64 61 64 63 66 65 62 63 66 68 70 68 67 71 70 71 68 69 72 72 73 73 78 71 74 74 75 77 76 75 76 79 78 81 77 80 81 83 84 82 80 79 82 83 85 86 88 84 87 88 85 89 88 90 90 86 92 95 95 91 89 94 92 94 93 96 98 98 97 97 95 96 99 99 101 101 100 105 102 104 103 103 102 104 108 105 106 106 110 107 110 108 107 110 109 109 112 112 111 114 111 114 115 114 113 113 115 113 113 116 116 117 119 119 116 119 115 118 117 118 118 120 120 120
0: 0 3 (42.0)
1: 2 4 (32.0)
2: (0.0)
3: 5 6 7 (64.0)
4: 1 9 11 (54.0)
5: (0.0)
6: 8 13 (45.0)
7: 12 20 (58.0)
8: 16 17 19 (53.0)
9: 10 15 18 (68.0)
10: 14 23 (40.0)
11: 22 25 27 (74.0)
12: 21 24 31 (52.0)
13: 26 29 (42.0)
14: 28 30 (48.0)
15: (0.0)
16: 32 34 35 (75.0)
17: 36 40 (47.0)
18: 33 38 42 (44.0)
19: (0.0)
20: 37 39 45 (79.0)
21: 43 48 (54.0)
22: 46 53 (44.0)
23: 44 49 (51.0)
24: 41 47 (39.0)
25: 50 52 54 (42.0)
26: 51 (43.0)
27: (0.0)
28: 56 61 (57.0)
29: 59 (41.0)
30: 55 63 (71.0)
31: 57 58 60 (48.0)
32: 62 64 (25.0)
33: 65 68 (74.0)
34: 66 69 (59.0)
35: 67 71 73 (64.0)
36: 70 79 (70.0)
37: 74 75 (51.0)
38: 76 77 (51.0)
39: 72 78 81 (43.0)
40: 84 85 (54.0)
41: 82 88 (73.0)
42: 80 83 (62.0)
43: 86 91 (57.0)
44: 90 95 (64.0)
45: 87 89 (30.0)
46: 92 94 (55.0)
47: 93 97 (47.0)
48: 98 (51.0)
49: 96 99 100 (37.0)
50: 105 109 (49.0)
51: 101 (49.0)
52: 102 104 (46.0)
53: 103 106 (59.0)
54: 107 108 (71.0)
55: 110 111 112 (74.0)
56: 113 115 116 (64.0)
57: 117 122 (64.0)
58: 119 121 (53.0)
59: 114 (51.0)
60: 118 120 (65.0)
61: 124 127 (77.0)
62: 123 125 132 (69.0)
63: 129 133 (73.0)
64: 126 128 (66.0)
65: 131 (45.0)
66: 130 134 (47.0)
67: 138 (54.0)
68: 135 137 142 (64.0)
69: 143 (45.0)
70: 136 140 (60.0)
71: 139 141 149 (71.0)
72: 144 145 (63.0)
73: 146 147 (63.0)
74: 150 151 (64.0)
75: 152 155 (52.0)
76: 154 156 (71.0)
77: 153 160 (59.0)
78: 148 158 (73.0)
79: 157 167 (60.0)
80: 161 166 (81.0)
81: 159 162 (76.0)
82: 165 168 (67.0)
83: 163 169 (75.0)
84: 164 173 (74.0)
85: 170 176 (69.0)
86: 171 181 (82.0)
87: 174 (40.0)
88: 172 175 178 (70.0)
89: 177 186 (71.0)
90: 179 180 (57.0)
91: 185 (48.0)
92: 182 188 (73.0)
93: 190 (53.0)
94: 187 189 (56.0)
95: 183 184 196 (63.0)
96: 191 197 (74.0)
97: 194 195 (70.0)
98: 192 193 (70.0)
99: 198 199 (71.0)
100: 202 (48.0)
101: 200 201 (71.0)
102: 204 208 (72.0)
103: 206 207 (71.0)
104: 205 209 (70.0)
105: 203 211 (72.0)
106: 212 213 (71.0)
107: 215 218 (74.0)
108: 210 217 (88.0)
109: 220 221 (72.0)
110: 214 216 219 (73.0)
111: 224 226 (89.0)
112: 222 223 (72.0)
113: 230 231 233 234 (73.0)
114: 225 227 229 (67.0)
115: 228 232 242 (75.0)
116: 235 236 240 (60.0)
117: 237 244 (74.0)
118: 243 245 246 (74.0)
119: 238 239 241 (75.0)
120: 247 248 249 (75.0)
