Name: 250-40-75
Time: 20.111718893051147 
Result: 57
Solution:  2 1 1 2 2 1 3 3 6 4 4 4 8 6 10 8 11 12 9 6 11 12 12 9 11 13 13 14 10 12 16 14 15 16 15 20 18 19 18 23 19 20 18 21 23 21 25 24 24 25 27 22 29 26 26 27 28 29 29 28 30 31 31 30 34 34 33 34 32 33 35 35 38 36 37 37 40 38 38 40 39 43 41 39 42 43 42 43 41 48 45 45 46 44 47 46 47 44 48 49 50 49 54 51 52 50 53 52 53 54 55 55 58 56 59 54 58 57 62 61 60 60 58 63 61 59 63 62 65 64 66 65 66 64 69 66 68 67 67 70 69 70 69 73 72 72 73 71 78 71 75 74 77 74 76 76 75 77 77 81 78 82 81 80 83 79 80 86 87 84 84 86 85 83 87 88 85 89 92 89 90 88 91 92 93 94 90 94 91 98 93 99 96 96 98 95 97 97 98 99 101 101 102 105 100 103 104 106 102 103 104 105 106 104 107 107 108 108 109 109 110 110 114 112 112 113 111 114 111 114 113 115 118 111 113 115 119 117 119 119 116 118 118 116 117 115 120 120 119 120
0: (0.0)
1: 1 2 5 (61.0)
2: 0 3 4 (59.0)
3: 6 7 (41.0)
4: 9 10 11 (46.0)
5: (0.0)
6: 8 13 19 (56.0)
7: (0.0)
8: 12 15 (55.0)
9: 18 23 (51.0)
10: 14 28 (41.0)
11: 16 20 24 (75.0)
12: 17 21 22 29 (73.0)
13: 25 26 (45.0)
14: 27 31 (42.0)
15: 32 34 (39.0)
16: 30 33 (42.0)
17: (0.0)
18: 36 38 42 (44.0)
19: 37 40 (62.0)
20: 35 41 (49.0)
21: 43 45 (42.0)
22: 51 (43.0)
23: 39 44 (65.0)
24: 47 48 (53.0)
25: 46 49 (41.0)
26: 53 54 (37.0)
27: 50 55 (38.0)
28: 56 59 (68.0)
29: 52 57 58 (53.0)
30: 60 63 (56.0)
31: 61 62 (42.0)
32: 68 (37.0)
33: 66 69 (59.0)
34: 64 65 67 (54.0)
35: 70 71 (51.0)
36: 73 (42.0)
37: 74 75 (51.0)
38: 72 77 78 (42.0)
39: 80 83 (62.0)
40: 76 79 (70.0)
41: 82 88 (73.0)
42: 84 86 (61.0)
43: 81 85 87 (66.0)
44: 93 97 (47.0)
45: 90 91 (55.0)
46: 92 95 (74.0)
47: 94 96 (44.0)
48: 89 98 (56.0)
49: 99 101 (53.0)
50: 100 105 (38.0)
51: 103 (35.0)
52: 104 107 (57.0)
53: 106 108 (63.0)
54: 102 109 115 (47.0)
55: 110 111 (58.0)
56: 113 (42.0)
57: 117 (45.0)
58: 112 116 122 (49.0)
59: 114 125 (72.0)
60: 120 121 (59.0)
61: 119 124 (68.0)
62: 118 127 (68.0)
63: 123 126 (64.0)
64: 129 133 (73.0)
65: 128 131 (88.0)
66: 130 132 135 (54.0)
67: 137 138 (69.0)
68: 136 (47.0)
69: 134 140 142 (62.0)
70: 139 141 (57.0)
71: 147 149 (55.0)
72: 144 145 (63.0)
73: 143 146 (67.0)
74: 151 153 (73.0)
75: 150 156 (72.0)
76: 154 155 (64.0)
77: 152 157 158 (70.0)
78: 148 160 (66.0)
79: 165 (46.0)
80: 163 166 (62.0)
81: 159 162 (76.0)
82: 161 (49.0)
83: 164 173 (74.0)
84: 169 170 (74.0)
85: 172 176 (52.0)
86: 167 171 (71.0)
87: 168 174 (61.0)
88: 175 181 (71.0)
89: 177 179 (62.0)
90: 180 186 (66.0)
91: 182 188 (73.0)
92: 178 183 (63.0)
93: 184 190 (73.0)
94: 185 187 (72.0)
95: 195 (45.0)
96: 192 193 (70.0)
97: 196 197 (70.0)
98: 189 194 198 (72.0)
99: 191 199 (72.0)
100: 204 (47.0)
101: 200 201 (71.0)
102: 202 208 (73.0)
103: 205 209 (70.0)
104: 206 210 213 (92.0)
105: 203 211 (72.0)
106: 207 212 (72.0)
107: 214 215 (71.0)
108: 216 217 (71.0)
109: 218 219 (71.0)
110: 220 221 (72.0)
111: 226 228 233 (73.0)
112: 223 224 (72.0)
113: 225 230 234 (73.0)
114: 222 227 229 (75.0)
115: 231 235 245 (72.0)
116: 240 243 (59.0)
117: 237 244 (74.0)
118: 232 241 242 (70.0)
119: 236 238 239 248 (74.0)
120: 246 247 249 (92.0)
