Name: 250-20-30
Time: 9.500972509384155 
Result: 66022
Solution:  0 0 4 5 2 2 4 3 1 3 5 4 6 7 8 7 6 9 7 10 11 11 9 13 12 8 10 14 12 15 17 15 15 13 17 16 14 19 19 19 16 20 25 24 25 20 23 26 27 24 25 23 28 26 31 27 28 30 28 29 27 29 31 32 33 30 33 35 35 34 32 34 36 39 38 35 38 37 39 37 41 38 42 42 39 41 44 39 48 43 46 45 46 45 43 48 49 49 50 47 50 47 51 52 53 51 54 52 53 54 56 55 58 55 61 57 56 57 59 58 61 60 62 61 63 60 62 63 64 64 65 67 66 68 65 67 70 66 69 69 70 67 72 71 68 73 77 73 75 71 79 74 76 76 80 77 78 78 75 79 81 81 80 82 83 80 84 79 88 82 85 84 86 83 89 89 88 87 86 90 87 93 90 90 94 91 91 90 91 92 93 93 92 94 95 94 92 95 97 98 96 97 95 97 95 99 98 96 96 100 99 101 99 99 100 102 100 102 102 104 103 102 101 104 107 103 102 105 105 107 108 106 106 107 106 107 107 109 105 109 110 111 110 111 110 111 112 112 111 108
0: 0 1 (20.0)
1: 8 (17.0)
2: 4 5 (20.0)
3: 7 9 (17.0)
4: 2 6 11 (23.0)
5: 3 10 (23.0)
6: 12 16 (19.0)
7: 13 15 18 (24.0)
8: 14 25 (17.0)
9: 17 22 (15.0)
10: 19 26 (23.0)
11: 20 21 (20.0)
12: 24 28 (29.0)
13: 23 33 (29.0)
14: 27 36 (26.0)
15: 29 31 32 (20.0)
16: 35 40 (20.0)
17: 30 34 (26.0)
18: (0.0)
19: 37 38 39 (30.0)
20: 41 45 (30.0)
21: (0.0)
22: (0.0)
23: 46 51 (24.0)
24: 43 49 (28.0)
25: 42 44 50 (24.0)
26: 47 53 (26.0)
27: 48 55 60 (25.0)
28: 52 56 58 (20.0)
29: 59 61 (24.0)
30: 57 65 (30.0)
31: 54 62 (29.0)
32: 63 70 (25.0)
33: 64 66 (30.0)
34: 69 71 (25.0)
35: 67 68 75 (22.0)
36: 72 (17.0)
37: 77 79 (32.0)
38: 74 76 81 (22.0)
39: 73 78 84 87 (23.0)
40: (0.0)
41: 80 85 (34.0)
42: 82 83 (23.0)
43: 89 94 (23.0)
44: 86 (22.0)
45: 91 93 (17.0)
46: 90 92 (31.0)
47: 99 101 (27.0)
48: 88 95 (25.0)
49: 96 97 (24.0)
50: 98 100 (21.0)
51: 102 105 (26.0)
52: 103 107 (15.0)
53: 104 108 (27.0)
54: 106 109 (29.0)
55: 111 113 (20.0)
56: 110 116 (29.0)
57: 115 117 (23.0)
58: 112 119 (25.0)
59: 118 (15.0)
60: 121 125 (32.0)
61: 114 120 123 (26.0)
62: 122 126 (28.0)
63: 124 127 (28.0)
64: 128 129 (26.0)
65: 130 134 (30.0)
66: 132 137 (29.0)
67: 131 135 141 (27.0)
68: 133 144 (28.0)
69: 138 139 (26.0)
70: 136 140 (29.0)
71: 143 149 (25.0)
72: 142 (22.0)
73: 145 147 (33.0)
74: 151 (21.0)
75: 148 158 (29.0)
76: 152 153 (27.0)
77: 146 155 (29.0)
78: 156 157 (27.0)
79: 150 159 167 (20.0)
80: 154 162 165 (20.0)
81: 160 161 (28.0)
82: 163 169 (25.0)
83: 164 173 (29.0)
84: 166 171 (27.0)
85: 170 (20.0)
86: 172 178 (31.0)
87: 177 180 (29.0)
88: 168 176 (32.0)
89: 174 175 (28.0)
90: 179 182 183 187 (31.0)
91: 185 186 188 (30.0)
92: 189 192 196 (30.0)
93: 181 190 191 (33.0)
94: 184 193 195 (31.0)
95: 194 197 202 204 (29.0)
96: 200 207 208 (33.0)
97: 198 201 203 (30.0)
98: 199 206 (29.0)
99: 205 210 212 213 (30.0)
100: 209 214 216 (35.0)
101: 211 222 (23.0)
102: 215 217 218 221 226 (37.0)
103: 220 225 (29.0)
104: 219 223 (25.0)
105: 227 228 238 (30.0)
106: 231 232 234 (26.0)
107: 224 229 233 235 236 (30.0)
108: 230 249 (30.0)
109: 237 239 (28.0)
110: 240 242 244 (30.0)
111: 241 243 245 248 (28.0)
112: 246 247 (28.0)
