Name: 250-30-50
Time: 9.598037481307983 
Result: 80048
Solution:  2 0 1 1 3 6 0 3 5 5 4 4 2 6 6 5 9 9 8 6 11 8 12 10 12 13 13 10 11 12 16 14 12 16 14 20 22 16 18 20 22 20 20 21 21 25 25 24 23 23 24 27 25 28 30 29 28 27 28 29 31 33 32 28 31 35 29 32 34 31 33 33 36 37 37 38 38 40 39 40 42 36 45 42 39 44 41 42 42 43 44 45 46 46 47 48 50 46 49 48 47 47 52 52 53 49 50 54 57 56 53 55 55 53 59 56 57 58 59 58 56 60 62 60 61 62 61 64 63 65 65 63 70 66 67 69 64 68 70 72 67 69 71 74 72 71 75 71 73 71 77 73 76 80 78 78 77 75 83 81 79 80 77 82 84 83 85 84 80 83 81 85 89 88 86 86 88 87 88 87 90 92 94 91 94 91 96 90 93 94 96 96 95 97 97 98 95 98 99 100 100 102 101 99 101 104 101 103 102 104 104 103 105 106 106 105 108 102 105 109 105 108 110 105 109 107 110 108 108 107 109 107 112 112 112 111 114 115 111 111 113 115 110 114 113 115 115 116 114 116
0: 1 6 (45.0)
1: 2 3 (30.0)
2: 0 12 (23.0)
3: 4 7 (37.0)
4: 10 11 (30.0)
5: 8 9 15 (49.0)
6: 5 13 14 19 (37.0)
7: (0.0)
8: 18 21 (31.0)
9: 16 17 (31.0)
10: 23 27 (35.0)
11: 20 28 (48.0)
12: 22 24 29 32 (45.0)
13: 25 26 (38.0)
14: 31 34 (48.0)
15: (0.0)
16: 30 33 37 (32.0)
17: (0.0)
18: 38 (31.0)
19: (0.0)
20: 35 39 41 42 (29.0)
21: 43 44 (45.0)
22: 36 40 (50.0)
23: 48 49 (34.0)
24: 47 50 (49.0)
25: 45 46 52 (50.0)
26: (0.0)
27: 51 57 (36.0)
28: 53 56 58 63 (42.0)
29: 55 59 66 (42.0)
30: 54 (31.0)
31: 60 64 69 (32.0)
32: 62 67 (41.0)
33: 61 70 71 (50.0)
34: 68 (30.0)
35: 65 (30.0)
36: 72 81 (42.0)
37: 73 74 (43.0)
38: 75 76 (24.0)
39: 78 84 (45.0)
40: 77 79 (37.0)
41: 86 (32.0)
42: 80 83 87 88 (33.0)
43: 89 (33.0)
44: 85 90 (37.0)
45: 82 91 (45.0)
46: 92 93 97 (51.0)
47: 94 100 101 (49.0)
48: 95 99 (52.0)
49: 98 105 (44.0)
50: 96 106 (45.0)
51: (0.0)
52: 102 103 (39.0)
53: 104 110 113 (35.0)
54: 107 (20.0)
55: 111 112 (53.0)
56: 109 115 120 (34.0)
57: 108 116 (39.0)
58: 117 119 (53.0)
59: 114 118 (47.0)
60: 121 123 (40.0)
61: 124 126 (33.0)
62: 122 125 (42.0)
63: 128 131 (43.0)
64: 127 136 (42.0)
65: 129 130 (37.0)
66: 133 (30.0)
67: 134 140 (41.0)
68: 137 (30.0)
69: 135 141 (41.0)
70: 132 138 (46.0)
71: 142 145 147 149 (46.0)
72: 139 144 (41.0)
73: 148 151 (53.0)
74: 143 (36.0)
75: 146 157 (52.0)
76: 152 (40.0)
77: 150 156 162 (42.0)
78: 154 155 (43.0)
79: 160 (39.0)
80: 153 161 168 (49.0)
81: 159 170 (35.0)
82: 163 (30.0)
83: 158 165 169 (49.0)
84: 164 167 (46.0)
85: 166 171 (51.0)
86: 174 175 (46.0)
87: 177 179 (43.0)
88: 173 176 178 (50.0)
89: 172 (44.0)
90: 180 187 (49.0)
91: 183 185 (60.0)
92: 181 (34.0)
93: 188 (41.0)
94: 182 184 189 (39.0)
95: 192 196 (44.0)
96: 186 190 191 (57.0)
97: 193 194 (50.0)
98: 195 197 (47.0)
99: 198 203 (44.0)
100: 199 200 (49.0)
101: 202 204 206 (44.0)
102: 201 208 217 (49.0)
103: 207 211 (43.0)
104: 205 209 210 (46.0)
105: 212 215 218 220 223 (46.0)
106: 213 214 (48.0)
107: 225 229 231 (68.0)
108: 216 221 227 228 (50.0)
109: 219 224 230 (48.0)
110: 222 226 242 (51.0)
111: 235 238 239 (50.0)
112: 232 233 234 (49.0)
113: 240 244 (55.0)
114: 236 243 248 (45.0)
115: 237 241 245 246 (50.0)
116: 247 249 (42.0)
