Name: 250-30-50
Time: 9.683410167694092 
Result: 132045
Solution:  1 0 3 1 1 3 3 0 4 4 3 5 5 7 6 6 8 5 7 11 9 8 13 9 14 12 13 12 11 15 17 14 15 18 16 16 17 19 18 21 22 19 21 19 23 24 21 26 25 22 24 23 25 26 27 28 26 28 27 30 31 30 31 28 34 33 37 32 35 35 34 32 36 36 37 39 34 41 38 39 43 38 42 39 41 42 40 45 46 44 46 43 45 48 47 47 48 46 49 53 49 50 51 50 51 52 54 54 53 58 57 55 55 57 56 56 62 58 59 62 59 59 61 57 64 63 60 65 60 61 65 63 66 66 70 68 64 71 69 70 67 69 69 70 72 72 76 74 73 74 75 78 77 80 81 75 78 76 81 75 79 79 80 80 85 82 85 83 82 84 83 86 84 89 90 86 87 87 88 88 89 90 91 91 96 89 95 95 94 94 93 93 97 96 97 98 100 98 99 100 102 104 101 99 101 103 103 103 104 103 106 106 101 104 105 103 108 102 104 108 105 108 109 108 107 110 107 109 107 107 109 113 112 109 113 112 114 116 110 112 113 114 114 115 111 114 114 115 115 116
0: 1 7 (35.0)
1: 0 3 4 (54.0)
2: (0.0)
3: 2 5 6 10 (50.0)
4: 8 9 (30.0)
5: 11 12 17 (49.0)
6: 14 15 (31.0)
7: 13 18 (35.0)
8: 16 21 (20.0)
9: 20 23 (38.0)
10: (0.0)
11: 19 28 (34.0)
12: 25 27 (46.0)
13: 22 26 (29.0)
14: 24 31 (30.0)
15: 29 32 (22.0)
16: 34 35 (33.0)
17: 30 36 (34.0)
18: 33 38 (48.0)
19: 37 41 43 (40.0)
20: (0.0)
21: 39 42 46 (20.0)
22: 40 49 (44.0)
23: 44 51 (31.0)
24: 45 50 (37.0)
25: 48 52 (42.0)
26: 47 53 56 (40.0)
27: 54 58 (49.0)
28: 55 57 63 (39.0)
29: (0.0)
30: 59 61 (31.0)
31: 60 62 (47.0)
32: 67 71 (34.0)
33: 65 (30.0)
34: 64 70 76 (35.0)
35: 68 69 (36.0)
36: 72 73 (36.0)
37: 66 74 (46.0)
38: 78 81 (47.0)
39: 75 79 83 (34.0)
40: 86 (32.0)
41: 77 84 (45.0)
42: 82 85 (44.0)
43: 80 91 (30.0)
44: 89 (33.0)
45: 87 92 (18.0)
46: 88 90 97 (39.0)
47: 94 95 (38.0)
48: 93 96 (52.0)
49: 98 100 (30.0)
50: 101 103 (48.0)
51: 102 104 (25.0)
52: 105 (29.0)
53: 99 108 (49.0)
54: 106 107 (39.0)
55: 111 112 (53.0)
56: 114 115 (40.0)
57: 110 113 123 (39.0)
58: 109 117 (40.0)
59: 118 120 121 (53.0)
60: 126 128 (36.0)
61: 122 129 (39.0)
62: 116 119 (41.0)
63: 125 131 (32.0)
64: 124 136 (35.0)
65: 127 130 (55.0)
66: 132 133 (40.0)
67: 140 (32.0)
68: 135 (32.0)
69: 138 141 142 (50.0)
70: 134 139 143 (50.0)
71: 137 (30.0)
72: 144 145 (41.0)
73: 148 (25.0)
74: 147 149 (36.0)
75: 150 155 159 (46.0)
76: 146 157 (52.0)
77: 152 (40.0)
78: 151 156 (42.0)
79: 160 161 (44.0)
80: 153 162 163 (47.0)
81: 154 158 (54.0)
82: 165 168 (58.0)
83: 167 170 (39.0)
84: 169 172 (48.0)
85: 164 166 (53.0)
86: 171 175 (57.0)
87: 176 177 (46.0)
88: 178 179 (46.0)
89: 173 180 185 (45.0)
90: 174 181 (48.0)
91: 182 183 (46.0)
92: (0.0)
93: 190 191 (47.0)
94: 188 189 (47.0)
95: 186 187 (47.0)
96: 184 193 (44.0)
97: 192 194 (39.0)
98: 195 197 (47.0)
99: 198 203 (44.0)
100: 196 199 (40.0)
101: 202 204 212 (50.0)
102: 200 217 (46.0)
103: 205 206 207 209 215 (50.0)
104: 201 208 213 218 (52.0)
105: 214 220 (51.0)
106: 210 211 (47.0)
107: 224 226 228 229 (59.0)
108: 216 219 221 223 (63.0)
109: 222 227 230 233 (56.0)
110: 225 238 (49.0)
111: 244 (45.0)
112: 232 235 239 (49.0)
113: 231 234 240 (58.0)
114: 236 241 242 245 246 (48.0)
115: 243 247 248 (50.0)
116: 237 249 (46.0)
