Name: 250-60-125
Time: 9.756819248199463 
Result: 76086
Solution:  1 0 4 0 1 2 3 5 1 2 3 6 8 4 5 6 10 8 11 9 10 11 12 11 13 13 15 12 18 16 15 14 16 14 16 17 17 15 20 18 23 21 22 23 24 24 23 25 20 23 28 21 28 26 28 27 25 27 30 31 29 26 33 31 34 33 35 36 36 30 33 34 34 38 37 37 40 35 38 40 39 40 40 42 43 41 45 41 46 45 46 47 45 44 49 48 48 47 49 48 50 50 51 49 55 53 52 52 54 56 53 53 56 54 57 59 60 58 57 62 60 59 61 59 62 63 61 63 66 63 65 66 64 64 67 67 69 68 68 65 71 68 72 70 73 69 72 71 74 74 75 76 76 75 78 77 80 80 79 79 81 77 81 82 83 82 83 84 86 87 85 81 85 84 86 88 88 87 89 90 90 91 94 89 94 91 92 93 95 95 97 93 92 97 94 96 98 98 99 100 102 102 101 101 104 105 100 99 103 104 103 104 106 106 108 108 111 107 109 107 110 110 111 109 113 113 115 116 116 116 113 115 114 116 112 114 116 112 117 119 117 117 118 118 119 119 118 120 120 120
0: 1 3 (61.0)
1: 0 4 8 (53.0)
2: 5 9 (87.0)
3: 6 10 (74.0)
4: 2 13 (73.0)
5: 7 14 (53.0)
6: 11 15 (65.0)
7: (0.0)
8: 12 17 (53.0)
9: 19 (52.0)
10: 16 20 (94.0)
11: 18 21 23 (64.0)
12: 22 27 (58.0)
13: 24 25 (67.0)
14: 31 33 (106.0)
15: 26 30 37 (92.0)
16: 29 32 34 (69.0)
17: 35 36 (77.0)
18: 28 39 (69.0)
19: (0.0)
20: 38 48 (107.0)
21: 41 51 (106.0)
22: 42 (67.0)
23: 40 43 46 49 (59.0)
24: 44 45 (73.0)
25: 47 56 (82.0)
26: 53 61 (69.0)
27: 55 57 (108.0)
28: 50 52 54 (67.0)
29: 60 (61.0)
30: 58 69 (69.0)
31: 59 63 (56.0)
32: (0.0)
33: 62 65 70 (120.0)
34: 64 71 72 (111.0)
35: 66 77 (84.0)
36: 67 68 (97.0)
37: 74 75 (80.0)
38: 73 78 (73.0)
39: 80 (77.0)
40: 76 79 81 82 (113.0)
41: 85 87 (94.0)
42: 83 (79.0)
43: 84 (63.0)
44: 93 (83.0)
45: 86 89 92 (53.0)
46: 88 90 (98.0)
47: 91 97 (85.0)
48: 95 96 99 (127.0)
49: 94 98 103 (89.0)
50: 100 101 (87.0)
51: 102 (82.0)
52: 106 107 (90.0)
53: 105 110 111 (110.0)
54: 108 113 (72.0)
55: 104 (68.0)
56: 109 112 (109.0)
57: 114 118 (110.0)
58: 117 (71.0)
59: 115 121 123 (115.0)
60: 116 120 (90.0)
61: 122 126 (117.0)
62: 119 124 (70.0)
63: 125 127 129 (123.0)
64: 132 133 (96.0)
65: 130 139 (114.0)
66: 128 131 (102.0)
67: 134 135 (97.0)
68: 137 138 141 (104.0)
69: 136 145 (81.0)
70: 143 (79.0)
71: 140 147 (90.0)
72: 142 146 (84.0)
73: 144 (82.0)
74: 148 149 (99.0)
75: 150 153 (106.0)
76: 151 152 (94.0)
77: 155 161 (90.0)
78: 154 (71.0)
79: 158 159 (100.0)
80: 156 157 (100.0)
81: 160 162 171 (107.0)
82: 163 165 (122.0)
83: 164 166 (108.0)
84: 167 173 (106.0)
85: 170 172 (105.0)
86: 168 174 (99.0)
87: 169 177 (102.0)
88: 175 176 (109.0)
89: 178 183 (132.0)
90: 179 180 (113.0)
91: 181 185 (107.0)
92: 186 192 (109.0)
93: 187 191 (114.0)
94: 182 184 194 (118.0)
95: 188 189 (109.0)
96: 195 (69.0)
97: 190 193 (107.0)
98: 196 197 (112.0)
99: 198 207 (105.0)
100: 199 206 (122.0)
101: 202 203 (113.0)
102: 200 201 (113.0)
103: 208 210 (125.0)
104: 204 209 211 (125.0)
105: 205 (93.0)
106: 212 213 (117.0)
107: 217 219 (136.0)
108: 214 215 (118.0)
109: 218 223 (96.0)
110: 220 221 (118.0)
111: 216 222 (123.0)
112: 234 237 (112.0)
113: 224 225 230 (124.0)
114: 232 235 (125.0)
115: 226 231 (122.0)
116: 227 228 229 233 236 (122.0)
117: 238 240 241 (119.0)
118: 242 243 246 (114.0)
119: 239 244 245 (138.0)
120: 247 248 249 (125.0)
