Name: 250-30-50
Time: 9.730267763137817 
Result: 115047
Solution:  3 2 0 0 4 2 3 2 5 7 6 5 4 8 5 6 8 10 7 8 9 9 12 10 13 11 16 12 11 15 16 13 18 15 17 15 22 17 20 16 24 21 21 23 18 25 25 24 25 23 22 26 26 28 30 28 28 27 27 29 31 33 31 28 32 32 29 33 34 37 33 36 36 38 35 39 38 35 40 42 42 37 39 42 40 41 43 45 47 47 43 41 45 46 47 48 51 45 49 46 48 50 52 51 49 52 50 53 54 53 55 55 56 53 57 56 60 58 59 61 59 58 62 62 61 64 62 63 60 63 65 64 70 65 70 66 69 71 68 69 67 69 69 75 72 74 74 73 73 70 75 76 78 74 77 77 78 76 83 81 79 79 82 81 83 82 84 82 80 84 84 86 85 88 86 87 89 88 89 90 89 92 93 90 96 93 96 91 94 95 99 95 97 95 96 98 98 99 97 100 103 102 100 103 100 102 101 101 101 102 104 104 102 107 105 104 106 109 105 109 108 108 110 108 106 107 107 108 112 109 110 106 111 108 110 113 112 114 111 114 113 116 110 115 113 116 116 115 115 116
0: 2 3 (30.0)
1: (0.0)
2: 1 5 7 (38.0)
3: 0 6 (25.0)
4: 4 12 (45.0)
5: 8 11 14 (35.0)
6: 10 15 (38.0)
7: 9 18 (40.0)
8: 13 16 19 (33.0)
9: 20 21 (32.0)
10: 17 23 (35.0)
11: 25 28 (51.0)
12: 22 27 (37.0)
13: 24 31 (30.0)
14: (0.0)
15: 29 33 35 (33.0)
16: 26 30 39 (22.0)
17: 34 37 (31.0)
18: 32 44 (36.0)
19: (0.0)
20: 38 (31.0)
21: 41 42 (18.0)
22: 36 50 (50.0)
23: 43 49 (44.0)
24: 40 47 (49.0)
25: 45 46 48 (36.0)
26: 51 52 (38.0)
27: 57 58 (44.0)
28: 53 55 56 63 (28.0)
29: 59 66 (38.0)
30: 54 (31.0)
31: 60 62 (47.0)
32: 64 65 (35.0)
33: 61 67 70 (46.0)
34: 68 (30.0)
35: 74 77 (48.0)
36: 71 72 (37.0)
37: 69 81 (30.0)
38: 73 76 (31.0)
39: 75 82 (39.0)
40: 78 84 (45.0)
41: 85 91 (33.0)
42: 79 80 83 (36.0)
43: 86 90 (53.0)
44: (0.0)
45: 87 92 97 (31.0)
46: 93 99 (50.0)
47: 88 89 94 (48.0)
48: 95 100 (43.0)
49: 98 104 (25.0)
50: 101 106 (43.0)
51: 96 103 (50.0)
52: 102 105 (44.0)
53: 107 109 113 (45.0)
54: 108 (25.0)
55: 110 111 (39.0)
56: 112 115 (34.0)
57: 114 (34.0)
58: 117 121 (52.0)
59: 118 120 (27.0)
60: 116 128 (41.0)
61: 119 124 (51.0)
62: 122 123 126 (49.0)
63: 127 129 (44.0)
64: 125 131 (32.0)
65: 130 133 (54.0)
66: 135 (32.0)
67: 140 (32.0)
68: 138 (36.0)
69: 136 139 141 142 (30.0)
70: 132 134 149 (36.0)
71: 137 (30.0)
72: 144 (36.0)
73: 147 148 (44.0)
74: 145 146 153 (31.0)
75: 143 150 (50.0)
76: 151 157 (57.0)
77: 154 155 (43.0)
78: 152 156 (54.0)
79: 160 161 (44.0)
80: 168 (41.0)
81: 159 163 (45.0)
82: 162 165 167 (50.0)
83: 158 164 (55.0)
84: 166 169 170 (50.0)
85: 172 (44.0)
86: 171 174 (39.0)
87: 175 (32.0)
88: 173 177 (27.0)
89: 176 178 180 (61.0)
90: 179 183 (45.0)
91: 187 (37.0)
92: 181 (34.0)
93: 182 185 (50.0)
94: 188 (41.0)
95: 189 191 193 (50.0)
96: 184 186 194 (46.0)
97: 192 198 (51.0)
98: 195 196 (52.0)
99: 190 197 (53.0)
100: 199 202 204 (51.0)
101: 206 207 208 (50.0)
102: 201 205 209 212 (50.0)
103: 200 203 (46.0)
104: 210 211 215 (48.0)
105: 214 218 (42.0)
106: 216 224 231 (53.0)
107: 213 225 226 (50.0)
108: 220 221 223 227 233 (53.0)
109: 217 219 229 (50.0)
110: 222 230 234 242 (56.0)
111: 232 238 (45.0)
112: 228 236 (46.0)
113: 235 240 244 (65.0)
114: 237 239 (41.0)
115: 243 247 248 (50.0)
116: 241 245 246 249 (48.0)
