Name: 250-50-100
Time: 10.025530338287354 
Result: 122090
Solution:  0 0 2 3 3 2 4 5 4 5 4 6 3 6 8 9 8 7 10 9 11 7 10 11 13 13 14 12 13 12 17 17 16 16 14 19 17 18 22 19 22 18 20 20 19 23 23 22 24 25 26 28 27 26 24 25 32 28 30 32 29 29 33 34 32 28 33 34 31 32 36 39 36 35 38 39 37 38 38 40 37 41 38 44 41 43 43 43 44 42 44 49 45 45 47 47 48 49 46 48 51 50 51 52 52 53 50 53 54 55 55 55 57 56 57 58 59 56 60 59 62 60 62 58 63 61 67 63 62 66 61 65 66 65 64 67 68 64 70 69 70 70 75 73 71 69 74 73 72 74 74 78 76 75 77 77 80 80 81 76 83 79 77 82 81 82 79 83 86 84 89 87 86 84 85 89 87 85 88 90 91 91 94 90 92 93 92 94 96 94 93 98 100 97 95 95 99 98 97 98 100 99 97 97 101 102 102 102 101 102 104 103 104 103 105 104 103 101 103 106 105 107 107 109 107 107 109 109 106 108 110 108 111 112 111 111 112 115 110 109 110 113 113 113 114 114 114 115 112 115
0: 0 1 (50.0)
1: (0.0)
2: 2 5 (77.0)
3: 3 4 12 (43.0)
4: 6 8 10 (58.0)
5: 7 9 (66.0)
6: 11 13 (64.0)
7: 17 21 (59.0)
8: 14 16 (54.0)
9: 15 19 (48.0)
10: 18 22 (56.0)
11: 20 23 (52.0)
12: 27 29 (63.0)
13: 24 25 28 (84.0)
14: 26 34 (69.0)
15: (0.0)
16: 32 33 (58.0)
17: 30 31 36 (73.0)
18: 37 41 (69.0)
19: 35 39 44 (42.0)
20: 42 43 (61.0)
21: (0.0)
22: 38 40 47 (99.0)
23: 45 46 (83.0)
24: 48 54 (62.0)
25: 49 55 (65.0)
26: 50 53 (81.0)
27: 52 (41.0)
28: 51 57 65 (70.0)
29: 60 61 (66.0)
30: 58 (51.0)
31: 68 (58.0)
32: 56 59 64 69 (92.0)
33: 62 66 (59.0)
34: 63 67 (76.0)
35: 73 (59.0)
36: 70 72 (66.0)
37: 76 80 (71.0)
38: 74 77 78 82 (94.0)
39: 71 75 (64.0)
40: 79 (51.0)
41: 81 84 (86.0)
42: 89 (64.0)
43: 85 86 87 (99.0)
44: 83 88 90 (85.0)
45: 92 93 (74.0)
46: 98 (54.0)
47: 94 95 (74.0)
48: 96 99 (63.0)
49: 91 97 (83.0)
50: 101 106 (78.0)
51: 100 102 (71.0)
52: 103 104 (75.0)
53: 105 107 (95.0)
54: 108 (62.0)
55: 109 110 111 (100.0)
56: 113 117 (83.0)
57: 112 114 (85.0)
58: 115 123 (82.0)
59: 116 119 (71.0)
60: 118 121 (88.0)
61: 125 130 (53.0)
62: 120 122 128 (100.0)
63: 124 127 (116.0)
64: 134 137 (69.0)
65: 131 133 (115.0)
66: 129 132 (79.0)
67: 126 135 (69.0)
68: 136 (78.0)
69: 139 145 (91.0)
70: 138 140 141 (97.0)
71: 144 (72.0)
72: 148 (51.0)
73: 143 147 (86.0)
74: 146 149 150 (92.0)
75: 142 153 (95.0)
76: 152 159 (89.0)
77: 154 155 162 (96.0)
78: 151 (85.0)
79: 161 166 (90.0)
80: 156 157 (88.0)
81: 158 164 (98.0)
82: 163 165 (100.0)
83: 160 167 (88.0)
84: 169 173 (88.0)
85: 174 177 (99.0)
86: 168 172 (92.0)
87: 171 176 (86.0)
88: 178 (81.0)
89: 170 175 (87.0)
90: 179 183 (95.0)
91: 180 181 (92.0)
92: 184 186 (50.0)
93: 185 190 (77.0)
94: 182 187 189 (87.0)
95: 194 195 (95.0)
96: 188 (91.0)
97: 193 198 202 203 (95.0)
98: 191 197 199 (99.0)
99: 196 201 (120.0)
100: 192 200 (100.0)
101: 204 208 217 (101.0)
102: 205 206 207 209 (105.0)
103: 211 213 216 218 (131.0)
104: 210 212 215 (106.0)
105: 214 220 (97.0)
106: 219 228 (99.0)
107: 221 222 224 225 (85.0)
108: 229 231 (92.0)
109: 223 226 227 239 (102.0)
110: 230 238 240 (100.0)
111: 232 234 235 (99.0)
112: 233 236 248 (99.0)
113: 241 242 243 (99.0)
114: 244 245 246 (99.0)
115: 237 247 249 (100.0)
