Name: 250-50-100
Time: 18.041086196899414 
Result: 83
Solution:  0 0 0 3 1 1 4 4 3 5 6 6 3 5 7 10 8 8 6 7 12 10 11 10 13 14 12 11 17 15 17 14 16 16 13 19 17 15 20 19 22 19 19 23 25 22 26 23 24 24 23 27 27 26 25 26 29 28 30 29 29 27 33 33 32 28 32 34 31 36 35 36 37 37 34 38 38 39 36 40 36 39 41 43 42 40 43 42 44 41 44 46 44 45 48 46 49 50 47 50 50 51 51 52 52 53 49 53 54 55 55 56 57 57 60 59 59 55 58 58 60 60 63 61 62 63 61 63 63 64 65 65 66 66 69 69 68 67 70 67 70 70 73 72 71 71 73 76 74 74 72 78 75 76 75 80 77 77 81 79 80 79 77 82 83 82 81 84 85 83 89 84 85 87 88 89 87 88 86 89 90 90 92 91 93 93 91 92 94 95 94 96 98 96 95 95 97 101 97 99 100 100 98 103 102 105 101 103 100 101 99 103 101 105 107 104 104 102 105 106 107 106 106 108 106 108 110 106 104 109 108 109 111 112 112 114 111 111 109 114 110 113 112 115 114 113 113 115 114 115
0: 0 1 2 (92.0)
1: 4 5 (51.0)
2: (0.0)
3: 3 8 12 (45.0)
4: 6 7 (51.0)
5: 9 13 (67.0)
6: 10 11 18 (72.0)
7: 14 19 (72.0)
8: 16 17 (53.0)
9: (0.0)
10: 15 21 23 (55.0)
11: 22 27 (70.0)
12: 20 26 (55.0)
13: 24 34 (71.0)
14: 25 31 (68.0)
15: 29 37 (71.0)
16: 32 33 (58.0)
17: 28 30 36 (65.0)
18: (0.0)
19: 35 39 41 42 (90.0)
20: 38 (46.0)
21: (0.0)
22: 40 45 (75.0)
23: 43 47 50 (100.0)
24: 48 49 (62.0)
25: 44 54 (52.0)
26: 46 53 55 (95.0)
27: 51 52 61 (90.0)
28: 57 65 (64.0)
29: 56 59 60 (82.0)
30: 58 (51.0)
31: 68 (58.0)
32: 64 66 (56.0)
33: 62 63 (67.0)
34: 67 74 (54.0)
35: 70 (56.0)
36: 69 71 78 80 (73.0)
37: 72 73 (69.0)
38: 75 76 (92.0)
39: 77 81 (71.0)
40: 79 85 (78.0)
41: 82 89 (89.0)
42: 84 87 (88.0)
43: 83 86 (75.0)
44: 88 90 92 (56.0)
45: 93 (57.0)
46: 91 95 (61.0)
47: 98 (54.0)
48: 94 (56.0)
49: 96 106 (70.0)
50: 97 99 100 (98.0)
51: 101 102 (84.0)
52: 103 104 (75.0)
53: 105 107 (95.0)
54: 108 (62.0)
55: 109 110 117 (82.0)
56: 111 (59.0)
57: 112 113 (82.0)
58: 118 119 (82.0)
59: 115 116 (78.0)
60: 114 120 121 (128.0)
61: 123 126 (89.0)
62: 124 (76.0)
63: 122 125 127 128 (100.0)
64: 129 (69.0)
65: 130 131 (85.0)
66: 132 133 (86.0)
67: 137 139 (84.0)
68: 136 (78.0)
69: 134 135 (86.0)
70: 138 140 141 (97.0)
71: 144 145 (87.0)
72: 143 150 (55.0)
73: 142 146 (88.0)
74: 148 149 (87.0)
75: 152 154 (98.0)
76: 147 153 (94.0)
77: 156 157 162 (96.0)
78: 151 (85.0)
79: 159 161 (96.0)
80: 155 160 (72.0)
81: 158 166 (83.0)
82: 163 165 (100.0)
83: 164 169 (93.0)
84: 167 171 (85.0)
85: 168 172 (92.0)
86: 178 (81.0)
87: 173 176 (100.0)
88: 174 177 (99.0)
89: 170 175 179 (98.0)
90: 180 181 (92.0)
91: 183 186 (100.0)
92: 182 187 (85.0)
93: 184 185 (93.0)
94: 188 190 (109.0)
95: 189 194 195 (97.0)
96: 191 193 (109.0)
97: 196 198 (82.0)
98: 192 202 (100.0)
99: 199 210 (84.0)
100: 200 201 208 (99.0)
101: 197 206 209 212 (63.0)
102: 204 217 (89.0)
103: 203 207 211 (99.0)
104: 215 216 228 (112.0)
105: 205 213 218 (100.0)
106: 219 221 222 224 227 (99.0)
107: 214 220 (97.0)
108: 223 225 230 (97.0)
109: 229 231 238 (98.0)
110: 226 240 (99.0)
111: 232 236 237 (101.0)
112: 233 234 242 (98.0)
113: 241 245 246 (99.0)
114: 235 239 244 248 (94.0)
115: 243 247 249 (109.0)
