Name: 250-40-75
Time: 9.878109455108643 
Result: 58061
Solution:  3 2 1 1 1 2 4 3 6 4 4 4 9 6 7 8 7 10 9 6 8 10 11 12 11 13 13 12 10 13 18 15 17 19 15 15 17 19 18 20 21 22 18 21 22 20 20 24 25 27 22 24 26 26 25 27 28 30 29 29 31 28 34 30 34 32 33 34 31 34 35 36 37 37 38 35 35 40 36 36 42 39 41 39 42 40 43 44 41 47 46 43 49 46 46 47 49 44 50 49 49 48 55 52 52 53 55 53 51 51 58 57 56 56 61 54 56 54 63 60 57 58 63 59 62 62 63 60 64 64 69 65 62 70 66 66 68 68 67 71 67 69 71 71 72 72 73 73 75 76 76 74 75 74 77 78 78 76 77 79 77 80 81 82 80 81 82 85 87 84 84 85 88 83 89 86 86 88 88 91 90 87 91 92 95 95 92 90 94 94 93 98 97 98 100 97 98 96 99 99 103 103 102 101 101 104 104 100 102 105 107 107 106 105 110 106 108 108 109 110 111 111 112 112 109 113 114 109 110 114 113 115 118 111 113 115 115 116 119 117 117 120 119 116 117 119 118 120 118 120
0: (0.0)
1: 2 3 4 (57.0)
2: 1 5 (46.0)
3: 0 7 (51.0)
4: 6 9 10 11 (53.0)
5: (0.0)
6: 8 13 19 (56.0)
7: 14 16 (52.0)
8: 15 20 (47.0)
9: 12 18 (64.0)
10: 17 21 28 (48.0)
11: 22 24 (41.0)
12: 23 27 (45.0)
13: 25 26 29 (68.0)
14: (0.0)
15: 31 34 35 (62.0)
16: (0.0)
17: 32 36 (45.0)
18: 30 38 42 (56.0)
19: 33 37 (45.0)
20: 39 45 46 (70.0)
21: 40 43 (59.0)
22: 41 44 50 (48.0)
23: (0.0)
24: 47 51 (69.0)
25: 48 54 (41.0)
26: 52 53 (47.0)
27: 49 55 (54.0)
28: 56 61 (57.0)
29: 58 59 (49.0)
30: 57 63 (58.0)
31: 60 68 (56.0)
32: 65 (37.0)
33: 66 (46.0)
34: 62 64 67 69 (42.0)
35: 70 75 76 (74.0)
36: 71 78 79 (70.0)
37: 72 73 (51.0)
38: 74 (43.0)
39: 81 83 (48.0)
40: 77 85 (40.0)
41: 82 88 (73.0)
42: 80 84 (65.0)
43: 86 91 (57.0)
44: 87 97 (54.0)
45: (0.0)
46: 90 93 94 (63.0)
47: 89 95 (42.0)
48: 101 (49.0)
49: 92 96 99 100 (74.0)
50: 98 (51.0)
51: 108 109 (57.0)
52: 103 104 (60.0)
53: 105 107 (63.0)
54: 115 117 (53.0)
55: 102 106 (45.0)
56: 112 113 116 (72.0)
57: 111 120 (72.0)
58: 110 121 (45.0)
59: 123 (41.0)
60: 119 127 (67.0)
61: 114 (51.0)
62: 124 125 132 (67.0)
63: 118 122 126 (72.0)
64: 128 129 (61.0)
65: 131 (45.0)
66: 134 135 (62.0)
67: 138 140 (67.0)
68: 136 137 (62.0)
69: 130 141 (65.0)
70: 133 (55.0)
71: 139 142 143 (71.0)
72: 144 145 (63.0)
73: 146 147 (63.0)
74: 151 153 (73.0)
75: 148 152 (71.0)
76: 149 150 157 (74.0)
77: 154 158 160 (72.0)
78: 155 156 (69.0)
79: 159 (41.0)
80: 161 164 (69.0)
81: 162 165 (81.0)
82: 163 166 (62.0)
83: 173 (54.0)
84: 169 170 (74.0)
85: 167 171 (71.0)
86: 175 176 (66.0)
87: 168 181 (66.0)
88: 172 177 178 (71.0)
89: 174 (40.0)
90: 180 187 (46.0)
91: 179 182 (72.0)
92: 183 186 (75.0)
93: 190 (53.0)
94: 188 189 (68.0)
95: 184 185 (68.0)
96: 197 (58.0)
97: 192 195 (68.0)
98: 191 193 196 (75.0)
99: 198 199 (71.0)
100: 194 207 (48.0)
101: 203 204 (70.0)
102: 202 208 (73.0)
103: 200 201 (71.0)
104: 205 206 (72.0)
105: 209 213 (68.0)
106: 212 215 (98.0)
107: 210 211 (71.0)
108: 216 217 (71.0)
109: 218 224 227 (68.0)
110: 214 219 228 (88.0)
111: 220 221 233 (76.0)
112: 222 223 (72.0)
113: 225 230 234 (73.0)
114: 226 229 (81.0)
115: 231 235 236 (74.0)
116: 237 243 (73.0)
117: 239 240 244 (66.0)
118: 232 246 248 (75.0)
119: 238 242 245 (72.0)
120: 241 247 249 (81.0)
