Name: 250-20-30
Time: 17.575610876083374 
Result: 33
Solution:  0 0 4 4 1 1 4 3 2 2 5 3 7 7 5 7 10 9 12 11 11 10 13 9 13 12 12 14 14 15 17 13 16 15 19 20 16 18 21 21 18 20 17 24 24 19 23 25 27 25 26 23 27 26 30 27 28 28 28 29 32 33 30 33 31 29 34 35 37 31 32 38 35 38 39 37 37 40 36 36 39 41 40 42 38 41 44 41 46 42 45 44 46 46 47 51 50 49 50 47 48 48 49 50 51 53 52 54 53 52 55 54 55 56 56 58 57 57 59 58 60 60 61 60 62 63 62 59 64 63 62 66 66 69 67 64 68 69 71 70 70 67 68 71 71 72 72 73 74 76 77 73 74 77 79 78 81 79 75 77 80 81 79 82 83 80 85 80 84 82 89 86 87 83 86 87 86 88 85 90 88 92 89 90 94 92 91 90 91 92 93 93 94 93 95 97 95 95 98 95 96 95 100 99 94 99 97 102 99 96 103 101 103 104 98 101 100 102 102 105 101 101 99 104 102 103 108 105 105 104 105 109 106 107 107 107 106 109 108 109 107 112 110 110 110 111 112 111 110 111
0: 0 1 (20.0)
1: 4 5 (20.0)
2: 8 9 (20.0)
3: 7 11 (21.0)
4: 2 3 6 (26.0)
5: 10 14 (26.0)
6: (0.0)
7: 12 13 15 (27.0)
8: (0.0)
9: 17 23 (22.0)
10: 16 21 (22.0)
11: 19 20 (26.0)
12: 18 25 26 (15.0)
13: 22 24 31 (29.0)
14: 27 28 (26.0)
15: 29 33 (24.0)
16: 32 36 (18.0)
17: 30 42 (25.0)
18: 37 40 (18.0)
19: 34 45 (27.0)
20: 35 41 (24.0)
21: 38 39 (21.0)
22: (0.0)
23: 46 51 (24.0)
24: 43 44 (18.0)
25: 47 49 (25.0)
26: 50 53 (26.0)
27: 48 52 55 (18.0)
28: 56 57 58 (31.0)
29: 59 65 (27.0)
30: 54 62 (29.0)
31: 64 69 (26.0)
32: 60 70 (27.0)
33: 61 63 (21.0)
34: 66 (20.0)
35: 67 72 (20.0)
36: 78 79 (23.0)
37: 68 75 76 (23.0)
38: 71 73 84 (20.0)
39: 74 80 (27.0)
40: 77 82 (29.0)
41: 81 85 87 (27.0)
42: 83 89 (24.0)
43: (0.0)
44: 86 91 (25.0)
45: 90 (21.0)
46: 88 92 93 (37.0)
47: 94 99 (27.0)
48: 100 101 (24.0)
49: 97 102 (27.0)
50: 96 98 103 (30.0)
51: 95 104 (27.0)
52: 106 109 (29.0)
53: 105 108 (21.0)
54: 107 111 (18.0)
55: 110 112 (30.0)
56: 113 114 (23.0)
57: 116 117 (25.0)
58: 115 119 (22.0)
59: 118 127 (34.0)
60: 120 121 123 (29.0)
61: 122 (21.0)
62: 124 126 130 (28.0)
63: 125 129 (28.0)
64: 128 135 (22.0)
65: (0.0)
66: 131 132 (25.0)
67: 134 141 (23.0)
68: 136 142 (30.0)
69: 133 137 (33.0)
70: 139 140 (31.0)
71: 138 143 144 (34.0)
72: 145 146 (22.0)
73: 147 151 (40.0)
74: 148 152 (23.0)
75: 158 (22.0)
76: 149 (20.0)
77: 150 153 159 (22.0)
78: 155 (21.0)
79: 154 157 162 (22.0)
80: 160 165 167 (30.0)
81: 156 161 (32.0)
82: 163 169 (25.0)
83: 164 173 (29.0)
84: 168 (26.0)
85: 166 178 (32.0)
86: 171 174 176 (28.0)
87: 172 175 (32.0)
88: 177 180 (29.0)
89: 170 182 (24.0)
90: 179 183 187 (27.0)
91: 186 188 (29.0)
92: 181 185 189 (29.0)
93: 190 191 193 (31.0)
94: 184 192 204 (25.0)
95: 194 196 197 199 201 (28.0)
96: 200 209 (20.0)
97: 195 206 (30.0)
98: 198 214 (30.0)
99: 203 205 208 222 (30.0)
100: 202 216 (32.0)
101: 211 215 220 221 (30.0)
102: 207 217 218 224 (29.0)
103: 210 212 225 (30.0)
104: 213 223 229 (36.0)
105: 219 227 228 230 (48.0)
106: 232 236 (23.0)
107: 233 234 235 240 (24.0)
108: 226 238 (30.0)
109: 231 237 239 (30.0)
110: 242 243 244 248 (26.0)
111: 245 247 249 (30.0)
112: 241 246 (34.0)
