Name: 250-20-30
Time: 11.227552652359009 
Result: 62025
Solution:  0 0 1 1 2 2 4 4 8 2 3 3 6 3 6 11 7 9 9 10 9 11 10 7 12 8 10 14 14 15 16 15 15 12 17 17 18 20 19 20 20 16 24 19 24 18 23 23 24 25 26 26 29 25 30 26 31 27 31 29 28 27 33 33 31 28 32 34 35 34 35 34 37 35 38 37 40 36 39 38 41 40 40 42 41 39 43 42 48 44 45 42 46 44 47 50 47 49 48 46 54 50 49 51 52 51 52 54 56 53 57 55 57 55 56 53 58 58 59 61 61 60 59 61 64 60 62 62 64 63 65 65 66 66 67 63 68 68 69 70 71 67 73 70 69 72 70 73 70 74 77 76 72 77 77 75 79 79 78 78 82 82 83 81 80 84 83 80 87 83 88 84 86 84 86 85 88 89 85 90 92 93 89 90 91 91 91 90 89 93 95 93 94 96 91 97 94 94 92 98 96 98 97 99 94 98 100 102 96 98 95 101 102 104 101 104 100 101 102 99 102 101 99 104 104 103 105 105 105 107 103 110 106 107 106 106 108 108 112 109 107 109 109 110 110 111 111 111 111 112
0: 0 1 (20.0)
1: 2 3 (20.0)
2: 4 5 9 (23.0)
3: 10 11 13 (33.0)
4: 6 7 (20.0)
5: (0.0)
6: 12 14 (20.0)
7: 16 23 (26.0)
8: 8 25 (21.0)
9: 17 18 20 (22.0)
10: 19 22 26 (30.0)
11: 15 21 (17.0)
12: 24 33 (32.0)
13: (0.0)
14: 27 28 (26.0)
15: 29 31 32 (20.0)
16: 30 41 (29.0)
17: 34 35 (21.0)
18: 36 45 (29.0)
19: 38 43 (28.0)
20: 37 39 40 (24.0)
21: (0.0)
22: (0.0)
23: 46 47 (22.0)
24: 42 44 48 (21.0)
25: 49 53 (31.0)
26: 50 51 55 (27.0)
27: 57 61 (27.0)
28: 60 65 (26.0)
29: 52 59 (20.0)
30: 54 (17.0)
31: 56 58 64 (24.0)
32: 66 (20.0)
33: 62 63 (23.0)
34: 67 69 71 (28.0)
35: 68 70 73 (27.0)
36: 77 (19.0)
37: 72 75 (29.0)
38: 74 79 (24.0)
39: 78 85 (28.0)
40: 76 81 82 (21.0)
41: 80 84 (21.0)
42: 83 87 91 (18.0)
43: 86 (22.0)
44: 89 93 (25.0)
45: 90 (21.0)
46: 92 99 (25.0)
47: 94 96 (26.0)
48: 88 98 (22.0)
49: 97 102 (27.0)
50: 95 101 (24.0)
51: 103 105 (16.0)
52: 104 106 (31.0)
53: 109 115 (25.0)
54: 100 107 (20.0)
55: 111 113 (20.0)
56: 108 114 (25.0)
57: 110 112 (30.0)
58: 116 117 (25.0)
59: 118 122 (36.0)
60: 121 125 (32.0)
61: 119 120 123 (23.0)
62: 126 127 (26.0)
63: 129 135 (20.0)
64: 124 128 (23.0)
65: 130 131 (26.0)
66: 132 133 (26.0)
67: 134 141 (23.0)
68: 136 137 (26.0)
69: 138 144 (29.0)
70: 139 143 146 148 (30.0)
71: 140 (21.0)
72: 145 152 (30.0)
73: 142 147 (41.0)
74: 149 (20.0)
75: 155 (21.0)
76: 151 (21.0)
77: 150 153 154 (23.0)
78: 158 159 (27.0)
79: 156 157 (27.0)
80: 164 167 (28.0)
81: 163 (23.0)
82: 160 161 (28.0)
83: 162 166 169 (26.0)
84: 165 171 173 (27.0)
85: 175 178 (27.0)
86: 172 174 (32.0)
87: 168 (26.0)
88: 170 176 (26.0)
89: 177 182 188 (32.0)
90: 179 183 187 (27.0)
91: 184 185 186 194 (30.0)
92: 180 198 (29.0)
93: 181 189 191 (29.0)
94: 192 196 197 204 (28.0)
95: 190 210 (26.0)
96: 193 200 208 (33.0)
97: 195 202 (30.0)
98: 199 201 205 209 (31.0)
99: 203 219 222 (35.0)
100: 206 216 (32.0)
101: 211 214 217 221 (29.0)
102: 207 212 218 220 (32.0)
103: 225 230 (33.0)
104: 213 215 223 224 (33.0)
105: 226 227 228 (30.0)
106: 232 234 235 (28.0)
107: 229 233 240 (30.0)
108: 236 237 (26.0)
109: 239 241 242 (28.0)
110: 231 243 244 (23.0)
111: 245 246 247 248 (30.0)
112: 238 249 (30.0)
