Name: 250-60-125
Time: 20.885236740112305 
Result: 99
Solution:  1 2 4 1 1 3 3 5 4 5 2 3 7 8 7 9 8 7 11 9 10 13 11 10 13 12 12 14 16 14 15 15 14 18 21 16 18 15 19 21 23 20 22 23 20 19 21 26 23 25 28 22 27 25 26 28 26 25 29 31 30 27 27 32 31 34 33 32 35 34 31 32 34 36 37 39 37 36 37 40 38 40 40 42 44 42 45 41 47 43 45 43 44 46 48 45 47 45 48 50 53 52 51 50 49 50 51 52 56 54 55 53 54 53 58 55 58 57 56 59 60 60 61 64 61 63 59 64 64 63 65 66 66 62 67 67 68 66 69 65 70 70 72 71 69 70 73 74 72 74 76 75 77 73 75 77 79 79 82 78 81 80 84 83 84 83 85 82 80 87 86 81 86 84 85 87 89 88 90 88 94 90 94 89 91 91 93 93 95 95 98 96 92 92 97 100 96 97 98 101 99 103 99 102 102 103 101 100 104 104 107 106 104 109 105 105 108 108 109 106 110 110 112 112 113 113 115 111 111 111 113 115 114 114 114 117 116 117 118 116 116 116 119 119 118 118 119 120 120 120
0: (0.0)
1: 0 3 4 (48.0)
2: 1 10 (90.0)
3: 5 6 11 (92.0)
4: 2 8 (65.0)
5: 7 9 (76.0)
6: (0.0)
7: 12 14 17 (71.0)
8: 13 16 (76.0)
9: 15 19 (99.0)
10: 20 23 (80.0)
11: 18 22 (48.0)
12: 25 26 (52.0)
13: 21 24 (76.0)
14: 27 29 32 (64.0)
15: 30 31 37 (104.0)
16: 28 35 (89.0)
17: (0.0)
18: 33 36 (87.0)
19: 38 45 (86.0)
20: 41 44 (93.0)
21: 34 39 46 (68.0)
22: 42 51 (117.0)
23: 40 43 48 (80.0)
24: (0.0)
25: 49 53 57 (121.0)
26: 47 54 56 (100.0)
27: 52 61 62 (71.0)
28: 50 55 (84.0)
29: 58 (66.0)
30: 60 (61.0)
31: 59 64 70 (74.0)
32: 63 67 71 (108.0)
33: 66 (58.0)
34: 65 69 72 (96.0)
35: 68 (77.0)
36: 73 77 (64.0)
37: 74 76 78 (104.0)
38: 80 (77.0)
39: 75 (65.0)
40: 79 81 82 (59.0)
41: 87 (72.0)
42: 83 85 (101.0)
43: 89 91 (72.0)
44: 84 92 (66.0)
45: 86 90 95 97 (120.0)
46: 93 (83.0)
47: 88 96 (85.0)
48: 94 98 (83.0)
49: 104 (68.0)
50: 99 103 105 (109.0)
51: 102 106 (117.0)
52: 101 107 (112.0)
53: 100 111 113 (112.0)
54: 109 112 (109.0)
55: 110 115 (83.0)
56: 108 118 (94.0)
57: 117 (71.0)
58: 114 116 (73.0)
59: 119 126 (110.0)
60: 120 121 (93.0)
61: 122 124 (77.0)
62: 133 (67.0)
63: 125 129 (103.0)
64: 123 127 128 (123.0)
65: 130 139 (114.0)
66: 131 132 137 (113.0)
67: 134 135 (97.0)
68: 136 (64.0)
69: 138 144 (111.0)
70: 140 141 145 (115.0)
71: 143 (79.0)
72: 142 148 (63.0)
73: 146 153 (74.0)
74: 147 149 (89.0)
75: 151 154 (74.0)
76: 150 (97.0)
77: 152 155 (120.0)
78: 159 (78.0)
79: 156 157 (100.0)
80: 161 168 (97.0)
81: 160 171 (96.0)
82: 158 167 (84.0)
83: 163 165 (122.0)
84: 162 164 173 (124.0)
85: 166 174 (102.0)
86: 170 172 (105.0)
87: 169 175 (107.0)
88: 177 179 (73.0)
89: 176 183 (132.0)
90: 178 181 (99.0)
91: 184 185 (108.0)
92: 192 193 (112.0)
93: 186 187 (109.0)
94: 180 182 (119.0)
95: 188 189 (109.0)
96: 191 196 (109.0)
97: 194 197 (85.0)
98: 190 198 (120.0)
99: 200 202 (95.0)
100: 195 207 (124.0)
101: 199 206 (122.0)
102: 203 204 (119.0)
103: 201 205 (125.0)
104: 208 209 212 (147.0)
105: 214 215 (118.0)
106: 211 219 (116.0)
107: 210 (83.0)
108: 216 217 (118.0)
109: 213 218 (119.0)
110: 220 221 (118.0)
111: 227 228 229 (115.0)
112: 222 223 (119.0)
113: 224 225 230 (124.0)
114: 232 233 234 (122.0)
115: 226 231 (122.0)
116: 236 239 240 241 (121.0)
117: 235 237 (120.0)
118: 238 244 245 (138.0)
119: 242 243 246 (114.0)
120: 247 248 249 (125.0)
