Name: 250-60-125
Time: 20.958064079284668 
Result: 90
Solution:  3 0 4 0 3 2 1 3 4 1 8 6 7 6 8 7 10 10 10 9 11 9 12 11 14 13 12 15 13 13 15 14 15 16 16 18 18 19 20 18 22 20 21 21 19 22 23 22 23 21 25 24 27 24 27 28 29 25 30 30 31 27 28 29 32 33 34 32 35 30 33 32 35 37 37 39 40 34 37 40 38 39 41 42 45 41 43 41 43 44 44 47 46 46 48 47 47 50 48 49 50 53 51 50 52 50 53 54 52 55 54 56 55 56 59 58 57 57 58 63 60 60 61 59 61 66 64 63 67 63 65 67 64 62 69 66 65 71 69 68 72 69 70 70 71 68 73 74 74 72 77 75 76 73 75 73 80 74 78 79 81 78 85 82 83 82 85 84 80 85 84 81 86 83 86 90 88 87 87 89 89 90 90 93 91 92 92 91 94 94 98 93 96 97 95 95 97 96 98 101 99 103 100 102 102 100 101 99 104 106 105 105 104 103 108 104 109 106 109 107 110 107 111 108 111 116 112 112 112 116 113 113 114 113 115 114 116 115 117 120 116 117 117 118 119 120 118 119 118 119
0: 1 3 (61.0)
1: 6 9 (69.0)
2: 5 (46.0)
3: 0 4 7 (66.0)
4: 2 8 (65.0)
5: (0.0)
6: 11 13 (48.0)
7: 12 15 (81.0)
8: 10 14 (64.0)
9: 19 21 (70.0)
10: 16 17 18 (79.0)
11: 20 23 (80.0)
12: 22 26 (77.0)
13: 25 28 29 (78.0)
14: 24 31 (113.0)
15: 27 30 32 (57.0)
16: 33 34 (80.0)
17: (0.0)
18: 35 36 39 (98.0)
19: 37 44 (72.0)
20: 38 41 (106.0)
21: 42 43 49 (91.0)
22: 40 45 47 (109.0)
23: 46 48 (75.0)
24: 51 53 (103.0)
25: 50 57 (76.0)
26: (0.0)
27: 52 54 61 (57.0)
28: 55 62 (90.0)
29: 56 63 (71.0)
30: 58 59 69 (80.0)
31: 60 (61.0)
32: 64 67 71 (89.0)
33: 65 70 (88.0)
34: 66 77 (84.0)
35: 68 72 (119.0)
36: (0.0)
37: 73 74 78 (88.0)
38: 80 (77.0)
39: 75 81 (71.0)
40: 76 79 (101.0)
41: 82 85 87 (100.0)
42: 83 (79.0)
43: 86 88 (61.0)
44: 89 90 (87.0)
45: 84 (63.0)
46: 92 93 (86.0)
47: 91 95 96 (79.0)
48: 94 98 (83.0)
49: 99 (83.0)
50: 97 100 103 105 (106.0)
51: 102 (82.0)
52: 104 108 (104.0)
53: 101 106 (92.0)
54: 107 110 (99.0)
55: 109 112 (109.0)
56: 111 113 (82.0)
57: 116 117 (92.0)
58: 115 118 (97.0)
59: 114 123 (104.0)
60: 120 121 (93.0)
61: 122 124 (77.0)
62: 133 (67.0)
63: 119 127 129 (99.0)
64: 126 132 (104.0)
65: 130 136 (109.0)
66: 125 135 (115.0)
67: 128 131 (102.0)
68: 139 145 (86.0)
69: 134 138 141 (112.0)
70: 142 143 (98.0)
71: 137 144 (115.0)
72: 140 149 (111.0)
73: 146 153 155 (103.0)
74: 147 148 157 (109.0)
75: 151 154 (74.0)
76: 152 (91.0)
77: 150 (97.0)
78: 158 161 (83.0)
79: 159 (78.0)
80: 156 168 (105.0)
81: 160 171 (96.0)
82: 163 165 (122.0)
83: 164 173 (113.0)
84: 167 170 (108.0)
85: 162 166 169 (116.0)
86: 172 174 (122.0)
87: 177 178 (104.0)
88: 176 (68.0)
89: 179 180 (113.0)
90: 175 181 182 (115.0)
91: 184 187 (107.0)
92: 185 186 (110.0)
93: 183 191 (103.0)
94: 188 189 (109.0)
95: 194 195 (112.0)
96: 192 197 (117.0)
97: 193 196 (107.0)
98: 190 198 (120.0)
99: 200 207 (136.0)
100: 202 205 (107.0)
101: 199 206 (122.0)
102: 203 204 (119.0)
103: 201 213 (117.0)
104: 208 212 215 (132.0)
105: 210 211 (115.0)
106: 209 217 (125.0)
107: 219 221 (114.0)
108: 214 223 (122.0)
109: 216 218 (100.0)
110: 220 (88.0)
111: 222 224 (108.0)
112: 226 227 228 (120.0)
113: 230 231 233 (103.0)
114: 232 235 (125.0)
115: 234 237 (112.0)
116: 225 229 236 240 (107.0)
117: 238 241 242 (113.0)
118: 243 246 248 (131.0)
119: 244 247 249 (126.0)
120: 239 245 (113.0)
