Name: 250-50-100
Time: 18.196931838989258 
Result: 97
Solution:  0 0 1 2 2 4 1 3 4 3 7 6 10 6 5 8 8 10 8 7 11 8 13 11 13 12 12 12 18 14 17 16 16 19 14 18 18 17 22 19 23 20 21 23 21 20 22 23 25 25 24 25 27 26 26 30 30 28 32 27 31 29 34 29 33 28 33 34 31 32 36 37 36 35 38 38 37 39 36 40 37 39 38 41 41 39 42 42 44 43 44 44 45 46 49 46 48 45 47 51 51 50 48 53 52 52 50 53 54 54 56 55 56 58 57 58 59 60 61 58 59 60 61 63 62 61 64 63 63 68 64 66 66 65 70 66 67 67 72 69 70 71 73 71 72 69 76 76 73 74 73 74 75 79 75 79 78 78 77 77 80 80 78 82 84 79 81 81 86 83 87 83 83 87 88 89 91 88 85 91 89 91 90 90 93 93 92 92 95 94 94 94 99 97 96 96 98 100 100 97 101 99 97 98 102 103 101 101 101 104 100 103 106 105 105 104 103 102 108 106 108 110 106 107 109 109 107 108 104 109 107 108 110 113 112 115 112 112 111 111 113 110 111 114 115 114 111 115 115 114
0: 0 1 (50.0)
1: 2 6 (61.0)
2: 3 4 (24.0)
3: 7 9 (66.0)
4: 5 8 (53.0)
5: 14 (38.0)
6: 11 13 (64.0)
7: 10 19 (55.0)
8: 15 16 18 21 (72.0)
9: (0.0)
10: 12 17 (56.0)
11: 20 23 (52.0)
12: 25 26 27 (88.0)
13: 22 24 (60.0)
14: 29 34 (76.0)
15: (0.0)
16: 31 32 (62.0)
17: 30 37 (63.0)
18: 28 35 36 (55.0)
19: 33 39 (45.0)
20: 41 45 (70.0)
21: 42 44 (57.0)
22: 38 46 (86.0)
23: 40 43 47 (75.0)
24: 50 (57.0)
25: 48 49 51 (68.0)
26: 53 54 (58.0)
27: 52 59 (55.0)
28: 57 65 (64.0)
29: 61 63 (84.0)
30: 55 56 (76.0)
31: 60 68 (81.0)
32: 58 69 (61.0)
33: 64 66 (56.0)
34: 62 67 (61.0)
35: 73 (59.0)
36: 70 72 78 (86.0)
37: 71 76 80 (84.0)
38: 74 75 82 (95.0)
39: 77 81 85 (98.0)
40: 79 (51.0)
41: 83 84 (91.0)
42: 86 87 (72.0)
43: 89 (64.0)
44: 88 90 91 (82.0)
45: 92 97 (57.0)
46: 93 95 (75.0)
47: 98 (54.0)
48: 96 102 (76.0)
49: 94 (56.0)
50: 101 106 (78.0)
51: 99 100 (58.0)
52: 104 105 (80.0)
53: 103 107 (90.0)
54: 108 109 (81.0)
55: 111 (59.0)
56: 110 112 (62.0)
57: 114 (45.0)
58: 113 115 119 (109.0)
59: 116 120 (88.0)
60: 117 121 (77.0)
61: 118 122 125 (97.0)
62: 124 (76.0)
63: 123 127 128 (100.0)
64: 126 130 (90.0)
65: 133 (76.0)
66: 131 132 135 (74.0)
67: 136 137 (86.0)
68: 129 (69.0)
69: 139 145 (91.0)
70: 134 140 (99.0)
71: 141 143 (101.0)
72: 138 144 (82.0)
73: 142 148 150 (89.0)
74: 149 151 (121.0)
75: 152 154 (98.0)
76: 146 147 (87.0)
77: 158 159 (89.0)
78: 156 157 162 (96.0)
79: 153 155 165 (97.0)
80: 160 161 (89.0)
81: 166 167 (89.0)
82: 163 (81.0)
83: 169 171 172 (99.0)
84: 164 (70.0)
85: 178 (81.0)
86: 168 (67.0)
87: 170 173 (104.0)
88: 174 177 (99.0)
89: 175 180 (94.0)
90: 182 183 (92.0)
91: 176 179 181 (92.0)
92: 186 187 (93.0)
93: 184 185 (93.0)
94: 189 190 191 (96.0)
95: 188 (91.0)
96: 194 195 (95.0)
97: 193 199 202 (80.0)
98: 196 203 (84.0)
99: 192 201 (111.0)
100: 197 198 210 (100.0)
101: 200 206 207 208 (110.0)
102: 204 217 (89.0)
103: 205 211 216 (103.0)
104: 209 215 228 (95.0)
105: 213 214 (95.0)
106: 212 219 222 (100.0)
107: 223 226 230 (96.0)
108: 218 220 227 231 (96.0)
109: 224 225 229 (88.0)
110: 221 232 241 (85.0)
111: 238 239 242 246 (90.0)
112: 234 236 237 (100.0)
113: 233 240 (120.0)
114: 243 245 249 (105.0)
115: 235 244 247 248 (105.0)
