Name: 250-60-125
Time: 9.843219518661499 
Result: 128114
Solution:  0 1 4 2 0 3 1 5 5 3 2 5 7 4 8 8 10 11 11 9 10 9 12 11 12 14 16 12 18 14 14 13 14 16 16 17 18 17 20 20 18 21 22 23 24 20 23 25 21 20 24 23 30 26 28 27 28 25 29 32 31 26 28 30 35 34 34 32 37 35 32 33 33 38 39 36 38 35 39 39 42 38 41 40 44 42 45 41 46 45 46 41 45 43 47 48 45 48 48 49 50 52 51 52 53 51 50 55 54 54 52 56 55 56 57 59 56 58 57 62 60 62 61 59 61 62 64 64 67 63 65 65 64 63 68 67 70 70 65 66 71 68 70 74 69 72 72 73 76 71 78 77 73 76 75 77 80 76 78 77 81 79 82 85 82 83 82 83 80 88 86 81 86 83 84 88 90 87 87 89 92 91 90 89 91 91 92 93 93 95 96 98 94 97 94 97 95 96 99 101 98 103 99 100 102 104 101 99 102 105 102 104 105 103 109 107 108 107 109 106 110 109 112 112 111 111 113 115 116 115 112 113 114 112 116 114 116 115 117 118 115 117 117 119 119 118 119 120 120 120
0: 0 4 (31.0)
1: 1 6 (72.0)
2: 3 10 (63.0)
3: 5 9 (87.0)
4: 2 13 (73.0)
5: 7 8 11 (75.0)
6: (0.0)
7: 12 (34.0)
8: 14 15 (65.0)
9: 19 21 (70.0)
10: 16 20 (94.0)
11: 17 18 23 (65.0)
12: 22 24 27 (116.0)
13: 31 (55.0)
14: 25 29 30 32 (63.0)
15: (0.0)
16: 26 33 34 (123.0)
17: 35 37 (76.0)
18: 28 36 40 (101.0)
19: (0.0)
20: 38 39 45 49 (125.0)
21: 41 48 (113.0)
22: 42 (67.0)
23: 43 46 51 (74.0)
24: 44 50 (63.0)
25: 47 57 (106.0)
26: 53 61 (69.0)
27: 55 (58.0)
28: 54 56 62 (76.0)
29: 58 (66.0)
30: 52 63 (68.0)
31: 60 (61.0)
32: 59 67 70 (68.0)
33: 71 72 (85.0)
34: 65 66 (109.0)
35: 64 69 77 (55.0)
36: 75 (65.0)
37: 68 (77.0)
38: 73 76 81 (98.0)
39: 74 78 79 (97.0)
40: 83 (79.0)
41: 82 87 91 (113.0)
42: 80 85 (99.0)
43: 93 (83.0)
44: 84 (63.0)
45: 86 89 92 96 (90.0)
46: 88 90 (98.0)
47: 94 (79.0)
48: 95 97 98 (61.0)
49: 99 (83.0)
50: 100 106 (65.0)
51: 102 105 (102.0)
52: 101 103 110 (107.0)
53: 104 (68.0)
54: 108 109 (90.0)
55: 107 112 (110.0)
56: 111 113 116 (103.0)
57: 114 118 (110.0)
58: 117 (71.0)
59: 115 123 (91.0)
60: 120 (69.0)
61: 122 124 (77.0)
62: 119 121 125 (118.0)
63: 129 133 (111.0)
64: 126 127 132 (124.0)
65: 130 131 138 (125.0)
66: 139 (69.0)
67: 128 135 (107.0)
68: 134 141 (83.0)
69: 144 (82.0)
70: 136 137 142 (116.0)
71: 140 149 (111.0)
72: 145 146 (82.0)
73: 147 152 (125.0)
74: 143 (79.0)
75: 154 (71.0)
76: 148 153 157 (84.0)
77: 151 155 159 (110.0)
78: 150 158 (119.0)
79: 161 (61.0)
80: 156 168 (105.0)
81: 160 171 (96.0)
82: 162 164 166 (119.0)
83: 165 167 173 (138.0)
84: 174 (63.0)
85: 163 (90.0)
86: 170 172 (105.0)
87: 177 178 (104.0)
88: 169 175 (107.0)
89: 179 183 (101.0)
90: 176 182 (111.0)
91: 181 184 185 (139.0)
92: 180 186 (110.0)
93: 187 188 (129.0)
94: 192 194 (118.0)
95: 189 196 (125.0)
96: 190 197 (112.0)
97: 193 195 (106.0)
98: 191 200 (120.0)
99: 198 202 207 (119.0)
100: 203 (99.0)
101: 199 206 (122.0)
102: 204 208 210 (145.0)
103: 201 213 (117.0)
104: 205 211 (125.0)
105: 209 212 (105.0)
106: 219 (84.0)
107: 215 217 (110.0)
108: 216 (66.0)
109: 214 218 221 (124.0)
110: 220 (88.0)
111: 224 225 (120.0)
112: 222 223 230 233 (128.0)
113: 226 231 (122.0)
114: 232 235 (125.0)
115: 227 229 237 240 (122.0)
116: 228 234 236 (120.0)
117: 238 241 242 (113.0)
118: 239 245 (113.0)
119: 243 244 246 (132.0)
120: 247 248 249 (125.0)
