Name: 250-40-75
Time: 18.965315341949463 
Result: 66
Solution:  2 1 1 3 2 3 2 1 4 4 8 4 8 6 10 7 7 12 9 6 6 9 13 15 11 12 13 14 10 11 16 14 12 19 16 15 18 19 18 20 20 23 21 21 25 23 22 24 25 22 27 26 27 23 24 28 28 30 31 29 27 30 34 31 32 34 33 34 32 35 36 35 36 37 39 37 38 35 38 40 41 39 41 40 42 43 42 45 43 46 44 44 46 48 46 48 49 45 52 49 49 47 49 53 52 51 54 53 54 51 59 55 57 55 56 57 56 57 63 58 58 59 62 61 60 60 65 62 64 64 69 65 65 68 63 67 66 67 71 70 68 70 67 69 72 72 73 74 76 71 75 74 76 73 75 77 78 77 78 80 79 81 81 83 82 79 84 83 82 85 86 86 83 84 89 87 88 89 88 92 90 87 92 94 91 91 90 93 93 94 95 94 96 96 97 97 95 98 98 101 100 101 102 102 99 103 103 99 105 105 104 104 106 106 107 107 110 108 109 109 110 111 115 110 112 112 113 112 111 114 113 115 114 115 117 119 119 119 118 118 116 118 116 116 117 115 120 120 118 120
0: (0.0)
1: 1 2 7 (72.0)
2: 0 4 6 (41.0)
3: 3 5 (48.0)
4: 8 9 11 (67.0)
5: (0.0)
6: 13 19 20 (45.0)
7: 15 16 (54.0)
8: 10 12 (48.0)
9: 18 21 (48.0)
10: 14 28 (41.0)
11: 24 29 (41.0)
12: 17 25 32 (66.0)
13: 22 26 (42.0)
14: 27 31 (42.0)
15: 23 35 (56.0)
16: 30 34 (36.0)
17: (0.0)
18: 36 38 (26.0)
19: 33 37 (45.0)
20: 39 40 (66.0)
21: 42 43 (45.0)
22: 46 49 (41.0)
23: 41 45 53 (51.0)
24: 47 54 (40.0)
25: 44 48 (58.0)
26: 51 (43.0)
27: 50 52 60 (47.0)
28: 55 56 (61.0)
29: 59 (41.0)
30: 57 61 (51.0)
31: 58 63 (45.0)
32: 64 68 (50.0)
33: 66 (46.0)
34: 62 65 67 (53.0)
35: 69 71 77 (49.0)
36: 70 72 (42.0)
37: 73 75 (50.0)
38: 76 78 (48.0)
39: 74 81 (62.0)
40: 79 83 (66.0)
41: 80 82 (57.0)
42: 84 86 (61.0)
43: 85 88 (71.0)
44: 90 91 (55.0)
45: 87 97 (54.0)
46: 89 92 94 (60.0)
47: 101 (49.0)
48: 93 95 (55.0)
49: 96 99 100 102 (58.0)
50: (0.0)
51: 105 109 (49.0)
52: 98 104 (76.0)
53: 103 107 (67.0)
54: 106 108 (63.0)
55: 111 113 (79.0)
56: 114 116 (65.0)
57: 112 115 117 (69.0)
58: 119 120 (64.0)
59: 110 121 (45.0)
60: 124 125 (60.0)
61: 123 (41.0)
62: 122 127 (57.0)
63: 118 134 (61.0)
64: 128 129 (61.0)
65: 126 131 132 (75.0)
66: 136 (47.0)
67: 135 137 142 (64.0)
68: 133 140 (68.0)
69: 130 143 (61.0)
70: 139 141 (57.0)
71: 138 149 (68.0)
72: 144 145 (63.0)
73: 146 153 (65.0)
74: 147 151 (71.0)
75: 150 154 (67.0)
76: 148 152 (71.0)
77: 155 157 (57.0)
78: 156 158 (61.0)
79: 160 165 (62.0)
80: 159 (41.0)
81: 161 162 (84.0)
82: 164 168 (41.0)
83: 163 167 172 (76.0)
84: 166 173 (86.0)
85: 169 (45.0)
86: 170 171 (66.0)
87: 175 181 (71.0)
88: 176 178 (72.0)
89: 174 177 (67.0)
90: 180 186 (66.0)
91: 184 185 (68.0)
92: 179 182 (72.0)
93: 187 188 (60.0)
94: 183 189 191 (79.0)
95: 190 196 (65.0)
96: 192 193 (70.0)
97: 194 195 (70.0)
98: 197 198 (73.0)
99: 204 207 (70.0)
100: 200 (60.0)
101: 199 201 (67.0)
102: 202 203 (71.0)
103: 205 206 (72.0)
104: 210 211 (71.0)
105: 208 209 (71.0)
106: 212 213 (71.0)
107: 214 215 (71.0)
108: 217 (66.0)
109: 218 219 (71.0)
110: 216 220 223 (64.0)
111: 221 228 (65.0)
112: 224 225 227 (75.0)
113: 226 230 (61.0)
114: 229 232 (72.0)
115: 222 231 233 245 (75.0)
116: 240 242 243 (74.0)
117: 234 244 (75.0)
118: 238 239 241 248 (84.0)
119: 235 236 237 (74.0)
120: 246 247 249 (92.0)
