Name: 250-50-100
Time: 9.612685918807983 
Result: 116085
Solution:  0 0 2 1 1 6 1 5 8 2 7 7 10 6 5 9 8 6 10 9 8 8 10 11 12 12 13 11 16 13 17 14 16 14 13 18 17 19 18 19 21 23 17 19 24 21 25 23 25 24 22 23 26 26 26 28 31 28 27 30 30 29 32 35 32 30 31 35 33 32 38 39 36 34 34 36 37 38 41 39 40 43 37 42 42 40 43 44 44 41 46 47 44 45 49 47 48 46 50 47 51 52 48 53 51 52 54 53 57 54 55 55 56 56 58 57 58 59 62 59 59 60 62 61 63 62 61 63 64 64 65 65 66 66 68 68 67 68 71 70 69 71 71 72 73 69 74 77 72 74 73 79 75 78 75 79 76 76 78 77 81 80 78 82 83 86 80 81 86 84 87 87 83 84 85 89 91 85 88 91 89 91 91 90 94 92 90 93 95 94 93 99 97 97 94 99 96 100 98 95 101 98 100 101 100 105 102 98 101 102 102 103 103 105 104 104 104 101 103 106 105 110 107 106 109 108 107 108 108 109 107 107 112 113 111 115 112 114 112 109 111 110 113 115 115 114 110 113 113 114
0: 0 1 (50.0)
1: 3 4 6 (43.0)
2: 2 9 (76.0)
3: (0.0)
4: (0.0)
5: 7 14 (70.0)
6: 5 13 17 (105.0)
7: 10 11 (52.0)
8: 8 16 20 21 (89.0)
9: 15 19 (48.0)
10: 12 18 22 (75.0)
11: 23 27 (53.0)
12: 24 25 (56.0)
13: 26 29 34 (98.0)
14: 31 33 (68.0)
15: (0.0)
16: 28 32 (54.0)
17: 30 36 42 (76.0)
18: 35 38 (57.0)
19: 37 39 43 (77.0)
20: (0.0)
21: 40 45 (75.0)
22: 50 (57.0)
23: 41 47 51 (54.0)
24: 44 49 (52.0)
25: 46 48 (68.0)
26: 52 53 54 (99.0)
27: 58 (51.0)
28: 55 57 (51.0)
29: 61 (43.0)
30: 59 60 65 (81.0)
31: 56 66 (78.0)
32: 62 64 69 (59.0)
33: 68 (58.0)
34: 73 74 (78.0)
35: 63 67 (76.0)
36: 72 75 (61.0)
37: 76 82 (66.0)
38: 70 77 (86.0)
39: 71 79 (64.0)
40: 80 85 (57.0)
41: 78 89 (84.0)
42: 83 84 (91.0)
43: 81 86 (70.0)
44: 87 88 92 (68.0)
45: 93 (57.0)
46: 90 97 (71.0)
47: 91 95 99 (86.0)
48: 96 102 (76.0)
49: 94 (56.0)
50: 98 (54.0)
51: 100 104 (66.0)
52: 101 105 (93.0)
53: 103 107 (90.0)
54: 106 109 (51.0)
55: 110 111 (81.0)
56: 112 113 (82.0)
57: 108 115 (99.0)
58: 114 116 (86.0)
59: 117 119 120 (118.0)
60: 121 (36.0)
61: 123 126 (89.0)
62: 118 122 125 (97.0)
63: 124 127 (116.0)
64: 128 129 (84.0)
65: 130 131 (85.0)
66: 132 133 (86.0)
67: 136 (78.0)
68: 134 135 137 (94.0)
69: 140 145 (53.0)
70: 139 (76.0)
71: 138 141 142 (94.0)
72: 143 148 (103.0)
73: 144 150 (75.0)
74: 146 149 (89.0)
75: 152 154 (98.0)
76: 156 157 (88.0)
77: 147 159 (95.0)
78: 153 158 162 (96.0)
79: 151 155 (103.0)
80: 161 166 (90.0)
81: 160 167 (88.0)
82: 163 (81.0)
83: 164 172 (95.0)
84: 169 173 (88.0)
85: 174 177 (99.0)
86: 165 168 (86.0)
87: 170 171 (90.0)
88: 178 (81.0)
89: 175 180 (94.0)
90: 183 186 (100.0)
91: 176 179 181 182 (100.0)
92: 185 (59.0)
93: 187 190 (95.0)
94: 184 189 194 (99.0)
95: 188 199 (100.0)
96: 196 (71.0)
97: 192 193 (95.0)
98: 198 201 207 (105.0)
99: 191 195 (108.0)
100: 197 202 204 (97.0)
101: 200 203 208 217 (107.0)
102: 206 209 210 (99.0)
103: 211 212 218 (100.0)
104: 214 215 216 (97.0)
105: 205 213 220 (98.0)
106: 219 223 (98.0)
107: 222 226 230 231 (96.0)
108: 225 227 228 (99.0)
109: 224 229 239 (81.0)
110: 221 241 246 (97.0)
111: 234 240 (121.0)
112: 232 236 238 (91.0)
113: 233 242 247 248 (97.0)
114: 237 245 249 (96.0)
115: 235 243 244 (98.0)
