Name: 250-20-30
Time: 9.804233312606812 
Result: 64028
Solution:  0 2 3 4 2 1 3 0 1 4 2 5 7 3 5 11 10 7 11 9 7 10 12 9 14 11 11 12 13 13 15 14 15 16 19 19 17 17 21 20 20 16 24 21 22 22 24 23 23 25 25 23 26 26 27 28 28 30 30 29 29 28 33 27 31 31 32 36 38 34 33 39 37 36 35 37 40 35 36 39 38 36 42 43 40 40 41 43 44 42 47 43 46 44 45 46 45 51 49 49 50 50 51 50 53 52 52 52 53 55 58 55 54 56 59 54 57 57 59 56 61 60 61 61 64 58 64 60 63 62 62 67 66 63 66 64 68 69 72 69 70 67 74 71 68 73 77 73 77 71 74 76 72 77 81 78 79 82 75 80 79 82 81 80 81 83 84 84 87 84 88 83 86 83 90 85 86 89 85 89 91 90 90 88 94 94 91 90 92 93 93 93 94 95 92 97 95 94 92 98 96 96 98 96 94 98 97 96 95 100 102 101 104 99 101 105 99 102 102 100 101 102 103 104 102 103 108 104 105 105 104 106 109 108 106 107 106 106 107 109 107 112 109 111 110 111 112 111 110 110
0: 0 7 (26.0)
1: 5 8 (28.0)
2: 1 4 10 (30.0)
3: 2 6 13 (29.0)
4: 3 9 (13.0)
5: 11 14 (20.0)
6: (0.0)
7: 12 17 20 (25.0)
8: (0.0)
9: 19 23 (30.0)
10: 16 21 (22.0)
11: 15 18 25 26 (22.0)
12: 22 27 (21.0)
13: 28 29 (21.0)
14: 24 31 (22.0)
15: 30 32 (22.0)
16: 33 41 (28.0)
17: 36 37 (21.0)
18: (0.0)
19: 34 35 (21.0)
20: 39 40 (15.0)
21: 38 43 (28.0)
22: 44 45 (22.0)
23: 47 48 51 (29.0)
24: 42 46 (21.0)
25: 49 50 (25.0)
26: 52 53 (22.0)
27: 54 63 (28.0)
28: 55 56 61 (20.0)
29: 59 60 (27.0)
30: 57 58 (26.0)
31: 64 65 (23.0)
32: 66 (20.0)
33: 62 70 (26.0)
34: 69 (16.0)
35: 74 77 (30.0)
36: 67 73 78 81 (26.0)
37: 72 75 (29.0)
38: 68 80 (23.0)
39: 71 79 (22.0)
40: 76 84 85 (27.0)
41: 86 (22.0)
42: 82 89 (21.0)
43: 83 87 91 (18.0)
44: 88 93 (27.0)
45: 94 96 (26.0)
46: 92 95 (22.0)
47: 90 (21.0)
48: (0.0)
49: 98 99 (24.0)
50: 100 101 103 (31.0)
51: 97 102 (27.0)
52: 105 106 107 (33.0)
53: 104 108 (27.0)
54: 112 115 (27.0)
55: 109 111 (23.0)
56: 113 119 (20.0)
57: 116 117 (25.0)
58: 110 125 (31.0)
59: 114 118 (28.0)
60: 121 127 (35.0)
61: 120 122 123 (34.0)
62: 129 130 (24.0)
63: 128 133 (29.0)
64: 124 126 135 (24.0)
65: (0.0)
66: 132 134 (29.0)
67: 131 141 (19.0)
68: 136 144 (21.0)
69: 137 139 (28.0)
70: 140 (21.0)
71: 143 149 (25.0)
72: 138 152 (32.0)
73: 145 147 (33.0)
74: 142 150 (28.0)
75: 158 (22.0)
76: 151 (21.0)
77: 146 148 153 (26.0)
78: 155 (21.0)
79: 156 160 (28.0)
80: 159 163 (28.0)
81: 154 162 164 (30.0)
82: 157 161 (27.0)
83: 165 171 173 (27.0)
84: 166 167 169 (30.0)
85: 175 178 (27.0)
86: 172 176 (24.0)
87: 168 (26.0)
88: 170 183 (30.0)
89: 177 179 (30.0)
90: 174 181 182 187 (41.0)
91: 180 186 (30.0)
92: 188 194 198 (30.0)
93: 189 190 191 (33.0)
94: 184 185 192 197 204 (27.0)
95: 193 196 208 (29.0)
96: 200 201 203 207 (30.0)
97: 195 206 (30.0)
98: 199 202 205 (31.0)
99: 213 216 (33.0)
100: 209 219 (28.0)
101: 211 214 220 (28.0)
102: 210 217 218 221 224 (30.0)
103: 222 225 (32.0)
104: 212 223 227 230 (29.0)
105: 215 228 229 (30.0)
106: 231 234 236 237 (31.0)
107: 235 238 240 (30.0)
108: 226 233 (21.0)
109: 232 239 242 (29.0)
110: 244 248 249 (31.0)
111: 243 245 247 (21.0)
112: 241 246 (34.0)
