Name: 500-30-50
Time: 19.734421491622925 
Result: 130051
Solution:  0 3 1 2 1 2 3 4 6 5 2 7 4 10 5 6 7 8 12 12 10 6 13 8 11 11 13 15 14 15 17 14 16 14 15 16 18 17 19 18 18 20 19 20 22 26 25 24 27 24 22 28 25 27 27 26 28 29 29 30 31 31 32 29 32 30 34 34 33 35 33 38 35 38 36 36 37 37 40 39 42 41 40 42 45 41 39 44 45 44 43 46 44 42 48 49 48 46 48 50 47 48 53 49 54 49 54 53 53 55 50 55 54 57 55 57 58 56 56 56 57 58 62 56 59 60 56 63 58 60 61 60 59 60 60 61 62 60 66 62 64 63 64 67 65 65 66 64 67 65 70 66 68 66 68 69 69 72 70 69 70 71 70 70 71 72 72 73 73 74 74 76 75 79 76 74 77 76 78 78 76 79 76 77 77 75 80 80 83 79 81 81 81 82 83 86 85 83 83 84 83 80 85 84 87 82 86 86 83 86 87 87 90 88 89 87 90 89 90 91 93 88 91 90 88 92 91 92 94 93 94 94 91 94 94 96 97 96 97 95 95 97 98 96 99 101 100 100 100 98 99 104 102 105 101 98 104 103 101 102 105 107 105 102 106 107 104 106 103 107 107 109 109 109 106 112 108 108 111 108 108 110 110 113 114 109 113 117 115 112 111 117 110 116 113 118 117 117 115 116 119 118 119 118 114 116 121 121 121 123 120 119 119 118 120 120 125 121 122 123 122 122 125 124 124 124 126 126 127 127 127 127 128 125 129 129 128 129 131 130 130 135 130 132 128 131 132 134 131 131 136 134 134 137 136 137 136 136 135 133 133 137 135 139 138 139 139 139 142 141 141 140 138 142 143 144 145 143 141 140 144 144 147 145 143 146 146 142 142 147 146 149 147 149 145 148 151 148 151 154 149 154 152 151 150 152 152 155 150 155 153 154 156 154 157 157 153 155 156 156 156 160 155 161 159 159 161 158 157 157 158 161 158 164 162 161 162 163 160 164 165 161 167 169 163 166 163 166 164 169 167 168 168 170 165 166 170 168 174 171 171 167 170 167 174 171 173 172 173 169 172 174 170 177 176 172 178 177 175 176 179 179 180 177 175 182 179 178 180 181 182 180 179 182 183 183 182 183 183 181
0: 0 (10.0)
1: 2 4 (41.0)
2: 3 5 10 (34.0)
3: 1 6 (27.0)
4: 7 12 (39.0)
5: 9 14 (34.0)
6: 8 15 21 (40.0)
7: 11 16 (20.0)
8: 17 23 (46.0)
9: (0.0)
10: 13 20 (32.0)
11: 24 25 (31.0)
12: 18 19 (31.0)
13: 22 26 (36.0)
14: 28 31 33 (22.0)
15: 27 29 34 (33.0)
16: 32 35 (49.0)
17: 30 37 (45.0)
18: 36 39 40 (35.0)
19: 38 42 (46.0)
20: 41 43 (30.0)
21: (0.0)
22: 44 50 (22.0)
23: (0.0)
24: 47 49 (39.0)
25: 46 52 (37.0)
26: 45 55 (41.0)
27: 48 53 54 (35.0)
28: 51 56 (36.0)
29: 57 58 63 (40.0)
30: 59 65 (46.0)
31: 60 61 (33.0)
32: 62 64 (33.0)
33: 68 70 (36.0)
34: 66 67 (33.0)
35: 69 72 (30.0)
36: 74 75 (34.0)
37: 76 77 (34.0)
38: 71 73 (35.0)
39: 79 86 (41.0)
40: 78 82 (35.0)
41: 81 85 (50.0)
42: 80 83 93 (36.0)
43: 90 (22.0)
44: 87 89 92 (35.0)
45: 84 88 (41.0)
46: 91 97 (35.0)
47: 100 (31.0)
48: 94 96 98 101 (32.0)
49: 95 103 105 (36.0)
50: 99 110 (46.0)
51: (0.0)
52: (0.0)
53: 102 107 108 (44.0)
54: 104 106 112 (43.0)
55: 109 111 114 (34.0)
56: 117 118 119 123 126 (37.0)
57: 113 115 120 (47.0)
58: 116 121 128 (30.0)
59: 124 132 (35.0)
60: 125 129 131 133 134 137 (49.0)
61: 130 135 (47.0)
62: 122 136 139 (47.0)
63: 127 141 (34.0)
64: 140 142 147 (31.0)
65: 144 145 149 (41.0)
66: 138 146 151 153 (25.0)
67: 143 148 (41.0)
68: 152 154 (32.0)
69: 155 156 159 (46.0)
70: 150 158 160 162 163 (35.0)
71: 161 164 (44.0)
72: 157 165 166 (27.0)
73: 167 168 (22.0)
74: 169 170 175 (39.0)
75: 172 185 (45.0)
76: 171 174 177 180 182 (29.0)
77: 176 183 184 (49.0)
78: 178 179 (39.0)
79: 173 181 189 (30.0)
80: 186 187 201 (36.0)
81: 190 191 192 (43.0)
82: 193 205 (38.0)
83: 188 194 197 198 200 208 (37.0)
84: 199 203 (46.0)
85: 196 202 (42.0)
86: 195 206 207 209 (47.0)
87: 204 210 211 215 (39.0)
88: 213 221 224 (49.0)
89: 214 217 (48.0)
90: 212 216 218 223 (35.0)
91: 219 222 226 232 (40.0)
92: 225 227 (30.0)
93: 220 229 (41.0)
94: 228 230 231 233 234 (32.0)
95: 239 240 (30.0)
96: 235 237 243 (45.0)
97: 236 238 241 (38.0)
98: 242 249 255 (38.0)
99: 244 250 (40.0)
100: 246 247 248 (38.0)
101: 245 254 258 (32.0)
102: 252 259 263 (44.0)
103: 257 268 (36.0)
104: 251 256 266 (37.0)
105: 253 260 262 (50.0)
106: 264 267 274 (48.0)
107: 261 265 269 270 (47.0)
108: 276 277 279 280 (35.0)
109: 271 272 273 285 (41.0)
110: 281 282 292 (33.0)
111: 278 290 (39.0)
112: 275 289 (38.0)
113: 283 286 294 (50.0)
114: 284 304 (45.0)
115: 288 298 (35.0)
116: 293 299 305 (48.0)
117: 287 291 296 297 (49.0)
118: 295 301 303 313 (50.0)
119: 300 302 311 312 (39.0)
120: 310 314 315 (40.0)
121: 306 307 308 317 (48.0)
122: 318 320 321 (39.0)
123: 309 319 (49.0)
124: 323 324 325 (43.0)
125: 316 322 333 (43.0)
126: 326 327 (42.0)
127: 328 329 330 331 (44.0)
128: 332 336 344 (43.0)
129: 334 335 337 (50.0)
130: 339 340 342 (39.0)
131: 338 345 348 349 (45.0)
132: 343 346 (49.0)
133: 359 360 (39.0)
134: 347 351 352 (45.0)
135: 341 358 362 (34.0)
136: 350 354 356 357 (45.0)
137: 353 355 361 (49.0)
138: 364 372 (49.0)
139: 363 365 366 367 (48.0)
140: 371 379 (43.0)
141: 369 370 378 (50.0)
142: 368 373 387 388 (46.0)
143: 374 377 384 (49.0)
144: 375 380 381 (50.0)
145: 376 383 394 (50.0)
146: 385 386 390 (50.0)
147: 382 389 392 (49.0)
148: 395 397 (44.0)
149: 391 393 400 (47.0)
150: 404 408 (47.0)
151: 396 398 403 (36.0)
152: 402 405 406 (53.0)
153: 410 416 (49.0)
154: 399 401 411 413 (38.0)
155: 407 409 417 422 (37.0)
156: 412 418 419 420 (44.0)
157: 414 415 428 429 (48.0)
158: 427 430 432 (50.0)
159: 424 425 (52.0)
160: 421 438 (51.0)
161: 423 426 431 435 441 (52.0)
162: 434 436 (44.0)
163: 437 444 446 (49.0)
164: 433 439 448 (54.0)
165: 440 454 (54.0)
166: 445 447 455 (61.0)
167: 442 450 461 463 (57.0)
168: 451 452 457 (50.0)
169: 443 449 469 (38.0)
170: 453 456 462 472 (50.0)
171: 459 460 465 (31.0)
172: 467 470 475 (45.0)
173: 466 468 (45.0)
174: 458 464 471 (55.0)
175: 478 484 (50.0)
176: 474 479 (36.0)
177: 473 477 483 (38.0)
178: 476 487 (60.0)
179: 480 481 486 492 (49.0)
180: 482 488 491 (49.0)
181: 489 499 (46.0)
182: 485 490 493 496 (50.0)
183: 494 495 497 498 (57.0)
