Name: 500-50-100
Time: 16.72612977027893 
Result: 74084
Solution:  3 2 2 1 4 4 5 2 8 3 1 5 5 5 7 7 11 11 8 8 10 10 13 11 13 12 12 13 16 14 14 14 15 17 15 15 13 17 16 18 17 18 20 18 19 16 19 21 20 18 20 24 19 25 22 21 22 23 23 20 23 24 25 22 26 27 25 28 27 28 25 29 26 30 25 30 33 32 30 28 30 31 29 31 34 31 35 32 35 32 32 35 37 32 34 33 36 35 38 36 40 37 40 34 40 38 39 38 39 40 41 42 41 43 39 41 42 41 46 44 44 43 42 48 45 45 43 43 49 47 48 46 47 49 49 48 48 52 51 50 52 51 47 52 51 51 56 53 54 57 52 53 55 55 56 57 56 53 59 54 58 61 56 58 59 58 60 58 62 60 61 58 62 63 63 59 63 64 62 62 64 68 66 67 64 69 65 65 66 69 64 67 68 66 67 67 69 70 70 70 69 73 68 75 73 72 73 70 71 75 71 71 72 74 75 74 76 78 77 76 80 79 79 78 77 79 76 82 80 81 77 82 78 82 79 83 86 79 83 85 86 84 83 83 85 84 83 87 90 84 88 84 85 87 89 89 89 90 91 91 92 91 90 92 92 90 93 96 91 93 94 94 95 95 94 98 95 94 99 97 97 95 97 98 99 99 96 99 102 100 101 99 101 102 101 102 104 99 103 104 104 103 106 105 105 107 107 106 108 107 105 109 107 108 111 106 110 111 111 107 109 110 111 114 112 112 112 110 112 115 113 114 113 113 115 117 118 116 119 116 118 116 117 117 118 119 121 119 117 120 123 124 119 122 123 121 124 121 123 120 122 125 125 125 124 126 127 130 129 128 125 127 129 129 126 127 128 129 130 130 132 131 127 134 134 132 131 130 134 135 134 137 133 135 133 137 135 137 136 134 139 136 142 141 141 138 140 140 139 136 138 141 144 140 142 143 139 142 142 143 143 146 141 144 146 146 144 147 147 145 149 149 151 145 148 148 149 150 152 149 152 148 150 150 155 151 153 153 153 154 152 155 155 152 158 156 156 156 154 157 157 158 159 158 163 157 161 159 163 159 162 161 160 164 161 160 162 164 166 167 164 160 165 165 165 168 164 163 167 166 166 167 168 170 169 168 169 170 169 170
0: (0.0)
1: 3 10 (79.0)
2: 1 2 7 (71.0)
3: 0 9 (76.0)
4: 4 5 (51.0)
5: 6 11 12 13 (77.0)
6: (0.0)
7: 14 15 (52.0)
8: 8 18 19 (58.0)
9: (0.0)
10: 20 21 (54.0)
11: 16 17 23 (89.0)
12: 25 26 (57.0)
13: 22 24 27 36 (72.0)
14: 29 30 31 (54.0)
15: 32 34 35 (55.0)
16: 28 38 45 (59.0)
17: 33 37 40 (51.0)
18: 39 41 43 49 (79.0)
19: 44 46 52 (67.0)
20: 42 48 50 59 (68.0)
21: 47 55 (50.0)
22: 54 56 63 (36.0)
23: 57 58 60 (55.0)
24: 51 61 (43.0)
25: 53 62 66 70 74 (56.0)
26: 64 72 (50.0)
27: 65 68 (57.0)
28: 67 69 79 (68.0)
29: 71 82 (54.0)
30: 73 75 78 80 (60.0)
31: 81 83 85 (59.0)
32: 77 87 89 90 93 (72.0)
33: 76 95 (60.0)
34: 84 94 103 (67.0)
35: 86 88 91 97 (89.0)
36: 96 99 (42.0)
37: 92 101 (63.0)
38: 98 105 107 (46.0)
39: 106 108 114 (54.0)
40: 100 102 104 109 (82.0)
41: 110 112 115 117 (84.0)
42: 111 116 122 (56.0)
43: 113 121 126 127 (64.0)
44: 119 120 (61.0)
45: 124 125 (78.0)
46: 118 131 (77.0)
47: 129 132 142 (77.0)
48: 123 130 135 136 (66.0)
49: 128 133 134 (57.0)
50: 139 (59.0)
51: 138 141 144 145 (63.0)
52: 137 140 143 150 (54.0)
53: 147 151 157 (63.0)
54: 148 159 (78.0)
55: 152 153 (54.0)
56: 146 154 156 162 (55.0)
57: 149 155 (59.0)
58: 160 163 165 167 171 (54.0)
59: 158 164 175 (62.0)
60: 166 169 (59.0)
61: 161 170 (76.0)
62: 168 172 178 179 (99.0)
63: 173 174 176 (95.0)
64: 177 180 184 190 (63.0)
65: 186 187 (60.0)
66: 182 188 193 (83.0)
67: 183 191 194 195 (98.0)
68: 181 192 202 (94.0)
69: 185 189 196 200 (95.0)
70: 197 198 199 207 (78.0)
71: 208 210 211 (70.0)
72: 205 212 (77.0)
73: 201 204 206 (95.0)
74: 213 215 (56.0)
75: 203 209 214 (58.0)
76: 216 219 226 (53.0)
77: 218 224 230 (53.0)
78: 217 223 232 (89.0)
79: 221 222 225 234 237 (82.0)
80: 220 228 (53.0)
81: 229 (56.0)
82: 227 231 233 (76.0)
83: 235 238 242 243 246 (98.0)
84: 241 245 249 251 (90.0)
85: 239 244 252 (91.0)
86: 236 240 (62.0)
87: 247 253 (68.0)
88: 250 (52.0)
89: 254 255 256 (77.0)
90: 248 257 262 265 (94.0)
91: 258 259 261 268 (84.0)
92: 260 263 264 (94.0)
93: 266 269 (80.0)
94: 270 271 274 277 (92.0)
95: 272 273 276 281 (99.0)
96: 267 286 (78.0)
97: 279 280 282 (59.0)
98: 275 283 (83.0)
99: 278 284 285 287 291 297 (53.0)
100: 289 (62.0)
101: 290 292 294 (93.0)
102: 288 293 295 (80.0)
103: 298 301 (95.0)
104: 296 299 300 (64.0)
105: 303 304 310 (95.0)
106: 302 307 315 (65.0)
107: 305 306 309 312 319 (87.0)
108: 308 313 (86.0)
109: 311 320 (89.0)
110: 316 321 327 (90.0)
111: 314 317 318 322 (99.0)
112: 324 325 326 328 (95.0)
113: 330 332 333 (88.0)
114: 323 331 (82.0)
115: 329 334 (62.0)
116: 337 339 341 (88.0)
117: 335 342 343 348 (100.0)
118: 336 340 344 (100.0)
119: 338 345 347 352 (97.0)
120: 349 359 (88.0)
121: 346 355 357 (94.0)
122: 353 360 (88.0)
123: 350 354 358 (95.0)
124: 351 356 364 (94.0)
125: 361 362 363 370 (70.0)
126: 365 374 (77.0)
127: 366 371 375 382 (101.0)
128: 369 376 (94.0)
129: 368 372 373 377 (98.0)
130: 367 378 379 387 (95.0)
131: 381 386 (80.0)
132: 380 385 (63.0)
133: 392 394 (90.0)
134: 383 384 388 390 399 (99.0)
135: 389 393 396 (87.0)
136: 398 401 409 (100.0)
137: 391 395 397 (94.0)
138: 405 410 (80.0)
139: 400 408 416 (98.0)
140: 406 407 413 (100.0)
141: 403 404 411 422 (96.0)
142: 402 414 417 418 (87.0)
143: 415 419 420 (98.0)
144: 412 423 426 (93.0)
145: 429 433 (67.0)
146: 421 424 425 (97.0)
147: 427 428 (100.0)
148: 434 435 441 (97.0)
149: 430 431 436 439 (104.0)
150: 437 442 443 (99.0)
151: 432 445 (84.0)
152: 438 440 450 453 (99.0)
153: 446 447 448 (95.0)
154: 449 458 (106.0)
155: 444 451 452 (88.0)
156: 455 456 457 (97.0)
157: 459 460 465 (98.0)
158: 454 461 463 (98.0)
159: 462 467 469 (100.0)
160: 472 475 481 (96.0)
161: 466 471 474 (98.0)
162: 470 476 (103.0)
163: 464 468 487 (100.0)
164: 473 477 480 486 (70.0)
165: 482 483 484 (99.0)
166: 478 489 490 (95.0)
167: 479 488 491 (120.0)
168: 485 492 495 (69.0)
169: 494 496 498 (105.0)
170: 493 497 499 (102.0)
