Name: 500-30-50
Time: 38.024818897247314 
Result: 44
Solution:  0 4 1 3 0 0 1 4 5 3 6 5 6 7 3 11 7 8 10 12 11 7 10 8 16 14 12 17 10 15 15 17 14 16 16 17 17 18 19 18 21 21 19 18 23 24 25 24 22 23 22 25 26 27 26 27 28 29 29 30 30 28 31 29 30 32 34 35 34 32 36 31 36 39 35 36 37 37 43 38 39 42 40 40 45 41 39 42 44 45 41 44 47 43 48 47 48 45 49 52 51 48 49 50 54 49 53 50 53 55 54 55 54 57 56 53 60 53 57 55 56 53 58 56 58 57 59 59 61 59 62 61 64 60 63 60 64 61 59 63 62 68 64 67 66 65 66 66 65 69 65 66 67 65 68 71 69 73 70 69 70 70 71 70 74 72 72 72 73 75 73 73 75 78 76 74 77 76 77 78 76 76 76 77 79 82 80 80 80 80 82 79 81 81 83 86 81 80 83 85 85 84 83 83 82 86 84 84 87 86 85 87 89 90 91 88 87 89 90 89 93 88 91 94 90 91 92 92 94 94 97 95 92 95 94 97 95 96 97 93 96 98 98 95 98 100 99 96 100 104 99 103 101 101 101 100 104 102 103 103 104 106 104 102 105 107 107 106 106 105 107 109 108 108 110 112 107 108 111 107 111 109 111 114 115 110 112 115 115 114 111 116 110 113 114 117 118 116 113 118 119 117 119 118 121 119 120 120 123 116 122 119 119 118 123 123 122 122 126 125 127 122 125 123 125 124 126 124 127 127 127 126 128 130 129 128 128 129 131 130 130 132 133 131 128 129 132 131 133 132 137 133 134 136 135 138 135 138 135 137 138 137 135 138 134 141 139 139 143 140 141 139 138 143 142 143 140 143 142 140 145 144 146 145 142 142 145 145 147 144 148 147 146 147 147 149 150 148 146 149 149 155 152 151 152 151 152 154 150 154 153 152 155 154 156 156 153 155 158 158 158 157 156 159 159 160 156 158 160 161 160 164 161 157 162 158 162 164 161 163 163 165 165 169 165 168 163 165 164 167 167 167 170 169 166 166 171 170 171 170 169 168 172 170 175 171 172 175 173 175 174 174 174 177 176 172 179 173 173 176 175 180 178 175 179 183 179 178 177 182 183 181 180 181 181 182 183 183 182 182
0: 0 4 5 (40.0)
1: 2 6 (35.0)
2: (0.0)
3: 3 9 14 (36.0)
4: 1 7 (43.0)
5: 8 11 (20.0)
6: 10 12 (31.0)
7: 13 16 21 (32.0)
8: 17 23 (46.0)
9: (0.0)
10: 18 22 28 (37.0)
11: 15 20 (40.0)
12: 19 26 (40.0)
13: (0.0)
14: 25 32 (36.0)
15: 29 30 (49.0)
16: 24 33 34 (33.0)
17: 27 31 35 36 (50.0)
18: 37 39 43 (35.0)
19: 38 42 (46.0)
20: (0.0)
21: 40 41 (32.0)
22: 48 50 (23.0)
23: 44 49 (32.0)
24: 45 47 (39.0)
25: 46 51 (37.0)
26: 52 54 (35.0)
27: 53 55 (31.0)
28: 56 61 (37.0)
29: 57 58 63 (40.0)
30: 59 60 64 (44.0)
31: 62 71 (47.0)
32: 65 69 (28.0)
33: (0.0)
34: 66 68 (37.0)
35: 67 74 (49.0)
36: 70 72 75 (41.0)
37: 76 77 (34.0)
38: 79 (26.0)
39: 73 80 86 (31.0)
40: 82 83 (34.0)
41: 85 90 (44.0)
42: 81 87 (47.0)
43: 78 93 (31.0)
44: 88 91 (41.0)
45: 84 89 97 (40.0)
46: (0.0)
47: 92 95 (34.0)
48: 94 96 101 (28.0)
49: 98 102 105 (28.0)
50: 103 107 (31.0)
51: 100 (31.0)
52: 99 (31.0)
53: 106 108 115 117 121 (33.0)
54: 104 110 112 (43.0)
55: 109 111 119 (38.0)
56: 114 120 123 (31.0)
57: 113 118 125 (37.0)
58: 122 124 (35.0)
59: 126 127 129 138 (32.0)
60: 116 133 135 (46.0)
61: 128 131 137 (33.0)
62: 130 140 (37.0)
63: 134 139 (33.0)
64: 132 136 142 (34.0)
65: 145 148 150 153 (30.0)
66: 144 146 147 151 (34.0)
67: 143 152 (37.0)
68: 141 154 (33.0)
69: 149 156 159 (47.0)
70: 158 160 161 163 (54.0)
71: 155 162 (32.0)
72: 165 166 167 (39.0)
73: 157 168 170 171 (22.0)
74: 164 175 (30.0)
75: 169 172 (40.0)
76: 174 177 180 181 182 (36.0)
77: 176 178 183 (38.0)
78: 173 179 (37.0)
79: 184 191 (39.0)
80: 186 187 188 189 197 (36.0)
81: 192 193 196 (52.0)
82: 185 190 204 (49.0)
83: 194 198 202 203 (49.0)
84: 201 206 207 (49.0)
85: 199 200 210 (40.0)
86: 195 205 209 (33.0)
87: 208 211 216 (35.0)
88: 215 221 (36.0)
89: 212 217 219 (30.0)
90: 213 218 224 (33.0)
91: 214 222 225 (46.0)
92: 226 227 232 (49.0)
93: 220 239 (46.0)
94: 223 228 229 234 (36.0)
95: 231 233 236 243 (32.0)
96: 237 240 247 (30.0)
97: 230 235 238 (49.0)
98: 241 242 244 (45.0)
99: 246 250 (47.0)
100: 245 248 255 (35.0)
101: 252 253 254 (38.0)
102: 257 263 (35.0)
103: 251 258 259 (44.0)
104: 249 256 260 262 (43.0)
105: 264 269 (32.0)
106: 261 267 268 (47.0)
107: 265 266 270 276 279 (40.0)
108: 272 273 277 (31.0)
109: 271 281 (30.0)
110: 274 285 292 (44.0)
111: 278 280 282 290 (48.0)
112: 275 286 (49.0)
113: 293 298 (55.0)
114: 283 289 294 (39.0)
115: 284 287 288 (34.0)
116: 291 297 309 (43.0)
117: 295 301 (40.0)
118: 296 299 303 313 (37.0)
119: 300 302 305 311 312 (44.0)
120: 306 307 (38.0)
121: 304 (38.0)
122: 310 316 317 321 (49.0)
123: 308 314 315 323 (49.0)
124: 325 327 (39.0)
125: 319 322 324 (50.0)
126: 318 326 331 (44.0)
127: 320 328 329 330 (45.0)
128: 332 335 336 344 (50.0)
129: 334 337 345 (52.0)
130: 333 339 340 (46.0)
131: 338 343 347 (50.0)
132: 341 346 349 (48.0)
133: 342 348 351 (34.0)
134: 352 364 (52.0)
135: 354 356 358 362 (41.0)
136: 353 (39.0)
137: 350 359 361 (45.0)
138: 355 357 360 363 372 (42.0)
139: 366 367 371 (50.0)
140: 369 376 379 (50.0)
141: 365 370 (49.0)
142: 374 378 384 385 (47.0)
143: 368 373 375 377 (42.0)
144: 381 389 (42.0)
145: 380 383 386 387 (50.0)
146: 382 392 398 (49.0)
147: 388 391 393 394 (54.0)
148: 390 397 (55.0)
149: 395 399 400 (49.0)
150: 396 408 (38.0)
151: 403 405 (42.0)
152: 402 404 406 411 (49.0)
153: 410 416 (49.0)
154: 407 409 413 (35.0)
155: 401 412 417 (41.0)
156: 414 415 422 426 (48.0)
157: 421 433 (51.0)
158: 418 419 420 427 435 (47.0)
159: 423 424 (38.0)
160: 425 428 430 (50.0)
161: 429 432 438 (50.0)
162: 434 436 (44.0)
163: 439 440 446 (57.0)
164: 431 437 448 (46.0)
165: 441 442 444 447 (50.0)
166: 454 455 (51.0)
167: 449 450 451 (49.0)
168: 445 461 (51.0)
169: 443 453 460 (39.0)
170: 452 457 459 463 (46.0)
171: 456 458 465 (50.0)
172: 462 466 475 (41.0)
173: 468 477 478 (50.0)
174: 470 471 472 (50.0)
175: 464 467 469 480 483 (48.0)
176: 474 479 (36.0)
177: 473 488 (50.0)
178: 482 487 (55.0)
179: 476 484 486 (53.0)
180: 481 492 (42.0)
181: 491 493 494 (50.0)
182: 489 495 498 499 (51.0)
183: 485 490 496 497 (64.0)
