Name: 500-60-125
Time: 36.99784851074219 
Result: 111
Solution:  0 0 1 0 2 2 3 1 6 4 3 6 7 4 7 3 7 6 10 7 9 11 14 9 11 10 17 15 10 15 18 14 18 19 16 18 18 17 21 20 23 18 21 24 21 23 22 22 26 24 25 24 26 24 27 25 29 24 29 30 29 31 32 31 35 32 30 33 36 33 35 37 36 35 40 36 38 42 35 37 41 40 41 38 45 42 41 43 42 48 47 46 46 45 50 49 50 46 47 49 51 54 53 51 52 52 52 54 56 51 52 53 59 55 59 57 59 58 58 61 56 61 60 65 63 65 66 62 62 66 64 64 67 62 65 71 70 68 68 67 67 69 69 74 70 71 73 72 75 73 76 73 75 76 78 74 81 77 77 78 79 80 82 81 83 79 85 80 84 82 84 81 87 86 88 90 88 88 86 87 93 89 91 93 95 92 94 95 94 96 93 91 95 97 94 98 100 97 99 99 98 100 102 101 100 102 105 103 104 104 103 106 108 107 111 107 108 108 106 110 110 109 111 113 112 110 116 114 114 115 114 112 117 120 117 117 116 118 118 120 120 121 121 122 123 124 122 123 126 126 127 127 125 125 128 123 130 127 126 129 131 129 132 134 133 133 134 131 135 133 132 135 136 136 137 141 138 139 137 138 142 142 141 140 139 144 143 142 144 145 143 146 146 144 148 148 147 149 149 147 150 147 153 155 151 151 155 153 154 150 152 153 156 154 158 154 159 157 158 159 159 160 161 161 163 163 164 166 162 167 162 164 165 167 167 165 169 168 168 166 168 171 174 170 170 171 172 173 174 173 174 175 179 175 179 178 176 176 177 177 181 181 180 180 184 183 187 182 187 183 185 185 186 186 189 187 188 189 191 190 193 190 192 191 193 188 197 193 192 198 194 199 196 196 197 195 200 197 202 199 199 201 204 198 201 204 200 203 199 202 202 206 203 204 201 207 205 205 203 205 208 206 207 211 207 209 205 208 206 211 209 212 210 209 214 209 210 212 210 213 216 215 213 211 217 217 214 212 215 219 214 216 218 213 217 218 215 216 221 218 219 221 220 217 223 222 220 222 224 220 223 220 222 225 227 224 225 225 227 226 223 227 230 227 226 230 228 224 229 231 232 229 230 228 229 229 231 228 231 232
0: 0 1 3 (78.0)
1: 2 7 (91.0)
2: 4 5 (60.0)
3: 6 10 15 (93.0)
4: 9 13 (67.0)
5: (0.0)
6: 8 11 17 (54.0)
7: 12 14 16 19 (123.0)
8: (0.0)
9: 20 23 (69.0)
10: 18 25 28 (57.0)
11: 21 24 (86.0)
12: (0.0)
13: (0.0)
14: 22 31 (77.0)
15: 27 29 (68.0)
16: 34 (47.0)
17: 26 37 (93.0)
18: 30 32 35 36 41 (75.0)
19: 33 (60.0)
20: 39 (56.0)
21: 38 42 44 (105.0)
22: 46 47 (65.0)
23: 40 45 (58.0)
24: 43 49 51 53 57 (101.0)
25: 50 55 (62.0)
26: 48 52 (88.0)
27: 54 (52.0)
28: (0.0)
29: 56 58 60 (67.0)
30: 59 66 (62.0)
31: 61 63 (106.0)
32: 62 65 (72.0)
33: 67 69 (101.0)
34: (0.0)
35: 64 70 73 78 (105.0)
36: 68 72 75 (43.0)
37: 71 79 (98.0)
38: 76 83 (96.0)
39: (0.0)
40: 74 81 (100.0)
41: 80 82 86 (43.0)
42: 77 85 88 (65.0)
43: 87 (66.0)
44: (0.0)
45: 84 93 (87.0)
46: 91 92 97 (114.0)
47: 90 98 (46.0)
48: 89 (61.0)
49: 95 99 (77.0)
50: 94 96 (65.0)
51: 100 103 109 (118.0)
52: 104 105 106 110 (125.0)
53: 102 111 (80.0)
54: 101 107 (83.0)
55: 113 (65.0)
56: 108 120 (54.0)
57: 115 (58.0)
58: 117 118 (75.0)
59: 112 114 116 (63.0)
60: 122 (62.0)
61: 119 121 (90.0)
62: 127 128 133 (110.0)
63: 124 (60.0)
64: 130 131 (78.0)
65: 123 125 134 (48.0)
66: 126 129 (91.0)
67: 132 139 140 (90.0)
68: 137 138 (113.0)
69: 141 142 (79.0)
70: 136 144 (88.0)
71: 135 145 (79.0)
72: 147 (73.0)
73: 146 149 151 (116.0)
74: 143 155 (91.0)
75: 148 152 (71.0)
76: 150 153 (65.0)
77: 157 158 (115.0)
78: 154 159 (64.0)
79: 160 165 (68.0)
80: 161 167 (58.0)
81: 156 163 171 (76.0)
82: 162 169 (93.0)
83: 164 (63.0)
84: 168 170 (106.0)
85: 166 (60.0)
86: 173 178 (108.0)
87: 172 179 (61.0)
88: 174 176 177 (107.0)
89: 181 (63.0)
90: 175 (61.0)
91: 182 191 (90.0)
92: 185 (68.0)
93: 180 183 190 (103.0)
94: 186 188 194 (109.0)
95: 184 187 192 (70.0)
96: 189 (77.0)
97: 193 197 (90.0)
98: 195 200 (105.0)
99: 198 199 (89.0)
100: 196 201 204 (112.0)
101: 203 (62.0)
102: 202 205 (95.0)
103: 207 210 (61.0)
104: 208 209 (90.0)
105: 206 (75.0)
106: 211 218 (84.0)
107: 213 215 (110.0)
108: 212 216 217 (124.0)
109: 221 (73.0)
110: 219 220 225 (110.0)
111: 214 222 (68.0)
112: 224 231 (88.0)
113: 223 (62.0)
114: 227 228 230 (115.0)
115: 229 (66.0)
116: 226 236 (110.0)
117: 232 234 235 (121.0)
118: 237 238 (118.0)
119: (0.0)
120: 233 239 240 (118.0)
121: 241 242 (112.0)
122: 243 246 (112.0)
123: 244 247 255 (59.0)
124: 245 (80.0)
125: 252 253 (97.0)
126: 248 249 258 (120.0)
127: 250 251 257 (106.0)
128: 254 (76.0)
129: 259 261 (138.0)
130: 256 (87.0)
131: 260 267 (74.0)
132: 262 270 (96.0)
133: 264 265 269 (114.0)
134: 263 266 (109.0)
135: 268 271 (129.0)
136: 272 273 (98.0)
137: 274 278 (79.0)
138: 276 279 (101.0)
139: 277 284 (119.0)
140: 283 (67.0)
141: 275 282 (112.0)
142: 280 281 287 (117.0)
143: 286 290 (108.0)
144: 285 288 293 (85.0)
145: 289 (98.0)
146: 291 292 (111.0)
147: 296 299 301 (124.0)
148: 294 295 (101.0)
149: 297 298 (115.0)
150: 300 309 (108.0)
151: 304 305 (102.0)
152: 310 (91.0)
153: 302 307 311 (118.0)
154: 308 313 315 (117.0)
155: 303 306 (100.0)
156: 312 (60.0)
157: 317 (89.0)
158: 314 318 (117.0)
159: 316 319 320 (99.0)
160: 321 (102.0)
161: 322 323 (105.0)
162: 328 330 (117.0)
163: 324 325 (106.0)
164: 326 331 (114.0)
165: 332 335 (109.0)
166: 327 339 (142.0)
167: 329 333 334 (124.0)
168: 337 338 340 (107.0)
169: 336 (67.0)
170: 343 344 (109.0)
171: 341 345 (122.0)
172: 346 (87.0)
173: 347 349 (117.0)
174: 342 348 350 (119.0)
175: 351 353 (81.0)
176: 356 357 (109.0)
177: 358 359 (110.0)
178: 355 (77.0)
179: 352 354 (118.0)
180: 362 363 (110.0)
181: 360 361 (110.0)
182: 367 (72.0)
183: 365 369 (87.0)
184: 364 (90.0)
185: 370 371 (111.0)
186: 372 373 (111.0)
187: 366 368 375 (123.0)
188: 376 385 (119.0)
189: 374 377 (135.0)
190: 379 381 (115.0)
191: 378 383 (115.0)
192: 382 388 (109.0)
193: 380 384 387 (115.0)
194: 390 (93.0)
195: 395 (95.0)
196: 392 393 (113.0)
197: 386 394 397 (132.0)
198: 389 403 (125.0)
199: 391 399 400 408 (99.0)
200: 396 406 (104.0)
201: 401 404 414 (120.0)
202: 398 409 410 (129.0)
203: 407 412 418 (142.0)
204: 402 405 413 (123.0)
205: 416 417 419 426 (117.0)
206: 411 421 428 (110.0)
207: 415 422 424 (139.0)
208: 420 427 (116.0)
209: 425 430 433 435 (122.0)
210: 432 436 438 (124.0)
211: 423 429 443 (115.0)
212: 431 437 447 (131.0)
213: 439 442 453 (125.0)
214: 434 446 450 (118.0)
215: 441 448 456 (115.0)
216: 440 451 457 (116.0)
217: 444 445 454 463 (118.0)
218: 452 455 459 (118.0)
219: 449 460 (121.0)
220: 462 466 469 471 (123.0)
221: 458 461 (94.0)
222: 465 467 472 (121.0)
223: 464 470 480 (113.0)
224: 468 475 487 (119.0)
225: 473 476 477 (123.0)
226: 479 484 (154.0)
227: 474 478 481 483 (125.0)
228: 486 493 497 (124.0)
229: 488 491 494 495 (132.0)
230: 482 485 492 (125.0)
231: 489 496 498 (136.0)
232: 490 499 (133.0)
