Name: 500-50-100
Time: 35.314576387405396 
Result: 87
Solution:  3 4 3 2 4 6 5 3 7 2 5 2 6 4 7 7 12 8 9 9 12 6 13 11 10 10 14 12 15 15 17 15 16 18 11 15 12 14 13 19 17 18 19 18 16 19 16 20 19 17 20 22 23 25 22 24 21 23 23 20 22 24 26 21 21 26 22 27 28 28 25 25 27 26 25 30 29 30 30 29 33 32 28 31 31 31 33 32 34 37 32 37 38 38 33 34 36 36 36 37 41 35 38 36 42 38 38 39 40 40 41 39 40 41 43 42 43 47 46 44 45 44 46 48 45 48 43 43 48 47 46 45 49 49 49 52 49 54 54 50 52 52 51 52 54 51 53 53 55 57 53 53 57 55 56 56 56 54 59 55 57 60 57 59 58 58 61 61 60 62 59 61 61 65 62 58 64 65 62 64 62 67 66 66 64 69 65 63 67 68 64 69 68 72 73 67 69 71 70 71 70 71 70 72 72 72 75 70 71 74 74 74 73 75 75 79 76 76 77 79 77 79 77 78 76 77 76 80 80 78 80 82 81 82 80 83 87 83 83 85 87 86 82 84 81 84 83 87 84 86 89 85 85 86 90 91 88 90 91 90 94 91 94 88 93 91 93 92 92 93 94 95 92 95 95 97 95 95 99 97 97 98 99 98 101 100 99 101 101 96 101 100 100 102 101 103 105 101 103 102 102 104 105 101 105 106 108 103 106 106 104 111 109 108 110 110 107 109 110 108 109 111 109 112 112 110 113 110 112 115 114 115 111 114 113 117 118 116 116 115 117 114 116 119 118 120 121 117 121 120 119 124 119 122 123 118 125 119 122 121 125 124 125 125 123 128 126 126 127 127 124 127 130 128 126 126 129 126 130 131 132 131 134 132 132 134 130 131 132 135 131 138 133 134 138 137 135 137 139 133 139 137 142 139 141 138 140 140 139 136 141 142 138 140 145 143 144 143 141 142 145 146 144 141 149 146 143 147 148 146 147 145 147 145 147 150 149 148 152 149 153 147 149 154 154 152 151 151 151 154 152 155 155 153 158 156 159 159 158 153 156 157 162 159 163 157 158 164 163 156 164 157 160 163 162 160 161 161 161 166 165 160 167 164 163 165 165 166 168 168 165 169 170 170 167 168 169 170 169 170
0: (0.0)
1: (0.0)
2: 3 9 11 (94.0)
3: 0 2 7 (79.0)
4: 1 4 13 (88.0)
5: 6 10 (57.0)
6: 5 12 21 (76.0)
7: 8 14 15 (57.0)
8: 17 (49.0)
9: 18 19 (53.0)
10: 24 25 (54.0)
11: 23 34 (52.0)
12: 16 20 27 36 (41.0)
13: 22 38 (53.0)
14: 26 37 (57.0)
15: 28 29 31 35 (49.0)
16: 32 44 46 (66.0)
17: 30 40 49 (70.0)
18: 33 41 43 (62.0)
19: 39 42 45 48 (49.0)
20: 47 50 59 (50.0)
21: 56 63 64 (57.0)
22: 51 54 60 66 (35.0)
23: 52 57 58 (71.0)
24: 55 61 (72.0)
25: 53 70 71 74 (51.0)
26: 62 65 73 (50.0)
27: 67 72 (54.0)
28: 68 69 82 (85.0)
29: 76 79 (61.0)
30: 75 77 78 (47.0)
31: 83 84 85 (61.0)
32: 81 87 90 (52.0)
33: 80 86 94 (63.0)
34: 88 95 (65.0)
35: 101 (51.0)
36: 96 97 98 103 (52.0)
37: 89 91 99 (57.0)
38: 92 93 102 105 106 (51.0)
39: 107 111 (55.0)
40: 108 109 112 (51.0)
41: 100 110 113 (87.0)
42: 104 115 (55.0)
43: 114 116 126 127 (52.0)
44: 119 121 (55.0)
45: 120 124 131 (100.0)
46: 118 122 130 (61.0)
47: 117 129 (57.0)
48: 123 125 128 (63.0)
49: 132 133 134 136 (70.0)
50: 139 (59.0)
51: 142 145 (89.0)
52: 135 140 141 143 (52.0)
53: 146 147 150 151 (69.0)
54: 137 138 144 157 (52.0)
55: 148 153 159 (102.0)
56: 154 155 156 (52.0)
57: 149 152 160 162 (75.0)
58: 164 165 175 (50.0)
59: 158 163 170 (64.0)
60: 161 168 (85.0)
61: 166 167 171 172 (96.0)
62: 169 174 178 180 (60.0)
63: 187 (54.0)
64: 176 179 184 190 (87.0)
65: 173 177 186 (62.0)
66: 182 183 (58.0)
67: 181 188 195 (85.0)
68: 189 192 (50.0)
69: 185 191 196 (64.0)
70: 198 200 202 207 (61.0)
71: 197 199 201 208 (99.0)
72: 193 203 204 205 (96.0)
73: 194 212 (73.0)
74: 209 210 211 (74.0)
75: 206 213 214 (97.0)
76: 216 217 224 226 (93.0)
77: 218 220 222 225 (89.0)
78: 223 229 (80.0)
79: 215 219 221 (94.0)
80: 227 228 230 234 (53.0)
81: 232 244 (81.0)
82: 231 233 242 (72.0)
83: 235 237 238 246 (67.0)
84: 243 245 248 (52.0)
85: 239 251 252 (69.0)
86: 241 249 253 (90.0)
87: 236 240 247 (94.0)
88: 256 263 (57.0)
89: 250 (52.0)
90: 254 257 259 (103.0)
91: 255 258 261 265 (74.0)
92: 267 268 272 (78.0)
93: 264 266 269 (87.0)
94: 260 262 270 (91.0)
95: 271 273 274 276 277 (98.0)
96: 289 (62.0)
97: 275 279 280 (92.0)
98: 281 283 (79.0)
99: 278 282 286 (87.0)
100: 285 291 292 (74.0)
101: 284 287 288 290 294 297 303 (83.0)
102: 293 299 300 (76.0)
103: 295 298 307 (100.0)
104: 301 310 (84.0)
105: 296 302 304 (91.0)
106: 305 308 309 (95.0)
107: 316 (50.0)
108: 306 313 319 (77.0)
109: 312 317 320 322 (98.0)
110: 314 315 318 325 327 (94.0)
111: 311 321 332 (92.0)
112: 323 324 328 (85.0)
113: 326 334 (67.0)
114: 330 333 341 (93.0)
115: 329 331 339 (97.0)
116: 337 338 342 (99.0)
117: 335 340 347 (98.0)
118: 336 344 355 (98.0)
119: 343 350 352 357 (91.0)
120: 345 349 (65.0)
121: 346 348 359 (71.0)
122: 353 358 (94.0)
123: 354 364 (79.0)
124: 351 361 370 (66.0)
125: 356 360 362 363 (98.0)
126: 366 367 374 375 377 (62.0)
127: 368 369 371 (99.0)
128: 365 373 (85.0)
129: 376 (71.0)
130: 372 378 386 (94.0)
131: 379 381 387 390 (90.0)
132: 380 383 384 388 (97.0)
133: 392 399 (96.0)
134: 382 385 393 (89.0)
135: 389 396 (86.0)
136: 409 (55.0)
137: 395 397 401 (97.0)
138: 391 394 405 412 (93.0)
139: 398 400 403 408 (100.0)
140: 406 407 413 (100.0)
141: 404 410 418 423 (113.0)
142: 402 411 419 (100.0)
143: 415 417 426 (92.0)
144: 416 422 (93.0)
145: 414 420 431 433 (100.0)
146: 421 425 429 (100.0)
147: 427 430 432 434 441 (99.0)
148: 428 437 (98.0)
149: 424 436 439 442 (99.0)
150: 435 (79.0)
151: 446 447 448 (95.0)
152: 438 445 450 (100.0)
153: 440 453 459 (100.0)
154: 443 444 449 (75.0)
155: 451 452 (84.0)
156: 455 460 469 (100.0)
157: 461 465 471 (97.0)
158: 454 458 466 (99.0)
159: 456 457 463 (98.0)
160: 472 475 481 (96.0)
161: 476 477 478 (99.0)
162: 462 474 (89.0)
163: 464 468 473 484 (99.0)
164: 467 470 483 (100.0)
165: 480 485 486 490 (100.0)
166: 479 487 (76.0)
167: 482 494 (93.0)
168: 488 489 495 (107.0)
169: 491 496 498 (100.0)
170: 492 493 497 499 (122.0)
