Name: 500-40-75
Time: 18.452483654022217 
Result: 83066
Solution:  0 0 2 5 1 3 3 2 5 6 4 3 3 6 8 9 7 7 10 8 9 10 11 12 14 11 10 14 13 12 15 15 13 17 17 13 18 18 19 20 20 24 21 19 19 21 23 25 24 22 27 25 23 22 26 27 25 28 29 26 30 29 34 30 30 32 34 33 32 33 36 35 35 37 36 37 38 38 37 39 40 43 39 40 42 45 43 39 44 47 48 43 47 45 47 46 47 49 50 48 50 51 52 54 52 53 51 53 51 54 55 55 57 56 57 59 59 56 58 60 60 58 61 59 61 63 62 62 64 64 65 63 65 66 67 69 68 68 71 69 72 69 70 71 75 70 74 72 72 73 73 74 76 75 77 80 78 77 76 78 79 81 78 80 78 82 84 81 83 84 85 84 86 88 88 87 89 84 86 87 89 90 89 89 93 92 90 91 92 90 92 95 93 94 93 90 94 96 94 98 97 99 97 96 95 98 100 100 97 96 96 99 98 100 99 103 103 100 104 101 101 104 106 107 108 101 105 104 105 102 105 105 108 109 107 109 106 109 108 108 109 110 106 111 108 111 109 111 112 113 113 115 110 113 112 110 112 117 116 118 117 115 113 116 121 118 118 117 115 121 122 120 121 119 120 121 117 123 121 124 122 119 120 124 126 123 125 122 125 125 125 128 126 127 131 124 129 125 128 130 132 127 129 128 130 131 130 132 132 132 133 135 137 134 137 134 131 131 134 132 136 136 135 137 138 136 140 139 138 138 140 139 138 140 141 142 141 141 142 143 144 146 142 143 144 141 146 145 142 149 143 143 146 147 148 151 149 148 147 150 149 151 148 151 147 151 153 152 152 153 151 152 154 155 150 153 153 156 154 154 154 156 158 156 160 156 157 157 157 155 156 159 158 159 160 162 160 161 162 160 161 163 165 164 164 165 163 166 164 165 166 169 168 167 165 165 169 167 168 170 170 168 170 169 169 172 171 175 171 171 173 171 173 175 175 173 177 174 176 174 180 176 172 178 177 175 182 179 176 179 178 176 182 180 179 180 181 178 183 181 181 179 184 185 185 184 184 187 184 186 187 183 186 183 185 186 188 188 190 190 188 189 192 187 191 191 193 190 189 192 191 194 195 194 192 193 193 195 195 194
0: 0 1 (40.0)
1: 4 (34.0)
2: 2 7 (45.0)
3: 5 6 11 12 (54.0)
4: 10 (28.0)
5: 3 8 (42.0)
6: 9 13 (40.0)
7: 16 17 (42.0)
8: 14 19 (49.0)
9: 15 20 (54.0)
10: 18 21 26 (40.0)
11: 22 25 (53.0)
12: 23 29 (48.0)
13: 28 32 35 (37.0)
14: 24 27 (47.0)
15: 30 31 (43.0)
16: (0.0)
17: 33 34 (57.0)
18: 36 37 (44.0)
19: 38 43 44 (42.0)
20: 39 40 (71.0)
21: 42 45 (56.0)
22: 49 53 (41.0)
23: 46 52 (39.0)
24: 41 48 (39.0)
25: 47 51 56 (43.0)
26: 54 59 (42.0)
27: 50 55 (50.0)
28: 57 (42.0)
29: 58 61 (61.0)
30: 60 63 64 (39.0)
31: (0.0)
32: 65 68 (65.0)
33: 67 69 (55.0)
34: 62 66 (49.0)
35: 71 72 (55.0)
36: 70 74 (59.0)
37: 73 75 78 (65.0)
38: 76 77 (49.0)
39: 79 82 87 (68.0)
40: 80 83 (66.0)
41: (0.0)
42: 84 (38.0)
43: 81 86 91 (43.0)
44: 88 (48.0)
45: 85 93 (40.0)
46: 95 (45.0)
47: 89 92 94 96 (39.0)
48: 90 99 (53.0)
49: 97 (42.0)
50: 98 100 (45.0)
51: 101 106 108 (64.0)
52: 102 104 (46.0)
53: 105 107 (63.0)
54: 103 109 (71.0)
55: 110 111 (52.0)
56: 113 117 (53.0)
57: 112 114 (51.0)
58: 118 121 (69.0)
59: 115 116 123 (74.0)
60: 119 120 (37.0)
61: 122 124 (60.0)
62: 126 127 (54.0)
63: 125 131 (63.0)
64: 128 129 (54.0)
65: 130 132 (37.0)
66: 133 (33.0)
67: 134 (45.0)
68: 136 137 (54.0)
69: 135 139 141 (48.0)
70: 142 145 (51.0)
71: 138 143 (68.0)
72: 140 147 148 (68.0)
73: 149 150 (74.0)
74: 146 151 (61.0)
75: 144 153 (64.0)
76: 152 158 (70.0)
77: 154 157 (69.0)
78: 156 159 162 164 (56.0)
79: 160 (45.0)
80: 155 163 (68.0)
81: 161 167 (41.0)
82: 165 (46.0)
83: 168 (47.0)
84: 166 169 171 177 (62.0)
85: 170 (45.0)
86: 172 178 (58.0)
87: 175 179 (48.0)
88: 173 174 (63.0)
89: 176 180 182 183 (38.0)
90: 181 186 189 195 (67.0)
91: 187 (40.0)
92: 185 188 190 (65.0)
93: 184 192 194 (71.0)
94: 193 196 198 (72.0)
95: 191 204 (61.0)
96: 197 203 209 210 (74.0)
97: 200 202 208 (73.0)
98: 199 205 212 (40.0)
99: 201 211 214 (67.0)
100: 206 207 213 217 (47.0)
101: 219 220 225 (70.0)
102: 229 (45.0)
103: 215 216 (54.0)
104: 218 221 227 (45.0)
105: 226 228 230 231 (63.0)
106: 222 236 242 (74.0)
107: 223 234 (66.0)
108: 224 232 238 239 244 (73.0)
109: 233 235 237 240 246 (73.0)
110: 241 252 255 (74.0)
111: 243 245 247 (60.0)
112: 248 254 256 (70.0)
113: 249 250 253 262 (59.0)
114: (0.0)
115: 251 261 268 (70.0)
116: 258 263 (65.0)
117: 257 260 267 276 (73.0)
118: 259 265 266 (74.0)
119: 273 281 (61.0)
120: 271 274 282 (70.0)
121: 264 269 272 275 278 (68.0)
122: 270 280 287 (68.0)
123: 277 285 (64.0)
124: 279 283 295 (68.0)
125: 286 288 289 290 297 (74.0)
126: 284 292 (56.0)
127: 293 301 (59.0)
128: 291 298 303 (60.0)
129: 296 302 (51.0)
130: 299 304 306 (64.0)
131: 294 305 316 317 (66.0)
132: 300 307 308 309 319 (74.0)
133: 310 (51.0)
134: 313 315 318 (55.0)
135: 311 322 (59.0)
136: 320 321 325 (74.0)
137: 312 314 323 (61.0)
138: 324 328 329 332 (67.0)
139: 327 331 (64.0)
140: 326 330 333 (76.0)
141: 334 336 337 345 (75.0)
142: 335 338 342 348 (57.0)
143: 339 343 350 351 (75.0)
144: 340 344 (75.0)
145: 347 (55.0)
146: 341 346 352 (80.0)
147: 353 358 364 (71.0)
148: 354 357 362 (74.0)
149: 349 356 360 (74.0)
150: 359 374 (73.0)
151: 355 361 363 365 370 (74.0)
152: 367 368 371 (74.0)
153: 366 369 375 376 (75.0)
154: 372 378 379 380 (75.0)
155: 373 389 (63.0)
156: 377 381 383 385 390 (69.0)
157: 386 387 388 (70.0)
158: 382 392 (70.0)
159: 391 393 (65.0)
160: 384 394 396 399 (67.0)
161: 397 400 (72.0)
162: 395 398 (54.0)
163: 401 406 (75.0)
164: 403 404 408 (66.0)
165: 402 405 409 414 415 (74.0)
166: 407 410 (70.0)
167: 413 417 (66.0)
168: 412 418 421 (75.0)
169: 411 416 423 424 (73.0)
170: 419 420 422 (70.0)
171: 426 428 429 431 (66.0)
172: 425 442 (68.0)
173: 430 432 435 (71.0)
174: 437 439 (64.0)
175: 427 433 434 445 (94.0)
176: 438 441 448 451 (75.0)
177: 436 444 (74.0)
178: 443 450 457 (75.0)
179: 447 449 454 461 (77.0)
180: 440 453 455 (74.0)
181: 456 459 460 (75.0)
182: 446 452 (70.0)
183: 458 471 473 (71.0)
184: 462 465 466 468 (83.0)
185: 463 464 474 (72.0)
186: 469 472 475 (74.0)
187: 467 470 483 (72.0)
188: 476 477 480 (75.0)
189: 481 488 (80.0)
190: 478 479 487 (75.0)
191: 484 485 490 (75.0)
192: 482 489 494 (61.0)
193: 486 495 496 (57.0)
194: 491 493 499 (74.0)
195: 492 497 498 (76.0)
