Name: 500-60-125
Time: 39.294925689697266 
Result: 114
Solution:  2 0 0 2 2 3 3 0 6 4 3 6 4 5 7 5 8 6 9 7 7 11 9 8 13 11 14 13 11 14 15 15 15 18 19 17 19 17 20 17 20 22 23 23 24 20 22 25 22 27 24 25 29 30 27 25 28 26 30 26 32 29 30 28 35 34 33 32 32 33 36 36 36 35 34 36 38 37 40 38 40 37 41 41 42 42 45 44 47 43 47 46 49 48 48 45 50 47 49 50 49 51 51 53 52 52 53 54 55 51 55 54 55 56 58 57 57 61 59 59 56 60 61 62 58 66 60 62 64 62 65 64 65 66 65 67 69 68 68 69 70 70 69 72 71 72 76 74 73 73 76 75 78 79 76 75 78 77 79 80 77 80 83 81 82 81 85 84 84 83 86 81 87 86 90 90 89 89 92 87 92 88 91 94 91 91 96 93 95 98 93 95 95 97 94 99 99 97 98 96 100 101 102 101 102 102 103 103 105 106 107 104 106 107 110 104 106 105 112 113 111 109 110 108 114 112 114 113 116 117 111 116 115 118 118 115 119 116 120 117 118 119 121 122 123 123 122 123 125 121 124 125 127 126 124 127 128 127 128 127 130 129 131 134 133 132 133 131 130 134 132 135 135 134 136 141 137 140 138 136 138 139 141 140 139 145 143 142 141 142 143 144 144 146 150 148 147 145 149 147 154 146 148 149 150 152 153 155 154 153 151 155 156 152 158 159 157 157 158 159 159 160 161 161 162 163 164 167 164 168 162 165 166 167 165 163 172 168 173 166 168 170 174 169 172 169 171 173 173 175 173 174 178 177 179 177 176 179 178 180 181 181 180 184 183 184 186 185 185 182 187 187 186 186 189 191 189 190 188 190 190 193 194 190 194 191 196 192 193 197 195 195 192 198 197 196 201 198 199 199 199 203 198 200 200 204 200 202 202 202 203 201 203 204 201 205 205 204 206 205 206 206 208 210 207 212 205 209 207 211 209 213 209 208 208 214 208 215 212 210 210 213 210 214 215 216 214 211 213 216 217 217 218 215 217 217 215 219 220 218 221 220 224 216 219 218 221 220 222 219 222 222 225 223 224 223 225 225 224 226 228 227 229 225 226 230 228 224 227 230 229 228 230 227 231 228 232 231 231 232
0: 1 2 7 (114.0)
1: (0.0)
2: 0 3 4 (90.0)
3: 5 6 10 (80.0)
4: 9 12 (84.0)
5: 13 15 (60.0)
6: 8 11 17 (54.0)
7: 14 19 20 (73.0)
8: 16 23 (80.0)
9: 18 22 (61.0)
10: (0.0)
11: 21 25 28 (51.0)
12: (0.0)
13: 24 27 (65.0)
14: 26 29 (104.0)
15: 30 31 32 (65.0)
16: (0.0)
17: 35 37 39 (116.0)
18: 33 (60.0)
19: 34 36 (66.0)
20: 38 40 45 (65.0)
21: (0.0)
22: 41 46 48 (111.0)
23: 42 43 (64.0)
24: 44 50 (88.0)
25: 47 51 55 (60.0)
26: 57 59 (77.0)
27: 49 54 (71.0)
28: 56 63 (79.0)
29: 52 61 (97.0)
30: 53 58 62 (66.0)
31: (0.0)
32: 60 67 68 (69.0)
33: 66 69 (79.0)
34: 65 74 (106.0)
35: 64 73 (66.0)
36: 70 71 72 75 (99.0)
37: 77 81 (71.0)
38: 76 79 (96.0)
39: (0.0)
40: 78 80 (40.0)
41: 82 83 (69.0)
42: 84 85 (69.0)
43: 89 (61.0)
44: 87 (66.0)
45: 86 95 (45.0)
46: 91 (61.0)
47: 88 90 97 (54.0)
48: 93 94 (82.0)
49: 92 98 100 (76.0)
50: 96 99 (71.0)
51: 101 102 109 (111.0)
52: 104 105 (73.0)
53: 103 106 (94.0)
54: 107 111 (94.0)
55: 108 110 112 (52.0)
56: 113 120 (88.0)
57: 115 116 (96.0)
58: 114 124 (76.0)
59: 118 119 (75.0)
60: 121 126 (112.0)
61: 117 122 (99.0)
62: 123 127 129 (66.0)
63: (0.0)
64: 128 131 (97.0)
65: 130 132 134 (77.0)
66: 125 133 (62.0)
67: 135 (63.0)
68: 137 138 (113.0)
69: 136 139 142 (78.0)
70: 140 141 (80.0)
71: 144 (65.0)
72: 143 145 (64.0)
73: 148 149 (81.0)
74: 147 (73.0)
75: 151 155 (95.0)
76: 146 150 154 (76.0)
77: 157 160 (106.0)
78: 152 156 (70.0)
79: 153 158 (93.0)
80: 159 161 (60.0)
81: 163 165 171 (72.0)
82: 164 (63.0)
83: 162 169 (93.0)
84: 167 168 (71.0)
85: 166 (60.0)
86: 170 173 (113.0)
87: 172 179 (61.0)
88: 181 (63.0)
89: 176 177 (84.0)
90: 174 175 (84.0)
91: 182 184 185 (113.0)
92: 178 180 (75.0)
93: 187 190 (60.0)
94: 183 194 (108.0)
95: 188 191 192 (88.0)
96: 186 199 (93.0)
97: 193 197 (90.0)
98: 189 198 (122.0)
99: 195 196 (104.0)
100: 200 (68.0)
101: 201 203 (84.0)
102: 202 204 205 (118.0)
103: 206 207 (90.0)
104: 211 215 (96.0)
105: 208 217 (93.0)
106: 209 212 216 (121.0)
107: 210 213 (104.0)
108: 223 (62.0)
109: 221 (73.0)
110: 214 222 (68.0)
111: 220 230 (74.0)
112: 218 225 (81.0)
113: 219 227 (84.0)
114: 224 226 (110.0)
115: 232 235 (109.0)
116: 228 231 237 (105.0)
117: 229 239 (83.0)
118: 233 234 240 (113.0)
119: 236 241 (109.0)
120: 238 (76.0)
121: 242 249 (95.0)
122: 243 246 (112.0)
123: 244 245 247 (118.0)
124: 250 254 (115.0)
125: 248 251 (111.0)
126: 253 (78.0)
127: 252 255 257 259 (122.0)
128: 256 258 (112.0)
129: 261 (66.0)
130: 260 268 (114.0)
131: 262 267 (87.0)
132: 265 270 (96.0)
133: 264 266 (109.0)
134: 263 269 273 (111.0)
135: 271 272 (103.0)
136: 274 279 (58.0)
137: 276 (62.0)
138: 278 280 (118.0)
139: 281 284 (123.0)
140: 277 283 (104.0)
141: 275 282 288 (114.0)
142: 287 289 (116.0)
143: 286 290 (108.0)
144: 291 292 (111.0)
145: 285 297 (98.0)
146: 293 301 (100.0)
147: 296 299 (89.0)
148: 295 302 (94.0)
149: 298 303 (97.0)
150: 294 304 (102.0)
151: 310 (91.0)
152: 305 313 (91.0)
153: 306 309 (79.0)
154: 300 308 (129.0)
155: 307 311 (78.0)
156: 312 (60.0)
157: 316 317 (104.0)
158: 314 318 (117.0)
159: 315 319 320 (95.0)
160: 321 (102.0)
161: 322 323 (105.0)
162: 324 330 (111.0)
163: 325 335 (99.0)
164: 326 328 (125.0)
165: 331 334 (109.0)
166: 332 339 (111.0)
167: 327 333 (137.0)
168: 329 337 340 (95.0)
169: 343 345 (101.0)
170: 341 (72.0)
171: 346 (87.0)
172: 336 344 (125.0)
173: 338 347 348 350 (115.0)
174: 342 351 (115.0)
175: 349 (96.0)
176: 356 (72.0)
177: 353 355 (100.0)
178: 352 358 (117.0)
179: 354 357 (69.0)
180: 359 362 (115.0)
181: 360 361 (110.0)
182: 369 (67.0)
183: 364 (90.0)
184: 363 365 (94.0)
185: 367 368 (116.0)
186: 366 372 373 (149.0)
187: 370 371 (111.0)
188: 378 (88.0)
189: 374 376 (116.0)
190: 377 379 380 383 (134.0)
191: 375 385 (114.0)
192: 387 392 (121.0)
193: 381 388 (116.0)
194: 382 384 (124.0)
195: 390 391 (113.0)
196: 386 395 (150.0)
197: 389 394 (107.0)
198: 393 397 402 (124.0)
199: 398 399 400 (115.0)
200: 403 404 406 (123.0)
201: 396 411 414 (123.0)
202: 407 408 409 (116.0)
203: 401 410 412 (131.0)
204: 405 413 417 (131.0)
205: 415 416 419 426 (115.0)
206: 418 420 421 (120.0)
207: 424 428 (124.0)
208: 422 433 434 436 (124.0)
209: 427 430 432 (108.0)
210: 423 439 440 442 (124.0)
211: 429 447 (115.0)
212: 425 438 (117.0)
213: 431 441 448 (123.0)
214: 435 443 446 (124.0)
215: 437 444 453 456 (129.0)
216: 445 449 463 (124.0)
217: 450 451 454 455 (122.0)
218: 452 459 465 (129.0)
219: 457 464 469 (124.0)
220: 458 461 467 (119.0)
221: 460 466 (124.0)
222: 468 470 471 (117.0)
223: 473 475 (109.0)
224: 462 474 478 487 (132.0)
225: 472 476 477 483 (125.0)
226: 479 484 (154.0)
227: 481 488 493 (117.0)
228: 480 486 491 495 (110.0)
229: 482 490 (112.0)
230: 485 489 492 (118.0)
231: 494 497 498 (118.0)
232: 496 499 (128.0)
