Name: 500-20-30
Time: 19.696110248565674 
Result: 207034
Solution:  2 0 1 3 2 2 3 0 1 5 5 6 5 6 7 9 7 8 8 9 11 10 14 11 12 11 14 12 10 13 17 15 13 17 19 15 18 18 20 17 19 20 21 25 21 23 23 22 21 22 25 29 26 25 27 26 31 29 27 29 30 31 28 32 30 31 34 33 33 36 32 33 36 34 41 37 38 37 39 38 41 40 40 41 45 43 39 43 42 43 44 46 45 46 46 44 48 50 50 49 51 48 51 54 52 54 55 49 54 53 53 56 52 55 56 59 60 62 61 57 56 61 59 60 62 62 63 63 65 64 65 66 68 66 70 65 67 68 69 69 67 71 74 71 74 68 75 73 74 70 73 75 77 78 80 77 78 82 78 76 76 80 80 81 81 83 83 84 86 85 86 85 83 86 84 88 88 89 87 88 87 89 92 91 91 93 94 92 95 96 93 96 97 97 99 95 98 99 101 99 100 104 98 102 103 104 104 105 102 106 104 105 109 106 110 107 108 107 110 111 108 110 112 109 116 113 113 112 114 113 111 116 117 118 117 120 117 118 119 119 120 121 117 121 123 122 123 125 123 126 125 122 126 127 127 124 131 128 128 129 129 130 135 130 132 131 132 131 137 134 133 135 136 134 137 138 136 138 139 139 140 140 142 141 143 141 144 145 142 142 145 144 146 146 147 147 148 147 149 150 150 151 148 154 151 152 152 153 156 152 154 155 157 155 159 158 159 155 160 158 157 160 163 162 164 163 163 166 164 161 165 165 167 164 168 169 165 169 170 166 170 168 174 171 173 172 176 172 174 174 172 178 175 177 181 175 182 178 179 179 176 177 180 182 181 186 180 183 184 185 186 188 183 189 190 189 187 185 191 187 190 192 191 188 195 190 194 195 193 193 192 194 196 195 200 200 201 197 199 199 198 198 199 197 202 204 201 203 204 202 206 206 205 205 207 207 208 209 208 209 211 210 210 211 211 212 213 212 215 213 214 214 218 218 216 216 217 217 219 219 220 220 220 224 222 222 221 221 224 223 225 224 226 226 226 229 229 229 230 227 227 228 232 232 228 230 230 233 234 231 230 233 231 233 235 232 236 230 237 236 235 235 235 232 237 238 234 234 239 239 236 240 238 239 241 238 237 240 241 238
0: 1 7 (21.0)
1: 2 8 (30.0)
2: 0 4 5 (34.0)
3: 3 6 (10.0)
4: (0.0)
5: 9 10 12 (24.0)
6: 11 13 (21.0)
7: 14 16 (8.0)
8: 17 18 (25.0)
9: 15 19 (27.0)
10: 21 28 (23.0)
11: 20 23 25 (19.0)
12: 24 27 (27.0)
13: 29 32 (24.0)
14: 22 26 (18.0)
15: 31 35 (21.0)
16: (0.0)
17: 30 33 39 (22.0)
18: 36 37 (20.0)
19: 34 40 (24.0)
20: 38 41 (22.0)
21: 42 44 48 (30.0)
22: 47 49 (24.0)
23: 45 46 (21.0)
24: (0.0)
25: 43 50 53 (26.0)
26: 52 55 (15.0)
27: 54 58 (30.0)
28: 62 (10.0)
29: 51 57 59 (30.0)
30: 60 64 (34.0)
31: 56 61 65 (20.0)
32: 63 70 (27.0)
33: 67 68 71 (19.0)
34: 66 73 (19.0)
35: (0.0)
36: 69 72 (30.0)
37: 75 77 (22.0)
38: 76 79 (20.0)
39: 78 86 (24.0)
40: 81 82 (30.0)
41: 74 80 83 (21.0)
42: 88 (20.0)
43: 85 87 89 (21.0)
44: 90 95 (37.0)
45: 84 92 (25.0)
46: 91 93 94 (15.0)
47: (0.0)
48: 96 101 (22.0)
49: 99 107 (20.0)
50: 97 98 (22.0)
51: 100 102 (27.0)
52: 104 112 (23.0)
53: 109 110 (29.0)
54: 103 105 108 (29.0)
55: 106 113 (21.0)
56: 111 114 120 (20.0)
57: 119 (18.0)
58: (0.0)
59: 115 122 (24.0)
60: 116 123 (28.0)
61: 118 121 (15.0)
62: 117 124 125 (32.0)
63: 126 127 (22.0)
64: 129 (20.0)
65: 128 130 135 (23.0)
66: 131 133 (29.0)
67: 136 140 (26.0)
68: 132 137 145 (32.0)
69: 138 139 (22.0)
70: 134 149 (21.0)
71: 141 143 (24.0)
72: (0.0)
73: 147 150 (20.0)
74: 142 144 148 (23.0)
75: 146 151 (25.0)
76: 159 160 (22.0)
77: 152 155 (34.0)
78: 153 156 158 (22.0)
79: (0.0)
80: 154 161 162 (23.0)
81: 163 164 (30.0)
82: 157 (20.0)
83: 165 166 172 (33.0)
84: 167 174 (34.0)
85: 169 171 (26.0)
86: 168 170 173 (28.0)
87: 178 180 (28.0)
88: 175 176 179 (17.0)
89: 177 181 (28.0)
90: (0.0)
91: 183 184 (17.0)
92: 182 187 (23.0)
93: 185 190 (30.0)
94: 186 (20.0)
95: 188 195 (27.0)
96: 189 191 (10.0)
97: 192 193 (23.0)
98: 196 202 (34.0)
99: 194 197 199 (22.0)
100: 200 (22.0)
101: 198 (20.0)
102: 203 208 (19.0)
103: 204 (20.0)
104: 201 205 206 210 (20.0)
105: 207 211 (34.0)
106: 209 213 (26.0)
107: 215 217 (31.0)
108: 216 220 (23.0)
109: 212 223 (24.0)
110: 214 218 221 (28.0)
111: 219 230 (28.0)
112: 222 227 (24.0)
113: 225 226 229 (23.0)
114: 228 (21.0)
115: (0.0)
116: 224 231 (25.0)
117: 232 234 236 242 (31.0)
118: 233 237 (30.0)
119: 238 239 (24.0)
120: 235 240 (32.0)
121: 241 243 (29.0)
122: 245 251 (28.0)
123: 244 246 248 (30.0)
124: 255 (22.0)
125: 247 250 (30.0)
126: 249 252 (18.0)
127: 253 254 (22.0)
128: 257 258 (31.0)
129: 259 260 (16.0)
130: 261 263 (20.0)
131: 256 265 267 (30.0)
132: 264 266 (30.0)
133: 270 (22.0)
134: 269 273 (17.0)
135: 262 271 (26.0)
136: 272 276 (30.0)
137: 268 274 (21.0)
138: 275 277 (32.0)
139: 278 279 (25.0)
140: 280 281 (25.0)
141: 283 285 (22.0)
142: 282 288 289 (31.0)
143: 284 (23.0)
144: 286 291 (31.0)
145: 287 290 (21.0)
146: 292 293 (26.0)
147: 294 295 297 (29.0)
148: 296 302 (38.0)
149: 298 (20.0)
150: 299 300 (22.0)
151: 301 304 (25.0)
152: 305 306 309 (21.0)
153: 307 (20.0)
154: 303 310 (22.0)
155: 311 313 317 (30.0)
156: 308 (22.0)
157: 312 320 (30.0)
158: 315 319 (23.0)
159: 314 316 (35.0)
160: 318 321 (29.0)
161: 329 (24.0)
162: 323 (25.0)
163: 322 325 326 (25.0)
164: 324 328 333 (28.0)
165: 330 331 336 (42.0)
166: 327 339 (30.0)
167: 332 (20.0)
168: 334 341 (27.0)
169: 335 337 (26.0)
170: 338 340 (23.0)
171: 343 (25.0)
172: 345 347 350 (24.0)
173: 344 (20.0)
174: 342 348 349 (30.0)
175: 352 355 (22.0)
176: 346 360 (29.0)
177: 353 361 (35.0)
178: 351 357 (28.0)
179: 358 359 (28.0)
180: 362 366 (35.0)
181: 354 364 (32.0)
182: 356 363 (29.0)
183: 367 372 (25.0)
184: 368 (21.0)
185: 369 377 (16.0)
186: 365 370 (26.0)
187: 376 379 (35.0)
188: 371 383 (30.0)
189: 373 375 (34.0)
190: 374 380 385 (30.0)
191: 378 382 (26.0)
192: 381 390 (30.0)
193: 388 389 (28.0)
194: 386 391 (34.0)
195: 384 387 393 (29.0)
196: 392 (28.0)
197: 397 403 (29.0)
198: 400 401 (29.0)
199: 398 399 402 (35.0)
200: 394 395 (29.0)
201: 396 406 (31.0)
202: 404 409 (29.0)
203: 407 (21.0)
204: 405 408 (29.0)
205: 412 413 (29.0)
206: 410 411 (29.0)
207: 414 415 (29.0)
208: 416 418 (29.0)
209: 417 419 (29.0)
210: 421 422 (34.0)
211: 420 423 424 (30.0)
212: 425 427 (30.0)
213: 426 429 (26.0)
214: 430 431 (30.0)
215: 428 (26.0)
216: 434 435 (30.0)
217: 436 437 (30.0)
218: 432 433 (30.0)
219: 438 439 (30.0)
220: 440 441 442 (35.0)
221: 446 447 (30.0)
222: 444 445 (30.0)
223: 449 (28.0)
224: 443 448 451 (30.0)
225: 450 (27.0)
226: 452 453 454 (30.0)
227: 459 460 (24.0)
228: 461 464 (34.0)
229: 455 456 457 (30.0)
230: 458 465 466 470 477 (32.0)
231: 469 472 (34.0)
232: 462 463 475 483 (30.0)
233: 467 471 473 (30.0)
234: 468 486 487 (30.0)
235: 474 480 481 482 (28.0)
236: 476 479 490 (31.0)
237: 478 484 496 (30.0)
238: 485 492 495 499 (28.0)
239: 488 489 493 (30.0)
240: 491 497 (30.0)
241: 494 498 (29.0)
