Name: 500-20-30
Time: 38.62414765357971 
Result: 36
Solution:  2 0 1 5 0 0 4 1 3 3 5 2 4 7 5 9 7 8 9 8 9 11 11 7 12 11 15 14 11 14 13 12 15 19 21 13 17 18 21 17 20 19 19 25 23 18 24 23 24 20 25 26 28 25 27 29 28 26 29 30 31 29 27 30 33 31 36 33 34 36 34 37 35 38 41 38 39 35 39 39 41 38 37 41 45 43 42 43 40 45 46 47 42 46 47 48 48 49 47 52 49 51 52 51 50 54 51 50 54 53 53 56 58 56 57 59 60 57 61 58 59 61 61 60 62 62 63 63 65 64 65 68 66 66 67 67 65 68 69 69 71 70 73 72 74 73 70 72 75 71 74 76 75 79 77 78 78 81 77 76 79 84 80 82 84 83 83 82 80 80 85 85 83 86 87 86 88 90 90 88 88 93 91 87 94 95 92 94 93 95 97 94 96 95 98 96 98 99 99 99 101 104 102 102 100 104 103 106 105 103 104 105 106 107 111 108 108 107 112 111 112 110 111 109 110 116 114 109 113 114 115 114 118 116 115 117 117 118 119 120 119 121 117 121 123 123 120 125 122 124 125 122 126 124 127 126 130 127 130 129 132 132 128 127 133 133 134 131 134 137 131 135 136 138 135 140 138 135 138 137 141 140 144 139 142 144 143 141 143 145 144 145 148 146 146 149 147 148 150 148 149 148 151 152 151 152 153 153 158 150 157 154 156 154 155 159 157 156 159 155 160 162 161 161 160 164 162 165 161 163 168 166 164 166 168 167 165 166 170 167 169 169 172 171 170 172 173 172 174 177 174 175 176 178 179 177 182 178 181 180 176 181 179 182 180 185 183 183 184 184 189 186 185 187 190 191 187 190 188 186 189 193 191 188 196 190 192 194 194 195 192 193 197 195 198 201 201 198 197 199 196 200 199 202 200 205 203 203 205 204 206 206 206 204 207 207 209 209 208 208 211 211 210 210 212 213 212 215 216 213 215 218 214 215 217 217 219 219 220 218 220 216 220 224 221 221 222 222 223 223 226 224 226 227 225 229 225 228 228 227 225 231 232 228 230 230 230 233 232 230 229 235 231 233 233 237 233 234 232 236 237 236 235 234 235 235 234 238 240 239 238 241 238 240 237 239 240 239 240 241
0: 1 4 5 (26.0)
1: 2 7 (30.0)
2: 0 11 (23.0)
3: 8 9 (20.0)
4: 6 12 (13.0)
5: 3 10 14 (22.0)
6: (0.0)
7: 13 16 23 (26.0)
8: 17 19 (31.0)
9: 15 18 20 (25.0)
10: (0.0)
11: 21 22 25 28 (34.0)
12: 24 31 (27.0)
13: 30 35 (21.0)
14: 27 29 (23.0)
15: 26 32 (21.0)
16: (0.0)
17: 36 39 (18.0)
18: 37 45 (24.0)
19: 33 41 42 (26.0)
20: 40 49 (20.0)
21: 34 38 (26.0)
22: (0.0)
23: 44 47 (21.0)
24: 46 48 (18.0)
25: 43 50 53 (26.0)
26: 51 57 (22.0)
27: 54 62 (27.0)
28: 52 56 (23.0)
29: 55 58 61 (22.0)
30: 59 63 (19.0)
31: 60 65 (19.0)
32: (0.0)
33: 64 67 (24.0)
34: 68 70 (24.0)
35: 72 77 (27.0)
36: 66 69 (28.0)
37: 71 82 (21.0)
38: 73 75 81 (30.0)
39: 76 78 79 (32.0)
40: 88 (20.0)
41: 74 80 83 (21.0)
42: 86 92 (26.0)
43: 85 87 (19.0)
44: (0.0)
45: 84 89 (13.0)
46: 90 93 (26.0)
47: 91 94 98 (20.0)
48: 95 96 (32.0)
49: 97 100 (22.0)
50: 104 107 (22.0)
51: 101 103 106 (28.0)
52: 99 102 (23.0)
53: 109 110 (29.0)
54: 105 108 (21.0)
55: (0.0)
56: 111 113 (15.0)
57: 114 117 (14.0)
58: 112 119 (30.0)
59: 115 120 (29.0)
60: 116 123 (28.0)
61: 118 121 122 (21.0)
62: 124 125 (22.0)
63: 126 127 (22.0)
64: 129 (20.0)
65: 128 130 136 (19.0)
66: 132 133 (22.0)
67: 134 135 (22.0)
68: 131 137 (27.0)
69: 138 139 (22.0)
70: 141 146 (20.0)
71: 140 149 (29.0)
72: 143 147 (26.0)
73: 142 145 (16.0)
74: 144 150 (22.0)
75: 148 152 (26.0)
76: 151 159 (21.0)
77: 154 158 (19.0)
78: 155 156 (20.0)
79: 153 160 (18.0)
80: 162 168 169 (29.0)
81: 157 (20.0)
82: 163 167 (32.0)
83: 165 166 172 (33.0)
84: 161 164 (24.0)
85: 170 171 (23.0)
86: 173 175 (12.0)
87: 174 183 (22.0)
88: 176 179 180 (25.0)
89: (0.0)
90: 177 178 (33.0)
91: 182 (20.0)
92: 186 (20.0)
93: 181 188 (26.0)
94: 184 187 191 (19.0)
95: 185 189 193 (24.0)
96: 192 195 (28.0)
97: 190 (21.0)
98: 194 196 (30.0)
99: 197 198 199 (30.0)
100: 204 (20.0)
101: 200 (22.0)
102: 202 203 (24.0)
103: 206 209 (17.0)
104: 201 205 210 (16.0)
105: 208 211 (25.0)
106: 207 212 (31.0)
107: 213 217 (28.0)
108: 215 216 (25.0)
109: 223 227 (26.0)
110: 221 224 (25.0)
111: 214 219 222 (33.0)
112: 218 220 (24.0)
113: 228 (21.0)
114: 226 229 231 (24.0)
115: 230 234 (23.0)
116: 225 233 (23.0)
117: 235 236 242 (27.0)
118: 232 237 (26.0)
119: 238 240 (26.0)
120: 239 246 (27.0)
121: 241 243 (29.0)
122: 248 251 (21.0)
123: 244 245 (25.0)
124: 249 253 (31.0)
125: 247 250 (30.0)
126: 252 255 (28.0)
127: 254 257 263 (20.0)
128: 262 (23.0)
129: 259 (9.0)
130: 256 258 (26.0)
131: 267 270 (28.0)
132: 260 261 (25.0)
133: 264 265 (25.0)
134: 266 268 (33.0)
135: 271 274 277 (24.0)
136: 272 (19.0)
137: 269 279 (28.0)
138: 273 276 278 (25.0)
139: 283 (20.0)
140: 275 281 (29.0)
141: 280 287 (22.0)
142: 284 (23.0)
143: 286 288 (32.0)
144: 282 285 290 (20.0)
145: 289 291 (25.0)
146: 293 294 (28.0)
147: 296 (23.0)
148: 292 297 299 301 (30.0)
149: 295 300 (29.0)
150: 298 309 (24.0)
151: 302 304 (30.0)
152: 303 305 (22.0)
153: 306 307 (26.0)
154: 311 313 (22.0)
155: 314 319 (31.0)
156: 312 317 (27.0)
157: 310 316 (29.0)
158: 308 (22.0)
159: 315 318 (22.0)
160: 320 324 (29.0)
161: 322 323 328 (30.0)
162: 321 326 (30.0)
163: 329 (24.0)
164: 325 332 (29.0)
165: 327 336 (28.0)
166: 331 333 337 (28.0)
167: 335 339 (31.0)
168: 330 334 (31.0)
169: 340 341 (27.0)
170: 338 344 (30.0)
171: 343 (25.0)
172: 342 345 347 (18.0)
173: 346 (20.0)
174: 348 350 (20.0)
175: 351 (20.0)
176: 352 360 (21.0)
177: 349 355 (26.0)
178: 353 357 (24.0)
179: 354 362 (37.0)
180: 359 364 (26.0)
181: 358 361 (35.0)
182: 356 363 (29.0)
183: 366 367 (28.0)
184: 368 369 (28.0)
185: 365 372 (27.0)
186: 371 379 (32.0)
187: 373 376 (34.0)
188: 378 383 (26.0)
189: 370 380 (22.0)
190: 374 377 385 (29.0)
191: 375 382 (33.0)
192: 386 390 (29.0)
193: 381 391 (35.0)
194: 387 388 (23.0)
195: 389 393 (17.0)
196: 384 400 (30.0)
197: 392 398 (33.0)
198: 394 397 (29.0)
199: 399 402 (30.0)
200: 401 404 (35.0)
201: 395 396 (29.0)
202: 403 (23.0)
203: 406 407 (29.0)
204: 409 413 (36.0)
205: 405 408 (29.0)
206: 410 411 412 (32.0)
207: 414 415 (29.0)
208: 418 419 (29.0)
209: 416 417 (29.0)
210: 422 423 (29.0)
211: 420 421 (29.0)
212: 424 426 (28.0)
213: 425 429 (27.0)
214: 432 (23.0)
215: 427 430 433 (27.0)
216: 428 441 (36.0)
217: 434 435 (30.0)
218: 431 439 (32.0)
219: 436 437 (30.0)
220: 438 440 442 (40.0)
221: 444 445 (30.0)
222: 446 447 (30.0)
223: 448 449 (30.0)
224: 443 451 (28.0)
225: 454 456 460 (27.0)
226: 450 452 (30.0)
227: 453 459 (25.0)
228: 457 458 463 (28.0)
229: 455 470 (30.0)
230: 464 465 466 469 (45.0)
231: 461 472 (34.0)
232: 462 468 478 (30.0)
233: 467 473 474 476 (36.0)
234: 477 483 486 (28.0)
235: 471 482 484 485 (30.0)
236: 479 481 (29.0)
237: 475 480 494 (29.0)
238: 487 490 492 (23.0)
239: 489 495 497 (29.0)
240: 488 493 496 498 (25.0)
241: 491 499 (29.0)
