Name: 500-60-125
Time: 36.38998794555664 
Result: 105
Solution:  4 2 0 0 2 3 4 4 4 5 3 8 5 9 8 7 7 8 10 9 11 9 12 11 12 10 15 15 10 14 15 14 16 16 17 17 18 18 19 19 23 23 22 21 21 26 22 26 24 26 25 24 27 29 28 28 28 25 32 27 32 30 33 29 32 35 33 34 33 30 33 35 36 34 36 38 38 40 36 39 41 40 41 45 44 41 45 44 40 46 48 43 45 45 49 47 48 47 48 49 50 50 54 52 53 52 51 54 56 51 54 53 60 55 58 57 58 56 57 59 59 60 61 64 63 58 62 62 62 65 66 64 66 65 66 67 69 68 69 67 73 71 72 71 68 72 76 76 72 74 75 73 75 74 77 77 80 78 78 80 79 81 79 81 82 79 85 80 84 84 83 81 88 87 88 83 88 90 85 91 89 89 91 90 92 92 94 95 98 97 94 93 96 96 95 98 100 97 99 99 98 99 101 101 101 102 103 106 105 105 107 104 108 107 111 104 106 106 112 112 110 109 108 110 113 111 114 115 116 117 114 113 116 116 119 115 118 119 120 120 118 119 121 122 125 124 122 123 127 121 123 127 126 126 125 124 129 125 126 128 130 130 131 134 133 133 135 131 132 134 134 135 136 136 137 141 137 139 138 142 140 138 141 140 139 143 143 142 141 144 144 145 147 142 149 151 148 146 149 148 153 147 149 155 150 150 153 154 154 151 158 152 156 152 157 159 158 159 159 160 160 163 161 161 162 162 164 166 164 168 162 165 166 168 167 169 172 165 172 167 171 171 173 170 170 169 174 173 171 176 175 173 179 175 178 177 178 177 180 180 180 181 181 183 184 184 187 182 182 183 185 185 186 186 187 190 188 188 189 189 194 191 193 192 190 192 197 193 192 198 194 195 196 196 197 195 200 201 197 200 199 202 201 198 199 204 201 203 202 200 203 206 202 204 204 206 203 202 206 205 205 205 207 208 207 210 205 208 209 212 209 211 209 209 215 209 208 215 210 211 214 214 213 213 213 214 215 211 212 218 214 217 216 217 217 217 218 216 222 218 219 223 222 221 220 220 220 219 221 219 221 223 222 224 224 223 225 224 225 226 229 225 227 226 227 230 229 229 226 226 231 228 230 229 228 230 232 230 231 232
0: 2 3 (60.0)
1: (0.0)
2: 1 4 (58.0)
3: 5 10 (69.0)
4: 0 6 7 8 (112.0)
5: 9 12 (84.0)
6: (0.0)
7: 15 16 (77.0)
8: 11 14 17 (62.0)
9: 13 19 21 (78.0)
10: 18 25 28 (57.0)
11: 20 23 (69.0)
12: 22 24 (73.0)
13: (0.0)
14: 29 31 (111.0)
15: 26 27 30 (68.0)
16: 32 33 (63.0)
17: 34 35 (63.0)
18: 36 37 (63.0)
19: 38 39 (63.0)
20: (0.0)
21: 43 44 (44.0)
22: 42 46 (93.0)
23: 40 41 (64.0)
24: 48 51 (62.0)
25: 50 57 (87.0)
26: 45 47 49 (75.0)
27: 52 59 (81.0)
28: 54 55 56 (93.0)
29: 53 63 (74.0)
30: 61 69 (111.0)
31: (0.0)
32: 58 60 64 (50.0)
33: 62 66 68 70 (69.0)
34: 67 73 (100.0)
35: 65 71 (106.0)
36: 72 74 78 (84.0)
37: (0.0)
38: 75 76 (66.0)
39: 79 (48.0)
40: 77 81 88 (80.0)
41: 80 82 85 (75.0)
42: (0.0)
43: 91 (61.0)
44: 84 87 (100.0)
45: 83 86 92 93 (121.0)
46: 89 (61.0)
47: 95 97 (78.0)
48: 90 96 98 (82.0)
49: 94 99 (64.0)
50: 100 101 (72.0)
51: 106 109 (82.0)
52: 103 105 (102.0)
53: 104 111 (86.0)
54: 102 107 110 (64.0)
55: 113 (65.0)
56: 108 117 (68.0)
57: 115 118 (96.0)
58: 114 116 125 (71.0)
59: 119 120 (60.0)
60: 112 121 (62.0)
61: 122 (62.0)
62: 126 127 128 (124.0)
63: 124 (60.0)
64: 123 131 (66.0)
65: 129 133 (77.0)
66: 130 132 134 (77.0)
67: 135 139 (86.0)
68: 137 144 (121.0)
69: 136 138 (80.0)
70: (0.0)
71: 141 143 (95.0)
72: 142 145 148 (73.0)
73: 140 151 (85.0)
74: 149 153 (92.0)
75: 150 152 (75.0)
76: 146 147 (81.0)
77: 154 155 (82.0)
78: 157 158 (115.0)
79: 160 162 165 (125.0)
80: 156 159 167 (72.0)
81: 161 163 171 (87.0)
82: 164 (63.0)
83: 170 175 (119.0)
84: 168 169 (84.0)
85: 166 178 (113.0)
86: (0.0)
87: 173 (55.0)
88: 172 174 176 (80.0)
89: 180 181 (85.0)
90: 177 183 (113.0)
91: 179 182 (60.0)
92: 184 185 (85.0)
93: 191 (62.0)
94: 186 190 (73.0)
95: 187 194 (87.0)
96: 192 193 (86.0)
97: 189 197 (98.0)
98: 188 195 200 (114.0)
99: 198 199 201 (111.0)
100: 196 (67.0)
101: 202 203 204 (113.0)
102: 205 (67.0)
103: 206 (75.0)
104: 211 215 (96.0)
105: 208 209 (90.0)
106: 207 216 217 (106.0)
107: 210 213 (104.0)
108: 212 222 (62.0)
109: 221 (73.0)
110: 220 223 (80.0)
111: 214 225 (80.0)
112: 218 219 (91.0)
113: 224 231 (88.0)
114: 226 230 (115.0)
115: 227 235 (114.0)
116: 228 232 233 (119.0)
117: 229 (66.0)
118: 236 240 (87.0)
119: 234 237 241 (112.0)
120: 238 239 (93.0)
121: 242 249 (95.0)
122: 243 246 (112.0)
123: 247 250 (62.0)
124: 245 255 (101.0)
125: 244 254 257 (101.0)
126: 252 253 258 (122.0)
127: 248 251 (111.0)
128: 259 (72.0)
129: 256 (87.0)
130: 260 261 (98.0)
131: 262 267 (87.0)
132: 268 (82.0)
133: 264 265 (98.0)
134: 263 269 270 (120.0)
135: 266 271 (103.0)
136: 272 273 (98.0)
137: 274 276 (81.0)
138: 278 281 (101.0)
139: 277 284 (119.0)
140: 280 283 (125.0)
141: 275 282 288 (114.0)
142: 279 287 293 (122.0)
143: 285 286 (100.0)
144: 289 290 (124.0)
145: 291 (75.0)
146: 297 (80.0)
147: 292 301 (71.0)
148: 296 299 (89.0)
149: 294 298 302 (122.0)
150: 304 305 (102.0)
151: 295 309 (95.0)
152: 311 313 (57.0)
153: 300 306 (105.0)
154: 307 308 (127.0)
155: 303 (62.0)
156: 312 (60.0)
157: 314 (93.0)
158: 310 316 (106.0)
159: 315 317 318 (124.0)
160: 319 320 (84.0)
161: 322 323 (105.0)
162: 324 325 330 (137.0)
163: 321 (102.0)
164: 326 328 (125.0)
165: 331 337 (115.0)
166: 327 332 (103.0)
167: 334 339 (109.0)
168: 329 333 (90.0)
169: 335 345 (123.0)
170: 343 344 (109.0)
171: 340 341 348 (119.0)
172: 336 338 (99.0)
173: 342 347 351 (136.0)
174: 346 (87.0)
175: 350 353 (73.0)
176: 349 (96.0)
177: 355 357 (114.0)
178: 354 356 (104.0)
179: 352 (86.0)
180: 358 359 360 (137.0)
181: 361 362 (119.0)
182: 367 368 (116.0)
183: 363 369 (141.0)
184: 364 365 (110.0)
185: 370 371 (111.0)
186: 372 373 (111.0)
187: 366 374 (108.0)
188: 376 377 (111.0)
189: 378 379 (111.0)
190: 375 384 (80.0)
191: 381 (92.0)
192: 383 385 388 (124.0)
193: 382 387 (142.0)
194: 380 390 (112.0)
195: 391 395 (115.0)
196: 392 393 (113.0)
197: 386 394 398 (111.0)
198: 389 403 (125.0)
199: 400 404 (113.0)
200: 396 399 409 (116.0)
201: 397 402 406 (123.0)
202: 401 408 412 417 (123.0)
203: 407 410 416 (134.0)
204: 405 413 414 (125.0)
205: 419 420 421 426 (119.0)
206: 411 415 418 (122.0)
207: 422 424 (117.0)
208: 423 427 436 (116.0)
209: 428 430 432 433 435 (122.0)
210: 425 438 (117.0)
211: 431 439 447 (119.0)
212: 429 448 (122.0)
213: 442 443 444 (135.0)
214: 440 441 445 450 (128.0)
215: 434 437 446 (118.0)
216: 452 457 (113.0)
217: 451 453 454 455 (123.0)
218: 449 456 459 (122.0)
219: 460 467 469 (149.0)
220: 464 465 466 (123.0)
221: 463 468 470 (124.0)
222: 458 462 472 (123.0)
223: 461 471 475 (124.0)
224: 473 474 477 (122.0)
225: 476 478 481 (125.0)
226: 479 483 488 489 (125.0)
227: 482 484 (123.0)
228: 491 494 (108.0)
229: 480 486 487 493 (119.0)
230: 485 492 495 497 (117.0)
231: 490 498 (108.0)
232: 496 499 (128.0)
