Name: 500-30-50
Time: 36.116371393203735 
Result: 57
Solution:  0 4 1 0 0 5 1 3 3 4 9 8 6 10 5 11 6 8 9 12 12 6 11 14 13 10 13 16 10 15 17 16 14 15 16 19 20 17 19 18 16 22 18 20 24 22 25 23 26 23 26 25 27 26 24 27 28 28 29 29 31 30 32 29 31 30 34 32 33 33 36 31 34 37 37 38 38 36 41 39 38 43 40 43 44 39 40 41 42 45 44 45 45 46 49 48 48 46 49 47 50 50 52 52 55 54 49 51 53 55 51 54 54 56 53 53 58 53 54 58 56 54 61 57 57 59 57 60 59 60 60 61 63 61 59 62 64 59 66 63 62 66 65 67 66 65 64 64 68 65 64 66 69 66 68 69 69 67 72 70 71 70 70 71 72 72 73 71 73 73 74 75 76 77 76 74 77 76 80 79 75 75 77 77 78 78 82 80 84 80 81 80 81 83 82 86 85 86 86 79 84 81 82 83 84 82 85 86 84 86 84 87 88 84 88 88 91 87 90 86 89 89 91 94 90 91 91 92 93 93 94 95 92 94 94 95 99 93 96 97 95 99 98 96 97 97 100 100 96 102 99 103 99 100 101 104 101 103 101 102 103 107 104 106 105 104 104 106 102 105 107 109 111 112 108 108 107 109 111 107 110 110 112 113 109 110 113 115 114 112 117 116 112 116 114 114 117 114 115 121 117 118 118 118 122 116 119 119 120 117 120 120 123 121 119 118 123 122 125 121 123 123 126 124 127 126 125 124 126 127 127 126 128 130 129 129 131 129 130 132 128 134 134 131 130 132 132 132 133 133 130 133 134 135 136 135 136 138 136 139 134 137 141 137 137 141 139 140 142 141 138 139 138 142 142 142 144 143 142 140 145 143 144 144 146 145 145 147 147 146 146 147 148 147 145 148 150 149 152 147 150 154 152 151 150 151 152 152 154 151 153 154 153 157 155 155 155 156 156 156 157 158 156 159 159 160 161 160 159 163 158 162 161 157 162 162 165 163 164 167 165 161 166 165 169 166 163 167 166 170 167 168 170 169 164 168 169 170 174 168 171 173 172 167 173 171 176 175 173 169 174 173 172 176 178 171 177 175 172 175 177 178 180 179 179 183 179 178 177 182 179 181 181 181 182 182 183 183 183 180
0: 0 3 4 (25.0)
1: 2 6 (35.0)
2: (0.0)
3: 7 8 (28.0)
4: 1 9 (45.0)
5: 5 14 (26.0)
6: 12 16 21 (34.0)
7: (0.0)
8: 11 17 (41.0)
9: 10 18 (31.0)
10: 13 25 28 (37.0)
11: 15 22 (33.0)
12: 19 20 (33.0)
13: 24 26 (43.0)
14: 23 32 (43.0)
15: 29 33 (30.0)
16: 27 31 34 40 (26.0)
17: 30 37 (45.0)
18: 39 42 (32.0)
19: 35 38 (49.0)
20: 36 43 (24.0)
21: (0.0)
22: 41 45 (41.0)
23: 47 49 (39.0)
24: 44 54 (24.0)
25: 46 51 (37.0)
26: 48 50 53 (33.0)
27: 52 55 (44.0)
28: 56 57 (33.0)
29: 58 59 63 (44.0)
30: 61 65 (46.0)
31: 60 64 71 (45.0)
32: 62 67 (45.0)
33: 68 69 (33.0)
34: 66 72 (34.0)
35: (0.0)
36: 70 77 (31.0)
37: 73 74 (36.0)
38: 75 76 80 (26.0)
39: 79 85 (48.0)
40: 82 86 (42.0)
41: 78 87 (27.0)
42: 88 (29.0)
43: 81 83 (35.0)
44: 84 90 (34.0)
45: 89 91 92 (28.0)
46: 93 97 (46.0)
47: 99 (31.0)
48: 95 96 (35.0)
49: 94 98 106 (31.0)
50: 100 101 (35.0)
51: 107 110 (34.0)
52: 102 103 (35.0)
53: 108 114 115 117 (25.0)
54: 105 111 112 118 121 (30.0)
55: 104 109 (33.0)
56: 113 120 (42.0)
57: 123 124 126 (28.0)
58: 116 119 (33.0)
59: 125 128 134 137 (34.0)
60: 127 129 130 (48.0)
61: 122 131 133 (36.0)
62: 135 140 (32.0)
63: 132 139 (40.0)
64: 136 146 147 150 (31.0)
65: 142 145 149 (44.0)
66: 138 141 144 151 153 (36.0)
67: 143 157 (30.0)
68: 148 154 (36.0)
69: 152 155 156 (44.0)
70: 159 161 162 (48.0)
71: 160 163 167 (30.0)
72: 158 164 165 (35.0)
73: 166 168 169 (35.0)
74: 170 175 (24.0)
75: 171 180 181 (17.0)
76: 172 174 177 (41.0)
77: 173 176 182 183 (41.0)
78: 184 185 (47.0)
79: 179 199 (50.0)
80: 178 187 189 191 (49.0)
81: 190 192 201 (49.0)
82: 186 194 202 205 (46.0)
83: 193 203 (40.0)
84: 188 200 204 208 210 213 (32.0)
85: 196 206 (53.0)
86: 195 197 198 207 209 219 (35.0)
87: 211 217 (36.0)
88: 212 214 215 (46.0)
89: 220 221 (51.0)
90: 218 224 (30.0)
91: 216 222 225 226 (34.0)
92: 227 232 (42.0)
93: 228 229 237 (33.0)
94: 223 230 233 234 (24.0)
95: 231 235 240 (48.0)
96: 238 243 248 (32.0)
97: 239 244 245 (45.0)
98: 242 (23.0)
99: 236 241 250 252 (50.0)
100: 246 247 253 (50.0)
101: 254 256 258 (33.0)
102: 249 259 268 (46.0)
103: 251 257 260 (50.0)
104: 255 262 265 266 (34.0)
105: 264 269 (32.0)
106: 263 267 (33.0)
107: 261 270 276 279 (41.0)
108: 274 275 (44.0)
109: 271 277 284 (30.0)
110: 280 281 285 (35.0)
111: 272 278 (36.0)
112: 273 282 289 292 (40.0)
113: 283 286 (49.0)
114: 288 294 295 297 (25.0)
115: 287 298 (48.0)
116: 291 293 305 (47.0)
117: 290 296 300 309 (50.0)
118: 301 302 303 315 (46.0)
119: 306 307 314 (50.0)
120: 308 310 311 (49.0)
121: 299 313 319 (48.0)
122: 304 317 (43.0)
123: 312 316 320 321 (45.0)
124: 323 327 (38.0)
125: 318 326 (35.0)
126: 322 325 328 331 (46.0)
127: 324 329 330 (42.0)
128: 332 340 (50.0)
129: 334 335 337 (50.0)
130: 333 338 344 350 (44.0)
131: 336 343 (43.0)
132: 339 345 346 347 (46.0)
133: 348 349 351 (45.0)
134: 341 342 352 360 (44.0)
135: 353 355 (43.0)
136: 354 356 358 (37.0)
137: 361 363 364 (47.0)
138: 357 370 372 (50.0)
139: 359 366 371 (58.0)
140: 367 379 (35.0)
141: 362 365 369 (38.0)
142: 368 373 374 375 378 (47.0)
143: 377 381 (51.0)
144: 376 382 383 (48.0)
145: 380 385 386 394 (42.0)
146: 384 389 390 (47.0)
147: 387 388 391 393 399 (51.0)
148: 392 395 (47.0)
149: 397 (29.0)
150: 396 400 404 (45.0)
151: 403 405 409 (50.0)
152: 398 402 406 407 (48.0)
153: 410 412 (42.0)
154: 401 408 411 (48.0)
155: 414 415 416 (48.0)
156: 417 418 419 422 (49.0)
157: 413 420 433 (51.0)
158: 421 430 (50.0)
159: 423 424 428 (48.0)
160: 425 427 (33.0)
161: 426 432 441 (42.0)
162: 431 434 435 (49.0)
163: 429 437 446 (47.0)
164: 438 454 (50.0)
165: 436 440 443 (49.0)
166: 442 445 448 (48.0)
167: 439 447 450 463 (48.0)
168: 451 455 459 (47.0)
169: 444 453 456 469 (46.0)
170: 449 452 457 (48.0)
171: 460 465 475 (45.0)
172: 462 472 478 (55.0)
173: 461 464 468 471 (74.0)
174: 458 470 (49.0)
175: 467 477 479 (50.0)
176: 466 473 (53.0)
177: 476 480 488 (48.0)
178: 474 481 487 (47.0)
179: 483 484 486 490 (47.0)
180: 482 499 (49.0)
181: 491 492 493 (50.0)
182: 489 494 495 (53.0)
183: 485 496 497 498 (49.0)
