Name: 500-20-30
Time: 20.6066792011261 
Result: 240040
Solution:  1 0 0 5 1 4 2 3 2 5 7 4 3 7 5 9 9 8 5 10 9 11 9 11 14 12 16 13 12 15 15 14 12 13 16 15 17 18 21 17 20 20 22 23 22 18 22 21 23 22 25 26 25 25 28 27 27 26 30 29 30 27 28 29 29 34 36 34 34 35 33 33 35 34 38 36 41 38 39 38 43 39 40 41 45 43 39 41 40 43 44 45 46 46 44 50 48 49 49 50 51 48 52 53 53 52 54 51 56 54 55 55 57 53 58 60 59 59 61 56 60 61 61 57 62 63 62 63 64 65 66 67 68 66 70 70 67 64 70 69 72 71 72 71 69 68 73 77 75 75 73 77 76 79 79 76 78 80 79 78 78 82 82 81 82 81 83 84 86 85 88 85 83 86 84 87 86 91 87 90 88 91 89 93 96 93 92 95 95 93 94 97 96 95 97 97 98 100 102 98 101 100 103 100 99 101 104 105 104 103 104 105 106 107 111 108 106 107 110 109 108 110 112 110 115 114 114 112 113 114 111 116 116 117 115 118 117 118 120 119 120 121 119 121 123 123 122 125 124 126 122 124 126 125 126 127 130 128 130 128 132 133 129 130 131 131 132 133 134 136 135 137 136 133 134 138 142 138 137 137 141 140 140 139 146 141 142 145 143 144 144 143 149 148 145 151 147 147 149 149 150 150 148 152 151 152 152 153 158 154 154 155 159 154 156 157 155 156 160 159 157 163 162 161 160 162 163 166 162 164 166 165 169 165 167 167 168 168 170 165 169 172 171 171 170 172 174 172 174 173 173 175 176 178 176 175 177 179 181 178 182 181 179 180 182 183 180 183 184 187 185 186 185 188 187 191 186 187 189 188 189 192 190 190 191 189 193 195 192 193 195 196 197 194 194 200 200 198 199 199 196 201 199 198 203 204 203 202 204 201 206 206 205 205 207 208 207 207 209 210 210 209 210 212 212 212 213 213 211 214 215 215 214 218 216 216 217 218 219 219 220 218 220 225 222 218 223 223 224 221 227 228 227 224 226 229 224 228 228 228 224 226 232 232 231 231 230 233 233 229 234 236 232 230 235 234 234 236 234 238 235 233 235 236 234 237 235 236 237 240 237 240 239 238 239 237 237 241 241 241
0: 1 2 (21.0)
1: 0 4 (24.0)
2: 6 8 (20.0)
3: 7 12 (23.0)
4: 5 11 (19.0)
5: 3 9 14 18 (23.0)
6: (0.0)
7: 10 13 (23.0)
8: 17 (18.0)
9: 15 16 20 22 (28.0)
10: 19 (13.0)
11: 21 23 (28.0)
12: 25 28 32 (21.0)
13: 27 33 (19.0)
14: 24 31 (27.0)
15: 29 30 35 (34.0)
16: 26 34 (19.0)
17: 36 39 (18.0)
18: 37 45 (24.0)
19: (0.0)
20: 40 41 (20.0)
21: 38 47 (36.0)
22: 42 44 46 49 (21.0)
23: 43 48 (24.0)
24: (0.0)
25: 50 52 53 (29.0)
26: 51 57 (22.0)
27: 55 56 61 (21.0)
28: 54 62 (27.0)
29: 59 63 64 (37.0)
30: 58 60 (29.0)
31: (0.0)
32: (0.0)
33: 70 71 (21.0)
34: 65 67 68 73 (21.0)
35: 69 72 (30.0)
36: 66 75 (27.0)
37: (0.0)
38: 74 77 79 (28.0)
39: 78 81 86 (38.0)
40: 82 88 (36.0)
41: 76 83 87 (25.0)
42: (0.0)
43: 80 85 89 (19.0)
44: 90 94 (21.0)
45: 84 91 (15.0)
46: 92 93 (22.0)
47: (0.0)
48: 96 101 (22.0)
49: 97 98 (22.0)
50: 95 99 (28.0)
51: 100 107 (24.0)
52: 102 105 (25.0)
53: 103 104 113 (29.0)
54: 106 109 (23.0)
55: 110 111 (22.0)
56: 108 119 (28.0)
57: 112 123 (28.0)
58: 114 (4.0)
59: 116 117 (22.0)
60: 115 120 (29.0)
61: 118 121 122 (21.0)
62: 124 126 (21.0)
63: 125 127 (23.0)
64: 128 137 (14.0)
65: 129 (20.0)
66: 130 133 (21.0)
67: 131 136 (25.0)
68: 132 145 (20.0)
69: 139 144 (27.0)
70: 134 135 138 (27.0)
71: 141 143 (24.0)
72: 140 142 (20.0)
73: 146 150 (26.0)
74: (0.0)
75: 148 149 (22.0)
76: 152 155 (34.0)
77: 147 151 (19.0)
78: 156 159 160 (25.0)
79: 153 154 158 (25.0)
80: 157 (20.0)
81: 163 165 (27.0)
82: 161 162 164 (30.0)
83: 166 172 (23.0)
84: 167 174 (34.0)
85: 169 171 (26.0)
86: 168 173 176 (24.0)
87: 175 178 (20.0)
88: 170 180 (22.0)
89: 182 (20.0)
90: 179 (7.0)
91: 177 181 (28.0)
92: 186 (20.0)
93: 183 185 189 (20.0)
94: 190 (21.0)
95: 187 188 193 (25.0)
96: 184 192 (30.0)
97: 191 194 195 (26.0)
98: 196 199 (22.0)
99: 204 (20.0)
100: 197 201 203 (16.0)
101: 200 205 (26.0)
102: 198 (20.0)
103: 202 209 (29.0)
104: 206 208 210 (25.0)
105: 207 211 (34.0)
106: 212 216 (20.0)
107: 213 217 (28.0)
108: 215 220 (30.0)
109: 219 (14.0)
110: 218 221 223 (33.0)
111: 214 230 (22.0)
112: 222 227 (24.0)
113: 228 (21.0)
114: 225 226 229 (23.0)
115: 224 234 (24.0)
116: 231 232 (20.0)
117: 233 236 (22.0)
118: 235 237 (31.0)
119: 239 242 (19.0)
120: 238 240 (26.0)
121: 241 243 (29.0)
122: 246 250 (29.0)
123: 244 245 (25.0)
124: 248 251 (21.0)
125: 247 253 (32.0)
126: 249 252 254 (21.0)
127: 255 (22.0)
128: 257 259 (24.0)
129: 262 (23.0)
130: 256 258 263 (28.0)
131: 264 265 (25.0)
132: 260 266 (26.0)
133: 261 267 273 (30.0)
134: 268 274 (21.0)
135: 270 (22.0)
136: 269 272 (30.0)
137: 271 278 279 (28.0)
138: 275 277 (32.0)
139: 283 (20.0)
140: 281 282 (16.0)
141: 280 285 (16.0)
142: 276 286 (29.0)
143: 288 291 (27.0)
144: 289 290 (25.0)
145: 287 294 (21.0)
146: 284 (23.0)
147: 296 297 (26.0)
148: 293 302 (30.0)
149: 292 298 299 (37.0)
150: 300 301 (26.0)
151: 295 304 (28.0)
152: 303 305 306 (28.0)
153: 307 (20.0)
154: 309 310 313 (22.0)
155: 311 316 (33.0)
156: 314 317 (25.0)
157: 315 320 (20.0)
158: 308 (22.0)
159: 312 319 (33.0)
160: 318 324 (31.0)
161: 323 (25.0)
162: 322 325 328 (14.0)
163: 321 326 (30.0)
164: 329 (24.0)
165: 331 333 339 (33.0)
166: 327 330 (31.0)
167: 334 335 (27.0)
168: 336 337 (27.0)
169: 332 340 (33.0)
170: 338 344 (30.0)
171: 342 343 (27.0)
172: 341 345 347 (30.0)
173: 349 350 (24.0)
174: 346 348 (32.0)
175: 351 355 (30.0)
176: 352 354 (30.0)
177: 356 (20.0)
178: 353 359 (28.0)
179: 357 362 (27.0)
180: 363 366 (25.0)
181: 358 361 (35.0)
182: 360 364 (23.0)
183: 365 367 (26.0)
184: 368 (21.0)
185: 370 372 (25.0)
186: 371 376 (35.0)
187: 369 374 377 (25.0)
188: 373 379 (31.0)
189: 378 380 385 (33.0)
190: 382 383 (28.0)
191: 375 384 (36.0)
192: 381 388 (30.0)
193: 386 389 (33.0)
194: 393 394 (24.0)
195: 387 390 (23.0)
196: 391 400 (30.0)
197: 392 (28.0)
198: 397 403 (29.0)
199: 398 399 402 (35.0)
200: 395 396 (29.0)
201: 401 409 (26.0)
202: 407 (21.0)
203: 404 406 (27.0)
204: 405 408 (29.0)
205: 412 413 (29.0)
206: 410 411 (29.0)
207: 414 416 417 (35.0)
208: 415 (23.0)
209: 418 421 (29.0)
210: 419 420 422 (44.0)
211: 428 (26.0)
212: 423 424 425 (43.0)
213: 426 427 (29.0)
214: 429 432 (27.0)
215: 430 431 (30.0)
216: 434 435 (30.0)
217: 436 (28.0)
218: 433 437 441 445 (28.0)
219: 438 439 (30.0)
220: 440 442 (25.0)
221: 449 (28.0)
222: 444 (21.0)
223: 446 447 (30.0)
224: 448 453 456 460 (26.0)
225: 443 (25.0)
226: 454 461 (30.0)
227: 450 452 (30.0)
228: 451 457 458 459 (30.0)
229: 455 469 (36.0)
230: 466 473 (31.0)
231: 464 465 (21.0)
232: 462 463 472 (34.0)
233: 467 468 481 (24.0)
234: 470 475 476 478 484 (42.0)
235: 474 480 482 486 (30.0)
236: 471 477 483 487 (29.0)
237: 485 488 490 495 496 (30.0)
238: 479 493 (27.0)
239: 492 494 (30.0)
240: 489 491 (32.0)
241: 497 498 499 (30.0)
