Name: 500-20-30
Time: 36.68068027496338 
Result: 33
Solution:  2 0 1 5 0 0 3 4 4 5 3 2 3 9 5 10 8 8 9 10 12 11 14 11 13 12 14 12 14 16 15 15 13 19 20 16 17 18 22 17 19 20 21 24 21 18 23 23 24 21 25 27 26 26 25 30 31 27 29 30 33 26 33 29 28 30 34 35 35 36 31 35 36 35 37 37 41 34 39 38 42 38 39 41 44 43 42 44 40 41 45 43 46 46 43 50 48 49 47 47 52 48 51 51 50 52 53 49 56 53 54 54 58 55 58 59 59 61 61 56 60 62 61 60 62 62 63 63 64 64 66 69 66 67 66 67 68 68 70 70 72 70 73 71 69 71 73 75 78 74 74 75 76 75 78 76 78 80 77 82 77 81 80 82 81 83 83 84 83 86 88 84 88 86 87 91 87 89 90 91 89 91 92 90 93 95 94 95 93 95 96 94 97 95 98 97 98 99 99 99 100 102 101 101 104 103 103 106 102 103 105 105 108 107 111 108 106 107 110 109 110 109 114 109 115 115 112 112 111 112 113 113 117 114 117 116 118 118 119 122 119 120 119 121 124 123 120 124 125 125 128 122 126 126 124 127 130 128 129 130 129 132 133 127 132 134 134 133 136 138 131 137 135 137 137 138 141 139 139 136 140 141 137 142 144 144 143 139 140 143 145 145 147 146 146 147 148 147 149 149 150 152 151 152 150 151 152 153 158 158 157 154 155 155 154 157 159 156 160 156 159 161 162 164 165 160 162 166 162 163 161 166 167 166 168 167 165 168 169 170 169 170 173 171 176 172 173 172 174 174 172 177 175 178 181 175 180 177 179 179 184 181 178 180 182 183 182 183 184 186 189 187 185 185 186 188 187 186 191 188 191 193 191 189 195 190 193 192 190 195 192 196 197 194 194 200 201 196 200 199 198 198 200 203 202 204 200 205 205 202 206 206 205 204 207 207 208 209 208 209 211 210 210 211 211 212 213 213 214 214 217 218 216 216 218 215 219 217 217 218 220 220 220 221 222 225 221 222 223 223 227 224 227 225 224 229 225 225 226 224 226 226 232 228 228 231 229 231 234 230 234 233 230 231 235 232 236 237 232 236 236 237 235 233 235 237 233 240 238 240 234 239 241 238 241 238 240 239 240 238
0: 1 4 5 (26.0)
1: 2 (15.0)
2: 0 11 (23.0)
3: 6 10 12 (24.0)
4: 7 8 (30.0)
5: 3 9 14 (16.0)
6: (0.0)
7: (0.0)
8: 16 17 (20.0)
9: 13 18 (19.0)
10: 15 19 (27.0)
11: 21 23 (28.0)
12: 20 25 27 (17.0)
13: 24 32 (28.0)
14: 22 26 28 (25.0)
15: 30 31 (20.0)
16: 29 35 (24.0)
17: 36 39 (18.0)
18: 37 45 (24.0)
19: 33 40 (24.0)
20: 34 41 (14.0)
21: 42 44 49 (19.0)
22: 38 (17.0)
23: 46 47 (21.0)
24: 43 48 (24.0)
25: 50 54 (25.0)
26: 52 53 61 (26.0)
27: 51 57 (22.0)
28: 64 (18.0)
29: 58 63 (24.0)
30: 55 59 65 (15.0)
31: 56 70 (28.0)
32: (0.0)
33: 60 62 (26.0)
34: 66 77 (25.0)
35: 67 68 71 73 (23.0)
36: 69 72 (30.0)
37: 74 75 (21.0)
38: 79 81 (23.0)
39: 78 82 (28.0)
40: 88 (20.0)
41: 76 83 89 (18.0)
42: 80 86 (19.0)
43: 85 91 94 (17.0)
44: 84 87 (20.0)
45: 90 (18.0)
46: 92 93 (22.0)
47: 98 99 (22.0)
48: 96 101 (22.0)
49: 97 107 (20.0)
50: 95 104 (30.0)
51: 102 103 (22.0)
52: 100 105 (24.0)
53: 106 109 (23.0)
54: 110 111 (22.0)
55: 113 (10.0)
56: 108 119 (28.0)
57: (0.0)
58: 112 114 (16.0)
59: 115 116 (30.0)
60: 120 123 (27.0)
61: 117 118 122 (20.0)
62: 121 124 125 (33.0)
63: 126 127 (22.0)
64: 128 129 (22.0)
65: (0.0)
66: 130 132 134 (23.0)
67: 133 135 (28.0)
68: 136 137 (22.0)
69: 131 144 (25.0)
70: 138 139 141 (28.0)
71: 143 145 (30.0)
72: 140 (16.0)
73: 142 146 (18.0)
74: 149 150 (25.0)
75: 147 151 153 (25.0)
76: 152 155 (34.0)
77: 158 160 (25.0)
78: 148 154 156 (18.0)
79: (0.0)
80: 157 162 (26.0)
81: 161 164 (24.0)
82: 159 163 (27.0)
83: 165 166 168 (28.0)
84: 167 171 (28.0)
85: (0.0)
86: 169 173 (21.0)
87: 174 176 (25.0)
88: 170 172 (25.0)
89: 177 180 (29.0)
90: 178 183 (19.0)
91: 175 179 181 (22.0)
92: 182 (20.0)
93: 184 188 (29.0)
94: 186 191 (22.0)
95: 185 187 189 193 (27.0)
96: 190 (21.0)
97: 192 195 (28.0)
98: 194 196 (30.0)
99: 197 198 199 (30.0)
100: 200 (22.0)
101: 202 203 (24.0)
102: 201 208 (13.0)
103: 205 206 209 (21.0)
104: 204 (20.0)
105: 210 211 (24.0)
106: 207 216 (29.0)
107: 213 217 (28.0)
108: 212 215 (27.0)
109: 219 221 223 (37.0)
110: 218 220 (24.0)
111: 214 228 (29.0)
112: 226 227 229 (27.0)
113: 230 231 (24.0)
114: 222 233 (25.0)
115: 224 225 (24.0)
116: 235 (15.0)
117: 232 234 (19.0)
118: 236 237 (24.0)
119: 238 240 242 (30.0)
120: 241 246 (20.0)
121: 243 (21.0)
122: 239 251 (23.0)
123: 245 (20.0)
124: 244 247 254 (21.0)
125: 248 249 (25.0)
126: 252 253 (25.0)
127: 255 263 (24.0)
128: 250 257 (32.0)
129: 258 260 (23.0)
130: 256 259 (19.0)
131: 270 (22.0)
132: 261 264 (29.0)
133: 262 267 (29.0)
134: 265 266 (33.0)
135: 272 (19.0)
136: 268 279 (31.0)
137: 271 273 274 282 (21.0)
138: 269 275 (29.0)
139: 277 278 287 (30.0)
140: 280 288 (28.0)
141: 276 281 (22.0)
142: 283 (20.0)
143: 286 289 (30.0)
144: 284 285 (25.0)
145: 290 291 (26.0)
146: 293 294 (28.0)
147: 292 295 297 (27.0)
148: 296 (23.0)
149: 298 299 (26.0)
150: 300 304 (31.0)
151: 302 305 (26.0)
152: 301 303 306 (27.0)
153: 307 (20.0)
154: 311 314 (32.0)
155: 312 313 (26.0)
156: 317 319 (22.0)
157: 310 315 (20.0)
158: 308 309 (26.0)
159: 316 320 (29.0)
160: 318 325 (22.0)
161: 321 330 (34.0)
162: 322 326 328 (19.0)
163: 329 (24.0)
164: 323 (25.0)
165: 324 336 (33.0)
166: 327 331 333 (29.0)
167: 332 335 (34.0)
168: 334 337 (25.0)
169: 338 340 (23.0)
170: 339 341 (31.0)
171: 343 (25.0)
172: 345 347 350 (24.0)
173: 342 346 (22.0)
174: 348 349 (28.0)
175: 352 355 (22.0)
176: 344 (20.0)
177: 351 357 (28.0)
178: 353 362 (35.0)
179: 358 359 (28.0)
180: 356 363 (29.0)
181: 354 361 (37.0)
182: 364 366 (30.0)
183: 365 367 (26.0)
184: 360 368 (30.0)
185: 372 373 (28.0)
186: 369 374 377 (25.0)
187: 371 376 (35.0)
188: 375 379 (35.0)
189: 370 383 (26.0)
190: 385 388 (23.0)
191: 378 380 382 (36.0)
192: 387 390 (23.0)
193: 381 386 (35.0)
194: 393 394 (24.0)
195: 384 389 (33.0)
196: 391 397 (23.0)
197: 392 (28.0)
198: 400 401 (29.0)
199: 399 (24.0)
200: 395 398 402 406 (25.0)
201: 396 (23.0)
202: 404 409 (29.0)
203: 403 (23.0)
204: 405 413 (36.0)
205: 407 408 412 (43.0)
206: 410 411 (29.0)
207: 414 415 (29.0)
208: 416 418 (29.0)
209: 417 419 (29.0)
210: 421 422 (34.0)
211: 420 423 424 (30.0)
212: 425 (23.0)
213: 426 427 (29.0)
214: 428 429 (30.0)
215: 435 (27.0)
216: 432 433 (30.0)
217: 430 437 438 (30.0)
218: 431 434 439 (35.0)
219: 436 (28.0)
220: 440 441 442 (35.0)
221: 443 446 (34.0)
222: 444 447 (42.0)
223: 448 449 (30.0)
224: 451 454 459 (31.0)
225: 445 453 456 457 (30.0)
226: 458 460 461 (32.0)
227: 450 452 (30.0)
228: 463 464 (33.0)
229: 455 466 (30.0)
230: 469 472 (34.0)
231: 465 467 473 (30.0)
232: 462 475 478 (25.0)
233: 471 483 486 (24.0)
234: 468 470 490 (25.0)
235: 474 482 484 (23.0)
236: 476 479 480 (25.0)
237: 477 481 485 (24.0)
238: 488 493 495 499 (28.0)
239: 491 497 (30.0)
240: 487 489 496 498 (35.0)
241: 492 494 (30.0)
