Name: 500-40-75
Time: 18.562190294265747 
Result: 133059
Solution:  2 0 1 3 2 4 3 0 1 7 9 4 4 6 8 7 7 9 10 6 12 10 8 11 13 11 10 16 12 14 14 18 13 19 17 13 17 16 18 21 19 21 22 20 25 23 23 21 20 26 22 25 26 26 29 28 25 27 29 28 28 30 32 30 32 31 34 33 32 33 34 36 35 38 36 37 40 37 38 42 39 42 41 41 40 42 43 43 48 45 46 45 47 45 45 46 47 50 49 47 49 52 52 51 51 55 54 53 54 57 55 56 57 58 55 59 54 61 59 59 58 60 61 58 64 62 60 62 65 64 65 66 66 67 65 69 68 68 67 69 71 68 69 72 75 71 73 75 72 74 74 75 77 79 77 79 78 76 78 78 81 81 80 80 85 84 85 86 83 86 82 83 89 87 86 85 92 88 87 90 88 89 94 88 88 91 91 91 92 95 93 93 92 93 95 90 94 95 96 99 97 99 98 96 94 98 95 98 100 100 95 98 97 99 102 102 101 101 104 102 101 103 99 107 104 105 103 104 104 103 106 106 106 110 107 110 105 109 106 109 110 108 108 113 109 111 110 112 113 115 114 115 110 112 114 113 110 111 112 112 116 112 119 120 114 117 117 116 118 119 119 118 120 119 121 117 117 123 122 121 124 122 123 122 125 124 124 121 127 125 129 123 125 127 128 127 128 129 129 128 129 126 130 129 130 131 131 131 133 132 134 133 131 136 132 135 130 133 136 132 136 137 135 135 140 137 138 138 138 141 140 139 140 141 139 141 142 143 142 143 142 144 144 143 144 143 146 146 145 142 145 145 146 145 147 147 149 151 147 149 148 149 150 149 150 148 152 153 152 151 150 151 153 156 155 152 153 154 154 154 155 155 157 153 159 158 158 157 156 156 158 159 159 161 160 162 162 163 160 161 163 164 164 164 161 163 160 168 166 165 167 167 167 165 166 165 168 166 168 171 169 171 170 170 169 172 171 174 170 170 173 172 173 175 175 173 178 174 175 171 179 174 176 176 177 175 180 181 178 179 177 176 181 181 179 180 183 184 183 182 179 183 181 182 184 184 185 188 185 185 188 183 187 186 186 186 189 191 187 192 189 188 191 187 187 191 192 194 190 191 189 192 195 190 194 193 193 194 195 193
0: 1 7 (43.0)
1: 2 8 (50.0)
2: 0 4 (52.0)
3: 3 6 (35.0)
4: 5 11 12 (35.0)
5: (0.0)
6: 13 19 (49.0)
7: 9 15 16 (41.0)
8: 14 22 (55.0)
9: 10 17 (60.0)
10: 18 21 26 (40.0)
11: 23 25 (36.0)
12: 20 28 (46.0)
13: 24 32 35 (49.0)
14: 29 30 (53.0)
15: (0.0)
16: 27 37 (51.0)
17: 34 36 (49.0)
18: 31 38 (34.0)
19: 33 40 (64.0)
20: 43 48 (40.0)
21: 39 41 47 (68.0)
22: 42 50 (66.0)
23: 45 46 (41.0)
24: (0.0)
25: 44 51 56 (42.0)
26: 49 52 53 (60.0)
27: 57 (42.0)
28: 55 59 60 (51.0)
29: 54 58 (58.0)
30: 61 63 (47.0)
31: 65 (43.0)
32: 62 64 68 (57.0)
33: 67 69 (55.0)
34: 66 70 (47.0)
35: 72 (35.0)
36: 71 74 (51.0)
37: 75 77 (48.0)
38: 73 78 (48.0)
39: 80 (43.0)
40: 76 84 (56.0)
41: 82 83 (49.0)
42: 79 81 85 (32.0)
43: 86 87 (50.0)
44: (0.0)
45: 89 91 93 94 (51.0)
46: 90 95 (80.0)
47: 92 96 99 (49.0)
48: 88 (48.0)
49: 98 100 (45.0)
50: 97 (42.0)
51: 103 104 (59.0)
52: 101 102 (58.0)
53: 107 (39.0)
54: 106 108 116 (47.0)
55: 105 110 114 (56.0)
56: 111 (42.0)
57: 109 112 (68.0)
58: 113 120 123 (67.0)
59: 115 118 119 (83.0)
60: 121 126 (61.0)
61: 117 122 (61.0)
62: 125 127 (49.0)
63: (0.0)
64: 124 129 (64.0)
65: 128 130 134 (80.0)
66: 131 132 (59.0)
67: 133 138 (70.0)
68: 136 137 141 (75.0)
69: 135 139 142 (51.0)
70: (0.0)
71: 140 145 (61.0)
72: 143 148 (62.0)
73: 146 (53.0)
74: 149 150 (74.0)
75: 144 147 151 (40.0)
76: 157 (46.0)
77: 152 154 (45.0)
78: 156 158 159 (68.0)
79: 153 155 (69.0)
80: 162 163 (58.0)
81: 160 161 (57.0)
82: 170 (45.0)
83: 168 171 (60.0)
84: 165 (46.0)
85: 164 166 175 (65.0)
86: 167 169 174 (75.0)
87: 173 178 (55.0)
88: 177 180 183 184 (60.0)
89: 172 181 (64.0)
90: 179 195 (45.0)
91: 185 186 187 (59.0)
92: 176 188 192 (74.0)
93: 190 191 193 (64.0)
94: 182 196 204 (63.0)
95: 189 194 197 206 210 (42.0)
96: 198 203 (67.0)
97: 200 212 (57.0)
98: 202 205 207 211 (53.0)
99: 199 201 213 222 (47.0)
100: 208 209 (60.0)
101: 216 217 220 (72.0)
102: 214 215 219 (58.0)
103: 221 226 229 (71.0)
104: 218 224 227 228 (55.0)
105: 225 236 (53.0)
106: 230 231 232 238 (73.0)
107: 223 234 (66.0)
108: 241 242 (78.0)
109: 237 239 244 (49.0)
110: 233 235 240 246 252 256 (70.0)
111: 245 257 (64.0)
112: 247 253 258 259 261 (71.0)
113: 243 248 255 (69.0)
114: 250 254 264 (44.0)
115: 249 251 (42.0)
116: 260 267 (46.0)
117: 265 266 275 276 (68.0)
118: 268 271 (66.0)
119: 262 269 270 273 (60.0)
120: 263 272 (72.0)
121: 274 279 287 (67.0)
122: 278 281 283 (75.0)
123: 277 282 291 (67.0)
124: 280 285 286 (71.0)
125: 284 289 292 (71.0)
126: 301 (51.0)
127: 288 293 295 (74.0)
128: 294 296 299 (50.0)
129: 290 297 298 300 303 (58.0)
130: 302 304 316 (74.0)
131: 305 306 307 312 (69.0)
132: 309 314 319 (73.0)
133: 308 311 317 (70.0)
134: 310 (51.0)
135: 315 322 323 (57.0)
136: 313 318 320 (53.0)
137: 321 325 (57.0)
138: 326 327 328 (67.0)
139: 331 334 (66.0)
140: 324 330 332 (48.0)
141: 329 333 335 (68.0)
142: 336 338 340 349 (74.0)
143: 337 339 343 345 (75.0)
144: 341 342 344 (84.0)
145: 348 350 351 353 (74.0)
146: 346 347 352 (86.0)
147: 354 355 358 (73.0)
148: 360 365 (71.0)
149: 356 359 361 363 (70.0)
150: 362 364 370 (72.0)
151: 357 369 371 (73.0)
152: 366 368 375 (62.0)
153: 367 372 376 383 (63.0)
154: 377 378 379 (69.0)
155: 374 380 381 (57.0)
156: 373 388 389 (75.0)
157: 382 387 (74.0)
158: 385 386 390 (71.0)
159: 384 391 392 (73.0)
160: 394 398 406 (69.0)
161: 393 399 404 (75.0)
162: 395 396 (51.0)
163: 397 400 405 (75.0)
164: 401 402 403 (71.0)
165: 409 413 415 (81.0)
166: 408 414 417 (58.0)
167: 410 411 412 (71.0)
168: 407 416 418 (74.0)
169: 420 424 (74.0)
170: 422 423 428 429 (52.0)
171: 419 421 426 439 (89.0)
172: 425 431 (67.0)
173: 430 432 435 (71.0)
174: 427 437 441 (69.0)
175: 433 434 438 445 (73.0)
176: 442 443 451 (76.0)
177: 444 450 (73.0)
178: 436 448 (68.0)
179: 440 449 454 460 (75.0)
180: 446 455 (70.0)
181: 447 452 453 462 (74.0)
182: 459 463 (62.0)
183: 456 458 461 471 (74.0)
184: 457 464 465 (75.0)
185: 466 468 469 (80.0)
186: 473 474 475 (73.0)
187: 472 478 483 484 (91.0)
188: 467 470 481 (75.0)
189: 476 480 490 (89.0)
190: 488 493 (73.0)
191: 477 482 485 489 (73.0)
192: 479 486 491 (72.0)
193: 495 496 499 (71.0)
194: 487 494 497 (77.0)
195: 492 498 (55.0)
