Name: 500-40-75
Time: 18.917530059814453 
Result: 151080
Solution:  3 1 1 5 2 3 0 0 2 6 4 4 3 5 8 9 6 4 8 9 10 10 10 13 14 11 11 17 12 14 12 15 13 15 18 13 18 16 19 16 17 19 22 21 24 19 23 21 25 21 27 25 23 22 24 27 30 28 29 26 30 29 31 31 30 32 35 33 36 33 36 35 34 38 34 35 38 37 37 43 41 40 43 40 39 40 44 39 46 44 44 43 47 45 47 45 47 48 52 49 49 50 53 54 51 51 50 53 52 58 55 55 56 56 55 57 54 59 58 61 59 57 60 61 63 61 60 63 65 64 65 69 67 64 68 65 69 68 70 67 72 67 70 71 75 71 74 73 73 72 77 74 76 75 77 73 79 76 78 81 80 82 81 81 83 79 83 84 82 85 86 84 85 88 88 85 92 84 87 87 87 89 89 92 90 94 90 91 93 95 91 92 94 93 96 95 94 96 95 96 100 99 96 98 99 98 99 97 97 97 96 98 101 103 101 102 104 101 105 101 100 103 105 105 108 102 104 107 104 103 106 107 109 104 108 109 106 109 105 108 109 110 106 112 110 112 108 112 111 111 113 116 111 114 114 111 117 114 115 119 117 112 113 115 116 117 118 117 118 120 123 119 123 124 124 121 118 122 121 120 121 120 121 123 122 124 125 123 127 122 128 127 126 127 123 126 129 128 128 129 130 125 130 129 130 131 134 131 132 134 134 132 132 135 138 135 131 131 135 133 137 133 135 136 137 136 137 139 138 139 140 139 142 140 140 141 138 142 142 142 141 143 144 143 144 143 147 146 148 146 145 144 146 145 145 149 148 150 144 149 148 149 147 147 150 151 153 150 152 151 151 153 154 152 154 157 153 154 155 156 155 155 157 159 158 156 156 159 157 158 158 159 160 160 160 162 162 164 162 162 163 161 164 163 165 164 161 166 167 165 169 166 168 165 166 164 169 167 168 169 170 167 168 169 170 171 172 173 173 172 175 172 174 176 175 173 177 174 176 171 178 175 172 180 177 174 176 181 180 179 181 179 178 179 180 179 183 184 181 182 182 183 183 184 185 184 182 188 186 185 189 183 186 184 186 187 187 189 190 192 187 188 192 189 191 188 192 190 191 194 194 190 193 193 193 194 195 194 195 194
0: 6 7 (40.0)
1: 1 2 (46.0)
2: 4 8 (60.0)
3: 0 5 12 (40.0)
4: 10 11 17 (73.0)
5: 3 13 (41.0)
6: 9 16 (25.0)
7: (0.0)
8: 14 18 (44.0)
9: 15 19 (40.0)
10: 20 21 22 (73.0)
11: 25 26 (39.0)
12: 28 30 (26.0)
13: 23 32 35 (42.0)
14: 24 29 (55.0)
15: 31 33 (53.0)
16: 37 39 (59.0)
17: 27 40 (63.0)
18: 34 36 (49.0)
19: 38 41 45 (38.0)
20: (0.0)
21: 43 47 49 (48.0)
22: 42 53 (62.0)
23: 46 52 (39.0)
24: 44 54 (51.0)
25: 48 51 (45.0)
26: 59 (15.0)
27: 50 55 (50.0)
28: 57 (42.0)
29: 58 61 (61.0)
30: 56 60 64 (26.0)
31: 62 63 (47.0)
32: 65 (43.0)
33: 67 69 (55.0)
34: 72 74 (66.0)
35: 66 71 75 (56.0)
36: 68 70 (50.0)
37: 77 78 (66.0)
38: 73 76 (31.0)
39: 84 87 (66.0)
40: 81 83 85 (41.0)
41: 80 (43.0)
42: (0.0)
43: 79 82 91 (55.0)
44: 86 89 90 (59.0)
45: 93 95 (73.0)
46: 88 (48.0)
47: 92 94 96 (37.0)
48: 97 (42.0)
49: 99 100 (30.0)
50: 101 106 (51.0)
51: 104 105 (51.0)
52: 98 108 (46.0)
53: 102 107 (58.0)
54: 103 116 (54.0)
55: 110 111 114 (74.0)
56: 112 113 (52.0)
57: 115 121 (61.0)
58: 109 118 (77.0)
59: 117 120 (52.0)
60: 122 126 (61.0)
61: 119 123 125 (62.0)
62: (0.0)
63: 124 127 (53.0)
64: 129 133 (68.0)
65: 128 130 135 (44.0)
66: (0.0)
67: 132 139 141 (60.0)
68: 134 137 (68.0)
69: 131 136 (69.0)
70: 138 142 (61.0)
71: 143 145 (58.0)
72: 140 149 (59.0)
73: 147 148 155 (68.0)
74: 146 151 (61.0)
75: 144 153 (64.0)
76: 152 157 (68.0)
77: 150 154 (72.0)
78: 158 (48.0)
79: 156 165 (57.0)
80: 160 (45.0)
81: 159 162 163 (67.0)
82: 161 168 (59.0)
83: 164 166 (41.0)
84: 167 171 177 (51.0)
85: 169 172 175 (66.0)
86: 170 (45.0)
87: 178 179 180 (53.0)
88: 173 174 (63.0)
89: 181 182 (43.0)
90: 184 186 (56.0)
91: 187 190 (62.0)
92: 176 183 191 (64.0)
93: 188 193 (38.0)
94: 185 192 196 (56.0)
95: 189 195 198 (62.0)
96: 194 197 199 202 210 (42.0)
97: 207 208 209 (73.0)
98: 203 205 211 (61.0)
99: 201 204 206 (55.0)
100: 200 220 (74.0)
101: 212 214 217 219 (59.0)
102: 215 225 (53.0)
103: 213 221 229 (71.0)
104: 216 226 228 233 (59.0)
105: 218 222 223 238 (74.0)
106: 230 236 242 (74.0)
107: 227 231 (57.0)
108: 224 234 239 246 (63.0)
109: 232 235 237 240 (61.0)
110: 241 244 (58.0)
111: 248 249 252 255 (73.0)
112: 243 245 247 261 (61.0)
113: 250 262 (43.0)
114: 253 254 257 (49.0)
115: 258 263 (65.0)
116: 251 264 (42.0)
117: 256 260 265 267 (68.0)
118: 266 268 276 (71.0)
119: 259 271 (73.0)
120: 269 279 281 (75.0)
121: 275 278 280 282 (69.0)
122: 277 284 289 (75.0)
123: 270 272 283 287 294 (84.0)
124: 273 274 285 (73.0)
125: 286 301 (59.0)
126: 292 295 (71.0)
127: 288 291 293 (62.0)
128: 290 297 298 (51.0)
129: 296 299 303 (40.0)
130: 300 302 304 (61.0)
131: 305 307 316 317 (72.0)
132: 308 311 312 (60.0)
133: 319 321 (72.0)
134: 306 309 310 (75.0)
135: 313 315 318 322 (69.0)
136: 323 325 (45.0)
137: 320 324 326 (64.0)
138: 314 328 336 (64.0)
139: 327 329 331 (68.0)
140: 330 333 334 (67.0)
141: 335 340 (70.0)
142: 332 337 338 339 (77.0)
143: 341 343 345 (81.0)
144: 342 344 351 358 (76.0)
145: 350 353 354 (75.0)
146: 347 349 352 (73.0)
147: 346 362 363 (45.0)
148: 348 356 360 (73.0)
149: 355 359 361 (60.0)
150: 357 364 367 (73.0)
151: 365 369 370 (69.0)
152: 368 373 (71.0)
153: 366 371 376 (72.0)
154: 372 374 377 (65.0)
155: 378 380 381 (60.0)
156: 379 385 386 (69.0)
157: 375 382 388 (71.0)
158: 384 389 390 (68.0)
159: 383 387 391 (71.0)
160: 392 393 394 (71.0)
161: 401 406 (75.0)
162: 395 396 398 399 (70.0)
163: 400 403 (73.0)
164: 397 402 405 415 (74.0)
165: 404 409 413 (73.0)
166: 407 411 414 (50.0)
167: 408 417 421 (73.0)
168: 412 418 422 (74.0)
169: 410 416 419 423 (75.0)
170: 420 424 (74.0)
171: 425 439 (73.0)
172: 426 429 431 442 (67.0)
173: 427 428 435 (69.0)
174: 432 437 445 (71.0)
175: 430 434 441 (71.0)
176: 433 438 446 (66.0)
177: 436 444 (74.0)
178: 440 452 (66.0)
179: 449 451 453 455 (75.0)
180: 443 448 454 (74.0)
181: 447 450 458 (68.0)
182: 459 460 466 (71.0)
183: 456 461 462 471 (77.0)
184: 457 463 465 473 (95.0)
185: 464 469 (75.0)
186: 468 472 474 (74.0)
187: 475 476 480 (88.0)
188: 467 481 485 (71.0)
189: 470 477 483 (67.0)
190: 478 487 491 (75.0)
191: 484 488 (75.0)
192: 479 482 486 (71.0)
193: 492 493 494 (72.0)
194: 489 490 495 497 499 (71.0)
195: 496 498 (72.0)
