Name: 500-60-125
Time: 37.75839638710022 
Result: 116
Solution:  2 0 0 1 1 2 4 1 6 4 3 6 3 9 8 4 8 6 11 9 10 10 9 12 13 11 14 15 16 14 18 13 16 19 16 18 19 18 18 15 23 20 23 24 20 25 22 22 25 24 26 24 29 24 28 25 28 25 30 26 32 30 34 29 32 33 32 35 32 36 33 35 36 34 38 37 38 40 36 40 41 37 41 43 41 43 43 46 43 45 47 44 47 47 51 43 49 48 49 48 50 53 51 52 53 52 50 53 55 51 55 54 54 56 57 57 58 55 58 60 56 60 61 64 59 65 63 63 66 67 64 64 65 66 65 67 70 68 70 70 73 69 69 72 68 72 73 76 73 74 75 74 75 79 77 77 80 78 78 80 81 79 81 83 84 80 86 85 84 82 85 82 89 87 89 83 89 92 87 92 91 88 91 93 91 90 93 94 94 96 97 95 96 97 94 99 99 97 98 98 101 101 100 100 102 102 104 104 105 103 103 106 105 106 108 108 107 106 109 109 108 110 107 111 113 115 114 115 116 116 113 112 112 120 117 119 117 114 118 119 118 117 123 121 125 122 121 124 127 123 127 126 126 125 124 127 130 126 126 129 131 128 131 134 133 132 133 132 136 134 134 135 137 136 138 138 135 140 137 139 139 140 141 142 141 140 144 143 142 145 145 143 147 146 150 148 146 151 149 147 149 146 153 152 150 148 156 154 154 151 155 153 156 153 157 157 157 159 161 158 160 160 162 161 164 162 163 167 163 167 168 165 164 167 165 166 168 166 171 169 173 171 173 170 170 169 172 173 172 175 174 174 179 178 177 178 176 177 177 180 181 184 180 185 183 181 184 181 182 182 189 187 186 186 187 185 188 189 190 190 194 191 193 191 194 188 194 192 193 198 195 196 192 199 197 196 197 197 195 201 199 200 201 198 200 204 201 202 201 201 202 205 203 203 206 204 205 205 206 206 207 207 208 209 204 210 207 208 209 212 207 213 207 210 209 209 210 214 215 209 210 214 211 211 214 216 216 215 212 217 213 214 218 213 217 219 217 219 222 218 221 219 221 223 220 220 220 221 222 218 222 226 223 227 224 223 225 225 225 226 224 226 227 227 224 229 229 224 227 228 230 228 232 231 228 232 231 232 230 232
0: 1 2 (65.0)
1: 3 4 7 (102.0)
2: 0 5 (62.0)
3: 10 12 (83.0)
4: 6 9 15 (94.0)
5: (0.0)
6: 8 11 17 (54.0)
7: (0.0)
8: 14 16 (62.0)
9: 13 19 22 (65.0)
10: 20 21 (62.0)
11: 18 25 (50.0)
12: 23 (41.0)
13: 24 31 (108.0)
14: 26 29 (104.0)
15: 27 39 (69.0)
16: 28 32 34 (57.0)
17: (0.0)
18: 30 35 37 38 (73.0)
19: 33 36 (79.0)
20: 41 44 (70.0)
21: (0.0)
22: 46 47 (65.0)
23: 40 42 (92.0)
24: 43 49 51 53 (63.0)
25: 45 48 55 57 (122.0)
26: 50 59 (88.0)
27: (0.0)
28: 54 56 (80.0)
29: 52 63 (93.0)
30: 58 61 (82.0)
31: (0.0)
32: 60 64 66 68 (58.0)
33: 65 70 (74.0)
34: 62 73 (71.0)
35: 67 71 (95.0)
36: 69 72 78 (90.0)
37: 75 81 (68.0)
38: 74 76 (98.0)
39: (0.0)
40: 77 79 (69.0)
41: 80 82 84 (74.0)
42: (0.0)
43: 83 85 86 88 95 (137.0)
44: 91 (61.0)
45: 89 (61.0)
46: 87 (66.0)
47: 90 92 93 (79.0)
48: 97 99 (71.0)
49: 96 98 (73.0)
50: 100 106 (62.0)
51: 94 102 109 (90.0)
52: 103 105 (102.0)
53: 101 104 107 (108.0)
54: 111 112 (70.0)
55: 108 110 117 (80.0)
56: 113 120 (88.0)
57: 114 115 (74.0)
58: 116 118 (76.0)
59: 124 (60.0)
60: 119 121 (90.0)
61: 122 (62.0)
62: (0.0)
63: 126 127 (78.0)
64: 123 130 131 (93.0)
65: 125 132 134 (67.0)
66: 128 133 (91.0)
67: 129 135 (95.0)
68: 137 144 (121.0)
69: 141 142 (79.0)
70: 136 138 139 (103.0)
71: (0.0)
72: 143 145 (64.0)
73: 140 146 148 (66.0)
74: 149 151 (108.0)
75: 150 152 (75.0)
76: 147 (73.0)
77: 154 155 (82.0)
78: 157 158 (115.0)
79: 153 161 (71.0)
80: 156 159 165 (69.0)
81: 160 162 (105.0)
82: 169 171 (62.0)
83: 163 175 (87.0)
84: 164 168 (111.0)
85: 167 170 (81.0)
86: 166 (60.0)
87: 173 178 (108.0)
88: 181 (63.0)
89: 172 174 176 (80.0)
90: 185 (68.0)
91: 180 182 184 (67.0)
92: 177 179 (88.0)
93: 183 186 (106.0)
94: 187 188 194 (96.0)
95: 191 (62.0)
96: 189 192 (94.0)
97: 190 193 197 (114.0)
98: 198 199 (89.0)
99: 195 196 (104.0)
100: 202 203 (90.0)
101: 200 201 (90.0)
102: 204 205 (90.0)
103: 209 210 (66.0)
104: 206 207 (90.0)
105: 208 212 (103.0)
106: 211 213 217 (125.0)
107: 216 222 (97.0)
108: 214 215 220 (109.0)
109: 218 219 (91.0)
110: 221 (73.0)
111: 223 (62.0)
112: 231 232 (65.0)
113: 224 230 (107.0)
114: 226 237 (101.0)
115: 225 227 (74.0)
116: 228 229 (92.0)
117: 234 236 241 (121.0)
118: 238 240 (112.0)
119: 235 239 (98.0)
120: 233 (65.0)
121: 243 246 (112.0)
122: 245 (80.0)
123: 242 249 (95.0)
124: 247 254 (99.0)
125: 244 253 (93.0)
126: 251 252 257 258 (111.0)
127: 248 250 255 (114.0)
128: 261 (66.0)
129: 259 (72.0)
130: 256 (87.0)
131: 260 262 (77.0)
132: 265 267 (87.0)
133: 264 266 (109.0)
134: 263 269 270 (120.0)
135: 271 276 (109.0)
136: 268 273 (124.0)
137: 272 278 (116.0)
138: 274 275 (98.0)
139: 279 280 (97.0)
140: 277 281 285 (96.0)
141: 282 284 (115.0)
142: 283 288 (69.0)
143: 287 291 (93.0)
144: 286 (82.0)
145: 289 290 (124.0)
146: 293 296 301 (122.0)
147: 292 299 (103.0)
148: 295 305 (101.0)
149: 298 300 (102.0)
150: 294 304 (102.0)
151: 297 309 (121.0)
152: 303 (62.0)
153: 302 311 313 (97.0)
154: 307 308 (127.0)
155: 310 (91.0)
156: 306 312 (98.0)
157: 314 315 316 (119.0)
158: 319 (81.0)
159: 317 (89.0)
160: 320 321 (105.0)
161: 318 323 (64.0)
162: 322 325 (91.0)
163: 326 328 (125.0)
164: 324 332 (116.0)
165: 331 334 (109.0)
166: 335 337 (113.0)
167: 327 329 333 (157.0)
168: 330 336 (98.0)
169: 339 345 (125.0)
170: 343 344 (109.0)
171: 338 341 (104.0)
172: 346 348 (99.0)
173: 340 342 347 (113.0)
174: 350 351 (108.0)
175: 349 (96.0)
176: 356 (72.0)
177: 354 357 358 (100.0)
178: 353 355 (100.0)
179: 352 (86.0)
180: 359 362 (115.0)
181: 360 365 367 (119.0)
182: 368 369 (111.0)
183: 364 (90.0)
184: 361 366 (121.0)
185: 363 375 (115.0)
186: 372 373 (111.0)
187: 371 374 (125.0)
188: 376 385 (119.0)
189: 370 377 (121.0)
190: 378 379 (111.0)
191: 381 383 (119.0)
192: 387 392 (121.0)
193: 382 388 (109.0)
194: 380 384 386 (113.0)
195: 390 398 (131.0)
196: 391 395 (115.0)
197: 394 396 397 (133.0)
198: 389 403 (125.0)
199: 393 400 (123.0)
200: 401 404 (102.0)
201: 399 402 406 408 409 (126.0)
202: 407 410 (91.0)
203: 412 413 (112.0)
204: 405 415 424 (153.0)
205: 411 416 417 (116.0)
206: 414 418 419 (118.0)
207: 420 421 426 430 432 (92.0)
208: 422 427 (101.0)
209: 423 428 434 435 439 (124.0)
210: 425 433 436 440 (116.0)
211: 442 443 (121.0)
212: 429 448 (122.0)
213: 431 450 453 (123.0)
214: 437 441 444 451 (106.0)
215: 438 447 (118.0)
216: 445 446 (124.0)
217: 449 454 456 (122.0)
218: 452 459 469 (137.0)
219: 455 457 461 (127.0)
220: 464 465 466 (123.0)
221: 460 462 467 (147.0)
222: 458 468 470 (133.0)
223: 463 472 475 (122.0)
224: 474 480 484 487 (121.0)
225: 476 477 478 (124.0)
226: 471 479 481 (121.0)
227: 473 482 483 488 (124.0)
228: 489 491 494 (141.0)
229: 485 486 (110.0)
230: 490 498 (108.0)
231: 493 496 (119.0)
232: 492 495 497 499 (112.0)
