Name: 500-60-125
Time: 38.452068567276 
Result: 127
Solution:  0 1 0 1 2 1 3 5 6 5 3 8 3 6 8 7 7 6 9 8 11 10 10 9 14 10 13 15 14 15 16 16 15 12 18 17 17 19 21 17 22 18 21 25 19 25 22 23 23 26 25 29 26 28 27 27 30 25 32 31 29 28 32 30 34 35 34 31 34 33 36 37 36 36 33 34 38 40 35 38 41 37 40 41 40 42 45 46 42 47 48 45 42 49 50 48 49 46 48 50 51 53 52 54 53 52 51 53 54 52 53 56 57 55 58 57 59 54 59 60 57 60 61 64 58 65 64 63 62 67 65 62 67 63 65 70 68 68 71 69 71 69 68 74 72 71 76 76 73 74 75 73 75 79 78 78 80 77 77 80 81 81 79 81 82 86 85 80 84 83 83 82 89 87 88 84 87 88 86 92 92 89 91 93 91 90 93 97 91 95 92 94 95 97 96 98 99 97 101 96 98 101 101 100 102 102 105 103 104 103 108 103 105 107 110 107 106 108 108 110 109 109 111 112 115 113 115 113 116 114 111 113 112 116 116 119 117 114 118 120 120 117 121 122 123 122 123 121 127 121 127 125 127 126 124 125 129 127 126 130 129 128 132 133 132 132 133 131 131 134 134 135 136 136 139 141 135 138 139 137 137 138 141 145 140 144 143 142 145 146 143 144 147 142 148 150 145 149 149 147 152 148 148 155 153 150 155 156 154 154 151 152 156 153 158 157 159 157 158 160 160 159 162 160 164 164 163 162 161 168 167 163 166 166 165 165 169 168 172 167 168 171 173 173 170 170 172 173 171 174 175 175 179 174 177 178 176 177 178 181 180 180 181 185 184 184 186 182 183 183 189 187 186 186 187 185 188 189 190 190 193 191 194 191 194 188 197 192 196 196 193 195 192 198 197 195 200 198 197 202 199 202 198 199 200 200 201 204 204 201 203 205 202 203 201 206 203 205 204 205 207 207 208 208 206 209 208 208 208 211 207 214 207 213 209 209 210 212 213 211 216 215 210 211 215 215 217 218 212 217 216 212 218 214 215 217 216 217 222 218 220 221 222 221 223 220 221 219 219 219 222 221 223 225 224 224 225 225 224 226 223 226 227 230 227 229 228 230 229 229 228 230 228 231 230 229 231 232 232 232
0: 0 2 (79.0)
1: 1 3 5 (66.0)
2: 4 (35.0)
3: 6 10 12 (94.0)
4: (0.0)
5: 7 9 (94.0)
6: 8 13 17 (59.0)
7: 15 16 (77.0)
8: 11 14 19 (62.0)
9: 18 23 (81.0)
10: 21 22 25 (65.0)
11: 20 (28.0)
12: 33 (60.0)
13: 26 (49.0)
14: 24 28 (59.0)
15: 27 29 32 (71.0)
16: 30 31 (62.0)
17: 35 36 39 (91.0)
18: 34 41 (78.0)
19: 37 44 (83.0)
20: (0.0)
21: 38 42 (66.0)
22: 40 46 (67.0)
23: 47 48 (77.0)
24: (0.0)
25: 43 45 50 57 (117.0)
26: 49 52 (61.0)
27: 54 55 (65.0)
28: 53 61 (78.0)
29: 51 60 (28.0)
30: 56 63 (79.0)
31: 59 67 (84.0)
32: 58 62 (43.0)
33: 69 74 (106.0)
34: 64 66 68 75 (64.0)
35: 65 78 (77.0)
36: 70 72 73 (86.0)
37: 71 81 (100.0)
38: 76 79 (96.0)
39: (0.0)
40: 77 82 84 (76.0)
41: 80 83 (67.0)
42: 85 88 92 (61.0)
43: (0.0)
44: (0.0)
45: 86 91 (64.0)
46: 87 97 (102.0)
47: 89 (61.0)
48: 90 95 98 (88.0)
49: 93 96 (89.0)
50: 94 99 (64.0)
51: 100 106 (62.0)
52: 102 105 109 (109.0)
53: 101 104 107 110 (120.0)
54: 103 108 117 (122.0)
55: 113 (65.0)
56: 111 (61.0)
57: 112 115 120 (90.0)
58: 114 124 (76.0)
59: 116 118 (76.0)
60: 119 121 (90.0)
61: 122 (62.0)
62: 128 131 (97.0)
63: 127 133 (64.0)
64: 123 126 (74.0)
65: 125 130 134 (60.0)
66: (0.0)
67: 129 132 (66.0)
68: 136 137 142 (111.0)
69: 139 141 (70.0)
70: 135 (63.0)
71: 138 140 145 (106.0)
72: 144 (65.0)
73: 148 151 (77.0)
74: 143 149 (104.0)
75: 150 152 (75.0)
76: 146 147 (81.0)
77: 157 158 (115.0)
78: 154 155 (82.0)
79: 153 162 (93.0)
80: 156 159 167 (72.0)
81: 160 161 163 (109.0)
82: 164 171 (89.0)
83: 169 170 (94.0)
84: 168 175 (109.0)
85: 166 (60.0)
86: 165 178 (73.0)
87: 173 176 (83.0)
88: 174 177 (79.0)
89: 172 181 (92.0)
90: 185 (68.0)
91: 182 184 188 (54.0)
92: 179 180 190 (78.0)
93: 183 186 (106.0)
94: 191 (62.0)
95: 189 192 (94.0)
96: 194 199 (95.0)
97: 187 193 197 (126.0)
98: 195 200 (105.0)
99: 196 (67.0)
100: 203 (62.0)
101: 198 201 202 (95.0)
102: 204 205 (90.0)
103: 207 209 211 (79.0)
104: 208 (70.0)
105: 206 212 (108.0)
106: 216 (68.0)
107: 213 215 (110.0)
108: 210 217 218 (109.0)
109: 220 221 (91.0)
110: 214 219 (90.0)
111: 222 230 (85.0)
112: 223 232 (90.0)
113: 225 227 231 (111.0)
114: 229 237 (108.0)
115: 224 226 (110.0)
116: 228 233 234 (103.0)
117: 236 241 (109.0)
118: 238 (76.0)
119: 235 (81.0)
120: 239 240 (53.0)
121: 242 247 249 (118.0)
122: 243 245 (120.0)
123: 244 246 (87.0)
124: 254 (76.0)
125: 251 255 (78.0)
126: 253 258 (103.0)
127: 248 250 252 257 (122.0)
128: 261 (66.0)
129: 256 260 (119.0)
130: 259 (72.0)
131: 267 268 (124.0)
132: 262 264 265 (143.0)
133: 263 266 (109.0)
134: 269 270 (67.0)
135: 271 276 (109.0)
136: 272 273 (98.0)
137: 279 280 (97.0)
138: 277 281 (78.0)
139: 274 278 (79.0)
140: 284 (82.0)
141: 275 282 (112.0)
142: 287 293 (83.0)
143: 286 290 (108.0)
144: 285 291 (93.0)
145: 283 288 296 (91.0)
146: 289 (98.0)
147: 292 299 (103.0)
148: 294 301 302 (122.0)
149: 297 298 (115.0)
150: 295 305 (101.0)
151: 310 (91.0)
152: 300 311 (80.0)
153: 304 313 (99.0)
154: 308 309 (103.0)
155: 303 306 (100.0)
156: 307 312 (125.0)
157: 315 317 (100.0)
158: 314 318 (117.0)
159: 316 321 (117.0)
160: 319 320 323 (124.0)
161: 328 (86.0)
162: 322 327 (132.0)
163: 326 331 (114.0)
164: 324 325 (106.0)
165: 334 335 (107.0)
166: 332 333 (106.0)
167: 330 339 (106.0)
168: 329 337 340 (95.0)
169: 336 (67.0)
170: 344 345 (108.0)
171: 341 348 (84.0)
172: 338 346 (119.0)
173: 342 343 347 (129.0)
174: 349 353 (119.0)
175: 350 351 (108.0)
176: 356 (72.0)
177: 354 357 (69.0)
178: 355 358 (108.0)
179: 352 (86.0)
180: 360 361 (110.0)
181: 359 362 (115.0)
182: 367 (72.0)
183: 368 369 (111.0)
184: 364 365 (110.0)
185: 363 375 (115.0)
186: 366 372 373 (149.0)
187: 371 374 (125.0)
188: 376 385 (119.0)
189: 370 377 (121.0)
190: 378 379 (111.0)
191: 381 383 (119.0)
192: 387 392 (121.0)
193: 380 390 (112.0)
194: 382 384 (124.0)
195: 391 395 (115.0)
196: 388 389 (113.0)
197: 386 394 398 (111.0)
198: 393 397 402 (124.0)
199: 400 403 (110.0)
200: 396 404 405 (124.0)
201: 406 409 414 (123.0)
202: 399 401 412 (100.0)
203: 410 413 416 (155.0)
204: 407 408 418 (110.0)
205: 411 417 419 (122.0)
206: 415 424 (124.0)
207: 420 421 430 432 (91.0)
208: 422 423 426 427 428 (125.0)
209: 425 434 435 (121.0)
210: 436 442 (119.0)
211: 429 439 443 (125.0)
212: 437 448 451 (123.0)
213: 433 438 (120.0)
214: 431 453 (100.0)
215: 441 444 445 454 (114.0)
216: 440 450 456 (113.0)
217: 446 449 455 457 (140.0)
218: 447 452 459 (129.0)
219: 467 468 469 (123.0)
220: 460 465 (116.0)
221: 461 463 466 471 (130.0)
222: 458 462 470 (113.0)
223: 464 472 480 (123.0)
224: 474 475 478 (125.0)
225: 473 476 477 (123.0)
226: 479 481 (116.0)
227: 482 484 (123.0)
228: 486 490 492 (135.0)
229: 485 488 489 495 (123.0)
230: 483 487 491 494 (124.0)
231: 493 496 (119.0)
232: 497 498 499 (125.0)
