Name: 500-30-50
Time: 18.819809675216675 
Result: 109050
Solution:  0 0 2 2 0 5 2 4 3 4 2 3 5 3 10 9 6 8 6 10 12 6 9 8 16 14 12 15 15 14 16 15 17 15 18 19 20 18 19 18 20 21 17 18 21 25 23 23 20 24 26 25 27 26 28 24 26 27 30 31 30 28 32 31 29 29 35 34 33 30 32 35 34 33 40 36 39 36 43 38 41 38 40 41 45 39 41 44 42 45 43 44 45 42 49 50 47 47 49 51 48 49 50 49 54 56 54 52 53 52 53 55 54 57 57 53 59 53 56 58 56 56 55 57 58 55 61 62 61 60 60 60 64 61 61 59 61 63 66 64 62 67 63 66 65 65 66 66 67 65 69 63 68 72 69 71 68 69 72 68 71 70 69 70 73 72 74 70 73 73 73 75 72 77 75 74 76 76 77 81 75 76 76 77 79 78 80 78 80 80 80 79 81 82 83 81 83 82 83 85 85 84 84 82 85 81 86 86 86 85 88 87 88 86 91 88 91 87 90 86 93 93 91 92 88 90 92 90 94 94 95 96 92 95 95 97 99 96 96 94 95 99 98 95 99 100 97 100 100 99 98 105 104 101 101 105 99 102 103 102 103 106 104 103 104 104 104 106 107 106 107 109 108 109 108 112 108 109 110 113 111 110 113 113 115 111 112 117 114 113 111 116 114 114 112 115 117 116 116 117 116 115 118 117 120 118 121 119 120 118 123 119 121 122 123 118 122 120 123 121 123 122 124 125 124 125 126 124 129 127 124 129 129 128 126 133 130 129 130 127 128 132 127 130 132 131 133 131 133 132 131 134 134 136 136 137 137 135 135 140 135 133 138 139 138 137 139 139 142 141 141 140 142 142 143 143 139 143 141 145 144 144 146 145 144 142 146 142 146 147 147 147 148 149 145 148 151 149 150 148 149 153 153 150 153 152 152 153 151 152 154 155 156 155 155 153 154 157 157 157 156 156 158 161 159 160 161 158 160 161 160 162 164 158 162 162 161 163 167 165 163 164 163 168 166 165 167 166 164 166 167 168 167 168 165 170 171 170 169 170 171 172 172 171 171 174 172 175 173 169 174 174 173 175 178 174 179 177 176 177 179 176 178 175 178 182 179 182 176 180 179 181 180 181 181 182 182 183 183 183
0: 0 1 4 (43.0)
1: (0.0)
2: 2 3 6 10 (52.0)
3: 8 11 13 (34.0)
4: 7 9 (48.0)
5: 5 12 (33.0)
6: 16 18 21 (34.0)
7: (0.0)
8: 17 23 (46.0)
9: 15 22 (33.0)
10: 14 19 (24.0)
11: (0.0)
12: 20 26 (43.0)
13: (0.0)
14: 25 29 (34.0)
15: 27 28 31 33 (28.0)
16: 24 30 (46.0)
17: 32 42 (46.0)
18: 34 37 39 43 (41.0)
19: 35 38 (49.0)
20: 36 40 48 (39.0)
21: 41 44 (33.0)
22: (0.0)
23: 46 47 (33.0)
24: 49 55 (41.0)
25: 45 51 (43.0)
26: 50 53 56 (33.0)
27: 52 57 (43.0)
28: 54 61 (36.0)
29: 64 65 (33.0)
30: 58 60 69 (24.0)
31: 59 63 (35.0)
32: 62 70 (31.0)
33: 68 73 (37.0)
34: 67 72 (47.0)
35: 66 71 (35.0)
36: 75 77 (30.0)
37: (0.0)
38: 79 81 (54.0)
39: 76 85 (34.0)
40: 74 82 (53.0)
41: 80 83 86 (28.0)
42: 88 93 (52.0)
43: 78 90 (30.0)
44: 87 91 (31.0)
45: 84 89 92 (28.0)
46: (0.0)
47: 96 97 (35.0)
48: 100 (31.0)
49: 94 98 101 103 (32.0)
50: 95 102 (46.0)
51: 99 (31.0)
52: 107 109 (33.0)
53: 108 110 115 117 (31.0)
54: 104 106 112 (43.0)
55: 111 122 125 (35.0)
56: 105 118 120 121 (31.0)
57: 113 114 123 (31.0)
58: 119 124 (33.0)
59: 116 135 (41.0)
60: 129 130 131 (44.0)
61: 126 128 133 134 136 (35.0)
62: 127 140 (31.0)
63: 137 142 151 (26.0)
64: 132 139 (40.0)
65: 144 145 149 (41.0)
66: 138 143 146 147 (47.0)
67: 141 148 (31.0)
68: 152 156 159 (32.0)
69: 150 154 157 162 (34.0)
70: 161 163 167 (50.0)
71: 155 160 (35.0)
72: 153 158 165 172 (49.0)
73: 164 168 169 170 (45.0)
74: 166 175 (30.0)
75: 171 174 180 (18.0)
76: 176 177 181 182 (36.0)
77: 173 178 183 (36.0)
78: 185 187 (34.0)
79: 184 191 (39.0)
80: 186 188 189 190 (42.0)
81: 179 192 195 205 (48.0)
82: 193 197 203 (46.0)
83: 194 196 198 (40.0)
84: 201 202 (34.0)
85: 199 200 204 209 (47.0)
86: 206 207 208 213 219 (46.0)
87: 211 217 (36.0)
88: 210 212 215 224 (46.0)
89: (0.0)
90: 218 225 227 (40.0)
91: 214 216 222 (44.0)
92: 223 226 232 (39.0)
93: 220 221 (51.0)
94: 228 229 239 (42.0)
95: 230 233 234 240 243 (30.0)
96: 231 237 238 (40.0)
97: 235 246 (47.0)
98: 242 250 (51.0)
99: 236 241 244 249 256 (48.0)
100: 245 247 248 (31.0)
101: 253 254 (37.0)
102: 257 259 (36.0)
103: 258 260 263 (45.0)
104: 252 262 264 265 266 (37.0)
105: 251 255 (30.0)
106: 261 267 269 (42.0)
107: 268 270 (34.0)
108: 272 274 276 (39.0)
109: 271 273 277 (33.0)
110: 278 281 (44.0)
111: 280 285 290 (30.0)
112: 275 286 294 (50.0)
113: 279 282 283 289 (47.0)
114: 288 292 293 (48.0)
115: 284 295 301 (47.0)
116: 291 297 298 300 (47.0)
117: 287 296 299 303 (49.0)
118: 302 305 309 315 (48.0)
119: 307 311 (48.0)
120: 304 308 317 (48.0)
121: 306 312 319 (49.0)
122: 313 316 321 (39.0)
123: 310 314 318 320 (49.0)
124: 322 324 327 330 (49.0)
125: 323 325 (35.0)
126: 326 334 (42.0)
127: 329 339 342 (35.0)
128: 333 340 (45.0)
129: 328 331 332 337 (46.0)
130: 336 338 343 (50.0)
131: 345 347 350 (38.0)
132: 341 344 349 (41.0)
133: 335 346 348 361 (50.0)
134: 351 352 (30.0)
135: 357 358 360 (40.0)
136: 353 354 (41.0)
137: 355 356 365 (43.0)
138: 362 364 (42.0)
139: 363 366 367 376 (46.0)
140: 359 371 (50.0)
141: 369 370 378 (50.0)
142: 368 372 373 385 387 (37.0)
143: 374 375 377 (49.0)
144: 380 381 384 (50.0)
145: 379 383 394 (50.0)
146: 382 386 388 (49.0)
147: 389 390 391 (46.0)
148: 392 395 399 (49.0)
149: 393 397 400 (68.0)
150: 398 403 (34.0)
151: 396 408 (38.0)
152: 405 406 409 (44.0)
153: 401 402 404 407 415 (49.0)
154: 410 416 (49.0)
155: 411 413 414 (41.0)
156: 412 420 421 (48.0)
157: 417 418 419 (39.0)
158: 422 427 433 (50.0)
159: 424 (35.0)
160: 425 428 430 (50.0)
161: 423 426 429 436 (46.0)
162: 431 434 435 (49.0)
163: 437 440 442 (47.0)
164: 432 441 448 (46.0)
165: 439 445 454 (61.0)
166: 444 447 449 (48.0)
167: 438 446 450 452 (58.0)
168: 443 451 453 (45.0)
169: 458 469 (44.0)
170: 455 457 459 (48.0)
171: 456 460 463 464 (47.0)
172: 461 462 466 (53.0)
173: 468 472 (51.0)
174: 465 470 471 475 (54.0)
175: 467 473 483 (50.0)
176: 478 481 488 (50.0)
177: 477 479 (36.0)
178: 474 482 484 (49.0)
179: 476 480 486 490 (48.0)
180: 489 492 (49.0)
181: 491 493 494 (50.0)
182: 485 487 495 496 (67.0)
183: 497 498 499 (50.0)
