Name: 500-20-30
Time: 38.36370301246643 
Result: 37
Solution:  2 0 1 5 0 5 2 4 1 2 3 3 4 6 5 9 8 8 6 10 12 10 11 9 11 12 14 14 16 16 13 13 15 19 17 14 17 19 18 20 19 20 20 22 23 21 22 23 21 20 25 29 26 25 28 28 31 26 32 29 30 31 30 32 34 31 34 33 35 35 33 37 36 37 36 38 41 40 40 38 43 39 41 40 46 39 42 43 45 46 44 43 42 46 47 47 48 49 48 49 50 52 51 52 53 54 51 50 55 52 57 55 54 53 60 57 58 59 61 59 60 61 60 61 62 63 62 63 68 65 64 64 66 70 67 71 67 68 70 69 66 68 74 72 69 73 74 76 73 71 72 76 79 74 76 77 78 80 77 78 78 79 81 82 82 81 83 84 84 83 86 85 87 84 86 87 85 90 89 90 88 88 91 92 93 92 95 92 93 96 97 94 96 94 99 94 98 99 102 99 100 104 98 100 101 104 104 103 106 105 104 105 109 107 109 108 106 107 111 110 111 109 115 110 108 111 112 112 113 112 114 115 120 114 117 117 118 119 119 123 120 121 118 121 124 123 122 124 124 125 122 125 126 126 124 127 131 128 130 128 131 132 129 127 133 133 132 131 134 137 136 135 135 134 135 138 140 138 139 139 137 140 145 141 142 141 144 142 143 145 145 143 147 146 147 149 148 146 150 148 149 150 152 151 151 152 156 153 155 156 158 154 154 156 157 157 159 156 159 161 158 161 160 164 160 165 162 165 162 163 167 166 166 165 167 168 170 168 169 169 170 169 170 171 172 171 177 172 174 173 173 176 175 178 174 175 182 177 178 179 183 181 181 182 180 179 180 183 184 184 187 185 187 188 190 186 188 185 191 186 189 193 192 191 194 189 192 196 190 198 194 193 195 195 200 198 201 196 197 199 196 204 200 197 202 201 203 203 204 202 205 205 206 206 207 208 207 209 209 207 213 210 213 210 212 211 212 211 215 214 217 218 214 216 216 216 219 217 217 218 220 220 221 221 222 223 222 223 225 224 227 227 225 225 226 229 225 229 230 228 225 226 229 232 228 231 230 231 233 230 233 232 232 231 235 234 233 235 235 237 236 233 236 234 236 239 234 236 237 239 234 240 238 241 238 237 239 241 241 240
0: 1 4 (16.0)
1: 2 8 (30.0)
2: 0 6 9 (24.0)
3: 10 11 (20.0)
4: 7 12 (23.0)
5: 3 5 14 (21.0)
6: 13 18 (19.0)
7: (0.0)
8: 16 17 (20.0)
9: 15 23 (26.0)
10: 19 21 (29.0)
11: 22 24 (25.0)
12: 20 25 (7.0)
13: 30 31 (20.0)
14: 26 27 35 (31.0)
15: 32 (11.0)
16: 28 29 (20.0)
17: 34 36 (24.0)
18: 38 (17.0)
19: 33 37 40 (29.0)
20: 39 41 42 49 (25.0)
21: 45 48 (35.0)
22: 43 46 (10.0)
23: 44 47 (21.0)
24: (0.0)
25: 50 53 (18.0)
26: 52 57 (20.0)
27: (0.0)
28: 54 55 (21.0)
29: 51 59 (21.0)
30: 60 62 (26.0)
31: 56 61 65 (20.0)
32: 58 63 (24.0)
33: 67 70 (22.0)
34: 64 66 (33.0)
35: 68 69 (21.0)
36: 72 74 (26.0)
37: 71 73 (9.0)
38: 75 79 (21.0)
39: 81 85 (24.0)
40: 77 78 83 (27.0)
41: 76 82 (27.0)
42: 86 92 (26.0)
43: 80 87 91 (20.0)
44: 90 (18.0)
45: 88 (20.0)
46: 84 89 93 (21.0)
47: 94 95 (22.0)
48: 96 98 (26.0)
49: 97 99 (18.0)
50: 100 107 (24.0)
51: 102 106 (25.0)
52: 101 103 109 (29.0)
53: 104 113 (21.0)
54: 105 112 (23.0)
55: 108 111 (15.0)
56: (0.0)
57: 110 115 (35.0)
58: 116 (12.0)
59: 117 119 (28.0)
60: 114 120 122 (21.0)
61: 118 121 123 (31.0)
62: 124 126 (21.0)
63: 125 127 (23.0)
64: 130 131 (22.0)
65: 129 (20.0)
66: 132 140 (24.0)
67: 134 136 (18.0)
68: 128 137 141 (20.0)
69: 139 144 (27.0)
70: 133 138 (19.0)
71: 135 149 (27.0)
72: 143 150 (30.0)
73: 145 148 (21.0)
74: 142 146 153 (24.0)
75: (0.0)
76: 147 151 154 (25.0)
77: 155 158 (30.0)
78: 156 159 160 (25.0)
79: 152 161 (28.0)
80: 157 (20.0)
81: 162 165 (16.0)
82: 163 164 (30.0)
83: 166 169 (21.0)
84: 167 168 173 (33.0)
85: 171 176 (19.0)
86: 170 174 (29.0)
87: 172 175 (19.0)
88: 180 181 (23.0)
89: 178 (16.0)
90: 177 179 (24.0)
91: 182 (20.0)
92: 183 185 187 (15.0)
93: 184 188 (29.0)
94: 191 193 195 (21.0)
95: 186 (20.0)
96: 189 192 (24.0)
97: 190 (21.0)
98: 196 202 (34.0)
99: 194 197 199 (22.0)
100: 200 203 (30.0)
101: 204 (20.0)
102: 198 (20.0)
103: 207 (20.0)
104: 201 205 206 210 (20.0)
105: 209 211 (27.0)
106: 208 216 (20.0)
107: 213 217 (28.0)
108: 215 224 (31.0)
109: 212 214 221 (29.0)
110: 219 223 (27.0)
111: 218 220 225 (33.0)
112: 226 227 229 (27.0)
113: 228 (21.0)
114: 230 233 (28.0)
115: 222 231 (21.0)
116: (0.0)
117: 234 235 (24.0)
118: 236 242 (12.0)
119: 237 238 (25.0)
120: 232 240 (27.0)
121: 241 243 (29.0)
122: 246 250 (29.0)
123: 239 245 (35.0)
124: 244 247 248 254 (34.0)
125: 249 251 (20.0)
126: 252 253 (25.0)
127: 255 263 (24.0)
128: 257 259 (24.0)
129: 262 (23.0)
130: 258 (16.0)
131: 256 260 267 (23.0)
132: 261 266 (37.0)
133: 264 265 (25.0)
134: 268 273 (20.0)
135: 271 272 274 (29.0)
136: 270 (22.0)
137: 269 280 (25.0)
138: 275 277 (32.0)
139: 278 279 (25.0)
140: 276 281 (22.0)
141: 283 285 (22.0)
142: 284 287 (31.0)
143: 288 291 (27.0)
144: 286 (18.0)
145: 282 289 290 (30.0)
146: 293 297 (18.0)
147: 292 294 (24.0)
148: 296 299 (29.0)
149: 295 300 (29.0)
150: 298 301 (30.0)
151: 303 304 (26.0)
152: 302 305 (26.0)
153: 307 (20.0)
154: 311 312 (34.0)
155: 308 (22.0)
156: 306 309 313 317 (25.0)
157: 314 315 (26.0)
158: 310 320 (22.0)
159: 316 318 (31.0)
160: 322 324 (20.0)
161: 319 321 (30.0)
162: 326 328 (17.0)
163: 329 (24.0)
164: 323 (25.0)
165: 325 327 333 (29.0)
166: 331 332 (29.0)
167: 330 334 (31.0)
168: 335 337 (26.0)
169: 338 339 341 (41.0)
170: 336 340 342 (30.0)
171: 343 345 (33.0)
172: 344 347 (28.0)
173: 349 350 (24.0)
174: 348 354 (30.0)
175: 352 355 (22.0)
176: 351 (20.0)
177: 346 357 (28.0)
178: 353 358 (32.0)
179: 359 365 (26.0)
180: 364 366 (30.0)
181: 361 362 (38.0)
182: 356 363 (29.0)
183: 360 367 (21.0)
184: 368 369 (28.0)
185: 371 377 (25.0)
186: 375 379 (35.0)
187: 370 372 (25.0)
188: 373 376 (34.0)
189: 380 385 (21.0)
190: 374 388 (21.0)
191: 378 383 (26.0)
192: 382 386 (31.0)
193: 381 391 (35.0)
194: 384 390 (29.0)
195: 392 393 (29.0)
196: 387 397 400 (30.0)
197: 398 403 (28.0)
198: 389 395 (22.0)
199: 399 (24.0)
200: 394 402 (29.0)
201: 396 405 (33.0)
202: 404 409 (29.0)
203: 406 407 (29.0)
204: 401 408 (35.0)
205: 410 411 (29.0)
206: 412 413 (29.0)
207: 414 416 419 (44.0)
208: 415 (23.0)
209: 417 418 (20.0)
210: 421 423 (33.0)
211: 425 427 (30.0)
212: 424 426 (28.0)
213: 420 422 (25.0)
214: 429 432 (27.0)
215: 428 (26.0)
216: 433 434 435 (37.0)
217: 430 437 438 (30.0)
218: 431 439 (32.0)
219: 436 (28.0)
220: 440 441 (30.0)
221: 442 443 (30.0)
222: 444 446 (30.0)
223: 445 447 (30.0)
224: 449 (28.0)
225: 448 452 453 456 460 (29.0)
226: 454 461 (30.0)
227: 450 451 (30.0)
228: 459 464 (32.0)
229: 455 457 462 (30.0)
230: 458 466 469 (30.0)
231: 465 467 473 (30.0)
232: 463 471 472 (35.0)
233: 468 470 476 481 (31.0)
234: 475 483 486 490 (33.0)
235: 474 477 478 (30.0)
236: 480 482 484 487 (30.0)
237: 479 488 495 (29.0)
238: 492 494 (30.0)
239: 485 489 496 (29.0)
240: 491 499 (29.0)
241: 493 497 498 (25.0)
