Name: 500-40-75
Time: 18.29497742652893 
Result: 88056
Solution:  1 0 4 4 0 1 1 2 2 3 6 8 10 3 7 7 8 10 8 6 12 10 8 13 11 12 13 14 11 14 18 17 15 15 18 13 17 19 19 22 24 24 19 20 21 21 23 23 20 25 25 26 22 28 29 28 26 27 29 31 26 32 33 31 31 30 32 33 31 35 34 36 35 36 36 34 38 38 37 41 39 41 43 41 42 45 44 43 46 47 44 42 49 45 49 47 48 48 50 50 49 51 52 54 52 51 52 53 52 57 55 56 53 55 55 59 54 56 58 59 60 58 62 60 61 62 61 64 65 64 65 65 67 69 66 70 68 68 72 67 70 67 70 71 71 72 74 74 73 73 76 74 76 75 77 75 78 78 77 80 79 80 81 81 85 80 83 85 84 84 82 83 86 88 87 88 89 88 86 87 87 89 93 92 90 91 90 91 92 95 92 94 93 94 97 90 94 95 96 98 93 99 98 95 96 98 99 98 99 97 99 100 97 98 100 102 101 103 103 102 102 101 107 104 105 103 104 105 104 106 106 107 107 103 108 110 105 109 107 108 110 108 109 112 113 111 111 111 114 114 114 112 110 113 113 115 110 113 115 119 117 116 120 116 120 118 118 116 115 118 123 120 122 117 124 118 117 119 121 122 123 121 120 125 126 123 125 122 126 122 128 128 124 127 124 125 127 128 127 130 132 129 130 127 130 131 134 131 133 133 132 133 132 135 135 135 131 137 139 136 134 134 136 137 137 136 138 138 138 136 140 139 141 140 140 142 143 141 141 143 143 142 143 143 144 144 145 145 149 147 146 144 146 147 148 147 146 149 149 149 148 147 147 151 151 150 152 152 150 153 152 152 154 153 154 156 155 156 156 152 155 155 160 158 158 158 157 161 156 155 157 159 163 159 160 161 161 164 161 159 164 162 166 163 162 162 163 167 167 165 166 167 168 165 171 165 170 166 168 170 169 167 168 169 169 174 170 170 173 174 171 172 172 171 175 173 175 173 175 172 180 176 174 178 177 178 176 178 176 179 177 179 181 180 179 180 178 182 183 182 182 181 185 184 186 184 184 186 184 185 187 185 188 183 185 186 189 191 191 191 188 189 192 187 191 188 192 194 190 193 194 192 195 190 194 193 193 195 195 193
0: 1 4 (56.0)
1: 0 5 6 (43.0)
2: 7 8 (47.0)
3: 9 13 (40.0)
4: 2 3 (40.0)
5: (0.0)
6: 10 19 (52.0)
7: 14 15 (41.0)
8: 11 16 18 22 (72.0)
9: (0.0)
10: 12 17 21 (53.0)
11: 24 28 (28.0)
12: 20 25 (61.0)
13: 23 26 35 (43.0)
14: 27 29 (62.0)
15: 32 33 (43.0)
16: (0.0)
17: 31 36 (45.0)
18: 30 34 (47.0)
19: 37 38 42 (68.0)
20: 43 48 (40.0)
21: 44 45 (45.0)
22: 39 52 (54.0)
23: 46 47 (45.0)
24: 40 41 (44.0)
25: 49 50 (45.0)
26: 51 56 60 (35.0)
27: 57 (42.0)
28: 53 55 (46.0)
29: 54 58 (58.0)
30: 65 (43.0)
31: 59 63 64 68 (59.0)
32: 61 66 (49.0)
33: 62 67 (59.0)
34: 70 75 (45.0)
35: 69 72 (61.0)
36: 71 73 74 (64.0)
37: 78 (35.0)
38: 76 77 (49.0)
39: 80 (43.0)
40: (0.0)
41: 79 81 83 (43.0)
42: 84 91 (53.0)
43: 82 87 (54.0)
44: 86 90 (57.0)
45: 85 93 (40.0)
46: 88 (48.0)
47: 89 95 (47.0)
48: 96 97 (51.0)
49: 92 94 100 (40.0)
50: 98 99 (51.0)
51: 101 105 (63.0)
52: 102 104 106 108 (71.0)
53: 107 112 (68.0)
54: 103 116 (54.0)
55: 110 113 114 (55.0)
56: 111 117 (72.0)
57: 109 (39.0)
58: 118 121 (69.0)
59: 115 119 (45.0)
60: 120 123 (44.0)
61: 124 126 (59.0)
62: 122 125 (56.0)
63: (0.0)
64: 127 129 (59.0)
65: 128 130 131 (73.0)
66: 134 (45.0)
67: 132 139 141 (60.0)
68: 136 137 (54.0)
69: 133 (33.0)
70: 135 140 142 (67.0)
71: 143 144 (60.0)
72: 138 145 (64.0)
73: 148 149 (56.0)
74: 146 147 151 (64.0)
75: 153 155 (69.0)
76: 150 152 (71.0)
77: 154 158 (71.0)
78: 156 157 (57.0)
79: 160 (45.0)
80: 159 161 165 (67.0)
81: 162 163 (58.0)
82: 170 (45.0)
83: 166 171 (42.0)
84: 168 169 (58.0)
85: 164 167 (41.0)
86: 172 178 (58.0)
87: 174 179 180 (61.0)
88: 173 175 177 (61.0)
89: 176 181 (56.0)
90: 184 186 195 (77.0)
91: 185 187 (49.0)
92: 183 188 190 (59.0)
93: 182 192 200 (62.0)
94: 191 193 196 (72.0)
95: 189 197 203 (42.0)
96: 198 204 (61.0)
97: 194 209 212 (60.0)
98: 199 202 205 207 213 (51.0)
99: 201 206 208 210 (67.0)
100: 211 214 (51.0)
101: 216 221 (41.0)
102: 215 219 220 (71.0)
103: 217 218 225 233 (67.0)
104: 223 226 228 (51.0)
105: 224 227 236 (65.0)
106: 229 230 (53.0)
107: 222 231 232 238 (73.0)
108: 234 239 241 (75.0)
109: 237 242 (61.0)
110: 235 240 252 256 (47.0)
111: 245 246 247 (61.0)
112: 243 251 (44.0)
113: 244 253 254 257 (68.0)
114: 248 249 250 (61.0)
115: 255 258 268 (70.0)
116: 261 263 267 (58.0)
117: 260 273 276 (69.0)
118: 265 266 269 275 (70.0)
119: 259 277 (69.0)
120: 262 264 271 282 (63.0)
121: 278 281 (62.0)
122: 272 279 287 289 (74.0)
123: 270 280 285 (73.0)
124: 274 292 294 (74.0)
125: 283 286 295 (62.0)
126: 284 288 (51.0)
127: 293 296 298 303 (59.0)
128: 290 291 297 (55.0)
129: 301 (51.0)
130: 299 302 304 (74.0)
131: 305 307 316 (59.0)
132: 300 310 312 (55.0)
133: 308 309 311 (60.0)
134: 306 320 321 (74.0)
135: 313 314 315 (71.0)
136: 319 322 325 329 (75.0)
137: 317 323 324 (59.0)
138: 326 327 328 (67.0)
139: 318 331 (68.0)
140: 330 333 334 (67.0)
141: 332 337 338 (74.0)
142: 335 341 (75.0)
143: 336 339 340 342 343 (68.0)
144: 344 345 351 (73.0)
145: 346 347 (75.0)
146: 350 352 356 (76.0)
147: 349 353 355 361 362 (71.0)
148: 354 360 (66.0)
149: 348 357 358 359 (71.0)
150: 365 368 (74.0)
151: 363 364 (46.0)
152: 366 367 370 371 379 (73.0)
153: 369 373 (61.0)
154: 372 374 (51.0)
155: 376 380 381 389 (66.0)
156: 375 377 378 388 (75.0)
157: 386 390 (51.0)
158: 383 384 385 (70.0)
159: 391 393 399 (74.0)
160: 382 394 (79.0)
161: 387 395 396 398 (79.0)
162: 401 404 405 (74.0)
163: 392 403 406 (71.0)
164: 397 400 (72.0)
165: 409 413 415 (81.0)
166: 402 410 417 (78.0)
167: 407 408 411 421 (78.0)
168: 412 418 422 (74.0)
169: 420 423 424 (75.0)
170: 416 419 426 427 (81.0)
171: 414 430 433 (68.0)
172: 431 432 439 (84.0)
173: 428 435 437 (69.0)
174: 425 429 442 (71.0)
175: 434 436 438 (69.0)
176: 441 446 448 (73.0)
177: 444 450 (73.0)
178: 443 445 447 456 (69.0)
179: 449 451 454 (62.0)
180: 440 453 455 (74.0)
181: 452 461 (69.0)
182: 457 459 460 (73.0)
183: 458 473 (69.0)
184: 463 465 466 468 (80.0)
185: 462 469 471 474 (54.0)
186: 464 467 475 (75.0)
187: 470 483 (63.0)
188: 472 480 485 (84.0)
189: 476 481 (80.0)
190: 488 493 (73.0)
191: 477 478 479 484 (72.0)
192: 482 486 491 (71.0)
193: 489 495 496 499 (74.0)
194: 487 490 494 (74.0)
195: 492 497 498 (76.0)
