Name: 750-30-50
Time: 52.42347478866577 
Result: 55
Solution:  0 0 5 1 2 2 2 1 4 4 6 8 5 5 3 7 8 9 6 9 7 13 11 11 12 9 12 13 15 17 15 12 18 16 15 16 20 17 18 20 20 21 22 23 22 23 26 25 21 24 24 25 28 25 26 29 30 25 29 29 31 30 28 32 32 33 34 31 32 34 35 36 36 33 37 36 38 37 35 39 43 38 41 38 39 40 44 40 46 44 45 49 45 48 44 51 48 47 48 49 47 50 50 52 54 50 54 55 53 56 57 57 56 52 55 58 58 56 61 58 59 62 62 61 63 62 59 63 65 64 63 67 65 64 68 64 69 67 69 69 71 68 70 70 72 72 74 71 76 75 76 74 77 77 73 75 79 78 81 75 82 80 80 83 82 79 84 83 84 81 85 88 89 86 84 85 90 88 92 87 91 89 87 92 93 92 90 93 94 92 96 91 99 97 96 97 95 98 98 102 97 99 102 100 101 101 103 103 104 103 102 106 104 107 106 107 107 109 110 111 110 108 111 112 112 110 114 109 116 113 118 117 115 119 117 114 118 119 116 119 121 116 122 122 123 120 120 124 123 127 124 125 125 128 131 127 126 124 130 128 126 130 130 131 132 132 135 133 132 132 133 138 134 137 132 136 134 134 138 136 134 135 137 139 137 139 139 140 139 140 139 141 138 144 143 144 143 141 143 146 141 142 143 142 145 148 147 144 143 145 149 145 147 148 149 149 146 150 151 150 150 151 149 152 152 153 154 156 149 154 153 153 155 156 151 153 155 157 154 157 158 154 157 158 160 159 158 161 159 160 158 165 165 161 161 164 163 162 161 160 162 166 160 166 163 167 165 163 165 164 164 168 167 166 166 171 170 168 168 173 169 170 169 173 173 170 173 173 172 174 172 176 171 177 178 175 175 175 176 177 176 177 179 178 179 182 176 178 180 181 178 181 181 184 180 183 180 183 181 184 182 187 183 183 185 187 185 189 186 190 187 188 186 186 190 188 188 190 189 192 187 189 191 191 192 194 192 195 195 197 193 195 193 194 193 192 196 195 196 198 198 196 195 197 197 200 201 198 199 200 204 203 203 200 203 202 202 202 203 201 205 204 201 204 205 202 206 206 205 204 207 207 208 207 209 208 209 213 210 212 211 211 210 210 209 209 216 215 214 212 215 212 215 214 214 214 216 217 216 219 213 218 218 218 217 217 219 220 219 218 219 222 218 221 221 224 221 222 225 223 223 225 225 226 225 227 224 226 228 225 227 229 226 228 226 228 227 230 229 229 228 231 230 231 232 230 232 233 232 233 232 236 235 236 234 234 238 236 237 237 240 238 235 237 239 242 238 238 239 239 240 240 240 245 245 242 244 243 246 242 241 245 241 248 244 243 246 246 243 245 248 250 249 249 247 250 246 252 248 249 252 251 253 249 251 250 252 253 255 254 253 253 251 254 257 255 255 257 256 254 256 259 260 256 257 259 258 260 262 260 260 260 261 258 261 262 263 265 261 263 266 268 264 269 264 266 263 263 268 266 266 267 271 264 270 272 270 265 270 271 268 270 271 267 276 273 272 269 274 273 278 275 274 273 273 275 277 273 278 276 277 278 280 276 275 283 280 279 278 282 277 279 279 281 280 281 282 283 279 282 285 281 285 284 287 285 284 286 289 287 287 286 290 287 287 288 288 288 292 289 290 290 291 292 293 289 291 289 291 293
0: 0 1 (30.0)
1: 3 7 (23.0)
2: 4 5 6 (50.0)
3: 14 (15.0)
4: 8 9 (30.0)
5: 2 12 13 (47.0)
6: 10 18 (41.0)
7: 15 20 (35.0)
8: 11 16 (33.0)
9: 17 19 25 (30.0)
10: (0.0)
11: 22 23 (30.0)
12: 24 26 31 (44.0)
13: 21 27 (36.0)
14: (0.0)
15: 28 30 34 (26.0)
16: 33 35 (41.0)
17: 29 37 (47.0)
18: 32 38 (30.0)
19: (0.0)
20: 36 39 40 (30.0)
21: 41 48 (36.0)
22: 42 44 (19.0)
23: 43 45 (43.0)
24: 49 50 (37.0)
25: 47 51 53 57 (29.0)
26: 46 54 (40.0)
27: (0.0)
28: 52 62 (48.0)
29: 55 58 59 (42.0)
30: 56 61 (35.0)
31: 60 67 (37.0)
32: 63 64 68 (27.0)
33: 65 73 (41.0)
34: 66 69 (41.0)
35: 70 78 (38.0)
36: 71 72 75 (33.0)
37: 74 77 (47.0)
38: 76 81 83 (31.0)
39: 79 84 (28.0)
40: 85 87 (32.0)
41: 82 (26.0)
42: (0.0)
43: 80 (18.0)
44: 86 89 94 (22.0)
45: 90 92 (46.0)
46: 88 (30.0)
47: 97 100 (41.0)
48: 93 96 98 (28.0)
49: 91 99 (36.0)
50: 101 102 105 (36.0)
51: 95 (27.0)
52: 103 113 (45.0)
53: 108 (30.0)
54: 104 106 (31.0)
55: 107 114 (36.0)
56: 109 112 117 (32.0)
57: 110 111 (33.0)
58: 115 116 119 (33.0)
59: 120 126 (47.0)
60: (0.0)
61: 118 123 (55.0)
62: 121 122 125 (32.0)
63: 124 127 130 (50.0)
64: 129 133 135 (39.0)
65: 128 132 (44.0)
66: (0.0)
67: 131 137 (34.0)
68: 134 141 (35.0)
69: 136 138 139 (45.0)
70: 142 143 (34.0)
71: 140 147 (40.0)
72: 144 145 (34.0)
73: 154 (26.0)
74: 146 151 (41.0)
75: 149 155 159 (25.0)
76: 148 150 (34.0)
77: 152 153 (34.0)
78: 157 (13.0)
79: 156 165 (34.0)
80: 161 162 (32.0)
81: 158 169 (45.0)
82: 160 164 (45.0)
83: 163 167 (45.0)
84: 166 168 174 (27.0)
85: 170 175 (42.0)
86: 173 (33.0)
87: 179 182 (48.0)
88: 171 177 (44.0)
89: 172 181 (14.0)
90: 176 186 (31.0)
91: 180 191 (49.0)
92: 178 183 185 189 (34.0)
93: 184 187 (47.0)
94: 188 (31.0)
95: 196 (31.0)
96: 190 194 (39.0)
97: 193 195 200 (47.0)
98: 197 198 (35.0)
99: 192 201 (32.0)
100: 203 (27.0)
101: 204 205 (36.0)
102: 199 202 210 (31.0)
103: 206 207 209 (49.0)
104: 208 212 (49.0)
105: (0.0)
106: 211 214 (33.0)
107: 213 215 216 (57.0)
108: 221 (25.0)
109: 217 227 (27.0)
110: 218 220 225 (38.0)
111: 219 222 (37.0)
112: 223 224 (48.0)
113: 229 (32.0)
114: 226 235 (44.0)
115: 232 (34.0)
116: 228 238 241 (33.0)
117: 231 234 (43.0)
118: 230 236 (35.0)
119: 233 237 239 (33.0)
120: 245 246 (51.0)
121: 240 (30.0)
122: 242 243 (37.0)
123: 244 248 (32.0)
124: 247 250 257 (33.0)
125: 251 252 (47.0)
126: 256 260 (36.0)
127: 249 255 (41.0)
128: 253 259 (43.0)
129: (0.0)
130: 258 261 262 (49.0)
131: 254 263 (46.0)
132: 264 265 268 269 274 (43.0)
133: 267 270 (38.0)
134: 272 276 277 280 (27.0)
135: 266 281 (49.0)
136: 275 279 (31.0)
137: 273 282 284 (46.0)
138: 271 278 292 (32.0)
139: 283 285 286 288 290 (32.0)
140: 287 289 (50.0)
141: 291 297 300 (45.0)
142: 301 303 (34.0)
143: 294 296 298 302 308 (43.0)
144: 293 295 307 (37.0)
145: 304 309 311 (39.0)
146: 299 316 (32.0)
147: 306 312 (43.0)
148: 305 313 (39.0)
149: 310 314 315 322 328 (31.0)
150: 317 319 320 (38.0)
151: 318 321 334 (42.0)
152: 323 324 (40.0)
153: 325 330 331 335 (37.0)
154: 326 329 338 341 (30.0)
155: 332 336 (44.0)
156: 327 333 (51.0)
157: 337 339 342 (63.0)
158: 340 343 346 350 (44.0)
159: 345 348 (40.0)
160: 344 349 359 362 (49.0)
161: 347 353 354 358 (46.0)
162: 357 360 (41.0)
163: 356 364 367 (49.0)
164: 355 369 370 (40.0)
165: 351 352 366 368 (41.0)
166: 361 363 373 374 (33.0)
167: 365 372 (49.0)
168: 371 377 378 (38.0)
169: 380 382 (40.0)
170: 376 381 385 (40.0)
171: 375 392 (30.0)
172: 388 390 (35.0)
173: 379 383 384 386 387 (33.0)
174: 389 (32.0)
175: 395 396 397 (44.0)
176: 391 398 400 406 (50.0)
177: 393 399 401 (45.0)
178: 394 403 407 410 (47.0)
179: 402 404 (41.0)
180: 408 414 416 (37.0)
181: 409 411 412 418 (43.0)
182: 405 420 (46.0)
183: 415 417 422 423 (41.0)
184: 413 419 (33.0)
185: 424 426 (45.0)
186: 428 432 433 (50.0)
187: 421 425 430 440 (50.0)
188: 431 435 436 (40.0)
189: 427 438 441 (40.0)
190: 429 434 437 (37.0)
191: 442 443 (34.0)
192: 439 444 446 455 (32.0)
193: 450 452 454 (50.0)
194: 445 453 (49.0)
195: 447 448 451 457 462 (49.0)
196: 456 458 461 (58.0)
197: 449 463 464 (47.0)
198: 459 460 467 (48.0)
199: 468 (31.0)
200: 465 469 473 (49.0)
201: 466 479 482 (49.0)
202: 475 476 477 485 (37.0)
203: 471 472 474 478 (50.0)
204: 470 481 483 489 (49.0)
205: 480 484 488 (37.0)
206: 486 487 (32.0)
207: 490 491 493 (36.0)
208: 492 495 (43.0)
209: 494 496 504 505 (48.0)
210: 498 502 503 (48.0)
211: 500 501 (39.0)
212: 499 509 511 (39.0)
213: 497 520 (54.0)
214: 508 513 514 515 (49.0)
215: 507 510 512 (50.0)
216: 506 516 518 (50.0)
217: 517 524 525 (44.0)
218: 521 522 523 529 532 (39.0)
219: 519 526 528 530 (41.0)
220: 527 (40.0)
221: 533 534 536 (47.0)
222: 531 537 (49.0)
223: 539 540 (43.0)
224: 535 546 (41.0)
225: 538 541 542 544 549 (45.0)
226: 543 547 552 554 (46.0)
227: 545 550 556 (56.0)
228: 548 553 555 560 (48.0)
229: 551 558 559 (57.0)
230: 557 562 565 (50.0)
231: 561 563 (43.0)
232: 564 566 568 570 (34.0)
233: 567 569 (44.0)
234: 574 575 (36.0)
235: 572 582 (36.0)
236: 571 573 577 (50.0)
237: 578 579 583 (47.0)
238: 576 581 586 587 (47.0)
239: 584 588 589 (49.0)
240: 580 590 591 592 (49.0)
241: 600 602 (44.0)
242: 585 595 599 (45.0)
243: 597 605 608 (48.0)
244: 596 604 (46.0)
245: 593 594 601 609 (45.0)
246: 598 606 607 616 (50.0)
247: 614 (30.0)
248: 603 610 618 (57.0)
249: 612 613 619 623 (58.0)
250: 611 615 625 (50.0)
251: 621 624 632 (58.0)
252: 617 620 626 (44.0)
253: 622 627 630 631 (47.0)
254: 629 633 639 (41.0)
255: 628 635 636 (48.0)
256: 638 640 643 (46.0)
257: 634 637 644 (50.0)
258: 646 653 (41.0)
259: 641 645 (48.0)
260: 642 647 649 650 651 (47.0)
261: 652 654 658 (44.0)
262: 648 655 (38.0)
263: 656 659 666 667 (42.0)
264: 662 664 673 (38.0)
265: 657 677 (51.0)
266: 660 665 669 670 (49.0)
267: 671 683 (55.0)
268: 661 668 680 (47.0)
269: 663 687 (53.0)
270: 674 676 678 681 (68.0)
271: 672 679 682 (44.0)
272: 675 686 (50.0)
273: 685 689 693 694 697 (56.0)
274: 688 692 (41.0)
275: 691 695 704 (45.0)
276: 684 699 703 (50.0)
277: 696 700 710 (53.0)
278: 690 698 701 708 (48.0)
279: 707 711 712 718 (52.0)
280: 702 706 714 (50.0)
281: 713 715 721 (46.0)
282: 709 716 719 (46.0)
283: 705 717 (50.0)
284: 723 726 (53.0)
285: 720 722 725 (60.0)
286: 727 731 (48.0)
287: 724 729 730 733 734 (49.0)
288: 735 736 737 (50.0)
289: 728 739 745 747 (46.0)
290: 732 740 741 (57.0)
291: 742 746 748 (32.0)
292: 738 743 (43.0)
293: 744 749 (60.0)
