Name: 750-50-100
Time: 27.13821578025818 
Result: 220089
Solution:  2 0 1 1 1 0 4 0 4 4 5 2 7 5 6 5 7 8 10 8 12 6 8 15 12 15 13 14 13 16 17 17 16 16 15 20 16 14 18 18 21 19 20 17 24 19 24 21 24 26 23 25 23 28 29 28 30 25 33 32 29 30 31 30 31 29 32 36 36 35 35 35 38 36 34 37 37 41 38 41 37 42 40 39 44 40 40 45 44 46 42 45 48 46 48 46 49 49 49 51 52 48 52 53 51 53 50 50 58 56 52 54 58 56 57 55 55 54 58 63 57 61 61 62 59 61 64 65 64 67 66 68 66 67 69 65 71 70 70 68 68 69 70 73 72 71 76 72 70 74 75 75 77 73 76 77 81 79 79 79 82 80 82 80 78 78 83 83 81 84 85 87 86 86 84 90 87 85 88 89 88 90 90 92 89 91 94 93 93 95 91 92 98 100 95 97 99 99 100 97 98 96 99 99 102 101 97 103 99 101 100 102 102 101 107 104 101 104 104 107 103 105 103 108 107 109 105 107 108 104 110 110 112 107 109 108 111 112 113 112 111 114 110 114 113 112 114 114 113 117 115 116 115 116 116 118 115 119 117 119 118 120 119 120 122 119 118 121 120 121 119 124 124 125 122 120 127 122 126 125 128 124 126 126 128 125 128 124 127 128 131 129 130 129 130 128 132 130 131 131 131 134 132 130 135 133 134 135 133 136 135 135 139 136 135 136 137 137 134 135 139 143 138 140 138 138 138 145 140 143 144 142 141 140 142 143 144 145 142 144 143 144 147 147 146 145 147 148 147 149 145 150 153 148 151 150 151 150 148 152 153 152 152 153 152 149 153 154 158 155 154 154 156 155 154 156 157 157 155 158 158 160 160 158 159 159 158 161 157 158 162 161 164 162 163 165 165 166 166 164 164 163 168 163 167 168 167 167 169 168 165 170 169 169 167 171 174 172 169 171 173 171 171 170 174 175 172 175 175 176 176 174 178 176 173 177 176 177 177 178 179 178 183 178 180 183 180 181 179 184 182 185 179 184 182 180 182 186 180 185 182 184 183 187 184 190 187 187 186 191 188 189 190 191 186 190 189 195 192 192 190 192 191 193 193 193 196 191 198 197 195 194 195 196 198 195 197 197 194 200 196 198 201 199 200 200 200 199 201 203 199 201 203 202 202 204 205 202 202 204 208 206 209 207 206 206 205 207 208 210 206 209 207 205 212 210 208 211 207 211 214 213 210 214 213 213 212 211 215 213 215 215 216 213 216 221 213 218 217 218 218 219 219 218 220 219 220 217 219 220 222 223 224 222 226 222 223 226 224 227 225 224 223 229 227 229 226 227 228 228 228 231 232 225 231 230 229 230 232 231 234 229 233 234 235 235 231 233 233 232 235 232 238 238 236 236 237 240 234 237 237 237 239 243 238 240 240 239 242 241 241 244 241 243 242 239 244 246 247 244 242 246 246 243 245 245 247 246 249 249 247 248 246 251 249 247 254 251 255 251 250 252 251 256 253 254 255 256 253 252 252 255 258 254 252 258 258 257 256 261 258 259 258 259 259 257 260 263 259 260 262 261 262 261 263 267 264 265 264 262 267 268 264 267 265 266 269 266 267 268 269 273 268 270 268 271 272 275 271 269 271 272 274 270 269 273 272 274 274 276 274 277 275 276 276 275 277 280 278 278 281 275 281 278 279 279 279 280 281 281
0: 1 5 7 (83.0)
1: 2 3 4 (77.0)
2: 0 11 (51.0)
3: (0.0)
4: 6 8 9 (66.0)
5: 10 13 15 (55.0)
6: 14 21 (91.0)
7: 12 16 (53.0)
8: 17 19 22 (55.0)
9: (0.0)
10: 18 (39.0)
11: (0.0)
12: 20 24 (33.0)
13: 26 28 (58.0)
14: 27 37 (84.0)
15: 23 25 34 (102.0)
16: 29 32 33 36 (68.0)
17: 30 31 43 (61.0)
18: 38 39 (53.0)
19: 41 45 (80.0)
20: 35 42 (49.0)
21: 40 47 (53.0)
22: (0.0)
23: 50 52 (64.0)
24: 44 46 48 (46.0)
25: 51 57 (62.0)
26: 49 (34.0)
27: (0.0)
28: 53 55 (73.0)
29: 54 60 65 (51.0)
30: 56 61 63 (47.0)
31: 62 64 (83.0)
32: 59 66 (38.0)
33: 58 (36.0)
34: 74 (48.0)
35: 69 70 71 (98.0)
36: 67 68 73 (57.0)
37: 75 76 80 (56.0)
38: 72 78 (67.0)
39: 83 (52.0)
40: 82 85 86 (48.0)
41: 77 79 (72.0)
42: 81 90 (60.0)
43: (0.0)
44: 84 88 (58.0)
45: 87 91 (71.0)
46: 89 93 95 (48.0)
47: (0.0)
48: 92 94 101 (98.0)
49: 96 97 98 (78.0)
50: 106 107 (59.0)
51: 99 104 (54.0)
52: 100 102 110 (103.0)
53: 103 105 (58.0)
54: 111 117 (71.0)
55: 115 116 (62.0)
56: 109 113 (76.0)
57: 114 120 (65.0)
58: 108 112 118 (48.0)
59: 124 (52.0)
60: (0.0)
61: 121 122 125 (44.0)
62: 123 (50.0)
63: 119 (54.0)
64: 126 128 (59.0)
65: 127 135 (67.0)
66: 130 132 (61.0)
67: 129 133 (64.0)
68: 131 139 140 (88.0)
69: 134 141 (56.0)
70: 137 138 142 148 (76.0)
71: 136 145 (67.0)
72: 144 147 (57.0)
73: 143 153 (65.0)
74: 149 (51.0)
75: 150 151 (62.0)
76: 146 154 (75.0)
77: 152 155 (71.0)
78: 164 165 (64.0)
79: 157 158 159 (100.0)
80: 161 163 (60.0)
81: 156 168 (72.0)
82: 160 162 (68.0)
83: 166 167 (64.0)
84: 169 174 (66.0)
85: 170 177 (48.0)
86: 172 173 (65.0)
87: 171 176 (83.0)
88: 178 180 (69.0)
89: 179 184 (79.0)
90: 175 181 182 (58.0)
91: 185 190 (74.0)
92: 183 191 (68.0)
93: 187 188 (50.0)
94: 186 (56.0)
95: 189 194 (63.0)
96: 201 (50.0)
97: 195 199 206 (58.0)
98: 192 200 (54.0)
99: 196 197 202 203 208 (60.0)
100: 193 198 210 (79.0)
101: 205 209 213 216 (94.0)
102: 204 211 212 (71.0)
103: 207 220 222 (93.0)
104: 215 217 218 229 (63.0)
105: 221 226 (57.0)
106: (0.0)
107: 214 219 224 227 233 (60.0)
108: 223 228 235 (63.0)
109: 225 234 (72.0)
110: 230 231 242 (93.0)
111: 236 240 (75.0)
112: 232 237 239 245 (90.0)
113: 238 244 248 (62.0)
114: 241 243 246 247 (67.0)
115: 250 252 256 (58.0)
116: 251 253 254 (58.0)
117: 249 258 (64.0)
118: 255 260 266 (100.0)
119: 257 259 262 265 270 (82.0)
120: 261 263 268 275 (84.0)
121: 267 269 (71.0)
122: 264 274 277 (62.0)
123: (0.0)
124: 271 272 281 287 (93.0)
125: 273 279 285 (99.0)
126: 278 282 283 (76.0)
127: 276 288 (77.0)
128: 280 284 286 289 295 (75.0)
129: 291 293 (60.0)
130: 292 294 297 303 (94.0)
131: 290 298 299 300 (65.0)
132: 296 302 (90.0)
133: 305 308 (83.0)
134: 301 306 318 (62.0)
135: 304 307 310 311 314 319 (90.0)
136: 309 313 315 (79.0)
137: 316 317 (59.0)
138: 322 324 325 326 (78.0)
139: 312 320 (59.0)
140: 323 328 333 (91.0)
141: 332 (57.0)
142: 331 334 338 (83.0)
143: 321 329 335 340 (79.0)
144: 330 336 339 341 (97.0)
145: 327 337 345 350 (85.0)
146: 344 (55.0)
147: 342 343 346 348 (48.0)
148: 347 353 358 (90.0)
149: 349 365 (72.0)
150: 351 355 357 (69.0)
151: 354 356 (75.0)
152: 359 361 362 364 (98.0)
153: 352 360 363 366 (99.0)
154: 367 370 371 374 (78.0)
155: 369 373 378 (95.0)
156: 372 375 (67.0)
157: 376 377 388 (99.0)
158: 368 379 380 383 386 389 (75.0)
159: 384 385 (65.0)
160: 381 382 (67.0)
161: 387 391 (67.0)
162: 390 393 (62.0)
163: 394 401 403 (69.0)
164: 392 399 400 (70.0)
165: 395 396 410 (79.0)
166: 397 398 (75.0)
167: 404 406 407 414 (95.0)
168: 402 405 409 (56.0)
169: 408 412 413 418 (96.0)
170: 411 423 (82.0)
171: 415 419 421 422 (81.0)
172: 417 426 (89.0)
173: 420 434 (79.0)
174: 416 424 431 (83.0)
175: 425 427 428 (80.0)
176: 429 430 433 436 (89.0)
177: 435 437 438 (98.0)
178: 432 439 441 443 (100.0)
179: 440 448 452 (92.0)
180: 444 446 455 458 (109.0)
181: 447 (53.0)
182: 450 454 456 460 (79.0)
183: 442 445 462 (90.0)
184: 449 453 461 464 (88.0)
185: 451 459 (74.0)
186: 457 468 474 (89.0)
187: 463 466 467 (66.0)
188: 470 (62.0)
189: 471 476 (83.0)
190: 465 472 475 480 (85.0)
191: 469 473 482 487 (62.0)
192: 478 479 481 (95.0)
193: 483 484 485 (85.0)
194: 491 498 (88.0)
195: 477 490 492 495 (93.0)
196: 486 493 500 (85.0)
197: 489 496 497 (92.0)
198: 488 494 501 (99.0)
199: 503 507 510 (97.0)
200: 499 504 505 506 (101.0)
201: 502 508 511 (54.0)
202: 513 514 517 518 (67.0)
203: 509 512 (66.0)
204: 515 519 (74.0)
205: 516 526 533 (86.0)
206: 521 524 525 530 (100.0)
207: 523 527 532 538 (90.0)
208: 520 528 536 (99.0)
209: 522 531 (96.0)
210: 529 535 542 (92.0)
211: 537 539 547 (92.0)
212: 534 546 (88.0)
213: 541 544 545 549 553 556 (92.0)
214: 540 543 (97.0)
215: 548 550 551 (94.0)
216: 552 554 (80.0)
217: 558 567 (79.0)
218: 557 559 560 563 (113.0)
219: 561 562 565 568 (99.0)
220: 564 566 569 (101.0)
221: 555 (55.0)
222: 570 573 575 (92.0)
223: 571 576 582 (99.0)
224: 572 578 581 (98.0)
225: 580 593 (78.0)
226: 574 577 586 (83.0)
227: 579 584 587 (100.0)
228: 588 589 590 (91.0)
229: 583 585 596 601 (100.0)
230: 595 597 (88.0)
231: 591 594 599 606 (96.0)
232: 592 598 609 611 (99.0)
233: 602 607 608 (103.0)
234: 600 603 618 (97.0)
235: 604 605 610 (93.0)
236: 614 615 (89.0)
237: 616 619 620 621 (90.0)
238: 612 613 624 (87.0)
239: 622 627 635 (82.0)
240: 617 625 626 (98.0)
241: 629 630 632 (104.0)
242: 628 634 640 (92.0)
243: 623 633 643 (89.0)
244: 631 636 639 (115.0)
245: 644 645 (100.0)
246: 637 641 642 647 652 (99.0)
247: 638 646 650 655 (108.0)
248: 651 (89.0)
249: 648 649 654 (89.0)
250: 660 (75.0)
251: 653 657 659 662 (81.0)
252: 661 669 670 674 (100.0)
253: 664 668 (98.0)
254: 656 665 673 (92.0)
255: 658 666 671 (73.0)
256: 663 667 678 (99.0)
257: 677 685 (100.0)
258: 672 675 676 680 682 (98.0)
259: 681 683 684 688 (100.0)
260: 686 689 (95.0)
261: 679 691 693 (101.0)
262: 690 692 699 (100.0)
263: 687 694 (92.0)
264: 696 698 702 (117.0)
265: 697 704 (77.0)
266: 705 707 (87.0)
267: 695 700 703 708 (92.0)
268: 701 709 712 714 (100.0)
269: 706 710 719 724 (96.0)
270: 713 723 (75.0)
271: 715 718 720 (92.0)
272: 716 721 726 (111.0)
273: 711 725 (96.0)
274: 722 727 728 730 (98.0)
275: 717 732 735 741 (113.0)
276: 729 733 734 (101.0)
277: 731 736 (95.0)
278: 738 739 743 (94.0)
279: 744 745 746 (100.0)
280: 737 747 (98.0)
281: 740 742 748 749 (122.0)
