Name: 750-30-50
Time: 52.2291374206543 
Result: 54
Solution:  0 0 4 1 2 5 3 1 6 4 6 3 5 8 7 10 10 12 7 6 8 14 13 14 11 11 13 13 15 15 16 12 18 19 18 20 17 16 17 18 19 20 23 21 22 24 21 23 24 25 22 26 26 23 25 26 30 31 29 31 29 31 35 32 36 34 33 30 32 33 37 35 40 34 37 36 40 38 39 36 41 39 43 38 42 40 47 42 44 41 45 46 45 46 50 46 47 52 47 50 49 51 47 49 55 51 54 53 57 54 56 52 56 59 53 61 55 56 58 58 58 62 62 61 60 62 59 64 68 63 63 64 65 64 67 66 70 67 66 69 69 69 71 68 71 73 75 74 70 76 76 73 78 75 74 76 79 78 80 76 80 81 82 79 82 83 84 83 85 81 86 89 88 84 89 85 87 88 90 86 90 88 87 89 91 92 93 93 94 93 96 92 95 96 95 98 98 99 99 101 97 102 102 97 101 102 103 103 105 103 106 104 104 107 109 106 107 107 110 111 114 108 112 115 112 114 110 109 114 113 118 111 116 116 117 117 121 120 115 118 119 118 121 122 122 123 120 124 124 127 123 128 125 124 130 125 128 127 131 130 131 129 131 129 132 132 135 133 132 133 132 137 133 137 132 136 136 134 136 139 139 134 140 140 135 139 139 138 139 140 141 143 137 140 142 143 142 142 143 145 141 141 144 144 148 145 146 147 148 151 145 144 147 147 148 148 150 146 151 150 150 149 148 153 154 152 153 149 153 154 150 153 152 158 153 155 160 156 155 157 156 155 159 160 158 159 156 157 160 159 162 157 165 161 163 163 162 165 162 161 163 168 165 164 163 166 165 164 165 167 166 167 164 168 168 171 167 169 166 172 173 171 169 174 168 172 172 171 172 170 175 176 174 177 177 178 174 175 176 173 177 177 178 178 179 181 176 179 180 180 182 180 181 179 181 183 180 183 182 181 184 186 188 186 183 185 187 189 185 188 188 190 186 184 188 187 190 189 190 193 187 191 191 189 192 194 191 192 192 195 193 194 193 198 194 192 196 197 196 196 200 195 199 196 198 200 202 199 202 200 202 201 202 197 201 206 200 203 203 201 203 204 204 205 205 205 206 207 203 206 204 209 208 211 206 207 209 210 211 212 212 210 210 209 208 213 213 213 214 214 211 212 213 216 215 215 216 214 216 218 219 217 215 217 217 221 217 223 220 220 219 218 220 218 221 220 221 222 226 223 224 220 224 229 228 225 226 226 222 227 227 227 228 231 228 229 229 230 229 234 229 229 228 231 232 230 232 235 233 233 232 233 234 238 234 236 237 239 234 235 240 240 238 237 238 242 238 239 241 241 240 239 243 242 241 242 244 245 240 240 245 244 247 248 244 243 249 247 245 243 249 246 248 248 246 251 246 252 250 249 247 251 254 252 250 248 256 255 255 255 254 254 253 254 257 253 258 258 258 256 260 257 256 256 261 257 258 259 262 260 260 261 263 259 264 262 264 263 263 262 265 266 260 268 264 266 265 265 267 266 266 269 271 265 270 268 270 265 271 271 267 270 271 273 272 272 272 269 272 273 274 273 274 275 278 275 276 275 276 277 277 278 280 277 276 282 279 280 277 280 278 279 279 281 285 281 284 282 279 283 284 286 285 283 287 285 284 286 289 288 286 286 287 288 290 288 289 289 290 293 290 290 291 293 292 292 292 289 291 291
0: 0 1 (30.0)
1: 3 7 (23.0)
2: 4 (4.0)
3: 6 11 (31.0)
4: 2 9 (34.0)
5: 5 12 (42.0)
6: 8 10 19 (40.0)
7: 14 18 (37.0)
8: 13 20 (34.0)
9: (0.0)
10: 15 16 (37.0)
11: 24 25 (30.0)
12: 17 31 (32.0)
13: 22 26 27 (36.0)
14: 21 23 (34.0)
15: 28 29 (30.0)
16: 30 37 (30.0)
17: 36 38 (30.0)
18: 32 34 39 (30.0)
19: 33 40 (36.0)
20: 35 41 (36.0)
21: 43 46 (44.0)
22: 44 50 (36.0)
23: 42 47 53 (27.0)
24: 45 48 (37.0)
25: 49 54 (33.0)
26: 51 52 55 (40.0)
27: (0.0)
28: (0.0)
29: 58 60 (36.0)
30: 56 67 (41.0)
31: 57 59 61 (28.0)
32: 63 68 (16.0)
33: 66 69 (41.0)
34: 65 73 (41.0)
35: 62 71 (41.0)
36: 64 75 79 (28.0)
37: 70 74 (43.0)
38: 77 83 (27.0)
39: 78 81 (35.0)
40: 72 76 85 (38.0)
41: 80 89 (20.0)
42: 84 87 (34.0)
43: 82 (26.0)
44: 88 (30.0)
45: 90 92 (46.0)
46: 91 93 95 (45.0)
47: 86 96 98 102 (50.0)
48: (0.0)
49: 100 103 (46.0)
50: 94 99 (25.0)
51: 101 105 (27.0)
52: 97 111 (31.0)
53: 107 114 (36.0)
54: 106 109 (19.0)
55: 104 116 (30.0)
56: 110 112 117 (49.0)
57: 108 (30.0)
58: 118 119 120 (54.0)
59: 113 126 (48.0)
60: 124 (20.0)
61: 115 123 (40.0)
62: 121 122 125 (32.0)
63: 129 130 (36.0)
64: 127 131 133 (29.0)
65: 132 (23.0)
66: 135 138 (38.0)
67: 134 137 (42.0)
68: 128 143 (43.0)
69: 139 140 141 (45.0)
70: 136 148 (40.0)
71: 142 144 (36.0)
72: (0.0)
73: 145 151 (39.0)
74: 147 154 (48.0)
75: 146 153 (34.0)
76: 149 150 155 159 (30.0)
77: (0.0)
78: 152 157 (25.0)
79: 156 163 (38.0)
80: 158 160 (46.0)
81: 161 169 (34.0)
82: 162 164 (42.0)
83: 165 167 (41.0)
84: 166 173 (39.0)
85: 168 175 (42.0)
86: 170 179 (37.0)
87: 176 182 (37.0)
88: 172 177 181 (37.0)
89: 171 174 183 (39.0)
90: 178 180 (35.0)
91: 184 (30.0)
92: 185 191 (32.0)
93: 186 187 189 (41.0)
94: 188 (31.0)
95: 192 194 (47.0)
96: 190 193 (28.0)
97: 200 203 (49.0)
98: 195 196 (38.0)
99: 197 198 (35.0)
100: (0.0)
101: 199 204 (30.0)
102: 201 202 205 (35.0)
103: 206 207 209 (49.0)
104: 211 212 (46.0)
105: 208 (23.0)
106: 210 215 (40.0)
107: 213 216 217 (48.0)
108: 221 (25.0)
109: 214 227 (25.0)
110: 218 226 (39.0)
111: 219 231 (48.0)
112: 222 224 (39.0)
113: 229 (32.0)
114: 220 225 228 (29.0)
115: 223 238 (44.0)
116: 232 233 (37.0)
117: 234 235 (37.0)
118: 230 239 241 (35.0)
119: 240 (30.0)
120: 237 246 (43.0)
121: 236 242 (31.0)
122: 243 244 (44.0)
123: 245 250 (31.0)
124: 247 248 253 (45.0)
125: 252 255 (38.0)
126: (0.0)
127: 249 257 (37.0)
128: 251 256 (51.0)
129: 261 263 (52.0)
130: 254 259 (41.0)
131: 258 260 262 (39.0)
132: 264 265 268 270 274 (50.0)
133: 267 269 272 (34.0)
134: 277 281 (34.0)
135: 266 284 (51.0)
136: 275 276 278 (41.0)
137: 271 273 292 (26.0)
138: 287 (30.0)
139: 279 280 285 286 288 (34.0)
140: 282 283 289 293 (50.0)
141: 290 300 301 (40.0)
142: 294 296 297 (30.0)
143: 291 295 298 (49.0)
144: 302 303 311 (36.0)
145: 299 305 310 (46.0)
146: 306 317 (46.0)
147: 307 312 313 (35.0)
148: 304 308 314 315 322 (38.0)
149: 321 327 (49.0)
150: 316 319 320 330 (39.0)
151: 309 318 (47.0)
152: 325 332 (38.0)
153: 323 326 328 331 334 (23.0)
154: 324 329 (34.0)
155: 335 338 341 (36.0)
156: 337 340 346 (38.0)
157: 339 347 351 (41.0)
158: 333 344 (37.0)
159: 342 345 349 (48.0)
160: 336 343 348 (35.0)
161: 353 359 (47.0)
162: 350 356 358 (49.0)
163: 354 355 360 364 (50.0)
164: 363 367 372 (48.0)
165: 352 357 362 366 368 (48.0)
166: 365 370 378 (48.0)
167: 369 371 376 (39.0)
168: 361 373 374 384 (30.0)
169: 377 382 (38.0)
170: 389 (32.0)
171: 375 381 387 (42.0)
172: 379 385 386 388 (44.0)
173: 380 399 (41.0)
174: 383 392 396 (32.0)
175: 390 397 (32.0)
176: 391 398 406 (44.0)
177: 393 394 400 401 (37.0)
178: 395 402 403 (39.0)
179: 404 407 413 (49.0)
180: 408 409 411 416 (50.0)
181: 405 412 414 419 (56.0)
182: 410 418 (46.0)
183: 415 417 424 (49.0)
184: 420 433 (33.0)
185: 425 428 (27.0)
186: 421 423 432 (40.0)
187: 426 435 440 (52.0)
188: 422 429 430 434 (41.0)
189: 427 437 443 (50.0)
190: 431 436 438 (46.0)
191: 441 442 446 (37.0)
192: 444 447 448 455 (37.0)
193: 439 450 452 (45.0)
194: 445 451 454 (40.0)
195: 449 461 (43.0)
196: 456 458 459 463 (50.0)
197: 457 473 (39.0)
198: 453 464 (38.0)
199: 462 467 (44.0)
200: 460 465 469 476 (44.0)
201: 471 474 479 (44.0)
202: 466 468 470 472 (49.0)
203: 477 478 480 488 (47.0)
204: 481 482 490 (51.0)
205: 483 484 485 (44.0)
206: 475 486 489 494 (43.0)
207: 487 495 (38.0)
208: 492 504 (55.0)
209: 491 496 503 (49.0)
210: 497 501 502 (48.0)
211: 493 498 510 (40.0)
212: 499 500 511 (41.0)
213: 505 506 507 512 (37.0)
214: 508 509 517 (48.0)
215: 514 515 522 (49.0)
216: 513 516 518 (41.0)
217: 521 523 524 526 (48.0)
218: 519 531 533 (48.0)
219: 520 530 (49.0)
220: 528 529 532 535 541 (45.0)
221: 525 534 536 (32.0)
222: 537 548 (40.0)
223: 527 539 (51.0)
224: 540 542 (42.0)
225: 545 (38.0)
226: 538 546 547 (40.0)
227: 549 550 551 (46.0)
228: 544 552 554 562 (49.0)
229: 543 555 556 558 560 561 (50.0)
230: 557 565 (47.0)
231: 553 563 (44.0)
232: 564 566 570 (32.0)
233: 568 569 571 (45.0)
234: 559 572 574 578 (52.0)
235: 567 579 (35.0)
236: 575 (35.0)
237: 576 583 (39.0)
238: 573 582 584 586 (44.0)
239: 577 587 591 (48.0)
240: 580 581 590 598 599 (52.0)
241: 588 589 594 (48.0)
242: 585 593 595 (47.0)
243: 592 605 609 (50.0)
244: 596 601 604 (49.0)
245: 597 600 608 (55.0)
246: 611 614 616 (48.0)
247: 602 607 620 (49.0)
248: 603 612 613 625 (49.0)
249: 606 610 619 (51.0)
250: 618 624 (47.0)
251: 615 621 (47.0)
252: 617 623 (41.0)
253: 632 635 (37.0)
254: 622 630 631 633 (48.0)
255: 627 628 629 (47.0)
256: 626 639 642 643 (46.0)
257: 634 641 645 (58.0)
258: 636 637 638 646 (50.0)
259: 647 653 (57.0)
260: 640 649 650 662 (57.0)
261: 644 651 (33.0)
262: 648 655 659 (43.0)
263: 652 657 658 (50.0)
264: 654 656 664 (50.0)
265: 660 666 667 673 677 (49.0)
266: 661 665 669 670 (37.0)
267: 668 680 (46.0)
268: 663 675 (51.0)
269: 671 687 (54.0)
270: 674 676 681 (57.0)
271: 672 678 679 682 (55.0)
272: 684 685 686 688 (50.0)
273: 683 689 691 (50.0)
274: 690 692 (48.0)
275: 693 695 697 (50.0)
276: 696 698 704 (50.0)
277: 699 700 703 708 (49.0)
278: 694 701 710 (49.0)
279: 706 711 712 718 (48.0)
280: 702 707 709 (55.0)
281: 713 715 (45.0)
282: 705 717 (50.0)
283: 719 723 (52.0)
284: 716 720 726 (50.0)
285: 714 722 725 (56.0)
286: 721 727 730 731 (50.0)
287: 724 732 (43.0)
288: 729 733 735 (51.0)
289: 728 736 737 747 (42.0)
290: 734 738 740 741 (50.0)
291: 742 748 749 (49.0)
292: 744 745 746 (50.0)
293: 739 743 (51.0)
