Name: 750-40-75
Time: 54.553218126297 
Result: 83
Solution:  0 3 1 0 1 5 1 3 4 5 8 4 7 6 7 6 9 8 11 10 6 12 10 15 12 11 13 13 14 13 14 15 17 19 16 17 17 15 16 21 18 18 21 22 23 19 23 22 24 25 22 24 26 25 30 27 28 26 30 28 32 33 34 35 33 32 35 34 31 31 35 35 40 37 36 38 36 40 38 40 41 40 41 44 45 44 41 45 43 46 42 46 46 49 43 48 47 52 53 47 51 49 52 48 54 54 51 53 56 57 55 57 55 58 58 56 57 59 61 62 60 62 63 63 60 59 61 62 65 66 66 64 68 66 64 65 67 69 70 68 69 70 67 72 73 72 70 75 74 73 77 76 77 75 77 74 80 78 79 82 82 79 80 78 78 81 86 82 83 84 83 85 86 85 85 89 87 88 91 88 87 90 91 92 93 93 93 89 95 94 92 97 94 94 97 98 96 96 100 97 103 98 99 101 103 99 104 104 104 102 105 103 106 106 107 107 108 109 111 111 110 110 112 108 110 109 112 113 115 116 115 114 113 115 118 118 119 117 116 119 120 121 117 121 120 124 124 123 126 122 123 125 129 127 125 126 127 130 130 128 131 131 131 130 133 135 134 134 133 137 137 135 132 135 140 136 138 138 139 140 139 139 137 145 142 141 141 143 142 140 145 141 144 144 146 148 147 148 148 149 150 150 153 151 149 151 153 154 152 154 154 152 157 155 156 158 158 156 155 161 160 159 162 160 161 164 162 165 166 163 168 164 169 163 167 168 167 166 169 170 172 170 170 171 173 172 171 177 173 175 174 174 177 178 176 178 176 179 182 179 181 181 180 182 181 185 184 184 180 185 183 186 186 186 189 188 188 187 189 191 190 190 191 189 192 193 192 196 194 194 193 195 196 198 194 200 197 198 199 199 198 200 197 205 205 204 203 202 202 203 206 201 206 205 206 207 209 208 210 207 209 211 212 211 215 212 213 216 214 214 219 216 215 216 217 217 218 215 221 217 220 220 224 219 224 225 221 222 223 223 222 227 226 228 228 225 229 230 226 230 231 232 231 234 233 229 232 235 233 235 234 235 236 236 237 237 238 240 239 239 238 242 241 238 237 242 244 238 246 244 245 241 245 243 246 248 243 242 246 247 247 247 247 249 250 248 245 248 248 250 253 249 249 251 250 251 252 252 254 253 252 254 254 257 251 255 255 253 258 255 256 257 256 255 258 256 261 260 257 259 260 258 257 265 262 263 259 261 262 264 262 264 263 268 264 261 262 264 266 270 266 267 267 267 268 265 268 271 266 269 270 268 270 269 273 271 272 269 274 273 271 277 276 274 272 275 275 277 274 280 276 275 273 277 278 277 278 280 280 276 281 280 281 279 278 279 282 283 282 286 283 282 284 284 284 281 284 288 287 287 285 283 289 286 289 287 286 285 291 290 290 291 288 291 289 294 290 292 293 292 293 291 293 293 294 294 293 297 296 295 295 296 295 295 298 294 299 298 300 297 302 297 303 300 298 300 302 299 303 301 304 304 304 307 305 301 305 303 306 306 306 307 307 308 305 308 307 311 310 309 312 311 310 311 311 309 311 312 312 316 310 313 314 315 313 314 314 316 316 318 315 317 321 317 315 318 321 319 320 319 320 323 319 323 321 321 322 323 323 322 323 324 325 326 321 324 324 328 322 327 325 326 329 326 329 328 327 329 328 329
0: 0 3 (51.0)
1: 2 4 6 (38.0)
2: (0.0)
3: 1 7 (39.0)
4: 8 11 (47.0)
5: 5 9 (54.0)
6: 13 15 20 (48.0)
7: 12 14 (51.0)
8: 10 17 (42.0)
9: 16 (9.0)
10: 19 22 (52.0)
11: 18 25 (29.0)
12: 21 24 (49.0)
13: 26 27 29 (52.0)
14: 28 30 (63.0)
15: 23 31 37 (53.0)
16: 34 38 (48.0)
17: 32 35 36 (41.0)
18: 40 41 (41.0)
19: 33 45 (41.0)
20: (0.0)
21: 39 42 (54.0)
22: 43 47 50 (38.0)
23: 44 46 (45.0)
24: 48 51 (61.0)
25: 49 53 (20.0)
26: 52 57 (40.0)
27: 55 (34.0)
28: 56 59 (57.0)
29: (0.0)
30: 54 58 (20.0)
31: 68 69 (42.0)
32: 60 65 (40.0)
33: 61 64 (44.0)
34: 62 67 (71.0)
35: 63 66 70 71 (55.0)
36: 74 76 (44.0)
37: 73 (35.0)
38: 75 78 (61.0)
39: (0.0)
40: 72 77 79 81 (43.0)
41: 80 82 86 (43.0)
42: 90 (40.0)
43: 88 94 (51.0)
44: 83 85 (64.0)
45: 84 87 (52.0)
46: 89 91 92 (20.0)
47: 96 99 (50.0)
48: 95 103 (45.0)
49: 93 101 (62.0)
50: (0.0)
51: 100 106 (34.0)
52: 97 102 (48.0)
53: 98 107 (40.0)
54: 104 105 (44.0)
55: 110 112 (26.0)
56: 108 115 (59.0)
57: 109 111 116 (40.0)
58: 113 114 (58.0)
59: 117 125 (60.0)
60: 120 124 (50.0)
61: 118 126 (68.0)
62: 119 121 127 (40.0)
63: 122 123 (45.0)
64: 131 134 (54.0)
65: 128 135 (49.0)
66: 129 130 133 (44.0)
67: 136 142 (50.0)
68: 132 139 (72.0)
69: 137 140 (46.0)
70: 138 141 146 (69.0)
71: (0.0)
72: 143 145 (34.0)
73: 144 149 (43.0)
74: 148 155 (65.0)
75: 147 153 (45.0)
76: 151 (37.0)
77: 150 152 154 (43.0)
78: 157 163 164 (38.0)
79: 158 161 (64.0)
80: 156 162 (61.0)
81: 165 (43.0)
82: 159 160 167 (46.0)
83: 168 170 (44.0)
84: 169 (25.0)
85: 171 173 174 (90.0)
86: 166 172 (60.0)
87: 176 180 (36.0)
88: 177 179 (28.0)
89: 175 187 (42.0)
90: 181 (42.0)
91: 178 182 (58.0)
92: 183 190 (67.0)
93: 184 185 186 (59.0)
94: 189 192 193 (54.0)
95: 188 (44.0)
96: 196 197 (49.0)
97: 191 194 199 (45.0)
98: 195 201 (47.0)
99: 202 205 (42.0)
100: 198 (41.0)
101: 203 (41.0)
102: 209 (40.0)
103: 200 204 211 (47.0)
104: 206 207 208 (58.0)
105: 210 (42.0)
106: 212 213 (50.0)
107: 214 215 (50.0)
108: 216 223 (48.0)
109: 217 225 (44.0)
110: 220 221 224 (71.0)
111: 218 219 (50.0)
112: 222 226 (52.0)
113: 227 232 (51.0)
114: 231 (42.0)
115: 228 230 233 (59.0)
116: 229 238 (73.0)
117: 237 242 (42.0)
118: 234 235 (51.0)
119: 236 239 (50.0)
120: 240 244 (49.0)
121: 241 243 (43.0)
122: 249 (48.0)
123: 247 250 (47.0)
124: 245 246 (65.0)
125: 251 254 (45.0)
126: 248 255 (39.0)
127: 253 256 (56.0)
128: 259 (47.0)
129: 252 (29.0)
130: 257 258 263 (60.0)
131: 260 261 262 (70.0)
132: 272 (49.0)
133: 264 268 (73.0)
134: 266 267 (53.0)
135: 265 271 273 (62.0)
136: 275 (47.0)
137: 269 270 282 (51.0)
138: 276 277 (54.0)
139: 278 280 281 (74.0)
140: 274 279 289 (71.0)
141: 285 286 291 (53.0)
142: 284 288 (51.0)
143: 287 (52.0)
144: 292 293 (54.0)
145: 283 290 (62.0)
146: 294 (40.0)
147: 296 (45.0)
148: 295 297 298 (39.0)
149: 299 304 (51.0)
150: 300 301 (55.0)
151: 303 305 (66.0)
152: 308 311 (64.0)
153: 302 306 (62.0)
154: 307 309 310 (73.0)
155: 313 318 (53.0)
156: 314 317 (70.0)
157: 312 (47.0)
158: 315 316 (41.0)
159: 321 (41.0)
160: 320 323 (67.0)
161: 319 324 (50.0)
162: 322 326 (15.0)
163: 329 333 (55.0)
164: 325 331 (36.0)
165: 327 (45.0)
166: 328 337 (63.0)
167: 334 336 (55.0)
168: 330 335 (61.0)
169: 332 338 (66.0)
170: 339 341 342 (64.0)
171: 343 346 (69.0)
172: 340 345 (73.0)
173: 344 348 (34.0)
174: 350 351 (57.0)
175: 349 (46.0)
176: 354 356 (62.0)
177: 347 352 (56.0)
178: 353 355 (49.0)
179: 357 359 (40.0)
180: 362 368 (67.0)
181: 360 361 364 (72.0)
182: 358 363 (73.0)
183: 370 (42.0)
184: 366 367 (57.0)
185: 365 369 (55.0)
186: 371 372 373 (74.0)
187: 377 (47.0)
188: 375 376 (58.0)
189: 374 378 383 (71.0)
190: 380 381 (59.0)
191: 379 382 (57.0)
192: 384 386 (50.0)
193: 385 390 (68.0)
194: 388 389 394 (70.0)
195: 391 (42.0)
196: 387 392 (64.0)
197: 396 402 (70.0)
198: 393 397 400 (71.0)
199: 398 399 (60.0)
200: 395 401 (74.0)
201: 411 (53.0)
202: 407 408 (59.0)
203: 406 409 (61.0)
204: 405 (47.0)
205: 403 404 413 (74.0)
206: 410 412 414 (53.0)
207: 415 419 (60.0)
208: 417 (41.0)
209: 416 420 (56.0)
210: 418 (40.0)
211: 421 423 (55.0)
212: 422 425 (63.0)
213: 426 (40.0)
214: 428 429 (61.0)
215: 424 432 437 (72.0)
216: 427 431 433 (71.0)
217: 434 435 439 (71.0)
218: 436 (54.0)
219: 430 443 (69.0)
220: 440 441 (62.0)
221: 438 446 (68.0)
222: 447 450 (58.0)
223: 448 449 (62.0)
224: 442 444 (68.0)
225: 445 455 (44.0)
226: 452 458 (64.0)
227: 451 (51.0)
228: 453 454 (66.0)
229: 456 465 (55.0)
230: 457 459 (62.0)
231: 460 462 (77.0)
232: 461 466 (76.0)
233: 464 468 (69.0)
234: 463 470 (72.0)
235: 467 469 471 (68.0)
236: 472 473 (64.0)
237: 474 475 484 (70.0)
238: 476 480 483 487 (65.0)
239: 478 479 (65.0)
240: 477 (53.0)
241: 482 491 (41.0)
242: 481 485 497 (75.0)
243: 493 496 (53.0)
244: 486 489 (56.0)
245: 490 492 506 (65.0)
246: 488 494 498 (72.0)
247: 499 500 501 502 (59.0)
248: 495 505 507 508 (68.0)
249: 503 511 512 (75.0)
250: 504 509 514 (70.0)
251: 513 515 524 (74.0)
252: 516 517 520 (80.0)
253: 510 519 527 (75.0)
254: 518 521 522 (75.0)
255: 525 526 529 533 (65.0)
256: 530 532 535 (72.0)
257: 523 531 538 542 (73.0)
258: 528 534 541 (73.0)
259: 539 546 (42.0)
260: 537 540 (74.0)
261: 536 547 555 (68.0)
262: 544 548 550 556 (75.0)
263: 545 552 (69.0)
264: 549 551 554 557 (75.0)
265: 543 565 (51.0)
266: 558 560 568 (75.0)
267: 561 562 563 (68.0)
268: 553 564 566 571 (75.0)
269: 569 573 577 (65.0)
270: 559 570 572 (72.0)
271: 567 575 580 (73.0)
272: 576 584 (63.0)
273: 574 579 592 (73.0)
274: 578 583 588 (69.0)
275: 585 586 591 (74.0)
276: 582 590 599 (67.0)
277: 581 587 593 595 (75.0)
278: 594 596 604 (75.0)
279: 603 605 (61.0)
280: 589 597 598 601 (72.0)
281: 600 602 615 (69.0)
282: 606 608 611 (74.0)
283: 607 610 621 (67.0)
284: 612 613 614 616 (75.0)
285: 620 627 (75.0)
286: 609 623 626 (76.0)
287: 618 619 625 (75.0)
288: 617 632 (73.0)
289: 622 624 634 (71.0)
290: 629 630 636 (77.0)
291: 628 631 633 641 (75.0)
292: 637 639 (73.0)
293: 638 640 642 643 646 (75.0)
294: 635 644 645 655 (74.0)
295: 649 650 652 653 (71.0)
296: 648 651 (73.0)
297: 647 659 661 (64.0)
298: 654 657 664 (48.0)
299: 656 667 (70.0)
300: 658 663 665 (84.0)
301: 669 675 (75.0)
302: 660 666 (71.0)
303: 662 668 677 (72.0)
304: 670 671 672 (56.0)
305: 674 676 684 (68.0)
306: 678 679 680 (73.0)
307: 673 681 682 686 (69.0)
308: 683 685 (65.0)
309: 689 695 (74.0)
310: 688 692 700 (71.0)
311: 687 691 693 694 696 (83.0)
312: 690 697 698 (72.0)
313: 701 704 (69.0)
314: 702 705 706 (71.0)
315: 703 710 714 (63.0)
316: 699 707 708 (74.0)
317: 711 713 (69.0)
318: 709 715 (75.0)
319: 717 719 722 (71.0)
320: 718 720 (73.0)
321: 712 716 724 725 734 (92.0)
322: 726 729 738 (72.0)
323: 721 723 727 728 730 (72.0)
324: 731 735 736 (73.0)
325: 732 740 (75.0)
326: 733 741 743 (85.0)
327: 739 746 (73.0)
328: 737 745 748 (75.0)
329: 742 744 747 749 (75.0)
