Name: 750-20-30
Time: 54.77037334442139 
Result: 39
Solution:  0 4 0 3 5 0 6 4 3 3 5 4 4 7 10 8 6 10 7 9 13 12 9 8 14 12 11 15 11 13 15 13 17 16 18 17 14 18 19 16 20 23 23 19 24 22 26 23 24 24 29 23 26 27 28 27 28 28 31 29 33 30 30 31 32 33 32 31 36 38 36 33 39 35 37 35 38 40 40 39 42 41 42 40 41 45 41 43 43 44 47 44 45 48 46 47 48 44 51 46 53 52 50 48 49 49 55 53 51 54 54 58 57 54 55 58 56 57 61 61 56 60 60 62 62 63 59 60 63 64 66 62 65 65 67 66 66 71 68 69 69 68 69 72 71 72 73 74 74 75 74 73 77 76 78 77 80 75 76 80 79 78 84 79 83 78 83 82 85 87 89 84 86 86 84 85 87 91 88 91 90 89 92 91 92 93 91 93 95 90 94 91 96 94 96 98 98 94 99 100 102 100 101 99 103 101 102 101 105 106 104 103 107 109 106 110 108 108 107 105 111 110 113 111 112 109 116 116 117 112 114 118 115 118 113 115 119 117 115 120 122 117 120 121 121 125 125 122 124 124 125 127 123 123 126 128 126 129 127 128 130 132 129 131 131 130 132 133 134 133 135 134 139 137 135 137 136 136 139 140 141 138 140 143 138 143 145 141 144 144 142 146 143 146 149 147 148 151 147 149 151 150 155 152 149 148 150 153 153 152 154 155 160 157 154 158 158 157 162 158 159 159 161 162 165 160 161 164 160 163 166 165 163 166 164 167 167 168 172 170 168 171 170 171 169 172 172 174 173 173 176 177 174 175 179 175 177 178 180 182 184 179 181 183 181 184 187 185 180 183 184 182 186 187 185 190 185 188 193 189 189 190 191 192 190 191 194 193 195 192 195 196 194 192 197 196 199 195 200 199 197 199 201 198 200 204 207 206 201 202 201 205 204 205 203 208 209 208 207 211 212 209 211 210 212 214 211 210 215 213 217 218 220 214 215 219 216 216 217 219 222 220 219 218 223 226 222 221 223 228 224 224 225 226 227 225 227 229 228 229 227 232 233 230 230 231 231 235 234 232 238 234 235 237 236 240 238 239 241 236 243 237 241 244 240 241 239 243 242 244 245 246 243 245 247 248 246 247 247 248 249 251 249 249 252 250 248 251 253 250 250 252 255 254 255 252 253 255 253 254 258 255 256 258 255 257 258 256 262 259 257 260 259 257 260 260 262 260 257 258 263 264 261 259 261 263 261 265 264 266 267 264 266 266 264 271 269 269 269 269 270 265 268 270 270 269 267 272 271 272 271 272 268 272 273 270 278 274 273 274 275 276 276 276 275 273 274 276 280 277 281 277 280 277 283 280 282 281 283 281 279 282 283 283 285 286 286 282 283 288 285 285 285 286 284 289 290 287 287 288 290 292 290 291 289 288 291 293 290 291 294 292 290 297 295 293 295 294 296 294 295 297 292 299 297 295 295 298 298 299 298 299 299 296 301 302 297 301 300 305 302 303 302 300 307 303 304 301 303 303 304 307 304 308 308 308 307 305 306 306 310 309 307 309 308 308 310 314 314 312 312 313 311 311 313 313 314 317 313 314 318 315 315 316 319 315 320 317 315 320 318 323 321 317 316 320 319 321 321 320 319 322 324 326 321 322 323 324 322 325 328 325 327 328 324 328 329 326 329 327 328 331 329 330 330 327 329 331 331 330
0: 0 2 5 (33.0)
1: (0.0)
2: (0.0)
3: 3 8 9 (28.0)
4: 1 7 11 12 (26.0)
5: 4 10 (20.0)
6: 6 16 (31.0)
7: 13 18 (25.0)
8: 15 23 (20.0)
9: 19 22 (25.0)
10: 14 17 (12.0)
11: 26 28 (20.0)
12: 21 25 (19.0)
13: 20 29 31 (20.0)
14: 24 36 (19.0)
15: 27 30 (28.0)
16: 33 39 (18.0)
17: 32 35 (24.0)
18: 34 37 (21.0)
19: 38 43 (21.0)
20: 40 (19.0)
21: (0.0)
22: 45 (12.0)
23: 41 42 47 51 (23.0)
24: 44 48 49 (28.0)
25: (0.0)
26: 46 52 (27.0)
27: 53 55 (21.0)
28: 54 56 57 (26.0)
29: 50 59 (27.0)
30: 61 62 (28.0)
31: 58 63 67 (21.0)
32: 64 66 (27.0)
33: 60 65 71 (22.0)
34: (0.0)
35: 73 75 (20.0)
36: 68 70 (13.0)
37: 74 (9.0)
38: 69 76 (28.0)
39: 72 79 (23.0)
40: 77 78 83 (21.0)
41: 81 84 86 (19.0)
42: 80 82 (28.0)
43: 87 88 (35.0)
44: 89 91 97 (20.0)
45: 85 92 (26.0)
46: 94 99 (22.0)
47: 90 95 (19.0)
48: 93 96 103 (26.0)
49: 104 105 (21.0)
50: 102 (20.0)
51: 98 108 (24.0)
52: 101 (5.0)
53: 100 107 (25.0)
54: 109 110 113 (25.0)
55: 106 114 (30.0)
56: 116 120 (25.0)
57: 112 117 (21.0)
58: 111 115 (19.0)
59: 126 (20.0)
60: 121 122 127 (20.0)
61: 118 119 (21.0)
62: 123 124 131 (28.0)
63: 125 128 (23.0)
64: 129 (11.0)
65: 132 133 (22.0)
66: 130 135 136 (15.0)
67: 134 (19.0)
68: 138 141 (26.0)
69: 139 140 142 (27.0)
70: (0.0)
71: 137 144 (31.0)
72: 143 145 (22.0)
73: 146 151 (23.0)
74: 147 148 150 (30.0)
75: 149 157 (25.0)
76: 153 158 (15.0)
77: 152 155 (26.0)
78: 154 161 165 (23.0)
79: 160 163 (24.0)
80: 156 159 (25.0)
81: (0.0)
82: 167 (16.0)
83: 164 166 (26.0)
84: 162 171 174 (34.0)
85: 168 175 (27.0)
86: 172 173 (22.0)
87: 169 176 (26.0)
88: 178 (20.0)
89: 170 181 (23.0)
90: 180 189 (18.0)
91: 177 179 183 186 191 (29.0)
92: 182 184 (24.0)
93: 185 187 (30.0)
94: 190 193 197 (21.0)
95: 188 (10.0)
96: 192 194 (31.0)
97: (0.0)
98: 195 196 (24.0)
99: 198 203 (30.0)
100: 199 201 (23.0)
101: 202 205 207 (18.0)
102: 200 206 (24.0)
103: 204 211 (24.0)
104: 210 (19.0)
105: 208 219 (21.0)
106: 209 214 (31.0)
107: 212 218 (21.0)
108: 216 217 (23.0)
109: 213 225 (22.0)
110: 215 221 (15.0)
111: 220 223 (27.0)
112: 224 229 (25.0)
113: 222 234 (26.0)
114: 230 (19.0)
115: 232 235 238 (20.0)
116: 226 227 (23.0)
117: 228 237 241 (29.0)
118: 231 233 (23.0)
119: 236 (23.0)
120: 239 242 (21.0)
121: 243 244 (37.0)
122: 240 247 (27.0)
123: 252 253 (24.0)
124: 248 249 (24.0)
125: 245 246 250 (22.0)
126: 254 256 (28.0)
127: 251 258 (28.0)
128: 255 259 (17.0)
129: 257 262 (21.0)
130: 260 265 (22.0)
131: 263 264 (31.0)
132: 261 266 (22.0)
133: 267 269 (22.0)
134: 268 271 (32.0)
135: 270 274 (21.0)
136: 276 277 (25.0)
137: 273 275 (22.0)
138: 281 284 (20.0)
139: 272 278 (27.0)
140: 279 282 (27.0)
141: 280 287 (17.0)
142: 290 (10.0)
143: 283 285 292 (25.0)
144: 288 289 (25.0)
145: 286 (24.0)
146: 291 293 (37.0)
147: 295 298 (34.0)
148: 296 305 (30.0)
149: 294 299 304 (30.0)
150: 301 306 (29.0)
151: 297 300 (25.0)
152: 303 309 (30.0)
153: 307 308 (16.0)
154: 310 314 (25.0)
155: 302 311 (20.0)
156: (0.0)
157: 313 317 (30.0)
158: 315 316 319 (30.0)
159: 320 321 (25.0)
160: 312 325 328 (27.0)
161: 322 326 (23.0)
162: 318 323 (29.0)
163: 329 332 (29.0)
164: 327 334 (33.0)
165: 324 331 (27.0)
166: 330 333 (29.0)
167: 335 336 (26.0)
168: 337 340 (15.0)
169: 344 (24.0)
170: 339 342 (34.0)
171: 341 343 (20.0)
172: 338 345 346 (20.0)
173: 348 349 (25.0)
174: 347 352 (24.0)
175: 353 355 (30.0)
176: 350 (23.0)
177: 351 356 (6.0)
178: 357 (21.0)
179: 354 361 (28.0)
180: 358 368 (18.0)
181: 362 364 (32.0)
182: 359 371 (28.0)
183: 363 369 (30.0)
184: 360 365 370 (30.0)
185: 367 374 376 (15.0)
186: 372 (22.0)
187: 366 373 (29.0)
188: 377 (21.0)
189: 379 380 (30.0)
190: 375 381 384 (33.0)
191: 382 385 (35.0)
192: 383 389 393 (30.0)
193: 378 387 (33.0)
194: 386 392 (24.0)
195: 388 390 397 (44.0)
196: 391 395 (32.0)
197: 394 400 (30.0)
198: 403 (20.0)
199: 396 399 401 (23.0)
200: 398 404 (25.0)
201: 402 408 410 (26.0)
202: 409 (20.0)
203: 414 (25.0)
204: 405 412 (33.0)
205: 411 413 (22.0)
206: 407 (20.0)
207: 406 418 (22.0)
208: 415 417 (23.0)
209: 416 421 (25.0)
210: 423 427 (38.0)
211: 419 422 426 (27.0)
212: 420 424 (17.0)
213: 429 (24.0)
214: 425 433 (33.0)
215: 428 434 (28.0)
216: 436 437 (27.0)
217: 430 438 (27.0)
218: 431 443 (32.0)
219: 435 439 442 (24.0)
220: 432 441 (19.0)
221: 447 (17.0)
222: 440 446 (30.0)
223: 444 448 (23.0)
224: 450 451 (27.0)
225: 452 455 (25.0)
226: 445 453 (30.0)
227: 454 456 460 (32.0)
228: 449 458 (25.0)
229: 457 459 (34.0)
230: 463 464 (30.0)
231: 465 466 (27.0)
232: 461 469 (32.0)
233: 462 (21.0)
234: 468 471 (30.0)
235: 467 472 (26.0)
236: 474 479 (29.0)
237: 473 481 (24.0)
238: 470 476 (29.0)
239: 477 486 (30.0)
240: 475 484 (31.0)
241: 478 482 485 (27.0)
242: 488 (21.0)
243: 480 487 492 (24.0)
244: 483 489 (28.0)
245: 490 493 (22.0)
246: 491 496 (27.0)
247: 494 497 498 (30.0)
248: 495 499 506 (26.0)
249: 500 502 503 (21.0)
250: 505 509 510 (28.0)
251: 501 507 (34.0)
252: 504 511 515 (26.0)
253: 508 516 518 (30.0)
254: 513 519 (32.0)
255: 512 514 517 521 524 (24.0)
256: 522 527 (34.0)
257: 525 530 533 538 (30.0)
258: 520 523 526 539 (30.0)
259: 529 532 543 (30.0)
260: 531 534 535 537 (29.0)
261: 542 544 546 (29.0)
262: 528 536 (28.0)
263: 540 545 (28.0)
264: 541 548 551 554 (30.0)
265: 547 561 (25.0)
266: 549 552 553 (29.0)
267: 550 566 (29.0)
268: 562 572 (27.0)
269: 556 557 558 559 565 (30.0)
270: 560 563 564 575 (29.0)
271: 555 568 570 (29.0)
272: 567 569 571 573 (27.0)
273: 574 578 585 (26.0)
274: 577 579 586 (21.0)
275: 580 584 (36.0)
276: 581 582 583 587 (23.0)
277: 589 591 593 (26.0)
278: 576 (20.0)
279: 600 (23.0)
280: 588 592 595 (30.0)
281: 590 597 599 (29.0)
282: 596 601 607 (30.0)
283: 594 598 602 603 608 (30.0)
284: 614 (20.0)
285: 604 610 611 612 (30.0)
286: 605 606 613 (28.0)
287: 617 618 (30.0)
288: 609 619 625 (25.0)
289: 615 624 (33.0)
290: 616 620 622 628 632 (29.0)
291: 623 626 629 (33.0)
292: 621 631 642 (28.0)
293: 627 635 (33.0)
294: 630 637 639 (29.0)
295: 634 636 640 645 646 (32.0)
296: 638 653 (33.0)
297: 633 641 644 656 (31.0)
298: 647 648 650 (35.0)
299: 643 649 651 652 (28.0)
300: 658 663 (27.0)
301: 654 657 667 (30.0)
302: 655 660 662 (41.0)
303: 661 665 668 669 (43.0)
304: 666 670 672 (30.0)
305: 659 677 (29.0)
306: 678 679 (24.0)
307: 664 671 676 682 (20.0)
308: 673 674 675 684 685 (29.0)
309: 681 683 (27.0)
310: 680 686 (23.0)
311: 692 693 (29.0)
312: 689 690 (32.0)
313: 691 694 695 698 (30.0)
314: 687 688 696 699 (30.0)
315: 701 702 705 708 (35.0)
316: 703 714 (30.0)
317: 697 707 713 (30.0)
318: 700 710 (25.0)
319: 704 716 720 (30.0)
320: 706 709 715 719 (30.0)
321: 712 717 718 724 (27.0)
322: 721 725 728 (30.0)
323: 711 726 (36.0)
324: 722 727 734 (28.0)
325: 729 731 (29.0)
326: 723 737 (33.0)
327: 732 739 745 (25.0)
328: 730 733 735 740 (27.0)
329: 736 738 742 746 (28.0)
330: 743 744 749 (34.0)
331: 741 747 748 (32.0)
