Name: 750-30-50
Time: 52.66966891288757 
Result: 53
Solution:  0 0 4 0 3 6 2 3 2 5 4 3 6 5 8 8 7 11 9 9 7 11 14 12 11 14 12 15 14 16 18 15 18 18 17 17 20 16 19 20 20 19 21 22 21 22 26 24 26 25 24 21 23 23 25 28 31 30 29 29 28 30 31 30 33 33 34 30 32 34 37 35 37 36 36 35 40 38 35 37 44 38 42 42 40 43 47 41 46 41 45 45 48 49 44 51 49 45 50 47 50 51 49 53 56 52 54 52 55 54 57 54 56 53 58 56 59 57 58 59 60 64 61 60 59 63 61 62 65 62 65 69 66 63 68 68 69 64 66 69 70 69 71 71 72 72 75 74 70 75 75 73 73 77 74 75 76 78 76 75 79 83 78 83 82 79 83 85 84 84 87 88 83 86 89 85 88 91 89 92 90 87 91 89 93 93 90 94 94 93 96 92 98 97 96 99 95 99 98 101 97 99 99 102 101 104 103 103 105 107 105 102 106 107 108 104 109 108 110 106 107 110 111 111 112 112 115 109 116 113 118 115 114 117 117 116 122 121 118 120 119 117 120 121 123 122 124 123 124 127 123 126 126 129 127 125 125 130 129 128 128 130 131 133 131 132 135 133 131 132 132 134 132 137 131 137 134 134 139 138 138 135 139 140 137 136 139 136 143 140 141 138 144 142 145 142 143 140 143 147 143 141 143 144 145 144 146 149 145 150 145 147 148 148 145 149 146 152 150 151 150 151 148 151 152 155 153 149 152 154 153 153 153 157 159 154 158 156 160 155 156 154 157 155 158 159 156 156 160 159 159 164 164 161 163 162 162 164 162 166 161 167 160 165 162 168 164 163 162 165 167 167 168 169 167 169 167 166 173 174 173 172 170 174 174 170 172 171 172 171 175 175 172 179 175 177 174 174 178 178 177 176 182 178 179 181 177 179 179 178 176 182 180 180 180 184 181 185 183 184 186 184 184 183 183 185 186 187 187 183 189 185 188 187 191 188 190 189 190 191 187 191 192 190 191 192 195 191 195 194 194 195 193 199 194 198 196 196 196 198 200 197 195 198 199 200 198 197 203 201 202 202 200 201 202 202 201 205 203 200 205 204 205 204 204 202 206 206 206 208 206 207 209 211 210 207 211 212 213 213 208 211 210 212 209 210 216 215 214 213 211 212 215 215 214 214 216 215 216 221 219 221 215 215 217 219 218 222 218 220 220 218 218 219 221 220 221 224 224 223 223 220 226 226 225 226 225 227 225 231 227 229 227 229 228 228 228 229 230 231 228 228 230 230 232 232 231 233 237 234 236 233 234 236 234 237 238 235 234 238 237 238 235 236 240 239 239 239 240 241 240 241 242 243 245 242 244 246 243 242 242 244 241 245 244 246 247 247 245 243 249 246 248 249 248 252 248 247 250 251 250 251 252 249 253 252 256 256 253 251 252 254 251 256 254 254 257 257 255 255 258 261 261 256 257 259 259 259 260 260 260 261 261 258 262 262 264 266 263 264 264 261 263 265 264 265 264 268 267 266 265 269 271 265 270 267 270 272 271 271 268 272 271 269 274 273 272 277 275 274 277 272 273 274 274 275 277 273 276 276 277 276 280 281 275 278 280 279 278 284 279 279 282 280 281 281 283 284 279 282 285 284 283 285 283 285 286 284 287 286 289 287 288 287 288 289 290 288 289 290 291 290 293 291 292 291 292 289 292 293
0: 0 1 3 (43.0)
1: (0.0)
2: 6 8 (33.0)
3: 4 7 11 (25.0)
4: 2 10 (36.0)
5: 9 13 (31.0)
6: 5 12 (42.0)
7: 16 20 (42.0)
8: 14 15 (30.0)
9: 18 19 (30.0)
10: (0.0)
11: 17 21 24 (34.0)
12: 23 26 (28.0)
13: (0.0)
14: 22 25 28 (26.0)
15: 27 31 (50.0)
16: 29 37 (47.0)
17: 34 35 (31.0)
18: 30 32 33 (38.0)
19: 38 41 (40.0)
20: 36 39 40 (30.0)
21: 42 44 51 (26.0)
22: 43 45 (43.0)
23: 52 53 (31.0)
24: 47 50 (35.0)
25: 49 54 (33.0)
26: 46 48 (38.0)
27: (0.0)
28: 55 60 (36.0)
29: 58 59 (31.0)
30: 57 61 63 67 (25.0)
31: 56 62 (55.0)
32: 68 (11.0)
33: 64 65 (32.0)
34: 66 69 (41.0)
35: 71 75 78 (42.0)
36: 73 74 (46.0)
37: 70 72 79 (40.0)
38: 77 81 (35.0)
39: (0.0)
40: 76 84 (28.0)
41: 87 89 (19.0)
42: 82 83 (32.0)
43: 85 (15.0)
44: 80 94 (23.0)
45: 90 91 97 (50.0)
46: 88 (30.0)
47: 86 99 (35.0)
48: 92 (30.0)
49: 93 96 102 (25.0)
50: 98 100 (35.0)
51: 95 101 (36.0)
52: 105 107 (35.0)
53: 103 113 (45.0)
54: 106 109 111 (32.0)
55: 108 (30.0)
56: 104 112 115 (40.0)
57: 110 117 (38.0)
58: 114 118 (48.0)
59: 116 119 124 (39.0)
60: 120 123 (47.0)
61: 122 126 (33.0)
62: 127 129 (20.0)
63: 125 133 (24.0)
64: 121 137 (35.0)
65: 128 130 (44.0)
66: 132 138 (46.0)
67: (0.0)
68: 134 135 (34.0)
69: 131 136 139 141 (49.0)
70: 140 148 (47.0)
71: 142 143 (34.0)
72: 144 145 (34.0)
73: 151 152 (41.0)
74: 147 154 (48.0)
75: 146 149 150 155 159 (42.0)
76: 156 158 (46.0)
77: 153 (22.0)
78: 157 162 (32.0)
79: 160 165 (34.0)
80: (0.0)
81: (0.0)
82: 164 (23.0)
83: 161 163 166 172 (37.0)
84: 168 169 (35.0)
85: 167 175 (57.0)
86: 173 (33.0)
87: 170 181 (26.0)
88: 171 176 (33.0)
89: 174 178 183 (30.0)
90: 180 186 (42.0)
91: 177 182 (48.0)
92: 179 191 (49.0)
93: 184 185 189 (41.0)
94: 187 188 (48.0)
95: 196 (31.0)
96: 190 194 (39.0)
97: 193 200 (40.0)
98: 192 198 (48.0)
99: 195 197 201 202 (35.0)
100: (0.0)
101: 199 204 (30.0)
102: 203 211 (47.0)
103: 206 207 (36.0)
104: 205 215 (36.0)
105: 208 210 (39.0)
106: 212 219 (49.0)
107: 209 213 220 (36.0)
108: 214 217 (28.0)
109: 216 227 (34.0)
110: 218 221 (39.0)
111: 222 223 (37.0)
112: 224 225 (37.0)
113: 229 (32.0)
114: 232 (34.0)
115: 226 231 (50.0)
116: 228 235 (24.0)
117: 233 234 241 (28.0)
118: 230 238 (33.0)
119: 240 (30.0)
120: 239 242 (24.0)
121: 237 243 (43.0)
122: 236 245 (45.0)
123: 244 247 250 (32.0)
124: 246 248 (46.0)
125: 255 256 (42.0)
126: 251 252 (47.0)
127: 249 254 (39.0)
128: 259 260 (37.0)
129: 253 258 (35.0)
130: 257 261 (40.0)
131: 262 264 268 274 (33.0)
132: 265 269 270 272 (45.0)
133: 263 267 (44.0)
134: 271 276 277 (34.0)
135: 266 281 (49.0)
136: 285 287 (34.0)
137: 273 275 284 (50.0)
138: 279 280 291 (41.0)
139: 278 282 286 (34.0)
140: 283 289 297 (37.0)
141: 290 301 (31.0)
142: 293 295 (36.0)
143: 288 296 298 300 302 (40.0)
144: 292 303 305 (38.0)
145: 294 304 308 310 314 (31.0)
146: 306 316 (37.0)
147: 299 311 (32.0)
148: 312 313 322 (41.0)
149: 307 315 327 (41.0)
150: 309 318 320 (54.0)
151: 319 321 323 (45.0)
152: 317 324 328 (50.0)
153: 326 330 331 332 (44.0)
154: 329 335 341 (33.0)
155: 325 339 343 (33.0)
156: 337 340 346 347 (44.0)
157: 333 342 (47.0)
158: 336 344 (30.0)
159: 334 345 349 350 (44.0)
160: 338 348 362 (36.0)
161: 353 360 (51.0)
162: 355 356 358 364 368 (49.0)
163: 354 367 (33.0)
164: 351 352 357 366 (40.0)
165: 363 369 (43.0)
166: 359 377 (43.0)
167: 361 370 371 374 376 (23.0)
168: 365 372 (49.0)
169: 373 375 (31.0)
170: 382 385 (45.0)
171: 387 389 (38.0)
172: 381 386 388 392 (37.0)
173: 378 380 (37.0)
174: 379 383 384 396 397 (34.0)
175: 390 391 394 (41.0)
176: 401 410 (49.0)
177: 395 400 406 (49.0)
178: 398 399 403 409 (49.0)
179: 393 404 407 408 (48.0)
180: 412 413 414 (33.0)
181: 405 416 (43.0)
182: 402 411 (31.0)
183: 418 423 424 429 (48.0)
184: 415 419 421 422 (46.0)
185: 417 425 431 (46.0)
186: 420 426 (46.0)
187: 427 428 433 440 (45.0)
188: 432 435 (45.0)
189: 430 437 (41.0)
190: 436 438 443 (43.0)
191: 434 439 441 444 447 (38.0)
192: 442 445 (43.0)
193: 452 (33.0)
194: 449 450 454 (38.0)
195: 446 448 451 462 (42.0)
196: 456 457 458 (43.0)
197: 461 467 (49.0)
198: 455 459 463 466 (32.0)
199: 453 464 (38.0)
200: 460 465 472 479 (47.0)
201: 469 473 476 (49.0)
202: 470 471 474 475 485 (49.0)
203: 468 478 (47.0)
204: 481 483 484 (53.0)
205: 477 480 482 (46.0)
206: 486 487 488 490 (57.0)
207: 491 495 (36.0)
208: 489 500 (44.0)
209: 492 504 (55.0)
210: 494 502 505 (36.0)
211: 493 496 501 510 (42.0)
212: 497 503 511 (50.0)
213: 498 499 509 (43.0)
214: 508 514 515 (42.0)
215: 507 512 513 517 522 523 (50.0)
216: 506 516 518 (50.0)
217: 524 (31.0)
218: 526 528 531 532 (44.0)
219: 520 525 533 (48.0)
220: 529 530 535 541 (50.0)
221: 519 521 534 536 (46.0)
222: 527 (40.0)
223: 539 540 (43.0)
224: 537 538 (34.0)
225: 544 546 548 (48.0)
226: 542 543 545 (50.0)
227: 547 550 552 (42.0)
228: 554 555 556 560 561 (50.0)
229: 551 553 557 (50.0)
230: 558 562 563 (48.0)
231: 549 559 566 (49.0)
232: 564 565 (40.0)
233: 567 571 (31.0)
234: 569 572 574 578 (53.0)
235: 577 582 (42.0)
236: 570 573 583 (45.0)
237: 568 575 580 (49.0)
238: 576 579 581 (50.0)
239: 585 586 587 (46.0)
240: 584 588 590 (49.0)
241: 589 591 602 (48.0)
242: 592 595 599 600 (48.0)
243: 593 598 609 (48.0)
244: 596 601 604 (49.0)
245: 594 603 608 (47.0)
246: 597 605 611 (48.0)
247: 606 607 617 (42.0)
248: 612 614 616 (49.0)
249: 610 613 623 (46.0)
250: 618 620 (39.0)
251: 619 621 629 632 (49.0)
252: 615 622 625 630 (50.0)
253: 624 628 (49.0)
254: 631 634 635 (50.0)
255: 638 639 (43.0)
256: 626 627 633 643 (50.0)
257: 636 637 644 (47.0)
258: 640 653 (50.0)
259: 645 646 647 (48.0)
260: 648 649 650 (48.0)
261: 641 642 651 652 661 (47.0)
262: 654 655 (34.0)
263: 658 662 (38.0)
264: 656 659 660 664 666 (41.0)
265: 663 665 670 673 (50.0)
266: 657 669 (54.0)
267: 668 675 (48.0)
268: 667 680 (38.0)
269: 671 683 (55.0)
270: 674 676 (47.0)
271: 672 678 679 682 (55.0)
272: 677 681 686 691 (50.0)
273: 685 692 697 (57.0)
274: 684 689 693 694 (54.0)
275: 688 695 704 (45.0)
276: 698 699 701 (57.0)
277: 687 690 696 700 (64.0)
278: 705 708 (49.0)
279: 707 710 711 718 (59.0)
280: 702 706 713 (51.0)
281: 703 714 715 (50.0)
282: 712 719 (41.0)
283: 716 722 724 (47.0)
284: 709 717 721 727 (45.0)
285: 720 723 725 (56.0)
286: 726 729 (44.0)
287: 728 731 733 (48.0)
288: 732 734 737 (52.0)
289: 730 735 738 747 (50.0)
290: 736 739 741 (48.0)
291: 740 743 745 (50.0)
292: 744 746 748 (45.0)
293: 742 749 (47.0)
