Name: 750-50-100
Time: 52.745948791503906 
Result: 106
Solution:  2 0 1 1 5 2 2 0 3 3 4 4 6 5 8 6 7 6 7 9 10 8 9 12 12 15 10 17 13 14 16 15 16 17 13 15 22 14 19 20 22 19 20 21 22 24 24 21 23 22 23 21 24 28 27 27 29 28 33 30 30 31 32 29 29 30 31 33 36 32 37 35 35 37 40 36 36 41 39 40 37 39 39 42 43 41 40 45 41 46 43 47 46 45 49 49 48 47 48 50 50 47 52 54 51 52 54 51 51 55 53 54 57 53 59 58 55 58 57 62 57 62 62 60 61 62 59 63 64 64 66 65 68 63 67 67 70 65 70 69 70 66 71 69 73 68 76 71 71 75 74 76 74 73 77 79 81 77 82 79 78 78 82 81 83 86 80 83 84 84 85 87 86 83 87 85 89 85 89 88 88 90 92 94 92 91 90 94 95 94 91 93 97 97 93 99 97 99 98 101 95 96 98 99 100 101 98 101 104 104 105 102 100 102 106 101 102 106 105 106 101 103 104 105 105 107 106 106 109 106 110 110 111 108 111 108 109 111 113 112 116 111 109 114 111 112 114 115 113 118 115 114 119 116 116 119 115 115 118 118 117 120 118 120 117 122 116 121 120 121 122 123 125 125 123 123 124 123 125 124 123 129 126 129 127 127 126 126 127 128 127 128 127 128 131 131 132 130 132 129 133 134 132 133 135 131 134 133 130 138 134 134 139 134 137 141 137 137 135 135 139 138 138 136 141 142 138 143 140 142 143 142 140 143 145 143 146 145 145 144 144 144 146 146 146 144 143 147 148 149 147 151 152 148 148 151 150 149 149 152 153 152 155 153 154 150 153 154 154 154 154 151 156 155 157 159 158 157 157 158 154 162 158 156 161 160 158 161 159 163 160 160 159 162 162 163 168 165 164 166 163 163 168 165 169 165 167 167 166 166 170 170 169 168 170 168 171 169 169 170 172 171 172 174 171 175 173 175 175 176 176 174 178 176 173 179 176 177 177 177 179 179 175 178 180 183 182 184 184 182 180 180 180 182 181 181 188 184 183 183 184 186 185 185 189 189 187 187 189 188 186 192 189 186 188 190 193 193 190 190 191 191 196 191 193 192 196 190 193 197 195 194 195 196 199 197 197 197 194 198 198 198 201 199 199 199 202 204 201 200 200 201 200 202 200 203 205 202 205 204 206 203 210 208 207 207 205 209 208 206 209 211 207 208 209 210 208 211 214 211 212 213 212 214 213 213 212 214 213 215 213 217 216 216 217 218 213 218 217 218 216 215 222 219 222 220 220 219 220 221 222 223 225 224 225 222 224 220 221 223 226 223 226 225 227 227 228 225 229 226 230 229 227 231 228 228 227 229 231 231 232 232 231 232 234 234 233 233 233 234 235 235 237 234 236 237 236 239 235 237 238 238 240 243 236 240 239 241 240 241 240 242 241 245 243 242 244 240 245 244 242 246 247 245 246 248 246 245 249 249 249 247 251 250 248 247 248 254 252 250 251 252 252 254 252 252 256 255 253 251 254 256 257 253 255 259 257 258 256 255 260 261 257 258 262 261 260 260 259 259 262 261 259 263 265 264 264 263 264 264 263 267 265 267 267 266 269 266 268 268 271 269 266 272 270 268 274 268 269 273 270 272 274 272 269 273 274 276 271 275 273 275 276 275 276 277 277 277 279 278 281 280 279 278 279 279 278 280 280 281
0: 1 7 (60.0)
1: 2 3 (50.0)
2: 0 5 6 (63.0)
3: 8 9 (50.0)
4: 10 11 (50.0)
5: 4 13 (53.0)
6: 12 15 17 (52.0)
7: 16 18 (68.0)
8: 14 21 (91.0)
9: 19 22 (33.0)
10: 20 26 (20.0)
11: (0.0)
12: 23 24 (58.0)
13: 28 34 (92.0)
14: 29 37 (56.0)
15: 25 31 35 (48.0)
16: 30 32 (40.0)
17: 27 33 (82.0)
18: (0.0)
19: 38 41 (69.0)
20: 39 42 (71.0)
21: 43 47 51 (64.0)
22: 36 40 44 49 (66.0)
23: 48 50 (60.0)
24: 45 46 52 (73.0)
25: (0.0)
26: (0.0)
27: 54 55 (54.0)
28: 53 57 (78.0)
29: 56 63 64 (54.0)
30: 59 60 65 (58.0)
31: 61 66 (51.0)
32: 62 69 (88.0)
33: 58 67 (71.0)
34: (0.0)
35: 71 72 (60.0)
36: 68 75 76 (39.0)
37: 70 73 80 (80.0)
38: (0.0)
39: 78 81 82 (52.0)
40: 74 79 86 (93.0)
41: 77 85 88 (107.0)
42: 83 (52.0)
43: 84 90 (55.0)
44: (0.0)
45: 87 93 (63.0)
46: 89 92 (62.0)
47: 91 97 101 (46.0)
48: 96 98 (67.0)
49: 94 95 (57.0)
50: 99 100 (83.0)
51: 104 107 108 (79.0)
52: 102 105 (82.0)
53: 110 113 (50.0)
54: 103 106 111 (77.0)
55: 109 116 (74.0)
56: (0.0)
57: 112 118 120 (64.0)
58: 115 117 (56.0)
59: 114 126 (61.0)
60: 123 (50.0)
61: 124 (52.0)
62: 119 121 122 125 (98.0)
63: 127 133 (63.0)
64: 128 129 (60.0)
65: 131 137 (46.0)
66: 130 141 (67.0)
67: 134 135 (60.0)
68: 132 145 (53.0)
69: 139 143 (78.0)
70: 136 138 140 (96.0)
71: 142 147 148 (50.0)
72: (0.0)
73: 144 153 (57.0)
74: 150 152 (88.0)
75: 149 (51.0)
76: 146 151 (57.0)
77: 154 157 (71.0)
78: 160 161 (64.0)
79: 155 159 (56.0)
80: 166 (53.0)
81: 156 163 (65.0)
82: 158 162 (61.0)
83: 164 167 173 (50.0)
84: 168 169 (64.0)
85: 170 175 177 (65.0)
86: 165 172 (90.0)
87: 171 174 (84.0)
88: 179 180 (81.0)
89: 176 178 (74.0)
90: 181 186 (80.0)
91: 185 190 (74.0)
92: 182 184 (57.0)
93: 191 194 (55.0)
94: 183 187 189 (86.0)
95: 188 200 (70.0)
96: 201 (50.0)
97: 192 193 196 (54.0)
98: 198 202 206 (66.0)
99: 195 197 203 (56.0)
100: 204 212 (69.0)
101: 199 205 207 215 220 (78.0)
102: 211 213 216 (87.0)
103: 221 (54.0)
104: 208 209 222 (53.0)
105: 210 218 223 224 (89.0)
106: 214 217 219 226 227 229 (42.0)
107: 225 (62.0)
108: 233 235 (59.0)
109: 228 236 242 (68.0)
110: 230 231 (74.0)
111: 232 234 237 241 244 (59.0)
112: 239 245 (64.0)
113: 238 248 (48.0)
114: 243 246 251 (63.0)
115: 247 250 256 257 (48.0)
116: 240 253 254 266 (88.0)
117: 260 264 (67.0)
118: 249 258 259 262 (79.0)
119: 252 255 (82.0)
120: 261 263 268 (63.0)
121: 267 269 (71.0)
122: 265 270 (60.0)
123: 271 274 275 277 280 (87.0)
124: 276 279 (68.0)
125: 272 273 278 (75.0)
126: 282 286 287 (97.0)
127: 284 285 288 290 292 (98.0)
128: 289 291 293 (90.0)
129: 281 283 299 (68.0)
130: 297 308 (73.0)
131: 294 295 305 (68.0)
132: 296 298 302 (97.0)
133: 300 303 307 (70.0)
134: 301 306 310 311 313 (64.0)
135: 304 318 319 (67.0)
136: 323 (61.0)
137: 314 316 317 (70.0)
138: 309 321 322 326 (70.0)
139: 312 320 (59.0)
140: 328 332 (66.0)
141: 315 324 (63.0)
142: 325 329 331 (68.0)
143: 327 330 333 335 346 (85.0)
144: 339 340 341 345 (99.0)
145: 334 337 338 (90.0)
146: 336 342 343 344 (90.0)
147: 347 350 (73.0)
148: 348 353 354 (93.0)
149: 349 357 358 (87.0)
150: 356 365 (87.0)
151: 351 355 371 (65.0)
152: 352 359 361 (61.0)
153: 360 363 366 (73.0)
154: 364 367 368 369 370 380 (84.0)
155: 362 373 (66.0)
156: 372 383 (69.0)
157: 374 377 378 (95.0)
158: 376 379 382 386 (80.0)
159: 375 388 392 (67.0)
160: 385 390 391 (65.0)
161: 384 387 (87.0)
162: 381 393 394 (88.0)
163: 389 395 400 401 (100.0)
164: 398 (60.0)
165: 397 403 405 (69.0)
166: 399 408 409 (72.0)
167: 406 407 (57.0)
168: 396 402 413 415 (92.0)
169: 404 412 417 418 (92.0)
170: 410 411 414 419 (97.0)
171: 416 421 424 (83.0)
172: 420 422 (52.0)
173: 426 434 (82.0)
174: 423 431 (84.0)
175: 425 427 428 442 (87.0)
176: 429 430 433 436 (89.0)
177: 437 438 439 (91.0)
178: 432 443 (86.0)
179: 435 440 441 (52.0)
180: 444 450 451 452 (99.0)
181: 454 455 (60.0)
182: 446 449 453 (94.0)
183: 445 458 459 (98.0)
184: 447 448 457 460 (96.0)
185: 462 463 (64.0)
186: 461 470 473 (90.0)
187: 466 467 (65.0)
188: 456 469 474 (68.0)
189: 464 465 468 472 (87.0)
190: 475 478 479 487 (100.0)
191: 480 481 483 (84.0)
192: 471 485 (91.0)
193: 476 477 484 488 (82.0)
194: 491 498 (88.0)
195: 490 492 (75.0)
196: 482 486 493 (84.0)
197: 489 495 496 497 (98.0)
198: 499 500 501 (98.0)
199: 494 503 504 505 (84.0)
200: 509 510 512 514 (88.0)
201: 502 508 511 (54.0)
202: 506 513 517 (79.0)
203: 515 521 (81.0)
204: 507 519 (92.0)
205: 516 518 526 (93.0)
206: 520 529 (60.0)
207: 524 525 532 (100.0)
208: 523 528 533 536 (97.0)
209: 527 530 534 (89.0)
210: 522 535 (88.0)
211: 531 537 539 (116.0)
212: 540 542 546 (97.0)
213: 541 544 545 548 550 556 (99.0)
214: 538 543 547 (91.0)
215: 549 561 (99.0)
216: 552 553 560 (95.0)
217: 551 554 558 (115.0)
218: 555 557 559 (100.0)
219: 563 567 (70.0)
220: 565 566 568 577 (100.0)
221: 569 578 (59.0)
222: 562 564 570 575 (96.0)
223: 571 579 581 (99.0)
224: 573 576 (63.0)
225: 572 574 583 587 (97.0)
226: 580 582 589 (96.0)
227: 584 585 592 596 (92.0)
228: 586 594 595 (99.0)
229: 588 591 597 (99.0)
230: 590 (65.0)
231: 593 598 599 602 (96.0)
232: 600 601 603 (101.0)
233: 606 607 608 (92.0)
234: 604 605 609 613 (99.0)
235: 610 611 618 (100.0)
236: 614 616 624 (98.0)
237: 612 615 619 (87.0)
238: 620 621 (80.0)
239: 617 626 (96.0)
240: 622 625 628 630 637 (100.0)
241: 627 629 632 (99.0)
242: 631 635 640 (96.0)
243: 623 634 (83.0)
244: 636 639 (98.0)
245: 633 638 643 647 (119.0)
246: 641 644 646 (117.0)
247: 642 651 655 (99.0)
248: 645 654 656 (99.0)
249: 648 649 650 (95.0)
250: 653 659 (59.0)
251: 652 660 669 (95.0)
252: 658 661 662 664 665 (96.0)
253: 668 673 (98.0)
254: 657 663 670 (96.0)
255: 667 674 679 (92.0)
256: 666 671 678 (90.0)
257: 672 676 682 (73.0)
258: 677 683 (85.0)
259: 675 688 689 692 (88.0)
260: 680 686 687 (96.0)
261: 681 685 691 (97.0)
262: 684 690 (94.0)
263: 693 697 700 (99.0)
264: 695 696 698 699 (100.0)
265: 694 702 (92.0)
266: 705 707 712 (94.0)
267: 701 703 704 (98.0)
268: 708 709 715 717 (126.0)
269: 706 711 718 724 (99.0)
270: 714 720 (100.0)
271: 710 728 (91.0)
272: 713 721 723 (99.0)
273: 719 725 730 (99.0)
274: 716 722 726 (94.0)
275: 729 731 733 (84.0)
276: 727 732 734 (99.0)
277: 735 736 737 (99.0)
278: 739 743 746 (103.0)
279: 738 742 744 745 (95.0)
280: 741 747 748 (108.0)
281: 740 749 (94.0)
