Name: 750-50-100
Time: 54.56001877784729 
Result: 95
Solution:  1 0 0 0 3 2 3 2 4 4 5 1 7 2 10 5 7 5 9 11 13 10 9 13 12 12 13 15 11 16 15 16 17 18 14 16 18 17 19 20 19 24 21 20 19 24 24 23 25 22 25 22 25 28 27 27 31 26 32 29 28 30 33 29 31 31 30 29 36 32 35 35 36 38 34 33 34 39 40 40 38 43 39 42 41 41 39 45 45 46 43 44 44 45 48 43 48 46 49 50 49 46 51 53 51 52 52 50 52 55 55 55 58 53 58 54 57 54 59 59 57 61 61 60 63 63 61 62 62 67 68 65 67 64 66 70 66 65 70 68 71 71 72 69 74 70 69 72 72 77 76 76 74 76 75 75 80 79 79 79 83 80 81 83 81 78 84 83 87 81 86 85 86 88 85 84 88 85 89 89 90 90 87 91 92 91 93 94 96 95 92 94 98 97 97 100 97 98 94 99 95 99 100 98 102 98 96 101 98 104 103 101 103 102 106 104 100 106 104 106 106 107 105 105 104 108 106 106 108 106 109 110 112 111 108 110 111 111 112 112 112 114 109 114 113 113 113 115 114 118 114 116 115 116 119 120 117 115 117 120 118 120 118 119 121 119 117 121 118 122 121 122 126 124 123 121 124 125 124 126 128 128 123 130 129 125 127 127 130 128 129 127 131 129 130 133 131 130 131 129 133 134 132 132 133 133 135 134 135 136 138 134 139 138 138 138 139 137 134 135 138 141 138 140 141 138 136 142 143 141 143 142 143 143 144 144 144 146 142 145 144 144 145 146 146 146 147 148 145 148 147 151 150 149 150 149 149 147 151 151 152 154 152 155 155 153 153 155 158 154 155 151 157 155 154 154 160 156 159 157 154 156 158 158 161 162 158 162 163 163 158 162 163 160 162 165 166 166 166 164 167 164 169 164 166 165 168 167 165 167 168 171 168 168 170 172 170 169 170 167 172 173 171 174 172 172 173 175 176 175 172 174 176 176 177 179 177 175 178 176 179 180 181 178 180 180 183 184 179 179 183 181 181 185 185 180 183 185 180 182 186 184 187 187 189 186 186 187 187 189 189 191 188 190 188 190 190 193 192 192 190 192 193 191 193 194 194 196 193 191 197 195 196 196 196 197 197 198 198 199 199 199 203 197 198 200 202 201 203 204 200 202 200 202 203 206 205 204 203 203 208 204 209 207 204 210 204 207 208 206 206 211 207 213 210 212 208 209 211 211 214 212 212 213 214 214 215 214 215 214 216 217 216 216 218 221 216 216 218 218 217 219 217 222 220 218 220 222 221 220 224 219 225 223 223 223 223 226 222 224 225 225 228 228 225 226 228 224 229 228 229 231 233 230 227 230 228 234 230 234 231 231 232 236 235 232 236 236 234 232 235 233 238 239 233 237 238 238 237 236 235 237 240 240 239 239 239 241 240 241 241 245 242 246 242 243 243 245 245 245 242 246 244 246 244 249 247 246 247 250 247 248 253 250 249 250 254 254 249 250 251 251 252 257 252 253 252 255 255 257 252 257 259 253 259 258 256 258 256 254 259 260 256 259 262 256 260 263 262 261 262 263 261 263 264 265 264 265 266 265 265 266 267 270 268 267 268 270 269 268 268 273 266 267 274 269 271 269 273 270 272 272 272 271 271 273 276 274 274 276 276 278 275 275 275 277 277 277 278 278 280 276 279 281 281 279 278 279 280 281
0: 1 2 3 (76.0)
1: 0 11 (51.0)
2: 5 7 13 (83.0)
3: 4 6 (43.0)
4: 8 9 (50.0)
5: 10 15 17 (51.0)
6: (0.0)
7: 12 16 (53.0)
8: (0.0)
9: 18 22 (60.0)
10: 14 21 (91.0)
11: 19 28 (55.0)
12: 24 25 (51.0)
13: 20 23 26 (50.0)
14: 34 (49.0)
15: 27 30 (69.0)
16: 29 31 35 (34.0)
17: 32 37 (55.0)
18: 33 36 (51.0)
19: 38 40 44 (53.0)
20: 39 43 (34.0)
21: 42 (45.0)
22: 49 51 (48.0)
23: 47 (42.0)
24: 41 45 46 (91.0)
25: 48 50 52 (84.0)
26: 57 (48.0)
27: 54 55 (54.0)
28: 53 60 (53.0)
29: 59 63 67 (63.0)
30: 61 66 (51.0)
31: 56 64 65 (61.0)
32: 58 69 (79.0)
33: 62 75 (53.0)
34: 74 76 (67.0)
35: 70 71 (55.0)
36: 68 72 (58.0)
37: (0.0)
38: 73 80 (39.0)
39: 77 82 86 (51.0)
40: 78 79 (56.0)
41: 84 85 (56.0)
42: 83 (52.0)
43: 81 90 95 (71.0)
44: 91 92 (65.0)
45: 87 88 93 (99.0)
46: 89 97 101 (43.0)
47: (0.0)
48: 94 96 (92.0)
49: 98 100 (68.0)
50: 99 107 (79.0)
51: 102 104 (59.0)
52: 105 106 108 (75.0)
53: 103 113 (52.0)
54: 115 117 (56.0)
55: 109 110 111 (100.0)
56: (0.0)
57: 116 120 (67.0)
58: 112 114 (55.0)
59: 118 119 (60.0)
60: 123 (50.0)
61: 121 122 126 (66.0)
62: 127 128 (59.0)
63: 124 125 (60.0)
64: 133 (33.0)
65: 131 137 (46.0)
66: 134 136 (64.0)
67: 129 132 (58.0)
68: 130 139 (68.0)
69: 143 146 (85.0)
70: 135 138 145 (90.0)
71: 140 141 (61.0)
72: 142 147 148 (50.0)
73: (0.0)
74: 144 152 (78.0)
75: 154 155 (63.0)
76: 150 151 153 (83.0)
77: 149 (51.0)
78: 165 (56.0)
79: 157 158 159 (100.0)
80: 156 161 (47.0)
81: 162 164 169 (51.0)
82: (0.0)
83: 160 163 167 (93.0)
84: 166 175 (70.0)
85: 171 174 177 (103.0)
86: 170 172 (63.0)
87: 168 182 (63.0)
88: 173 176 (78.0)
89: 178 179 (66.0)
90: 180 181 (66.0)
91: 183 185 (75.0)
92: 184 190 (88.0)
93: 186 (56.0)
94: 187 191 198 (65.0)
95: 189 200 (57.0)
96: 188 206 (65.0)
97: 193 194 196 (66.0)
98: 192 197 203 205 208 (58.0)
99: 199 201 (51.0)
100: 195 202 216 (76.0)
101: 207 211 (54.0)
102: 204 213 (86.0)
103: 210 212 (65.0)
104: 209 215 218 224 (57.0)
105: 222 223 (61.0)
106: 214 217 219 220 226 227 229 (45.0)
107: 221 (54.0)
108: 225 228 234 (87.0)
109: 230 242 (59.0)
110: 231 235 (59.0)
111: 233 236 237 (93.0)
112: 232 238 239 240 (86.0)
113: 244 245 246 (63.0)
114: 241 243 248 250 (72.0)
115: 247 252 257 (62.0)
116: 251 253 (50.0)
117: 256 258 266 (53.0)
118: 249 260 262 268 (92.0)
119: 254 263 265 (68.0)
120: 255 259 261 (87.0)
121: 264 267 270 275 (95.0)
122: 269 271 (67.0)
123: 274 282 (73.0)
124: 273 276 278 (88.0)
125: 277 285 (57.0)
126: 272 279 (55.0)
127: 286 287 291 (60.0)
128: 280 281 289 (76.0)
129: 284 290 293 299 (80.0)
130: 283 288 294 297 (99.0)
131: 292 296 298 (73.0)
132: 302 303 (62.0)
133: 295 300 304 305 (74.0)
134: 301 307 311 318 (77.0)
135: 306 308 319 (86.0)
136: 309 326 (57.0)
137: 317 (55.0)
138: 310 313 314 315 320 322 325 (83.0)
139: 312 316 (55.0)
140: 323 (61.0)
141: 321 324 329 (98.0)
142: 327 331 338 (78.0)
143: 328 330 332 333 (99.0)
144: 334 335 336 340 341 (89.0)
145: 339 342 348 (98.0)
146: 337 343 344 345 (93.0)
147: 346 350 357 (82.0)
148: 347 349 (77.0)
149: 353 355 356 (81.0)
150: 352 354 (58.0)
151: 351 358 359 371 (85.0)
152: 360 362 (58.0)
153: 365 366 (89.0)
154: 361 369 374 375 380 (63.0)
155: 363 364 367 370 373 (71.0)
156: 377 381 (72.0)
157: 372 379 (60.0)
158: 368 382 383 386 390 (88.0)
159: 378 (62.0)
160: 376 393 (82.0)
161: 384 (53.0)
162: 385 387 391 394 (81.0)
163: 388 389 392 (71.0)
164: 399 401 403 (97.0)
165: 395 405 408 (98.0)
166: 396 397 398 404 (99.0)
167: 400 407 409 419 (80.0)
168: 406 410 412 413 (98.0)
169: 402 417 (93.0)
170: 414 416 418 (74.0)
171: 411 422 (56.0)
172: 415 420 424 425 430 (65.0)
173: 421 426 (55.0)
174: 423 431 (84.0)
175: 427 429 437 (92.0)
176: 428 432 433 439 (80.0)
177: 434 436 (89.0)
178: 438 443 (112.0)
179: 435 440 448 449 (70.0)
180: 441 444 445 455 458 (95.0)
181: 442 451 452 (77.0)
182: 459 (60.0)
183: 446 450 456 (90.0)
184: 447 461 (73.0)
185: 453 454 457 (88.0)
186: 460 465 466 (73.0)
187: 462 463 467 468 (99.0)
188: 472 474 (63.0)
189: 464 469 470 (84.0)
190: 473 475 476 480 (81.0)
191: 471 483 489 (99.0)
192: 478 479 481 (95.0)
193: 477 482 484 488 (87.0)
194: 485 486 (84.0)
195: 491 (57.0)
196: 487 492 493 494 (98.0)
197: 490 495 496 503 (96.0)
198: 497 498 504 (91.0)
199: 499 500 501 (98.0)
200: 505 510 512 (73.0)
201: 507 (65.0)
202: 506 511 513 (98.0)
203: 502 508 514 518 519 (98.0)
204: 509 517 521 524 526 (66.0)
205: 516 (62.0)
206: 515 529 530 (86.0)
207: 523 527 532 (86.0)
208: 520 528 536 (99.0)
209: 522 537 (88.0)
210: 525 534 (88.0)
211: 531 538 539 (97.0)
212: 535 541 542 (95.0)
213: 533 543 (98.0)
214: 540 544 545 547 549 (67.0)
215: 546 548 (82.0)
216: 550 552 553 556 557 (95.0)
217: 551 560 562 (96.0)
218: 554 558 559 565 (104.0)
219: 561 571 (95.0)
220: 564 566 569 (101.0)
221: 555 568 (65.0)
222: 563 567 578 (99.0)
223: 573 574 575 576 (102.0)
224: 570 579 587 (92.0)
225: 572 580 581 584 (118.0)
226: 577 585 (97.0)
227: 594 (64.0)
228: 582 583 586 589 596 (100.0)
229: 588 590 (75.0)
230: 593 595 598 (96.0)
231: 591 600 601 (99.0)
232: 602 605 609 (100.0)
233: 592 611 614 (99.0)
234: 597 599 608 (101.0)
235: 604 610 620 (88.0)
236: 603 606 607 619 (93.0)
237: 615 618 621 (108.0)
238: 612 616 617 (95.0)
239: 613 624 625 626 (95.0)
240: 622 623 628 (93.0)
241: 627 629 630 (106.0)
242: 632 634 640 (97.0)
243: 635 636 (87.0)
244: 642 644 (94.0)
245: 631 637 638 639 (117.0)
246: 633 641 643 647 (98.0)
247: 646 648 650 (97.0)
248: 651 (89.0)
249: 645 654 658 (83.0)
250: 649 653 655 659 (85.0)
251: 660 661 (85.0)
252: 662 664 666 670 (79.0)
253: 652 665 673 (56.0)
254: 656 657 679 (97.0)
255: 667 668 (89.0)
256: 676 678 682 685 (98.0)
257: 663 669 671 (100.0)
258: 675 677 (93.0)
259: 672 674 680 683 (91.0)
260: 681 686 (102.0)
261: 689 692 (71.0)
262: 684 688 690 (96.0)
263: 687 691 693 (100.0)
264: 694 696 (75.0)
265: 695 697 699 700 (84.0)
266: 698 701 712 (98.0)
267: 702 705 713 (105.0)
268: 704 706 709 710 (114.0)
269: 708 715 717 (108.0)
270: 703 707 719 (97.0)
271: 716 723 724 (114.0)
272: 720 721 722 (99.0)
273: 711 718 725 (110.0)
274: 714 727 728 (100.0)
275: 732 733 734 (99.0)
276: 726 729 730 741 (100.0)
277: 735 736 737 (99.0)
278: 731 738 739 746 (128.0)
279: 742 745 747 (107.0)
280: 740 748 (91.0)
281: 743 744 749 (104.0)
