Name: 750-40-75
Time: 56.7116584777832 
Result: 72
Solution:  0 4 3 0 1 1 4 3 8 6 5 9 10 5 7 4 5 8 12 9 6 10 7 15 12 14 12 13 14 15 13 15 17 19 17 17 19 15 18 20 18 21 21 24 22 19 23 25 23 25 22 24 27 22 30 25 28 27 30 29 30 28 34 32 31 31 35 33 32 35 36 36 39 37 39 35 39 36 43 42 41 39 41 40 45 42 43 46 45 41 44 43 47 48 47 51 48 49 52 46 51 47 52 49 48 53 54 53 54 56 55 51 59 55 56 56 54 58 62 59 60 64 63 61 58 59 62 67 63 66 64 65 66 63 64 67 69 71 70 68 69 70 72 70 73 74 71 75 73 74 74 76 77 77 79 78 78 76 75 79 82 80 82 80 79 81 83 82 85 84 84 85 83 86 86 89 88 89 89 88 88 91 91 92 93 92 93 90 95 90 97 98 94 94 97 99 100 98 96 98 103 99 98 101 104 100 104 103 104 102 106 107 105 105 109 108 108 107 107 111 111 110 115 107 112 109 112 116 114 110 115 114 115 116 118 119 117 120 117 118 120 118 123 122 126 119 124 123 124 121 122 124 129 125 125 127 126 128 127 131 129 130 131 130 134 128 132 134 133 134 135 135 136 136 139 141 137 138 138 139 144 138 140 140 142 142 143 143 141 144 145 148 145 147 146 148 150 149 148 149 150 152 153 151 153 151 153 154 155 152 156 154 155 155 160 160 156 156 157 161 160 158 161 159 162 161 161 163 162 163 167 168 165 165 168 169 168 167 169 169 170 171 170 172 174 172 171 177 177 173 175 179 176 174 180 175 176 179 178 177 181 180 181 182 183 183 185 182 184 183 186 184 186 185 185 188 184 187 189 192 190 191 192 189 191 194 190 195 193 192 196 195 196 198 198 198 197 197 200 200 199 203 199 205 206 202 204 203 201 204 206 207 206 205 203 210 209 208 209 206 210 211 211 212 215 212 213 216 214 214 217 216 215 216 218 217 221 215 219 218 221 220 222 220 223 225 226 223 222 226 228 224 226 227 229 225 228 228 227 229 230 230 232 234 231 233 233 231 231 235 232 234 236 235 237 236 236 241 242 238 237 238 239 239 239 242 244 244 240 243 243 240 240 246 245 247 244 247 244 247 249 246 246 245 247 250 246 251 248 251 252 248 253 252 248 248 253 252 250 254 253 249 255 250 250 254 254 255 260 259 256 255 257 256 258 257 258 256 258 259 260 261 257 261 257 264 259 259 261 265 262 265 262 262 261 263 263 265 266 268 266 264 269 266 268 266 267 270 268 269 272 268 271 268 270 271 269 270 273 275 275 275 276 274 274 273 274 277 272 277 276 278 273 279 276 277 278 282 281 277 283 280 278 283 278 281 281 282 280 282 284 281 286 285 285 288 284 287 289 286 285 284 287 285 291 286 287 288 291 289 290 287 289 292 290 293 294 293 292 292 293 291 295 293 294 296 294 297 296 295 294 298 295 297 297 297 299 298 303 300 302 297 300 304 303 300 302 302 304 301 299 303 306 306 305 301 308 303 305 305 307 307 308 308 304 308 306 313 309 310 312 311 310 310 309 311 309 312 316 315 310 313 314 318 312 315 315 315 316 317 318 317 318 318 319 319 319 316 320 321 320 323 317 322 321 323 321 322 322 321 323 327 324 324 322 326 324 328 324 325 328 326 328 327 329 328 325 329 326 329
0: 0 3 (51.0)
1: 4 5 (40.0)
2: (0.0)
3: 2 7 (42.0)
4: 1 6 15 (44.0)
5: 10 13 16 (32.0)
6: 9 20 (41.0)
7: 14 22 (52.0)
8: 8 17 (49.0)
9: 11 19 (52.0)
10: 12 21 (49.0)
11: (0.0)
12: 18 24 26 (75.0)
13: 27 30 (44.0)
14: 25 28 (41.0)
15: 23 29 31 37 (65.0)
16: (0.0)
17: 32 34 35 (70.0)
18: 38 40 (42.0)
19: 33 36 45 (47.0)
20: 39 (28.0)
21: 41 42 (38.0)
22: 44 50 53 (41.0)
23: 46 48 (68.0)
24: 43 51 (41.0)
25: 47 49 55 (48.0)
26: (0.0)
27: 52 57 (40.0)
28: 56 61 (53.0)
29: 59 (29.0)
30: 54 58 60 (37.0)
31: 64 65 (42.0)
32: 63 68 (31.0)
33: 67 (35.0)
34: 62 (36.0)
35: 66 69 75 (60.0)
36: 70 71 77 (47.0)
37: 73 (35.0)
38: (0.0)
39: 72 74 76 81 (64.0)
40: 83 (39.0)
41: 80 82 89 (44.0)
42: 79 85 (43.0)
43: 78 86 91 (37.0)
44: 90 (40.0)
45: 84 88 (51.0)
46: 87 99 (65.0)
47: 92 94 101 (51.0)
48: 93 96 104 (72.0)
49: 97 103 (44.0)
50: (0.0)
51: 95 100 111 (66.0)
52: 98 102 (36.0)
53: 105 107 (55.0)
54: 106 108 116 (57.0)
55: 110 113 (60.0)
56: 109 114 115 (54.0)
57: (0.0)
58: 117 124 (61.0)
59: 112 119 125 (42.0)
60: 120 (27.0)
61: 123 (40.0)
62: 118 126 (68.0)
63: 122 128 133 (36.0)
64: 121 130 134 (48.0)
65: 131 (35.0)
66: 129 132 (61.0)
67: 127 135 (34.0)
68: 139 (35.0)
69: 136 140 (48.0)
70: 138 141 143 (54.0)
71: 137 146 (58.0)
72: 142 (26.0)
73: 144 148 (72.0)
74: 145 149 150 (32.0)
75: 147 158 (42.0)
76: 151 157 (47.0)
77: 152 153 (47.0)
78: 155 156 (64.0)
79: 154 159 164 (41.0)
80: 161 163 (56.0)
81: 165 (43.0)
82: 160 162 167 (54.0)
83: 166 172 (60.0)
84: 169 170 (46.0)
85: 168 171 (50.0)
86: 173 174 (63.0)
87: (0.0)
88: 176 179 180 (46.0)
89: 175 177 178 (61.0)
90: 187 189 (42.0)
91: 181 182 (62.0)
92: 183 185 (47.0)
93: 184 186 (40.0)
94: 192 193 (49.0)
95: 188 (44.0)
96: 198 (41.0)
97: 190 194 (66.0)
98: 191 197 199 202 (41.0)
99: 195 201 (47.0)
100: 196 205 (68.0)
101: 203 (41.0)
102: 209 (40.0)
103: 200 207 (50.0)
104: 204 206 208 (47.0)
105: 212 213 (50.0)
106: 210 (42.0)
107: 211 217 218 223 (42.0)
108: 215 216 (57.0)
109: 214 225 (57.0)
110: 221 229 (64.0)
111: 219 220 (65.0)
112: 224 226 (36.0)
113: (0.0)
114: 228 231 (57.0)
115: 222 230 232 (62.0)
116: 227 233 (70.0)
117: 236 238 (75.0)
118: 234 239 241 (69.0)
119: 235 245 (50.0)
120: 237 240 (47.0)
121: 249 (48.0)
122: 243 250 (48.0)
123: 242 247 (51.0)
124: 246 248 251 (61.0)
125: 253 254 (40.0)
126: 244 256 (49.0)
127: 255 258 (40.0)
128: 257 265 (46.0)
129: 252 260 (43.0)
130: 261 263 (75.0)
131: 259 262 (64.0)
132: 266 (42.0)
133: 268 (47.0)
134: 264 267 269 (43.0)
135: 270 271 (53.0)
136: 272 273 (54.0)
137: 276 (49.0)
138: 277 278 281 (49.0)
139: 274 279 (41.0)
140: 282 283 (54.0)
141: 275 288 (71.0)
142: 284 285 (54.0)
143: 286 287 (54.0)
144: 280 289 (60.0)
145: 290 292 (38.0)
146: 294 (40.0)
147: 293 (46.0)
148: 291 295 298 (53.0)
149: 297 299 (51.0)
150: 296 300 (66.0)
151: 303 305 (66.0)
152: 301 309 (70.0)
153: 302 304 306 (72.0)
154: 307 311 (72.0)
155: 308 312 313 (74.0)
156: 310 316 317 (66.0)
157: 318 (45.0)
158: 321 (41.0)
159: 323 (52.0)
160: 314 315 320 (70.0)
161: 319 322 325 326 (43.0)
162: 324 328 (68.0)
163: 327 329 (72.0)
164: (0.0)
165: 332 333 (56.0)
166: (0.0)
167: 330 337 (71.0)
168: 331 334 336 (74.0)
169: 335 338 339 (81.0)
170: 340 342 (66.0)
171: 341 346 (57.0)
172: 343 345 (64.0)
173: 349 (46.0)
174: 344 353 (42.0)
175: 350 355 (56.0)
176: 352 356 (73.0)
177: 347 348 359 (47.0)
178: 358 (39.0)
179: 351 357 (53.0)
180: 354 361 (57.0)
181: 360 362 (50.0)
182: 363 367 (67.0)
183: 364 365 369 (70.0)
184: 368 371 376 (71.0)
185: 366 373 374 (73.0)
186: 370 372 (62.0)
187: 377 (47.0)
188: 375 (47.0)
189: 378 383 (60.0)
190: 380 386 (50.0)
191: 381 384 (59.0)
192: 379 382 389 (72.0)
193: 388 (44.0)
194: 385 (51.0)
195: 387 391 (59.0)
196: 390 392 (64.0)
197: 396 397 (60.0)
198: 393 394 395 (72.0)
199: 400 402 (69.0)
200: 398 399 (60.0)
201: 408 (52.0)
202: 405 (47.0)
203: 401 407 414 (53.0)
204: 406 409 (61.0)
205: 403 413 (61.0)
206: 404 410 412 419 (66.0)
207: 411 (53.0)
208: 417 (41.0)
209: 416 418 (60.0)
210: 415 420 (75.0)
211: 421 422 (56.0)
212: 423 425 (62.0)
213: 426 (40.0)
214: 428 429 (61.0)
215: 424 432 437 (72.0)
216: 427 431 433 (71.0)
217: 430 435 (60.0)
218: 434 439 (48.0)
219: 438 (53.0)
220: 441 443 (73.0)
221: 436 440 (75.0)
222: 442 448 (73.0)
223: 444 447 (85.0)
224: 451 (51.0)
225: 445 455 (44.0)
226: 446 449 452 (72.0)
227: 453 458 (50.0)
228: 450 456 457 (74.0)
229: 454 459 (79.0)
230: 460 461 (63.0)
231: 464 467 468 (74.0)
232: 462 470 (73.0)
233: 465 466 (75.0)
234: 463 471 (54.0)
235: 469 473 (55.0)
236: 472 475 476 (72.0)
237: 474 480 (68.0)
238: 479 481 (60.0)
239: 482 483 484 (55.0)
240: 488 491 492 (74.0)
241: 477 (53.0)
242: 478 485 (65.0)
243: 489 490 (48.0)
244: 486 487 496 498 (74.0)
245: 494 503 (72.0)
246: 493 501 502 506 (74.0)
247: 495 497 499 504 (63.0)
248: 508 511 514 515 (57.0)
249: 500 521 (57.0)
250: 505 518 523 524 (57.0)
251: 507 509 (60.0)
252: 510 513 517 (87.0)
253: 512 516 520 (75.0)
254: 519 525 526 (75.0)
255: 522 527 531 (79.0)
256: 530 533 537 (75.0)
257: 532 535 542 544 (75.0)
258: 534 536 538 (74.0)
259: 529 539 546 547 (74.0)
260: 528 540 (71.0)
261: 541 543 548 554 (75.0)
262: 550 552 553 (62.0)
263: 555 556 (67.0)
264: 545 561 (64.0)
265: 549 551 557 (62.0)
266: 558 560 563 565 (75.0)
267: 566 (50.0)
268: 559 564 568 571 573 (65.0)
269: 562 569 576 (52.0)
270: 567 574 577 (67.0)
271: 572 575 (65.0)
272: 570 588 (63.0)
273: 578 585 592 (69.0)
274: 583 584 586 (66.0)
275: 579 580 581 (70.0)
276: 582 590 594 (71.0)
277: 587 589 595 599 (73.0)
278: 591 596 602 604 (68.0)
279: 593 (41.0)
280: 601 608 (72.0)
281: 598 605 606 611 (71.0)
282: 597 607 609 (74.0)
283: 600 603 (61.0)
284: 610 616 621 (69.0)
285: 613 614 620 623 (75.0)
286: 612 619 625 (75.0)
287: 617 622 626 631 (75.0)
288: 615 627 (74.0)
289: 618 629 632 (71.0)
290: 630 634 (74.0)
291: 624 628 641 (74.0)
292: 633 638 639 (75.0)
293: 635 637 640 643 (58.0)
294: 636 644 646 650 (75.0)
295: 642 649 652 (74.0)
296: 645 648 (84.0)
297: 647 653 654 655 661 (72.0)
298: 651 657 (76.0)
299: 656 670 (72.0)
300: 659 662 665 (74.0)
301: 669 675 (75.0)
302: 660 666 667 (78.0)
303: 658 664 671 677 (71.0)
304: 663 668 684 (75.0)
305: 674 678 679 (67.0)
306: 672 673 686 (65.0)
307: 680 681 (72.0)
308: 676 682 683 685 (75.0)
309: 688 694 696 (75.0)
310: 689 692 693 700 (74.0)
311: 691 695 (66.0)
312: 690 697 704 (73.0)
313: 687 701 (73.0)
314: 702 (40.0)
315: 699 705 706 707 (82.0)
316: 698 708 717 (80.0)
317: 709 711 722 (79.0)
318: 703 710 712 713 (75.0)
319: 714 715 716 (74.0)
320: 718 720 (73.0)
321: 719 724 726 729 (83.0)
322: 723 727 728 734 (68.0)
323: 721 725 730 (73.0)
324: 732 733 736 738 (81.0)
325: 739 746 (73.0)
326: 735 741 748 (98.0)
327: 731 743 (74.0)
328: 737 740 742 745 (71.0)
329: 744 747 749 (72.0)
