Name: 750-30-50
Time: 52.06490397453308 
Result: 56
Solution:  0 0 2 1 2 5 2 1 4 4 3 3 5 6 7 10 7 8 6 8 11 12 14 8 11 12 12 15 14 16 14 15 16 18 17 16 20 18 19 19 22 17 21 21 23 22 20 24 27 25 24 23 26 26 29 27 28 30 29 25 28 31 33 30 35 32 32 30 35 34 36 35 37 33 34 36 39 37 36 39 40 38 43 39 38 40 44 43 46 44 45 48 45 44 44 47 48 48 50 49 47 50 50 54 56 49 54 53 52 57 55 54 56 57 55 56 57 58 61 58 58 62 59 61 63 62 59 62 67 64 63 65 66 65 68 65 69 64 66 69 68 67 70 71 70 72 73 72 71 73 76 75 77 75 79 73 77 78 76 80 80 81 79 83 82 81 84 82 85 83 86 89 85 84 85 87 86 92 91 87 90 86 92 90 93 91 89 94 94 91 95 95 99 96 97 99 96 99 98 100 97 101 104 105 100 104 103 103 102 108 106 102 105 106 109 107 108 110 109 107 106 110 111 112 112 113 111 109 114 114 116 116 115 118 117 113 117 119 119 118 120 118 122 121 122 124 121 122 123 128 126 123 125 125 128 124 126 127 130 129 127 129 130 131 132 132 135 133 130 131 133 137 132 137 137 135 134 138 136 136 134 134 142 140 138 136 138 139 142 140 141 140 143 142 142 145 141 141 143 143 142 143 144 146 143 146 147 149 145 144 148 149 148 147 148 150 150 152 151 150 150 149 148 153 152 155 154 154 152 153 151 153 153 158 155 154 160 157 155 157 157 155 156 155 158 159 161 160 156 158 159 160 165 161 162 162 163 165 162 167 163 161 162 166 165 168 166 168 162 164 165 167 167 166 166 170 169 165 173 172 173 170 171 174 172 171 173 172 172 169 172 178 174 177 178 175 175 176 179 174 176 178 177 177 176 181 177 178 178 177 180 179 180 184 183 184 183 184 182 182 187 184 183 183 181 186 185 186 185 190 188 187 189 186 186 193 190 189 188 193 190 188 193 190 191 191 195 195 194 196 194 195 192 197 195 191 197 196 196 197 201 194 198 197 198 199 198 199 202 200 200 202 201 200 203 199 202 204 203 204 206 205 201 205 205 202 206 207 203 204 204 207 208 208 211 208 210 210 212 213 206 212 210 209 209 212 211 215 213 214 212 212 215 214 215 213 217 219 215 220 217 220 219 217 216 219 220 218 219 220 222 221 220 223 222 221 222 223 224 223 224 220 225 228 226 225 226 229 226 227 227 227 229 231 227 228 228 228 230 233 231 231 231 232 230 230 231 233 236 235 234 234 234 236 234 237 238 236 239 235 236 237 238 240 238 239 238 239 241 239 240 242 240 242 246 243 243 244 243 240 242 247 245 245 247 241 247 246 246 244 248 250 249 249 246 248 248 252 249 249 250 251 255 252 254 252 253 251 256 253 253 251 257 257 255 254 257 257 255 256 255 258 256 255 259 258 256 259 261 260 260 261 262 260 263 262 264 265 263 264 264 264 262 267 265 266 264 268 268 266 265 270 268 265 269 266 269 272 271 271 271 272 271 267 272 272 270 273 272 273 274 272 274 275 277 275 277 274 278 276 277 276 279 276 275 280 281 280 277 283 278 278 279 281 282 282 284 282 283 283 285 288 281 284 287 285 285 286 289 284 286 286 289 287 291 288 287 290 287 288 290 292 293 292 293 289 290 293 291 291
0: 0 1 (30.0)
1: 3 7 (23.0)
2: 2 4 6 (41.0)
3: 10 11 (30.0)
4: 8 9 (30.0)
5: 5 12 (42.0)
6: 13 18 (36.0)
7: 14 16 (37.0)
8: 17 19 23 (40.0)
9: (0.0)
10: 15 (15.0)
11: 20 24 (36.0)
12: 21 25 26 (28.0)
13: (0.0)
14: 22 28 30 (19.0)
15: 27 31 (50.0)
16: 29 32 35 (50.0)
17: 34 41 (31.0)
18: 33 37 (46.0)
19: 38 39 (31.0)
20: 36 46 (28.0)
21: 42 43 (31.0)
22: 40 45 (32.0)
23: 44 51 (19.0)
24: 47 50 (35.0)
25: 49 59 (33.0)
26: 52 53 (31.0)
27: 48 55 (29.0)
28: 56 60 (54.0)
29: 54 58 (31.0)
30: 57 63 67 (19.0)
31: 61 (6.0)
32: 65 66 (41.0)
33: 62 73 (46.0)
34: 69 74 (47.0)
35: 64 68 71 (37.0)
36: 70 75 78 (44.0)
37: 72 77 (33.0)
38: 81 84 (31.0)
39: 76 79 83 (28.0)
40: 80 85 (33.0)
41: (0.0)
42: (0.0)
43: 82 87 (43.0)
44: 86 89 93 94 (24.0)
45: 90 92 (46.0)
46: 88 (30.0)
47: 95 100 (50.0)
48: 91 96 97 (48.0)
49: 99 105 (38.0)
50: 98 101 102 (30.0)
51: (0.0)
52: 108 (30.0)
53: 107 (17.0)
54: 103 106 111 (52.0)
55: 110 114 (39.0)
56: 104 112 115 (40.0)
57: 109 113 116 (40.0)
58: 117 119 120 (43.0)
59: 122 126 (33.0)
60: (0.0)
61: 118 123 (55.0)
62: 121 125 127 (32.0)
63: 124 130 (43.0)
64: 129 137 (36.0)
65: 131 133 135 (37.0)
66: 132 138 (46.0)
67: 128 141 (37.0)
68: 134 140 (37.0)
69: 136 139 (22.0)
70: 142 144 (36.0)
71: 143 148 (51.0)
72: 145 147 (32.0)
73: 146 149 155 (26.0)
74: (0.0)
75: 151 153 (51.0)
76: 150 158 (29.0)
77: 152 156 (34.0)
78: 157 (13.0)
79: 154 162 (45.0)
80: 159 160 (33.0)
81: 161 165 (25.0)
82: 164 167 (52.0)
83: 163 169 (37.0)
84: 166 173 (39.0)
85: 168 172 174 (23.0)
86: 170 176 181 (38.0)
87: 175 179 (51.0)
88: (0.0)
89: 171 186 (40.0)
90: 180 183 (34.0)
91: 178 185 189 (23.0)
92: 177 182 (48.0)
93: 184 (30.0)
94: 187 188 (48.0)
95: 190 191 (36.0)
96: 193 196 (49.0)
97: 194 200 (51.0)
98: 198 (30.0)
99: 192 195 197 (30.0)
100: 199 204 (30.0)
101: 201 (14.0)
102: 208 211 (43.0)
103: 206 207 (36.0)
104: 202 205 (21.0)
105: 203 212 (53.0)
106: 210 213 220 (39.0)
107: 215 219 (47.0)
108: 209 216 (35.0)
109: 214 218 227 (39.0)
110: 217 221 (40.0)
111: 222 226 (39.0)
112: 223 224 (48.0)
113: 225 235 (31.0)
114: 228 229 (37.0)
115: 232 (34.0)
116: 230 231 (37.0)
117: 234 236 (41.0)
118: 233 239 241 (26.0)
119: 237 238 (35.0)
120: 240 (30.0)
121: 243 246 (58.0)
122: 242 244 247 (31.0)
123: 248 251 (46.0)
124: 245 255 (42.0)
125: 252 253 (38.0)
126: 250 256 (31.0)
127: 257 260 (30.0)
128: 249 254 (39.0)
129: 259 261 (47.0)
130: 258 262 268 (32.0)
131: 263 269 (43.0)
132: 264 265 272 (13.0)
133: 267 270 (38.0)
134: 276 280 281 (32.0)
135: 266 275 (44.0)
136: 278 279 285 (36.0)
137: 271 273 274 (35.0)
138: 277 284 286 (41.0)
139: 287 (30.0)
140: 283 289 291 (47.0)
141: 290 296 297 (34.0)
142: 282 288 293 294 300 (50.0)
143: 292 298 299 301 304 (50.0)
144: 302 309 (37.0)
145: 295 308 (33.0)
146: 303 305 (36.0)
147: 306 313 (45.0)
148: 310 312 314 322 (32.0)
149: 307 311 321 (31.0)
150: 315 316 319 320 (40.0)
151: 318 330 (31.0)
152: 317 324 328 (50.0)
153: 323 329 331 332 (50.0)
154: 326 327 335 (50.0)
155: 325 334 338 341 343 (30.0)
156: 342 348 (44.0)
157: 337 339 340 (47.0)
158: 333 344 349 (39.0)
159: 345 350 (41.0)
160: 336 347 351 (33.0)
161: 346 353 361 (41.0)
162: 354 355 358 362 368 (40.0)
163: 356 360 (54.0)
164: 369 (35.0)
165: 352 357 364 370 377 (45.0)
166: 363 366 373 374 (37.0)
167: 359 371 372 (49.0)
168: 365 367 (47.0)
169: 376 389 (33.0)
170: 375 381 (36.0)
171: 382 385 (45.0)
172: 379 384 387 388 390 (50.0)
173: 378 380 386 (48.0)
174: 383 392 399 (36.0)
175: 395 396 (43.0)
176: 397 400 404 (36.0)
177: 393 402 403 406 409 (42.0)
178: 391 394 401 407 408 (35.0)
179: 398 411 (43.0)
180: 410 412 (43.0)
181: 405 424 (45.0)
182: 418 419 (30.0)
183: 414 416 422 423 (49.0)
184: 413 415 417 421 (45.0)
185: 426 428 (35.0)
186: 425 427 433 434 (35.0)
187: 420 431 (47.0)
188: 430 438 441 (49.0)
189: 432 437 (52.0)
190: 429 436 440 443 (40.0)
191: 444 445 455 (42.0)
192: 452 (33.0)
193: 435 439 442 (38.0)
194: 448 450 461 (39.0)
195: 446 447 451 454 (37.0)
196: 449 457 458 (50.0)
197: 453 456 459 463 (50.0)
198: 462 464 466 (40.0)
199: 465 467 475 (49.0)
200: 469 470 473 (45.0)
201: 460 472 482 (49.0)
202: 468 471 476 485 (50.0)
203: 474 478 488 (50.0)
204: 477 479 489 490 (50.0)
205: 481 483 484 (53.0)
206: 480 486 500 (49.0)
207: 487 491 (46.0)
208: 492 493 495 (44.0)
209: 503 504 (48.0)
210: 496 497 502 (49.0)
211: 494 506 (30.0)
212: 498 501 505 510 511 (49.0)
213: 499 508 515 (41.0)
214: 509 513 (40.0)
215: 507 512 514 518 (41.0)
216: 524 (31.0)
217: 516 520 523 (47.0)
218: 527 (40.0)
219: 517 522 525 528 (37.0)
220: 519 521 526 529 532 541 (36.0)
221: 531 535 (41.0)
222: 530 534 536 (50.0)
223: 533 537 539 (51.0)
224: 538 540 (43.0)
225: 542 545 (48.0)
226: 544 546 548 (48.0)
227: 549 550 551 554 (54.0)
228: 543 555 556 557 (48.0)
229: 547 552 (36.0)
230: 558 564 565 (46.0)
231: 553 560 561 562 566 (31.0)
232: 563 (39.0)
233: 559 567 (43.0)
234: 570 571 572 574 (47.0)
235: 569 579 (47.0)
236: 568 573 577 580 (49.0)
237: 575 581 (50.0)
238: 576 582 584 586 (50.0)
239: 578 585 587 589 (43.0)
240: 583 590 592 599 (53.0)
241: 588 605 (50.0)
242: 591 593 600 (48.0)
243: 595 596 598 (53.0)
244: 597 609 (49.0)
245: 602 603 (56.0)
246: 594 607 608 614 (49.0)
247: 601 604 606 (44.0)
248: 610 615 616 (49.0)
249: 612 613 618 619 (43.0)
250: 611 620 (34.0)
251: 621 627 631 (47.0)
252: 617 623 625 (44.0)
253: 626 629 630 (39.0)
254: 624 635 (50.0)
255: 622 634 638 640 643 (57.0)
256: 628 639 642 646 (50.0)
257: 632 633 636 637 (49.0)
258: 641 645 (48.0)
259: 644 647 (49.0)
260: 649 650 653 (49.0)
261: 648 651 (40.0)
262: 652 655 662 (42.0)
263: 654 658 (37.0)
264: 656 659 660 661 666 (39.0)
265: 657 664 670 673 (47.0)
266: 665 669 675 (55.0)
267: 663 683 (54.0)
268: 667 668 672 (56.0)
269: 674 676 (47.0)
270: 671 686 (56.0)
271: 678 679 680 682 (62.0)
272: 677 681 684 685 688 691 (46.0)
273: 687 689 (48.0)
274: 690 692 697 (58.0)
275: 693 695 704 (51.0)
276: 699 701 703 (53.0)
277: 694 696 700 708 (52.0)
278: 698 710 711 (51.0)
279: 702 712 (47.0)
280: 705 707 (45.0)
281: 706 713 722 (49.0)
282: 714 715 717 (57.0)
283: 709 718 719 (51.0)
284: 716 723 729 (48.0)
285: 720 725 726 (57.0)
286: 727 730 731 (49.0)
287: 724 733 736 738 (49.0)
288: 721 735 739 (48.0)
289: 728 732 745 (45.0)
290: 737 740 746 (46.0)
291: 734 748 749 (50.0)
292: 741 743 (41.0)
293: 742 744 747 (41.0)
