Name: 750-50-100
Time: 27.124383449554443 
Result: 319101
Solution:  0 0 2 1 4 2 3 1 5 6 3 4 7 5 8 8 7 10 10 8 9 6 9 14 12 11 9 12 11 17 15 16 17 20 14 15 17 16 18 19 19 24 21 17 19 21 23 20 23 25 27 24 26 28 27 26 30 25 29 30 29 31 28 30 32 32 30 31 36 34 38 35 36 37 35 37 37 39 39 40 41 42 44 38 42 41 40 43 43 42 44 46 45 50 46 44 49 48 48 49 50 48 52 55 51 53 50 52 58 53 51 54 56 55 59 58 56 54 57 63 57 62 62 60 61 62 59 65 64 64 67 68 65 67 68 66 66 66 70 69 68 71 70 72 69 71 72 75 72 74 73 75 77 73 76 75 78 76 80 79 80 79 77 78 79 82 83 83 85 80 86 88 87 87 84 86 90 85 88 91 90 89 92 91 89 92 94 94 93 94 95 93 97 99 97 100 98 98 96 96 95 99 99 98 101 99 96 102 98 104 103 102 101 100 104 105 107 104 104 105 104 108 103 105 104 109 107 108 109 106 106 110 110 107 108 110 112 111 115 114 113 111 111 111 115 112 115 114 113 118 116 117 119 116 116 120 117 115 117 121 119 120 122 120 118 123 116 121 119 121 122 122 125 126 122 122 125 123 126 126 128 127 124 126 122 127 127 130 130 128 132 129 128 128 129 132 131 130 130 132 129 131 132 133 135 133 135 135 135 138 137 134 139 139 135 137 139 134 141 137 138 138 138 136 141 140 136 140 138 142 141 142 143 140 142 144 146 140 145 144 144 144 147 148 146 147 145 145 150 148 148 150 152 149 152 150 149 147 149 153 153 153 150 153 154 154 156 153 154 156 155 151 155 157 154 153 160 156 157 158 159 162 158 158 159 160 161 162 158 161 161 160 164 163 165 164 161 161 166 165 166 163 169 165 167 167 167 167 172 168 168 171 168 168 169 170 169 170 170 170 173 172 171 175 171 172 173 174 174 176 177 173 175 176 178 179 176 180 178 176 177 180 176 177 180 183 181 184 179 181 181 185 179 186 185 180 186 185 183 182 182 186 188 187 183 188 189 187 186 190 187 191 189 187 190 190 193 195 192 192 192 193 190 194 193 191 194 198 193 199 194 195 196 197 200 193 197 196 195 197 198 198 200 199 201 200 201 199 203 201 202 200 202 205 205 203 204 205 206 204 205 203 206 208 205 207 205 209 208 209 206 210 207 208 210 212 211 209 209 211 214 213 212 214 213 213 215 217 213 216 211 215 216 215 217 218 214 218 216 218 217 220 219 222 221 219 220 223 223 220 222 222 226 219 223 223 224 225 222 226 225 227 224 229 225 229 230 224 228 226 228 228 232 231 227 231 227 230 231 234 234 229 233 234 236 233 231 236 233 234 236 232 238 237 232 235 234 240 235 239 237 237 239 239 238 237 240 241 239 241 241 246 242 246 242 243 243 244 246 244 242 246 245 243 245 247 247 247 246 249 252 248 248 249 250 248 250 251 251 249 253 254 251 257 253 252 257 255 256 251 255 255 254 260 260 259 257 258 254 257 261 261 261 260 259 256 260 264 258 259 262 262 258 265 263 266 264 262 266 263 264 268 266 265 265 270 267 267 269 268 267 270 266 269 268 269 274 273 269 274 272 272 274 271 270 273 275 277 271 276 278 277 275 275 276 275 274 279 275 278 278 275 280 280 281 281 277 279 281 280
0: 0 1 (50.0)
1: 3 7 (63.0)
2: 2 5 (44.0)
3: 6 10 (39.0)
4: 4 11 (54.0)
5: 8 13 (56.0)
6: 9 21 (66.0)
7: 12 16 (53.0)
8: 14 15 19 (63.0)
9: 20 22 26 (41.0)
10: 17 18 (61.0)
11: 25 28 (66.0)
12: 24 27 (65.0)
13: (0.0)
14: 23 34 (79.0)
15: 30 35 (36.0)
16: 31 37 (68.0)
17: 29 32 36 43 (31.0)
18: 38 (27.0)
19: 39 40 44 (52.0)
20: 33 47 (87.0)
21: 42 45 (83.0)
22: (0.0)
23: 46 48 (31.0)
24: 41 51 (56.0)
25: 49 57 (82.0)
26: 52 55 (67.0)
27: 50 54 (51.0)
28: 53 62 (75.0)
29: 58 60 (59.0)
30: 56 59 63 66 (54.0)
31: 61 67 (66.0)
32: 64 65 (55.0)
33: (0.0)
34: 69 (43.0)
35: 71 74 (62.0)
36: 68 72 (58.0)
37: 73 75 76 (37.0)
38: 70 83 (93.0)
39: 77 78 (58.0)
40: 79 86 (45.0)
41: 80 85 (63.0)
42: 81 84 89 (70.0)
43: 87 88 (83.0)
44: 82 90 95 (48.0)
45: 92 (41.0)
46: 91 94 (70.0)
47: (0.0)
48: 97 98 101 (43.0)
49: 96 99 (82.0)
50: 93 100 106 (79.0)
51: 104 110 (33.0)
52: 102 107 (84.0)
53: 105 109 (82.0)
54: 111 117 (71.0)
55: 103 113 (52.0)
56: 112 116 (57.0)
57: 118 120 (40.0)
58: 108 115 (47.0)
59: 114 126 (61.0)
60: 123 (50.0)
61: 124 (52.0)
62: 121 122 125 (44.0)
63: 119 (54.0)
64: 128 129 (60.0)
65: 127 132 (57.0)
66: 135 136 137 (98.0)
67: 130 133 (67.0)
68: 131 134 140 (77.0)
69: 139 144 (70.0)
70: 138 142 (45.0)
71: 141 145 (59.0)
72: 143 146 148 (96.0)
73: 150 153 (67.0)
74: 149 (51.0)
75: 147 151 155 (66.0)
76: 154 157 (71.0)
77: 152 162 (67.0)
78: 156 163 (65.0)
79: 159 161 164 (56.0)
80: 158 160 169 (97.0)
81: (0.0)
82: 165 (56.0)
83: 166 167 (64.0)
84: 174 (48.0)
85: 168 177 (65.0)
86: 170 175 (46.0)
87: 172 173 (65.0)
88: 171 178 (63.0)
89: 181 184 (64.0)
90: 176 180 (89.0)
91: 179 183 (88.0)
92: 182 185 (43.0)
93: 188 191 (59.0)
94: 186 187 189 (93.0)
95: 190 200 (78.0)
96: 198 199 206 (62.0)
97: 192 194 (60.0)
98: 196 197 203 208 (55.0)
99: 193 201 202 205 (64.0)
100: 195 213 (78.0)
101: 204 212 (69.0)
102: 207 211 (54.0)
103: 210 222 (74.0)
104: 209 214 217 218 220 224 (49.0)
105: 215 219 223 (55.0)
106: 229 230 (54.0)
107: 216 226 233 (76.0)
108: 221 227 234 (68.0)
109: 225 228 (77.0)
110: 231 232 235 (60.0)
111: 237 241 242 243 (76.0)
112: 236 245 (67.0)
113: 240 248 (76.0)
114: 239 247 (50.0)
115: 238 244 246 257 (50.0)
116: 250 253 254 266 (52.0)
117: 251 256 258 (64.0)
118: 249 264 (67.0)
119: 252 260 268 (78.0)
120: 255 261 263 (108.0)
121: 259 267 269 (77.0)
122: 262 270 271 274 275 284 (95.0)
123: 265 277 (55.0)
124: 282 (59.0)
125: 272 276 (69.0)
126: 273 278 279 283 (81.0)
127: 281 285 286 (91.0)
128: 280 289 292 293 (94.0)
129: 291 294 300 (63.0)
130: 287 288 297 298 (96.0)
131: 296 301 (66.0)
132: 290 295 299 302 (74.0)
133: 303 305 (73.0)
134: 311 317 (65.0)
135: 304 306 307 308 314 (86.0)
136: 323 326 (66.0)
137: 310 315 319 (61.0)
138: 309 320 321 322 328 (82.0)
139: 312 313 316 (67.0)
140: 325 327 333 337 (79.0)
141: 318 324 330 (92.0)
142: 329 331 334 (76.0)
143: 332 (57.0)
144: 335 339 340 341 (100.0)
145: 338 346 347 (100.0)
146: 336 344 (69.0)
147: 342 345 357 (99.0)
148: 343 349 350 (53.0)
149: 353 356 358 (84.0)
150: 348 351 355 362 (88.0)
151: 371 (51.0)
152: 352 354 (58.0)
153: 359 360 361 363 367 375 (86.0)
154: 364 365 368 374 (81.0)
155: 370 372 (66.0)
156: 366 369 377 (90.0)
157: 373 378 (78.0)
158: 379 382 383 388 (69.0)
159: 380 384 (66.0)
160: 376 385 391 (85.0)
161: 386 389 390 396 397 (68.0)
162: 381 387 (78.0)
163: 393 401 (78.0)
164: 392 395 (62.0)
165: 394 399 403 (63.0)
166: 398 400 (74.0)
167: 404 405 406 407 (99.0)
168: 409 410 412 413 (94.0)
169: 402 414 416 (100.0)
170: 415 417 418 419 (90.0)
171: 411 422 424 (59.0)
172: 408 421 425 (92.0)
173: 420 426 431 (78.0)
174: 427 428 (56.0)
175: 423 432 (78.0)
176: 429 433 436 439 442 (93.0)
177: 430 440 443 (99.0)
178: 434 438 (105.0)
179: 435 448 452 (70.0)
180: 437 441 444 455 (97.0)
181: 446 449 450 (84.0)
182: 459 460 (64.0)
183: 445 458 464 (58.0)
184: 447 (53.0)
185: 451 454 457 (79.0)
186: 453 456 461 468 (94.0)
187: 463 467 470 473 (86.0)
188: 462 465 (82.0)
189: 466 472 (78.0)
190: 469 474 475 482 (92.0)
191: 471 485 (91.0)
192: 478 479 480 (96.0)
193: 476 481 484 488 495 (98.0)
194: 483 486 490 (96.0)
195: 477 491 498 (100.0)
196: 492 497 (87.0)
197: 493 496 499 (69.0)
198: 487 500 501 (96.0)
199: 489 503 507 (99.0)
200: 494 502 505 511 (71.0)
201: 504 506 509 (90.0)
202: 510 512 (67.0)
203: 508 515 521 (94.0)
204: 516 519 (89.0)
205: 513 514 517 520 524 526 (91.0)
206: 518 522 530 (96.0)
207: 525 532 (84.0)
208: 523 528 533 (75.0)
209: 527 529 537 538 (99.0)
210: 531 534 (75.0)
211: 536 539 550 (97.0)
212: 535 542 (59.0)
213: 541 544 545 548 (83.0)
214: 540 543 556 (100.0)
215: 546 551 553 (97.0)
216: 549 552 558 (100.0)
217: 547 554 560 (98.0)
218: 555 557 559 (100.0)
219: 562 565 573 (76.0)
220: 561 566 569 (115.0)
221: 564 (51.0)
222: 563 570 571 578 (98.0)
223: 567 568 574 575 (99.0)
224: 576 582 587 (100.0)
225: 577 580 584 (100.0)
226: 572 579 589 (100.0)
227: 581 594 596 (97.0)
228: 588 590 591 (97.0)
229: 583 585 601 (94.0)
230: 586 597 (81.0)
231: 593 595 598 606 (100.0)
232: 592 611 614 (99.0)
233: 602 605 608 (98.0)
234: 599 600 603 609 616 (100.0)
235: 615 618 (78.0)
236: 604 607 610 (98.0)
237: 613 620 621 625 (83.0)
238: 612 624 (86.0)
239: 619 622 623 628 (98.0)
240: 617 626 (96.0)
241: 627 629 630 (106.0)
242: 632 634 640 (97.0)
243: 635 636 643 (88.0)
244: 637 639 (74.0)
245: 642 644 (94.0)
246: 631 633 638 641 648 (98.0)
247: 645 646 647 (95.0)
248: 651 652 655 (100.0)
249: 649 653 659 (79.0)
250: 654 656 (89.0)
251: 657 658 662 669 (62.0)
252: 650 665 (83.0)
253: 660 664 (97.0)
254: 661 672 678 (91.0)
255: 667 670 671 (94.0)
256: 668 685 (98.0)
257: 663 666 676 679 (98.0)
258: 677 688 692 (99.0)
259: 675 684 689 (99.0)
260: 673 674 683 686 (107.0)
261: 680 681 682 (100.0)
262: 690 691 697 (101.0)
263: 694 699 (68.0)
264: 687 696 700 (104.0)
265: 693 703 704 (96.0)
266: 695 698 702 712 (105.0)
267: 706 707 710 (103.0)
268: 701 709 714 (93.0)
269: 708 713 715 718 (109.0)
270: 705 711 724 (100.0)
271: 723 728 (99.0)
272: 720 721 (92.0)
273: 717 725 (90.0)
274: 716 719 722 736 (128.0)
275: 726 732 733 735 738 741 (124.0)
276: 729 734 (93.0)
277: 727 731 746 (103.0)
278: 730 739 740 (102.0)
279: 737 747 (98.0)
280: 742 743 749 (92.0)
281: 744 745 748 (94.0)
