Name: 750-60-125
Time: 26.74658203125 
Result: 315121
Solution:  2 3 0 4 4 0 2 0 6 3 5 9 6 7 8 5 9 7 7 13 11 8 9 15 12 13 11 12 12 16 17 16 14 17 17 18 18 14 17 21 21 20 20 22 26 21 26 23 24 26 23 29 24 27 28 25 27 28 25 29 33 28 29 32 31 31 31 33 34 32 35 35 36 34 38 37 38 37 38 36 39 42 41 41 43 44 44 42 40 43 45 43 48 47 47 48 47 44 45 50 53 51 53 50 51 52 50 56 52 51 54 54 55 57 58 57 57 59 59 58 60 61 62 61 62 59 63 66 64 61 63 68 66 65 65 69 70 68 67 69 70 69 71 74 68 72 72 70 71 71 75 75 74 76 77 77 80 78 79 81 81 80 79 78 83 80 81 83 84 81 87 83 87 85 88 85 91 88 91 87 91 89 93 91 90 90 92 94 92 96 96 97 95 94 100 95 99 99 95 97 104 98 101 103 100 103 102 103 104 104 106 101 107 108 107 106 108 111 110 107 109 109 110 113 110 114 115 115 116 112 112 118 118 113 116 118 122 120 119 117 120 121 121 119 120 122 123 123 123 128 126 125 125 125 127 129 124 129 130 129 131 129 132 128 132 135 133 134 133 134 133 136 139 137 137 137 140 136 139 138 138 142 141 141 145 140 143 140 145 147 145 146 147 142 148 146 149 151 148 149 152 150 150 148 153 150 151 153 154 156 157 154 156 155 156 158 160 159 160 158 161 157 161 159 158 163 165 163 162 162 165 166 167 164 167 166 169 168 170 169 171 170 173 170 171 174 172 175 176 174 176 172 176 178 179 173 175 177 178 176 181 183 180 180 178 183 183 180 182 179 181 182 181 185 186 184 185 187 185 186 185 189 183 182 186 187 186 189 188 185 190 190 190 188 189 191 189 191 192 188 193 192 193 190 191 195 193 194 194 195 195 198 195 196 197 197 198 196 199 196 199 199 198 200 200 200 201 203 201 205 198 199 202 203 202 204 203 206 205 207 203 207 204 208 211 206 206 207 206 208 205 212 209 210 211 207 208 211 212 209 211 210 214 214 213 214 214 215 216 214 215 218 219 215 217 216 216 222 220 218 220 217 216 220 219 219 219 221 221 221 222 222 219 224 223 225 224 223 227 226 225 228 226 224 223 227 227 226 226 228 228 227 230 231 232 229 235 229 231 230 234 232 233 232 233 232 234 235 234 231 233 236 239 238 235 238 237 237 237 239 238 238 242 240 241 236 243 241 240 239 243 242 241 243 243 242 244 244 244 247 245 245 246 246 247 247 245 251 246 249 248 253 251 251 249 249 250 253 252 252 252 250 255 250 251 253 254 256 253 255 259 256 254 254 256 257 257 259 257 255 260 259 259 260 259 264 261 261 258 262 260 262 265 262 261 263 264 263 266 263 264 267 265 265 267 264 268 267 266 268 270 270 269 272 270 272 269 270 269 275 272 271 274 273 277 275 274 271 276 276 278 278 273 274 274 280 277 278 277 276 277 279 279 281 280 280 280 281 277 282 280 282 284 286 283 284 283 281 281 285 284 285 285 288 289 286 287 287 286 287 291 289 288 288 287 290 291 289 290 290 292 292 292 290 293 295 291 295 297 295 296 295 294 293 294 294 296 298 298 298 297 303 299 301 300 300 303 301 299 301 299 303 304 301 304 302 300 306 305 305 305 307 306 302 308 303 307 308 308 307
0: 2 5 7 (24.0)
1: (0.0)
2: 0 6 (65.0)
3: 1 9 (73.0)
4: 3 4 (100.0)
5: 10 15 (65.0)
6: 8 12 (80.0)
7: 13 17 18 (61.0)
8: 14 21 (74.0)
9: 11 16 22 (48.0)
10: (0.0)
11: 20 26 (68.0)
12: 24 27 28 (82.0)
13: 19 25 (94.0)
14: 32 37 (90.0)
15: 23 (59.0)
16: 29 31 (56.0)
17: 30 33 34 38 (78.0)
18: 35 36 (77.0)
19: (0.0)
20: 41 42 (92.0)
21: 39 40 45 (103.0)
22: 43 (31.0)
23: 47 50 (62.0)
24: 48 52 (66.0)
25: 55 58 (80.0)
26: 44 46 49 (68.0)
27: 53 56 (90.0)
28: 54 57 61 (106.0)
29: 51 59 62 (66.0)
30: (0.0)
31: 64 65 66 (126.0)
32: 63 69 (63.0)
33: 60 67 (33.0)
34: 68 73 (70.0)
35: 70 71 (67.0)
36: 72 79 (79.0)
37: 75 77 (114.0)
38: 74 76 78 (64.0)
39: 80 (61.0)
40: 88 (63.0)
41: 82 83 (69.0)
42: 81 87 (43.0)
43: 84 89 91 (57.0)
44: 85 86 97 (95.0)
45: 90 98 (91.0)
46: (0.0)
47: 93 94 96 (104.0)
48: 92 95 (84.0)
49: (0.0)
50: 99 103 106 (58.0)
51: 101 104 109 (84.0)
52: 105 108 (94.0)
53: 100 102 (83.0)
54: 110 111 (71.0)
55: 112 (62.0)
56: 107 (61.0)
57: 113 115 116 (106.0)
58: 114 119 (89.0)
59: 117 118 125 (62.0)
60: 120 (61.0)
61: 121 123 129 (69.0)
62: 122 124 (70.0)
63: 126 130 (100.0)
64: 128 (60.0)
65: 133 134 (81.0)
66: 127 132 (75.0)
67: 138 (73.0)
68: 131 137 144 (62.0)
69: 135 139 141 (58.0)
70: 136 140 147 (105.0)
71: 142 148 149 (103.0)
72: 145 146 (114.0)
73: (0.0)
74: 143 152 (62.0)
75: 150 151 (76.0)
76: 153 (61.0)
77: 154 155 (76.0)
78: 157 163 (109.0)
79: 158 162 (75.0)
80: 156 161 165 (113.0)
81: 159 160 166 169 (98.0)
82: (0.0)
83: 164 167 171 (125.0)
84: 168 (62.0)
85: 173 175 (61.0)
86: (0.0)
87: 170 172 179 (115.0)
88: 174 177 (124.0)
89: 181 (77.0)
90: 184 185 (79.0)
91: 176 178 180 183 (66.0)
92: 186 188 (99.0)
93: 182 (64.0)
94: 187 193 (57.0)
95: 192 195 198 (114.0)
96: 189 190 (93.0)
97: 191 199 (62.0)
98: 201 (63.0)
99: 196 197 (81.0)
100: 194 204 (103.0)
101: 202 211 (106.0)
102: 206 (53.0)
103: 203 205 207 (92.0)
104: 200 208 209 (99.0)
105: (0.0)
106: 210 215 (82.0)
107: 212 214 219 (92.0)
108: 213 216 (91.0)
109: 220 221 (83.0)
110: 218 222 224 (79.0)
111: 217 (60.0)
112: 229 230 (82.0)
113: 223 233 (110.0)
114: 225 (63.0)
115: 226 227 (84.0)
116: 228 234 (93.0)
117: 239 (63.0)
118: 231 232 235 (111.0)
119: 238 243 (100.0)
120: 237 240 244 (77.0)
121: 241 242 (72.0)
122: 236 245 (120.0)
123: 246 247 248 (115.0)
124: 256 (63.0)
125: 251 252 253 (92.0)
126: 250 (82.0)
127: 254 (65.0)
128: 249 263 (87.0)
129: 255 257 259 261 (88.0)
130: 258 (69.0)
131: 260 (67.0)
132: 262 264 (85.0)
133: 266 268 270 (103.0)
134: 267 269 (112.0)
135: 265 (63.0)
136: 271 277 (115.0)
137: 273 274 275 (101.0)
138: 279 280 (108.0)
139: 272 278 (107.0)
140: 276 285 287 (88.0)
141: 282 283 (90.0)
142: 281 293 (74.0)
143: 286 (64.0)
144: (0.0)
145: 284 288 290 (122.0)
146: 291 295 (128.0)
147: 289 292 (98.0)
148: 294 298 303 (132.0)
149: 296 299 (102.0)
150: 301 302 305 (76.0)
151: 297 306 (80.0)
152: 300 (73.0)
153: 304 307 (126.0)
154: 308 311 (79.0)
155: 313 (61.0)
156: 309 312 314 (120.0)
157: 310 321 (91.0)
158: 315 319 324 (109.0)
159: 317 323 (115.0)
160: 316 318 (107.0)
161: 320 322 (105.0)
162: 328 329 (94.0)
163: 325 327 (103.0)
164: 333 (62.0)
165: 326 330 (93.0)
166: 331 335 (89.0)
167: 332 334 (87.0)
168: 337 (81.0)
169: 336 339 (93.0)
170: 338 341 343 (82.0)
171: 340 344 (81.0)
172: 346 351 (102.0)
173: 342 355 (78.0)
174: 345 349 (112.0)
175: 347 356 (106.0)
176: 348 350 352 359 (111.0)
177: 357 (72.0)
178: 353 358 364 (125.0)
179: 354 369 (102.0)
180: 362 363 367 (125.0)
181: 360 370 372 (121.0)
182: 368 371 383 (120.0)
183: 361 365 366 382 (89.0)
184: 375 (62.0)
185: 373 376 378 380 389 (121.0)
186: 374 379 384 386 (115.0)
187: 377 385 (67.0)
188: 388 393 399 (75.0)
189: 381 387 394 396 (87.0)
190: 390 391 392 403 (117.0)
191: 395 397 404 (111.0)
192: 398 401 (95.0)
193: 400 402 406 (120.0)
194: 407 408 (92.0)
195: 405 409 410 412 (115.0)
196: 413 417 419 (124.0)
197: 414 415 (69.0)
198: 411 416 422 430 (120.0)
199: 418 420 421 431 (98.0)
200: 423 424 425 (100.0)
201: 426 428 (98.0)
202: 432 434 (96.0)
203: 427 433 436 440 (106.0)
204: 435 442 (98.0)
205: 429 438 450 (113.0)
206: 437 445 446 448 (83.0)
207: 439 441 447 455 (125.0)
208: 443 449 456 (111.0)
209: 452 459 (73.0)
210: 453 461 (79.0)
211: 444 454 457 460 (112.0)
212: 451 458 (75.0)
213: 464 (60.0)
214: 462 463 465 466 469 (116.0)
215: 467 470 473 (113.0)
216: 468 475 476 482 (116.0)
217: 474 481 (100.0)
218: 471 479 (115.0)
219: 472 484 485 486 492 (122.0)
220: 478 480 483 (128.0)
221: 487 488 489 (99.0)
222: 477 490 491 (75.0)
223: 494 497 504 (123.0)
224: 493 496 503 (121.0)
225: 495 500 (121.0)
226: 499 502 507 508 (120.0)
227: 498 505 506 511 (124.0)
228: 501 509 510 (122.0)
229: 515 517 (61.0)
230: 512 519 (74.0)
231: 513 518 529 (68.0)
232: 514 521 523 525 (111.0)
233: 522 524 530 (141.0)
234: 520 526 528 (119.0)
235: 516 527 534 (121.0)
236: 531 545 (100.0)
237: 536 537 538 (122.0)
238: 533 535 540 541 (125.0)
239: 532 539 549 (120.0)
240: 543 548 (103.0)
241: 544 547 552 (119.0)
242: 542 551 555 (99.0)
243: 546 550 553 554 (100.0)
244: 556 557 558 (111.0)
245: 560 561 566 (123.0)
246: 562 563 568 (122.0)
247: 559 564 565 (79.0)
248: 570 (63.0)
249: 569 574 575 (145.0)
250: 576 581 583 (102.0)
251: 567 572 573 584 (115.0)
252: 578 579 580 (125.0)
253: 571 577 585 588 (121.0)
254: 586 592 593 (110.0)
255: 582 589 599 (122.0)
256: 587 591 594 (125.0)
257: 595 596 598 (119.0)
258: 608 (64.0)
259: 590 597 601 602 604 (122.0)
260: 600 603 610 (117.0)
261: 606 607 614 (119.0)
262: 609 611 613 (113.0)
263: 615 617 619 (102.0)
264: 605 616 620 625 (122.0)
265: 612 622 623 (121.0)
266: 618 628 (110.0)
267: 621 624 627 (119.0)
268: 626 629 (120.0)
269: 632 636 638 (122.0)
270: 630 631 634 637 (121.0)
271: 641 647 (104.0)
272: 633 635 640 (124.0)
273: 643 652 (138.0)
274: 642 646 653 654 (130.0)
275: 639 645 (111.0)
276: 648 649 659 (123.0)
277: 644 656 658 660 668 (123.0)
278: 650 651 657 (124.0)
279: 661 662 (114.0)
280: 655 664 665 666 670 (125.0)
281: 663 667 677 678 (127.0)
282: 669 671 (118.0)
283: 674 676 (121.0)
284: 672 675 680 (123.0)
285: 679 681 682 (143.0)
286: 673 685 688 (122.0)
287: 686 687 689 694 (96.0)
288: 683 692 693 (111.0)
289: 684 691 697 (123.0)
290: 695 698 699 703 (138.0)
291: 690 696 706 (138.0)
292: 700 701 702 (125.0)
293: 704 713 (130.0)
294: 712 714 715 (118.0)
295: 705 707 709 711 (144.0)
296: 710 716 (113.0)
297: 708 720 (113.0)
298: 717 718 719 (123.0)
299: 722 728 730 (80.0)
300: 724 725 736 (111.0)
301: 723 727 729 733 (125.0)
302: 735 743 (126.0)
303: 721 726 731 745 (111.0)
304: 732 734 (120.0)
305: 738 739 740 (125.0)
306: 737 742 (77.0)
307: 741 746 749 (145.0)
308: 744 747 748 (137.0)
