Name: 750-40-75
Time: 27.559725999832153 
Result: 305084
Solution:  1 2 2 0 0 1 2 3 4 5 7 3 6 4 5 11 7 8 11 10 8 10 7 13 13 15 12 15 14 13 14 15 16 18 15 17 17 19 16 20 18 17 21 21 20 19 23 24 23 24 29 24 26 28 29 26 27 28 28 30 29 31 33 34 31 32 35 34 33 30 37 35 38 37 36 41 38 36 36 43 39 41 41 42 42 43 43 44 46 41 45 47 48 47 46 50 44 48 51 48 47 49 49 50 51 54 54 53 53 56 55 52 56 58 60 56 55 59 61 58 60 61 61 62 66 59 65 67 63 68 64 64 68 67 63 69 70 66 70 69 70 72 73 72 71 74 71 77 74 78 73 76 73 75 79 81 75 78 77 82 80 79 81 78 80 84 82 83 83 85 83 86 86 86 85 88 88 88 91 90 92 89 91 90 93 93 94 96 95 90 92 99 94 94 97 99 96 100 98 101 103 97 101 104 99 100 103 101 105 102 106 107 105 105 108 107 108 107 112 109 110 111 114 110 112 111 112 115 115 117 116 113 115 114 118 117 120 119 116 118 121 119 125 121 119 122 124 123 126 123 122 124 125 127 127 128 126 129 128 131 130 133 132 129 133 130 132 134 134 133 135 135 136 136 139 140 138 138 140 137 139 137 142 144 139 142 141 143 141 144 147 141 146 145 146 147 148 148 147 149 150 150 152 151 149 151 152 154 155 153 156 154 157 153 158 160 158 155 156 161 159 159 161 160 162 161 161 166 162 163 164 165 163 165 164 168 169 168 170 169 172 171 170 172 175 174 171 173 173 176 174 179 177 173 175 177 178 178 181 178 181 179 180 183 183 182 183 184 180 182 186 184 185 185 185 189 187 187 188 190 192 190 193 188 189 194 191 192 192 193 193 196 195 196 195 200 198 197 199 199 198 200 197 205 205 204 203 203 201 205 205 202 206 208 206 207 206 209 211 207 208 211 212 210 212 210 213 217 214 214 216 216 215 215 217 219 218 220 221 216 220 220 222 219 222 225 223 223 224 226 221 227 225 226 228 227 229 229 226 232 230 230 232 234 231 233 233 232 231 236 235 234 239 237 238 236 234 240 242 237 236 241 237 239 241 242 243 238 241 243 246 244 245 248 245 244 244 243 245 245 246 247 246 247 250 246 248 249 246 251 250 248 254 252 249 249 251 252 254 254 253 254 252 257 253 256 255 255 260 256 256 257 258 255 259 256 258 259 257 256 260 260 257 261 262 258 261 262 263 262 263 264 265 267 265 266 263 263 268 267 266 264 267 266 268 267 269 270 267 271 273 269 270 268 269 275 271 271 274 277 272 276 277 274 274 272 277 278 273 278 276 278 273 281 276 276 279 279 279 275 280 282 280 278 281 285 281 284 282 287 283 281 288 286 287 284 283 286 284 284 285 283 285 291 287 288 289 289 291 290 290 286 290 292 288 294 294 291 293 293 294 293 292 295 298 295 294 297 296 299 294 296 295 297 297 296 299 298 302 298 301 297 302 304 302 302 301 299 304 303 304 305 305 307 300 303 305 309 306 304 307 306 307 308 305 308 306 309 309 310 312 313 310 308 313 311 311 312 310 313 312 314 314 316 311 313 315 315 318 319 316 317 315 317 319 316 317 318 321 320 321 323 318 319 321 320 325 322 323 322 323 325 324 325 322 322 324 328 323 327 324 326 328 326 328 328 327 329 329 329
0: 3 4 (32.0)
1: 0 5 (59.0)
2: 1 2 6 (43.0)
3: 7 11 (55.0)
4: 8 13 (30.0)
5: 9 14 (45.0)
6: 12 (28.0)
7: 10 16 22 (49.0)
8: 17 20 (50.0)
9: (0.0)
10: 19 21 (44.0)
11: 15 18 (34.0)
12: 26 (30.0)
13: 23 24 29 (51.0)
14: 28 30 (63.0)
15: 25 27 31 34 (64.0)
16: 32 38 (42.0)
17: 35 36 41 (24.0)
18: 33 40 (41.0)
19: 37 45 (64.0)
20: 39 44 (40.0)
21: 42 43 (41.0)
22: (0.0)
23: 46 48 (68.0)
24: 47 49 51 (40.0)
25: (0.0)
26: 52 55 (61.0)
27: 56 (28.0)
28: 53 57 58 (40.0)
29: 50 54 60 (39.0)
30: 59 69 (46.0)
31: 61 64 (44.0)
32: 65 (23.0)
33: 62 68 (61.0)
34: 63 67 (41.0)
35: 66 71 (45.0)
36: 74 77 78 (36.0)
37: 70 73 (39.0)
38: 72 76 (45.0)
39: 80 (30.0)
40: (0.0)
41: 75 81 82 89 (63.0)
42: 83 84 (57.0)
43: 79 85 86 (52.0)
44: 87 96 (53.0)
45: 90 (40.0)
46: 88 94 (51.0)
47: 91 93 100 (57.0)
48: 92 97 99 (62.0)
49: 101 102 (50.0)
50: 95 103 (45.0)
51: 98 104 (29.0)
52: 111 (23.0)
53: 107 108 (62.0)
54: 105 106 (43.0)
55: 110 116 (28.0)
56: 109 112 115 (40.0)
57: (0.0)
58: 113 119 (54.0)
59: 117 125 (60.0)
60: 114 120 (46.0)
61: 118 121 122 (53.0)
62: 123 (40.0)
63: 128 134 (41.0)
64: 130 131 (46.0)
65: 126 (38.0)
66: 124 137 (45.0)
67: 127 133 (16.0)
68: 129 132 (61.0)
69: 135 139 (62.0)
70: 136 138 140 (59.0)
71: 144 146 (70.0)
72: 141 143 (43.0)
73: 142 150 152 (49.0)
74: 145 148 (51.0)
75: 153 156 (71.0)
76: 151 (37.0)
77: 147 158 (42.0)
78: 149 157 163 (42.0)
79: 154 161 (53.0)
80: 160 164 (19.0)
81: 155 162 (51.0)
82: 159 166 (48.0)
83: 167 168 170 (60.0)
84: 165 (43.0)
85: 169 174 (68.0)
86: 171 172 173 (75.0)
87: (0.0)
88: 175 176 177 (53.0)
89: 181 (42.0)
90: 179 183 189 (43.0)
91: 178 182 (58.0)
92: 180 190 (45.0)
93: 184 185 (48.0)
94: 186 192 193 (60.0)
95: 188 (44.0)
96: 187 196 (71.0)
97: 194 201 (52.0)
98: 198 (41.0)
99: 191 195 204 (47.0)
100: 197 205 (49.0)
101: 199 202 207 (42.0)
102: 209 (40.0)
103: 200 206 (47.0)
104: 203 (41.0)
105: 208 212 213 (59.0)
106: 210 (42.0)
107: 211 215 217 (45.0)
108: 214 216 (63.0)
109: 219 (44.0)
110: 220 223 (34.0)
111: 221 225 (58.0)
112: 218 224 226 (42.0)
113: 231 (42.0)
114: 222 233 (72.0)
115: 227 228 232 (66.0)
116: 230 238 (47.0)
117: 229 235 (49.0)
118: 234 239 (50.0)
119: 237 241 244 (49.0)
120: 236 (37.0)
121: 240 243 (57.0)
122: 245 250 (60.0)
123: 247 249 (71.0)
124: 246 251 (57.0)
125: 242 252 (57.0)
126: 248 256 (37.0)
127: 253 254 (40.0)
128: 255 258 (40.0)
129: 257 263 (55.0)
130: 260 265 (41.0)
131: 259 (47.0)
132: 262 266 (59.0)
133: 261 264 269 (71.0)
134: 267 268 (58.0)
135: 270 271 (53.0)
136: 272 273 (54.0)
137: 279 281 (58.0)
138: 276 277 (54.0)
139: 274 280 284 (64.0)
140: 275 278 (67.0)
141: 286 288 291 (50.0)
142: 282 285 (49.0)
143: 287 (52.0)
144: 283 289 (62.0)
145: 293 (46.0)
146: 292 294 (48.0)
147: 290 295 298 (59.0)
148: 296 297 (55.0)
149: 299 304 (51.0)
150: 300 301 (55.0)
151: 303 305 (66.0)
152: 302 306 (62.0)
153: 309 313 (44.0)
154: 307 311 (72.0)
155: 308 317 (53.0)
156: 310 318 (55.0)
157: 312 (47.0)
158: 314 316 (58.0)
159: 320 321 (56.0)
160: 315 323 (71.0)
161: 319 322 325 326 (43.0)
162: 324 328 (68.0)
163: 329 332 (55.0)
164: 330 334 (69.0)
165: 331 333 (47.0)
166: 327 (45.0)
167: (0.0)
168: 335 337 (58.0)
169: 336 339 (42.0)
170: 338 342 (65.0)
171: 341 346 (57.0)
172: 340 343 (69.0)
173: 347 348 353 (48.0)
174: 345 350 (60.0)
175: 344 354 (50.0)
176: 349 (46.0)
177: 352 355 (68.0)
178: 356 357 359 (75.0)
179: 351 361 (61.0)
180: 362 368 (67.0)
181: 358 360 (66.0)
182: 365 369 (55.0)
183: 363 364 366 (73.0)
184: 367 371 (49.0)
185: 372 373 374 (69.0)
186: 370 (42.0)
187: 376 377 (58.0)
188: 378 383 (60.0)
189: 375 384 (55.0)
190: 379 381 (71.0)
191: 386 (42.0)
192: 380 387 388 (69.0)
193: 382 389 390 (69.0)
194: 385 (51.0)
195: 392 394 (58.0)
196: 391 393 (54.0)
197: 397 402 (58.0)
198: 396 400 (71.0)
199: 398 399 (60.0)
200: 395 401 (74.0)
201: 408 (52.0)
202: 411 (53.0)
203: 406 407 (60.0)
204: 405 (47.0)
205: 403 404 409 410 (54.0)
206: 412 414 416 (66.0)
207: 415 419 (60.0)
208: 413 420 (71.0)
209: 417 (41.0)
210: 423 425 (62.0)
211: 418 421 (65.0)
212: 422 424 (60.0)
213: 426 (40.0)
214: 428 429 (61.0)
215: 432 433 (61.0)
216: 430 431 439 (70.0)
217: 427 434 (60.0)
218: 436 (54.0)
219: 435 443 (55.0)
220: 437 440 441 (70.0)
221: 438 450 (64.0)
222: 442 444 (68.0)
223: 446 447 (62.0)
224: 448 (43.0)
225: 445 452 (62.0)
226: 449 453 458 (69.0)
227: 451 455 (71.0)
228: 454 (42.0)
229: 456 457 (63.0)
230: 460 461 (63.0)
231: 464 468 (69.0)
232: 459 462 467 (74.0)
233: 465 466 (75.0)
234: 463 471 476 (66.0)
235: 470 (41.0)
236: 469 475 480 (66.0)
237: 473 479 482 (73.0)
238: 474 487 (66.0)
239: 472 483 (74.0)
240: 477 (53.0)
241: 481 484 488 (68.0)
242: 478 485 (65.0)
243: 486 489 497 (71.0)
244: 491 495 496 (67.0)
245: 492 494 498 499 (63.0)
246: 490 500 502 505 508 (71.0)
247: 501 503 (61.0)
248: 493 506 511 (70.0)
249: 507 514 515 (71.0)
250: 504 510 (64.0)
251: 509 516 (62.0)
252: 513 517 522 (82.0)
253: 520 524 (58.0)
254: 512 518 519 521 (67.0)
255: 526 527 533 (60.0)
256: 525 529 530 535 539 (72.0)
257: 523 531 538 542 (73.0)
258: 532 536 545 (71.0)
259: 534 537 (75.0)
260: 528 540 541 (72.0)
261: 543 546 (73.0)
262: 544 547 549 (68.0)
263: 548 550 556 557 (72.0)
264: 551 561 (75.0)
265: 552 554 (66.0)
266: 555 560 563 (45.0)
267: 553 559 562 565 568 (38.0)
268: 558 564 573 (74.0)
269: 566 571 574 (72.0)
270: 567 572 (53.0)
271: 569 576 577 (71.0)
272: 580 585 (50.0)
273: 570 588 592 (66.0)
274: 578 583 584 (84.0)
275: 575 599 (70.0)
276: 581 590 594 595 (74.0)
277: 579 582 586 (69.0)
278: 587 589 591 603 (74.0)
279: 596 597 598 (70.0)
280: 600 602 (53.0)
281: 593 604 606 611 (69.0)
282: 601 608 (72.0)
283: 610 616 621 (69.0)
284: 607 615 618 619 (73.0)
285: 605 620 622 (77.0)
286: 613 617 631 (75.0)
287: 609 614 624 (74.0)
288: 612 625 634 (88.0)
289: 626 627 (73.0)
290: 629 630 632 (78.0)
291: 623 628 637 (74.0)
292: 633 642 (90.0)
293: 638 639 641 (74.0)
294: 635 636 640 646 650 (75.0)
295: 643 645 652 (67.0)
296: 648 651 655 (75.0)
297: 647 653 654 661 (70.0)
298: 644 657 659 (73.0)
299: 649 656 667 (72.0)
300: 674 (43.0)
301: 660 666 (71.0)
302: 658 662 664 665 (71.0)
303: 669 675 (75.0)
304: 663 668 670 679 (74.0)
305: 671 672 676 684 (72.0)
306: 678 681 686 (73.0)
307: 673 680 682 (60.0)
308: 683 685 693 (70.0)
309: 677 687 688 (75.0)
310: 689 692 698 (71.0)
311: 695 696 704 (74.0)
312: 690 697 700 (70.0)
313: 691 694 699 705 (74.0)
314: 701 702 (100.0)
315: 706 707 712 (58.0)
316: 703 710 715 (75.0)
317: 711 713 716 (81.0)
318: 708 717 722 (76.0)
319: 709 714 723 (75.0)
320: 719 725 (74.0)
321: 718 720 724 (79.0)
322: 727 729 734 735 (75.0)
323: 721 728 730 738 (72.0)
324: 732 736 740 (82.0)
325: 726 731 733 (77.0)
326: 741 743 (72.0)
327: 739 746 (73.0)
328: 737 742 744 745 (75.0)
329: 747 748 749 (75.0)
