Name: 750-30-50
Time: 54.58626079559326 
Result: 58
Solution:  0 0 1 0 3 2 1 2 3 4 5 3 5 7 4 9 7 10 9 8 11 14 13 13 10 14 13 14 15 17 15 15 17 16 15 18 20 16 18 19 21 20 20 21 23 26 25 24 23 24 22 24 22 25 26 29 31 29 29 30 28 31 35 28 32 35 32 30 34 33 38 33 36 34 37 36 40 37 38 36 41 39 44 40 39 40 45 41 46 43 45 48 47 44 44 50 48 51 53 50 52 48 49 49 53 51 52 55 57 56 55 53 56 60 58 61 56 56 59 58 61 59 62 60 65 62 63 62 65 62 64 69 67 63 67 69 69 64 68 69 70 71 71 68 76 73 72 73 70 76 75 72 75 78 78 73 76 79 81 75 80 79 80 79 82 81 83 82 85 83 87 87 88 84 83 88 89 92 90 85 90 91 89 91 93 91 91 94 94 96 96 92 98 96 95 98 97 99 99 101 98 101 102 100 102 101 103 103 102 106 103 105 104 108 109 105 110 108 109 111 106 111 112 114 112 110 117 109 115 113 115 114 116 119 118 115 117 120 118 121 119 120 120 121 122 123 124 122 123 126 124 125 126 125 131 127 128 129 129 128 127 130 131 130 131 132 133 133 132 131 132 137 133 135 138 134 134 138 137 139 133 135 140 140 134 138 138 136 141 140 141 139 138 142 144 142 144 141 143 147 141 145 144 146 146 143 146 146 149 145 147 143 149 148 144 149 147 150 150 151 150 152 151 148 153 154 154 152 151 151 154 152 153 157 151 156 157 156 155 158 156 154 155 162 161 159 160 161 159 160 158 160 165 161 165 165 162 166 162 160 163 168 161 164 165 163 165 168 162 164 167 167 166 168 167 169 171 167 173 174 169 172 171 174 174 171 172 172 173 170 175 175 172 177 176 178 174 174 179 173 177 177 180 177 178 179 177 176 179 183 176 181 180 180 183 183 182 183 182 181 184 186 184 186 185 186 185 186 186 189 187 188 188 187 191 189 189 189 190 191 190 191 187 193 192 194 194 191 193 195 194 195 192 193 196 199 196 195 196 196 200 197 195 199 199 200 203 197 201 201 200 201 200 198 203 199 200 206 203 204 205 205 202 206 202 205 206 204 205 207 207 209 208 209 207 210 210 212 210 211 211 209 213 208 212 209 215 211 210 214 217 215 213 214 215 216 217 214 213 216 215 216 218 219 220 219 221 219 218 218 221 221 220 222 222 224 222 224 226 223 223 223 224 227 225 226 225 228 225 229 227 227 231 231 227 229 228 228 229 232 229 230 231 230 235 232 231 235 235 233 235 233 237 237 234 234 236 236 235 238 241 240 237 238 240 241 240 239 239 239 240 242 240 241 246 243 245 243 245 242 243 247 242 244 247 243 247 247 246 244 248 250 249 248 246 248 247 249 249 249 250 251 250 251 253 251 255 252 254 255 252 253 252 258 257 254 255 258 256 257 256 258 255 256 259 257 256 259 262 260 260 261 262 260 264 262 263 261 264 264 265 261 263 266 265 265 264 266 268 265 265 267 270 264 270 267 269 268 271 271 268 272 270 269 272 273 272 271 274 274 275 274 273 275 273 275 277 276 278 280 277 274 278 277 277 276 280 279 279 282 279 281 281 280 281 282 283 284 279 283 285 287 284 285 287 285 289 286 284 283 287 287 290 286 286 288 286 290 291 288 290 292 293 291 293 291 289 293 293 292
0: 0 1 3 (43.0)
1: 2 6 (37.0)
2: 5 7 (36.0)
3: 4 8 11 (28.0)
4: 9 14 (32.0)
5: 10 12 (35.0)
6: (0.0)
7: 13 16 (36.0)
8: 19 (8.0)
9: 15 18 (37.0)
10: 17 24 (24.0)
11: 20 (20.0)
12: (0.0)
13: 22 23 26 (34.0)
14: 21 25 27 (50.0)
15: 28 30 31 34 (50.0)
16: 33 37 (46.0)
17: 29 32 (32.0)
18: 35 38 (40.0)
19: 39 (9.0)
20: 36 41 42 (33.0)
21: 40 43 (37.0)
22: 50 52 (46.0)
23: 44 48 (30.0)
24: 47 49 51 (31.0)
25: 46 53 (29.0)
26: 45 54 (39.0)
27: (0.0)
28: 60 63 (30.0)
29: 55 57 58 (24.0)
30: 59 67 (32.0)
31: 56 61 (35.0)
32: 64 66 (31.0)
33: 69 71 (36.0)
34: 68 73 (31.0)
35: 62 65 (47.0)
36: 72 75 79 (29.0)
37: 74 77 (47.0)
38: 70 78 (38.0)
39: 81 84 (31.0)
40: 76 83 85 (32.0)
41: 80 87 (35.0)
42: (0.0)
43: 89 (2.0)
44: 82 93 94 (33.0)
45: 86 90 (31.0)
46: 88 (30.0)
47: 92 (30.0)
48: 91 96 101 (39.0)
49: 102 103 (32.0)
50: 95 99 (47.0)
51: 97 105 (36.0)
52: 100 106 (39.0)
53: 98 104 111 (40.0)
54: (0.0)
55: 107 110 (37.0)
56: 109 112 116 117 (47.0)
57: 108 (30.0)
58: 114 119 (23.0)
59: 118 121 (41.0)
60: 113 123 (48.0)
61: 115 120 (35.0)
62: 122 125 127 129 (40.0)
63: 126 133 (37.0)
64: 130 137 (46.0)
65: 124 128 (41.0)
66: (0.0)
67: 132 134 (42.0)
68: 138 143 (45.0)
69: 131 135 136 139 (48.0)
70: 140 148 (47.0)
71: 141 142 (28.0)
72: 146 151 (41.0)
73: 145 147 155 (41.0)
74: (0.0)
75: 150 152 159 (28.0)
76: 144 149 156 (51.0)
77: (0.0)
78: 153 154 (48.0)
79: 157 161 163 (42.0)
80: 160 162 (41.0)
81: 158 165 (36.0)
82: 164 167 (52.0)
83: 166 169 174 (34.0)
84: 173 (33.0)
85: 168 179 (37.0)
86: (0.0)
87: 170 171 (35.0)
88: 172 175 (30.0)
89: 176 182 (37.0)
90: 178 180 (35.0)
91: 181 183 185 186 (48.0)
92: 177 191 (49.0)
93: 184 (30.0)
94: 187 188 (48.0)
95: 194 (29.0)
96: 189 190 193 (33.0)
97: 196 (31.0)
98: 192 195 200 (47.0)
99: 197 198 (35.0)
100: 203 (27.0)
101: 199 201 205 (32.0)
102: 202 204 208 (56.0)
103: 206 207 210 (52.0)
104: 212 (26.0)
105: 211 215 (44.0)
106: 209 220 (25.0)
107: (0.0)
108: 213 217 (26.0)
109: 214 218 227 (39.0)
110: 216 225 (34.0)
111: 219 221 (48.0)
112: 222 224 (39.0)
113: 229 (32.0)
114: 223 231 (48.0)
115: 228 230 235 (36.0)
116: 232 (34.0)
117: 226 236 (48.0)
118: 234 238 (39.0)
119: 233 240 (33.0)
120: 237 241 242 (29.0)
121: 239 243 (45.0)
122: 244 247 (23.0)
123: 245 248 (39.0)
124: 246 250 (38.0)
125: 251 253 (49.0)
126: 249 252 (39.0)
127: 255 260 (34.0)
128: 256 259 (45.0)
129: 257 258 (31.0)
130: 261 263 (52.0)
131: 254 262 264 269 (48.0)
132: 265 268 270 (34.0)
133: 266 267 272 280 (50.0)
134: 275 276 284 (47.0)
135: 273 281 (32.0)
136: 287 (30.0)
137: 271 278 (30.0)
138: 274 277 285 286 292 (35.0)
139: 279 291 (38.0)
140: 282 283 289 (36.0)
141: 288 290 297 300 (41.0)
142: 293 295 (36.0)
143: 298 305 311 (35.0)
144: 294 296 302 314 (34.0)
145: 301 309 (45.0)
146: 303 304 306 307 (46.0)
147: 299 310 316 (35.0)
148: 313 323 (31.0)
149: 308 312 315 (38.0)
150: 317 318 320 (47.0)
151: 319 322 328 329 334 (31.0)
152: 321 327 331 (50.0)
153: 324 332 (56.0)
154: 325 326 330 341 (32.0)
155: 338 342 (35.0)
156: 335 337 340 (41.0)
157: 333 336 (37.0)
158: 339 350 (43.0)
159: 345 348 (40.0)
160: 346 349 351 359 (53.0)
161: 344 347 353 362 (50.0)
162: 343 356 358 368 (43.0)
163: 360 365 (57.0)
164: 363 369 (43.0)
165: 352 354 355 364 366 (37.0)
166: 357 372 (33.0)
167: 370 371 374 377 (35.0)
168: 361 367 373 (33.0)
169: 375 380 (42.0)
170: 389 (32.0)
171: 376 382 385 (46.0)
172: 381 386 387 392 (39.0)
173: 378 388 399 (42.0)
174: 379 383 384 396 397 (34.0)
175: 390 391 (34.0)
176: 394 407 410 (46.0)
177: 393 400 401 403 406 (48.0)
178: 395 404 (55.0)
179: 398 405 408 (49.0)
180: 402 412 413 (36.0)
181: 411 419 (37.0)
182: 416 418 (35.0)
183: 409 414 415 417 (36.0)
184: 420 422 (37.0)
185: 424 426 (45.0)
186: 421 423 425 427 428 (47.0)
187: 430 433 442 (40.0)
188: 431 432 (49.0)
189: 429 435 436 437 (48.0)
190: 438 440 (38.0)
191: 434 439 441 447 (34.0)
192: 444 452 (37.0)
193: 443 448 453 (50.0)
194: 445 446 450 (46.0)
195: 449 451 457 462 (48.0)
196: 454 456 458 459 (50.0)
197: 461 467 (49.0)
198: 473 (32.0)
199: 455 463 464 475 (49.0)
200: 460 465 470 472 476 (48.0)
201: 468 469 471 (45.0)
202: 482 484 (46.0)
203: 466 474 478 (45.0)
204: 479 487 (39.0)
205: 480 481 485 488 (31.0)
206: 477 483 486 (44.0)
207: 489 490 494 (36.0)
208: 492 503 (51.0)
209: 491 493 501 505 (30.0)
210: 495 496 498 508 (30.0)
211: 499 500 507 (46.0)
212: 497 504 (51.0)
213: 502 512 518 (48.0)
214: 509 513 517 (51.0)
215: 506 511 514 520 (52.0)
216: 515 519 521 (50.0)
217: 510 516 (47.0)
218: 522 528 529 (36.0)
219: 523 525 527 (45.0)
220: 524 532 (33.0)
221: 526 530 531 (49.0)
222: 533 534 536 (47.0)
223: 539 540 541 (46.0)
224: 535 537 542 (48.0)
225: 544 546 548 (48.0)
226: 538 545 (49.0)
227: 543 550 551 554 (40.0)
228: 547 556 557 (36.0)
229: 549 555 558 560 (48.0)
230: 561 563 (43.0)
231: 552 553 562 566 (47.0)
232: 559 565 (53.0)
233: 569 571 (43.0)
234: 574 575 (36.0)
235: 564 567 568 570 578 (49.0)
236: 576 577 (41.0)
237: 572 573 582 (46.0)
238: 579 583 (42.0)
239: 587 588 589 (48.0)
240: 581 584 586 590 592 (51.0)
241: 580 585 593 (55.0)
242: 591 599 602 (56.0)
243: 595 597 600 605 (56.0)
244: 603 609 (53.0)
245: 596 598 (49.0)
246: 594 608 614 (48.0)
247: 601 604 606 607 616 (50.0)
248: 610 613 615 (47.0)
249: 612 617 618 619 (48.0)
250: 611 620 622 (35.0)
251: 621 623 625 (49.0)
252: 627 630 632 (43.0)
253: 624 631 (48.0)
254: 628 635 (41.0)
255: 626 629 636 642 (48.0)
256: 638 640 643 646 (49.0)
257: 634 639 645 (49.0)
258: 633 637 641 (48.0)
259: 644 647 (49.0)
260: 649 650 653 (49.0)
261: 651 657 661 (43.0)
262: 648 652 655 (45.0)
263: 656 662 (48.0)
264: 654 658 659 666 673 (49.0)
265: 660 664 665 669 670 (52.0)
266: 663 667 (45.0)
267: 671 675 (52.0)
268: 668 677 680 (58.0)
269: 676 683 (40.0)
270: 672 674 682 (60.0)
271: 678 679 687 (53.0)
272: 681 684 686 (52.0)
273: 685 692 694 (56.0)
274: 688 689 691 701 (43.0)
275: 690 693 695 (48.0)
276: 697 705 (47.0)
277: 696 700 703 704 (48.0)
278: 698 702 (42.0)
279: 707 708 710 718 (52.0)
280: 699 706 713 (48.0)
281: 711 712 714 (48.0)
282: 709 715 (45.0)
283: 716 719 729 (48.0)
284: 717 722 728 (50.0)
285: 720 723 725 (56.0)
286: 727 733 734 736 (49.0)
287: 721 724 730 731 (46.0)
288: 735 739 (47.0)
289: 726 746 (48.0)
290: 732 737 740 (56.0)
291: 738 743 745 (50.0)
292: 741 749 (50.0)
293: 742 744 747 748 (43.0)
