Name: 750-20-30
Time: 57.055646657943726 
Result: 56
Solution:  1 3 0 2 4 0 3 6 2 5 5 1 7 10 4 5 6 8 7 8 11 10 12 8 11 14 14 15 16 16 12 14 17 19 18 15 19 18 21 19 20 21 22 20 24 22 23 23 21 25 24 26 25 30 27 27 28 29 31 28 29 31 32 30 32 35 33 30 34 35 34 33 36 36 37 37 34 41 41 40 39 43 39 42 45 41 43 43 42 47 44 44 46 50 47 45 47 48 49 46 53 50 48 50 49 55 57 53 55 58 55 52 56 52 56 58 61 58 59 59 57 60 60 61 62 62 66 60 63 62 61 63 65 65 67 68 68 70 73 68 67 68 70 72 71 72 73 76 74 71 75 74 76 76 74 78 79 75 79 80 77 77 78 80 83 79 82 82 84 85 84 85 88 86 87 88 91 88 89 88 91 90 95 90 92 93 92 93 95 94 94 98 96 94 97 100 98 97 99 96 99 101 100 101 102 104 103 100 105 106 106 104 105 110 107 109 111 108 112 107 113 108 109 110 112 109 114 111 115 115 114 117 116 116 113 119 118 117 119 120 120 117 119 122 121 125 123 123 124 121 122 127 125 128 126 125 124 127 132 130 130 133 134 131 129 133 129 132 135 134 137 131 138 136 135 137 136 139 141 138 139 140 141 143 145 142 144 145 143 142 146 146 145 150 148 149 147 151 148 149 147 150 155 152 151 149 154 153 153 157 155 156 156 158 153 157 161 158 160 159 161 159 162 162 163 163 160 164 161 165 164 165 168 165 166 167 167 167 172 169 168 170 169 173 171 173 173 177 172 170 174 176 175 175 178 176 177 180 179 181 184 179 182 183 181 184 187 185 186 182 185 184 183 186 185 186 187 188 193 189 192 189 191 191 191 190 194 193 195 192 195 196 194 196 197 195 197 195 200 197 198 200 201 199 200 203 205 202 201 205 201 203 206 208 204 209 209 207 208 210 209 206 211 210 212 214 212 211 217 213 217 217 216 214 215 219 218 216 218 221 224 220 220 222 220 221 223 219 223 228 227 225 226 227 226 228 225 229 228 229 230 234 232 230 231 231 235 231 233 230 238 233 236 236 237 240 238 239 240 237 241 239 240 242 244 245 246 245 241 242 245 243 244 247 245 249 245 248 247 251 248 250 249 248 253 252 251 250 253 251 249 252 256 254 253 251 253 258 252 255 259 256 256 259 254 257 258 257 255 259 258 262 258 258 260 259 262 261 261 260 264 261 261 264 261 259 266 261 263 267 265 265 267 267 265 263 263 266 270 271 271 270 267 268 273 271 268 273 269 272 271 270 276 269 274 272 273 272 274 272 275 278 274 276 278 274 275 277 277 277 278 279 279 279 283 280 281 282 283 282 280 284 283 283 282 281 286 284 283 284 289 288 285 282 285 286 289 287 287 288 288 291 288 292 290 288 289 291 291 293 294 293 289 289 293 290 293 294 296 295 295 295 297 293 296 297 297 298 298 299 298 299 300 296 304 302 300 300 300 301 302 302 303 306 307 303 304 301 303 305 302 301 304 307 309 308 311 307 305 306 311 310 311 308 308 311 310 311 314 312 315 313 314 309 314 313 314 316 312 314 313 313 316 315 318 316 317 318 317 321 320 319 317 318 319 323 316 321 322 321 320 322 322 326 325 322 324 324 323 325 327 323 328 328 325 326 324 331 327 326 330 329 329 327 330 328 329 331 331 330
0: 2 5 (21.0)
1: 0 11 (23.0)
2: 3 8 (18.0)
3: 1 6 (24.0)
4: 4 14 (18.0)
5: 9 10 15 (32.0)
6: 7 16 (19.0)
7: 12 18 (11.0)
8: 17 19 23 (24.0)
9: (0.0)
10: 13 21 (29.0)
11: 20 24 (21.0)
12: 22 30 (29.0)
13: (0.0)
14: 25 26 31 (19.0)
15: 27 35 (25.0)
16: 28 29 (20.0)
17: 32 (11.0)
18: 34 37 (21.0)
19: 33 36 39 (24.0)
20: 40 43 (29.0)
21: 38 41 48 (20.0)
22: 42 45 (22.0)
23: 46 47 (20.0)
24: 44 50 (22.0)
25: 49 52 (25.0)
26: 51 (6.0)
27: 54 55 (20.0)
28: 56 59 (23.0)
29: 57 60 (14.0)
30: 53 63 67 (21.0)
31: 58 61 (23.0)
32: 62 64 (25.0)
33: 66 71 (25.0)
34: 68 70 76 (25.0)
35: 65 69 (23.0)
36: 72 73 (20.0)
37: 74 75 (20.0)
38: (0.0)
39: 80 82 (28.0)
40: 79 (12.0)
41: 77 78 85 (29.0)
42: 83 88 (22.0)
43: 81 86 87 (29.0)
44: 90 91 (21.0)
45: 84 95 (18.0)
46: 92 99 (24.0)
47: 89 94 96 (32.0)
48: 97 102 (24.0)
49: 98 104 (29.0)
50: 93 101 103 (14.0)
51: (0.0)
52: 111 113 (29.0)
53: 100 107 (25.0)
54: (0.0)
55: 105 108 110 (21.0)
56: 112 114 (26.0)
57: 106 120 (29.0)
58: 109 115 117 (23.0)
59: 118 119 (21.0)
60: 121 122 127 (20.0)
61: 116 123 130 (22.0)
62: 124 125 129 (32.0)
63: 128 131 (24.0)
64: (0.0)
65: 132 133 (22.0)
66: 126 (20.0)
67: 134 140 (29.0)
68: 135 136 139 141 (27.0)
69: (0.0)
70: 137 142 (27.0)
71: 144 149 (26.0)
72: 143 145 (22.0)
73: 138 146 (24.0)
74: 148 151 154 (32.0)
75: 150 157 (21.0)
76: 147 152 153 (34.0)
77: 160 161 (22.0)
78: 155 162 (21.0)
79: 156 158 165 (19.0)
80: 159 163 (28.0)
81: (0.0)
82: 166 167 (22.0)
83: 164 (20.0)
84: 168 170 (22.0)
85: 169 171 (22.0)
86: 173 (18.0)
87: 174 (10.0)
88: 172 175 177 179 (21.0)
89: 178 (20.0)
90: 181 183 (23.0)
91: 176 180 (25.0)
92: 184 186 (14.0)
93: 185 187 (30.0)
94: 189 190 193 (26.0)
95: 182 188 (25.0)
96: 192 199 (29.0)
97: 194 197 (20.0)
98: 191 196 (27.0)
99: 198 200 (23.0)
100: 195 202 207 (24.0)
101: 201 203 (30.0)
102: 204 (20.0)
103: 206 (13.0)
104: 205 211 (7.0)
105: 208 212 (19.0)
106: 209 210 (31.0)
107: 214 219 (29.0)
108: 217 221 (22.0)
109: 215 222 225 (19.0)
110: 213 223 (30.0)
111: 216 227 (20.0)
112: 218 224 (29.0)
113: 220 234 (30.0)
114: 226 230 (34.0)
115: 228 229 (23.0)
116: 232 233 (24.0)
117: 231 237 241 (19.0)
118: 236 (23.0)
119: 235 238 242 (21.0)
120: 239 240 (25.0)
121: 244 249 (30.0)
122: 243 250 (28.0)
123: 246 247 (24.0)
124: 248 256 (24.0)
125: 245 252 255 (16.0)
126: 254 (17.0)
127: 251 257 (27.0)
128: 253 (20.0)
129: 264 266 (26.0)
130: 259 260 (23.0)
131: 263 271 (33.0)
132: 258 267 (27.0)
133: 261 265 (20.0)
134: 262 269 (17.0)
135: 268 274 (29.0)
136: 273 276 (24.0)
137: 270 275 (17.0)
138: 272 279 (22.0)
139: 277 280 (29.0)
140: 281 (9.0)
141: 278 282 (32.0)
142: 285 289 (27.0)
143: 283 288 (20.0)
144: 286 (24.0)
145: 284 287 292 (15.0)
146: 290 291 (25.0)
147: 296 300 (38.0)
148: 294 298 (27.0)
149: 295 299 305 (34.0)
150: 293 301 (28.0)
151: 297 304 (20.0)
152: 303 (19.0)
153: 307 308 314 (30.0)
154: 306 (23.0)
155: 302 310 (17.0)
156: 311 312 (26.0)
157: 309 315 (22.0)
158: 313 317 (30.0)
159: 319 321 (27.0)
160: 318 326 (27.0)
161: 316 320 328 (29.0)
162: 322 323 (25.0)
163: 324 325 (25.0)
164: 327 330 (32.0)
165: 329 331 333 (27.0)
166: 334 (21.0)
167: 335 336 337 (29.0)
168: 332 340 (28.0)
169: 339 342 (34.0)
170: 341 349 (26.0)
171: 344 (24.0)
172: 338 348 (21.0)
173: 343 345 346 (18.0)
174: 350 (23.0)
175: 352 353 (25.0)
176: 351 355 (16.0)
177: 347 356 (19.0)
178: 354 (11.0)
179: 358 361 (27.0)
180: 357 (21.0)
181: 359 364 (33.0)
182: 362 369 (32.0)
183: 363 372 (34.0)
184: 360 365 371 (30.0)
185: 367 370 374 (23.0)
186: 368 373 375 (29.0)
187: 366 376 (30.0)
188: 377 (21.0)
189: 379 381 (28.0)
190: 385 (22.0)
191: 382 383 384 (30.0)
192: 380 389 (26.0)
193: 378 387 (33.0)
194: 386 392 (24.0)
195: 388 390 395 397 (62.0)
196: 391 393 (19.0)
197: 394 396 399 (27.0)
198: 400 (22.0)
199: 403 (20.0)
200: 398 401 404 (29.0)
201: 402 408 410 (26.0)
202: 407 (20.0)
203: 405 411 (28.0)
204: 414 (25.0)
205: 406 409 (26.0)
206: 412 421 (36.0)
207: 417 (21.0)
208: 413 418 (26.0)
209: 415 416 420 (16.0)
210: 419 423 (30.0)
211: 422 427 (27.0)
212: 424 426 (17.0)
213: 429 (24.0)
214: 425 433 (33.0)
215: 434 (25.0)
216: 432 437 (23.0)
217: 428 430 431 (30.0)
218: 436 438 (31.0)
219: 435 447 (19.0)
220: 441 442 444 (29.0)
221: 439 445 (27.0)
222: 443 (17.0)
223: 446 448 (21.0)
224: 440 (20.0)
225: 451 456 (25.0)
226: 452 454 (26.0)
227: 450 453 (28.0)
228: 449 455 458 (38.0)
229: 457 459 (34.0)
230: 460 463 469 (25.0)
231: 464 465 467 (30.0)
232: 462 (21.0)
233: 468 471 (30.0)
234: 461 (20.0)
235: 466 (24.0)
236: 472 473 (27.0)
237: 474 479 (29.0)
238: 470 476 (29.0)
239: 477 481 (30.0)
240: 475 478 482 (31.0)
241: 480 488 (28.0)
242: 483 489 (28.0)
243: 491 (24.0)
244: 484 492 (28.0)
245: 485 487 490 494 496 (24.0)
246: 486 (20.0)
247: 493 498 (33.0)
248: 497 500 503 (34.0)
249: 495 502 510 (26.0)
250: 501 507 (34.0)
251: 499 506 509 515 (30.0)
252: 505 511 518 (28.0)
253: 504 508 514 516 (30.0)
254: 513 524 (28.0)
255: 519 528 (25.0)
256: 512 521 522 (27.0)
257: 525 527 (27.0)
258: 517 526 530 532 533 (30.0)
259: 520 523 529 535 545 (29.0)
260: 534 539 (25.0)
261: 537 538 541 542 544 547 (28.0)
262: 531 536 (28.0)
263: 548 555 556 (23.0)
264: 540 543 (33.0)
265: 550 551 554 (27.0)
266: 546 557 (29.0)
267: 549 552 553 562 (33.0)
268: 563 566 (26.0)
269: 568 573 (30.0)
270: 558 561 571 (26.0)
271: 559 560 565 570 (29.0)
272: 569 575 577 579 (21.0)
273: 564 567 576 (27.0)
274: 574 578 582 585 (30.0)
275: 580 586 (31.0)
276: 572 583 (30.0)
277: 587 588 589 (29.0)
278: 581 584 590 (30.0)
279: 591 592 593 (29.0)
280: 595 600 (29.0)
281: 596 605 (34.0)
282: 597 599 604 613 (30.0)
283: 594 598 602 603 608 (30.0)
284: 601 607 609 (27.0)
285: 612 614 (28.0)
286: 606 615 (28.0)
287: 617 618 (30.0)
288: 611 619 620 622 625 (27.0)
289: 610 616 626 632 633 (27.0)
290: 624 635 (34.0)
291: 621 627 628 (25.0)
292: 623 (23.0)
293: 629 631 634 636 643 (25.0)
294: 630 637 (26.0)
295: 639 640 641 (29.0)
296: 638 644 653 (36.0)
297: 642 645 646 (31.0)
298: 647 648 650 (35.0)
299: 649 651 (24.0)
300: 652 656 657 658 (30.0)
301: 659 667 671 (27.0)
302: 655 660 661 670 (30.0)
303: 662 665 668 (37.0)
304: 654 666 672 (37.0)
305: 669 678 (30.0)
306: 663 679 (31.0)
307: 664 673 677 (27.0)
308: 675 683 684 (30.0)
309: 674 693 (30.0)
310: 681 686 (32.0)
311: 676 680 682 685 687 (26.0)
312: 689 698 (31.0)
313: 691 695 700 701 (30.0)
314: 688 692 694 696 699 (27.0)
315: 690 703 (29.0)
316: 697 702 705 716 (30.0)
317: 706 708 712 (29.0)
318: 704 707 713 (29.0)
319: 711 714 (34.0)
320: 710 720 (32.0)
321: 709 717 719 (30.0)
322: 718 721 722 725 (35.0)
323: 715 728 731 (30.0)
324: 726 727 736 (23.0)
325: 724 729 734 (29.0)
326: 723 735 739 (25.0)
327: 730 738 743 (21.0)
328: 732 733 745 (25.0)
329: 741 742 746 (27.0)
330: 740 744 749 (36.0)
331: 737 747 748 (43.0)
