Name: 750-60-125
Time: 26.95889449119568 
Result: 236110
Solution:  2 2 3 0 5 2 3 0 7 4 5 9 6 6 4 7 10 9 7 11 9 12 14 13 12 11 12 10 15 14 15 16 17 14 17 16 17 18 18 22 20 21 23 24 26 21 23 22 20 25 24 27 30 27 26 25 28 27 30 29 34 28 29 29 32 33 32 33 34 33 35 37 36 37 38 36 37 38 40 35 39 42 41 42 42 43 45 41 44 42 48 43 47 49 48 46 49 45 46 47 50 53 51 50 54 51 55 52 54 55 56 54 58 57 53 57 60 55 60 59 57 62 62 60 61 61 65 66 64 62 69 62 66 68 65 68 67 67 71 69 70 69 71 72 68 72 73 77 74 70 74 76 77 75 77 78 79 80 76 79 81 78 79 80 83 82 81 85 86 81 88 83 82 85 88 86 87 87 87 91 90 89 93 94 90 90 92 94 91 95 95 96 92 94 101 98 97 98 96 98 99 99 102 103 100 103 100 102 103 104 105 101 107 106 107 105 107 108 112 105 112 110 107 114 112 111 114 117 115 115 113 119 116 113 116 120 121 117 123 118 120 122 121 123 119 122 124 126 125 120 125 126 126 128 127 129 124 129 130 128 131 128 133 129 132 135 133 134 132 134 132 136 139 136 136 137 138 140 138 138 137 141 142 142 146 143 144 144 141 143 145 149 146 145 149 147 148 150 147 148 154 151 150 151 153 152 151 152 157 153 155 155 155 156 156 159 159 157 158 161 161 159 163 162 162 160 164 160 163 168 164 165 165 166 170 168 166 167 169 169 171 170 175 168 170 174 176 172 177 174 175 173 176 178 179 175 176 180 179 178 179 181 176 181 180 178 184 180 179 181 183 182 182 183 185 183 182 187 185 189 185 188 183 186 188 185 186 189 187 184 189 186 187 188 190 190 190 191 191 189 192 193 193 194 192 194 191 195 194 194 195 198 195 196 197 201 198 196 197 196 199 201 198 199 200 200 201 200 200 204 204 199 202 203 203 205 206 208 205 208 203 205 206 204 206 207 210 208 209 207 211 208 210 211 209 210 209 209 215 215 211 209 213 212 212 213 214 213 216 218 214 214 217 217 217 215 216 219 216 218 218 219 220 220 219 220 221 221 221 222 225 222 219 226 221 224 223 223 225 225 225 226 227 230 223 228 227 229 225 228 229 228 230 230 227 232 231 229 231 230 231 234 233 232 234 235 235 234 233 231 233 236 239 237 238 239 238 237 236 239 240 238 241 240 241 236 242 245 243 242 241 243 244 243 242 244 240 243 246 245 245 249 247 247 246 246 248 249 247 249 246 249 245 254 250 250 251 251 254 253 252 248 253 252 249 255 254 257 257 253 251 255 257 253 255 257 258 260 258 258 256 259 259 260 259 262 260 260 259 261 262 263 264 263 264 263 262 262 265 262 264 266 263 266 268 265 267 271 266 267 268 269 268 272 272 270 272 269 271 269 274 270 273 273 273 276 274 270 277 275 275 275 276 275 274 278 277 278 275 275 277 277 279 280 280 280 281 281 282 286 279 283 282 286 283 287 284 282 281 284 285 287 285 289 285 286 286 288 288 288 291 289 285 290 290 291 289 290 293 292 292 292 294 290 295 293 291 296 295 293 294 295 294 296 297 297 297 302 296 298 299 298 299 303 302 298 301 303 301 302 301 305 304 304 300 303 304 305 304 306 306 308 306 306 307 306 307 305 308 308
0: 3 7 (48.0)
1: (0.0)
2: 0 1 5 (64.0)
3: 2 6 (72.0)
4: 9 14 (77.0)
5: 4 10 (114.0)
6: 12 13 (61.0)
7: 8 15 18 (65.0)
8: (0.0)
9: 11 17 20 (69.0)
10: 16 27 (82.0)
11: 19 25 (94.0)
12: 21 24 26 (55.0)
13: 23 (59.0)
14: 22 29 33 (59.0)
15: 28 30 (72.0)
16: 31 35 (77.0)
17: 32 34 36 (73.0)
18: 37 38 (53.0)
19: (0.0)
20: 40 48 (59.0)
21: 41 45 (99.0)
22: 39 47 (89.0)
23: 42 46 (65.0)
24: 43 50 (59.0)
25: 49 55 (40.0)
26: 44 54 (62.0)
27: 51 53 57 (115.0)
28: 56 61 (80.0)
29: 59 62 63 (79.0)
30: 52 58 (67.0)
31: (0.0)
32: 64 66 (118.0)
33: 65 67 69 (29.0)
34: 60 68 (79.0)
35: 70 79 (63.0)
36: 72 75 (108.0)
37: 71 73 76 (60.0)
38: 74 77 (68.0)
39: 80 (61.0)
40: 78 (41.0)
41: 82 87 (81.0)
42: 81 83 84 89 (66.0)
43: 85 91 (62.0)
44: 88 (63.0)
45: 86 97 (55.0)
46: 95 98 (86.0)
47: 92 99 (68.0)
48: 90 94 (75.0)
49: 93 96 (76.0)
50: 100 103 (56.0)
51: 102 105 (106.0)
52: 107 (61.0)
53: 101 114 (65.0)
54: 104 108 111 (58.0)
55: 106 109 117 (63.0)
56: 110 (64.0)
57: 113 115 120 (114.0)
58: 112 (62.0)
59: 119 (60.0)
60: 116 118 123 (110.0)
61: 124 125 (73.0)
62: 121 122 129 131 (66.0)
63: (0.0)
64: 128 (60.0)
65: 126 134 (91.0)
66: 127 132 (75.0)
67: 136 137 (74.0)
68: 133 135 144 (83.0)
69: 130 139 141 (93.0)
70: 140 149 (76.0)
71: 138 142 (101.0)
72: 143 145 (94.0)
73: 146 (67.0)
74: 148 150 (60.0)
75: 153 (61.0)
76: 151 158 (109.0)
77: 147 152 154 (57.0)
78: 155 161 (89.0)
79: 156 159 162 (70.0)
80: 157 163 (109.0)
81: 160 166 169 (72.0)
82: 165 172 (82.0)
83: 164 171 (73.0)
84: (0.0)
85: 167 173 (94.0)
86: 168 175 (81.0)
87: 176 177 178 (114.0)
88: 170 174 (96.0)
89: 181 (77.0)
90: 180 184 185 (81.0)
91: 179 188 (85.0)
92: 186 192 (103.0)
93: 182 (64.0)
94: 183 187 193 (72.0)
95: 189 190 (93.0)
96: 191 198 (67.0)
97: 196 (63.0)
98: 195 197 199 (80.0)
99: 200 201 (81.0)
100: 204 206 (99.0)
101: 194 211 (111.0)
102: 202 207 (80.0)
103: 203 205 208 (83.0)
104: 209 (62.0)
105: 210 215 219 (134.0)
106: 213 (69.0)
107: 212 214 216 222 (89.0)
108: 217 (60.0)
109: (0.0)
110: 221 (64.0)
111: 225 (63.0)
112: 218 220 224 (71.0)
113: 230 233 (100.0)
114: 223 226 (61.0)
115: 228 229 (84.0)
116: 232 234 (76.0)
117: 227 237 (103.0)
118: 239 (63.0)
119: 231 244 (67.0)
120: 235 240 249 (125.0)
121: 236 242 (73.0)
122: 241 245 (119.0)
123: 238 243 (100.0)
124: 246 256 (108.0)
125: 248 250 (110.0)
126: 247 251 252 (88.0)
127: 254 (65.0)
128: 253 259 261 (86.0)
129: 255 257 263 (76.0)
130: 258 (69.0)
131: 260 (67.0)
132: 264 268 270 (98.0)
133: 262 266 (90.0)
134: 267 269 (112.0)
135: 265 (63.0)
136: 271 273 274 (111.0)
137: 275 280 (89.0)
138: 276 278 279 (113.0)
139: 272 (77.0)
140: 277 (65.0)
141: 281 288 (89.0)
142: 282 283 (90.0)
143: 285 289 (79.0)
144: 286 287 (90.0)
145: 290 293 (55.0)
146: 284 292 (109.0)
147: 295 298 (97.0)
148: 296 299 (102.0)
149: 291 294 (104.0)
150: 297 302 (77.0)
151: 301 303 306 (115.0)
152: 305 307 (79.0)
153: 304 309 (111.0)
154: 300 (73.0)
155: 310 311 312 (125.0)
156: 313 314 (108.0)
157: 308 317 (109.0)
158: 318 (70.0)
159: 315 316 321 (108.0)
160: 325 327 (103.0)
161: 319 320 (93.0)
162: 323 324 (97.0)
163: 322 328 (106.0)
164: 326 330 (93.0)
165: 331 332 (81.0)
166: 333 336 (76.0)
167: 337 (81.0)
168: 329 335 343 (99.0)
169: 338 339 (95.0)
170: 334 341 344 (103.0)
171: 340 (64.0)
172: 347 (73.0)
173: 351 (79.0)
174: 345 349 (112.0)
175: 342 350 355 (96.0)
176: 346 352 356 362 (124.0)
177: 348 (63.0)
178: 353 359 365 (118.0)
179: 354 358 360 368 (125.0)
180: 357 364 367 (121.0)
181: 361 363 369 (123.0)
182: 371 372 376 (113.0)
183: 370 373 375 382 (111.0)
184: 366 389 (88.0)
185: 374 378 380 385 (98.0)
186: 383 386 391 (94.0)
187: 377 388 392 (113.0)
188: 381 384 393 (79.0)
189: 379 387 390 399 (125.0)
190: 394 395 396 (94.0)
191: 397 398 406 (107.0)
192: 400 404 (69.0)
193: 401 402 (90.0)
194: 403 405 408 409 (102.0)
195: 407 410 412 (123.0)
196: 413 417 419 (124.0)
197: 414 418 (66.0)
198: 411 416 422 (108.0)
199: 420 423 431 (104.0)
200: 424 425 427 428 (105.0)
201: 415 421 426 (93.0)
202: 432 (65.0)
203: 433 434 440 (120.0)
204: 429 430 443 (114.0)
205: 435 438 441 (103.0)
206: 436 442 444 (75.0)
207: 445 449 (62.0)
208: 437 439 447 451 (94.0)
209: 448 454 456 457 461 (115.0)
210: 446 452 455 (108.0)
211: 450 453 460 (122.0)
212: 463 464 (81.0)
213: 462 465 467 (122.0)
214: 466 470 471 (91.0)
215: 458 459 475 (125.0)
216: 468 476 478 (102.0)
217: 472 473 474 (113.0)
218: 469 479 480 (123.0)
219: 477 481 484 492 (61.0)
220: 482 483 485 (118.0)
221: 486 487 488 494 (122.0)
222: 489 491 (100.0)
223: 496 497 504 (118.0)
224: 495 (68.0)
225: 490 498 499 500 508 (125.0)
226: 493 501 (120.0)
227: 502 506 514 (98.0)
228: 505 509 511 (91.0)
229: 507 510 517 (111.0)
230: 503 512 513 519 (110.0)
231: 516 518 520 529 (123.0)
232: 515 523 (80.0)
233: 522 528 530 (126.0)
234: 521 524 527 (116.0)
235: 525 526 (90.0)
236: 531 538 545 (125.0)
237: 533 537 (89.0)
238: 534 536 541 (72.0)
239: 532 535 539 (97.0)
240: 540 543 556 (122.0)
241: 542 544 550 (120.0)
242: 546 549 554 (122.0)
243: 548 551 553 557 (124.0)
244: 552 555 (110.0)
245: 547 559 560 572 (136.0)
246: 558 564 565 570 (124.0)
247: 562 563 568 (122.0)
248: 566 581 (106.0)
249: 561 567 569 571 584 (122.0)
250: 574 575 (81.0)
251: 576 577 590 (121.0)
252: 580 583 (115.0)
253: 579 582 589 593 (125.0)
254: 573 578 586 (121.0)
255: 585 591 594 (139.0)
256: 600 (88.0)
257: 587 588 592 595 (129.0)
258: 596 598 599 (122.0)
259: 601 602 604 608 (114.0)
260: 597 603 606 607 (108.0)
261: 609 (83.0)
262: 605 610 616 617 619 (125.0)
263: 611 613 615 622 (110.0)
264: 612 614 620 (122.0)
265: 618 625 (121.0)
266: 621 623 628 (120.0)
267: 626 629 (120.0)
268: 624 630 632 (123.0)
269: 631 637 639 (123.0)
270: 635 641 647 (136.0)
271: 627 638 (114.0)
272: 633 634 636 (121.0)
273: 642 643 644 (118.0)
274: 640 646 654 (100.0)
275: 649 650 651 653 658 659 (118.0)
276: 645 652 (123.0)
277: 648 656 660 661 (124.0)
278: 655 657 (79.0)
279: 662 670 (103.0)
280: 663 664 665 (119.0)
281: 666 667 678 (104.0)
282: 668 672 677 (108.0)
283: 671 674 (136.0)
284: 676 679 (114.0)
285: 680 682 684 692 (133.0)
286: 669 673 685 686 (125.0)
287: 675 681 (118.0)
288: 687 688 689 (120.0)
289: 683 691 696 (128.0)
290: 693 694 697 703 (121.0)
291: 690 695 706 (124.0)
292: 699 700 701 (122.0)
293: 698 705 709 (130.0)
294: 702 710 712 (138.0)
295: 704 708 711 (127.0)
296: 707 713 718 (135.0)
297: 714 715 716 (123.0)
298: 719 721 725 (125.0)
299: 720 722 (114.0)
300: 734 (105.0)
301: 726 728 730 (123.0)
302: 717 724 729 (132.0)
303: 723 727 735 (113.0)
304: 732 733 736 738 (121.0)
305: 731 737 747 (119.0)
306: 739 740 742 743 745 (118.0)
307: 744 746 (112.0)
308: 741 748 749 (135.0)
