Name: 750-20-30
Time: 55.18259119987488 
Result: 35
Solution:  1 4 1 0 5 0 4 6 3 6 5 3 6 9 8 5 7 10 10 7 13 9 11 8 14 13 14 12 11 13 12 19 15 18 19 15 18 17 20 19 20 22 23 18 23 22 24 23 24 25 27 26 25 29 31 28 28 29 31 26 29 30 31 33 32 33 34 30 35 38 36 33 36 37 37 34 40 37 42 40 38 39 41 41 45 44 39 43 42 43 45 44 46 50 46 45 47 47 49 49 50 47 48 51 52 51 56 53 51 57 55 58 59 55 53 57 57 56 58 62 59 61 62 61 63 64 60 61 65 65 64 63 66 66 67 66 66 67 68 69 71 68 69 72 71 74 73 73 74 72 75 75 76 76 79 80 76 78 77 79 84 78 77 80 83 82 84 82 85 88 88 86 87 86 84 88 87 90 89 85 90 90 92 90 92 93 91 93 94 91 94 95 96 98 95 97 98 96 99 97 100 99 101 103 102 103 104 101 100 104 105 101 108 106 107 109 112 108 105 108 112 109 109 110 116 115 113 116 115 114 113 118 116 117 114 119 118 117 117 119 121 120 121 120 122 125 125 123 124 122 123 125 126 128 129 124 126 127 127 131 130 132 134 132 129 131 133 137 135 136 136 134 135 133 137 136 139 140 138 139 141 138 140 143 145 142 144 141 145 142 143 147 143 146 147 149 152 151 148 149 153 150 154 151 150 148 154 153 155 152 153 156 158 157 155 159 158 157 161 160 159 161 160 163 166 160 162 164 162 163 165 162 164 165 167 166 169 168 172 169 168 174 171 172 170 170 172 175 174 171 173 177 176 176 180 175 177 179 180 181 184 178 178 181 183 184 182 186 187 183 185 184 186 188 190 185 185 187 192 188 191 190 191 190 189 189 193 193 194 192 195 195 198 192 197 196 194 196 199 199 197 200 201 200 201 204 207 202 206 206 201 205 204 207 203 208 207 208 205 210 207 209 211 209 211 212 212 210 214 213 215 216 215 214 217 219 218 219 216 219 222 220 221 220 221 218 222 223 223 226 224 224 225 227 227 225 229 226 228 229 228 232 233 228 230 231 231 235 236 234 238 234 235 236 237 237 238 236 240 240 239 239 240 245 241 242 242 241 243 243 247 247 248 244 246 246 245 244 246 250 249 249 246 248 251 253 248 250 252 250 255 251 253 256 251 253 252 254 252 254 253 255 256 257 254 258 257 258 257 259 257 263 258 255 260 259 261 262 262 259 263 264 264 260 264 260 261 262 262 267 266 265 267 267 265 266 266 269 271 265 269 271 270 268 272 268 268 272 270 270 272 272 275 272 273 272 276 273 273 273 274 276 276 275 277 274 280 278 278 276 281 277 280 280 278 279 283 282 281 281 279 281 281 282 285 284 286 282 284 283 287 288 286 282 285 288 289 286 287 287 288 292 290 291 289 289 291 292 290 294 294 291 292 293 295 290 297 295 296 294 295 296 293 295 296 295 297 299 298 298 299 298 301 297 300 302 300 303 300 301 302 302 304 303 306 303 304 301 304 305 302 301 307 307 309 308 306 310 309 305 308 313 306 308 306 309 310 315 313 311 311 313 309 312 314 313 317 315 314 314 312 316 315 316 319 319 319 317 317 318 320 321 319 323 320 323 316 321 323 318 318 322 322 324 322 323 324 324 322 325 325 326 328 330 326 325 328 327 328 325 329 331 328 330 329 327 330 331 331 330
0: 3 5 (17.0)
1: 0 2 (24.0)
2: (0.0)
3: 8 11 (21.0)
4: 1 6 (24.0)
5: 4 10 15 (33.0)
6: 7 9 12 (17.0)
7: 16 19 (27.0)
8: 14 23 (14.0)
9: 13 21 (29.0)
10: 17 18 (13.0)
11: 22 28 (25.0)
12: 27 30 (28.0)
13: 20 25 29 (23.0)
14: 24 26 (21.0)
15: 32 35 (24.0)
16: (0.0)
17: 37 (14.0)
18: 33 36 43 (25.0)
19: 31 34 39 (20.0)
20: 38 40 (30.0)
21: (0.0)
22: 41 45 (13.0)
23: 42 44 47 (24.0)
24: 46 48 (22.0)
25: 49 52 (25.0)
26: 51 59 (19.0)
27: 50 (14.0)
28: 55 56 (24.0)
29: 53 57 60 (21.0)
30: 61 67 (22.0)
31: 54 58 62 (25.0)
32: 64 (13.0)
33: 63 65 71 (26.0)
34: 66 75 (25.0)
35: 68 (4.0)
36: 70 72 (20.0)
37: 73 74 77 (26.0)
38: 69 80 (28.0)
39: 81 86 (11.0)
40: 76 79 (24.0)
41: 82 83 (21.0)
42: 78 88 (25.0)
43: 87 89 (22.0)
44: 85 91 (25.0)
45: 84 90 95 (27.0)
46: 92 94 (24.0)
47: 96 97 101 (26.0)
48: 102 (20.0)
49: 98 99 (21.0)
50: 93 100 (24.0)
51: 103 105 108 (17.0)
52: 104 (19.0)
53: 107 114 (27.0)
54: (0.0)
55: 110 113 (18.0)
56: 106 117 (25.0)
57: 109 115 116 (18.0)
58: 111 118 (22.0)
59: 112 120 (25.0)
60: 126 (20.0)
61: 121 123 127 (11.0)
62: 119 122 (30.0)
63: 124 131 (22.0)
64: 125 130 (21.0)
65: 128 129 (21.0)
66: 132 133 135 136 (29.0)
67: 134 137 (37.0)
68: 138 141 (26.0)
69: 139 142 (17.0)
70: (0.0)
71: 140 144 (23.0)
72: 143 149 (26.0)
73: 146 147 (22.0)
74: 145 148 (18.0)
75: 150 151 (22.0)
76: 152 153 156 (32.0)
77: 158 162 (16.0)
78: 157 161 (23.0)
79: 154 159 (25.0)
80: 155 163 (25.0)
81: (0.0)
82: 165 167 (18.0)
83: 164 (20.0)
84: 160 166 174 (27.0)
85: 168 179 (17.0)
86: 171 173 (33.0)
87: 172 176 (23.0)
88: 169 170 175 (26.0)
89: 178 (20.0)
90: 177 180 181 183 (32.0)
91: 186 189 (17.0)
92: 182 184 (24.0)
93: 185 187 (30.0)
94: 188 190 (20.0)
95: 191 194 (25.0)
96: 192 197 (25.0)
97: 195 199 (20.0)
98: 193 196 (19.0)
99: 198 201 (24.0)
100: 200 208 (22.0)
101: 202 207 211 (19.0)
102: 204 (20.0)
103: 203 205 (21.0)
104: 206 209 (25.0)
105: 210 218 (32.0)
106: 213 (15.0)
107: 214 (19.0)
108: 212 217 219 (29.0)
109: 215 221 222 (23.0)
110: 223 (15.0)
111: (0.0)
112: 216 220 (24.0)
113: 226 230 (34.0)
114: 229 234 (27.0)
115: 225 228 (21.0)
116: 224 227 232 (29.0)
117: 233 237 238 (29.0)
118: 231 236 (27.0)
119: 235 239 (21.0)
120: 241 243 (32.0)
121: 240 242 (16.0)
122: 244 249 (30.0)
123: 247 250 (27.0)
124: 248 255 (20.0)
125: 245 246 251 (26.0)
126: 252 256 (15.0)
127: 257 258 (27.0)
128: 253 (20.0)
129: 254 264 (32.0)
130: 260 (13.0)
131: 259 265 (19.0)
132: 261 263 (27.0)
133: 266 273 (23.0)
134: 262 271 (25.0)
135: 268 272 (27.0)
136: 269 270 275 (26.0)
137: 267 274 (27.0)
138: 278 281 (24.0)
139: 276 279 (22.0)
140: 277 282 (30.0)
141: 280 287 (17.0)
142: 285 289 (27.0)
143: 283 290 292 (21.0)
144: 286 (24.0)
145: 284 288 (23.0)
146: 293 (22.0)
147: 291 294 (24.0)
148: 298 305 (29.0)
149: 295 299 (23.0)
150: 301 304 (20.0)
151: 297 303 (25.0)
152: 296 309 (30.0)
153: 300 307 310 (32.0)
154: 302 306 (29.0)
155: 308 314 (28.0)
156: 311 (14.0)
157: 313 317 (30.0)
158: 312 316 (20.0)
159: 315 320 (20.0)
160: 319 322 325 (24.0)
161: 318 321 (30.0)
162: 326 328 331 (30.0)
163: 323 329 (28.0)
164: 327 332 (28.0)
165: 330 333 (29.0)
166: 324 335 (26.0)
167: 334 (21.0)
168: 337 340 (15.0)
169: 336 339 (38.0)
170: 344 345 (25.0)
171: 342 349 (31.0)
172: 338 343 346 (26.0)
173: 350 (23.0)
174: 341 348 (25.0)
175: 347 355 (29.0)
176: 352 353 (25.0)
177: 351 356 (6.0)
178: 361 362 (31.0)
179: 357 (21.0)
180: 354 358 (21.0)
181: 359 363 (27.0)
182: 366 (25.0)
183: 364 369 (36.0)
184: 360 365 371 (30.0)
185: 370 375 376 (35.0)
186: 367 372 (23.0)
187: 368 377 (29.0)
188: 373 379 (20.0)
189: 384 385 (26.0)
190: 374 381 383 (34.0)
191: 380 382 (27.0)
192: 378 389 393 (27.0)
193: 386 387 (26.0)
194: 388 396 (22.0)
195: 390 391 (26.0)
196: 395 397 (36.0)
197: 394 400 (30.0)
198: 392 (21.0)
199: 398 399 (26.0)
200: 401 403 (24.0)
201: 402 404 410 (30.0)
202: 407 (20.0)
203: 414 (25.0)
204: 405 412 (33.0)
205: 411 418 (28.0)
206: 408 409 (26.0)
207: 406 413 416 420 (30.0)
208: 415 417 (23.0)
209: 421 423 (38.0)
210: 419 427 (30.0)
211: 422 424 (17.0)
212: 425 426 (26.0)
213: 429 (24.0)
214: 428 433 (18.0)
215: 430 432 (24.0)
216: 431 438 (30.0)
217: 434 (25.0)
218: 436 445 (31.0)
219: 435 437 439 (25.0)
220: 441 443 (24.0)
221: 442 444 (22.0)
222: 440 446 (30.0)
223: 447 448 (28.0)
224: 450 451 (27.0)
225: 452 455 (25.0)
226: 449 457 (32.0)
227: 453 454 (29.0)
228: 458 460 463 (22.0)
229: 456 459 (29.0)
230: 464 (24.0)
231: 465 466 (27.0)
232: 461 (20.0)
233: 462 (21.0)
234: 469 471 (27.0)
235: 467 472 (26.0)
236: 468 473 477 (29.0)
237: 474 475 (27.0)
238: 470 476 (29.0)
239: 480 481 (27.0)
240: 478 479 482 (33.0)
241: 484 487 (27.0)
242: 485 486 (28.0)
243: 488 489 (28.0)
244: 493 497 (32.0)
245: 483 496 (24.0)
246: 494 495 498 502 (28.0)
247: 490 491 (28.0)
248: 492 503 506 (31.0)
249: 500 501 (29.0)
250: 499 507 509 (27.0)
251: 504 511 514 (23.0)
252: 508 516 518 (30.0)
253: 505 512 515 520 (23.0)
254: 517 519 524 (23.0)
255: 510 521 533 (25.0)
256: 513 522 (35.0)
257: 523 526 528 530 (28.0)
258: 525 527 532 (39.0)
259: 529 535 539 (27.0)
260: 534 543 545 (30.0)
261: 536 546 (33.0)
262: 537 538 547 548 (21.0)
263: 531 540 (31.0)
264: 541 542 544 (14.0)
265: 551 554 559 (27.0)
266: 550 555 556 (22.0)
267: 549 552 553 (29.0)
268: 563 565 566 (27.0)
269: 557 560 (30.0)
270: 562 568 569 (29.0)
271: 558 561 (25.0)
272: 564 567 570 571 573 575 (30.0)
273: 574 577 578 579 (26.0)
274: 580 585 (26.0)
275: 572 583 (30.0)
276: 576 581 582 589 (29.0)
277: 584 591 (27.0)
278: 587 588 594 (33.0)
279: 595 600 (29.0)
280: 586 592 593 (33.0)
281: 590 598 599 601 602 (29.0)
282: 597 603 607 613 (30.0)
283: 596 609 (33.0)
284: 605 608 (24.0)
285: 604 614 (28.0)
286: 606 612 617 (27.0)
287: 610 618 619 (30.0)
288: 611 615 620 (30.0)
289: 616 624 625 (29.0)
290: 622 628 635 (30.0)
291: 623 626 631 (29.0)
292: 621 627 632 (24.0)
293: 633 642 (29.0)
294: 629 630 639 (29.0)
295: 634 637 640 643 645 (29.0)
296: 638 641 644 (33.0)
297: 636 646 653 (30.0)
298: 648 649 651 (29.0)
299: 647 650 (30.0)
300: 654 656 658 (25.0)
301: 652 659 667 671 (29.0)
302: 655 660 661 670 (30.0)
303: 657 663 665 (37.0)
304: 662 666 668 (37.0)
305: 669 679 (32.0)
306: 664 676 682 684 (22.0)
307: 672 673 (23.0)
308: 675 680 683 (25.0)
309: 674 678 685 692 (26.0)
310: 677 686 (37.0)
311: 689 690 (32.0)
312: 693 700 (30.0)
313: 681 688 691 695 (29.0)
314: 694 698 699 (30.0)
315: 687 697 702 (30.0)
316: 701 703 716 (30.0)
317: 696 707 708 (30.0)
318: 709 719 720 (28.0)
319: 704 705 706 712 (34.0)
320: 710 714 (35.0)
321: 711 717 (33.0)
322: 721 722 724 728 (26.0)
323: 713 715 718 725 (30.0)
324: 723 726 727 (32.0)
325: 729 730 735 739 (30.0)
326: 731 734 (27.0)
327: 737 745 (30.0)
328: 732 736 738 742 (30.0)
329: 740 744 (27.0)
330: 733 743 746 749 (34.0)
331: 741 747 748 (32.0)
