Name: 750-50-100
Time: 52.706353425979614 
Result: 101
Solution:  0 1 0 2 5 2 3 1 4 3 3 4 8 5 6 8 10 11 6 9 12 9 11 14 12 11 12 15 13 13 18 16 16 17 15 17 16 14 19 18 19 22 20 18 22 26 24 21 23 23 24 22 26 24 27 28 31 27 30 28 30 34 32 31 31 33 32 36 34 35 36 35 40 38 39 33 35 37 38 39 37 42 38 43 41 41 40 42 45 44 45 47 47 49 44 49 48 49 48 50 52 49 52 50 51 53 54 53 51 55 51 54 57 58 56 55 56 58 57 61 59 60 63 60 62 63 59 64 64 65 66 68 65 67 67 67 66 69 70 68 71 71 72 69 70 69 73 72 72 74 75 76 75 73 77 76 80 76 80 79 77 81 81 79 81 78 83 83 86 80 88 84 86 87 84 87 89 85 88 85 89 90 87 93 93 90 92 93 94 94 97 95 98 98 95 99 98 98 99 102 100 96 99 102 103 102 97 101 100 102 100 102 102 103 107 102 108 106 104 106 106 105 104 107 106 109 106 106 109 106 108 110 111 107 108 112 110 112 113 111 114 113 110 114 113 111 113 114 116 118 117 115 116 115 117 120 117 115 119 121 117 118 121 120 119 122 117 121 121 122 119 123 121 123 123 124 126 127 122 123 125 124 125 125 126 126 127 129 129 128 132 127 130 128 131 130 133 132 132 130 130 134 132 131 133 134 135 131 134 135 137 136 139 138 139 137 138 138 137 136 139 141 138 141 136 140 138 140 143 143 142 142 142 140 147 145 141 140 144 145 145 145 146 148 146 147 143 144 147 150 147 151 148 148 152 153 150 149 151 151 152 152 153 155 153 154 155 154 154 154 155 151 157 157 153 153 159 156 156 158 158 160 157 160 158 159 158 162 160 159 162 161 159 162 162 163 161 165 166 164 165 161 168 163 167 165 167 167 164 166 168 169 169 169 168 167 174 170 170 171 172 172 172 171 172 174 173 174 175 175 173 173 176 176 176 179 177 179 178 176 178 179 181 177 180 180 182 184 183 181 184 182 180 186 186 181 182 186 185 185 183 184 183 186 189 185 187 187 189 191 188 192 189 186 193 190 192 192 191 190 190 193 191 194 193 191 194 198 193 196 194 195 196 196 200 195 197 197 195 200 198 198 201 196 203 199 200 199 202 201 201 202 201 202 204 205 204 205 203 202 207 205 207 208 204 206 206 209 208 208 207 212 206 211 209 211 211 210 212 210 209 212 211 214 214 217 213 215 215 213 213 215 216 217 216 220 215 218 217 218 218 219 221 216 221 219 220 217 223 220 222 223 224 222 225 222 223 228 224 223 225 224 226 229 226 230 227 231 228 232 227 229 232 225 229 228 229 234 231 231 230 231 232 234 233 232 234 235 236 235 235 233 238 236 233 238 234 241 237 239 236 237 240 240 239 240 239 237 242 241 241 242 243 242 242 247 243 240 245 245 247 245 245 244 244 246 246 246 248 248 252 249 247 249 248 248 251 251 251 250 253 253 253 256 254 252 256 252 254 255 255 255 256 258 260 258 257 259 257 257 261 261 261 258 262 260 260 263 262 258 262 264 259 265 263 267 264 264 266 264 264 266 265 263 267 267 270 268 270 268 269 269 266 268 271 267 273 274 269 273 272 272 274 270 273 274 275 271 271 276 276 276 275 275 277 277 275 278 278 278 279 275 279 280 279 281 278 280 281 281
0: 0 2 (45.0)
1: 1 7 (60.0)
2: 3 5 (52.0)
3: 6 9 10 (59.0)
4: 8 11 (57.0)
5: 4 13 (53.0)
6: 14 18 (84.0)
7: (0.0)
8: 12 15 (30.0)
9: 19 21 (58.0)
10: 16 (29.0)
11: 17 22 25 (66.0)
12: 20 24 26 (48.0)
13: 28 29 (52.0)
14: 23 37 (77.0)
15: 27 34 (86.0)
16: 31 32 36 (35.0)
17: 33 35 (49.0)
18: 30 39 43 (66.0)
19: 38 40 (38.0)
20: 42 (45.0)
21: 47 (42.0)
22: 41 44 51 (71.0)
23: 48 49 (54.0)
24: 46 50 53 (81.0)
25: (0.0)
26: 45 52 (62.0)
27: 54 57 (59.0)
28: 55 59 (61.0)
29: (0.0)
30: 58 60 (59.0)
31: 56 63 64 (54.0)
32: 62 66 (65.0)
33: 65 75 (25.0)
34: 61 68 (43.0)
35: 69 71 76 (76.0)
36: 67 70 (76.0)
37: 77 80 (66.0)
38: 73 78 82 (35.0)
39: 74 79 (83.0)
40: 72 86 (56.0)
41: 84 85 (56.0)
42: 81 87 (74.0)
43: 83 (52.0)
44: 89 94 (67.0)
45: 88 90 (69.0)
46: (0.0)
47: 91 92 (65.0)
48: 96 98 (67.0)
49: 93 95 97 101 (49.0)
50: 99 103 (53.0)
51: 104 108 110 (51.0)
52: 100 102 (88.0)
53: 105 107 (84.0)
54: 106 111 (60.0)
55: 109 115 (70.0)
56: 114 116 (64.0)
57: 112 118 (30.0)
58: 113 117 (62.0)
59: 120 126 (64.0)
60: 121 123 (76.0)
61: 119 (54.0)
62: 124 (52.0)
63: 122 125 (18.0)
64: 127 128 (59.0)
65: 129 132 (58.0)
66: 130 136 (75.0)
67: 133 134 135 (93.0)
68: 131 139 (60.0)
69: 137 143 145 (90.0)
70: 138 144 (63.0)
71: 140 141 (61.0)
72: 142 147 148 (50.0)
73: 146 153 (62.0)
74: 149 (51.0)
75: 150 152 (88.0)
76: 151 155 157 (82.0)
77: 154 160 (77.0)
78: 165 (56.0)
79: 159 163 (66.0)
80: 156 158 169 (80.0)
81: 161 162 164 (54.0)
82: (0.0)
83: 166 167 (64.0)
84: 171 174 (84.0)
85: 177 179 (58.0)
86: 168 172 (80.0)
87: 173 175 182 (65.0)
88: 170 178 (56.0)
89: 176 180 (89.0)
90: 181 185 (50.0)
91: (0.0)
92: 186 (56.0)
93: 183 184 187 (99.0)
94: 188 189 (67.0)
95: 191 194 (55.0)
96: 201 (50.0)
97: 190 206 (73.0)
98: 192 193 196 197 (66.0)
99: 195 198 202 (73.0)
100: 200 208 210 (74.0)
101: 207 (52.0)
102: 199 203 205 209 211 212 215 (73.0)
103: 204 213 (86.0)
104: 218 222 (60.0)
105: 221 (54.0)
106: 217 219 220 224 226 227 229 (51.0)
107: 214 223 233 (59.0)
108: 216 230 234 (89.0)
109: 225 228 (77.0)
110: 231 236 242 (87.0)
111: 232 239 245 (65.0)
112: 235 237 (50.0)
113: 238 241 244 246 (52.0)
114: 240 243 247 (83.0)
115: 251 253 257 (57.0)
116: 248 252 (71.0)
117: 250 254 256 260 266 (84.0)
118: 249 261 (76.0)
119: 258 264 270 (76.0)
120: 255 263 (73.0)
121: 259 262 267 268 272 (65.0)
122: 265 269 278 (93.0)
123: 271 273 274 279 (95.0)
124: 275 281 (54.0)
125: 280 282 283 (79.0)
126: 276 284 285 (83.0)
127: 277 286 291 (67.0)
128: 289 293 (68.0)
129: 287 288 (51.0)
130: 292 295 299 300 (66.0)
131: 294 303 307 (65.0)
132: 290 297 298 302 (89.0)
133: 296 304 (54.0)
134: 301 305 308 (96.0)
135: 306 309 (69.0)
136: 311 319 324 (92.0)
137: 310 315 318 (59.0)
138: 313 316 317 322 326 (80.0)
139: 312 314 320 (70.0)
140: 325 327 333 337 (79.0)
141: 321 323 336 (84.0)
142: 330 331 332 (75.0)
143: 328 329 346 (53.0)
144: 338 347 (97.0)
145: 335 339 340 341 (100.0)
146: 342 344 (75.0)
147: 334 345 348 350 (101.0)
148: 343 352 353 (64.0)
149: 357 (55.0)
150: 349 356 (71.0)
151: 351 358 359 371 (85.0)
152: 354 360 361 (58.0)
153: 355 362 364 374 375 (79.0)
154: 365 367 368 369 (93.0)
155: 363 366 370 (74.0)
156: 377 378 (90.0)
157: 372 373 382 (96.0)
158: 379 380 384 386 (83.0)
159: 376 385 389 392 (92.0)
160: 381 383 388 (87.0)
161: 391 396 401 (74.0)
162: 387 390 393 394 (98.0)
163: 395 403 (67.0)
164: 399 408 (69.0)
165: 397 400 405 (52.0)
166: 398 409 (63.0)
167: 404 406 407 415 (86.0)
168: 402 410 414 (87.0)
169: 411 412 413 (80.0)
170: 417 418 (67.0)
171: 419 423 (68.0)
172: 420 421 422 424 (84.0)
173: 426 430 431 (60.0)
174: 416 425 427 (79.0)
175: 428 429 (100.0)
176: 432 433 434 439 (84.0)
177: 436 443 (96.0)
178: 438 440 (80.0)
179: 435 437 441 (61.0)
180: 444 445 452 (92.0)
181: 442 449 455 (61.0)
182: 446 451 456 (91.0)
183: 448 460 462 (72.0)
184: 447 450 461 (86.0)
185: 458 459 465 (97.0)
186: 453 454 457 463 473 (97.0)
187: 466 467 (65.0)
188: 470 (62.0)
189: 464 468 472 (68.0)
190: 475 479 480 (92.0)
191: 469 478 482 485 (104.0)
192: 471 476 477 (95.0)
193: 474 481 484 488 (92.0)
194: 483 486 490 (96.0)
195: 491 495 498 (94.0)
196: 489 492 493 503 (96.0)
197: 496 497 (80.0)
198: 487 500 501 (96.0)
199: 505 507 (71.0)
200: 494 499 506 (87.0)
201: 502 509 510 512 (97.0)
202: 508 511 513 519 (89.0)
203: 504 518 (57.0)
204: 514 516 524 (90.0)
205: 515 517 521 (82.0)
206: 525 526 532 (90.0)
207: 520 522 530 (98.0)
208: 523 528 529 (90.0)
209: 527 534 540 (100.0)
210: 537 539 (85.0)
211: 533 535 536 542 (99.0)
212: 531 538 541 (71.0)
213: 546 549 550 (91.0)
214: 543 544 (82.0)
215: 547 548 551 556 (91.0)
216: 552 554 563 (100.0)
217: 545 553 558 567 (96.0)
218: 557 559 560 (93.0)
219: 561 565 (84.0)
220: 555 566 569 (105.0)
221: 562 564 (56.0)
222: 570 573 575 (92.0)
223: 568 571 576 579 (93.0)
224: 572 578 581 (98.0)
225: 574 580 593 (96.0)
226: 582 584 (85.0)
227: 586 590 (79.0)
228: 577 588 595 (82.0)
229: 583 591 594 596 (98.0)
230: 585 600 (81.0)
231: 587 598 599 601 (98.0)
232: 589 592 602 605 (99.0)
233: 604 611 614 (99.0)
234: 597 603 606 616 (100.0)
235: 607 609 610 (115.0)
236: 608 613 620 (79.0)
237: 618 621 627 (105.0)
238: 612 615 (82.0)
239: 619 624 626 (97.0)
240: 622 623 625 637 (87.0)
241: 617 629 630 (117.0)
242: 628 631 633 634 (100.0)
243: 632 636 (81.0)
244: 643 644 (91.0)
245: 638 639 641 642 (87.0)
246: 645 646 647 (95.0)
247: 635 640 652 (84.0)
248: 648 649 654 655 (95.0)
249: 651 653 (90.0)
250: 659 (58.0)
251: 656 657 658 (78.0)
252: 650 665 667 (96.0)
253: 660 661 662 (95.0)
254: 664 668 (98.0)
255: 669 670 671 (96.0)
256: 663 666 672 (90.0)
257: 676 678 679 (89.0)
258: 673 675 683 689 (96.0)
259: 677 692 (97.0)
260: 674 685 686 (100.0)
261: 680 681 682 (100.0)
262: 684 688 690 (96.0)
263: 687 694 703 (93.0)
264: 691 696 697 699 700 (119.0)
265: 693 702 (84.0)
266: 698 701 712 (98.0)
267: 695 704 705 715 (97.0)
268: 707 709 713 (115.0)
269: 710 711 718 (100.0)
270: 706 708 723 (99.0)
271: 714 727 728 (100.0)
272: 720 721 (92.0)
273: 716 719 724 (110.0)
274: 717 722 725 (97.0)
275: 726 732 733 736 741 (113.0)
276: 729 730 731 (99.0)
277: 734 735 (102.0)
278: 737 738 739 746 (112.0)
279: 740 742 744 (87.0)
280: 743 747 (110.0)
281: 745 748 749 (105.0)
