Name: 750-40-75
Time: 53.17114853858948 
Result: 69
Solution:  0 2 1 0 2 1 2 3 3 5 7 7 9 2 7 9 5 4 9 11 10 10 11 13 12 14 12 15 14 15 13 15 17 16 15 17 18 16 17 22 19 18 21 21 18 19 23 25 24 25 25 24 26 22 30 27 27 26 30 28 29 28 31 30 31 29 37 33 33 31 37 38 33 35 38 39 39 40 41 40 37 40 41 37 44 42 42 46 43 41 45 43 44 47 43 47 44 49 50 46 50 49 48 48 51 51 53 54 54 55 53 56 58 55 59 56 58 59 62 58 62 61 61 63 60 60 65 61 64 64 67 65 66 67 66 70 67 70 69 68 69 72 69 68 72 73 76 73 74 77 73 76 74 80 78 75 77 76 75 79 81 79 81 78 81 82 86 83 80 85 84 85 83 86 87 88 84 90 89 90 90 88 91 91 93 94 93 89 92 94 96 98 95 98 97 95 96 97 100 98 101 102 98 99 104 101 103 103 104 105 107 106 104 106 108 107 108 109 112 111 110 110 112 113 112 109 113 115 114 114 116 116 113 115 117 117 118 119 119 117 121 118 125 118 121 120 124 123 123 122 127 123 125 127 125 124 126 129 129 130 129 131 132 131 133 133 132 134 134 135 135 135 136 136 139 141 138 138 138 137 139 137 140 144 139 140 143 143 142 145 144 142 145 148 147 146 149 149 146 150 151 150 155 152 149 151 153 154 154 153 157 152 156 154 158 160 158 155 157 161 160 159 162 161 162 160 164 164 163 163 167 165 167 162 168 169 169 165 170 169 171 168 170 171 173 174 172 173 175 178 174 179 177 175 177 176 176 178 180 175 181 179 181 183 180 182 186 182 184 187 185 186 186 183 188 187 187 188 189 192 190 192 193 189 190 190 194 191 191 194 193 196 195 196 194 198 197 198 202 199 199 202 197 205 205 200 203 205 201 205 204 206 204 204 207 207 209 208 210 212 209 212 210 211 212 211 213 217 214 214 219 216 215 215 217 216 218 218 223 216 221 220 224 219 224 225 220 222 221 222 221 226 225 229 230 227 227 228 228 232 231 230 232 235 236 229 233 231 231 235 234 234 239 238 237 234 235 238 240 240 237 243 236 239 240 241 244 242 241 242 244 242 246 243 246 244 244 245 246 247 247 248 246 245 250 246 248 248 247 251 249 250 253 251 251 247 250 252 254 253 253 250 252 250 255 255 256 253 260 255 256 254 258 254 258 254 259 257 260 255 261 261 257 259 258 262 260 261 262 262 262 264 265 263 263 267 267 265 263 263 265 264 269 268 268 267 266 270 268 269 273 268 270 268 270 273 275 269 271 272 271 275 276 274 271 275 277 277 274 280 274 276 278 277 278 277 278 282 277 276 281 280 279 280 281 279 281 283 283 287 282 280 286 284 287 283 282 284 288 285 286 287 288 289 291 288 286 285 289 291 290 286 292 291 290 294 292 289 294 293 293 293 294 295 295 292 295 295 296 295 298 296 295 301 299 296 299 298 301 297 303 297 300 302 300 301 304 302 301 300 301 305 306 303 303 305 305 309 306 305 308 307 307 307 304 308 306 309 309 311 311 312 310 308 311 310 312 314 315 313 313 313 314 318 315 316 315 315 316 319 318 317 316 318 316 319 318 317 321 320 321 323 319 322 321 320 324 323 322 324 325 323 325 324 322 323 324 328 322 326 325 327 326 329 328 328 327 327 326 329
0: 0 3 (51.0)
1: 2 5 (48.0)
2: 1 4 6 13 (47.0)
3: 7 8 (44.0)
4: 17 (31.0)
5: 9 16 (31.0)
6: (0.0)
7: 10 11 14 (63.0)
8: (0.0)
9: 12 15 18 (62.0)
10: 20 21 (40.0)
11: 19 22 (52.0)
12: 24 26 (58.0)
13: 23 30 (45.0)
14: 25 28 (41.0)
15: 27 29 31 34 (64.0)
16: 33 37 (47.0)
17: 32 35 38 (48.0)
18: 36 41 44 (30.0)
19: 40 45 (58.0)
20: (0.0)
21: 42 43 (41.0)
22: 39 53 (42.0)
23: 46 (33.0)
24: 48 51 (61.0)
25: 47 49 50 (29.0)
26: 52 57 (40.0)
27: 55 56 (62.0)
28: 59 61 (54.0)
29: 60 65 (40.0)
30: 54 58 63 (26.0)
31: 62 64 69 (72.0)
32: (0.0)
33: 67 68 72 (67.0)
34: (0.0)
35: 73 (35.0)
36: (0.0)
37: 66 70 80 83 (80.0)
38: 71 74 (44.0)
39: 75 76 (74.0)
40: 77 79 81 (36.0)
41: 78 82 89 (39.0)
42: 85 86 (34.0)
43: 88 91 94 (54.0)
44: 84 92 96 (44.0)
45: 90 (40.0)
46: 87 99 (65.0)
47: 93 95 (61.0)
48: 102 103 (44.0)
49: 97 101 (50.0)
50: 98 100 (30.0)
51: 104 105 (44.0)
52: (0.0)
53: 106 110 (37.0)
54: 107 108 (62.0)
55: 109 113 (49.0)
56: 111 115 (48.0)
57: (0.0)
58: 112 116 119 (27.0)
59: 114 117 (57.0)
60: 124 125 (45.0)
61: 121 122 127 (30.0)
62: 118 120 (57.0)
63: 123 (40.0)
64: 128 129 (46.0)
65: 126 131 (73.0)
66: 132 134 (56.0)
67: 130 133 136 (44.0)
68: 139 143 (56.0)
69: 138 140 142 (61.0)
70: 135 137 (49.0)
71: (0.0)
72: 141 144 (56.0)
73: 145 147 150 (34.0)
74: 148 152 (51.0)
75: 155 158 (58.0)
76: 146 151 157 (83.0)
77: 149 156 (46.0)
78: 154 163 (43.0)
79: 159 161 (49.0)
80: 153 168 (57.0)
81: 160 162 164 (43.0)
82: 165 (43.0)
83: 167 172 (44.0)
84: 170 176 (51.0)
85: 169 171 (52.0)
86: 166 173 (52.0)
87: 174 (43.0)
88: 175 181 (47.0)
89: 178 187 (75.0)
90: 177 179 180 (34.0)
91: 182 183 (48.0)
92: 188 (44.0)
93: 184 186 (40.0)
94: 185 189 (24.0)
95: 192 195 (50.0)
96: 190 196 (73.0)
97: 194 197 (42.0)
98: 191 193 199 202 (47.0)
99: 203 (41.0)
100: 198 (41.0)
101: 200 205 (58.0)
102: 201 (25.0)
103: 206 207 (49.0)
104: 204 208 212 (43.0)
105: 209 (40.0)
106: 211 213 (39.0)
107: 210 215 (64.0)
108: 214 216 (63.0)
109: 217 225 (44.0)
110: 220 221 (50.0)
111: 219 (44.0)
112: 218 222 224 (64.0)
113: 223 226 232 (44.0)
114: 228 229 (50.0)
115: 227 233 (70.0)
116: 230 231 (51.0)
117: 234 235 239 (64.0)
118: 236 241 243 (80.0)
119: 237 238 (52.0)
120: 245 (36.0)
121: 240 244 (49.0)
122: 249 (48.0)
123: 247 248 251 (55.0)
124: 246 255 (64.0)
125: 242 252 254 (74.0)
126: 256 (33.0)
127: 250 253 (47.0)
128: (0.0)
129: 257 258 260 (38.0)
130: 259 (47.0)
131: 261 263 (75.0)
132: 262 266 (59.0)
133: 264 265 (53.0)
134: 267 268 (58.0)
135: 269 270 271 (59.0)
136: 272 273 (54.0)
137: 279 281 (58.0)
138: 276 277 278 (74.0)
139: 274 280 284 (64.0)
140: 282 285 (49.0)
141: 275 (47.0)
142: 288 291 (48.0)
143: 286 287 (54.0)
144: 283 290 (62.0)
145: 289 292 (38.0)
146: 295 298 (29.0)
147: 294 (40.0)
148: 293 (46.0)
149: 296 297 304 (65.0)
150: 299 301 (75.0)
151: 300 305 (66.0)
152: 303 311 (66.0)
153: 306 309 (64.0)
154: 307 308 313 (54.0)
155: 302 317 (68.0)
156: 312 (47.0)
157: 310 318 (55.0)
158: 314 316 (58.0)
159: 321 (41.0)
160: 315 320 325 (51.0)
161: 319 323 (63.0)
162: 322 324 333 (71.0)
163: 328 329 (56.0)
164: 326 327 (56.0)
165: 331 337 (53.0)
166: (0.0)
167: 330 332 (65.0)
168: 334 341 (50.0)
169: 335 336 339 (66.0)
170: 338 342 (65.0)
171: 340 343 (69.0)
172: 346 (39.0)
173: 344 347 (41.0)
174: 345 350 (60.0)
175: 348 353 359 (48.0)
176: 355 356 (65.0)
177: 352 354 (65.0)
178: 349 357 (68.0)
179: 351 361 (61.0)
180: 358 364 (54.0)
181: 360 362 (50.0)
182: 365 367 (75.0)
183: 363 373 (72.0)
184: 368 (44.0)
185: 370 (42.0)
186: 366 371 372 (60.0)
187: 369 375 376 (71.0)
188: 374 377 (58.0)
189: 378 383 (60.0)
190: 380 384 385 (67.0)
191: 387 388 (61.0)
192: 379 381 (71.0)
193: 382 390 (54.0)
194: 386 389 394 (68.0)
195: 392 (47.0)
196: 391 393 (54.0)
197: 396 402 (70.0)
198: 395 397 (73.0)
199: 399 400 (48.0)
200: 405 (47.0)
201: 408 (52.0)
202: 398 401 (72.0)
203: 406 (53.0)
204: 410 412 413 (67.0)
205: 403 404 407 409 (54.0)
206: 411 (53.0)
207: 414 415 (60.0)
208: 417 (41.0)
209: 416 420 (56.0)
210: 418 422 (71.0)
211: 423 425 (62.0)
212: 419 421 424 (75.0)
213: 426 (40.0)
214: 428 429 (61.0)
215: 432 433 (61.0)
216: 431 435 439 (56.0)
217: 427 434 (60.0)
218: 436 437 (62.0)
219: 430 443 (69.0)
220: 441 446 (56.0)
221: 440 448 450 (75.0)
222: 447 449 (66.0)
223: 438 (53.0)
224: 442 444 (68.0)
225: 445 452 (62.0)
226: 451 (51.0)
227: 455 456 (58.0)
228: 457 458 (51.0)
229: 453 465 (41.0)
230: 454 461 (60.0)
231: 460 467 468 (73.0)
232: 459 462 (69.0)
233: 466 (58.0)
234: 470 471 475 (75.0)
235: 463 469 476 (83.0)
236: 464 482 (70.0)
237: 474 480 (68.0)
238: 473 477 (68.0)
239: 472 483 (74.0)
240: 478 479 484 (71.0)
241: 485 488 (70.0)
242: 487 489 491 (70.0)
243: 481 493 (52.0)
244: 486 490 495 496 (74.0)
245: 497 503 (69.0)
246: 492 494 498 502 505 (73.0)
247: 499 500 508 515 (77.0)
248: 501 506 507 (71.0)
249: 510 (45.0)
250: 504 511 516 521 523 (74.0)
251: 509 513 514 (75.0)
252: 517 522 (58.0)
253: 512 519 520 527 (75.0)
254: 518 531 533 535 (62.0)
255: 524 525 529 539 (59.0)
256: 526 530 (73.0)
257: 537 542 (67.0)
258: 532 534 544 (75.0)
259: 536 543 (70.0)
260: 528 538 546 (73.0)
261: 540 541 547 (68.0)
262: 545 548 549 550 (70.0)
263: 553 554 558 559 (68.0)
264: 551 561 (75.0)
265: 552 557 560 (69.0)
266: 566 (50.0)
267: 555 556 565 (70.0)
268: 563 564 568 571 573 (69.0)
269: 562 569 577 (56.0)
270: 567 572 574 (68.0)
271: 578 580 584 (72.0)
272: 579 (55.0)
273: 570 575 (75.0)
274: 583 588 590 (73.0)
275: 576 581 585 (72.0)
276: 582 591 599 (66.0)
277: 586 587 593 595 598 (73.0)
278: 592 594 596 (69.0)
279: 602 605 (53.0)
280: 589 601 603 611 (50.0)
281: 600 604 606 (72.0)
282: 597 610 616 (73.0)
283: 607 608 615 (74.0)
284: 613 617 (74.0)
285: 619 627 (72.0)
286: 612 620 626 631 (73.0)
287: 609 614 621 (73.0)
288: 618 622 625 (70.0)
289: 623 628 637 (74.0)
290: 630 634 (74.0)
291: 624 629 633 (78.0)
292: 632 636 645 (93.0)
293: 639 640 641 (72.0)
294: 635 638 642 (72.0)
295: 643 644 646 647 649 652 (60.0)
296: 648 651 655 (75.0)
297: 659 661 (44.0)
298: 650 657 (73.0)
299: 654 656 (70.0)
300: 662 664 669 (72.0)
301: 653 658 665 668 670 (75.0)
302: 663 667 (53.0)
303: 660 673 674 (66.0)
304: 666 684 (74.0)
305: 671 675 676 679 (75.0)
306: 672 678 686 (73.0)
307: 681 682 683 (73.0)
308: 680 685 693 (73.0)
309: 677 687 688 (75.0)
310: 692 695 (79.0)
311: 689 690 694 (71.0)
312: 691 696 (41.0)
313: 699 700 701 (74.0)
314: 697 702 (86.0)
315: 698 704 706 707 (70.0)
316: 705 708 712 714 (74.0)
317: 711 717 (86.0)
318: 703 710 713 716 (82.0)
319: 709 715 722 (79.0)
320: 719 725 (74.0)
321: 718 720 724 (79.0)
322: 723 728 734 738 (80.0)
323: 721 727 731 735 (71.0)
324: 726 729 733 736 (79.0)
325: 730 732 740 (88.0)
326: 739 742 748 (72.0)
327: 741 746 747 (87.0)
328: 737 744 745 (72.0)
329: 743 749 (64.0)
